0 47
0 59
0 83
0 90
1 8
1 59
1 64
1 78
1 83
1 193
1 217
1 243
1 267
1 286
1 304
2 16
2 40
2 74
2 76
2 101
2 103
2 129
2 131
2 154
2 188
2 199
2 239
2 268
2 278
2 287
3 7
3 104
3 134
3 135
3 252
4 9
4 13
4 76
4 87
4 200
4 208
4 238
4 290
5 6
5 12
5 17
5 33
5 92
5 250
5 307
6 18
6 59
6 92
6 128
6 132
6 149
6 210
6 219
7 19
7 80
7 90
7 100
7 102
7 122
7 137
7 178
7 182
7 200
7 286
7 294
8 17
8 27
8 42
8 67
8 72
8 87
8 107
8 115
8 128
8 131
8 133
8 142
8 154
8 179
8 226
8 232
8 244
8 255
8 278
8 280
8 296
9 11
9 32
9 105
9 269
9 288
10 135
10 242
11 56
11 58
11 191
11 193
12 22
12 55
12 97
12 160
12 287
13 23
13 34
13 77
13 92
13 111
13 167
13 172
13 247
13 273
14 28
14 41
14 66
14 82
14 109
14 110
14 188
14 288
15 23
15 30
15 117
15 148
15 167
15 187
15 265
15 270
15 288
15 295
15 296
16 34
16 77
16 155
16 171
16 204
16 231
16 233
16 239
16 242
16 247
16 295
17 28
17 121
17 131
17 132
17 230
18 20
18 30
18 54
18 65
18 86
18 93
18 111
18 180
18 239
19 57
19 136
20 31
20 36
20 78
20 135
20 156
20 181
20 197
20 213
20 236
21 34
21 41
21 74
21 135
21 142
21 173
21 288
22 108
22 126
23 130
24 32
24 47
24 69
24 122
24 133
24 151
24 158
24 180
24 208
24 210
24 261
24 263
25 26
25 36
25 64
25 73
25 100
25 126
25 130
25 131
25 134
25 288
26 50
26 179
26 197
26 256
27 33
27 36
27 61
27 131
27 151
27 167
27 216
27 240
27 284
28 121
28 172
28 218
29 75
29 89
29 92
29 94
29 105
29 130
29 131
29 148
29 201
29 214
29 273
29 288
30 41
30 181
30 281
30 287
31 33
31 74
31 90
31 142
31 184
31 211
31 235
31 249
31 255
31 272
31 297
32 56
32 60
32 91
32 122
32 174
32 193
32 200
32 206
32 208
32 209
32 247
32 275
33 46
33 48
33 49
33 54
33 62
33 64
33 79
33 91
33 127
33 129
33 148
33 167
33 220
33 241
33 242
34 55
34 70
34 96
34 130
34 133
34 134
34 148
34 193
34 208
34 210
34 241
34 272
35 94
35 129
35 218
36 104
36 111
36 138
36 149
36 239
36 279
37 109
37 208
37 286
37 296
38 60
38 68
38 115
38 124
38 129
38 283
39 74
39 81
39 124
39 130
39 209
39 212
39 277
39 300
40 45
40 46
40 47
40 77
40 92
40 106
40 118
40 137
40 140
40 150
40 161
40 223
40 241
41 140
41 147
41 159
41 188
41 305
42 67
42 76
42 102
42 126
42 133
42 180
42 237
42 242
42 245
42 273
42 303
43 48
43 131
43 156
43 157
43 276
44 47
44 49
44 103
44 154
44 156
44 208
44 256
44 290
45 56
45 67
45 74
45 75
45 83
45 87
45 91
45 98
45 194
45 207
45 215
45 220
45 278
45 305
45 310
46 56
46 65
46 87
46 129
46 134
46 170
46 184
46 200
46 239
46 275
47 88
47 149
47 157
47 185
47 221
47 311
48 80
48 154
48 163
49 100
49 107
49 121
49 210
49 231
49 305
50 107
50 113
50 125
50 130
50 136
50 148
50 157
50 161
50 188
50 193
50 215
50 217
50 231
50 252
50 257
50 258
50 304
51 99
51 103
51 128
51 133
51 138
51 224
51 241
51 242
51 292
52 167
52 209
52 286
52 296
54 129
54 148
54 174
55 78
55 89
55 128
55 159
55 180
55 273
55 306
56 66
56 114
56 158
56 224
56 244
56 287
57 69
57 142
57 235
57 270
58 135
59 75
59 92
59 127
59 129
59 136
59 154
59 172
59 219
59 243
59 269
59 290
60 99
60 101
60 142
60 162
60 167
60 239
60 244
60 287
60 288
60 292
61 67
61 99
61 110
61 124
61 213
61 218
61 244
61 257
61 271
61 303
62 64
62 141
62 184
62 276
62 286
63 80
63 187
63 188
63 284
63 310
64 85
64 204
65 75
65 76
65 226
66 114
66 128
66 133
66 156
66 201
66 210
66 279
67 106
67 131
67 134
67 135
67 179
67 180
67 209
67 249
67 250
67 293
67 313
68 103
68 284
69 116
69 171
69 179
70 133
70 219
71 73
71 87
71 114
71 263
71 297
72 73
72 101
72 200
72 218
72 226
72 267
73 98
73 100
73 244
74 89
74 101
74 122
74 124
74 131
74 135
74 182
74 192
74 202
74 269
74 293
75 81
75 121
75 187
75 235
75 279
75 315
76 121
76 126
76 245
76 252
76 272
77 127
77 167
77 220
77 246
77 276
78 104
78 121
78 131
78 147
78 193
78 220
79 116
79 172
79 279
79 285
79 287
80 152
80 238
80 239
80 271
81 105
81 117
81 134
81 213
82 135
82 215
82 272
83 123
83 156
83 242
83 258
84 121
84 156
84 249
84 279
85 128
85 134
85 150
86 136
86 154
86 304
87 103
87 135
87 156
87 160
87 206
87 215
87 229
87 232
87 246
88 92
88 152
88 184
88 209
88 242
88 293
88 296
89 103
89 165
89 180
89 265
90 92
90 131
90 134
90 216
90 249
91 98
91 130
91 152
91 156
91 168
91 174
91 215
92 115
92 117
92 131
92 197
92 269
92 309
93 129
93 209
94 117
94 231
94 239
94 285
95 114
95 161
95 200
95 218
95 232
95 249
96 107
96 157
96 233
96 242
96 283
96 304
97 104
97 133
97 157
97 186
97 194
97 236
97 247
98 113
98 130
98 134
98 135
98 153
98 276
99 233
99 247
99 277
100 287
101 154
101 205
101 220
101 301
102 110
102 131
102 180
102 192
102 215
102 264
102 287
103 118
103 124
103 129
103 135
103 138
103 149
103 184
103 227
103 235
103 309
104 115
104 131
104 134
104 157
104 175
104 186
104 196
104 211
104 255
104 262
104 286
105 134
105 195
105 218
105 236
106 149
106 201
106 207
106 226
106 232
106 296
106 298
107 269
107 287
107 293
108 148
108 159
108 287
108 294
109 210
109 229
109 247
109 288
109 298
110 131
110 133
110 134
110 145
110 157
110 186
111 134
111 156
111 167
111 269
111 287
111 293
112 120
112 156
112 241
113 267
114 136
114 167
114 233
115 130
115 136
115 160
115 200
115 211
116 131
116 313
117 121
117 129
117 140
117 148
117 162
117 233
117 256
117 276
118 129
118 131
118 132
118 134
118 157
118 193
118 242
118 246
118 249
118 286
118 309
119 124
119 130
119 152
119 228
121 189
121 193
121 223
121 248
122 129
122 130
122 142
122 173
122 216
122 280
123 143
123 154
124 156
124 174
124 177
124 180
124 216
124 222
124 228
124 280
124 286
126 193
126 220
126 287
127 173
127 188
128 154
128 191
128 210
128 308
129 133
129 140
129 157
129 160
129 172
129 175
129 187
129 200
129 229
129 254
129 276
129 281
129 285
129 288
129 308
129 315
130 133
130 135
130 136
130 156
130 169
130 173
130 186
130 191
130 193
130 200
130 242
130 251
130 273
130 307
131 135
131 168
131 192
131 200
131 214
131 234
131 242
131 284
131 301
131 305
131 314
132 156
132 242
133 134
133 169
133 200
133 235
133 274
133 283
133 303
133 309
134 136
134 167
134 169
134 185
134 200
134 244
134 246
134 265
134 287
134 288
134 298
135 157
135 188
135 196
135 200
135 216
135 217
135 230
135 233
135 244
135 258
135 273
135 286
135 314
136 156
136 180
136 199
136 231
136 252
136 287
136 292
136 304
137 269
138 164
138 179
138 197
139 201
140 143
140 241
140 291
140 303
141 227
142 154
142 177
142 219
142 232
142 233
142 288
143 156
143 308
143 310
145 157
145 162
145 180
146 180
147 182
147 244
148 154
148 193
148 236
148 239
148 294
148 298
148 305
149 213
149 217
149 245
149 246
149 251
149 292
149 314
150 223
151 157
151 210
152 176
152 192
152 266
152 272
154 156
154 192
154 223
154 250
154 293
154 294
156 164
156 186
156 197
156 207
156 223
156 233
156 236
156 245
156 284
157 164
157 180
157 193
157 197
157 206
157 215
157 220
157 257
157 272
157 313
158 267
158 298
159 160
159 210
159 300
159 313
160 180
160 206
160 232
160 244
160 247
161 177
161 221
161 304
163 204
163 272
164 203
164 233
164 239
166 179
166 192
166 224
167 180
167 238
167 239
167 243
167 252
167 287
167 288
168 298
168 305
171 215
171 269
172 186
172 196
172 271
173 218
173 282
174 242
174 243
177 305
180 202
180 230
180 308
180 309
182 183
182 187
184 219
184 244
185 267
186 191
186 308
187 188
187 220
187 287
188 192
188 298
188 312
190 293
191 223
191 230
191 286
191 305
192 258
193 279
193 287
193 303
194 304
195 211
196 210
196 213
196 243
196 245
197 201
197 224
197 271
199 239
200 201
200 278
200 283
200 285
200 286
200 307
201 222
201 263
201 298
201 302
202 240
202 315
203 206
204 249
205 273
205 313
207 241
209 212
209 308
211 276
212 292
214 229
214 284
215 235
215 249
215 293
216 224
216 260
216 286
217 245
217 268
219 234
219 314
220 244
220 256
220 297
222 287
224 286
229 231
229 292
230 255
230 287
231 239
231 244
231 246
231 248
232 287
232 293
233 242
233 291
233 314
234 261
237 259
238 315
239 255
239 286
240 259
241 292
242 261
242 268
242 269
242 272
249 259
249 267
249 275
249 295
249 309
249 313
250 266
250 273
250 305
252 310
254 292
258 288
259 261
260 284
262 276
265 315
267 277
267 296
268 287
271 301
272 305
273 288
275 281
275 286
277 304
278 283
284 301
285 302
286 296
286 298
286 309
287 295
287 298
287 315
290 313
295 301
302 305
