0 20
0 24
0 33
0 75
0 215
0 219
1 2
1 67
1 134
1 201
1 238
1 286
2 16
2 20
2 34
2 98
2 129
2 133
2 134
2 138
2 152
2 161
2 185
2 188
2 189
2 241
2 247
2 252
2 287
2 292
3 98
3 122
3 135
3 138
3 247
4 64
4 81
4 180
4 286
5 6
5 54
5 55
5 82
5 108
5 144
5 152
5 153
5 181
5 185
5 244
5 263
6 31
6 38
6 65
6 104
6 109
6 131
6 258
6 301
7 16
7 74
7 80
7 85
7 87
7 103
7 109
7 188
7 205
7 232
7 252
8 23
8 74
8 103
8 129
8 134
8 180
8 207
8 231
8 289
9 15
9 67
9 81
9 118
9 220
9 305
10 13
10 56
10 74
10 129
10 184
10 192
10 193
10 288
10 302
11 134
11 138
11 143
11 160
11 173
11 266
12 45
12 62
12 70
12 145
12 167
12 177
12 193
12 239
12 244
12 266
13 26
13 40
13 43
13 106
13 232
13 287
13 313
14 29
14 66
14 95
14 130
14 157
14 210
14 303
14 305
15 23
15 44
15 66
15 129
15 133
15 134
15 145
15 151
15 152
15 185
15 188
15 200
16 29
16 32
16 33
16 39
16 40
16 43
16 45
16 78
16 79
16 110
16 121
16 123
16 145
16 160
16 180
16 211
16 232
16 252
16 266
16 286
16 296
17 152
17 157
17 244
17 294
18 45
18 135
18 200
18 245
18 276
19 43
19 98
19 100
19 185
19 279
20 28
20 38
20 43
20 51
20 80
20 154
20 167
20 206
20 239
20 264
20 275
21 59
21 62
21 88
21 107
21 225
21 242
21 299
23 50
23 110
23 128
23 156
23 268
24 74
24 104
24 134
24 179
24 228
24 255
24 278
24 302
25 39
25 51
25 103
25 131
25 133
25 172
25 209
25 214
25 305
26 88
27 173
27 261
28 74
28 99
28 150
28 309
29 33
29 85
29 136
29 145
29 166
29 180
30 32
30 68
30 133
31 52
31 65
31 75
31 88
31 129
31 131
31 179
31 214
31 218
31 276
31 289
32 38
32 40
32 46
32 48
32 50
32 63
32 80
32 102
32 110
32 134
32 148
32 152
32 200
32 208
32 267
32 286
33 51
33 129
33 133
33 185
33 197
33 200
33 201
33 233
33 278
33 311
34 36
34 88
34 102
34 130
34 131
34 215
34 242
34 286
34 287
35 78
35 177
35 180
35 287
36 110
36 128
36 216
36 247
36 288
37 131
37 248
37 272
37 275
37 298
38 56
38 134
38 206
39 109
39 122
39 129
39 135
39 193
39 245
39 283
40 108
40 132
40 133
40 148
40 195
40 287
41 44
41 50
41 59
41 73
41 87
41 117
41 118
41 188
41 219
41 241
42 53
42 74
42 97
42 108
42 137
42 159
42 238
43 103
43 135
43 233
43 239
44 210
44 226
45 55
45 92
45 131
45 136
45 141
45 156
45 173
45 209
45 284
45 293
45 309
46 130
46 133
46 135
46 145
46 177
46 180
46 182
46 197
47 55
47 56
47 60
47 71
47 95
47 185
47 232
47 283
48 52
48 108
48 191
48 192
48 218
49 66
49 131
49 156
49 161
50 103
50 114
50 175
50 204
50 205
50 275
50 290
50 305
51 57
51 59
51 80
51 87
51 129
51 131
51 204
51 260
51 264
52 110
52 127
52 142
52 167
52 285
52 303
54 70
54 122
54 130
54 131
54 244
55 136
56 101
56 124
56 131
56 134
56 135
56 159
56 196
56 219
56 301
57 77
57 124
57 159
57 205
57 301
58 98
58 288
58 302
59 83
59 96
59 101
59 118
59 165
59 179
59 272
59 313
60 62
60 67
60 79
60 121
60 204
60 206
60 257
61 67
61 78
61 88
61 133
61 243
61 278
62 100
62 143
62 157
62 180
62 246
62 286
63 192
63 233
63 287
64 68
64 97
64 106
64 129
64 131
64 156
64 159
64 185
64 218
64 268
64 286
64 303
65 117
66 121
66 157
66 227
66 260
67 97
67 98
67 135
67 149
67 167
67 217
67 258
67 274
68 110
68 123
68 130
68 172
68 193
68 271
69 77
69 99
69 117
69 134
69 218
69 220
69 224
69 258
70 105
70 130
70 165
70 222
70 249
70 265
70 303
71 220
71 232
71 288
72 80
72 209
72 238
72 242
72 268
73 128
73 130
73 134
73 180
73 245
74 110
74 248
74 292
75 84
75 119
75 149
75 196
75 242
75 258
75 304
76 97
76 138
76 224
77 192
77 284
77 289
78 103
78 143
78 188
78 275
78 280
78 307
79 233
79 243
79 278
80 95
80 103
80 150
80 156
80 161
80 194
80 206
80 232
80 239
80 287
81 103
81 124
81 126
81 129
81 142
81 160
81 174
81 180
81 195
81 233
81 260
82 185
82 209
83 118
83 151
83 233
83 297
83 298
84 131
84 150
85 109
85 129
85 179
85 200
86 121
86 130
86 220
87 97
87 116
87 118
87 167
87 173
87 243
88 131
88 167
88 208
89 94
89 130
89 245
90 239
91 118
91 134
91 205
91 224
92 101
92 148
92 180
92 187
92 232
92 239
93 130
93 290
93 308
94 217
94 233
94 269
94 310
95 102
95 130
95 155
95 204
96 135
96 136
96 152
96 160
96 249
96 284
96 309
97 108
97 215
97 243
97 263
97 264
98 106
98 124
98 132
98 157
98 161
98 167
98 244
98 288
99 131
99 135
101 124
101 136
101 145
101 246
101 298
102 109
102 129
102 133
102 135
102 169
102 197
102 201
102 233
102 288
102 293
102 299
102 304
103 114
103 129
103 135
103 160
103 178
103 190
103 196
103 198
103 215
103 216
103 230
103 239
103 242
103 249
103 276
103 285
103 304
103 307
103 311
104 110
104 122
104 129
104 156
104 196
104 216
104 276
104 305
105 158
105 205
105 274
106 109
106 124
106 130
106 154
106 161
106 181
106 196
106 240
106 265
106 313
107 225
107 274
108 111
108 220
108 249
108 266
108 286
108 292
109 131
109 134
109 182
110 112
110 137
110 138
110 145
110 152
110 167
110 172
110 178
110 197
111 218
112 152
113 157
114 129
114 156
114 232
114 239
116 217
117 151
117 157
117 185
117 238
117 245
117 249
118 124
118 133
118 134
118 224
118 226
118 236
118 263
118 286
118 302
118 305
118 307
119 134
119 176
120 140
120 195
120 271
121 130
121 133
121 156
121 222
121 282
122 255
122 287
123 140
123 167
124 134
124 140
124 158
124 187
124 233
124 296
125 213
125 245
125 267
126 142
126 193
127 220
127 244
127 247
128 134
128 172
128 181
128 311
129 133
129 134
129 135
129 136
129 141
129 142
129 151
129 156
129 167
129 171
129 172
129 175
129 192
129 193
129 215
129 220
129 238
129 267
129 273
129 275
129 285
129 286
129 298
130 131
130 134
130 135
130 152
130 156
130 160
130 162
130 164
130 200
130 204
130 206
130 210
130 214
130 220
130 223
130 249
130 268
130 284
130 285
130 295
130 302
130 314
131 133
131 135
131 148
131 159
131 167
131 205
131 218
131 234
131 241
131 242
131 247
131 260
131 276
131 287
131 292
131 293
131 295
131 304
132 148
132 160
133 156
133 179
133 181
133 192
133 205
133 210
133 214
133 223
133 224
133 272
133 277
133 296
134 166
134 180
134 205
134 210
134 216
134 232
134 277
134 288
134 301
135 149
135 156
135 157
135 171
135 175
135 187
135 214
135 218
135 220
135 224
135 233
135 239
135 241
135 275
135 309
136 167
136 190
136 193
136 209
136 210
136 241
136 288
136 293
136 302
137 295
138 145
138 241
138 247
138 305
139 294
139 308
140 145
140 229
140 288
140 304
140 305
141 155
141 180
141 210
142 193
142 249
143 309
144 167
144 179
145 196
146 154
147 180
147 281
148 205
148 211
148 218
148 259
148 272
149 297
149 313
150 166
150 171
150 215
150 239
150 279
150 292
151 192
151 311
152 157
152 220
152 239
152 273
153 172
153 248
154 171
154 272
155 184
155 298
156 164
156 179
156 239
156 243
156 249
156 275
156 281
156 290
157 162
157 187
157 188
157 198
157 242
157 254
157 255
157 258
157 277
157 278
158 238
158 274
158 286
158 297
160 162
160 181
160 200
161 167
161 262
162 200
162 278
163 298
165 193
166 210
166 249
166 269
166 284
167 200
167 209
167 210
167 216
167 219
167 243
167 292
169 218
169 224
169 275
172 224
172 303
173 308
173 310
174 249
175 188
177 239
179 223
179 266
179 287
180 188
180 204
180 268
180 269
180 295
181 222
181 245
181 255
182 273
184 249
184 265
184 305
184 307
185 206
186 200
186 245
187 287
188 201
188 278
188 302
188 308
189 214
191 205
191 240
192 285
192 287
193 197
193 205
193 252
193 273
193 288
193 294
194 228
194 239
194 243
195 208
195 271
195 303
196 215
196 279
197 232
197 290
198 217
199 223
200 212
200 214
200 249
200 283
200 287
200 290
200 304
201 287
202 276
203 258
204 298
205 255
205 274
206 210
206 254
206 269
206 284
208 279
208 307
210 287
213 245
214 216
215 279
216 218
217 248
217 269
217 272
217 275
218 314
219 258
220 255
220 256
220 260
220 283
223 250
223 273
223 291
223 314
224 264
227 266
227 275
228 297
230 302
231 256
231 263
234 293
235 275
236 281
239 258
239 283
241 259
243 288
245 276
248 269
249 252
249 254
249 265
249 315
250 283
257 278
260 266
261 279
264 281
267 292
271 305
272 285
277 284
283 287
283 288
283 301
286 294
286 302
287 300
288 310
294 308
301 305
303 304
309 310
