0 127
0 134
1 16
1 118
1 124
1 129
1 135
1 161
1 263
1 279
2 14
2 26
2 33
2 37
2 41
2 77
2 92
2 100
2 105
2 135
2 160
2 202
2 218
2 249
2 250
2 261
2 263
2 267
2 274
2 287
2 297
2 298
2 303
3 185
3 252
3 259
3 266
3 287
4 47
4 60
4 80
4 103
4 114
4 164
4 188
4 217
4 241
4 249
4 296
5 25
5 27
5 130
5 223
5 224
5 258
5 268
6 15
6 110
6 133
6 247
7 60
7 65
7 71
7 95
7 97
7 117
7 122
7 130
7 131
7 134
7 146
7 161
7 215
7 267
7 279
7 283
8 9
8 20
8 50
8 67
8 75
8 83
8 133
8 138
8 139
8 140
8 143
8 172
8 192
8 228
8 279
8 310
9 97
9 103
9 118
9 159
9 224
9 236
10 45
10 141
10 232
11 14
11 71
11 131
11 156
11 214
11 230
12 92
12 134
12 224
12 239
12 249
13 129
13 167
13 294
14 130
14 200
14 272
15 16
15 39
15 52
15 120
15 135
15 156
15 188
15 205
15 242
16 57
16 64
16 80
16 103
16 105
16 122
16 142
16 156
16 159
16 193
16 200
16 222
16 241
16 260
16 271
16 304
17 32
17 164
17 273
17 299
18 40
18 63
18 88
18 139
18 152
18 185
18 216
18 233
18 261
18 287
18 314
19 21
19 33
19 62
19 102
19 206
19 235
20 51
20 80
20 92
20 108
20 152
20 161
20 206
20 221
20 249
21 122
22 77
22 80
22 188
23 137
23 148
23 156
23 241
23 285
24 89
24 104
24 109
24 131
24 144
24 206
25 62
25 97
25 110
25 131
25 140
25 231
25 247
25 266
25 273
25 275
25 285
26 130
26 283
27 95
27 276
27 286
27 293
27 295
28 33
28 35
28 123
28 288
29 69
29 116
29 130
29 156
29 215
29 223
29 288
29 299
30 32
30 55
30 128
30 135
30 147
30 148
30 172
30 188
30 258
31 47
31 86
31 106
31 130
31 156
31 167
31 197
31 202
31 244
31 248
31 260
31 285
31 286
32 66
32 94
32 109
32 129
32 133
32 134
32 135
32 157
32 187
32 193
32 239
32 241
32 289
32 297
33 77
33 92
33 94
33 129
33 133
33 134
33 145
33 205
33 224
33 307
34 52
34 62
34 131
34 283
34 286
35 43
35 47
35 72
35 90
35 105
35 112
35 142
35 166
35 253
35 258
35 293
36 89
36 92
36 116
36 120
36 131
36 134
36 135
36 145
36 205
37 129
37 131
37 210
37 289
38 157
38 244
38 308
39 94
39 211
40 47
40 81
40 88
40 142
40 148
40 175
40 253
41 65
41 130
41 193
41 204
41 210
41 244
41 276
41 279
42 45
42 104
42 109
42 118
42 133
43 109
43 131
43 143
44 75
44 137
44 138
44 160
44 163
44 236
44 275
44 281
45 53
45 81
45 103
45 134
45 136
45 157
45 167
45 186
45 193
45 232
45 242
45 282
46 96
46 99
46 129
46 130
46 164
46 185
46 239
46 245
46 249
46 269
46 285
47 109
47 124
47 128
47 129
47 130
47 140
47 149
47 150
47 172
47 185
47 241
47 275
48 133
49 102
49 129
49 137
49 142
49 144
49 218
49 285
49 293
50 65
50 89
50 180
50 188
50 194
50 205
50 235
51 56
51 77
51 83
51 134
51 157
51 243
51 266
51 284
51 286
52 130
52 208
53 136
53 218
53 286
54 60
54 110
54 148
54 156
54 179
54 276
54 301
54 308
55 69
55 76
55 196
55 286
55 298
56 122
56 130
56 139
56 217
56 233
56 244
56 300
57 66
59 62
59 95
59 102
59 142
59 154
59 158
59 212
59 230
59 272
60 121
60 130
60 133
60 136
60 156
60 167
60 211
60 214
60 221
60 231
61 304
62 101
62 129
62 148
62 157
62 218
63 103
63 122
63 133
63 156
64 112
64 131
64 163
64 182
64 208
64 239
64 261
64 294
65 308
66 104
66 122
66 156
66 157
66 174
66 241
67 84
67 167
67 174
67 184
68 167
68 202
68 208
68 240
68 242
69 95
69 108
69 129
69 130
69 134
69 162
69 245
69 271
69 284
70 74
70 188
70 296
70 298
71 248
71 299
72 124
72 241
73 248
74 78
74 96
74 130
74 133
74 160
74 205
74 211
74 280
74 291
74 292
74 305
75 77
75 108
75 110
75 156
75 193
75 233
76 131
76 304
77 103
77 168
78 97
78 136
78 165
78 177
78 298
78 305
79 88
79 132
79 180
79 280
80 129
80 157
80 197
80 205
80 215
80 302
81 95
81 214
83 113
83 161
83 213
83 286
83 287
84 114
84 121
85 107
85 152
85 157
85 206
85 232
85 235
85 267
86 200
86 247
87 118
87 180
87 211
88 157
88 232
89 131
89 135
89 200
89 258
90 193
90 298
91 121
91 124
92 107
92 118
92 135
92 142
92 148
92 156
92 220
92 234
93 231
94 135
94 176
95 134
95 149
95 296
96 148
96 154
96 214
96 295
97 129
97 131
97 182
97 222
97 272
97 288
98 102
98 157
98 174
98 266
99 152
100 122
100 127
100 129
101 162
101 242
101 249
101 287
102 128
102 129
102 134
102 136
102 148
102 181
102 215
102 233
102 283
103 136
103 154
103 167
103 193
103 194
103 208
103 226
103 229
103 243
103 248
103 291
103 292
103 297
104 114
104 154
104 159
104 275
104 276
104 285
104 287
104 288
104 307
105 130
105 153
105 167
105 173
105 180
105 270
105 278
105 285
105 288
106 134
106 209
106 248
106 270
106 285
106 312
107 288
108 113
108 136
108 140
108 158
108 214
108 239
108 244
109 127
109 129
109 147
109 216
109 228
110 161
110 194
110 236
111 121
111 131
111 156
111 195
111 231
111 291
112 131
112 229
112 232
112 249
114 129
114 214
114 287
115 229
116 129
116 130
116 134
116 188
116 287
117 131
117 153
117 157
117 183
117 193
117 247
117 250
117 275
117 280
118 122
118 131
118 137
118 149
118 152
118 167
118 192
118 220
119 128
119 130
119 218
120 200
120 311
121 180
121 247
121 278
121 287
121 290
121 314
122 131
122 134
122 155
122 171
122 179
122 182
122 223
122 232
122 244
122 279
122 288
123 241
123 273
124 133
124 246
124 266
124 276
126 218
128 135
128 160
128 164
128 219
128 278
129 134
129 135
129 152
129 159
129 162
129 200
129 219
129 221
129 243
129 247
129 257
129 262
129 288
130 133
130 142
130 156
130 173
130 188
130 200
130 220
130 233
130 242
130 282
130 304
130 310
130 314
131 143
131 152
131 154
131 155
131 156
131 164
131 173
131 197
131 200
131 205
131 217
131 218
131 239
131 244
131 255
131 271
131 287
131 288
131 293
131 309
131 314
132 264
132 272
133 135
133 138
133 143
133 149
133 154
133 157
133 161
133 200
133 204
133 208
133 212
133 220
133 222
133 224
133 254
133 263
133 269
133 287
133 304
133 306
134 156
134 179
134 193
134 220
134 233
134 269
134 275
134 278
134 285
134 286
134 298
135 147
135 152
135 171
135 177
135 179
135 191
135 197
135 223
135 258
135 276
135 279
136 153
136 159
136 162
136 177
136 206
136 269
136 285
136 315
137 188
137 313
138 204
138 227
139 231
140 167
140 168
140 224
140 236
141 152
141 157
141 191
141 276
142 152
142 220
143 218
143 222
144 284
145 258
145 287
147 219
148 210
148 217
148 254
148 264
148 288
148 296
148 298
148 305
149 158
149 193
149 200
149 216
149 243
149 275
149 303
150 180
150 196
150 197
150 296
150 307
151 204
152 217
152 231
152 264
153 179
153 275
154 159
154 173
154 180
154 223
156 157
156 167
156 172
156 180
156 188
156 200
156 210
156 265
156 272
157 180
157 212
157 215
157 230
157 266
158 171
159 195
159 234
160 176
160 177
160 193
160 208
160 218
160 249
160 255
160 258
160 285
160 288
161 271
162 173
162 231
162 261
166 188
166 206
167 219
167 243
167 249
167 266
168 265
169 210
169 232
170 186
171 180
172 213
172 215
172 241
172 269
172 306
173 211
173 219
173 291
174 183
174 192
174 216
174 279
174 286
175 185
175 303
177 181
177 233
177 306
178 264
179 217
179 284
179 285
180 185
180 190
180 192
180 200
180 211
180 214
181 245
182 239
182 288
183 188
184 215
185 268
185 286
186 210
187 188
187 231
188 191
188 200
188 269
189 287
191 235
191 237
191 286
191 287
191 314
192 193
192 309
193 284
193 285
193 289
194 223
196 305
197 242
197 276
198 215
199 222
199 224
199 278
200 249
200 262
200 281
200 286
201 210
201 273
202 241
202 261
202 269
205 210
205 231
205 292
206 210
206 219
206 222
206 227
207 244
208 219
208 251
208 311
210 212
210 220
210 231
211 224
211 276
211 311
212 306
213 224
213 268
213 303
213 310
214 285
215 250
218 272
218 294
219 222
219 282
219 287
220 251
220 301
223 249
223 269
223 311
224 233
224 287
224 297
224 307
226 239
228 283
229 286
229 287
231 267
231 313
238 248
238 315
239 248
239 269
239 276
239 285
242 255
243 272
244 275
245 313
246 284
247 276
248 300
248 302
249 250
249 267
249 297
252 285
254 293
256 288
258 267
258 291
258 312
261 298
263 276
263 305
265 286
266 268
268 278
268 284
274 309
275 294
283 308
285 287
285 295
287 304
287 312
287 313
287 315
288 303
290 309
293 302
297 310
