0 36
0 130
0 157
0 180
0 219
0 264
1 62
1 104
1 110
1 129
1 179
1 192
1 200
1 285
2 9
2 26
2 51
2 76
2 101
2 103
2 130
2 179
2 196
2 204
2 216
2 239
2 250
2 284
2 288
3 217
3 220
4 32
4 50
4 54
4 64
4 78
4 110
4 133
4 149
4 192
5 72
5 110
5 130
5 133
6 7
6 59
6 72
6 159
6 222
6 232
6 249
7 16
7 32
7 41
7 118
7 134
7 138
7 159
7 168
7 180
7 227
7 241
7 287
7 288
7 293
7 305
7 310
8 28
8 30
8 32
8 42
8 59
8 63
8 79
8 99
8 103
8 121
8 151
8 179
8 186
8 204
8 206
8 213
8 215
8 262
8 303
9 32
9 51
9 54
9 104
9 130
9 300
10 129
10 149
10 243
10 252
11 31
11 95
11 99
11 107
11 130
11 132
11 188
12 31
12 45
12 46
12 156
12 160
12 181
12 188
12 191
12 255
12 267
12 286
13 22
13 79
13 134
13 148
13 156
13 161
13 167
13 174
13 247
14 110
14 140
14 149
14 179
14 206
14 236
14 301
14 314
14 315
15 18
15 67
15 102
15 113
15 129
15 134
15 172
15 218
16 42
16 59
16 80
16 87
16 96
16 113
16 129
16 134
16 150
16 156
16 161
16 180
16 182
16 191
16 200
16 206
16 217
16 220
16 237
16 242
16 249
16 269
16 286
16 290
16 297
16 309
16 311
17 131
17 134
17 167
17 265
17 309
18 31
18 129
18 157
18 220
18 275
18 285
20 26
20 99
20 136
20 154
20 172
20 178
20 193
20 234
20 249
21 33
21 59
21 159
21 208
21 234
21 237
22 69
22 178
22 292
22 298
23 41
23 219
23 242
24 39
24 59
24 103
24 105
24 114
24 199
24 220
24 232
25 26
25 142
25 257
25 258
25 272
25 292
25 301
26 57
26 176
26 232
26 278
27 32
27 46
27 75
27 192
27 220
27 286
28 107
28 118
28 124
28 139
29 121
29 249
30 107
31 35
31 40
31 47
31 59
31 122
31 135
31 136
31 170
31 214
31 219
31 220
31 239
31 252
31 258
31 266
31 273
31 285
31 287
31 300
32 81
32 85
32 105
32 127
32 130
32 134
32 170
32 174
32 195
32 205
32 215
32 220
32 238
32 267
33 47
33 59
33 99
33 103
33 129
33 135
33 145
33 154
33 156
33 242
33 270
33 279
34 89
34 134
34 150
34 167
34 210
34 248
34 305
35 46
35 65
35 66
35 106
35 139
35 154
35 181
35 287
36 68
36 124
36 134
36 140
36 144
36 162
36 203
36 207
36 284
37 80
37 145
37 193
37 248
38 75
38 86
38 117
38 131
38 162
38 203
38 210
38 221
38 246
39 148
39 178
39 217
39 267
39 286
39 287
40 98
40 104
40 109
40 131
40 133
40 162
40 191
40 248
40 253
41 101
41 194
41 205
41 249
42 157
42 216
42 223
42 231
42 232
42 297
42 299
43 89
43 257
43 286
43 292
43 312
44 128
44 258
44 266
44 267
44 285
44 287
45 54
45 88
45 130
45 151
45 153
45 180
45 198
45 210
45 250
45 298
45 304
46 80
46 101
46 119
46 122
46 124
46 131
46 149
46 174
46 189
46 235
46 249
46 286
46 287
46 303
46 309
47 63
47 102
47 113
47 165
47 177
47 180
47 206
47 236
47 291
48 100
48 122
48 160
48 185
48 193
48 206
48 210
48 232
48 261
48 283
48 312
49 102
49 117
49 129
49 133
49 195
49 208
49 230
49 275
50 86
50 117
50 174
50 194
50 240
50 276
50 304
50 312
51 89
51 105
51 122
51 124
51 213
51 258
51 280
52 88
53 106
53 109
54 149
54 180
54 223
54 244
55 141
55 163
55 274
55 286
55 296
55 312
56 99
56 158
56 241
56 279
57 62
57 109
57 129
58 103
58 130
58 192
59 98
59 130
59 134
59 206
59 245
59 272
59 275
60 78
60 103
60 140
60 159
60 173
60 255
60 287
60 303
61 68
61 149
61 243
61 247
61 267
62 65
62 131
62 140
62 227
62 260
62 293
63 130
63 136
63 184
63 220
63 287
64 103
64 155
64 177
64 192
64 200
64 231
64 260
64 261
64 314
65 198
66 229
66 288
66 305
67 73
67 88
67 134
67 154
67 167
67 216
67 285
68 131
68 136
68 186
68 205
69 103
69 156
69 186
69 211
70 80
70 104
70 110
70 201
70 223
71 90
71 134
71 227
71 279
72 103
72 135
73 79
73 118
73 137
73 188
73 216
73 239
74 110
74 116
74 134
74 169
74 220
74 240
74 244
75 77
75 105
75 133
75 156
75 193
75 307
76 135
76 249
77 133
77 136
77 233
77 305
78 110
79 135
80 83
80 117
80 130
80 131
80 136
80 163
80 175
80 200
80 208
80 269
80 307
80 313
81 135
81 137
81 173
81 210
82 133
83 216
84 107
84 244
84 298
84 315
85 136
85 157
85 162
85 243
85 258
85 267
85 308
86 106
86 128
86 180
87 95
87 99
87 122
87 152
87 214
87 218
87 275
87 282
87 287
87 303
87 307
88 135
88 159
88 232
89 92
89 110
89 130
89 142
89 168
89 246
89 290
89 301
90 98
90 167
90 258
91 191
91 288
92 129
92 143
92 218
92 224
92 232
92 269
92 272
92 299
94 142
94 239
95 122
95 134
95 142
95 145
95 157
95 160
95 197
96 109
96 115
96 128
96 164
96 223
96 283
97 113
97 134
97 151
97 191
97 249
97 269
98 288
100 132
100 238
101 114
101 130
101 152
101 176
101 197
101 234
101 249
101 288
102 129
102 135
102 220
102 284
102 303
102 304
103 130
103 135
103 158
103 193
103 205
103 275
104 129
104 131
104 143
104 229
104 272
104 293
105 143
105 200
105 208
105 240
105 248
106 110
106 142
106 172
106 188
106 220
106 231
106 252
106 299
107 136
107 176
108 134
108 172
108 189
108 205
108 285
109 114
109 179
109 218
109 227
110 128
110 131
110 134
110 143
110 157
110 191
110 308
111 130
111 194
111 206
112 156
112 252
112 302
113 122
113 156
113 210
114 149
114 218
115 214
115 307
117 122
117 145
117 180
117 216
117 220
117 230
117 283
117 296
118 124
118 152
118 173
118 175
118 179
118 185
118 213
118 235
118 244
118 252
118 279
118 303
120 184
121 134
121 177
121 200
122 131
123 200
124 135
124 142
124 145
124 149
124 180
124 189
124 205
124 218
124 234
124 286
125 135
125 212
126 165
126 228
126 287
127 205
127 269
128 138
128 142
128 156
128 157
128 181
128 213
129 133
129 134
129 135
129 145
129 149
129 182
129 184
129 195
129 220
129 238
129 244
129 245
129 272
129 287
129 288
129 295
129 296
129 307
129 311
130 134
130 137
130 168
130 185
130 193
130 208
130 215
130 231
130 232
130 234
130 264
130 271
130 279
130 305
131 137
131 143
131 144
131 145
131 148
131 162
131 167
131 177
131 182
131 185
131 188
131 201
131 206
131 238
131 243
131 250
131 258
131 259
131 268
131 288
131 309
132 140
133 134
133 136
133 154
133 156
133 180
133 201
133 218
133 220
133 230
133 239
133 248
133 249
133 264
133 269
133 291
133 296
133 311
134 136
134 165
134 168
134 173
134 206
134 213
134 223
134 258
134 285
135 140
135 145
135 157
135 160
135 167
135 213
135 220
135 249
135 256
135 276
135 291
136 157
136 174
136 185
136 188
136 206
136 228
136 252
136 287
137 152
137 163
137 216
138 192
138 220
138 248
138 258
138 266
139 167
139 303
140 151
140 173
140 249
140 255
140 276
141 195
142 149
143 200
144 154
145 148
145 302
146 212
147 273
148 201
148 216
148 228
148 261
148 308
149 152
149 181
149 196
149 205
149 220
150 224
151 154
152 185
152 193
152 201
152 206
152 217
152 231
152 283
152 288
153 302
154 157
154 286
155 230
156 159
156 160
156 181
156 193
156 203
156 212
156 219
156 254
156 260
156 286
156 305
157 191
157 236
157 239
157 305
158 201
158 218
158 288
159 193
159 224
159 249
159 308
160 305
161 181
161 296
162 174
162 180
162 193
162 256
164 177
164 233
164 244
164 245
164 266
164 279
165 275
166 224
166 304
167 176
167 232
167 286
171 185
173 180
173 188
173 288
174 185
174 193
174 194
174 222
174 251
174 252
174 284
174 294
174 309
175 181
176 227
176 292
176 303
177 185
177 188
178 269
178 287
180 215
180 229
180 248
180 293
180 306
181 247
181 293
185 216
185 278
186 310
187 200
187 287
188 200
188 204
188 248
188 260
188 266
188 269
188 301
189 305
191 206
191 286
192 287
193 230
193 231
193 265
196 267
197 272
199 242
199 246
199 266
200 209
200 218
200 219
200 271
201 249
201 257
201 288
202 204
202 219
204 242
204 288
206 244
207 309
210 233
210 287
211 233
211 267
212 218
212 249
212 268
212 315
213 298
214 222
215 238
216 259
218 262
218 287
219 220
220 234
220 238
220 249
220 253
220 279
220 280
220 286
222 226
222 298
224 238
224 249
228 254
228 275
229 233
229 246
229 275
231 269
231 270
231 294
232 262
232 275
232 307
233 258
234 268
236 260
237 248
237 249
238 249
239 242
239 278
239 286
239 287
239 292
239 303
240 290
242 276
243 248
245 268
245 304
245 307
246 249
246 269
246 287
248 250
249 261
250 286
251 252
252 258
252 286
258 264
261 268
261 277
267 286
268 284
268 304
269 303
271 307
272 288
274 284
277 284
285 305
286 287
287 297
287 303
288 291
288 293
301 309
304 310
304 313
313 314
