0 44
0 59
0 135
0 167
0 266
0 277
1 31
1 74
1 131
1 185
1 287
2 18
2 32
2 39
2 97
2 101
2 124
2 129
2 145
2 159
2 175
2 187
2 193
2 223
2 225
2 261
2 269
2 297
3 34
3 47
3 52
3 75
3 130
3 181
3 198
3 233
4 104
4 193
4 205
4 231
4 305
5 14
5 38
5 50
5 68
5 76
5 124
5 264
6 135
7 8
7 22
7 28
7 33
7 38
7 74
7 86
7 102
7 104
7 106
7 136
7 192
7 285
7 288
7 296
8 32
8 44
8 45
8 48
8 80
8 103
8 119
8 124
8 131
8 233
8 258
8 279
8 287
8 309
9 167
9 179
9 185
9 200
9 238
9 249
10 84
10 118
10 268
10 313
11 67
11 114
11 258
12 20
12 66
12 101
12 130
12 133
12 140
12 173
12 216
13 14
13 51
13 97
13 129
13 143
13 156
13 162
13 220
13 314
14 50
14 190
14 192
14 208
14 220
14 232
14 235
15 47
15 110
15 241
16 22
16 25
16 27
16 32
16 33
16 46
16 58
16 59
16 62
16 89
16 192
16 208
16 238
16 266
16 275
16 277
16 303
16 310
17 133
17 237
17 257
18 32
18 34
18 49
18 102
18 180
18 184
18 283
18 286
19 29
19 146
19 167
20 24
20 106
20 129
20 133
20 148
20 157
20 258
20 266
20 278
21 60
21 71
21 121
21 159
23 33
23 64
23 82
23 118
23 124
23 130
23 135
23 159
23 166
23 175
24 32
24 45
24 51
24 60
24 102
24 129
24 134
24 159
24 269
24 280
25 91
25 288
25 315
26 279
27 83
27 261
28 40
28 69
28 75
28 131
28 156
28 200
28 272
29 33
29 81
29 223
29 235
29 242
29 268
29 269
29 293
30 32
30 62
30 73
30 129
30 131
30 137
30 237
30 247
30 252
30 256
30 261
30 288
31 33
31 34
31 45
31 50
31 73
31 97
31 125
31 128
31 129
31 138
31 167
31 173
31 174
31 204
31 228
31 252
31 269
31 305
32 54
32 83
32 130
32 131
32 135
32 150
32 185
32 202
32 230
32 242
32 249
32 261
32 289
32 303
33 37
33 41
33 65
33 67
33 68
33 103
33 114
33 132
33 154
33 157
33 162
33 173
33 188
33 193
33 223
33 232
33 244
33 250
34 62
34 85
34 94
34 110
34 136
34 164
34 224
34 238
35 62
35 92
35 112
35 268
36 37
36 96
36 105
36 135
36 158
36 179
36 200
36 222
36 298
37 118
37 154
37 156
37 186
38 42
38 69
38 133
38 267
39 130
39 227
40 50
40 112
40 134
40 135
40 172
40 213
40 224
40 263
41 285
42 123
42 205
42 246
42 267
43 59
43 67
43 94
43 131
43 145
43 193
43 205
43 239
43 287
44 160
45 50
45 62
45 74
45 77
45 120
45 129
45 135
45 136
45 151
45 163
45 234
45 271
45 305
46 50
46 73
46 92
46 109
46 129
46 135
46 149
46 260
46 283
47 76
47 81
47 88
47 89
47 102
47 118
47 142
47 148
47 151
47 157
47 165
47 172
47 213
47 287
48 130
48 139
48 143
48 159
48 184
48 252
48 305
49 60
49 121
49 129
49 134
49 136
49 180
49 230
49 265
49 315
50 73
50 76
50 85
50 142
50 199
50 231
50 249
51 68
51 191
52 98
52 128
52 173
52 239
52 241
52 264
53 103
54 75
54 138
54 188
54 242
54 259
55 79
55 88
55 174
55 257
56 61
56 271
56 293
57 81
57 135
57 157
58 75
58 102
58 268
59 101
59 103
59 121
59 135
59 189
59 200
59 209
59 245
59 286
60 87
60 135
60 239
61 231
61 281
61 287
62 85
62 98
62 104
62 106
62 156
63 104
63 109
63 157
63 205
63 265
64 68
64 122
64 135
64 205
64 240
64 287
64 298
65 87
65 127
66 92
66 151
66 200
67 129
67 131
67 135
67 145
67 161
67 192
67 244
67 250
67 269
67 273
67 303
68 116
68 163
68 206
68 254
68 283
69 111
69 117
69 129
69 164
69 206
70 129
70 180
70 227
71 96
71 97
71 136
71 152
71 301
72 97
72 154
72 206
73 115
73 264
74 106
74 130
74 171
74 173
74 188
74 283
75 81
75 95
75 102
75 103
75 114
75 134
75 135
75 152
75 180
75 197
75 231
75 297
75 303
76 135
76 156
76 215
76 297
77 130
77 203
77 214
77 215
77 259
78 129
78 190
78 210
78 271
78 303
79 129
79 149
79 223
79 224
80 104
80 118
80 134
80 272
81 129
81 135
81 163
81 218
82 207
82 278
83 110
83 149
83 245
83 283
84 287
85 92
85 101
85 103
85 106
85 260
86 135
86 239
87 129
87 156
87 167
87 231
87 249
87 296
88 179
88 232
88 285
88 299
89 129
89 133
89 156
89 249
89 286
90 105
90 201
91 206
91 286
92 104
92 156
92 183
92 202
92 221
92 259
92 279
93 154
94 130
94 191
95 109
95 220
95 287
96 156
96 178
97 102
97 130
97 212
97 293
98 130
98 156
98 215
98 303
99 106
99 117
99 118
99 163
100 134
101 214
101 276
102 117
102 129
102 131
102 152
102 156
102 244
102 257
102 288
102 298
103 120
103 130
103 133
103 167
103 185
103 197
103 286
104 129
104 134
104 141
104 150
104 153
104 156
104 165
104 231
104 267
105 124
105 131
105 135
105 145
105 215
105 224
105 247
105 261
105 270
105 307
106 117
106 134
106 144
106 194
106 239
106 255
107 133
107 200
107 281
107 304
108 118
108 260
109 130
109 184
109 285
109 302
110 179
110 281
110 285
110 286
111 116
111 136
111 289
112 155
112 311
113 167
113 172
113 230
113 288
114 130
114 220
114 236
114 259
114 308
115 203
115 272
115 308
116 151
117 131
117 166
117 185
117 286
118 124
118 133
118 137
118 215
118 293
118 294
119 206
119 241
119 259
119 283
119 287
120 134
120 153
120 154
120 156
120 173
120 195
120 201
121 145
121 181
121 231
121 247
121 295
122 131
122 139
122 140
122 190
122 200
122 205
122 314
123 134
123 179
123 201
124 169
124 174
124 183
124 188
124 194
124 195
124 239
124 273
124 288
124 293
124 297
125 150
126 134
126 206
127 131
128 129
128 154
128 159
128 204
128 219
128 238
128 249
129 130
129 131
129 134
129 149
129 154
129 156
129 157
129 166
129 167
129 174
129 176
129 197
129 209
129 210
129 224
129 231
129 238
129 239
129 240
129 245
129 256
129 276
129 285
129 301
129 306
129 315
130 137
130 152
130 157
130 162
130 180
130 191
130 212
130 214
130 218
130 232
130 238
130 242
130 255
130 258
130 270
130 280
130 284
130 286
130 301
131 134
131 135
131 136
131 149
131 152
131 156
131 161
131 165
131 170
131 173
131 177
131 179
131 196
131 203
131 217
131 223
131 224
131 250
131 257
131 265
131 283
132 217
132 220
132 271
132 298
133 135
133 140
133 149
133 156
133 180
133 199
133 205
133 220
133 221
133 224
133 233
133 239
133 263
133 304
134 135
134 143
134 181
134 195
134 196
134 220
134 232
134 244
134 247
134 266
134 271
134 272
135 139
135 145
135 157
135 184
135 206
135 215
135 220
135 229
135 235
135 238
135 280
135 287
135 288
136 155
136 160
136 177
136 188
136 200
136 206
136 240
136 246
136 266
136 273
136 283
137 156
137 246
137 285
138 179
138 236
138 247
138 272
138 284
138 287
139 148
139 273
140 166
140 286
140 295
141 156
141 173
141 182
141 245
142 209
142 211
142 262
142 267
142 305
143 180
143 218
143 239
143 263
143 273
144 181
145 216
145 220
145 249
145 266
145 283
145 288
146 244
147 304
148 156
148 168
148 206
148 225
150 188
151 158
151 191
151 270
152 220
152 287
153 255
153 286
154 172
154 177
154 179
154 210
154 308
156 199
156 210
156 213
156 226
156 228
156 233
156 256
156 263
156 264
156 286
156 301
157 181
157 220
157 239
157 246
157 255
157 268
157 273
157 288
158 173
158 186
158 199
158 275
158 291
158 292
159 230
159 271
160 189
160 215
160 268
161 269
162 283
162 314
163 233
164 201
164 211
166 249
166 287
166 295
167 227
167 239
167 275
167 283
168 287
168 309
169 180
169 200
171 172
171 206
171 293
172 195
173 215
173 298
174 260
174 298
175 227
175 298
176 206
176 232
176 291
177 279
178 220
178 259
179 189
179 193
179 252
179 278
180 200
180 220
180 223
180 262
180 285
180 287
181 214
181 224
181 287
181 288
182 222
184 242
185 215
185 269
186 258
188 194
188 222
188 275
188 280
188 298
191 216
191 242
191 247
191 283
191 287
192 258
193 206
193 219
193 223
193 237
193 262
193 264
193 275
193 287
193 315
194 197
194 209
194 239
195 218
196 200
196 246
197 305
198 200
200 223
200 258
200 269
200 287
201 232
201 264
201 293
202 305
203 265
204 287
204 314
205 220
205 263
206 210
206 267
206 283
207 220
207 222
208 220
209 286
210 216
210 254
210 266
210 285
210 307
211 217
211 285
213 309
214 261
215 220
215 240
215 242
216 220
217 223
217 241
218 227
218 232
218 264
218 269
218 279
219 226
220 249
220 266
220 268
220 287
220 290
220 296
222 230
222 268
222 272
223 249
223 300
224 268
224 287
224 301
224 305
229 263
230 255
230 272
232 305
233 286
238 287
238 312
239 275
239 291
241 272
242 264
242 297
243 252
243 288
244 249
244 255
244 285
244 309
245 290
248 314
249 265
249 268
249 288
249 299
250 266
252 298
257 284
258 298
258 303
263 309
267 270
270 309
271 285
271 305
272 296
272 298
272 307
276 287
278 294
278 309
278 310
285 288
286 307
287 288
287 292
287 296
288 307
288 310
289 300
296 305
298 307
298 311
304 312
