0 31
0 90
0 156
0 195
0 200
0 296
1 93
1 147
1 153
1 244
1 279
1 287
1 288
2 12
2 16
2 18
2 31
2 32
2 66
2 95
2 112
2 118
2 133
2 167
2 174
2 233
2 241
2 245
2 287
2 304
3 74
3 133
4 43
4 64
4 79
4 81
4 162
4 167
4 239
4 243
4 313
5 12
5 114
5 121
5 134
5 138
5 143
6 18
6 32
6 40
6 167
6 173
6 188
6 216
6 227
6 261
6 282
7 25
7 33
7 49
7 64
7 92
7 105
7 107
7 108
7 109
7 110
7 131
7 133
7 135
7 143
7 145
7 169
7 277
7 286
7 309
8 31
8 48
8 56
8 64
8 70
8 75
8 120
8 124
8 125
8 135
8 168
8 174
8 182
8 232
8 276
8 284
9 18
9 60
9 91
9 99
9 127
9 200
9 303
10 110
10 131
10 135
11 60
11 61
11 216
11 239
11 314
12 32
12 37
12 92
12 118
12 130
12 142
12 179
12 184
12 220
13 14
13 45
13 46
13 130
13 131
13 148
13 213
13 214
13 281
13 287
14 47
14 83
14 101
14 156
14 180
14 248
14 249
14 269
14 271
14 303
15 60
15 149
15 151
15 193
15 232
15 309
16 21
16 64
16 118
16 120
16 130
16 148
16 196
16 200
16 219
16 221
16 242
16 251
16 268
16 278
16 286
16 294
16 309
17 22
17 203
18 33
18 38
18 50
18 88
18 101
18 103
18 129
18 130
18 168
18 192
18 246
18 247
18 266
18 282
18 286
19 39
19 67
19 130
19 288
20 45
20 140
20 253
20 286
20 298
20 312
21 65
21 96
21 108
21 113
21 129
21 156
21 286
21 288
22 157
22 214
23 75
23 160
23 206
23 289
23 301
23 304
24 36
24 47
24 51
24 52
24 59
24 133
24 199
25 60
25 76
25 78
25 129
25 130
25 133
25 199
25 273
25 311
26 157
26 214
26 279
27 97
27 117
27 240
28 34
28 96
28 130
28 188
29 190
29 227
29 286
30 55
30 101
30 145
30 167
30 208
30 228
31 46
31 48
31 120
31 124
31 156
31 167
31 173
31 192
31 215
31 264
31 274
32 33
32 62
32 122
32 129
32 131
32 155
32 157
32 174
32 196
32 200
32 208
32 215
32 239
32 267
32 283
33 64
33 123
33 131
33 133
33 142
33 153
33 200
33 215
33 224
33 241
33 242
33 258
33 315
34 64
34 136
34 244
35 63
35 102
35 115
35 185
35 245
35 285
36 37
36 108
36 135
36 136
36 151
36 220
37 46
37 112
37 210
37 216
37 249
37 271
37 298
38 40
38 103
38 131
38 167
38 173
38 174
38 278
39 110
39 134
39 140
39 269
39 302
40 72
40 133
40 134
40 228
40 258
41 123
41 140
41 239
41 304
42 101
42 120
42 164
42 201
43 134
43 206
43 216
43 233
43 259
43 278
44 131
44 149
44 206
44 276
44 297
45 46
45 133
45 149
45 172
45 200
45 218
45 232
45 257
45 273
45 314
46 75
46 97
46 129
46 134
46 180
46 202
46 211
46 291
47 73
47 83
47 103
47 122
47 296
48 133
48 134
48 135
48 140
48 148
48 185
48 200
48 239
49 57
49 79
49 92
49 108
49 149
49 219
49 220
49 255
49 269
50 51
50 68
50 76
50 114
50 181
51 77
51 96
51 156
51 176
51 181
51 243
51 282
52 261
52 285
53 99
53 304
54 101
54 134
54 138
54 143
54 156
54 205
54 215
54 285
55 80
55 130
55 135
55 153
55 171
55 224
55 249
55 281
56 124
56 153
56 185
56 202
56 293
57 102
57 134
57 167
57 260
58 62
58 117
58 167
58 246
59 65
59 66
59 79
59 91
59 97
59 101
59 130
59 133
59 149
59 222
59 223
59 241
59 298
60 84
60 165
60 196
60 297
61 101
61 104
61 180
61 288
61 298
62 66
62 85
62 108
62 131
62 167
62 284
62 287
63 156
63 193
63 216
63 223
64 80
64 83
64 107
64 134
64 154
64 196
64 207
64 286
65 115
65 271
66 101
66 220
66 223
66 229
67 215
67 239
67 278
67 311
68 80
68 94
68 105
68 122
68 135
68 156
68 157
68 188
68 264
69 96
69 206
69 211
69 215
70 102
70 287
71 156
71 273
71 288
71 303
72 93
72 117
72 149
72 224
73 78
73 129
73 173
73 248
73 287
74 118
74 132
74 153
74 157
74 188
74 205
74 244
74 258
74 261
74 264
74 268
74 292
75 85
75 89
75 107
75 129
75 156
75 168
75 200
75 219
75 286
75 301
76 95
76 122
76 200
76 287
77 129
77 210
77 268
77 283
78 80
78 101
78 233
78 240
78 287
79 110
79 179
80 130
80 134
80 135
80 180
80 185
80 201
80 230
80 272
80 299
81 157
83 117
83 133
83 156
83 157
85 101
85 115
85 122
85 219
86 94
86 180
87 133
87 134
87 139
87 172
87 187
87 193
87 200
87 258
88 92
88 133
88 165
88 197
88 214
89 128
89 180
89 231
89 242
89 272
89 293
90 99
90 200
90 271
91 104
91 199
91 212
91 223
92 117
92 121
92 124
92 126
92 135
92 157
92 164
92 202
92 206
92 207
92 281
92 287
92 288
93 102
94 129
94 188
94 248
94 295
95 101
95 110
95 115
95 129
95 130
95 137
95 143
95 150
95 270
95 307
96 131
96 188
96 210
97 122
97 129
97 156
97 177
97 184
97 241
97 294
98 121
98 145
98 217
98 279
98 312
98 315
99 112
99 117
99 200
101 143
101 152
101 220
101 272
102 104
102 125
102 138
102 155
102 167
102 244
102 249
102 287
102 302
103 112
103 113
103 130
103 145
103 156
103 264
103 298
103 308
104 124
104 242
104 295
105 130
106 152
106 156
106 195
106 200
106 293
107 129
107 166
107 177
107 204
108 130
108 134
108 193
108 284
108 286
109 133
109 149
109 217
109 241
109 288
110 122
110 131
110 145
110 171
110 177
110 236
110 259
110 280
112 136
112 180
112 273
113 153
114 155
114 286
116 154
117 133
117 138
117 167
117 214
118 125
118 131
118 136
118 229
118 237
118 258
118 298
118 313
119 135
119 201
119 207
119 309
120 123
120 274
120 313
121 133
121 144
121 165
121 210
121 305
122 129
122 134
122 259
122 286
123 140
123 239
124 130
124 148
124 167
124 251
127 130
127 173
128 129
128 134
128 167
128 258
129 130
129 133
129 138
129 148
129 158
129 165
129 167
129 173
129 176
129 177
129 185
129 197
129 239
129 262
129 271
129 288
130 133
130 134
130 135
130 142
130 154
130 193
130 201
130 208
130 249
130 266
130 271
130 280
130 281
130 287
130 291
130 293
131 133
131 135
131 157
131 166
131 188
131 198
131 220
131 230
131 233
131 246
131 256
131 261
131 269
131 270
131 284
131 285
131 292
131 298
131 305
131 307
132 146
132 172
132 205
132 209
132 313
133 149
133 157
133 167
133 169
133 184
133 187
133 208
133 210
133 218
133 219
133 239
133 252
133 266
133 268
133 272
133 286
134 136
134 137
134 153
134 156
134 158
134 178
134 185
134 192
134 201
134 266
134 288
135 144
135 145
135 151
135 152
135 157
135 179
135 180
135 182
135 188
135 189
135 205
135 224
135 251
135 254
135 256
135 265
135 269
135 272
135 288
135 295
136 149
136 152
136 155
136 157
136 158
136 167
136 168
136 188
136 208
136 238
136 241
136 245
136 249
136 265
136 269
136 313
138 146
138 157
138 159
138 167
138 220
138 226
138 285
139 303
140 177
140 206
140 240
142 147
142 152
142 180
142 193
142 204
142 215
142 243
142 287
143 308
144 211
144 215
145 231
145 304
147 184
147 215
147 286
148 193
148 200
148 208
148 239
148 240
148 290
148 304
149 153
149 167
149 204
149 284
150 310
152 164
152 177
152 247
152 271
153 202
153 278
153 287
154 160
154 180
154 236
154 286
156 167
156 171
156 193
156 203
156 208
156 211
156 218
156 222
156 232
156 256
156 261
156 305
157 202
157 219
157 235
157 259
157 261
157 276
158 167
159 204
159 210
159 233
160 188
160 204
160 210
160 237
160 280
160 287
161 235
161 246
161 258
161 278
161 305
163 292
164 285
164 287
164 288
165 176
165 315
166 194
167 206
169 217
169 239
169 296
170 173
171 205
171 287
172 200
172 247
173 174
173 269
174 285
175 281
175 314
176 202
177 307
178 180
179 239
179 310
179 315
180 197
180 249
180 275
180 287
181 204
181 254
181 261
181 287
182 193
182 274
185 224
185 242
186 210
188 233
188 284
189 223
190 231
191 231
191 248
192 206
192 310
193 222
193 244
193 249
193 253
195 280
195 298
196 238
196 245
196 300
196 311
197 206
197 208
197 216
197 258
197 285
197 286
198 258
199 258
200 223
200 262
200 273
200 286
202 275
202 285
203 271
203 298
204 208
205 286
205 290
206 217
206 269
206 287
206 293
207 210
208 245
208 261
208 287
209 287
210 274
210 278
213 286
214 236
214 273
215 286
215 288
217 245
217 279
217 298
217 299
219 232
220 292
220 299
222 243
223 278
224 267
224 273
224 298
225 268
225 275
227 287
227 310
230 261
230 278
231 246
231 268
231 287
231 311
232 260
232 281
233 241
233 273
233 285
235 238
235 239
236 293
237 270
239 269
240 267
242 276
244 275
244 288
245 286
246 266
249 306
252 256
257 292
258 287
259 300
260 275
260 287
260 288
265 287
268 272
268 281
269 286
269 292
271 283
272 302
275 313
276 288
276 294
276 298
280 298
280 309
284 301
286 288
287 290
287 293
287 296
288 296
288 301
290 307
303 305
