0 7
0 14
0 50
0 87
0 133
0 293
1 201
2 4
2 23
2 25
2 31
2 32
2 48
2 57
2 81
2 129
2 138
2 156
2 158
2 184
2 213
2 242
3 19
3 49
3 67
3 133
3 136
3 285
4 39
4 64
4 101
4 170
4 258
4 298
4 309
5 47
5 111
5 140
5 146
5 154
6 62
6 150
7 69
7 85
7 91
7 96
7 135
7 150
7 179
7 192
7 219
7 235
7 251
7 256
7 275
7 280
7 298
8 33
8 69
8 96
8 110
8 118
8 131
8 145
8 174
8 249
8 250
8 273
8 298
9 81
9 133
9 152
9 160
9 186
9 265
9 286
10 130
11 89
11 141
11 224
12 33
12 77
12 80
12 103
12 128
12 131
12 135
12 167
12 228
12 274
12 296
13 27
13 260
14 50
14 76
14 91
14 96
14 156
14 195
14 220
14 223
14 227
14 303
15 16
15 134
15 149
15 180
15 184
15 185
15 205
16 18
16 24
16 33
16 55
16 78
16 114
16 122
16 142
16 156
16 160
16 193
16 203
16 206
16 244
16 264
16 271
17 48
17 65
17 72
17 134
17 174
17 258
17 288
18 28
18 42
18 75
18 87
18 106
18 219
18 244
19 60
19 129
19 130
19 305
20 37
20 62
20 92
20 104
20 134
20 148
20 181
20 206
20 215
20 223
20 269
20 278
20 304
21 60
21 64
21 154
21 177
21 180
21 305
22 42
22 134
22 142
22 182
22 244
22 271
22 315
23 66
23 104
23 119
23 268
24 38
24 63
24 130
24 140
24 159
24 173
24 182
24 271
24 287
25 41
25 118
25 122
25 133
25 143
25 156
25 205
26 114
26 167
26 241
26 279
27 103
27 129
27 142
27 156
27 157
27 254
27 309
28 80
28 85
28 135
28 156
28 281
28 287
29 59
29 93
29 132
29 143
29 161
29 305
30 174
30 279
31 66
31 84
31 101
31 108
31 122
31 129
31 134
31 136
31 148
31 159
31 209
31 212
31 255
32 33
32 103
32 118
32 120
32 128
32 143
32 157
32 161
32 164
32 191
32 200
32 204
32 206
32 220
32 239
32 249
32 268
32 282
32 289
32 307
33 71
33 109
33 121
33 129
33 131
33 136
33 152
33 156
33 195
33 196
33 209
33 244
33 291
33 303
34 75
34 131
34 138
34 176
34 208
34 220
34 291
35 50
35 62
35 122
35 160
35 193
35 195
35 238
35 272
35 285
35 305
36 117
36 163
36 164
36 174
36 314
37 102
37 128
37 130
37 269
37 285
38 60
38 99
38 122
38 145
38 148
38 154
38 200
38 209
38 227
38 240
39 62
39 134
39 200
39 272
39 293
39 313
40 133
40 149
40 274
40 286
40 292
40 307
41 73
41 75
41 218
41 232
41 310
42 110
42 148
42 239
42 265
43 85
43 110
43 129
43 191
43 195
43 213
43 232
43 249
43 305
44 120
44 136
44 167
44 215
45 92
45 118
45 136
45 166
45 169
45 214
45 218
45 260
45 288
45 311
46 67
46 107
46 120
46 129
46 198
46 245
46 249
46 296
47 74
47 88
47 103
47 122
47 130
47 133
47 136
47 158
47 166
47 299
47 305
48 130
48 134
48 147
48 225
49 107
49 188
49 304
50 70
50 118
50 175
50 249
50 304
51 78
51 84
51 99
51 166
51 172
51 196
51 215
51 234
51 267
51 276
52 63
52 104
52 156
52 221
53 83
54 87
54 131
54 202
54 220
54 234
54 255
54 266
55 119
55 157
55 188
55 215
56 109
56 167
56 180
56 206
56 212
56 248
57 101
58 62
58 185
59 74
59 96
59 99
59 130
59 135
59 140
59 149
59 169
59 208
59 219
59 237
59 240
59 269
59 294
60 74
60 80
60 101
60 105
60 106
60 129
60 130
60 133
60 142
60 202
60 212
60 249
61 130
61 135
61 243
61 245
61 315
62 92
62 129
62 205
62 220
62 233
63 91
63 103
63 149
63 159
64 129
64 174
64 210
64 257
64 268
64 269
65 205
66 156
66 267
66 286
67 95
67 115
67 118
67 123
68 128
68 194
68 195
68 252
68 260
68 297
69 105
69 118
69 164
69 180
70 135
70 141
70 157
70 180
70 192
70 193
71 85
71 134
71 135
71 167
71 180
72 101
72 192
72 238
72 252
72 285
72 287
72 288
73 123
73 129
73 168
73 185
73 200
73 229
74 106
74 124
74 149
74 161
74 165
74 167
74 220
74 238
74 268
75 134
75 156
75 241
75 280
76 135
76 197
76 255
76 285
77 148
77 245
78 92
78 108
78 156
78 210
78 287
79 103
79 108
79 168
79 180
79 249
79 299
80 83
80 84
80 118
80 140
80 220
80 221
80 231
80 239
80 271
80 287
80 288
81 129
81 211
82 103
82 258
83 87
83 97
83 275
83 297
84 112
84 205
85 107
85 148
85 167
85 211
85 223
85 266
86 95
86 122
86 142
86 280
87 108
87 128
87 156
87 161
87 218
87 242
87 254
87 301
87 305
88 172
88 184
88 245
88 263
88 267
88 285
89 129
89 161
89 200
89 212
89 305
90 94
90 124
90 133
90 152
90 271
90 289
91 130
91 210
91 286
91 293
92 129
92 135
92 148
92 185
92 188
92 309
93 129
94 108
94 117
94 135
94 172
94 181
94 195
94 242
95 140
95 218
95 255
96 180
97 98
97 111
97 156
97 239
98 110
98 131
98 133
98 156
98 243
99 239
100 108
100 239
101 130
101 133
101 140
101 278
101 284
101 293
102 107
102 109
102 129
102 148
102 154
102 167
102 176
102 242
102 271
102 303
103 106
103 129
103 133
103 153
103 155
103 184
103 225
103 231
103 249
103 252
103 285
103 288
104 129
104 133
104 156
104 194
104 206
104 271
104 275
105 279
106 142
106 219
106 239
107 129
107 156
107 164
107 287
107 304
108 190
108 244
108 288
109 130
109 133
109 210
109 249
109 288
109 299
109 313
110 132
110 157
110 179
110 208
110 249
110 251
110 252
110 267
110 271
111 128
111 193
111 204
112 165
112 195
112 274
112 296
113 210
114 135
114 138
115 136
115 149
115 204
115 241
115 263
116 132
116 310
117 186
117 222
117 228
117 295
118 120
118 130
118 136
118 140
118 217
118 297
119 129
119 311
120 122
120 309
121 133
121 134
121 149
121 275
122 135
122 141
122 151
122 157
122 254
122 276
123 165
123 231
123 260
123 267
124 129
124 148
124 154
124 165
124 193
124 223
124 248
124 305
125 287
126 140
126 148
126 214
127 153
127 281
129 133
129 134
129 140
129 150
129 154
129 156
129 160
129 179
129 201
129 211
129 214
129 216
129 237
129 291
129 292
129 296
130 133
130 136
130 145
130 156
130 180
130 190
130 192
130 239
130 249
130 275
130 276
130 298
130 303
131 133
131 134
131 135
131 148
131 149
131 173
131 196
131 201
131 212
131 213
131 220
131 240
131 265
131 296
132 134
132 156
132 244
133 135
133 158
133 167
133 172
133 177
133 178
133 180
133 185
133 199
133 223
133 245
133 249
133 283
133 284
133 288
133 304
133 305
134 135
134 154
134 156
134 161
134 174
134 181
134 220
134 236
134 268
134 272
134 287
134 290
134 299
135 148
135 150
135 152
135 166
135 203
135 205
135 212
135 213
135 220
135 248
136 154
136 157
136 266
136 275
136 286
136 287
136 296
137 163
137 166
137 249
138 146
138 156
138 193
138 221
140 176
140 244
141 200
141 287
142 184
143 148
143 231
143 232
144 229
145 270
145 288
145 293
145 301
146 241
147 167
147 205
147 261
148 180
148 184
148 195
148 211
148 216
148 251
148 303
149 269
150 201
150 286
151 160
152 188
152 207
152 275
152 287
154 167
154 183
154 239
154 309
156 184
156 188
156 224
156 230
156 243
156 263
156 275
156 283
156 297
156 303
157 192
157 215
157 245
157 285
158 242
158 314
159 205
159 248
160 176
160 200
160 214
160 302
161 208
161 288
162 231
162 288
162 314
162 315
164 246
164 288
165 303
166 212
166 285
167 174
167 206
167 212
167 221
167 247
167 254
167 258
167 271
168 286
169 249
169 292
170 299
171 210
172 206
172 226
173 215
173 284
174 200
175 283
177 220
177 241
179 216
179 219
179 244
179 250
180 214
180 217
180 239
180 263
180 283
181 287
184 237
184 244
185 204
185 220
186 205
188 200
188 205
188 216
188 229
188 236
188 299
189 261
191 268
191 297
191 302
192 287
193 204
193 212
193 283
195 275
195 304
196 211
196 286
196 297
197 255
197 285
199 284
200 214
200 220
200 239
200 281
200 284
204 265
205 243
205 250
205 279
206 215
206 224
206 247
206 266
206 305
207 224
207 244
208 212
208 279
208 290
208 313
209 250
210 211
210 268
211 212
211 217
212 231
213 234
214 232
214 283
215 242
216 274
217 239
217 293
218 249
219 252
219 281
221 245
221 271
222 258
223 233
226 293
227 258
229 242
229 301
231 286
231 307
232 287
232 298
233 239
233 273
233 304
233 311
234 271
235 267
239 244
239 275
239 286
239 305
239 311
240 249
240 287
241 252
241 268
241 288
241 292
242 249
242 262
242 281
242 286
242 292
243 265
243 276
245 263
245 293
246 252
248 249
248 251
249 284
252 258
254 279
255 312
258 311
259 272
259 292
261 278
264 294
265 276
269 276
270 287
271 282
272 307
272 312
274 288
275 303
276 283
278 293
280 286
281 291
283 288
285 302
286 298
287 288
287 308
287 315
288 303
289 302
290 296
292 298
