0 5
0 34
0 40
0 72
0 119
0 295
1 8
1 40
1 112
1 130
1 131
1 244
1 301
2 6
2 40
2 108
2 130
2 154
2 156
2 179
2 192
2 242
2 249
2 255
2 271
2 278
2 281
2 288
3 73
3 124
3 135
3 169
3 190
3 196
3 200
4 69
4 133
4 206
4 269
5 55
5 134
5 156
5 208
6 37
6 56
6 62
6 212
6 311
7 14
7 15
7 16
7 73
7 99
7 103
7 129
7 133
7 136
7 148
7 221
7 275
7 287
7 299
8 48
8 70
8 157
8 172
8 197
8 200
8 213
8 214
8 216
8 294
9 20
9 121
9 134
9 160
9 196
9 220
9 244
9 249
9 307
10 21
10 32
10 152
10 179
10 210
10 229
10 242
11 33
11 39
11 63
11 67
11 80
11 96
11 135
11 167
11 210
11 276
12 40
12 62
12 115
12 135
12 137
12 187
12 249
12 279
12 283
13 32
13 131
13 134
13 224
13 291
13 313
14 86
14 181
14 191
14 231
14 245
14 274
14 285
14 298
15 122
15 129
15 179
15 206
15 280
15 296
15 303
15 306
16 35
16 44
16 47
16 59
16 62
16 68
16 107
16 115
16 125
16 136
16 140
16 193
16 200
16 236
16 242
16 273
17 115
17 119
17 131
17 193
17 266
18 47
18 124
18 205
19 56
19 85
19 180
19 223
19 224
19 252
19 265
19 296
20 40
20 61
20 111
20 132
20 228
21 171
21 207
21 238
21 258
21 296
22 133
22 235
23 25
23 77
23 157
23 179
24 103
24 121
24 158
24 179
24 220
24 293
25 119
25 126
25 186
25 197
25 301
26 148
26 182
26 285
27 64
27 283
28 102
28 218
28 230
28 280
29 77
29 130
29 133
29 138
29 191
29 198
30 33
30 106
30 123
31 41
31 105
31 140
31 158
31 182
31 221
31 231
31 249
31 274
31 304
32 53
32 76
32 77
32 117
32 122
32 123
32 128
32 130
32 143
32 214
32 241
32 284
32 294
32 312
33 88
33 111
33 129
33 131
33 174
33 180
33 181
33 197
33 226
33 264
33 265
33 275
33 287
34 52
34 96
34 108
34 122
34 244
34 288
34 310
35 88
35 107
35 134
35 206
36 45
36 77
36 86
36 112
36 130
36 131
36 142
36 234
36 244
37 48
37 59
37 66
37 130
37 249
37 266
38 46
38 131
38 152
38 187
38 189
39 72
39 92
39 131
39 141
39 145
39 179
40 50
40 73
40 185
40 196
40 276
40 302
41 78
41 99
41 112
41 135
42 154
42 169
42 213
43 48
43 95
43 124
43 135
43 188
43 200
43 255
43 285
44 88
44 165
44 217
45 61
45 85
45 105
45 123
45 133
45 144
45 148
45 155
45 156
45 168
45 213
45 227
45 233
45 241
45 287
45 296
46 67
46 102
46 118
46 129
46 147
46 157
46 180
46 218
46 287
46 292
47 149
47 215
47 232
47 247
47 248
48 102
48 135
48 196
48 270
49 156
50 66
50 103
50 105
50 129
50 210
50 242
50 287
50 314
51 112
51 128
51 132
51 133
51 136
51 154
51 165
51 171
51 239
51 266
51 275
52 56
52 96
52 98
52 126
52 130
52 297
53 292
54 99
54 129
54 134
54 242
54 284
54 287
55 233
56 70
56 80
56 132
56 171
56 182
56 220
56 281
56 287
56 293
57 269
58 144
58 156
58 157
58 180
59 62
59 76
59 97
59 115
59 133
59 168
59 197
59 205
59 207
59 248
59 278
59 286
60 63
60 81
60 130
60 215
60 219
60 237
60 295
61 75
61 227
61 285
62 106
62 129
62 188
62 249
62 291
63 75
63 167
63 205
63 288
64 92
64 129
64 130
64 179
64 208
64 233
64 243
64 299
64 311
65 122
65 215
65 305
66 130
66 133
66 156
66 232
66 276
66 307
67 68
67 74
67 92
67 156
67 220
68 85
68 92
68 104
68 105
68 129
68 142
68 232
68 246
69 124
69 130
69 265
69 275
70 101
70 103
70 146
70 201
71 174
72 74
72 130
72 200
72 272
73 133
73 149
73 281
73 287
74 85
74 104
74 106
74 122
74 215
74 230
74 238
74 243
74 261
74 286
75 76
75 134
75 177
75 194
75 296
75 305
76 91
76 133
76 213
76 220
76 225
76 278
76 296
77 103
77 124
77 125
77 133
77 236
77 249
78 167
78 222
78 288
79 123
79 130
79 150
79 228
79 259
80 193
80 212
80 231
80 287
80 296
80 299
80 305
81 146
81 223
82 131
82 143
83 145
83 207
83 222
83 304
84 88
84 188
84 239
85 137
85 144
85 179
85 197
85 208
85 266
86 130
86 154
86 179
86 229
87 114
87 140
87 188
87 305
88 99
88 244
89 106
89 135
89 145
89 269
90 93
90 109
90 129
90 132
90 156
91 220
92 118
92 124
92 133
92 137
92 156
92 179
92 280
92 293
93 136
93 201
94 214
94 224
94 309
95 244
95 255
95 258
95 275
95 276
96 133
96 272
97 133
97 155
97 220
98 204
98 210
98 226
98 252
99 131
100 129
100 175
100 288
101 103
101 135
101 164
101 268
101 287
102 118
102 128
102 129
102 136
102 200
102 201
102 296
102 306
103 106
103 110
103 117
103 130
103 247
103 288
104 233
104 248
104 274
104 293
104 305
105 209
105 211
105 258
105 286
105 297
105 304
106 156
106 216
106 291
107 123
107 195
107 206
107 211
108 117
108 127
108 128
108 152
108 227
108 252
109 121
109 130
109 208
109 254
110 119
110 134
110 156
110 160
110 180
110 205
110 233
110 294
110 305
111 152
111 175
112 145
112 180
113 134
113 267
114 259
115 116
115 298
116 132
116 143
116 303
117 129
117 135
117 237
117 302
118 133
118 138
118 220
118 223
118 247
118 288
119 130
119 245
119 293
120 130
120 231
120 287
121 133
121 233
121 266
122 129
122 133
122 156
122 277
123 133
123 213
124 143
124 185
124 208
124 220
126 130
126 156
126 157
126 192
127 133
127 134
128 130
128 154
128 156
128 193
128 225
128 241
128 292
129 133
129 134
129 135
129 136
129 144
129 145
129 149
129 161
129 171
129 173
129 180
129 218
129 232
129 234
129 247
129 248
129 250
129 257
129 285
130 131
130 142
130 156
130 157
130 160
130 202
130 206
130 221
130 249
130 250
130 255
130 268
130 287
130 292
131 132
131 142
131 145
131 146
131 147
131 188
131 191
131 204
131 218
131 220
131 224
131 225
131 233
131 234
131 238
131 247
131 276
131 279
131 314
132 134
132 206
132 224
132 249
133 134
133 149
133 156
133 177
133 188
133 197
133 200
133 207
133 223
133 229
133 236
133 246
133 271
133 287
133 299
133 305
133 310
134 149
134 151
134 161
134 178
134 186
134 199
134 207
134 209
134 217
134 229
134 242
134 243
134 261
134 267
134 278
134 286
134 297
135 156
135 172
135 178
135 206
135 231
135 234
135 235
135 264
135 272
135 273
136 149
136 176
136 239
136 297
137 158
137 220
137 258
137 282
138 156
138 160
138 249
138 260
138 288
138 290
138 292
138 302
139 166
139 188
139 239
140 178
140 180
140 186
141 207
142 145
142 196
142 257
143 157
143 190
143 295
144 192
144 234
144 248
145 213
145 239
145 240
145 281
146 160
146 224
147 160
147 220
148 204
148 217
148 244
149 156
149 223
149 249
149 258
149 302
149 310
150 190
151 206
151 287
152 157
152 185
152 220
152 275
152 285
153 287
154 188
154 190
154 283
155 160
155 206
155 273
156 179
156 195
156 205
156 206
156 218
156 222
156 232
156 244
156 259
156 264
156 266
156 280
156 297
156 304
157 189
157 206
157 215
157 240
157 241
157 254
157 288
157 305
157 311
158 174
158 185
158 194
159 163
159 177
159 190
159 245
159 259
160 195
160 209
160 247
160 252
160 293
160 303
161 218
162 278
162 303
163 255
163 258
164 227
164 249
165 171
165 193
165 265
167 172
167 174
167 186
167 211
167 213
167 217
167 231
167 249
167 296
168 303
171 180
171 193
171 219
171 295
171 297
172 218
172 281
172 287
173 183
173 251
173 257
173 258
174 207
174 285
175 268
175 273
177 213
178 204
178 214
179 211
179 268
180 199
180 210
180 220
180 280
181 242
181 244
181 286
182 241
184 197
184 204
184 217
186 201
187 212
187 312
188 191
188 208
188 252
189 249
191 197
191 249
191 288
192 305
193 203
194 242
194 258
194 285
194 287
195 270
195 281
195 305
196 232
196 275
197 201
197 246
197 290
200 203
200 233
200 267
200 290
200 305
200 309
201 207
201 208
202 301
203 204
204 220
204 269
204 292
204 301
204 314
205 248
205 304
206 230
206 252
206 258
206 284
206 292
206 299
206 300
207 286
207 304
208 248
209 272
209 279
210 233
210 250
210 252
210 298
211 296
212 214
213 231
213 298
214 246
215 298
216 283
216 294
217 219
217 234
218 239
219 246
219 287
220 243
220 269
223 279
224 239
224 298
227 235
227 239
231 252
231 259
231 288
232 233
232 294
233 287
234 249
236 279
239 243
239 258
239 295
239 304
241 242
242 272
242 281
242 293
243 256
245 287
248 284
248 294
249 252
251 313
252 298
254 285
258 274
262 267
264 267
266 289
267 272
271 272
272 275
273 289
273 291
277 311
277 313
278 313
283 288
283 292
286 288
287 298
287 304
287 314
292 307
293 303
295 305
296 313
304 311
305 309
