0 20
0 63
0 80
0 81
0 129
0 210
0 278
0 303
1 7
1 25
1 59
1 62
1 129
1 156
1 180
1 227
2 19
2 79
2 106
2 130
2 148
2 160
2 174
2 181
2 191
2 233
2 274
2 285
2 286
2 314
3 131
3 143
3 179
3 291
4 23
4 28
4 34
4 50
4 86
4 107
4 108
4 129
4 130
4 294
5 12
5 16
5 33
5 45
5 62
5 125
5 133
5 176
5 188
5 242
5 246
5 272
6 106
6 117
6 140
6 148
6 153
6 173
6 185
6 216
6 241
7 39
7 68
7 75
7 105
7 171
7 244
7 260
7 286
7 287
7 309
8 59
8 60
8 97
8 103
8 106
8 121
8 122
8 130
8 157
8 188
8 224
9 12
9 101
9 134
9 205
9 291
10 62
10 165
10 177
10 287
11 136
11 218
11 234
11 279
12 18
12 32
12 35
12 46
12 72
12 132
12 138
12 154
12 162
12 197
12 204
12 205
12 229
12 269
13 14
13 33
13 34
13 70
13 111
13 130
13 158
13 210
13 269
13 305
14 20
14 33
14 37
14 123
14 188
14 249
14 274
14 286
14 293
14 304
15 16
15 42
15 59
15 95
15 117
15 164
15 178
15 238
15 266
16 45
16 47
16 79
16 85
16 102
16 103
16 108
16 130
16 131
16 135
16 140
16 153
16 160
16 175
16 181
16 197
16 211
16 215
16 231
16 276
17 161
17 276
18 22
18 42
18 44
18 45
18 101
18 131
18 152
18 167
18 220
18 298
19 35
19 45
19 110
19 118
19 243
19 271
19 285
20 50
20 124
20 139
20 156
20 160
20 192
20 193
21 47
21 74
21 76
21 215
21 245
21 249
21 256
22 247
22 306
23 30
23 224
23 249
24 130
24 134
24 173
24 193
24 220
24 305
25 31
25 59
25 121
25 130
25 135
25 143
25 154
25 197
25 249
25 250
25 269
25 298
25 305
26 133
26 156
26 290
27 129
27 133
27 219
28 33
28 102
28 152
28 279
28 288
29 60
29 126
30 33
30 59
30 118
30 128
30 136
30 199
30 210
30 216
30 308
30 314
31 32
31 45
31 92
31 102
31 103
31 122
31 134
31 136
31 266
31 281
31 283
31 305
32 33
32 39
32 41
32 47
32 66
32 74
32 89
32 104
32 106
32 117
32 122
32 124
32 133
32 140
32 168
32 192
32 196
32 216
32 217
32 220
32 222
32 239
32 305
32 308
33 44
33 46
33 50
33 110
33 130
33 131
33 148
33 177
33 178
33 188
33 208
33 232
33 251
33 285
34 129
34 131
34 135
34 208
35 101
35 148
35 158
35 193
35 204
35 306
36 51
36 60
36 135
36 305
37 60
37 199
37 200
37 252
38 112
38 188
38 197
38 222
38 235
38 313
39 94
39 124
39 295
40 50
40 102
40 130
40 134
40 135
40 148
40 180
40 200
40 265
40 309
41 92
41 99
41 118
41 131
41 180
41 210
42 50
42 62
42 96
42 217
42 239
42 263
43 48
43 50
43 75
43 216
44 105
44 129
44 130
44 193
44 283
45 46
45 57
45 98
45 124
45 172
45 174
45 175
45 200
45 261
45 283
46 51
46 92
46 106
46 130
46 133
46 162
46 188
47 62
47 115
47 140
47 211
47 249
47 298
48 180
48 210
48 275
49 50
49 67
49 129
49 156
49 264
49 286
50 123
50 133
50 152
50 217
51 60
51 108
51 118
51 205
51 255
51 302
52 133
53 140
54 74
54 115
54 133
54 161
54 191
55 114
55 133
55 243
56 70
56 81
56 92
56 124
56 161
56 162
56 198
57 87
57 118
57 193
58 292
59 68
59 98
59 107
59 129
59 156
59 167
59 194
59 239
59 287
60 90
60 104
60 123
60 135
60 167
60 249
60 258
60 264
61 62
61 133
62 68
62 91
62 107
62 129
62 131
62 157
62 189
62 200
62 224
62 264
63 72
63 89
63 98
63 200
63 272
64 77
64 133
64 148
64 229
66 219
66 243
66 288
67 72
67 103
67 133
67 140
67 178
67 213
67 233
67 258
67 275
68 73
68 84
68 94
68 102
68 108
68 128
68 133
68 136
68 156
68 180
68 210
68 243
69 143
69 280
70 81
70 130
70 167
70 197
71 81
72 103
72 178
72 222
72 269
72 288
73 79
73 89
73 92
73 193
73 239
73 241
73 296
74 101
74 105
74 120
74 130
74 180
74 193
74 207
75 98
75 121
75 126
75 133
75 156
75 185
75 211
75 278
75 293
75 310
76 99
76 111
76 131
76 201
76 211
76 314
77 115
77 129
77 131
77 149
77 206
77 310
78 129
78 152
78 155
78 232
78 266
78 282
79 209
79 249
79 294
80 99
80 108
80 136
80 151
80 157
80 232
80 241
81 97
81 124
81 132
81 151
81 170
81 194
81 212
81 288
82 145
82 249
83 138
83 198
83 215
83 295
83 310
84 148
85 131
85 142
85 210
85 249
85 275
85 288
85 304
86 130
86 133
86 134
87 96
87 102
87 198
87 200
87 220
87 224
87 296
88 133
88 156
88 286
89 103
89 142
89 145
89 152
89 157
89 193
89 249
91 249
91 273
91 311
92 133
92 168
92 200
92 205
92 208
92 238
92 292
92 304
93 240
94 106
94 127
94 138
94 181
94 239
95 131
95 136
95 139
95 149
95 193
96 118
96 133
96 135
96 153
96 185
96 194
96 232
96 266
96 276
97 130
97 131
97 222
97 271
97 274
98 127
98 129
98 156
98 166
98 167
98 168
98 210
98 232
98 241
101 118
101 159
101 166
101 167
101 180
101 273
101 301
102 121
102 131
102 152
102 162
102 198
102 252
102 299
103 130
103 148
103 161
103 164
103 167
103 229
103 237
103 241
103 243
103 267
104 120
104 125
104 130
104 131
104 143
104 181
104 190
104 213
104 217
104 276
104 281
104 287
105 117
105 131
105 134
105 159
105 160
105 173
105 180
106 133
106 141
106 193
106 252
106 276
106 288
107 157
107 271
108 129
108 197
108 205
108 210
108 255
108 280
109 126
109 276
109 287
110 134
110 168
110 213
110 216
110 262
111 123
111 159
111 213
112 131
112 136
112 172
112 185
113 124
113 231
114 136
114 173
115 181
115 240
116 127
117 142
117 305
118 142
118 156
118 239
118 258
118 268
118 284
118 295
119 134
119 216
119 252
120 286
120 288
120 292
120 314
121 171
121 196
121 253
121 280
122 136
122 142
122 210
122 216
123 131
123 136
123 200
124 133
124 185
124 210
124 247
124 269
124 286
124 305
126 145
127 131
128 130
128 134
128 173
128 202
128 243
128 287
129 130
129 135
129 138
129 156
129 157
129 160
129 174
129 204
129 231
129 255
129 264
129 267
129 271
129 272
129 273
129 305
130 131
130 134
130 163
130 164
130 179
130 187
130 215
130 216
130 224
130 227
130 241
130 252
130 260
130 263
130 267
130 276
130 278
130 279
130 283
130 295
130 314
131 132
131 134
131 144
131 154
131 156
131 159
131 182
131 200
131 210
131 243
131 249
131 258
131 279
131 287
131 294
131 295
131 299
132 136
132 180
132 220
132 287
133 136
133 146
133 148
133 157
133 159
133 188
133 191
133 204
133 211
133 215
133 235
133 249
133 276
133 286
133 291
133 293
133 311
134 136
134 145
134 157
134 167
134 179
134 184
134 210
134 223
134 227
134 230
134 238
134 239
134 244
134 266
134 272
134 283
134 287
135 136
135 148
135 156
135 157
135 164
135 181
135 192
135 200
135 225
135 229
135 243
135 264
135 277
135 286
135 287
136 156
136 192
136 209
136 223
136 242
136 288
136 297
137 161
137 314
138 177
138 191
138 232
138 247
138 249
138 281
140 149
140 174
140 180
140 305
141 220
142 160
142 167
142 269
142 288
143 185
144 157
144 276
145 156
145 215
145 231
145 279
145 285
146 188
148 156
148 184
148 188
148 234
148 242
148 258
148 276
148 287
148 288
148 295
148 301
149 152
149 157
149 200
149 216
149 295
152 156
152 162
152 172
152 226
152 286
152 290
153 156
153 185
153 252
154 165
154 222
154 241
154 288
156 167
156 178
156 193
156 200
156 203
156 210
156 216
156 218
156 220
156 223
156 244
156 245
156 272
156 278
156 287
156 309
157 177
157 187
157 192
157 197
157 264
157 275
157 285
157 298
158 181
159 249
159 303
159 308
160 167
160 215
160 231
160 258
160 279
160 307
161 234
161 303
162 197
162 198
162 239
163 205
163 309
164 167
164 200
165 210
166 218
166 305
167 170
167 172
167 185
167 246
167 259
167 297
171 178
171 247
172 287
173 219
173 227
174 195
174 224
174 247
174 255
174 266
174 298
174 308
175 200
175 208
175 285
176 255
176 278
176 299
179 180
179 197
179 205
179 231
180 224
180 239
180 245
180 247
180 252
180 285
180 299
180 313
185 234
185 249
185 265
186 272
187 188
188 201
188 211
188 265
190 246
190 305
191 219
192 201
192 245
193 210
193 220
193 230
193 232
193 272
193 278
193 287
193 313
195 249
197 200
197 209
197 233
197 256
197 309
199 204
199 214
199 219
200 265
200 274
200 281
200 305
201 210
201 275
202 226
202 273
202 302
203 273
204 205
205 206
205 220
205 250
206 231
206 288
207 248
208 215
208 220
208 258
208 260
209 223
210 249
210 261
210 276
210 305
212 287
213 275
213 287
215 259
215 296
217 231
217 240
217 249
217 279
219 264
219 275
220 224
220 271
220 283
220 304
220 305
223 266
223 288
224 263
224 286
224 295
225 238
225 287
228 231
229 286
230 232
230 293
231 238
231 241
231 278
231 288
233 304
234 279
234 304
235 248
236 238
236 263
237 244
239 264
239 314
241 296
242 253
245 287
245 288
247 275
248 255
249 252
249 259
249 270
249 283
249 303
252 307
267 278
269 279
269 286
273 282
275 295
285 302
287 307
294 301
296 298
296 308
297 298
298 301
300 307
