0 83
0 205
0 214
0 279
1 18
1 46
1 180
1 185
1 213
1 241
2 44
2 87
2 106
2 118
2 147
2 157
2 163
2 167
2 193
2 208
2 210
3 52
3 287
4 114
4 165
4 187
4 220
4 239
4 281
4 292
5 67
5 68
5 92
5 102
5 148
5 206
5 224
5 249
5 258
6 51
6 70
6 130
6 221
6 232
7 10
7 16
7 26
7 27
7 36
7 67
7 102
7 130
7 160
7 173
7 193
7 197
7 218
7 245
7 247
7 250
7 277
7 285
7 290
8 16
8 21
8 29
8 34
8 42
8 80
8 97
8 111
8 130
8 157
8 176
8 219
8 283
8 289
8 302
9 42
9 304
10 68
11 134
11 218
12 44
12 68
12 145
12 200
12 210
12 247
12 286
12 308
13 106
13 118
13 121
13 159
13 160
13 161
13 245
13 286
14 21
14 129
14 131
14 154
14 175
14 177
14 213
14 218
14 234
14 245
14 311
15 123
15 131
15 133
15 242
16 40
16 47
16 56
16 104
16 124
16 129
16 136
16 161
16 204
16 208
16 231
16 269
16 279
16 285
17 26
17 148
18 27
18 31
18 34
18 68
18 121
18 130
18 133
18 135
18 142
18 145
18 165
18 194
18 224
18 229
18 278
18 302
19 129
19 130
19 134
19 287
19 298
19 305
20 59
20 75
20 76
20 77
20 134
20 156
20 188
20 191
21 114
21 156
21 239
21 280
22 42
22 104
22 197
22 209
22 287
22 309
23 31
23 129
23 239
23 244
23 306
24 79
24 101
24 130
24 200
24 245
25 30
25 38
25 45
25 60
25 153
25 211
25 287
26 27
26 63
26 134
26 168
26 173
26 281
26 307
27 126
27 132
27 176
27 188
27 215
27 273
27 308
28 74
28 96
28 246
28 254
29 75
29 129
29 164
29 298
30 40
30 118
30 122
30 188
30 210
30 288
31 37
31 40
31 42
31 45
31 46
31 50
31 62
31 68
31 71
31 79
31 103
31 118
31 128
31 130
31 131
31 132
31 134
31 144
31 155
31 156
31 200
31 215
31 249
31 268
31 274
31 279
32 67
32 105
32 134
32 161
32 197
32 198
32 277
32 283
32 293
32 315
33 40
33 55
33 60
33 104
33 107
33 108
33 122
33 123
33 126
33 136
33 142
33 154
33 157
33 174
33 191
33 193
33 200
33 287
34 129
34 193
34 206
34 220
34 239
35 59
35 111
35 120
35 180
35 269
36 148
36 179
36 274
37 116
37 224
38 155
38 156
38 244
38 286
39 135
40 74
40 101
40 105
40 239
40 249
40 286
41 78
41 125
41 129
41 135
41 136
41 193
41 205
41 266
42 63
42 67
42 94
42 103
42 104
42 131
42 149
42 179
42 213
42 222
43 74
43 101
43 106
43 128
43 162
43 259
43 287
44 51
44 92
44 106
44 115
44 308
45 46
45 59
45 81
45 85
45 89
45 98
45 156
45 181
45 220
45 255
45 256
46 74
46 103
46 139
46 149
46 156
46 188
46 197
46 215
46 222
46 239
46 245
46 257
47 91
47 145
47 188
47 224
47 272
48 63
48 68
48 107
48 130
48 134
48 162
48 283
48 303
49 129
49 140
49 218
49 265
50 79
50 110
50 128
50 129
50 148
50 167
50 200
50 255
50 286
51 67
51 130
51 131
51 188
51 210
51 287
52 132
52 135
52 224
52 249
52 272
53 162
54 188
54 193
55 138
55 217
56 89
56 129
56 160
56 173
56 220
56 276
56 314
57 140
58 135
58 202
59 112
59 119
59 129
59 134
59 140
59 149
59 210
59 241
59 280
59 283
59 294
59 314
60 86
60 92
60 98
60 128
60 131
60 158
60 160
60 184
60 193
60 242
60 249
60 271
60 273
61 65
61 68
61 200
61 206
61 249
61 308
62 67
62 76
62 78
62 108
62 131
62 142
62 221
62 279
62 287
63 72
63 89
63 136
63 200
64 130
64 138
64 182
64 218
64 249
65 152
65 197
65 266
66 142
66 179
66 223
66 242
66 261
67 102
67 122
67 152
67 172
67 205
67 232
67 276
68 108
68 120
68 124
68 134
68 200
68 233
68 235
68 304
69 314
70 156
70 220
71 102
71 212
72 96
72 144
72 156
72 167
72 192
72 217
72 239
72 252
72 258
73 79
73 116
73 159
73 217
73 240
73 258
73 301
74 112
74 161
74 172
74 192
74 195
74 217
74 233
75 131
75 144
75 145
75 152
75 184
75 192
75 225
75 227
75 285
75 303
76 143
76 147
76 215
76 274
76 308
77 95
77 166
77 232
77 249
77 265
78 80
78 169
79 134
79 149
79 157
79 182
79 221
79 311
80 89
80 92
80 104
80 110
80 136
80 166
80 201
80 219
80 224
80 273
80 279
80 288
80 315
81 101
81 133
81 135
81 161
81 185
81 229
81 231
82 198
83 87
83 117
83 160
83 299
84 127
84 196
84 258
85 133
85 217
86 130
87 97
87 101
87 135
87 165
87 181
87 287
88 91
88 106
88 124
88 143
88 208
88 251
89 134
89 136
89 173
89 220
89 292
90 128
92 130
92 140
92 156
92 157
92 184
92 191
92 192
92 203
92 217
92 249
93 122
93 187
93 204
94 134
94 210
94 279
95 118
95 241
95 249
96 109
96 166
96 178
96 242
96 244
96 269
97 102
97 103
97 120
97 122
97 167
97 187
97 208
97 249
97 309
98 103
98 126
98 156
98 210
98 219
98 232
98 240
99 142
99 145
99 241
100 157
100 166
101 131
101 156
101 192
101 215
101 260
101 270
102 103
102 110
102 127
102 129
102 148
102 180
102 200
102 205
102 213
102 266
102 286
102 298
103 117
103 133
103 161
103 165
103 180
103 193
103 241
104 124
104 131
104 210
104 288
105 110
105 134
105 154
105 158
105 180
105 203
105 232
106 118
106 142
106 149
106 154
106 156
107 135
107 147
108 133
108 134
108 210
108 219
109 142
109 200
109 288
109 315
110 135
110 156
110 205
110 215
110 244
112 134
112 136
112 154
112 220
112 239
112 249
113 128
113 135
113 246
115 134
115 149
115 188
115 222
116 131
116 275
117 133
117 214
117 268
117 283
117 305
118 152
118 167
118 184
118 221
118 253
118 275
118 299
119 124
119 165
119 239
119 249
120 138
120 157
120 212
120 287
121 136
121 137
121 270
121 280
122 124
122 130
122 134
122 135
122 200
122 221
122 233
122 244
122 288
123 180
123 204
124 134
124 135
124 152
124 179
124 219
124 287
126 277
127 158
127 175
127 179
127 205
127 287
128 130
128 142
128 156
128 179
129 156
129 157
129 158
129 171
129 174
129 175
129 184
129 193
129 195
129 217
129 240
129 244
129 246
129 267
129 271
129 279
129 287
129 309
129 310
129 312
130 133
130 135
130 174
130 184
130 193
130 208
130 219
130 234
130 249
130 283
130 288
130 292
130 302
130 303
130 305
131 133
131 162
131 180
131 201
131 220
131 233
131 237
131 241
131 258
131 266
131 272
131 283
131 284
131 297
131 312
132 134
132 160
132 166
132 169
133 134
133 137
133 149
133 159
133 171
133 179
133 188
133 205
133 217
133 232
133 243
133 269
133 276
133 296
133 298
133 311
134 143
134 156
134 157
134 174
134 177
134 187
134 204
134 210
134 223
134 249
134 253
134 266
134 298
135 148
135 149
135 166
135 193
135 208
135 220
135 238
135 251
135 283
135 290
135 296
135 305
136 154
136 159
136 161
136 185
136 193
136 232
136 258
136 268
138 200
138 224
138 263
138 275
138 290
140 143
140 168
142 273
142 279
143 184
143 197
144 184
144 278
145 160
145 180
145 218
146 252
147 164
147 250
148 156
148 174
148 181
148 211
148 261
148 283
148 288
149 152
149 161
149 167
149 252
149 269
149 314
150 288
151 191
151 263
151 269
151 287
152 215
152 268
152 288
152 291
153 157
154 167
154 180
154 263
155 220
156 193
156 227
156 232
156 239
156 307
157 187
157 204
157 222
157 233
157 272
157 284
157 286
157 291
157 313
159 282
160 203
160 216
160 227
160 232
160 284
160 311
161 167
162 184
162 266
164 165
164 192
164 275
165 298
166 218
166 265
166 296
167 173
167 180
167 202
167 216
167 243
167 257
167 298
168 234
168 270
169 181
169 217
169 271
171 217
171 288
172 272
172 292
173 206
173 234
173 269
174 301
176 243
177 200
177 275
177 309
178 184
178 266
178 305
179 238
179 242
179 253
179 260
179 275
180 188
180 215
180 216
180 224
180 239
180 249
180 255
180 256
180 292
180 298
181 233
181 237
181 258
181 298
182 188
182 193
184 200
184 217
184 224
184 240
185 200
185 205
186 206
187 238
188 193
191 287
193 202
193 206
193 260
193 275
193 277
193 292
193 297
195 255
196 204
197 204
197 283
197 305
200 217
200 272
200 298
201 240
201 277
201 304
204 287
205 247
205 248
205 283
205 287
206 270
206 280
206 281
209 239
210 227
210 231
210 239
210 284
210 286
211 287
212 292
213 249
214 292
215 275
215 287
215 313
217 219
217 279
218 242
218 307
220 244
220 261
220 313
222 265
222 271
224 263
224 281
225 287
226 248
228 296
229 273
231 243
232 249
232 288
232 309
233 273
234 271
234 287
235 309
236 286
236 295
237 242
238 260
238 285
238 309
239 247
239 276
239 307
240 301
241 252
243 252
243 283
243 287
246 257
247 249
247 288
247 293
249 275
249 286
249 287
249 306
258 287
258 304
264 314
267 270
269 304
269 305
272 313
277 288
277 292
277 315
278 300
279 310
283 292
284 288
284 308
285 302
287 288
287 290
287 305
290 312
292 296
304 305
