0 31
0 122
0 180
0 288
1 55
1 96
1 148
1 156
1 207
1 239
1 265
2 14
2 28
2 78
2 102
2 121
2 154
2 160
2 161
2 162
2 271
2 274
2 286
2 287
3 39
3 67
3 78
3 103
3 110
3 133
3 156
3 213
3 234
3 267
4 13
4 102
4 149
4 153
4 159
4 164
4 179
4 239
4 244
4 293
4 295
5 86
5 123
5 247
6 109
6 167
6 199
6 205
6 283
6 294
6 311
7 8
7 12
7 97
7 122
7 131
7 135
7 142
7 167
7 173
7 174
7 175
7 191
7 202
7 227
7 246
7 269
7 286
7 287
8 61
8 98
8 135
8 157
8 160
8 188
8 200
8 255
8 293
9 99
9 140
10 16
10 79
10 107
10 211
10 287
11 28
11 36
11 79
11 83
11 104
11 292
11 302
12 17
12 38
12 41
12 73
12 117
12 130
12 205
12 215
12 224
12 232
12 268
12 303
13 26
13 41
13 43
13 67
13 98
13 124
13 133
13 160
13 230
13 232
13 269
14 16
14 128
14 129
14 154
14 165
14 179
14 189
14 200
14 249
15 43
15 68
15 84
15 128
15 130
16 17
16 25
16 47
16 69
16 71
16 74
16 90
16 99
16 122
16 124
16 134
16 160
16 163
16 174
16 180
16 217
16 246
16 252
16 285
16 292
16 305
16 309
17 234
17 252
17 272
18 31
18 88
18 107
18 129
18 218
18 261
18 267
19 106
19 287
20 75
20 89
20 97
20 145
20 223
20 242
20 302
21 135
21 157
21 161
21 230
22 102
22 252
23 69
23 81
23 102
23 133
23 136
23 156
23 201
23 220
23 303
23 313
24 175
24 204
24 261
25 36
25 61
25 72
25 81
25 96
25 101
25 133
25 193
26 51
26 83
26 232
27 142
27 178
27 236
28 31
28 48
28 63
28 97
28 130
28 263
28 268
29 81
29 140
29 267
29 286
29 297
30 118
30 129
30 131
30 170
30 223
30 287
30 307
31 33
31 43
31 57
31 63
31 67
31 98
31 133
31 149
31 163
31 255
31 273
31 286
32 77
32 111
32 129
32 130
32 132
32 148
32 179
32 185
32 202
32 221
32 241
32 280
32 288
33 68
33 96
33 102
33 104
33 134
33 157
33 169
33 171
33 193
33 202
33 243
33 271
33 276
33 279
33 280
33 294
33 301
33 303
34 59
34 76
34 101
34 138
34 191
34 244
35 156
35 287
36 57
36 80
36 198
36 275
37 87
37 134
37 142
37 146
37 173
37 192
37 249
38 87
38 130
38 182
39 59
39 61
39 103
39 180
39 193
39 208
39 293
40 43
40 60
40 110
40 120
40 134
40 152
40 236
41 64
41 117
41 128
41 142
41 173
41 200
41 289
42 45
42 122
42 133
42 134
42 299
42 315
43 150
43 241
44 48
44 69
44 131
45 50
45 91
45 124
45 134
45 184
45 188
45 204
45 266
45 268
45 283
45 311
45 314
45 315
46 47
46 79
46 99
46 150
46 213
46 314
47 105
47 134
47 223
47 303
48 157
48 214
49 83
49 108
49 137
49 173
49 181
49 200
49 249
49 256
50 128
50 134
50 159
50 189
50 197
50 213
50 216
50 306
51 64
51 68
51 129
51 185
51 234
51 255
51 304
52 129
52 255
52 296
53 73
53 156
53 171
53 180
54 108
54 134
54 265
54 298
55 75
55 160
55 193
56 60
56 64
56 126
56 244
56 255
57 180
57 269
57 280
58 59
58 301
59 60
59 87
59 103
59 106
59 130
59 133
59 148
59 151
59 164
59 185
59 192
59 220
59 229
59 234
59 303
60 79
60 94
60 101
60 112
60 127
60 220
60 224
60 273
60 281
60 303
61 124
61 129
61 191
61 224
61 271
62 124
62 129
62 140
62 142
62 166
62 179
62 188
62 201
62 212
62 250
63 66
63 105
63 131
64 66
64 128
64 129
64 136
64 149
64 238
64 250
64 255
65 112
65 135
65 137
65 164
65 210
65 215
66 88
66 101
67 106
67 125
67 130
67 134
67 136
67 224
67 226
67 250
67 252
68 94
68 153
68 158
68 198
68 207
68 282
69 94
69 102
69 130
69 177
70 157
70 285
70 308
71 118
71 159
71 290
71 315
72 102
72 106
72 136
72 241
73 133
73 156
74 95
74 181
74 218
74 258
74 260
74 280
75 76
75 94
75 96
75 122
75 137
75 138
75 200
75 201
75 225
75 283
75 291
76 96
76 130
76 133
76 135
76 180
76 279
77 119
77 219
77 238
77 262
77 276
78 123
78 131
78 149
78 201
78 208
79 113
79 130
79 132
79 263
80 96
80 133
80 151
80 199
80 203
80 273
81 83
81 87
81 102
81 131
81 185
81 200
81 204
81 274
82 102
82 245
83 100
83 134
83 240
83 244
83 270
84 129
84 180
84 298
85 89
85 110
85 122
85 193
85 238
85 258
85 287
86 92
86 129
86 197
86 207
86 235
87 106
87 127
87 129
87 149
87 159
87 181
87 182
87 231
87 246
88 107
88 124
88 153
88 167
88 278
89 106
89 109
89 118
89 141
89 167
89 242
89 265
89 287
89 288
90 159
91 133
91 200
92 130
92 133
92 147
92 148
92 177
92 195
92 262
92 287
92 305
93 134
93 314
94 140
94 143
94 160
94 180
94 231
94 288
94 298
95 134
95 261
95 286
96 97
96 117
96 130
96 138
96 181
96 211
96 234
97 103
97 129
97 131
97 233
97 269
97 283
98 133
98 171
98 246
98 265
99 160
99 246
99 271
99 308
100 156
100 212
101 138
101 172
101 249
101 276
101 283
102 124
102 130
102 134
102 147
102 191
103 151
103 156
103 166
103 205
103 214
103 220
103 223
103 229
103 242
103 258
103 273
103 304
104 152
104 157
104 164
104 193
104 195
104 222
104 298
104 303
105 131
105 132
105 157
105 164
105 167
105 188
105 204
105 282
105 305
105 313
106 114
106 117
106 129
106 138
106 148
106 158
106 209
106 215
107 147
107 152
107 215
108 171
108 182
108 193
108 220
108 234
108 241
109 135
109 145
109 255
109 275
110 114
110 135
110 156
110 173
110 180
110 214
110 312
111 149
112 124
112 200
113 117
113 209
114 115
114 138
114 156
114 195
114 276
116 117
116 131
116 133
117 188
117 290
118 134
118 145
118 165
118 196
118 246
118 249
118 272
118 287
118 302
119 120
119 135
119 206
120 208
120 222
121 129
121 164
121 261
122 124
122 188
122 239
122 246
122 315
123 129
123 132
123 202
124 131
124 143
124 149
124 159
124 181
124 204
124 234
124 254
124 269
124 284
125 287
126 133
126 179
127 203
127 287
128 136
128 157
128 188
129 130
129 133
129 134
129 157
129 160
129 167
129 169
129 173
129 174
129 182
129 184
129 195
129 200
129 204
129 233
129 258
129 288
129 296
129 302
129 310
129 311
130 131
130 136
130 140
130 156
130 158
130 184
130 193
130 194
130 196
130 208
130 210
130 212
130 241
130 242
130 257
130 268
130 271
130 275
130 279
130 285
130 304
130 314
131 135
131 164
131 175
131 200
131 204
131 222
131 230
131 239
131 252
131 258
131 291
131 302
131 307
132 148
132 201
132 224
133 149
133 157
133 177
133 193
133 200
133 206
133 207
133 217
133 220
133 231
133 246
133 286
134 135
134 150
134 151
134 154
134 156
134 157
134 167
134 230
134 236
134 240
134 244
134 255
134 256
134 285
134 293
134 303
135 149
135 155
135 161
135 206
135 213
135 220
135 223
135 235
135 242
135 249
135 287
136 156
136 159
136 160
136 197
136 199
136 239
136 244
136 248
136 249
136 263
136 287
136 315
138 149
138 208
138 233
138 234
138 239
138 285
139 167
139 229
140 149
140 156
140 228
140 260
140 287
140 288
142 248
142 254
142 263
142 287
143 313
144 179
144 218
145 200
145 204
145 224
145 234
145 242
145 286
145 287
146 179
146 218
148 174
148 202
148 220
148 222
148 247
148 249
148 258
148 305
149 152
149 154
149 161
149 173
149 179
149 235
149 249
149 250
149 255
149 279
149 288
150 202
152 236
153 208
153 249
153 285
156 157
156 171
156 179
156 180
156 184
156 216
156 238
156 241
156 245
156 284
156 286
156 296
156 314
157 162
157 179
157 181
157 195
157 213
157 214
157 255
157 285
157 287
158 241
158 269
159 180
159 288
160 162
160 174
160 234
160 255
160 286
160 296
161 188
162 245
162 267
164 265
165 246
166 188
167 180
167 185
167 220
167 235
167 290
167 298
167 305
168 215
169 286
171 173
172 195
172 234
174 200
174 201
174 288
174 301
174 308
176 287
177 178
177 180
178 191
179 196
179 314
180 186
180 250
180 293
181 210
181 235
181 239
181 245
181 270
186 288
187 229
187 239
188 249
188 283
188 304
190 199
191 216
191 251
191 295
192 205
192 308
193 200
193 219
193 287
193 296
193 311
195 285
196 254
197 208
197 258
198 206
200 209
200 234
200 238
200 245
200 263
200 268
200 290
201 263
201 266
202 287
205 206
205 267
205 287
206 209
206 215
206 241
206 265
206 268
206 314
208 216
208 224
208 285
209 221
209 249
210 219
210 302
211 295
211 305
212 256
214 229
214 232
214 276
214 293
216 239
218 302
220 234
220 253
220 257
220 270
222 272
224 287
225 234
225 238
226 234
227 249
228 288
229 266
229 301
230 281
232 240
232 245
233 248
233 259
237 238
237 303
238 279
241 288
242 278
244 276
246 275
248 260
249 275
249 288
252 288
252 304
252 309
255 269
258 283
258 284
258 313
260 271
261 266
264 305
265 279
266 309
268 284
269 272
269 279
269 281
270 287
271 273
272 284
272 293
272 309
275 286
276 312
277 286
278 314
279 312
280 290
283 288
287 306
292 302
294 303
302 313
