0 32
0 59
0 77
0 200
1 59
1 71
1 96
1 105
1 160
1 162
1 223
1 224
1 258
2 6
2 33
2 73
2 83
2 101
2 110
2 130
2 159
2 171
2 172
2 191
2 212
2 247
2 256
3 83
3 286
4 46
4 64
4 85
4 91
4 110
4 280
5 32
5 42
5 92
5 162
5 286
5 287
5 293
5 309
6 108
6 180
6 200
6 252
6 278
7 16
7 46
7 96
7 122
7 128
7 136
7 218
7 281
7 287
7 301
7 315
8 27
8 67
8 99
8 119
8 126
8 130
8 133
8 157
8 159
8 201
8 222
9 24
9 99
9 131
9 137
9 162
9 188
9 220
9 262
10 180
10 196
10 230
10 277
10 294
11 33
11 167
11 191
11 285
12 87
12 124
12 180
12 182
12 205
12 249
13 16
13 43
13 88
13 102
13 107
13 131
13 193
13 220
13 295
14 16
14 31
14 36
14 42
14 85
14 111
14 135
14 210
14 224
14 263
14 278
15 16
15 59
15 219
15 221
15 270
15 274
15 287
16 32
16 41
16 46
16 61
16 63
16 64
16 66
16 71
16 87
16 95
16 109
16 115
16 124
16 143
16 219
16 222
16 227
16 230
16 284
17 51
18 30
18 37
18 97
18 131
18 150
18 181
18 210
18 228
18 283
19 63
19 66
19 89
19 130
20 33
20 36
20 81
20 87
20 128
20 247
20 264
21 36
21 309
22 245
23 48
23 51
23 118
24 134
24 156
24 270
24 280
25 28
25 96
25 118
25 150
25 162
25 163
25 243
25 255
25 288
26 246
26 271
27 65
27 142
27 185
27 220
27 252
28 29
28 30
28 33
28 46
28 54
28 79
28 153
28 165
28 188
28 204
28 213
28 257
28 268
29 78
29 167
30 46
30 63
30 79
30 80
30 83
30 193
30 219
31 49
31 78
31 118
31 129
31 130
31 135
31 139
31 197
31 256
31 275
31 287
31 288
31 293
32 41
32 60
32 63
32 68
32 72
32 131
32 150
32 167
32 177
32 187
32 188
32 205
32 274
32 286
32 287
33 81
33 89
33 121
33 212
33 216
33 228
33 245
33 265
33 302
34 85
34 182
34 241
35 79
35 148
35 174
35 180
35 301
36 118
36 130
36 136
36 152
36 160
36 185
36 224
36 233
37 51
37 67
37 122
37 128
37 133
37 141
37 164
37 172
37 284
38 64
38 98
38 108
38 156
38 167
38 186
38 267
38 293
39 60
39 74
39 123
39 174
39 219
39 271
40 58
40 106
40 133
40 157
40 179
40 214
40 249
40 278
41 134
41 138
41 169
41 197
41 232
41 272
42 62
42 79
42 89
42 103
42 160
42 200
42 217
43 85
43 135
43 148
43 172
43 179
44 47
44 129
44 184
44 239
45 67
45 74
45 123
45 133
45 134
45 137
45 138
45 140
45 145
45 152
45 187
45 193
45 223
45 231
45 303
45 305
46 61
46 64
46 65
46 103
46 107
46 193
46 200
46 220
46 267
46 280
46 292
47 54
47 67
47 76
47 81
47 110
47 114
47 151
47 183
47 208
47 216
47 245
47 255
47 259
47 312
48 67
48 102
48 113
48 131
48 176
48 196
48 199
48 231
48 247
49 104
49 156
49 240
49 257
49 272
49 292
49 296
50 66
50 130
50 133
50 135
50 142
50 188
50 261
50 265
51 84
51 131
51 133
51 137
51 153
51 198
51 271
52 85
52 102
52 131
52 157
53 98
54 67
54 135
54 219
54 231
55 136
55 137
55 150
55 181
55 188
55 195
55 196
55 218
55 233
56 66
56 73
56 77
56 121
56 238
56 244
56 286
56 312
57 98
57 129
57 135
59 79
59 116
59 117
59 118
59 124
59 129
59 135
59 156
59 172
59 207
59 208
59 283
59 288
59 299
59 311
60 109
60 128
60 135
60 145
60 174
60 192
60 217
60 219
60 262
61 114
61 127
61 202
61 206
62 126
62 136
62 217
62 252
62 279
63 64
63 135
63 303
64 107
64 134
64 218
64 220
64 276
65 164
65 287
65 313
66 75
66 161
66 172
67 130
67 165
67 206
67 210
67 259
67 287
68 80
68 102
68 114
68 124
68 130
68 135
68 139
68 179
68 206
68 213
69 180
69 211
69 220
69 238
70 97
70 239
70 286
71 92
71 99
71 110
72 129
72 219
72 224
72 272
72 279
73 138
73 145
73 236
73 304
74 109
74 167
74 176
74 188
74 193
74 272
74 309
75 115
75 155
75 156
75 162
75 190
75 220
75 288
75 292
76 95
76 167
76 200
76 239
76 314
77 97
77 109
77 129
77 138
77 200
77 288
77 292
77 293
78 131
78 133
79 112
79 152
80 91
80 100
80 118
80 129
80 170
80 200
80 238
80 264
80 296
81 100
81 130
81 146
81 148
81 154
81 174
81 175
81 177
81 207
81 283
82 310
83 133
83 167
83 200
83 217
83 288
84 148
84 200
84 234
85 159
85 205
85 219
85 271
85 286
86 90
86 261
86 285
87 112
87 124
87 129
87 131
87 247
87 287
87 288
88 101
88 118
89 129
89 151
89 160
89 231
89 236
89 273
89 278
90 160
90 171
90 260
91 130
91 200
91 248
92 122
92 134
92 135
92 267
92 276
93 146
93 156
94 193
94 208
94 210
94 244
95 109
95 130
95 167
95 288
95 292
96 104
96 134
96 171
97 129
97 172
97 187
98 131
98 188
98 244
98 255
98 279
100 167
100 206
100 233
101 124
101 130
101 148
101 179
101 280
102 118
102 128
102 188
102 241
102 252
102 269
103 113
103 130
103 133
103 134
103 156
103 222
103 246
103 249
103 261
103 283
103 285
103 293
104 179
104 206
104 293
105 115
105 140
105 167
105 314
106 201
106 288
106 309
107 115
107 249
107 304
108 109
108 212
108 305
109 133
109 134
109 135
109 167
109 258
110 134
110 136
110 220
110 249
111 273
111 306
112 116
112 136
114 157
114 218
114 271
115 193
115 249
115 284
115 303
116 159
117 129
117 130
117 134
117 136
117 146
117 185
117 204
117 206
117 249
117 255
117 283
118 125
118 182
118 254
118 275
119 197
119 263
120 130
121 131
121 137
122 161
122 206
122 242
122 284
122 314
123 164
124 126
124 133
124 137
124 160
124 224
124 252
124 287
126 130
128 133
128 156
128 182
128 215
128 241
129 130
129 135
129 156
129 160
129 170
129 202
129 210
129 216
129 224
129 229
129 235
129 246
129 250
129 252
129 268
129 274
129 276
129 279
129 282
129 286
130 131
130 134
130 144
130 148
130 159
130 165
130 189
130 205
130 210
130 220
130 224
130 232
130 236
130 239
130 257
130 271
130 279
130 282
130 286
130 295
130 307
130 309
130 314
131 132
131 134
131 136
131 137
131 146
131 154
131 156
131 181
131 184
131 199
131 200
131 205
131 215
131 224
131 247
131 259
131 285
131 310
132 139
132 156
132 218
132 249
133 134
133 156
133 167
133 193
133 197
133 201
133 217
133 223
133 229
133 231
133 237
133 281
133 293
134 137
134 139
134 149
134 156
134 157
134 161
134 162
134 201
134 223
134 272
134 285
134 304
135 181
135 188
135 200
135 202
135 204
135 224
135 245
135 264
135 279
135 295
135 298
135 305
135 306
136 151
136 160
136 180
136 202
136 208
136 222
136 233
136 245
136 259
136 269
136 287
136 297
136 305
137 260
138 157
138 160
138 215
138 264
138 298
139 209
139 225
140 210
140 268
140 298
140 307
142 149
142 232
142 233
142 306
142 309
143 167
143 207
144 172
144 180
144 200
145 154
145 167
145 185
145 204
145 287
146 241
146 252
147 148
147 288
148 167
148 231
148 242
148 249
148 258
149 155
149 156
149 172
149 216
149 227
149 249
149 268
149 287
152 172
152 205
152 208
152 233
153 232
154 156
154 171
154 214
154 226
154 267
155 156
155 239
156 165
156 174
156 184
156 200
156 231
156 238
156 239
156 276
156 286
156 287
156 302
156 308
157 166
157 219
157 299
158 167
158 241
158 286
159 168
159 315
160 165
160 206
160 208
160 223
160 244
160 313
160 314
161 239
161 279
162 206
162 219
164 184
164 248
164 270
165 239
165 288
166 233
167 188
167 198
167 258
167 288
167 302
168 169
169 239
171 186
171 258
172 201
173 179
173 200
173 267
174 276
174 282
174 286
174 288
174 297
176 217
176 305
177 214
177 221
178 195
179 200
179 221
179 279
180 181
180 197
180 230
180 251
180 267
180 285
180 286
180 296
180 297
180 302
180 305
181 239
182 188
182 206
182 212
182 218
182 262
182 287
183 255
184 210
185 220
185 230
185 237
185 287
186 265
186 280
187 191
188 230
188 284
190 284
191 270
192 249
193 204
193 248
193 273
193 288
193 301
194 197
194 276
195 215
195 284
196 279
197 198
197 246
198 271
199 273
200 202
200 211
200 241
200 264
200 283
200 288
201 245
203 286
203 302
205 264
206 267
206 286
206 287
206 305
207 295
208 229
208 247
208 284
208 302
209 286
210 211
210 215
210 220
210 229
213 288
214 287
214 288
215 286
215 296
216 246
217 226
218 241
218 249
218 252
218 256
218 272
218 306
219 287
220 221
220 224
220 228
220 244
220 245
220 287
220 307
224 272
229 284
230 275
231 293
232 243
232 249
232 287
232 314
233 256
233 279
236 238
238 263
239 279
240 245
240 280
240 294
241 249
241 261
241 287
241 295
242 264
242 267
242 275
243 249
243 288
245 286
247 286
248 265
251 311
252 261
252 264
252 279
258 307
258 310
259 265
261 285
266 270
266 276
267 273
269 284
271 299
272 273
272 298
273 287
275 287
276 278
282 312
284 315
287 305
292 296
