0 10
0 205
0 283
1 16
1 101
1 105
1 124
1 143
1 148
1 152
1 154
1 269
1 307
2 36
2 38
2 49
2 59
2 75
2 96
2 118
2 138
2 156
2 179
2 188
2 206
2 258
2 269
2 275
3 38
3 95
3 148
3 231
4 39
4 40
4 48
4 95
4 110
4 131
4 134
4 163
4 205
4 206
4 271
4 305
5 8
5 127
5 136
5 138
5 162
5 198
6 8
6 31
6 40
6 44
6 54
6 72
6 104
6 130
6 134
6 217
6 286
7 65
7 71
7 78
7 103
7 130
7 165
7 181
7 210
7 226
7 243
7 275
7 279
7 314
8 54
8 102
8 130
8 136
8 151
8 156
8 180
8 184
8 204
8 228
8 247
8 248
8 249
8 275
9 132
9 164
9 196
9 302
10 197
10 279
11 148
11 285
11 311
12 78
12 134
12 180
12 231
12 245
13 44
13 71
13 73
13 88
13 149
13 156
13 193
13 215
13 231
13 247
13 268
13 288
14 33
14 36
14 107
14 133
14 134
14 141
14 185
14 216
14 259
14 286
15 66
15 109
15 134
15 135
15 156
15 204
16 42
16 44
16 45
16 47
16 48
16 61
16 73
16 74
16 104
16 106
16 111
16 127
16 131
16 139
16 158
16 167
16 187
16 215
16 216
16 221
16 245
16 272
16 275
16 301
17 32
17 33
17 42
17 134
17 149
17 193
18 49
18 62
18 69
18 130
18 135
18 201
18 236
18 242
18 270
18 296
19 62
19 90
19 148
19 210
19 216
20 75
20 118
20 131
20 309
21 31
21 34
22 153
23 127
23 131
23 206
23 210
24 129
24 206
24 209
24 218
24 242
25 69
25 91
25 129
25 133
25 156
25 164
25 169
25 249
25 297
25 312
26 44
26 74
27 43
27 118
27 131
28 32
28 62
28 72
28 79
28 98
28 114
28 122
28 128
28 133
28 171
28 221
28 248
29 37
29 61
29 103
29 125
29 130
29 134
29 157
29 168
29 216
30 38
30 132
30 283
31 73
31 77
31 118
31 145
31 208
31 218
31 224
31 303
32 40
32 74
32 75
32 96
32 131
32 134
32 135
32 138
32 163
32 169
32 223
32 263
33 49
33 128
33 134
33 157
33 160
33 161
33 201
33 286
33 293
34 63
34 73
34 80
34 133
34 158
34 168
35 49
35 63
35 95
35 101
35 136
35 152
35 212
35 215
36 72
36 74
36 102
36 107
36 206
36 215
36 249
36 275
36 283
36 295
37 39
37 54
37 67
37 193
37 239
38 45
38 159
38 233
38 311
39 41
39 120
39 130
39 131
39 210
39 244
39 260
39 291
40 46
40 54
40 88
40 202
40 238
41 157
42 110
42 131
42 148
42 165
42 191
42 200
42 229
43 50
43 75
43 129
43 138
44 56
44 79
44 118
44 192
44 211
44 217
45 81
45 97
45 150
45 151
45 158
45 174
45 180
45 215
45 241
45 263
46 51
46 86
46 109
46 124
46 149
46 193
46 218
46 280
46 287
46 288
46 313
47 54
47 73
47 152
47 158
47 239
47 292
48 80
48 103
48 143
48 148
48 149
48 215
48 249
49 102
49 130
49 160
49 257
49 263
49 307
50 86
50 105
50 118
50 136
50 148
50 167
50 221
50 230
50 231
50 240
50 241
50 249
50 314
51 73
51 79
51 91
51 125
51 131
51 148
51 162
51 191
51 194
51 200
51 205
51 309
52 65
52 93
52 122
52 282
53 272
54 135
54 157
54 161
55 100
55 140
55 186
55 223
56 67
56 118
56 133
56 143
56 195
57 59
58 134
58 148
59 76
59 87
59 103
59 129
59 135
59 154
59 157
59 191
59 222
59 223
59 247
59 250
60 67
60 108
60 267
61 92
61 220
61 222
61 275
62 75
62 76
62 110
62 238
62 247
62 315
63 103
63 133
63 135
63 157
63 185
63 193
64 67
64 85
64 93
64 110
64 119
64 128
64 160
64 205
64 210
64 263
64 287
64 299
65 122
65 152
65 182
65 275
66 74
66 90
66 114
66 117
66 131
66 200
66 235
67 97
67 103
67 107
67 148
67 165
67 180
67 287
68 77
68 80
68 97
68 129
68 133
68 180
68 206
68 220
68 258
69 102
69 180
69 199
69 229
70 98
70 204
70 210
71 138
71 142
71 149
72 124
72 188
73 87
73 174
73 243
73 282
73 292
74 129
74 162
74 188
75 103
75 105
75 128
75 130
75 135
75 139
75 152
75 219
75 245
75 272
76 92
76 133
77 100
77 136
77 293
77 298
77 302
78 106
78 158
78 162
78 273
78 281
79 98
79 117
79 129
79 135
79 154
79 203
79 284
80 92
80 97
80 99
80 100
80 108
80 123
80 156
80 162
80 165
80 174
80 201
80 203
80 205
80 279
81 96
81 133
81 261
82 130
82 235
82 303
83 131
83 252
85 145
85 206
85 233
85 261
86 135
86 138
86 266
86 287
87 96
87 104
87 117
87 129
87 135
87 150
87 188
87 215
87 286
88 131
88 213
88 240
88 257
88 258
89 107
89 150
89 218
89 231
90 118
90 120
90 124
90 241
91 122
91 130
91 164
91 167
91 193
91 234
91 307
92 97
92 103
92 104
92 130
92 134
92 139
92 211
92 314
93 233
94 100
94 142
94 195
94 202
95 133
95 135
95 188
95 302
96 104
96 156
96 160
96 162
96 188
96 266
97 122
97 159
97 193
97 240
97 266
97 289
98 118
98 121
98 132
98 286
98 314
99 131
99 181
99 277
100 204
100 301
101 130
101 220
101 258
101 299
102 120
102 147
102 149
102 192
102 272
103 129
103 130
103 133
103 135
103 167
103 174
103 199
103 241
103 248
104 118
104 180
104 186
104 262
104 271
104 292
105 108
105 134
105 224
105 239
105 240
105 248
106 118
106 130
106 140
106 256
106 269
106 280
107 131
107 185
107 217
108 154
108 156
108 162
108 224
108 313
109 157
109 197
109 225
110 133
110 180
110 187
110 206
110 211
110 219
110 297
110 305
112 160
112 197
112 265
113 239
114 200
114 313
115 133
115 203
116 118
116 129
117 127
117 247
117 272
118 134
118 135
118 137
118 157
118 162
118 167
118 192
118 204
118 211
118 248
118 258
118 301
119 162
119 280
120 131
120 132
120 200
121 133
121 299
122 130
122 180
122 187
122 197
122 254
122 275
123 152
123 157
123 304
124 125
124 131
124 134
124 156
124 180
124 183
124 186
124 252
124 257
124 259
124 286
124 287
124 304
125 199
125 220
126 129
126 191
126 269
126 288
127 149
127 247
127 298
128 135
128 139
128 278
129 130
129 131
129 134
129 143
129 156
129 161
129 174
129 188
129 193
129 200
129 204
129 210
129 217
129 220
129 241
129 248
129 265
129 283
129 288
129 302
130 131
130 164
130 198
130 209
130 220
130 224
130 249
130 267
130 275
130 279
130 283
130 288
130 302
131 133
131 134
131 152
131 161
131 165
131 180
131 217
131 224
131 231
131 242
131 267
131 309
132 136
132 168
132 193
132 285
133 135
133 136
133 152
133 156
133 162
133 193
133 222
133 224
133 239
133 241
133 266
133 278
133 285
133 297
134 148
134 180
134 182
134 203
134 215
134 218
134 220
134 261
134 278
134 288
135 140
135 144
135 152
135 156
135 167
135 168
135 179
135 181
135 188
135 193
135 203
135 217
135 250
135 253
135 268
135 274
135 303
135 305
136 142
136 161
136 162
136 168
136 174
136 176
136 186
136 210
136 213
136 233
136 243
136 270
136 289
136 305
136 313
138 180
138 248
138 254
139 157
140 186
140 188
140 193
140 247
142 207
143 156
143 160
143 211
143 217
143 290
145 203
145 249
145 288
146 245
147 210
147 281
148 179
148 201
148 211
148 213
148 227
149 151
149 162
149 214
149 220
149 249
150 230
150 238
150 273
150 277
151 309
152 156
152 287
152 292
152 303
153 159
153 284
154 241
155 156
155 185
156 179
156 208
156 213
156 220
156 234
156 242
156 248
156 285
156 293
156 301
156 302
157 224
158 210
159 269
159 289
159 307
160 217
160 218
160 237
160 285
161 227
162 249
163 223
163 305
164 255
164 269
165 263
166 219
167 205
167 220
167 246
167 263
168 193
168 249
170 283
172 213
172 253
173 275
173 313
174 252
175 276
175 279
175 283
176 254
176 304
177 195
177 243
177 245
179 218
179 220
179 224
179 256
179 258
179 289
180 200
180 210
180 272
180 286
180 287
180 288
180 309
181 246
181 278
182 193
182 242
184 307
185 204
185 240
185 260
185 312
188 194
188 247
188 249
188 268
188 288
189 195
191 242
191 275
192 217
193 235
193 250
193 258
193 268
193 277
193 287
194 221
194 238
194 304
195 282
196 208
196 220
196 222
196 278
196 287
197 210
197 286
199 249
200 233
200 246
200 267
200 269
200 272
200 297
201 211
201 252
201 309
204 242
204 285
205 249
205 287
205 291
206 254
206 272
208 210
209 220
209 247
210 219
211 213
211 279
212 214
212 224
212 287
212 298
214 217
214 269
214 274
215 245
215 274
215 287
216 237
216 269
217 224
217 249
217 268
217 286
218 241
218 261
218 286
219 279
220 258
220 301
221 298
223 278
224 286
225 257
225 305
228 235
229 237
231 282
231 283
232 266
233 252
235 275
238 269
239 258
241 252
241 283
241 288
242 258
242 267
244 267
246 309
247 283
248 281
249 268
249 286
249 296
253 282
254 259
258 304
260 278
260 298
261 287
262 275
263 275
263 315
265 292
267 275
267 283
267 286
267 297
275 287
279 299
280 287
281 287
281 314
285 288
286 305
308 312
