0 31
0 65
0 80
0 148
1 66
1 133
1 157
1 252
1 299
2 20
2 31
2 56
2 103
2 123
2 156
2 177
2 232
2 266
2 292
3 33
3 134
3 148
4 15
4 25
4 42
4 47
4 52
4 80
4 87
4 109
4 152
4 183
4 210
4 240
4 272
4 285
4 286
5 30
5 94
5 193
5 197
5 231
5 267
6 101
6 132
6 189
7 24
7 70
7 107
7 108
7 129
7 148
7 167
7 188
7 262
7 287
8 37
8 87
8 117
8 131
8 136
8 183
8 191
8 233
8 239
8 249
9 129
9 133
9 167
9 180
9 294
10 30
10 200
10 239
11 20
11 67
11 81
12 78
12 79
12 124
12 130
12 138
12 142
12 149
12 155
12 160
12 193
12 220
12 287
13 20
13 124
13 156
13 160
13 177
13 201
13 209
14 63
14 118
14 134
14 200
14 221
14 282
14 288
15 31
15 51
15 58
15 60
15 98
15 131
15 242
16 42
16 44
16 101
16 104
16 114
16 122
16 129
16 147
16 154
16 155
16 156
16 157
16 170
16 193
16 271
16 288
17 40
17 227
17 267
18 32
18 85
18 130
18 279
19 62
19 131
19 287
20 67
20 79
20 115
20 180
20 249
21 55
21 74
21 187
21 196
22 164
22 200
23 52
24 33
24 74
24 167
24 286
24 299
25 72
25 130
25 133
25 175
25 212
25 263
26 308
27 129
27 161
27 162
27 277
27 305
28 145
28 210
29 49
29 86
29 102
29 171
29 210
29 234
30 89
30 106
30 116
30 130
30 149
30 164
30 167
30 258
31 136
31 145
31 150
31 167
31 179
31 224
31 242
31 284
32 43
32 59
32 73
32 110
32 128
32 173
32 179
32 195
32 206
32 216
32 241
32 261
32 275
32 287
32 288
33 34
33 83
33 85
33 104
33 105
33 133
33 140
33 142
33 156
33 160
33 184
33 244
33 283
33 287
33 292
33 305
34 50
34 63
34 81
34 129
34 152
34 188
34 220
35 95
35 118
35 129
35 133
35 160
35 220
35 246
36 41
36 49
36 75
36 129
36 130
36 133
36 167
36 186
36 263
37 45
37 102
37 136
37 185
37 303
38 56
38 130
38 164
38 284
39 92
39 130
39 156
39 223
40 43
40 76
40 108
40 131
40 160
40 182
40 282
41 87
41 97
41 117
41 152
41 180
41 190
41 193
42 50
42 115
42 145
42 191
42 208
42 249
43 69
43 94
43 117
43 136
43 137
43 161
43 196
43 269
43 293
44 56
44 180
44 197
44 245
44 263
44 283
44 291
44 295
45 61
45 63
45 67
45 107
45 145
45 148
45 154
45 157
45 188
45 220
45 248
45 288
45 305
46 84
46 116
46 133
46 134
46 151
46 154
46 168
46 193
46 201
46 233
46 249
46 260
46 285
46 295
46 315
47 58
47 59
47 65
47 66
47 187
47 206
47 235
48 63
48 110
48 131
48 308
49 67
49 85
49 103
49 110
49 115
49 130
49 155
49 158
49 298
50 70
50 103
50 107
50 113
50 231
50 287
51 63
51 107
51 119
51 140
51 149
51 150
51 162
51 181
51 210
51 224
51 263
51 272
51 286
51 288
51 305
52 67
52 87
52 101
52 104
52 236
53 102
53 305
54 201
55 89
55 164
55 211
55 245
56 73
56 107
56 131
57 75
57 117
57 180
57 258
58 130
58 137
58 180
58 208
59 62
59 89
59 102
59 121
59 129
59 198
59 204
59 214
59 224
59 242
59 255
59 274
60 87
60 105
60 110
60 224
60 235
60 270
60 283
61 74
61 86
61 151
61 174
61 298
62 99
62 103
62 104
62 133
62 159
62 248
63 181
63 188
64 161
64 182
64 200
65 167
66 131
66 133
66 249
66 301
67 102
67 113
67 133
67 135
67 140
67 154
67 198
67 214
67 246
67 258
67 263
67 288
67 304
68 102
68 109
68 202
68 306
69 129
69 132
69 141
69 180
70 133
70 244
70 285
71 142
71 231
71 283
71 298
72 130
72 208
73 95
73 232
73 287
74 102
74 104
74 136
74 140
74 164
74 169
74 194
74 196
75 87
75 105
75 112
75 134
75 136
75 300
76 118
76 148
76 217
77 222
77 284
77 314
78 156
78 157
78 215
79 95
79 193
80 122
80 133
80 159
80 177
80 233
80 244
80 260
81 105
81 114
81 116
81 128
81 130
81 242
81 270
81 277
83 89
83 114
83 158
83 269
83 272
83 287
84 199
84 230
84 288
84 301
85 157
86 283
87 106
87 126
87 130
87 136
87 141
87 149
87 150
87 156
87 220
87 226
87 276
87 302
88 95
88 112
88 133
88 152
88 154
88 156
88 275
88 292
89 145
89 216
89 220
89 279
89 285
90 215
90 285
92 117
92 130
92 246
92 261
92 268
93 154
93 215
94 115
94 218
94 236
94 257
94 273
95 174
95 238
96 122
96 191
96 273
96 314
97 122
97 195
97 275
97 285
97 287
98 124
98 143
98 167
98 180
98 195
98 242
98 292
99 129
99 162
99 197
99 257
99 271
100 129
101 103
101 115
101 129
101 133
101 258
102 137
102 141
102 149
102 185
102 187
102 216
102 278
102 293
102 305
102 309
103 104
103 106
103 129
103 157
103 188
103 201
103 205
103 211
103 233
103 266
103 272
103 294
103 298
103 311
104 108
104 117
104 145
104 146
104 193
104 208
104 210
104 255
104 309
105 107
105 134
105 210
105 287
106 111
106 135
106 142
106 213
106 232
106 311
107 123
108 159
108 200
108 292
108 301
108 303
109 124
109 272
109 291
109 298
110 121
110 129
110 136
110 284
110 287
111 224
111 239
111 243
111 276
112 122
112 219
113 152
113 162
114 117
114 193
115 286
116 130
116 136
117 149
117 188
117 271
117 286
118 135
118 140
118 169
118 193
118 242
118 249
118 273
118 290
118 302
118 308
119 129
120 192
120 209
120 222
120 247
122 136
122 161
122 255
122 271
123 130
123 131
123 134
123 137
123 239
124 129
124 130
124 133
124 230
125 156
125 166
126 133
126 278
126 294
127 148
127 180
127 302
128 193
128 242
128 243
128 249
128 268
128 315
129 134
129 141
129 150
129 165
129 180
129 188
129 210
129 219
129 234
129 249
129 250
129 265
129 267
129 287
129 288
129 298
130 145
130 152
130 156
130 157
130 180
130 184
130 188
130 191
130 216
130 239
130 254
130 260
130 269
130 275
130 276
130 279
130 281
130 287
130 296
131 133
131 138
131 164
131 168
131 178
131 180
131 197
131 199
131 204
131 206
131 231
131 243
131 247
131 293
131 295
131 306
132 142
132 160
132 165
132 200
133 137
133 156
133 180
133 191
133 210
133 212
133 229
133 237
133 246
133 263
133 264
133 268
133 297
133 298
134 156
134 192
134 208
134 213
134 219
134 230
134 232
134 247
134 272
134 275
134 288
134 303
135 148
135 162
135 187
135 193
135 200
135 206
135 212
135 222
135 246
135 262
135 286
135 287
135 297
136 145
136 151
136 188
136 220
136 296
137 154
137 158
137 242
137 248
137 253
137 279
138 186
138 278
139 283
139 296
140 153
140 179
140 186
140 191
140 215
140 226
140 248
140 258
140 291
141 162
141 234
141 244
141 258
141 277
142 157
142 165
142 172
142 189
142 227
142 271
142 292
143 148
143 156
144 156
144 217
144 270
145 152
145 157
145 242
145 275
148 177
148 218
148 283
149 152
149 258
149 266
150 154
150 167
150 191
150 227
151 255
152 179
152 180
153 271
154 156
154 180
154 278
155 234
156 157
156 168
156 193
156 202
156 220
156 224
156 241
156 249
156 264
156 295
156 309
157 196
157 223
157 248
157 287
157 305
158 177
158 210
158 224
159 209
159 301
160 232
160 272
160 288
161 185
161 263
161 267
162 195
162 208
162 287
163 241
164 167
164 197
164 222
164 243
164 249
164 261
165 190
167 172
167 180
167 212
167 224
167 273
169 173
169 178
171 215
171 252
171 288
171 289
172 200
172 247
172 299
172 313
173 174
173 242
173 287
173 307
174 188
174 198
174 210
174 216
175 180
175 284
176 241
177 220
177 276
178 210
178 287
179 201
179 246
179 248
179 286
179 297
179 301
179 310
180 201
180 215
180 226
180 232
180 260
180 285
180 301
180 306
180 309
181 295
182 268
182 307
184 233
185 200
188 197
188 242
188 298
189 287
190 273
190 309
191 193
193 284
193 294
193 295
194 275
195 237
196 273
197 207
197 288
197 297
200 215
200 230
200 239
200 240
200 301
201 215
201 240
201 269
201 287
201 291
204 224
204 234
204 283
204 291
205 219
205 220
205 232
205 238
206 240
206 252
206 297
209 287
210 225
210 257
210 262
210 271
210 283
212 232
213 240
213 243
213 293
214 301
215 218
215 242
216 249
216 282
217 284
217 309
219 230
219 289
220 221
220 243
221 311
222 301
224 249
224 301
226 242
226 275
229 285
230 243
231 243
231 258
231 304
232 238
232 247
232 278
232 292
233 260
233 281
234 268
234 275
236 252
237 286
238 272
238 285
238 288
239 255
239 279
239 305
241 266
241 287
241 288
242 276
242 307
244 303
246 260
247 304
247 308
249 267
249 304
249 314
249 315
250 286
255 299
258 284
258 303
260 298
260 309
263 304
266 288
270 287
271 287
271 304
272 286
273 303
274 277
275 307
276 315
277 309
280 285
281 285
283 303
284 303
285 304
286 315
287 294
287 303
287 315
288 303
291 300
292 296
292 307
296 307
299 309
305 307
