0 133
0 156
0 157
0 263
1 12
1 15
1 24
1 50
1 134
1 197
1 255
2 54
2 65
2 83
2 91
2 97
2 114
2 173
2 206
2 286
2 298
3 11
3 49
3 73
3 122
3 139
3 163
3 293
4 50
4 59
4 94
4 118
4 134
4 136
4 193
4 219
4 236
4 249
5 27
5 42
5 94
5 129
5 130
5 143
5 145
5 204
5 304
6 10
6 13
6 29
6 39
6 45
6 133
6 138
6 200
6 210
6 288
6 295
7 37
7 59
7 70
7 105
7 112
7 160
7 175
7 210
7 224
7 239
7 255
7 261
7 287
7 294
8 41
8 50
8 53
8 76
8 87
8 90
8 106
8 127
8 131
8 133
8 138
8 145
8 147
8 156
8 174
8 192
8 213
8 218
8 220
8 222
8 275
8 278
9 36
9 43
9 47
9 67
9 136
9 159
9 201
9 213
9 265
9 287
9 303
10 220
11 35
11 133
11 194
11 305
12 46
12 52
12 56
12 74
12 103
12 120
12 130
12 158
12 167
12 215
12 216
12 224
12 232
13 16
13 39
13 85
13 92
13 101
13 104
13 105
13 109
13 148
13 162
13 302
14 45
14 85
14 103
14 133
14 176
14 206
14 208
14 220
14 281
15 105
15 176
15 182
15 200
15 204
15 249
15 264
16 41
16 45
16 87
16 105
16 107
16 113
16 128
16 149
16 180
16 201
16 211
16 243
16 258
17 51
17 68
17 97
17 131
17 169
17 224
17 291
18 67
18 92
18 133
18 152
18 155
18 160
18 214
18 241
18 247
19 61
19 104
19 131
20 135
20 148
20 179
20 220
20 249
20 265
20 269
20 279
20 298
20 300
21 51
21 102
21 111
21 160
21 287
22 32
22 163
22 180
22 193
22 249
22 263
23 47
23 181
23 188
23 305
24 48
24 49
24 50
24 51
24 123
24 135
24 142
24 222
24 267
25 38
25 51
25 74
25 110
25 123
25 127
25 130
25 135
25 138
25 160
25 222
25 280
25 298
26 58
26 157
26 172
26 252
26 271
27 43
27 67
27 130
27 152
27 175
27 241
27 298
28 130
28 211
28 244
29 197
29 249
29 277
29 288
30 34
30 135
30 208
30 247
30 261
31 32
31 43
31 113
31 129
31 133
31 135
31 168
31 184
31 193
31 205
31 206
31 218
31 239
31 245
31 255
31 258
32 33
32 37
32 50
32 73
32 87
32 89
32 114
32 120
32 129
32 138
32 167
32 180
32 182
32 186
32 187
32 197
32 233
32 239
32 240
32 251
32 259
32 264
32 272
33 47
33 53
33 89
33 116
33 129
33 131
33 138
33 148
33 192
33 227
33 252
33 304
33 309
34 37
34 83
34 88
34 135
34 154
34 200
34 240
35 78
35 244
35 309
36 136
36 159
36 219
37 43
37 86
37 93
37 107
37 117
37 295
37 315
38 92
38 106
38 131
38 171
39 59
39 94
39 136
39 154
39 220
40 105
40 113
40 129
40 134
40 140
40 190
40 212
40 287
41 67
41 123
41 156
41 202
41 242
42 50
42 74
42 103
42 176
42 200
42 202
42 215
42 271
43 104
43 149
43 234
44 60
44 264
44 288
44 309
45 68
45 81
45 129
45 147
45 188
45 205
45 215
46 68
46 91
46 94
46 99
46 101
46 118
46 122
46 131
46 138
46 200
46 233
46 238
46 290
47 108
47 118
47 130
47 185
47 273
47 276
48 74
48 124
48 129
48 134
48 136
48 149
48 265
49 55
49 80
49 101
49 217
50 85
50 114
50 130
50 134
50 238
50 269
51 110
51 122
51 261
52 71
52 107
52 180
52 305
54 109
54 133
54 222
54 258
55 94
55 128
55 157
56 71
56 104
56 130
56 133
56 160
56 167
56 224
56 244
56 257
57 86
57 118
58 130
58 182
59 75
59 101
59 129
59 150
59 154
59 156
59 168
59 180
59 244
59 303
60 68
60 74
60 117
60 124
60 172
60 180
60 215
60 232
61 133
61 246
61 272
62 73
62 147
62 148
62 193
62 197
62 208
62 213
62 261
62 276
62 288
62 298
63 97
63 146
63 278
63 291
64 78
64 167
64 201
64 288
65 109
65 118
66 87
67 70
67 74
67 75
67 131
67 135
67 146
67 152
67 167
67 184
67 248
67 276
67 286
67 295
67 297
68 134
68 212
68 231
68 268
68 301
69 157
69 193
69 249
69 279
70 75
70 288
71 157
72 153
72 285
73 98
73 138
73 180
73 185
73 206
73 227
73 242
73 258
74 150
74 153
74 192
74 288
74 307
75 84
75 102
75 272
75 284
75 286
75 287
76 103
76 113
76 129
76 164
76 219
76 298
77 135
77 184
77 246
77 313
78 80
78 149
78 162
78 195
78 200
78 224
79 147
79 168
79 215
79 223
79 245
80 129
80 133
80 135
80 151
80 222
80 224
80 228
80 249
80 258
80 287
81 127
81 131
81 134
81 149
81 158
81 160
81 191
83 102
83 129
83 138
83 157
83 176
83 196
85 129
85 188
85 261
85 283
86 131
86 142
86 197
87 118
87 122
87 123
87 145
87 196
87 222
87 303
88 95
88 119
88 308
89 150
89 156
89 205
89 244
89 312
90 208
91 129
91 192
92 157
92 223
93 102
93 131
93 243
94 127
94 231
94 249
94 252
95 101
95 156
95 233
95 305
96 180
96 287
97 98
97 107
97 114
97 130
97 220
97 305
98 107
98 129
98 156
98 167
98 181
98 200
98 242
98 288
99 131
99 210
100 134
100 147
101 105
101 175
101 180
101 200
101 313
102 104
102 115
102 124
102 158
102 193
102 197
102 206
102 244
102 274
102 277
103 115
103 140
103 177
103 178
103 224
103 261
103 301
104 145
104 148
104 199
104 218
104 261
105 113
105 121
105 130
105 158
105 237
105 238
105 281
105 302
105 309
107 135
107 215
109 130
109 135
109 191
109 250
109 275
109 292
110 154
110 241
110 273
110 288
110 306
111 134
112 269
113 223
114 233
115 268
116 135
116 184
116 304
117 131
117 135
117 136
117 138
117 244
118 133
118 142
118 149
118 211
118 231
118 244
118 247
118 267
118 275
118 288
118 307
120 233
121 135
121 256
121 284
121 292
121 298
122 147
122 176
122 268
123 133
123 180
123 193
123 215
124 130
124 140
124 156
124 157
124 168
124 205
124 215
124 247
124 272
125 249
126 136
126 196
127 278
127 312
127 314
128 133
128 135
128 139
128 156
128 180
128 197
128 240
128 305
129 131
129 134
129 138
129 147
129 148
129 156
129 175
129 179
129 200
129 202
129 218
129 223
129 233
129 239
129 281
129 282
129 285
129 286
129 287
129 288
129 291
129 296
129 315
130 131
130 133
130 136
130 152
130 162
130 172
130 173
130 179
130 182
130 187
130 193
130 217
130 218
130 233
130 236
130 239
130 264
130 265
130 266
130 271
130 288
130 312
131 133
131 135
131 144
131 147
131 149
131 157
131 159
131 180
131 184
131 191
131 193
131 199
131 206
131 210
131 214
131 221
131 235
131 281
131 307
132 177
132 249
133 149
133 172
133 173
133 179
133 185
133 193
133 196
133 208
133 240
133 243
133 272
133 284
133 285
133 303
133 313
134 148
134 156
134 157
134 180
134 188
134 200
134 217
134 219
134 225
134 230
134 252
134 255
134 268
134 283
134 286
134 288
135 180
135 182
135 188
135 191
135 206
135 212
135 220
135 242
135 257
135 261
135 266
135 285
135 292
135 310
135 313
136 157
136 213
136 224
136 234
136 249
136 267
136 283
136 286
137 254
138 212
139 265
140 151
140 210
140 241
140 250
140 269
140 292
141 217
142 152
142 156
142 184
142 188
142 314
143 198
143 265
144 152
144 307
145 180
145 233
145 272
145 297
146 160
148 167
148 172
148 182
148 242
148 243
148 266
148 300
149 155
149 183
149 186
149 200
149 231
149 239
149 244
149 249
149 298
150 231
150 245
150 277
151 167
152 191
152 204
152 205
152 222
152 232
152 244
152 266
152 284
154 204
154 267
156 163
156 164
156 167
156 194
156 199
156 209
156 211
156 224
156 242
156 252
156 255
156 265
156 269
156 280
157 173
157 181
157 284
157 304
157 315
158 259
158 269
158 287
159 197
159 209
159 232
159 239
159 269
159 300
160 273
160 296
160 309
161 238
161 247
161 292
161 294
161 305
162 227
162 247
162 283
163 196
164 173
164 263
164 287
164 299
165 198
165 206
165 224
166 285
166 287
167 193
167 201
167 226
167 231
167 278
167 280
167 306
168 263
168 285
170 264
171 214
172 193
172 236
172 239
172 243
173 201
173 307
174 273
174 288
175 258
176 200
176 311
177 238
177 249
178 193
178 305
179 287
180 216
180 218
180 254
180 286
182 212
183 293
184 207
184 222
185 191
185 205
185 210
185 273
185 276
188 200
188 301
190 300
192 241
192 258
192 261
193 199
193 266
193 269
193 271
193 285
195 245
197 210
197 216
197 295
199 232
200 273
200 283
200 287
201 239
201 292
204 220
204 286
205 214
205 215
205 229
205 239
205 313
206 249
207 230
207 286
208 214
208 239
208 275
210 233
210 298
211 258
214 223
214 258
214 304
215 238
215 286
215 287
216 287
216 311
217 252
217 272
218 237
218 274
218 285
218 292
219 292
220 223
220 249
220 262
221 270
222 248
222 284
223 250
223 252
224 233
225 248
228 239
231 248
231 277
231 303
232 239
232 246
233 248
233 252
234 286
237 247
239 267
241 286
242 245
242 258
242 287
244 284
244 313
245 254
245 309
246 293
247 254
248 278
249 276
249 286
249 299
252 304
259 274
259 275
259 312
261 268
261 287
262 306
264 288
272 287
272 304
273 304
279 287
280 296
281 315
283 286
283 308
283 309
285 295
286 313
287 301
287 303
287 304
292 296
301 302
306 315
