0 7
0 64
0 68
0 130
0 230
0 311
1 19
1 32
1 103
1 136
1 148
1 151
1 175
1 211
1 212
2 7
2 31
2 35
2 74
2 91
2 101
2 136
2 156
2 158
2 167
2 180
2 201
2 207
2 234
2 239
2 248
2 252
3 35
3 115
4 40
4 66
4 107
4 108
4 109
4 121
4 148
4 188
4 287
5 14
5 31
5 69
5 124
5 185
5 206
5 219
5 238
5 252
5 257
5 287
6 55
6 88
6 156
6 206
6 244
6 296
7 25
7 29
7 40
7 51
7 111
7 135
7 149
7 154
7 162
7 168
7 188
7 268
7 270
7 279
7 285
7 287
8 39
8 49
8 61
8 67
8 106
8 124
8 136
8 149
8 157
8 171
8 210
8 220
8 233
8 286
9 88
9 101
9 112
9 134
9 218
9 232
10 77
10 79
10 207
10 249
10 315
11 33
11 205
11 293
12 33
12 129
12 264
13 14
13 38
13 66
13 115
13 118
13 134
13 146
13 174
13 179
13 224
13 261
13 293
14 48
14 129
14 220
14 249
14 283
15 103
15 133
15 135
15 148
15 156
15 180
15 268
16 32
16 100
16 103
16 120
16 128
16 133
16 136
16 157
16 188
16 195
16 200
16 224
16 232
16 244
16 252
16 255
16 258
16 264
16 282
16 288
16 298
16 307
17 27
17 130
17 139
17 157
17 179
17 208
17 285
17 298
18 57
18 68
18 109
18 131
18 161
18 210
18 212
18 227
18 262
18 279
18 299
18 313
19 131
19 138
19 313
20 36
20 88
20 91
20 98
20 188
20 258
21 37
21 73
21 135
21 157
21 190
21 202
21 259
22 50
22 106
22 134
22 202
23 38
23 58
23 67
23 124
24 131
24 133
24 167
24 205
24 222
24 255
24 295
25 38
25 69
25 74
25 81
25 110
25 131
25 133
25 152
25 287
26 299
27 232
27 301
28 136
28 179
28 189
28 234
28 238
28 248
29 31
29 97
29 104
29 156
29 192
29 262
29 287
30 47
30 99
30 122
30 123
30 135
30 172
30 224
30 245
31 75
31 97
31 103
31 117
31 118
31 134
31 159
31 165
31 167
31 193
31 196
31 200
31 242
31 293
31 307
32 34
32 45
32 50
32 51
32 72
32 110
32 124
32 126
32 128
32 130
32 201
32 206
32 270
32 286
33 45
33 60
33 75
33 96
33 113
33 115
33 129
33 151
33 157
33 167
33 170
33 196
33 232
33 233
33 245
33 246
33 248
33 275
33 286
34 46
34 54
34 58
34 92
34 135
34 136
34 173
34 197
34 218
35 106
35 117
35 129
35 152
35 156
35 293
36 42
36 130
36 157
36 174
36 244
36 256
37 92
37 100
37 266
38 59
38 180
39 105
39 148
39 274
40 122
40 123
40 178
40 242
40 305
42 87
42 119
42 133
42 188
42 239
43 69
43 109
43 160
43 204
44 68
44 79
44 89
45 55
45 74
45 81
45 84
45 106
45 111
45 126
45 129
45 135
45 188
45 231
45 237
45 288
46 48
46 99
46 129
46 131
46 133
46 200
46 215
46 230
46 252
46 259
46 282
46 286
46 287
46 298
47 59
47 64
47 130
47 135
47 149
47 175
47 263
47 296
47 298
48 56
48 73
48 77
48 129
48 156
48 257
48 279
49 109
49 130
49 133
49 140
49 156
49 240
49 257
50 101
50 103
50 106
50 123
50 150
50 159
50 188
50 233
50 268
50 275
50 292
51 91
51 103
51 131
51 134
51 208
51 244
52 97
52 131
52 204
52 215
52 233
53 217
54 99
54 117
54 185
54 193
54 215
55 133
55 137
55 279
55 304
56 67
56 75
56 124
56 127
56 179
56 189
56 252
56 258
56 260
56 292
57 82
57 132
57 233
57 283
58 99
58 216
58 240
59 66
59 81
59 97
59 122
59 129
59 131
59 157
59 185
59 221
59 291
60 62
60 91
60 145
60 149
60 180
60 205
60 271
61 183
61 186
62 129
62 188
62 210
62 232
62 269
63 92
63 101
63 106
64 89
64 129
64 191
64 193
64 221
65 160
65 230
65 255
66 85
66 103
66 135
66 152
66 167
66 192
66 217
67 78
67 94
67 155
67 156
67 167
68 130
68 131
68 136
68 148
68 188
68 248
68 284
68 285
68 298
69 129
69 161
69 193
69 241
69 286
70 242
71 265
71 279
72 118
72 176
73 80
73 136
73 172
73 245
74 145
74 242
74 258
75 147
75 157
75 178
75 224
75 249
76 80
76 105
76 264
77 130
77 135
77 136
77 148
77 266
78 152
78 216
79 89
79 138
79 148
79 180
79 235
80 103
80 104
80 124
80 241
80 258
81 103
81 132
81 247
82 118
82 199
83 107
83 176
83 224
83 276
84 137
84 230
85 136
85 201
85 213
85 235
85 242
85 247
85 286
86 107
86 135
86 136
86 156
86 177
86 219
87 121
87 126
87 130
87 133
87 156
87 185
87 195
87 217
87 302
88 145
89 128
89 134
89 140
89 157
89 160
89 249
89 254
89 256
89 287
90 134
90 185
90 288
91 106
91 129
91 135
92 99
92 193
92 239
92 275
92 301
92 307
93 99
93 174
93 269
93 282
94 141
94 203
95 106
95 155
95 182
95 227
96 113
96 130
96 157
96 194
96 208
96 230
96 287
97 154
98 110
98 120
98 123
98 130
98 133
98 215
98 223
98 249
98 293
99 164
99 241
100 129
100 287
101 110
101 123
101 145
101 219
102 111
102 118
102 136
102 156
102 180
102 188
102 206
102 213
102 219
102 228
102 291
103 124
103 129
103 131
103 133
103 155
103 173
103 205
103 250
103 293
103 309
104 129
104 131
104 171
104 203
104 205
104 274
105 108
105 110
105 133
105 134
105 167
105 197
105 200
106 131
106 136
106 197
106 248
106 285
107 314
108 110
108 120
108 140
108 159
108 216
108 278
109 131
109 142
109 157
109 291
109 315
110 136
110 188
110 219
110 287
112 279
112 310
113 277
113 281
113 303
114 157
114 199
114 214
114 232
114 304
115 122
115 152
115 157
117 124
117 127
117 129
117 153
117 156
117 207
117 225
117 245
118 164
118 167
118 188
118 196
118 217
118 224
118 259
118 260
118 272
118 273
118 286
118 288
118 296
118 304
118 311
119 156
119 157
119 184
119 220
120 135
120 200
120 234
121 153
121 167
121 179
121 249
121 275
121 288
122 131
122 133
122 188
122 239
122 264
122 294
123 153
123 156
123 230
123 288
123 302
124 134
124 163
124 200
124 207
124 208
124 214
126 130
126 142
128 179
128 206
128 218
128 231
129 131
129 134
129 137
129 141
129 155
129 159
129 181
129 211
129 216
129 232
129 233
129 245
129 249
129 263
129 286
129 304
129 314
130 133
130 178
130 204
130 207
130 213
130 217
130 229
130 234
130 246
130 247
130 270
130 272
130 276
131 133
131 153
131 157
131 167
131 184
131 206
131 208
131 263
131 287
131 294
131 295
132 169
132 173
132 288
132 289
133 148
133 159
133 168
133 188
133 189
133 190
133 191
133 193
133 205
133 206
133 239
133 240
133 246
133 252
133 285
133 286
133 302
133 305
133 313
134 148
134 159
134 161
134 175
134 180
134 188
134 235
134 247
134 253
134 272
134 275
134 286
134 297
134 298
134 301
134 305
135 136
135 167
135 168
135 186
135 190
135 193
135 197
135 200
135 204
135 224
135 238
135 275
135 293
135 307
136 143
136 148
136 185
136 200
136 201
136 205
136 212
136 241
136 280
136 288
137 159
137 160
137 241
138 148
138 204
139 210
139 230
139 288
140 167
140 211
140 214
140 231
140 234
140 310
142 172
142 180
142 202
142 285
142 298
144 212
145 179
145 222
145 230
146 303
148 200
148 201
148 206
148 208
148 215
148 288
149 157
149 201
149 283
149 315
150 285
151 266
152 249
152 252
152 288
153 180
153 185
153 249
154 179
154 184
154 192
154 230
154 246
155 185
156 179
156 185
156 200
156 201
156 235
156 244
156 255
156 257
156 293
156 295
156 297
157 206
157 210
157 217
157 219
157 257
157 286
157 291
158 216
158 249
159 242
160 215
160 216
160 239
160 242
160 246
160 249
160 285
160 293
161 179
162 177
162 195
162 239
162 288
163 218
164 167
166 218
166 221
166 242
166 261
167 184
167 193
167 197
167 200
167 234
167 263
167 269
167 276
167 283
171 179
171 217
171 287
172 275
173 185
173 220
173 255
173 275
173 303
174 268
175 193
177 271
177 287
179 233
180 192
180 247
180 252
180 293
182 192
183 216
185 281
186 210
187 193
188 191
188 222
189 290
189 292
191 230
191 249
191 273
193 194
193 242
193 275
193 287
194 210
194 217
194 256
195 222
196 213
196 250
197 217
197 274
200 229
200 231
200 248
200 250
200 268
200 288
200 305
201 217
205 224
206 249
206 255
206 286
207 288
209 262
209 265
210 236
210 307
210 315
211 249
211 268
213 252
214 217
214 218
214 231
214 232
214 247
215 270
215 288
215 292
216 280
216 303
217 273
218 249
218 270
219 225
219 241
219 305
219 311
220 234
220 237
220 275
221 244
222 249
223 288
223 298
223 305
224 233
227 288
227 302
231 304
231 306
232 256
234 278
234 305
236 269
237 257
237 275
238 267
238 268
238 273
239 263
239 295
239 304
242 251
242 258
243 251
247 307
249 272
252 309
255 264
256 313
257 269
257 289
265 295
267 314
268 276
269 289
271 276
276 283
278 287
281 290
283 287
284 286
286 304
287 293
288 313
297 304
313 314
