0 16
0 64
0 103
0 146
0 278
1 43
1 104
1 114
1 129
1 134
1 135
1 191
1 264
2 12
2 18
2 45
2 46
2 66
2 71
2 75
2 84
2 94
2 156
2 180
2 196
2 204
2 233
2 241
2 249
2 278
2 305
3 131
3 157
3 242
4 46
4 91
4 115
4 124
4 129
4 149
4 169
4 188
4 200
4 215
4 286
4 287
5 28
5 135
5 157
5 159
5 177
5 220
5 245
5 254
6 7
6 8
6 32
6 43
6 81
6 91
6 117
6 150
6 214
7 10
7 33
7 49
7 79
7 96
7 107
7 115
7 130
7 132
7 165
7 192
7 220
7 284
8 12
8 19
8 40
8 44
8 83
8 104
8 110
8 120
8 129
8 131
8 134
8 139
8 145
8 152
8 166
8 216
8 240
8 304
9 31
9 144
9 234
10 219
11 29
11 134
11 167
11 180
11 261
11 285
11 305
12 15
12 31
12 102
12 103
12 108
12 117
12 118
12 122
12 131
12 138
12 160
12 172
12 215
12 218
12 288
12 298
12 303
13 75
13 89
13 102
13 116
13 117
13 142
13 156
13 167
13 205
13 210
13 227
13 286
13 311
14 96
14 133
14 135
14 191
14 249
14 280
15 238
15 277
16 20
16 32
16 34
16 51
16 76
16 81
16 92
16 95
16 133
16 138
16 140
16 143
16 145
16 149
16 152
16 158
16 160
16 173
16 181
16 188
16 193
16 227
16 258
16 298
17 117
17 144
17 185
17 298
18 81
18 298
19 68
19 142
19 159
19 164
20 172
20 177
20 230
21 40
21 73
21 89
21 129
21 131
22 135
22 148
22 200
23 180
23 224
23 303
24 185
24 214
24 220
24 276
24 283
24 288
25 91
25 98
25 197
25 209
25 211
25 257
25 276
25 285
25 286
25 299
26 135
27 209
27 278
28 55
28 67
28 113
28 189
28 215
29 64
29 124
29 151
29 264
30 58
30 149
30 243
30 266
31 39
31 98
31 126
31 130
31 148
31 179
31 193
31 200
31 204
31 275
31 286
32 35
32 38
32 49
32 60
32 64
32 80
32 89
32 92
32 106
32 118
32 152
32 155
32 160
32 185
32 187
32 200
32 203
32 211
32 214
32 222
32 242
32 302
33 70
33 79
33 81
33 84
33 87
33 131
33 148
33 164
33 179
33 205
33 215
33 234
33 262
33 271
33 285
34 69
34 70
34 119
34 128
34 134
34 156
34 180
34 251
34 287
35 49
35 50
35 75
35 106
35 118
35 119
35 133
35 156
36 49
36 67
36 114
36 124
36 139
36 204
36 241
37 92
37 102
37 179
37 254
37 279
38 41
38 70
38 92
38 103
38 116
38 130
38 207
38 249
39 85
39 124
39 167
39 258
40 168
40 268
41 95
41 167
41 180
41 218
41 224
41 245
41 291
42 57
42 105
42 124
42 178
42 296
43 47
43 100
43 176
43 245
43 296
44 175
44 204
44 288
44 295
44 298
45 54
45 132
45 133
45 185
45 266
45 285
45 287
46 69
46 71
46 77
46 108
46 115
46 121
46 126
46 131
46 133
46 140
46 195
46 196
46 221
46 262
46 278
47 54
47 98
47 145
47 174
47 177
47 200
47 244
47 247
47 249
47 276
48 59
48 61
48 79
48 83
48 102
48 133
48 160
48 193
48 266
48 288
49 88
49 98
49 107
49 117
49 120
49 135
49 189
49 216
50 104
50 140
50 142
50 148
50 224
50 258
50 264
50 273
50 283
50 314
51 104
51 109
51 129
51 133
51 135
51 153
51 178
51 208
51 218
51 222
51 258
52 61
52 63
52 85
52 99
52 135
53 94
53 134
53 156
54 134
54 140
54 196
54 211
55 62
55 118
55 133
55 210
55 276
55 278
55 291
55 303
56 64
56 162
56 184
56 188
57 129
57 270
57 284
59 60
59 76
59 81
59 85
59 105
59 130
59 164
59 203
59 208
59 235
59 295
59 305
60 74
60 85
60 91
60 118
60 121
60 129
60 131
60 134
60 183
60 298
60 313
61 81
61 305
62 145
62 149
62 174
62 217
62 239
62 314
63 105
64 182
64 193
64 214
64 251
64 297
65 168
65 250
66 131
66 156
66 286
66 290
67 74
67 87
67 96
67 122
67 138
67 143
67 160
67 202
67 230
67 263
67 285
67 296
67 301
68 85
68 116
68 133
68 152
68 184
68 195
68 210
68 217
68 241
68 258
68 278
68 285
68 286
69 74
69 239
69 290
70 145
70 215
70 254
70 270
71 92
71 236
72 101
72 110
72 136
72 188
72 285
72 287
72 301
73 152
73 164
73 201
74 133
74 149
74 156
74 157
74 200
74 249
74 288
75 116
75 130
75 131
75 249
75 296
75 307
76 136
76 139
76 148
76 258
77 128
77 149
77 200
77 232
78 194
78 206
78 210
78 243
78 304
79 104
79 152
79 253
79 266
79 277
80 89
80 114
80 121
80 133
80 172
80 178
80 239
80 268
80 278
80 290
81 205
81 210
81 241
81 245
81 256
81 278
81 303
82 89
82 91
82 121
82 313
83 96
83 110
83 142
83 191
83 229
83 279
83 291
85 92
85 94
85 132
86 109
86 260
86 292
86 293
87 114
87 139
87 242
87 292
88 102
88 131
88 288
88 306
89 95
89 220
89 268
89 287
89 303
90 110
90 133
90 239
91 133
92 108
92 114
92 134
92 154
92 159
92 160
92 206
92 215
92 220
92 223
92 239
92 242
92 249
92 287
94 130
94 148
94 239
95 121
95 148
95 249
95 266
95 269
96 108
96 133
96 142
96 180
96 208
96 275
96 288
97 119
97 131
97 135
97 180
97 210
97 218
98 128
98 180
98 239
98 261
98 273
99 129
99 142
99 156
100 102
100 283
101 110
101 130
101 139
101 153
101 293
102 122
102 129
102 135
102 151
102 181
102 217
102 220
102 236
102 266
102 275
102 287
102 310
103 105
103 113
103 133
103 156
103 205
103 226
103 239
103 266
103 276
103 287
103 299
104 149
104 159
104 185
104 232
104 293
104 303
105 129
105 187
105 224
105 250
105 293
106 129
106 130
106 135
106 136
106 154
106 181
106 215
107 157
107 287
107 313
108 157
108 250
108 299
109 134
109 184
109 200
109 250
110 122
110 134
110 136
110 163
110 164
110 272
110 291
111 134
111 154
111 197
112 118
112 260
114 117
114 164
114 307
115 162
116 272
116 276
117 168
117 254
117 287
117 311
117 313
118 121
118 133
118 140
118 149
118 152
118 157
118 259
118 287
118 314
119 148
119 156
119 255
119 262
119 284
121 177
121 217
122 129
122 130
122 137
122 156
122 231
122 253
123 191
123 193
123 219
123 313
124 134
124 135
124 177
125 149
126 132
126 303
127 129
127 133
127 145
127 192
127 223
127 265
128 135
128 148
128 155
128 287
129 131
129 132
129 135
129 142
129 147
129 160
129 168
129 173
129 191
129 232
129 239
129 245
129 260
129 284
129 297
129 305
130 131
130 132
130 140
130 153
130 167
130 180
130 217
130 220
130 239
130 241
130 257
130 264
130 279
130 287
130 303
131 134
131 140
131 144
131 150
131 156
131 184
131 192
131 198
131 228
131 230
131 239
131 242
131 243
131 265
131 309
132 275
133 134
133 137
133 160
133 161
133 176
133 182
133 217
133 242
133 259
133 260
133 272
133 285
133 293
133 298
134 144
134 156
134 167
134 176
134 185
134 190
134 206
134 227
134 243
134 258
134 275
134 279
134 287
134 303
134 304
134 309
135 138
135 143
135 146
135 148
135 154
135 188
135 200
135 212
135 218
135 245
135 255
135 296
136 140
136 160
136 189
136 230
136 234
136 276
136 288
136 314
137 144
137 163
137 229
138 165
138 167
138 182
138 208
138 239
138 293
138 303
139 179
139 206
139 288
140 167
140 173
140 180
140 199
141 177
142 234
143 156
143 157
144 314
145 164
145 233
145 258
146 239
146 287
146 314
147 200
148 250
148 280
149 189
149 271
149 302
150 295
152 193
152 215
152 239
152 266
152 288
153 235
153 302
154 177
154 304
155 156
156 193
156 200
156 202
156 239
156 245
156 258
156 260
156 262
156 276
156 287
157 168
157 200
157 245
157 264
157 287
157 288
157 291
157 304
157 311
159 197
159 218
159 220
160 218
160 275
160 293
161 193
161 263
161 285
161 299
161 310
162 173
162 200
162 206
162 210
162 247
162 298
164 196
164 294
165 285
166 284
166 301
166 310
167 175
167 191
167 212
167 252
167 269
167 302
167 315
168 179
168 192
171 191
171 268
172 260
172 297
173 180
173 254
173 287
173 295
174 194
174 222
174 298
175 201
175 304
176 224
176 258
177 272
179 249
179 261
180 198
180 234
180 253
180 255
180 267
180 279
180 290
180 299
181 201
181 209
181 245
182 226
182 246
184 285
185 191
185 241
185 270
185 288
186 218
186 227
187 273
187 287
188 195
188 210
188 272
190 249
190 264
191 287
191 304
193 212
193 239
193 244
193 286
193 287
193 302
195 219
195 260
195 288
197 247
199 282
200 229
200 282
200 287
200 313
201 208
201 255
202 224
203 299
204 205
204 206
204 213
204 294
205 291
206 250
206 253
206 268
208 275
208 282
208 304
210 223
210 311
210 314
211 236
211 263
212 287
214 296
214 306
215 220
216 225
217 249
218 272
218 286
220 234
220 249
220 276
220 288
221 258
223 247
223 272
223 304
224 238
224 249
224 277
225 262
226 242
228 240
229 306
230 276
230 278
231 239
231 255
232 234
232 239
232 245
233 242
234 279
234 305
235 286
237 239
239 245
239 288
242 287
242 303
244 281
248 284
252 286
252 295
255 272
255 305
257 289
258 263
258 313
259 288
260 286
263 278
263 288
268 269
269 287
269 288
272 285
274 287
275 278
275 291
284 305
285 286
286 308
287 293
287 304
287 305
287 310
296 304
296 315
301 309
