0 23
0 74
0 78
0 128
0 133
0 137
0 258
1 7
1 25
1 64
1 77
1 130
1 192
2 16
2 31
2 47
2 60
2 86
2 111
2 113
2 134
2 141
2 152
2 164
2 166
2 185
2 214
2 234
2 275
3 20
3 106
3 238
3 279
3 284
4 33
4 133
4 305
5 62
5 109
5 114
5 129
5 130
5 133
5 167
5 180
5 242
5 246
6 118
6 129
6 212
7 58
7 80
7 131
7 134
7 167
7 180
7 191
7 217
7 266
7 290
7 293
7 297
8 28
8 45
8 46
8 48
8 50
8 220
8 229
8 277
8 288
9 32
9 66
9 135
9 206
9 293
10 13
10 66
10 188
10 249
11 45
11 148
11 155
11 156
11 177
11 231
11 291
12 40
12 83
12 101
12 185
12 210
12 279
12 285
12 301
13 36
13 45
13 169
13 176
13 207
13 219
13 220
14 19
14 53
14 87
14 109
14 114
14 129
14 185
14 210
14 268
14 292
15 47
15 64
15 131
15 133
15 150
15 156
15 166
15 187
15 201
15 232
15 249
15 264
15 285
16 19
16 31
16 33
16 59
16 69
16 95
16 103
16 106
16 115
16 135
16 140
16 145
16 156
16 158
16 185
16 205
16 206
16 214
16 242
17 56
17 71
17 132
17 134
18 39
18 78
18 97
18 131
18 164
18 166
18 192
19 180
19 202
19 284
20 32
20 43
20 130
20 135
20 192
20 200
20 279
21 104
21 147
21 275
23 122
23 129
23 136
23 151
23 305
24 122
24 129
24 130
24 172
24 258
24 299
25 75
25 78
25 90
25 118
25 126
25 133
25 149
25 166
25 174
25 193
26 287
27 172
27 295
27 304
28 30
28 103
28 122
28 136
28 173
28 265
28 269
28 304
29 74
29 157
29 180
29 247
30 68
30 282
30 287
31 54
31 128
31 131
31 133
31 136
31 157
31 174
31 197
31 209
31 211
31 215
31 226
31 237
31 241
31 261
31 282
32 43
32 45
32 70
32 76
32 80
32 87
32 102
32 117
32 132
32 137
32 148
32 152
32 156
32 167
32 174
32 197
32 198
32 215
32 216
32 231
32 232
32 235
32 242
32 270
32 279
32 291
32 293
32 300
32 305
32 309
33 87
33 104
33 117
33 123
33 129
33 148
33 173
33 175
33 201
33 224
33 233
33 266
33 287
33 311
34 44
34 68
34 93
34 99
34 123
34 179
34 233
34 281
35 49
35 84
35 94
35 133
35 148
35 298
35 300
36 64
36 77
36 130
36 143
36 148
36 157
36 210
36 276
36 286
36 298
36 314
37 62
37 131
37 135
38 46
38 62
38 72
38 88
38 89
38 133
38 134
38 202
39 103
39 216
39 224
40 73
40 118
40 133
40 148
40 152
40 153
40 192
40 242
40 284
41 53
41 54
41 94
41 129
41 134
41 145
41 167
41 188
41 274
41 304
41 305
42 45
42 136
42 180
42 234
42 252
43 88
43 116
43 220
43 258
43 275
43 299
44 71
44 130
44 269
45 59
45 102
45 107
45 122
45 161
45 231
45 249
45 271
45 286
45 292
45 311
46 86
46 102
46 134
46 137
46 140
46 154
46 180
46 200
46 251
46 257
47 72
47 94
47 133
47 158
47 234
47 288
48 74
48 75
48 76
48 172
48 200
48 273
48 303
49 104
49 122
49 135
49 210
49 242
50 133
50 188
50 200
50 221
50 308
51 128
51 130
51 134
51 197
51 225
52 76
52 77
52 80
52 130
52 293
52 315
53 224
53 275
54 203
54 226
55 63
55 226
56 94
56 98
56 115
56 159
56 220
58 202
59 62
59 66
59 68
59 92
59 98
59 101
59 117
59 139
59 193
59 204
59 209
59 219
59 269
59 272
59 301
60 102
60 177
60 260
60 278
60 285
60 286
61 91
61 125
61 148
61 167
62 89
62 108
62 133
62 152
62 191
62 217
62 229
62 266
63 98
63 134
63 299
64 68
64 69
64 164
64 264
64 315
65 257
66 131
66 180
66 240
66 256
67 77
67 98
67 156
67 188
67 208
67 232
67 244
67 275
67 298
68 74
68 113
68 148
68 150
68 161
68 267
68 275
68 285
69 91
70 122
70 129
70 130
70 232
70 287
70 308
71 174
71 189
72 161
72 286
72 298
73 81
73 88
73 102
73 104
73 229
73 297
74 92
74 103
74 134
74 142
74 149
74 241
74 286
75 83
75 106
75 111
75 129
75 133
75 164
75 176
75 238
75 249
75 303
76 103
76 129
76 162
76 181
76 218
77 159
77 206
77 239
77 305
78 103
78 215
78 275
79 104
79 158
79 252
79 284
80 129
80 136
80 174
80 193
80 258
81 102
81 133
81 156
81 197
81 240
82 168
82 289
83 150
83 188
83 200
83 217
83 220
83 249
83 260
84 122
84 132
85 192
85 207
85 231
85 233
85 251
85 286
86 155
87 130
87 149
87 208
87 233
87 284
87 287
87 299
88 123
88 149
88 188
88 215
88 231
88 244
88 275
89 102
89 278
90 126
90 130
90 258
91 193
91 258
92 105
92 107
92 147
92 215
92 278
93 153
93 242
93 279
94 129
94 134
94 138
94 251
95 112
95 129
95 220
95 240
95 280
96 161
96 185
96 220
96 246
97 124
97 249
97 290
98 156
98 227
98 239
98 257
98 301
99 161
99 192
99 255
99 287
101 133
101 134
101 172
101 173
102 126
102 135
102 156
102 199
102 261
102 287
102 307
103 115
103 126
103 145
103 158
103 176
103 240
103 254
103 257
103 305
104 117
104 126
104 215
104 236
104 245
104 263
105 109
105 145
105 169
105 185
105 193
105 230
105 263
105 269
106 124
106 130
106 134
106 250
107 157
107 190
107 209
107 230
107 287
108 131
108 138
108 292
109 129
109 156
109 216
109 217
109 296
110 118
110 211
110 255
112 232
113 117
113 152
113 180
113 266
114 130
114 134
114 280
115 133
115 205
115 217
115 227
115 283
115 284
115 288
116 117
116 129
116 156
117 130
117 131
117 134
117 153
117 164
117 170
117 185
117 193
117 195
117 241
117 272
118 121
118 127
118 133
118 135
118 139
118 149
118 172
118 173
118 174
118 191
118 267
118 270
118 288
118 305
119 130
119 135
119 248
119 249
120 191
120 196
120 240
120 258
121 167
121 176
121 201
121 256
121 269
121 288
121 293
121 312
122 129
122 156
122 167
122 206
122 243
122 286
122 298
122 303
123 312
123 315
124 133
124 152
124 162
124 173
124 216
124 245
124 290
126 131
126 156
126 247
127 134
127 159
127 186
128 130
128 131
128 135
128 206
128 220
128 255
128 288
129 133
129 156
129 157
129 177
129 191
129 193
129 232
129 239
129 240
129 263
129 274
129 285
129 286
129 293
129 302
129 307
130 133
130 134
130 135
130 142
130 145
130 154
130 172
130 188
130 193
130 197
130 204
130 215
130 223
130 242
130 244
130 247
130 275
130 276
130 279
130 303
130 305
131 135
131 146
131 156
131 180
131 203
131 204
131 205
131 244
131 252
131 256
131 263
131 281
131 286
132 155
132 167
133 151
133 156
133 165
133 174
133 185
133 210
133 222
133 230
133 273
133 287
133 288
133 291
133 298
133 304
134 135
134 136
134 142
134 146
134 149
134 157
134 180
134 186
134 188
134 206
134 212
134 214
134 224
134 244
134 269
134 272
134 285
134 286
135 136
135 142
135 148
135 153
135 159
135 164
135 167
135 169
135 175
135 184
135 187
135 224
135 231
135 242
135 249
135 267
135 275
135 287
135 293
135 296
136 149
136 157
136 167
136 173
136 176
136 197
136 198
136 215
136 237
136 238
136 264
136 294
136 308
136 313
137 160
137 231
137 239
138 172
138 185
138 215
138 262
139 157
139 177
139 180
139 311
140 200
140 226
140 249
141 203
141 305
142 153
142 157
142 197
142 230
142 315
144 230
145 156
145 185
145 242
145 296
147 258
148 182
148 263
148 285
148 305
149 156
149 191
149 219
149 243
149 263
149 307
150 179
150 180
150 267
151 289
152 194
152 246
153 174
153 236
153 276
153 286
154 156
154 181
154 182
154 283
155 156
155 218
156 160
156 179
156 220
156 223
156 230
156 245
156 255
156 264
157 160
157 171
157 214
157 215
157 232
157 233
157 246
157 287
157 299
158 161
159 172
159 177
159 203
159 239
159 287
159 308
160 174
160 175
160 182
160 188
160 201
160 246
160 308
161 216
162 182
162 222
162 242
164 177
164 224
165 249
167 192
167 239
167 244
167 258
167 281
167 284
167 313
169 255
170 193
171 173
171 224
171 234
171 279
172 258
172 293
173 180
173 185
173 288
173 290
173 294
174 219
175 234
177 249
178 223
178 258
178 264
180 185
180 202
180 287
180 310
184 246
185 286
187 208
187 273
188 214
188 224
188 266
188 287
188 293
190 194
191 231
191 233
191 258
192 195
192 288
193 218
193 220
193 223
193 243
193 288
195 212
196 291
199 241
200 210
200 213
200 264
200 276
200 283
200 287
200 307
201 242
201 297
202 279
204 304
205 206
205 215
205 233
206 223
206 261
206 292
207 229
208 218
208 227
208 243
209 265
209 304
210 233
210 242
210 259
210 288
211 286
211 301
212 223
212 287
215 229
215 235
215 249
215 273
216 239
216 251
216 267
216 306
219 220
220 234
220 239
220 244
221 239
221 314
223 269
224 242
224 268
225 267
226 294
227 233
229 255
229 272
229 313
230 239
232 288
232 304
233 258
233 299
233 303
236 287
236 298
238 284
239 246
239 269
239 286
241 267
241 296
244 249
244 272
244 298
245 266
245 288
245 304
246 278
247 288
248 287
249 264
249 280
249 287
249 293
257 287
258 264
258 296
262 287
265 284
265 287
268 287
269 285
270 308
270 309
273 308
275 287
276 314
278 311
279 309
280 299
283 296
284 305
287 292
287 302
287 304
296 298
