0 25
0 65
0 80
0 136
0 145
0 281
1 18
1 132
1 173
1 205
1 219
1 252
2 16
2 28
2 29
2 50
2 70
2 74
2 129
2 130
2 132
2 148
2 152
2 210
2 213
2 291
2 292
2 305
3 60
3 161
3 288
4 8
4 43
4 64
4 105
4 108
4 174
4 238
4 249
5 10
5 104
5 180
5 216
6 31
6 42
6 101
6 129
6 239
6 242
6 291
6 302
6 308
7 54
7 60
7 86
7 123
7 133
7 134
7 148
7 177
7 198
7 226
7 242
7 247
7 263
8 101
8 111
8 116
8 130
8 156
8 158
8 177
8 195
8 215
8 258
8 277
9 24
9 59
9 87
9 124
9 156
9 255
9 263
10 24
10 55
10 62
10 75
10 278
11 69
11 96
11 122
11 211
11 265
12 34
12 47
12 98
12 135
12 142
12 154
12 166
12 172
12 201
13 16
13 45
13 59
13 129
13 130
13 135
13 167
13 180
13 277
13 299
14 32
14 77
14 104
14 112
14 130
14 131
14 216
14 217
15 55
15 133
15 135
15 224
15 296
15 305
16 32
16 38
16 49
16 55
16 87
16 112
16 122
16 130
16 131
16 148
16 156
16 157
16 160
16 164
16 214
16 266
16 279
16 288
17 21
17 25
17 101
17 133
17 135
17 146
17 162
17 217
17 232
17 308
18 25
18 46
18 134
18 150
18 157
18 216
18 230
18 235
18 259
19 195
19 272
19 298
20 42
20 130
20 133
20 135
20 137
20 142
20 156
20 194
20 200
20 283
21 46
21 102
21 112
21 216
22 124
22 184
22 194
23 58
23 102
23 242
23 267
24 206
24 232
24 280
25 41
25 60
25 103
25 117
25 135
25 168
25 182
26 86
27 67
27 109
27 138
27 172
28 29
28 77
28 124
28 258
28 275
28 286
28 287
28 306
28 313
29 42
29 92
29 130
29 167
29 277
30 275
31 75
31 83
31 85
31 102
31 131
31 133
31 180
31 235
31 270
32 46
32 80
32 111
32 129
32 131
32 134
32 135
32 159
32 160
32 188
32 193
32 287
33 47
33 67
33 71
33 75
33 104
33 130
33 135
33 140
33 200
33 208
33 234
33 252
33 266
33 275
33 298
34 94
34 122
34 129
34 133
34 139
34 141
34 173
34 228
34 238
34 239
34 269
34 285
35 60
35 106
35 128
35 129
35 167
35 220
35 287
35 306
35 307
36 40
36 74
36 161
36 175
36 244
36 255
37 128
37 157
37 193
38 201
38 241
38 258
38 275
38 287
39 107
39 206
40 67
40 75
40 118
40 235
40 272
40 284
41 47
41 176
42 63
42 64
42 102
42 124
42 132
42 134
42 161
42 275
42 288
42 293
42 298
43 51
43 89
43 130
43 146
43 175
44 111
44 145
45 74
45 75
45 85
45 95
45 133
45 140
45 200
45 206
45 211
45 219
45 284
46 75
46 131
46 134
46 144
46 193
46 206
46 250
46 255
46 280
46 287
46 313
47 50
47 65
47 112
47 115
47 129
47 192
47 239
47 249
48 51
48 117
48 129
48 271
48 288
49 140
49 188
50 95
50 124
50 129
50 133
50 135
50 163
50 180
50 181
50 268
51 64
51 101
51 103
51 104
51 115
51 122
51 124
51 129
51 132
51 134
51 138
51 187
51 195
51 204
51 295
52 110
52 134
52 139
53 116
53 290
54 96
54 129
54 155
54 242
54 312
55 98
55 128
55 136
55 260
55 306
55 308
55 312
56 67
56 113
56 120
56 127
56 193
56 202
57 67
57 95
57 105
57 155
59 89
59 135
59 142
59 157
59 181
59 197
59 259
59 265
59 283
59 285
59 293
60 91
60 127
60 133
60 149
60 174
60 218
60 232
60 238
60 248
60 272
60 286
61 206
61 301
62 84
62 118
62 176
63 191
63 205
63 288
64 79
64 103
64 105
64 127
64 133
64 141
64 158
64 167
64 287
65 86
66 97
66 119
66 131
66 190
66 277
67 89
67 118
67 130
67 135
67 160
67 194
67 280
67 296
68 105
68 133
68 148
68 156
68 205
68 271
68 284
69 88
69 128
69 216
69 219
69 308
70 142
71 220
71 297
72 81
72 161
72 173
73 158
73 217
73 286
74 120
74 128
74 154
74 188
74 191
74 219
74 232
74 286
74 304
75 106
75 135
75 192
75 193
75 200
75 212
75 249
75 270
75 284
76 117
76 175
77 132
78 96
78 129
78 193
78 272
79 188
79 263
80 83
80 104
80 135
80 159
80 175
80 187
80 255
80 279
80 305
80 314
81 98
81 118
81 162
81 245
81 288
81 309
82 85
82 239
83 85
83 112
83 118
83 134
83 167
83 181
83 227
83 236
84 134
84 163
85 132
85 223
85 278
86 97
86 130
86 225
87 98
87 99
87 134
87 144
87 150
87 206
87 249
87 255
87 296
88 149
88 156
88 279
89 134
89 141
89 167
89 212
89 248
89 309
90 130
90 167
91 287
92 95
92 101
92 104
92 124
92 231
92 255
92 278
92 303
93 119
94 243
94 265
94 307
95 135
95 182
95 208
96 111
96 120
96 180
96 220
96 233
96 276
96 287
96 308
96 311
97 206
97 279
97 286
98 101
98 124
98 129
98 133
98 134
98 144
98 149
98 162
98 171
98 278
99 193
99 311
100 107
100 156
100 288
101 132
101 148
101 167
101 179
101 196
101 232
101 237
101 271
101 273
102 107
102 122
102 156
102 157
102 188
102 249
102 275
103 129
103 133
103 136
103 138
103 140
103 170
103 174
103 191
103 224
103 228
103 229
103 233
104 107
104 109
104 135
104 156
104 177
104 206
104 266
104 268
104 270
105 126
105 130
105 161
105 249
105 261
105 272
105 276
105 313
106 180
106 216
106 239
106 258
106 287
106 304
107 167
107 261
107 305
108 134
108 249
108 294
109 134
109 135
110 191
110 234
110 284
110 302
111 142
111 162
111 207
112 178
112 230
112 286
113 135
113 272
114 219
114 239
115 129
115 199
115 287
117 129
117 133
117 210
117 287
117 290
118 129
118 131
118 152
118 208
118 243
118 257
118 288
119 149
119 246
119 298
120 131
121 129
121 133
121 180
121 261
121 287
122 131
122 150
122 217
122 239
123 133
123 200
124 139
124 211
124 258
124 272
124 302
125 130
125 168
125 238
126 179
126 200
126 220
126 233
128 139
128 152
128 153
128 161
128 216
128 241
129 130
129 131
129 155
129 157
129 158
129 169
129 197
129 202
129 220
129 224
129 225
129 248
129 267
129 286
129 307
129 308
129 313
130 131
130 134
130 138
130 156
130 157
130 174
130 183
130 191
130 197
130 230
130 276
130 298
130 302
130 309
131 138
131 140
131 145
131 151
131 153
131 164
131 180
131 188
131 224
131 229
131 236
131 251
131 262
131 279
131 281
131 287
131 302
131 304
132 181
132 218
132 220
132 288
133 134
133 138
133 148
133 167
133 174
133 191
133 193
133 222
133 245
133 266
133 275
133 276
133 284
133 309
134 159
134 161
134 162
134 164
134 172
134 179
134 193
134 208
134 221
134 247
134 261
134 268
135 161
135 181
135 187
135 212
135 231
135 232
135 252
135 261
135 286
135 287
135 291
135 293
135 298
135 305
136 137
136 151
136 162
136 179
136 221
136 273
136 285
136 287
136 314
137 186
138 287
139 210
139 254
139 285
140 157
140 193
140 209
140 239
141 210
141 231
142 160
142 193
142 218
142 224
142 239
142 298
143 259
144 210
145 201
145 287
146 242
147 149
147 164
147 177
147 216
148 207
148 209
148 239
148 287
148 306
148 313
149 192
149 219
149 229
150 285
151 210
152 200
152 218
152 242
152 249
153 302
154 244
155 208
156 180
156 188
156 204
156 206
156 243
156 244
156 258
156 303
156 314
157 169
157 189
157 271
158 274
159 160
160 191
160 257
160 291
160 313
161 180
161 242
161 263
161 278
162 180
162 261
162 287
162 293
163 206
163 219
164 200
165 222
165 249
165 281
167 224
167 236
167 315
169 272
169 297
171 258
171 288
172 283
172 287
173 288
174 210
174 313
176 242
176 252
177 202
179 188
179 191
179 287
180 192
180 239
180 287
180 288
180 290
181 271
182 215
183 206
184 226
184 239
185 271
185 281
186 238
188 220
188 233
188 268
188 269
188 298
188 303
188 304
189 238
190 268
191 209
191 224
191 249
191 264
191 268
191 275
192 208
192 286
193 199
193 210
193 211
193 231
193 258
193 275
193 298
195 203
197 215
197 249
198 250
198 259
200 201
200 214
200 231
200 240
200 271
200 297
201 206
201 248
202 210
202 215
202 226
202 305
204 215
204 216
204 247
205 209
205 219
205 253
205 259
205 266
205 273
206 215
206 281
207 276
208 215
208 304
209 294
210 234
213 275
214 234
214 241
214 256
215 227
215 287
215 304
216 253
216 254
216 267
216 283
216 285
216 286
217 233
217 242
217 285
217 305
218 313
219 279
219 287
220 229
220 249
220 283
221 286
222 239
223 292
224 272
225 236
225 286
226 239
226 303
229 255
230 239
231 236
231 242
231 279
231 313
232 259
232 265
232 286
232 291
233 280
233 294
233 311
234 275
239 255
239 260
239 287
240 288
241 293
241 294
242 254
249 295
249 298
252 296
255 266
255 278
255 302
257 305
258 291
260 306
261 303
261 313
264 287
267 283
268 286
269 288
271 286
279 301
281 297
282 292
283 286
283 303
284 287
284 305
285 287
286 288
287 302
287 305
288 298
289 301
298 299
298 304
298 305
303 307
