0 29
0 42
0 85
0 130
0 159
0 309
1 97
1 130
1 194
1 258
1 264
1 309
2 8
2 13
2 18
2 32
2 38
2 50
2 72
2 87
2 130
2 131
2 167
2 180
2 223
2 281
2 305
3 77
3 78
3 122
3 138
3 142
3 156
3 233
4 41
4 152
4 188
4 245
5 65
5 68
5 172
6 156
6 180
6 185
6 233
6 252
7 18
7 22
7 51
7 87
7 95
7 167
7 190
7 191
7 241
7 243
7 256
8 41
8 44
8 48
8 74
8 75
8 106
8 130
8 134
8 148
8 164
8 204
8 286
8 310
9 45
9 133
9 154
9 241
9 285
9 305
10 96
10 148
10 231
10 293
10 307
11 70
11 244
11 269
12 104
12 122
12 134
12 151
12 182
12 246
12 250
12 271
13 31
13 97
13 154
13 158
13 207
13 215
13 220
13 248
14 48
14 50
14 109
14 110
14 113
14 115
14 124
14 153
14 162
14 181
14 192
14 193
14 235
14 284
14 286
14 287
15 69
15 134
15 156
15 197
15 243
15 273
16 21
16 32
16 50
16 67
16 74
16 92
16 122
16 129
16 131
16 133
16 155
16 186
16 220
16 248
16 262
16 285
16 292
17 32
17 51
17 134
17 249
17 315
18 130
18 152
18 161
18 188
18 226
18 245
19 124
19 131
19 136
19 185
20 33
20 43
20 112
20 156
20 157
20 200
20 266
20 291
21 70
21 74
21 86
21 191
21 291
22 264
22 305
23 90
23 188
23 196
23 246
23 280
23 301
23 309
24 75
24 110
24 180
24 254
25 33
25 50
25 57
25 59
25 101
25 123
25 131
25 232
25 275
25 287
25 298
26 129
26 237
26 304
27 165
27 181
27 203
27 265
27 293
28 37
28 72
28 104
28 120
28 134
28 208
28 220
28 222
28 233
28 236
28 247
28 260
28 261
28 267
28 275
29 71
29 74
29 179
30 34
30 98
30 200
30 271
30 275
31 46
31 92
31 94
31 109
31 123
31 132
31 133
31 179
31 198
31 245
31 283
31 285
31 311
32 42
32 49
32 100
32 103
32 104
32 125
32 133
32 185
32 200
32 205
32 208
32 215
32 228
32 251
33 62
33 66
33 74
33 79
33 94
33 107
33 112
33 129
33 130
33 131
33 162
33 179
33 221
33 224
33 287
33 303
34 116
34 130
34 134
34 178
34 217
34 219
34 275
34 290
35 37
35 115
35 180
35 238
35 248
35 287
35 288
36 49
36 65
36 69
36 117
36 124
36 222
36 238
36 240
36 258
36 276
37 118
37 119
37 185
37 219
37 221
37 231
37 265
37 277
37 279
38 88
38 222
38 264
38 277
38 287
39 100
39 133
39 148
39 215
39 224
39 286
39 308
40 104
40 128
40 148
40 154
40 224
40 249
41 96
41 133
41 149
41 210
42 44
42 103
42 123
42 124
42 148
42 156
42 234
42 298
42 304
43 156
43 219
43 227
43 245
43 258
43 303
44 70
44 167
44 191
44 200
44 225
45 46
45 75
45 103
45 108
45 120
45 166
45 210
45 218
45 287
46 61
46 88
46 129
46 164
46 206
46 236
46 285
46 307
47 59
47 80
47 95
47 101
47 124
47 130
47 137
47 231
47 250
47 276
47 287
47 310
48 59
48 148
48 171
48 172
48 238
48 255
48 256
49 105
49 135
49 298
50 92
50 95
50 96
50 101
50 114
50 172
50 180
50 210
50 218
50 220
50 242
50 255
50 287
50 313
51 60
51 103
51 113
51 133
51 135
51 142
51 208
51 243
54 62
54 109
54 218
54 260
55 81
55 136
55 167
55 210
56 99
56 213
56 312
57 296
58 130
58 211
59 69
59 91
59 102
59 103
59 122
59 131
59 132
59 156
59 159
59 164
59 174
59 180
59 192
59 214
59 227
59 248
59 283
59 287
59 298
60 61
60 62
60 88
60 130
60 133
60 135
60 188
60 247
60 285
61 94
61 103
61 220
61 243
61 302
62 98
62 184
62 207
62 218
62 241
62 288
63 70
63 83
63 89
63 129
63 131
63 158
63 233
63 252
63 279
64 71
64 130
64 137
64 157
64 179
64 200
64 258
65 133
65 135
65 143
65 167
65 175
66 113
66 129
66 193
66 222
66 252
66 293
66 298
66 305
67 75
67 83
67 134
67 162
67 209
67 238
67 249
68 102
68 105
68 106
68 134
68 138
68 205
68 267
68 268
68 271
68 313
69 130
70 174
71 305
72 103
72 193
72 212
72 233
72 261
73 118
73 224
74 133
74 173
74 193
74 200
75 77
75 152
75 187
75 208
75 244
76 130
76 131
76 156
76 206
76 221
76 286
76 296
77 134
77 162
77 185
77 188
77 209
77 225
77 286
78 196
78 275
78 295
79 254
79 275
79 285
79 310
80 178
80 187
81 136
81 214
81 245
82 286
83 129
83 223
83 299
84 104
84 112
85 96
85 124
85 129
85 181
86 117
86 172
87 94
87 241
87 286
87 301
88 102
88 129
88 136
88 156
88 200
89 230
89 249
89 268
90 131
90 200
90 206
90 287
91 129
91 292
92 134
92 160
92 201
92 244
92 252
92 292
93 302
94 100
94 105
94 132
95 134
95 156
95 159
96 130
96 297
97 146
97 174
97 259
97 279
97 286
98 143
98 210
98 242
98 255
98 269
99 151
99 152
99 204
99 311
101 138
101 212
101 220
101 249
101 270
101 308
102 162
102 167
102 276
103 109
103 110
103 118
103 123
103 139
103 156
103 164
103 218
104 107
104 156
104 286
105 106
105 164
105 193
106 118
106 131
106 132
106 160
106 167
106 174
106 239
106 249
106 285
107 132
107 246
107 269
108 123
108 167
108 191
108 204
108 283
109 135
109 249
110 118
110 131
110 135
110 165
110 205
110 217
110 270
110 303
111 117
111 210
112 130
112 133
112 134
112 310
113 258
114 120
114 205
114 227
114 260
114 281
114 283
115 249
117 156
117 205
117 210
117 291
118 129
118 148
118 156
118 157
118 188
118 195
118 200
118 205
118 239
118 305
119 129
120 131
120 216
120 233
120 238
120 248
120 308
121 127
121 136
121 173
121 200
122 130
122 134
122 149
122 155
122 159
122 193
122 217
122 235
123 129
123 138
123 178
123 301
124 136
124 150
124 154
124 157
124 179
124 215
124 238
124 273
124 288
125 242
127 133
127 212
127 260
128 148
128 163
128 167
128 249
129 134
129 136
129 145
129 147
129 149
129 156
129 157
129 180
129 183
129 188
129 200
129 209
129 218
129 222
129 231
129 239
129 275
129 276
129 278
129 286
129 298
129 305
130 133
130 135
130 140
130 143
130 155
130 156
130 160
130 163
130 179
130 195
130 208
130 210
130 215
130 232
130 234
130 241
130 252
130 264
130 274
130 277
130 311
130 313
131 133
131 134
131 168
131 172
131 181
131 232
131 236
131 248
131 263
131 283
131 286
131 293
131 299
131 303
131 305
132 141
132 192
132 211
132 268
132 311
133 161
133 174
133 206
133 249
133 266
133 272
133 273
133 286
134 142
134 157
134 180
134 182
134 188
134 191
134 232
134 238
134 242
134 248
134 249
134 250
134 255
134 258
134 266
134 278
134 284
134 285
134 288
134 292
135 136
135 142
135 145
135 146
135 215
135 219
135 220
135 228
135 259
135 288
135 299
135 305
136 138
136 143
136 144
136 177
136 182
136 195
136 219
136 249
136 273
136 279
136 286
136 287
136 288
136 299
136 303
137 149
137 191
137 209
137 305
138 214
138 287
139 163
139 214
139 217
139 288
140 180
140 200
140 238
140 308
141 284
141 296
142 187
142 208
142 255
142 314
143 167
143 188
143 195
144 287
145 173
145 192
145 239
145 263
145 313
146 200
147 204
148 211
148 217
148 307
149 164
149 188
149 190
149 206
150 253
151 156
151 160
151 268
152 172
152 193
152 230
152 245
153 240
154 204
154 262
156 177
156 193
156 195
156 249
156 259
156 278
156 283
156 285
156 309
157 161
157 180
157 184
157 210
157 223
157 291
158 164
158 242
158 270
159 204
159 233
159 234
159 288
159 292
159 299
159 305
160 224
160 231
160 233
160 301
161 189
161 202
161 287
161 288
162 235
162 272
162 285
162 302
163 166
163 224
164 210
164 273
164 285
164 287
164 292
165 278
167 204
167 229
167 249
167 279
169 220
171 209
171 262
172 212
173 179
174 217
174 286
174 311
175 245
175 263
177 215
177 241
179 313
180 185
180 218
181 285
182 237
182 256
182 279
182 292
182 313
184 210
184 298
185 223
185 249
188 279
188 287
188 296
188 299
188 313
189 193
190 287
191 200
191 219
191 288
192 230
192 264
192 288
193 200
193 251
193 255
193 287
195 233
195 234
195 269
196 252
197 232
197 241
197 288
199 239
200 215
200 238
200 249
200 286
200 287
200 288
200 296
201 272
201 295
201 298
202 209
202 210
202 219
202 231
204 214
204 301
205 255
206 211
206 249
206 255
206 278
206 285
208 243
208 244
208 288
209 219
209 224
210 239
210 240
210 286
210 305
211 218
211 231
215 231
215 249
215 310
216 235
216 255
216 261
216 288
217 222
217 232
218 308
219 273
219 286
220 241
220 249
220 289
223 279
223 281
223 301
224 237
224 283
229 254
229 281
230 281
230 292
230 307
231 241
231 283
231 293
231 301
233 293
234 287
236 293
237 260
237 283
239 246
239 260
239 286
240 264
241 288
241 294
242 246
242 314
243 263
245 249
245 258
248 308
249 287
252 290
258 267
258 281
258 304
259 303
261 309
262 280
265 286
266 307
267 279
268 290
269 286
269 298
272 277
273 279
275 305
283 298
284 285
285 310
286 314
288 291
296 311
299 310
