0 12
0 188
0 223
1 13
1 69
1 239
1 246
2 7
2 31
2 41
2 45
2 65
2 101
2 103
2 105
2 129
2 133
2 135
2 148
2 194
2 200
2 215
2 218
2 258
2 265
2 302
2 309
3 19
3 39
3 43
3 116
3 136
3 152
3 197
3 287
4 7
4 8
4 45
4 62
4 75
4 130
4 131
4 140
4 156
4 248
4 287
5 46
5 60
5 61
5 94
5 110
5 148
5 152
5 224
5 238
5 246
5 288
6 33
6 59
6 74
6 116
6 159
6 202
6 244
6 285
6 286
7 22
7 23
7 36
7 64
7 102
7 131
7 180
7 208
7 234
7 261
7 287
7 303
8 37
8 68
8 77
8 115
8 118
8 127
8 130
8 207
8 227
8 238
9 10
9 28
9 42
9 75
9 128
9 131
9 177
9 197
9 247
9 256
10 180
10 304
11 76
11 90
11 112
11 238
11 275
12 38
12 50
12 129
12 177
12 211
12 220
12 249
12 295
13 34
13 41
13 99
13 106
13 125
13 206
13 211
13 260
14 20
14 41
14 94
14 95
14 239
14 267
15 68
15 96
15 131
15 240
16 39
16 62
16 102
16 103
16 134
16 147
16 152
16 180
16 188
16 193
16 196
16 206
16 208
16 217
16 224
16 246
16 249
16 289
16 301
17 31
17 33
17 68
17 78
17 231
18 31
18 67
18 96
18 130
18 274
18 282
19 35
19 39
19 131
19 224
20 45
20 60
20 92
20 96
20 135
20 241
20 286
20 292
21 76
21 110
21 188
21 263
22 30
22 156
23 303
23 306
24 33
24 46
24 59
24 63
24 84
24 87
24 103
24 135
24 180
24 218
24 239
24 289
25 47
25 51
25 67
25 93
25 120
25 138
25 174
25 175
25 272
26 69
26 159
27 207
27 262
28 104
28 196
28 275
28 307
29 36
29 211
29 266
30 129
30 185
30 193
30 287
31 39
31 50
31 55
31 75
31 129
31 134
31 200
31 231
31 237
31 258
31 261
31 288
32 47
32 106
32 129
32 167
32 173
32 197
32 200
32 208
32 211
32 223
32 232
32 246
32 261
33 37
33 69
33 97
33 101
33 130
33 133
33 210
33 287
33 307
34 62
34 92
34 133
34 160
34 180
35 40
35 60
35 98
35 101
36 156
36 203
36 232
37 87
37 89
37 123
37 214
38 45
38 85
39 94
39 258
40 64
40 68
40 78
40 103
40 118
40 122
40 135
40 277
40 291
41 96
41 134
41 185
41 215
41 233
42 49
42 55
42 67
42 110
42 167
42 210
43 147
43 200
43 242
44 105
44 118
44 138
44 274
45 59
45 60
45 113
45 131
45 138
45 162
45 167
45 210
45 219
45 231
45 245
45 266
45 270
45 271
46 54
46 79
46 124
46 131
46 135
46 136
46 145
46 164
46 208
46 237
46 275
46 278
46 293
47 57
47 63
47 75
47 104
47 120
47 133
47 149
47 157
47 241
47 274
48 67
48 72
48 131
48 167
48 195
48 213
49 156
49 205
49 217
49 244
50 54
50 62
50 77
50 103
50 130
50 135
50 148
50 200
50 210
50 233
50 288
51 61
51 74
51 134
51 242
51 245
51 272
51 288
52 124
52 207
52 220
52 222
52 294
53 103
53 156
54 133
54 179
54 267
55 86
55 278
56 124
56 143
56 156
56 275
57 241
58 122
58 206
58 286
59 87
59 103
59 127
59 133
59 217
59 234
59 252
60 65
60 157
60 208
60 216
60 247
60 285
60 288
61 110
61 247
61 286
61 288
61 294
62 80
62 92
62 118
62 124
62 130
62 135
62 190
62 200
62 252
63 109
63 149
63 161
64 130
64 135
64 180
64 311
64 312
65 122
66 122
66 200
66 218
66 280
67 102
67 110
67 217
67 233
67 246
67 261
67 276
67 279
67 284
68 151
68 209
68 216
68 239
68 296
68 301
68 305
69 129
69 133
69 136
69 167
69 212
69 263
69 301
70 131
70 268
70 287
71 272
71 286
72 249
72 287
73 100
73 103
73 136
73 154
73 160
73 174
74 78
74 81
74 83
74 102
74 157
74 188
74 209
74 219
74 260
75 76
75 141
75 191
75 216
75 250
75 252
75 264
75 280
75 296
76 81
76 114
76 135
76 145
76 214
76 274
77 122
77 129
77 134
77 137
77 242
77 257
78 88
78 103
78 118
78 121
78 208
78 239
78 296
78 304
78 305
79 113
79 130
79 134
79 145
79 173
79 193
80 116
80 138
80 141
80 156
80 188
80 229
80 232
80 239
80 276
80 286
80 303
81 275
82 102
82 132
82 210
82 219
83 134
83 163
83 200
83 240
84 134
85 130
85 133
85 180
85 313
86 135
87 129
87 136
87 156
87 202
87 286
87 305
87 312
88 103
88 108
88 128
88 188
88 273
89 130
89 245
89 273
89 287
89 288
89 305
90 117
90 131
90 266
90 309
91 130
91 204
91 292
92 131
92 149
92 199
93 112
94 104
94 110
94 130
94 135
94 155
94 192
95 103
96 167
97 115
97 134
97 180
97 233
97 272
97 287
97 303
98 138
98 181
98 192
98 295
101 107
101 137
101 152
101 174
101 180
101 189
101 208
101 239
101 241
101 267
102 133
102 143
102 218
102 256
102 281
102 285
102 287
103 126
103 180
103 193
103 203
103 279
103 287
103 310
104 129
104 132
104 136
104 171
104 177
104 220
104 230
104 247
104 303
105 107
105 217
105 264
105 295
105 314
106 129
106 134
106 150
106 191
106 211
106 233
107 135
107 142
109 210
109 275
109 296
110 129
110 134
110 156
110 172
110 186
110 205
110 242
110 285
111 130
112 129
112 180
112 205
112 245
112 247
113 156
113 171
113 184
114 142
114 306
115 129
115 154
115 266
117 130
117 131
117 192
117 211
117 312
118 122
118 136
118 200
118 202
118 206
118 237
118 287
119 270
119 312
120 200
120 211
120 241
120 308
121 134
121 210
121 245
121 276
122 126
122 129
122 135
122 173
122 279
122 310
124 129
124 135
124 153
124 158
124 214
124 233
124 238
124 249
124 261
124 275
124 279
125 172
125 188
125 191
125 285
126 141
126 272
127 129
127 131
127 232
127 275
128 130
128 142
128 179
128 206
129 130
129 132
129 134
129 157
129 167
129 172
129 193
129 197
129 215
129 258
129 278
129 287
129 298
129 303
130 131
130 134
130 135
130 161
130 167
130 181
130 184
130 190
130 205
130 212
130 232
130 239
130 242
130 244
130 265
130 278
130 286
130 288
130 298
131 132
131 133
131 134
131 136
131 144
131 188
131 201
131 204
131 206
131 222
131 252
131 257
131 275
131 285
131 296
131 308
131 314
132 191
132 208
132 269
132 311
133 134
133 153
133 157
133 178
133 196
133 200
133 205
133 232
133 238
133 239
133 247
133 288
133 314
134 149
134 158
134 172
134 195
134 214
134 223
134 229
134 239
134 265
134 268
134 272
134 279
134 292
134 301
135 140
135 150
135 164
135 167
135 173
135 208
135 211
135 225
135 236
135 278
135 292
135 304
136 140
136 209
136 210
136 242
136 243
136 264
136 269
136 281
136 288
136 303
137 148
137 191
137 200
137 239
138 269
139 140
139 188
139 220
140 153
140 185
140 200
140 215
140 304
140 305
141 157
141 181
141 287
141 298
141 305
142 242
142 271
143 184
143 299
144 210
145 192
145 222
145 249
145 279
145 288
146 174
146 220
146 303
147 157
147 249
148 156
148 172
148 173
148 193
148 198
148 234
148 283
148 287
149 220
149 236
149 240
150 214
150 315
151 204
151 244
151 275
152 157
152 258
152 296
152 308
153 188
154 201
154 288
155 167
155 312
156 161
156 166
156 167
156 168
156 180
156 182
156 200
156 203
156 216
156 233
156 266
156 271
156 275
156 280
157 179
157 191
157 193
157 227
157 249
157 258
157 266
157 267
158 173
158 206
159 205
159 230
159 264
160 188
160 203
160 250
160 262
160 276
160 278
161 211
161 258
161 314
162 314
163 186
163 279
164 172
164 301
165 200
166 167
166 208
166 215
166 233
166 252
166 288
167 227
167 275
167 305
168 310
169 215
170 177
171 207
171 220
172 193
173 184
173 193
173 242
173 261
174 215
175 180
175 314
177 303
177 309
178 267
179 194
179 212
179 214
179 274
179 288
179 309
180 186
180 188
180 218
180 241
180 273
181 234
181 244
181 305
182 188
184 221
185 232
186 234
186 255
187 220
187 285
188 299
188 308
188 313
189 288
190 272
192 197
192 268
193 220
193 258
193 267
193 286
193 292
193 304
195 252
195 288
198 210
198 216
198 272
199 209
199 272
199 285
199 295
200 209
200 222
200 243
200 244
202 276
203 216
204 207
205 285
206 232
206 242
206 259
207 278
208 250
210 236
210 272
210 287
211 224
211 305
212 265
213 288
213 303
214 239
214 263
214 283
214 299
215 257
215 272
215 287
217 241
217 247
217 249
218 265
219 249
220 240
220 315
221 233
221 305
221 311
222 264
223 258
223 259
224 230
227 239
229 242
231 233
231 294
231 305
232 270
233 241
233 258
233 285
234 261
235 268
238 258
239 266
239 287
241 259
241 314
242 263
243 260
243 267
246 254
247 257
248 289
249 291
255 280
255 301
258 287
260 276
260 291
260 303
261 263
263 296
263 297
264 303
265 305
266 287
266 292
267 313
268 276
269 303
272 282
272 287
275 287
275 295
275 304
278 290
279 309
281 284
283 296
283 297
287 296
287 298
287 308
288 315
300 308
304 305
309 315
