0 258
1 26
1 100
1 133
1 162
1 201
1 216
2 5
2 6
2 12
2 20
2 46
2 48
2 68
2 80
2 142
2 153
2 159
2 188
2 210
2 219
2 231
2 238
2 253
2 272
2 273
2 281
2 282
2 297
2 312
3 51
3 133
3 220
3 230
3 287
3 298
4 10
4 136
4 154
4 166
4 198
4 263
4 283
5 106
5 107
5 134
5 180
5 279
6 31
6 41
6 61
6 114
6 133
6 157
6 193
6 279
7 12
7 32
7 45
7 97
7 106
7 129
7 133
7 148
7 180
7 204
7 217
7 219
7 249
7 261
7 287
7 309
7 314
8 36
8 41
8 59
8 104
8 118
8 121
8 132
8 180
8 186
8 188
8 240
8 243
8 286
9 122
9 135
9 245
9 313
10 24
10 45
10 131
10 209
11 148
11 165
12 18
12 22
12 106
12 167
12 202
13 69
13 154
13 257
14 34
14 136
14 192
14 288
15 18
15 54
15 55
15 60
15 74
15 110
15 117
15 129
15 131
15 133
15 192
15 257
15 297
16 29
16 32
16 37
16 70
16 86
16 90
16 94
16 98
16 103
16 124
16 131
16 135
16 149
16 156
16 160
16 181
16 191
16 196
16 239
16 287
16 302
16 315
17 89
17 169
17 173
17 286
18 128
18 130
18 211
18 217
18 218
19 187
19 211
19 212
20 87
20 133
20 152
20 211
20 242
21 45
21 51
21 78
21 164
22 37
22 102
22 204
22 267
23 59
23 148
23 193
24 38
24 167
24 221
25 34
25 67
25 89
25 161
25 193
25 283
25 310
26 115
26 154
26 188
27 97
27 105
27 180
28 55
28 69
28 215
28 235
28 283
28 287
28 314
29 51
29 102
29 115
29 129
29 139
29 164
29 215
29 252
30 98
30 103
30 151
30 242
30 249
31 45
31 46
31 50
31 68
31 75
31 87
31 106
31 107
31 108
31 129
31 135
31 142
31 148
31 160
31 193
31 248
31 266
32 40
32 45
32 72
32 77
32 86
32 87
32 116
32 194
32 206
32 245
32 252
32 272
32 292
33 69
33 101
33 110
33 129
33 131
33 149
33 154
33 200
33 215
33 220
33 222
33 230
33 268
33 275
33 276
34 41
34 60
34 89
34 149
34 211
34 237
34 288
34 308
35 80
35 143
35 206
35 216
36 142
36 152
36 174
36 180
36 287
37 104
37 131
37 180
38 50
38 157
38 167
38 226
38 270
39 89
39 129
39 133
39 148
39 160
39 273
40 129
40 197
40 260
41 55
41 128
41 188
41 202
41 292
42 110
42 124
42 130
42 131
42 230
42 234
42 239
42 246
42 257
42 261
42 283
43 88
43 145
43 261
43 307
44 128
44 130
44 158
44 170
44 179
44 188
44 249
45 50
45 66
45 76
45 109
45 124
45 136
45 141
45 250
45 288
45 293
45 301
46 75
46 89
46 126
46 133
46 134
46 147
46 174
46 205
46 212
46 229
46 245
46 287
46 313
47 89
47 102
47 110
47 131
47 188
47 195
47 205
47 233
47 288
47 295
47 314
48 74
48 133
48 138
48 139
48 164
48 201
48 212
49 86
49 135
49 185
49 207
49 305
50 123
50 133
50 136
50 219
50 241
50 273
50 288
50 290
50 293
51 56
51 91
51 129
51 131
51 134
51 135
51 200
51 277
52 135
52 222
53 206
53 235
54 103
54 130
54 134
54 195
54 215
54 250
54 271
54 287
55 68
55 180
55 200
55 242
55 245
55 248
55 250
56 102
56 109
56 188
56 230
56 294
57 94
57 232
57 233
58 67
58 108
58 129
59 80
59 103
59 112
59 214
59 215
59 231
59 232
59 264
59 268
59 311
59 314
60 80
60 107
60 125
60 177
60 192
60 229
60 233
60 285
61 167
61 220
61 222
62 109
62 130
62 160
62 174
62 272
62 304
63 81
63 134
63 166
63 210
63 309
64 76
64 92
64 101
64 108
64 110
64 157
64 180
64 212
64 269
64 284
64 300
65 160
66 188
66 200
66 239
66 293
66 301
67 75
67 77
67 98
67 130
67 148
67 157
67 158
67 166
67 211
67 217
67 249
67 305
67 313
68 88
68 103
68 121
68 133
68 134
69 97
69 114
69 124
69 136
69 154
69 249
70 220
70 273
71 193
71 218
72 133
72 167
72 177
72 178
72 219
73 80
73 129
73 131
73 156
74 77
74 130
74 131
74 135
74 156
74 160
74 176
74 186
74 219
75 131
75 134
75 137
75 172
75 305
75 314
76 99
76 130
76 139
76 142
76 205
76 274
77 160
77 286
78 129
78 168
78 211
78 226
78 305
79 130
80 129
80 130
80 153
80 171
80 175
80 220
80 240
80 311
81 148
81 289
83 204
83 219
84 103
84 127
84 180
84 200
84 266
85 131
85 218
85 233
85 238
85 264
86 118
86 156
86 269
86 281
87 131
87 156
87 222
87 224
88 161
88 290
89 92
89 99
89 133
89 167
89 188
89 231
89 258
89 299
90 120
90 157
90 200
90 275
90 312
91 131
92 111
92 129
92 133
92 140
92 310
94 106
94 149
94 161
94 239
94 255
94 258
95 128
95 141
95 180
95 296
96 130
96 167
96 206
97 117
97 133
97 210
97 284
97 298
98 105
98 109
98 129
98 138
98 156
98 175
98 230
98 252
98 264
99 215
99 293
100 103
101 310
101 314
102 106
102 112
102 123
102 135
102 201
102 202
102 229
102 240
102 258
103 130
103 233
103 239
104 110
104 121
104 133
104 147
104 181
104 182
104 185
104 265
104 269
104 282
105 130
106 131
106 225
106 239
106 242
106 276
106 287
106 288
106 301
107 132
107 166
107 172
107 309
108 116
108 124
108 156
108 157
108 180
108 206
108 255
109 127
109 167
109 187
109 229
109 239
110 122
110 130
110 145
110 197
110 217
110 231
110 233
110 242
110 249
110 251
110 304
111 136
113 211
113 265
114 213
114 287
115 179
115 188
115 288
116 244
117 148
117 158
117 161
117 168
117 313
118 121
118 124
118 141
118 154
118 181
118 201
118 266
119 239
119 266
120 293
121 132
121 149
121 179
121 285
122 144
122 242
122 293
123 136
123 231
124 132
124 134
124 156
124 164
124 180
124 193
124 226
124 233
124 249
124 284
125 212
125 238
125 303
126 206
126 213
128 129
128 133
128 167
128 178
128 204
128 270
129 130
129 145
129 160
129 173
129 174
129 193
129 200
129 204
129 231
129 252
129 267
129 276
129 309
129 311
130 149
130 157
130 172
130 190
130 218
130 240
130 255
130 270
130 275
130 278
130 279
130 288
130 299
130 303
130 304
130 305
131 133
131 158
131 167
131 184
131 204
131 211
131 223
131 233
131 255
131 264
131 286
132 200
132 237
132 261
132 272
132 276
133 135
133 140
133 157
133 160
133 166
133 173
133 174
133 201
133 204
133 209
133 233
133 242
133 255
133 265
133 287
133 291
133 302
133 314
134 148
134 149
134 152
134 158
134 160
134 164
134 180
134 188
134 190
134 199
134 239
134 241
134 252
134 288
134 301
134 304
134 308
135 142
135 145
135 157
135 161
135 167
135 182
135 184
135 204
135 212
135 232
135 234
135 246
135 250
135 268
135 272
135 286
135 289
135 305
136 148
136 154
136 180
136 186
136 211
136 212
136 224
136 235
136 279
136 306
137 141
137 156
137 214
137 248
137 256
137 265
138 192
138 233
139 186
139 189
140 156
140 224
140 268
140 279
141 243
141 278
142 156
142 202
143 193
143 224
143 276
144 244
145 169
145 215
145 243
146 278
146 293
147 209
147 239
148 156
148 177
148 193
148 210
148 252
148 254
148 279
149 171
149 305
151 154
152 269
153 167
153 221
153 284
154 168
154 213
154 275
154 286
154 305
155 252
155 268
156 164
156 196
156 197
156 218
156 224
156 230
156 246
156 258
156 289
156 304
156 314
157 167
157 200
157 206
157 214
157 216
157 231
158 176
158 279
158 305
159 191
159 217
159 223
159 287
160 180
160 240
160 249
162 232
162 265
162 305
162 309
163 272
164 213
164 303
165 167
165 179
166 188
166 224
166 286
167 168
167 193
167 242
167 244
167 275
168 224
168 258
172 194
172 217
172 232
173 180
173 200
173 239
173 264
173 286
176 200
176 257
176 286
178 252
178 290
178 299
179 184
179 196
179 215
179 266
179 283
179 287
181 192
181 194
182 249
184 193
184 271
185 279
186 245
187 269
188 218
188 249
188 272
188 279
188 305
188 313
188 315
189 200
190 234
191 200
191 293
192 239
192 290
193 204
193 210
193 242
193 260
193 285
193 287
193 288
193 314
195 244
195 256
196 239
196 295
197 213
197 226
197 302
200 215
200 227
200 264
200 293
201 239
201 255
204 210
204 261
204 297
204 307
205 215
205 234
205 287
205 314
205 315
206 209
206 236
206 302
208 262
208 272
208 305
210 220
210 279
211 295
213 275
214 306
215 297
215 303
216 220
217 298
218 258
218 260
218 261
218 282
218 305
219 264
220 258
220 280
221 231
221 289
222 229
223 278
226 267
230 239
230 255
230 267
231 239
231 249
231 308
232 283
233 242
233 270
233 292
233 301
233 303
234 272
238 255
238 285
240 258
240 287
241 268
242 252
242 269
243 270
243 275
243 298
245 283
246 282
247 293
249 252
249 266
250 314
252 305
255 286
256 288
260 274
260 286
260 304
261 286
263 272
264 268
264 314
266 271
269 313
270 278
270 286
273 275
275 287
275 288
275 295
277 296
278 288
278 294
283 286
284 292
286 287
286 303
288 293
296 309
298 303
