0 15
0 37
0 53
0 133
0 181
0 193
0 305
1 8
1 67
1 118
1 129
1 139
1 155
1 220
1 257
1 300
1 301
2 7
2 13
2 27
2 28
2 33
2 62
2 71
2 85
2 95
2 101
2 110
2 111
2 142
2 143
2 160
2 209
2 239
2 252
2 271
2 287
2 288
2 291
2 307
3 69
3 100
3 118
3 130
3 215
3 252
3 268
3 286
3 292
4 5
4 77
4 89
4 103
4 136
4 145
4 160
4 239
5 36
5 68
5 95
5 105
5 129
5 139
5 156
5 173
5 177
5 221
6 87
6 131
6 216
6 241
6 312
7 9
7 14
7 31
7 47
7 106
7 109
7 134
7 232
7 242
7 247
7 248
7 276
7 285
7 296
7 298
7 299
8 30
8 31
8 38
8 39
8 45
8 92
8 129
8 140
8 145
8 152
8 160
8 171
8 210
8 218
8 222
8 242
8 244
8 295
9 132
9 241
9 260
10 35
10 200
10 204
10 303
11 37
11 63
11 132
11 135
11 147
11 149
11 176
11 293
12 18
12 97
12 99
12 123
12 130
12 134
12 135
12 176
12 205
12 206
12 209
12 210
12 287
13 18
13 24
13 133
13 155
13 284
14 19
14 31
14 49
14 63
14 75
14 176
14 203
14 217
14 260
14 265
15 25
15 70
15 139
15 215
15 231
15 248
15 275
15 281
16 45
16 46
16 60
16 62
16 81
16 117
16 124
16 131
16 133
16 134
16 140
16 200
16 207
16 210
16 240
16 244
16 249
16 272
16 313
17 106
18 87
18 97
18 100
18 148
18 149
18 161
18 167
18 265
18 268
18 287
18 309
19 89
19 200
19 209
19 258
20 37
20 39
20 43
20 56
20 63
20 97
20 103
20 133
20 210
20 274
20 279
20 290
20 314
21 92
21 119
21 157
21 209
21 215
21 232
21 292
22 51
22 131
22 305
23 64
23 79
23 124
23 135
23 200
23 293
24 60
24 128
24 131
24 157
24 188
24 266
25 28
25 36
25 46
25 101
25 110
25 129
25 200
25 204
25 207
25 287
26 55
26 179
26 261
27 40
27 105
27 217
27 227
27 273
28 33
28 63
28 75
28 134
28 160
28 191
28 243
28 277
28 283
29 59
29 98
29 99
29 128
29 135
29 206
29 268
29 274
29 283
29 298
30 50
30 82
30 160
30 164
30 242
30 288
30 293
31 43
31 94
31 116
31 188
31 224
31 231
31 239
31 272
31 288
31 292
31 305
32 33
32 34
32 37
32 50
32 51
32 69
32 80
32 113
32 129
32 157
32 177
32 193
32 239
32 286
32 310
33 73
33 110
33 136
33 138
33 156
33 175
33 184
33 202
33 224
33 232
33 249
34 152
34 210
34 218
34 236
34 310
35 54
35 83
35 85
35 143
35 157
35 188
36 124
36 142
36 179
36 200
36 305
37 97
37 121
37 133
37 148
37 285
38 89
38 129
38 156
38 250
40 46
40 131
40 164
40 167
40 211
40 232
40 288
41 164
41 205
41 211
41 314
42 51
42 97
42 129
42 210
42 218
42 239
42 249
43 74
43 96
43 98
43 109
43 131
43 136
43 157
43 292
44 134
44 135
45 57
45 64
45 81
45 95
45 118
45 136
45 140
45 189
45 196
45 217
45 283
45 287
46 53
46 73
46 85
46 109
46 174
46 184
46 207
46 228
46 279
46 293
46 305
47 124
47 128
47 134
47 135
47 152
47 220
47 244
47 247
47 288
48 74
48 130
48 220
48 230
48 245
49 50
49 104
49 109
49 111
49 152
49 182
49 191
49 204
49 250
50 59
50 92
50 102
50 117
50 121
50 145
50 160
50 193
50 277
51 73
51 129
51 268
51 275
51 287
52 83
52 85
52 129
52 132
52 135
52 288
53 192
53 218
54 78
54 241
54 252
55 64
55 96
55 103
56 95
56 102
56 124
56 180
56 288
57 136
57 177
58 87
59 75
59 91
59 109
59 133
59 155
59 163
59 173
59 195
59 220
59 238
59 242
59 265
59 286
60 124
60 133
60 149
61 109
61 177
62 70
62 86
62 103
62 123
62 129
62 142
62 178
63 129
63 174
64 78
64 81
64 94
64 131
64 167
64 178
64 220
64 298
64 305
65 129
65 143
65 184
65 220
65 270
66 108
67 76
67 79
67 90
67 130
67 136
67 142
67 157
67 173
67 199
67 219
67 252
67 268
67 283
67 302
68 72
68 90
68 92
68 95
68 99
68 102
68 249
68 275
68 288
69 83
69 125
69 207
69 288
70 95
72 258
73 76
73 102
73 158
73 164
74 89
74 156
74 158
74 224
74 274
74 285
74 296
75 97
75 112
75 179
75 301
76 124
76 129
76 134
76 142
76 235
76 239
77 83
77 103
77 131
77 293
77 295
79 131
79 156
79 224
79 231
80 97
80 108
80 111
80 130
80 250
80 308
81 82
81 84
81 128
81 129
81 216
81 229
81 231
83 127
83 129
83 130
83 157
83 188
83 252
83 286
83 309
85 96
85 97
85 134
85 149
85 159
85 165
85 255
85 313
87 128
87 162
87 178
87 200
87 287
87 290
87 313
88 220
88 272
89 117
89 138
89 142
89 230
89 302
90 148
90 157
91 276
91 285
92 133
92 218
92 223
93 138
94 122
94 130
94 133
94 153
94 242
94 245
95 130
95 171
95 228
95 241
95 264
95 293
95 298
96 130
96 149
96 156
97 100
97 110
97 128
97 129
97 130
97 197
97 275
97 288
98 121
98 131
98 158
98 179
98 194
98 206
98 247
99 143
100 131
100 180
101 128
101 129
101 133
101 135
101 136
101 154
101 156
101 173
101 180
101 304
102 105
102 148
102 177
102 194
102 218
102 227
102 285
103 129
103 133
103 154
103 156
103 220
103 231
103 288
103 298
104 130
104 206
105 112
105 124
105 165
105 174
105 185
105 232
105 287
106 134
106 135
106 136
106 180
106 182
106 220
106 303
107 128
107 293
107 301
108 129
108 134
108 179
108 288
109 117
109 132
109 134
109 139
109 180
109 185
109 201
109 302
110 129
110 152
110 156
110 193
110 217
110 288
111 128
111 133
112 131
112 133
112 135
112 168
112 173
112 191
112 280
112 288
113 156
113 210
114 156
114 161
114 210
115 169
115 205
115 260
115 291
116 131
116 242
117 131
117 156
117 242
117 310
118 130
118 133
118 159
118 174
118 180
118 209
118 216
118 233
118 249
118 260
119 130
119 132
119 142
119 229
120 121
120 149
120 177
120 272
121 133
121 146
121 156
121 233
122 129
122 130
122 131
122 177
122 192
122 275
122 276
122 288
123 135
123 218
123 223
123 296
124 129
124 134
124 135
124 242
124 250
124 259
124 291
124 294
124 297
125 272
126 193
127 287
128 154
128 237
128 287
129 130
129 131
129 133
129 134
129 135
129 140
129 142
129 148
129 179
129 181
129 210
129 213
129 218
129 223
129 271
129 273
129 274
129 286
129 301
129 305
129 313
130 133
130 148
130 156
130 160
130 168
130 179
130 188
130 209
130 210
130 215
130 218
130 227
130 242
130 264
130 279
130 286
130 303
130 307
130 313
131 132
131 133
131 134
131 135
131 154
131 178
131 181
131 188
131 202
131 206
131 210
131 232
131 235
131 239
131 269
131 304
132 136
132 198
132 272
133 134
133 136
133 145
133 156
133 180
133 191
133 197
133 206
133 211
133 214
133 220
133 224
133 231
133 245
133 269
133 275
133 277
133 283
133 290
133 294
133 305
133 307
133 315
134 140
134 149
134 156
134 172
134 176
134 197
134 210
134 230
134 233
134 252
134 265
134 283
134 284
134 301
134 304
135 138
135 146
135 149
135 157
135 184
135 192
135 216
135 234
135 236
135 241
135 249
135 251
135 252
135 285
135 286
135 292
135 296
135 306
136 194
136 209
136 227
136 228
136 246
136 266
137 154
137 179
137 214
137 231
137 294
138 303
139 151
139 153
139 219
139 241
140 149
140 153
140 167
140 173
140 174
140 219
140 225
140 233
140 234
140 276
142 185
142 193
142 206
142 302
143 210
143 239
143 296
144 168
145 195
145 239
145 243
147 274
148 149
148 176
148 188
148 193
148 200
148 217
148 249
148 273
148 283
149 150
149 177
149 200
149 233
149 242
149 268
149 278
149 310
150 210
150 242
150 258
150 293
151 191
151 275
153 191
154 156
154 189
154 193
154 200
154 267
154 274
156 199
156 200
156 205
156 224
156 233
156 242
156 260
156 275
156 286
156 304
157 179
157 188
157 202
157 213
157 243
157 287
157 310
158 231
158 248
158 255
158 299
159 173
159 313
160 177
160 196
160 215
160 267
160 286
160 298
161 200
162 301
163 310
164 246
165 239
165 285
165 292
166 177
166 269
167 180
167 196
167 214
167 229
167 235
167 239
167 249
168 231
169 210
174 204
174 305
177 279
177 283
179 182
179 249
179 309
180 217
180 246
180 249
180 262
181 242
182 286
184 305
185 287
186 244
187 205
187 288
188 200
188 207
188 210
188 242
189 216
189 252
190 201
191 241
191 268
192 239
192 273
193 195
193 202
193 214
193 219
193 238
193 241
193 252
193 272
193 286
193 288
193 305
196 222
196 249
196 266
197 312
198 232
200 232
200 239
200 304
201 231
201 288
202 241
203 269
204 223
204 278
204 304
205 224
205 252
206 233
206 241
206 273
207 239
207 288
208 260
208 278
208 296
208 297
209 301
210 211
210 212
210 273
211 268
215 219
215 241
215 283
215 310
217 292
218 219
218 292
223 301
223 314
224 287
225 271
230 252
230 293
231 243
231 266
231 286
231 298
232 286
233 271
234 280
236 288
236 307
238 267
239 246
239 276
239 283
240 287
240 288
242 287
242 289
242 295
243 268
243 315
245 288
245 293
245 300
247 287
249 287
250 252
250 265
250 299
251 285
252 268
252 286
255 298
255 303
256 284
259 269
259 312
261 308
262 307
264 297
264 310
266 313
267 287
271 286
275 286
275 307
276 309
279 285
281 312
285 287
286 304
286 305
287 298
291 299
293 307
294 298
299 309
