0 32
0 100
0 130
0 133
1 7
1 98
1 134
1 157
1 241
2 30
2 31
2 32
2 33
2 42
2 70
2 74
2 102
2 131
2 138
2 139
2 149
2 169
2 180
2 208
2 220
2 276
2 292
2 302
3 16
3 188
3 214
4 61
4 67
4 130
4 188
4 234
4 293
4 302
5 11
5 57
5 118
5 129
5 216
5 217
5 290
5 307
6 46
6 130
6 180
6 222
7 16
7 37
7 72
7 131
7 134
7 166
7 179
7 210
7 223
7 242
7 261
7 262
8 29
8 87
8 109
8 134
8 149
8 157
8 179
8 223
8 230
8 244
8 252
8 274
8 303
9 180
9 243
10 51
10 54
10 92
10 275
11 59
11 74
11 224
11 244
11 249
11 298
12 102
12 242
12 258
13 25
13 31
13 113
13 117
13 129
13 142
13 145
13 155
13 287
13 302
14 15
14 55
14 75
14 115
14 157
14 177
14 219
14 234
14 275
15 224
15 280
16 22
16 23
16 25
16 42
16 60
16 95
16 101
16 110
16 111
16 122
16 129
16 131
16 135
16 140
16 156
16 167
16 177
16 180
16 182
16 191
16 192
16 193
16 264
16 265
16 278
16 305
17 40
17 45
17 157
18 34
18 60
18 91
18 105
18 131
18 196
18 216
18 219
18 220
18 244
18 275
19 46
19 81
19 98
19 116
19 152
19 156
19 217
19 241
19 280
20 51
20 83
20 118
20 217
20 228
21 90
21 121
21 139
21 211
21 287
22 108
22 244
22 291
23 85
23 117
23 260
23 292
24 99
24 118
24 156
24 193
24 209
24 218
24 303
25 40
25 95
25 131
25 167
25 201
25 285
25 291
26 62
26 94
26 154
26 192
27 56
27 59
27 196
27 252
28 97
28 150
28 283
29 110
29 130
29 179
29 208
29 213
29 246
29 293
30 52
30 56
30 59
30 73
30 179
30 210
31 36
31 74
31 75
31 99
31 211
31 218
31 238
31 256
31 274
31 278
31 301
32 33
32 42
32 59
32 62
32 70
32 98
32 102
32 103
32 125
32 133
32 135
32 140
32 168
32 180
32 193
32 218
32 222
32 224
32 230
32 241
32 264
32 265
32 296
33 79
33 83
33 184
33 193
33 223
33 272
33 275
33 277
33 285
33 287
34 110
34 142
34 193
34 245
34 286
35 46
35 56
35 69
35 152
36 124
36 129
36 135
36 274
36 298
37 42
37 54
37 262
37 287
37 288
38 44
38 71
38 75
38 154
38 179
38 194
39 49
39 69
39 92
39 97
39 113
39 118
39 132
39 193
39 206
39 213
39 239
39 287
40 73
40 85
40 156
40 174
40 185
40 249
40 299
41 46
41 100
41 151
41 273
41 313
42 85
42 103
42 122
42 206
43 134
43 205
43 272
43 308
44 160
44 221
44 285
44 308
45 48
45 56
45 69
45 79
45 92
45 133
45 138
45 142
45 157
45 275
45 287
46 134
46 157
46 245
46 257
46 266
47 96
47 134
47 135
47 136
47 142
47 151
47 210
47 216
47 218
47 234
47 309
48 51
48 101
48 117
48 120
48 134
48 202
49 98
49 111
49 230
49 267
49 292
49 305
50 74
50 249
50 287
50 309
51 103
51 129
51 156
51 210
51 274
52 134
52 135
52 210
52 295
53 78
53 157
54 162
54 224
55 308
56 223
56 288
58 141
58 303
59 74
59 88
59 94
59 129
59 160
59 196
59 229
59 240
59 301
60 120
60 159
60 179
60 213
60 239
61 75
61 143
61 148
61 156
61 193
61 266
61 308
62 92
62 96
62 138
62 149
62 230
62 269
62 276
63 197
63 223
64 89
64 102
64 103
64 104
64 136
64 142
64 152
64 156
64 200
64 270
64 275
64 286
65 129
65 133
65 146
65 153
66 186
66 282
66 286
66 288
66 301
67 103
67 110
67 131
67 266
67 307
68 88
68 135
68 138
68 166
68 180
68 190
68 286
69 129
69 154
70 117
70 208
70 285
72 83
72 129
72 131
72 135
72 171
72 293
72 295
73 129
73 211
73 259
73 285
74 89
74 101
74 117
74 122
74 133
74 179
74 211
74 218
74 245
74 277
74 294
74 312
74 314
75 89
75 114
75 133
75 252
75 311
76 165
76 215
77 103
77 128
77 253
78 86
78 117
78 140
79 146
79 191
79 258
79 286
80 107
80 134
80 135
80 147
80 156
80 227
80 242
80 246
80 252
80 304
81 238
81 279
82 298
83 85
83 98
83 136
83 193
83 200
83 203
83 243
84 120
85 159
85 163
85 205
85 206
85 239
86 151
87 96
87 106
87 114
87 220
87 221
87 258
87 271
87 278
87 292
88 98
88 133
88 141
88 156
88 200
89 122
89 152
89 162
89 303
90 182
90 183
90 287
91 131
91 133
91 272
92 127
92 179
92 233
92 263
94 110
94 134
94 157
94 222
95 134
95 177
95 210
95 220
96 133
97 101
97 136
97 156
97 231
97 234
97 258
97 297
98 124
98 133
98 149
98 160
98 211
98 250
98 252
98 254
98 279
98 288
99 188
99 215
99 303
101 118
101 123
101 157
101 186
101 203
101 221
101 278
101 286
102 124
102 136
102 148
102 185
102 186
102 234
102 238
102 258
102 299
103 117
103 131
103 135
103 142
103 239
103 285
103 287
104 129
104 131
104 178
104 239
104 242
105 110
105 114
105 120
105 122
105 131
105 135
105 146
105 158
105 170
105 249
105 279
106 229
106 291
107 132
107 179
107 230
107 240
108 116
108 156
108 293
109 126
109 154
109 156
109 162
109 284
110 242
110 259
110 270
110 288
111 213
111 216
111 301
112 288
113 118
113 220
114 168
114 258
115 156
115 169
115 247
115 298
117 133
117 134
117 157
117 270
117 298
118 127
118 128
118 135
118 146
118 179
118 193
118 206
118 210
118 218
118 249
118 275
118 276
118 303
119 258
120 128
120 130
120 134
120 160
120 245
122 129
122 131
122 133
122 180
122 197
122 210
122 215
122 230
122 264
122 294
123 133
123 145
124 131
124 152
124 239
124 241
124 285
124 299
124 314
125 149
125 249
126 145
126 154
126 167
126 255
127 188
127 196
128 148
128 153
128 161
128 181
128 218
128 309
129 130
129 134
129 135
129 156
129 174
129 188
129 190
129 199
129 204
129 236
129 237
129 258
129 259
129 277
129 281
129 285
129 287
129 288
129 290
129 298
129 311
129 312
130 133
130 134
130 167
130 173
130 192
130 197
130 205
130 209
130 227
130 236
130 245
130 258
130 265
130 268
130 280
130 287
131 133
131 134
131 137
131 152
131 215
131 230
131 232
131 239
131 250
131 255
131 257
131 283
131 287
131 298
132 133
132 200
133 135
133 136
133 157
133 168
133 180
133 220
133 244
133 248
133 249
133 255
133 269
133 285
134 156
134 167
134 172
134 190
134 195
134 202
134 206
134 224
134 237
134 252
134 259
134 260
134 262
134 275
134 276
134 288
134 296
135 152
135 156
135 164
135 171
135 184
135 194
135 210
135 242
135 266
135 276
135 298
135 303
135 305
135 311
136 143
136 157
136 180
136 194
136 200
136 292
137 149
137 196
137 231
138 216
138 219
138 220
138 259
139 275
140 148
140 264
141 249
142 181
143 220
145 146
145 172
145 203
145 230
145 232
145 300
147 148
147 220
148 170
148 206
148 285
148 290
148 305
148 311
149 182
149 298
151 194
151 230
151 274
151 287
152 162
152 184
152 197
152 214
152 215
153 210
154 244
154 251
155 249
155 308
156 157
156 171
156 173
156 193
156 200
156 202
156 205
156 233
156 262
156 272
156 274
156 288
157 224
157 238
157 244
157 263
157 283
157 302
158 197
158 254
159 259
159 291
159 304
160 162
160 163
160 208
160 287
160 304
161 176
161 242
161 269
162 168
162 258
162 281
162 285
162 308
163 284
164 287
164 299
165 279
165 295
166 264
167 173
167 215
167 243
167 278
168 261
168 283
169 191
169 204
169 283
170 220
170 249
171 287
172 215
172 226
172 282
172 287
173 308
174 263
174 315
175 267
176 265
176 288
177 196
177 224
177 303
178 202
179 180
179 204
179 301
180 196
180 202
180 205
180 206
180 215
180 264
180 284
180 305
180 311
181 204
181 305
182 288
182 292
185 286
186 197
187 281
188 232
188 314
189 220
190 258
190 285
191 206
191 208
191 220
191 265
191 275
191 304
192 225
192 258
193 207
193 211
193 217
193 235
193 254
193 301
195 215
196 220
196 258
196 314
197 208
197 252
197 265
198 272
200 218
200 292
202 218
202 236
202 301
204 249
205 261
205 281
206 284
206 285
206 288
206 305
207 220
207 287
209 247
210 231
210 248
210 267
210 284
211 263
212 310
213 215
216 238
216 258
216 283
216 304
219 224
219 284
219 314
220 285
221 272
222 235
222 249
222 265
222 287
224 273
224 294
224 303
227 278
230 252
230 271
230 298
231 239
231 247
231 255
231 299
231 304
232 236
234 243
237 288
238 248
238 299
240 311
241 274
241 307
241 314
242 275
242 285
244 281
245 293
249 252
249 309
249 311
249 315
254 261
259 298
261 276
261 314
263 276
265 302
269 305
275 287
279 305
286 313
292 298
292 302
