0 14
0 88
0 147
0 185
0 286
1 28
1 33
1 124
1 131
1 132
1 154
1 199
1 214
1 220
1 249
1 287
2 23
2 59
2 75
2 87
2 95
2 101
2 102
2 117
2 125
2 131
2 133
2 156
2 166
2 173
2 179
2 181
2 193
2 218
2 264
2 280
2 298
3 87
4 6
4 31
4 34
4 49
4 92
4 122
4 131
4 239
5 103
5 237
5 279
6 89
6 120
6 156
6 174
6 181
6 284
6 289
6 296
7 25
7 30
7 32
7 62
7 72
7 102
7 103
7 105
7 109
7 122
7 129
7 130
7 160
7 179
7 185
7 192
7 203
7 222
7 225
7 233
7 240
7 252
7 263
7 270
7 275
7 287
7 288
8 12
8 75
8 133
8 196
8 222
8 275
8 279
8 303
9 66
9 102
9 103
9 108
9 215
9 218
9 239
9 276
9 310
10 75
10 154
11 45
11 87
11 122
11 130
11 194
12 20
12 23
12 67
12 80
12 124
12 133
12 167
12 209
12 231
13 113
13 131
13 135
13 139
13 157
13 202
13 303
14 32
14 50
14 73
14 91
14 129
14 133
14 154
14 206
15 59
15 62
15 130
15 148
15 176
15 242
16 31
16 33
16 40
16 59
16 73
16 79
16 94
16 124
16 130
16 135
16 165
16 172
16 179
16 193
16 203
16 214
16 225
16 231
16 248
16 304
16 315
17 55
17 59
17 118
17 135
17 289
18 97
18 129
18 148
18 149
18 184
18 210
18 296
18 308
19 162
19 224
19 292
19 295
20 44
20 57
20 66
20 133
20 134
20 160
20 167
20 193
20 276
21 25
22 33
22 129
23 39
23 76
23 98
23 220
23 288
24 35
24 45
24 59
24 82
24 161
24 184
24 241
24 287
25 31
25 34
25 55
25 118
25 156
25 194
25 251
25 285
26 55
26 160
26 162
26 181
27 31
27 52
27 131
28 35
28 60
28 86
28 96
28 98
28 113
28 129
28 155
28 212
28 239
28 241
29 43
29 45
30 50
30 78
30 98
30 135
30 158
30 238
30 302
31 46
31 49
31 52
31 66
31 87
31 103
31 107
31 130
31 134
31 156
31 175
31 210
31 258
31 283
31 287
32 45
32 51
32 56
32 80
32 102
32 103
32 110
32 118
32 132
32 133
32 162
32 179
32 185
32 207
32 211
32 220
32 221
32 265
32 273
32 310
33 62
33 75
33 131
33 133
33 169
33 180
33 224
33 239
33 279
33 286
33 301
33 302
34 133
34 136
34 153
34 167
34 202
34 305
35 81
35 103
35 104
35 294
36 88
36 110
36 129
36 137
36 157
36 235
36 258
37 45
37 67
37 103
37 126
37 182
37 208
37 231
38 97
38 102
38 135
38 217
38 304
38 309
39 51
39 98
39 129
39 130
39 145
40 54
40 178
40 210
40 244
40 282
41 140
41 156
41 157
42 66
42 167
42 206
42 311
43 80
43 118
43 163
43 315
44 89
44 121
44 278
44 284
44 288
45 133
45 193
45 210
45 257
45 287
46 49
46 73
46 133
46 142
46 179
46 195
46 207
46 242
46 249
46 278
46 296
46 305
47 95
47 156
47 158
48 121
48 129
48 161
48 180
48 188
49 73
49 99
49 134
49 156
49 253
49 272
50 153
50 200
50 204
50 215
51 52
51 77
51 97
51 104
51 156
51 214
51 241
51 243
51 290
51 296
52 70
52 171
52 195
52 245
52 249
53 133
53 153
53 201
54 102
54 129
54 277
55 131
55 191
55 224
55 309
56 68
56 87
56 130
56 167
56 193
56 224
56 263
57 64
58 145
58 157
58 188
58 287
59 68
59 123
59 156
59 160
59 186
59 188
59 200
59 210
59 217
59 239
59 287
59 293
59 311
60 95
60 105
60 111
60 120
60 130
60 140
60 156
60 191
60 211
60 285
61 105
61 164
61 200
62 91
62 97
62 122
62 127
62 131
62 140
62 152
62 193
62 213
62 215
62 236
62 268
62 288
63 72
63 110
63 200
63 284
63 285
64 115
64 134
64 143
64 217
64 277
64 308
65 80
65 131
66 272
66 276
67 103
67 124
67 131
67 133
67 156
67 165
67 207
67 216
67 244
68 131
68 134
68 135
68 175
68 180
68 186
68 197
68 231
68 245
68 259
68 273
68 299
69 135
69 254
69 313
70 73
70 177
71 220
71 245
71 266
72 167
72 193
72 200
73 102
73 128
73 148
73 155
73 193
73 220
73 278
74 157
74 167
74 184
74 186
74 200
74 231
74 239
74 261
74 271
74 301
75 103
75 135
75 193
75 250
76 120
76 149
76 272
76 273
77 101
77 118
77 218
77 246
78 93
78 115
78 124
78 134
78 156
78 162
78 281
79 130
79 216
80 94
80 174
80 275
81 134
81 217
81 268
81 285
81 291
81 296
82 103
83 130
83 162
83 206
83 210
84 149
85 103
85 130
85 182
85 186
85 188
86 220
87 101
87 153
87 200
87 255
88 106
88 235
89 99
89 102
89 105
89 134
89 156
89 262
89 268
90 129
90 243
90 305
91 135
91 206
91 294
92 100
92 129
92 133
92 159
92 167
92 180
92 239
92 315
93 167
93 193
94 224
94 243
94 276
95 130
95 135
95 181
95 209
95 237
95 258
96 124
96 130
96 228
96 231
96 249
97 107
97 193
97 249
97 311
98 158
98 184
98 186
98 250
98 252
98 266
98 298
99 200
99 275
99 288
99 297
100 155
100 178
101 138
101 205
101 215
101 224
101 229
101 275
101 315
102 105
102 117
102 124
102 131
102 133
102 137
102 151
102 192
102 193
102 200
102 258
102 265
102 286
102 294
103 129
103 131
103 137
103 199
103 273
104 174
104 210
104 274
105 120
105 121
105 174
105 185
105 186
106 130
106 162
106 166
106 208
107 132
107 157
107 167
107 194
107 258
107 278
108 122
108 131
108 148
108 229
108 264
109 154
109 156
109 231
109 248
109 302
109 311
110 167
112 157
112 220
113 177
113 210
113 266
113 272
114 167
114 205
114 304
115 141
115 202
115 209
115 292
116 214
116 216
116 239
117 135
117 155
117 207
117 268
117 288
118 131
118 135
118 162
118 180
118 239
118 245
118 269
118 283
119 167
120 129
121 131
121 156
121 215
121 245
121 269
121 288
121 293
122 219
122 257
122 301
122 303
123 164
123 181
124 133
124 156
124 228
124 244
126 129
128 145
128 211
128 220
128 262
128 273
129 130
129 134
129 135
129 136
129 137
129 142
129 149
129 160
129 167
129 181
129 188
129 201
129 222
129 230
129 233
129 258
129 269
129 276
129 278
129 312
130 131
130 143
130 156
130 168
130 174
130 177
130 200
130 213
130 237
130 264
130 288
130 298
131 133
131 134
131 135
131 162
131 168
131 173
131 191
131 216
131 217
131 233
131 258
131 298
131 304
132 244
132 247
132 285
133 134
133 137
133 165
133 185
133 191
133 215
133 222
133 238
133 241
133 247
133 280
133 287
133 310
134 147
134 154
134 163
134 166
134 167
134 169
134 177
134 184
134 216
134 233
134 249
134 256
134 258
134 272
134 293
134 301
134 303
135 148
135 160
135 169
135 187
135 188
135 192
135 193
135 197
135 200
135 218
135 220
135 236
135 272
135 281
135 292
135 304
136 217
136 246
136 287
136 292
136 298
136 313
137 144
137 149
137 205
137 296
137 299
138 149
138 218
138 281
139 168
139 211
139 273
140 236
140 292
141 187
141 213
142 156
142 193
142 225
143 180
143 220
143 249
143 254
143 277
144 158
144 266
144 295
144 305
145 185
145 214
145 301
147 165
147 266
148 166
148 167
148 206
148 223
148 224
148 287
149 150
149 151
149 156
149 257
149 281
149 286
150 167
150 210
150 266
151 181
152 250
153 192
153 201
154 180
154 185
154 200
154 249
154 310
155 206
155 305
156 184
156 201
156 210
156 215
156 242
156 259
156 280
156 286
157 195
157 239
157 255
157 268
157 276
157 278
157 294
158 272
159 205
159 214
159 281
159 284
159 304
160 174
160 188
160 205
160 223
160 224
160 239
160 249
160 274
160 280
160 287
161 180
161 258
162 169
162 195
162 200
162 218
164 272
166 179
166 216
166 282
167 220
167 304
171 174
172 218
172 283
173 233
173 286
174 179
174 188
174 220
174 241
174 282
177 287
178 179
178 252
178 288
179 199
179 201
179 224
180 196
180 220
180 256
180 264
180 287
180 296
181 249
181 272
181 281
182 205
182 242
185 236
185 255
187 242
188 231
188 242
188 244
190 220
191 231
191 249
193 201
193 224
193 292
193 297
196 215
197 217
197 232
198 230
199 234
200 201
200 206
200 208
200 212
200 213
200 220
200 243
200 246
200 249
200 255
202 212
202 298
204 213
204 287
204 288
205 279
206 239
206 284
206 285
206 293
207 220
207 231
208 215
209 238
210 242
210 248
210 282
211 292
212 279
213 242
213 286
214 242
214 267
215 286
216 229
216 244
216 282
216 286
218 249
219 222
219 267
220 239
222 314
227 276
227 303
229 286
231 266
231 312
232 251
232 285
232 306
233 249
233 263
234 237
234 261
234 288
235 242
235 288
238 244
239 305
239 307
240 281
240 298
242 273
242 291
244 311
245 258
247 250
247 305
248 268
248 281
248 303
249 284
249 286
249 288
250 294
250 302
253 266
255 258
256 305
259 280
265 293
271 272
275 284
275 295
275 308
283 287
285 287
288 304
288 310
289 304
290 299
302 314
