0 45
0 129
0 135
0 287
0 305
1 28
1 46
1 52
1 64
1 92
1 128
1 129
1 130
1 134
1 135
1 193
1 209
2 16
2 20
2 52
2 68
2 113
2 128
2 129
2 152
2 167
2 182
2 214
2 231
2 244
2 247
2 288
3 7
3 129
3 133
3 149
3 281
4 18
4 127
4 153
4 159
4 213
5 16
5 33
5 59
5 87
5 99
5 117
5 155
5 176
5 193
5 298
6 115
6 116
6 118
6 129
6 213
7 14
7 15
7 18
7 35
7 39
7 62
7 90
7 95
7 118
7 119
7 132
7 145
7 200
7 203
7 229
7 232
7 237
7 242
7 250
7 252
8 13
8 19
8 130
8 132
8 136
8 187
8 210
8 244
8 263
8 284
8 287
8 302
9 101
9 107
9 153
9 156
9 219
9 220
9 275
10 18
10 45
10 95
10 130
10 135
10 137
10 149
11 30
11 128
11 163
11 205
11 233
11 247
12 32
12 40
12 60
12 75
12 80
12 117
12 118
12 168
12 200
12 215
12 217
12 290
13 28
13 103
13 129
13 152
13 180
13 227
13 283
14 51
14 55
14 80
14 103
14 118
14 153
14 208
14 215
14 233
14 242
14 294
14 302
15 68
15 70
15 71
15 85
15 129
15 133
15 136
15 290
16 25
16 33
16 41
16 54
16 80
16 115
16 119
16 127
16 145
16 158
16 160
16 181
16 206
16 246
16 275
16 285
16 287
16 307
17 93
17 135
17 141
17 188
17 215
17 220
18 117
18 129
18 131
18 210
18 295
18 297
19 32
19 57
19 66
19 101
19 103
19 111
19 131
19 208
19 220
20 21
20 31
20 42
20 57
20 59
20 120
20 170
20 176
20 217
20 242
20 288
20 302
21 31
21 121
21 252
22 34
22 122
22 200
23 32
23 35
23 138
23 159
23 275
23 298
24 33
24 62
24 87
24 103
24 114
24 133
24 164
24 208
24 291
24 295
25 56
25 81
25 89
25 104
25 105
25 133
25 134
25 138
25 165
25 166
25 258
26 59
26 156
26 259
26 298
27 47
27 60
27 67
27 74
27 142
27 250
27 255
27 267
27 287
28 130
28 169
28 177
28 206
28 249
28 313
29 129
29 148
29 204
29 288
29 294
30 50
30 67
30 107
30 126
30 177
30 235
31 53
31 123
31 135
31 170
31 285
31 294
32 42
32 59
32 79
32 129
32 196
32 224
32 254
32 267
32 276
32 283
32 285
32 304
33 44
33 54
33 68
33 78
33 111
33 152
33 163
33 172
33 175
33 176
33 181
33 196
33 197
33 230
33 286
33 287
34 41
34 42
34 50
34 59
34 92
34 129
34 167
34 180
34 243
34 244
34 296
35 42
35 153
35 200
35 203
35 210
36 56
36 70
36 74
36 76
36 133
36 180
37 40
37 133
37 216
37 233
37 241
38 45
38 157
38 187
38 201
39 64
39 265
39 304
40 117
40 121
40 167
40 172
40 180
41 218
41 223
42 128
42 130
42 138
42 309
43 48
43 115
43 119
43 308
44 133
44 149
44 220
45 87
45 106
45 128
45 130
45 134
45 193
45 208
45 251
46 60
46 62
46 64
46 69
46 83
46 111
46 129
46 130
46 131
46 133
46 144
46 148
46 219
47 51
47 68
47 75
47 79
47 97
47 103
47 167
47 193
47 212
47 224
47 233
48 65
48 98
48 129
48 134
48 159
48 200
49 149
50 56
50 59
50 60
50 69
50 102
50 104
50 135
50 142
50 192
50 221
50 238
50 250
51 99
51 108
51 140
51 203
51 239
51 276
53 202
54 99
54 310
55 128
55 247
55 264
56 97
56 137
56 148
56 150
56 193
56 239
56 278
56 287
56 288
56 295
56 298
57 99
57 291
58 137
58 200
59 61
59 70
59 77
59 83
59 118
59 124
59 130
59 134
59 148
59 158
59 176
59 180
59 193
59 218
59 242
59 272
59 280
59 283
59 307
60 68
60 79
60 133
60 138
60 185
60 205
61 98
61 131
61 143
61 216
62 87
62 104
62 118
62 136
62 215
62 244
63 133
63 134
63 135
63 172
63 244
64 96
64 107
64 128
64 146
64 184
64 188
64 198
64 249
64 255
64 257
64 297
65 181
66 86
66 108
66 135
66 136
66 154
66 156
66 210
67 92
67 109
67 131
67 179
67 180
67 207
67 218
67 242
67 280
67 305
68 117
68 131
68 141
68 156
68 210
68 315
69 79
69 130
69 305
70 242
70 286
71 161
72 74
72 132
72 180
72 202
72 260
73 74
73 131
73 134
73 180
73 188
73 224
73 270
73 305
74 80
74 102
74 103
74 106
74 136
74 152
74 188
74 192
74 194
74 224
74 232
74 249
75 101
75 129
75 136
75 156
75 173
75 207
75 210
75 240
75 258
75 266
75 275
75 298
75 309
76 111
76 123
76 130
76 132
76 140
76 152
76 157
76 191
76 270
77 94
77 107
77 134
77 210
77 211
77 277
79 135
79 146
79 275
80 89
80 105
80 125
80 133
80 215
80 221
80 258
81 129
81 134
81 242
81 246
81 288
82 260
83 124
83 164
83 249
85 96
85 181
85 200
85 210
85 242
85 249
86 143
86 174
87 104
87 135
87 156
87 180
87 215
87 241
87 283
88 92
88 118
88 160
88 241
88 258
89 134
89 155
89 160
89 177
89 206
89 228
89 241
89 301
90 193
91 286
92 106
92 109
92 129
92 134
92 169
92 239
92 249
92 257
92 278
92 287
92 307
93 131
93 202
94 145
94 171
94 172
94 272
94 287
95 104
95 167
95 287
95 288
96 209
96 231
97 105
97 212
97 285
97 301
97 304
98 129
98 134
98 136
98 193
98 247
98 295
98 302
99 303
100 205
101 129
101 133
101 134
101 136
101 159
101 243
101 249
101 283
102 118
102 129
102 131
102 136
102 139
102 155
102 173
102 204
102 228
102 260
102 283
102 287
102 295
102 301
103 129
103 131
103 133
103 135
103 137
103 171
103 185
103 205
103 218
103 221
103 235
103 237
103 238
103 244
103 247
103 249
103 295
103 303
104 107
104 131
104 149
104 179
104 211
104 225
104 231
105 117
105 158
105 191
105 290
106 156
106 216
106 224
106 264
107 114
107 117
107 265
107 301
108 126
108 130
108 156
108 160
108 184
108 288
109 133
109 152
109 167
109 178
109 241
110 131
110 210
110 233
110 276
111 150
111 157
112 133
112 251
112 298
112 299
113 194
113 232
113 237
113 298
114 180
114 212
114 272
115 298
116 166
117 146
117 149
117 249
118 136
118 149
118 152
118 177
118 179
118 205
118 215
118 216
118 227
118 230
118 233
118 239
118 302
119 149
119 156
119 263
120 157
120 193
120 229
121 129
121 133
121 134
121 145
121 149
121 150
121 196
121 200
122 133
122 136
122 187
122 242
122 286
122 296
122 297
123 133
123 197
124 129
124 135
124 152
124 161
124 185
124 247
124 275
124 284
124 290
125 131
125 249
126 130
126 169
126 215
126 218
126 242
127 172
127 311
128 130
128 133
128 136
128 311
129 131
129 132
129 133
129 134
129 135
129 141
129 148
129 182
129 188
129 197
129 204
129 216
129 233
129 258
129 264
129 269
129 287
129 296
129 299
129 305
130 133
130 138
130 146
130 179
130 180
130 181
130 210
130 213
130 219
130 230
130 241
130 242
130 258
130 267
130 269
130 304
131 134
131 136
131 137
131 148
131 160
131 179
131 197
131 198
131 199
131 203
131 206
131 210
131 251
131 252
131 255
131 265
131 273
131 286
131 287
132 156
132 197
132 200
132 231
132 252
132 287
133 137
133 149
133 156
133 200
133 204
133 218
133 232
133 249
133 258
133 288
133 289
133 314
134 157
134 165
134 177
134 179
134 180
134 185
134 196
134 227
134 233
134 238
134 249
134 275
134 277
134 284
135 146
135 148
135 149
135 185
135 204
135 208
135 217
135 231
135 232
135 245
135 254
135 261
135 266
135 287
135 296
135 307
135 309
136 174
136 193
136 206
136 208
136 211
136 216
136 224
136 245
136 286
136 310
137 257
137 286
137 288
138 249
138 263
138 294
139 156
139 180
139 285
140 149
140 161
140 164
141 283
142 238
142 292
142 310
143 149
143 189
143 204
145 166
145 172
145 176
145 210
145 287
148 156
148 162
148 191
148 196
148 199
148 208
148 221
148 269
149 156
149 161
149 200
149 231
149 287
149 305
150 157
150 196
150 200
150 266
151 172
151 180
151 272
151 287
152 157
153 215
153 221
154 156
154 157
154 158
154 174
154 273
154 306
155 256
155 266
155 289
156 157
156 158
156 179
156 193
156 200
156 217
156 225
156 239
156 256
156 266
156 286
156 287
157 162
157 163
157 180
157 193
157 201
157 206
157 210
157 216
157 219
157 223
157 281
157 288
158 220
158 257
159 220
159 267
160 192
160 193
160 215
160 240
160 244
160 258
160 263
161 176
161 233
162 220
162 232
162 273
163 221
163 272
164 217
164 233
164 268
165 189
165 218
165 261
165 298
166 210
166 239
166 258
167 210
167 229
167 233
167 237
167 259
167 282
167 287
169 179
169 218
171 300
172 200
173 197
174 287
174 313
175 180
175 250
176 255
177 255
177 286
178 285
179 227
179 244
180 222
180 230
180 247
180 283
180 296
181 305
182 193
182 211
184 195
184 224
184 269
186 249
187 200
188 205
188 212
188 286
189 200
191 229
191 233
192 220
192 281
193 200
193 210
193 224
193 236
193 239
193 252
193 255
193 280
195 285
197 216
197 286
198 210
200 208
200 209
200 223
200 275
200 288
201 206
201 288
202 286
202 287
203 289
203 315
204 229
204 285
204 296
205 207
205 220
205 270
205 310
206 217
206 218
206 234
206 301
206 306
208 211
209 278
210 240
210 252
210 286
210 287
211 245
211 248
211 257
212 219
212 286
213 265
214 275
214 288
215 296
215 301
215 303
215 304
215 309
216 288
219 242
219 249
219 298
220 240
220 286
221 275
221 295
222 255
223 249
223 267
223 302
224 304
226 287
228 276
228 289
228 295
229 298
232 239
234 239
234 249
236 288
239 301
239 311
240 302
240 315
241 288
241 315
242 249
242 253
242 287
243 248
244 251
244 261
244 279
244 298
245 268
249 252
249 298
249 311
251 287
251 312
255 272
255 287
257 315
258 269
258 270
262 288
267 287
268 279
270 286
271 299
274 306
275 292
277 288
278 300
284 295
291 305
298 313
309 314
