0 98
0 128
0 201
0 233
0 287
0 293
1 130
1 147
1 176
1 210
2 16
2 20
2 33
2 100
2 131
2 139
2 141
2 157
2 164
2 198
2 211
2 239
2 241
2 246
2 285
2 287
3 16
3 45
3 95
3 135
3 259
4 25
4 131
4 173
4 176
4 231
5 11
5 54
5 70
5 130
5 173
5 307
6 31
6 62
6 113
6 152
6 191
6 245
6 252
6 285
6 302
7 13
7 28
7 31
7 33
7 45
7 76
7 121
7 135
7 141
7 158
7 202
7 258
7 264
7 298
8 20
8 32
8 69
8 121
8 129
8 130
8 148
8 191
8 193
8 200
8 239
8 258
8 277
8 287
9 26
9 134
9 158
9 178
9 297
10 25
10 206
10 210
10 224
10 301
11 103
11 134
11 216
12 34
12 95
12 156
12 157
12 184
12 267
12 288
13 22
13 59
13 87
13 89
13 98
13 226
13 235
13 274
13 297
14 18
14 27
14 95
14 110
14 122
14 152
14 185
14 264
15 16
15 46
15 90
15 129
15 157
15 181
15 189
15 229
16 30
16 31
16 59
16 70
16 91
16 130
16 133
16 149
16 152
16 172
16 194
16 197
16 210
16 216
16 306
17 103
18 41
18 52
18 76
18 155
18 167
18 258
18 268
18 276
18 297
19 48
19 66
19 143
19 144
19 158
19 286
19 304
20 59
20 60
20 133
20 156
20 200
20 206
20 249
21 51
21 93
21 138
22 115
22 159
22 282
23 124
23 133
23 134
23 198
23 229
23 286
24 42
24 174
24 224
24 286
24 299
25 47
25 103
25 104
25 133
25 159
25 172
25 193
25 274
25 296
27 129
27 133
27 162
27 306
28 115
28 130
28 200
29 73
29 101
29 117
29 132
29 135
29 151
29 159
29 192
29 206
29 252
29 261
30 179
30 305
31 128
31 130
31 148
31 172
31 188
31 206
31 218
31 241
31 252
32 39
32 44
32 59
32 68
32 101
32 111
32 131
32 133
32 140
32 148
32 150
32 154
32 156
32 160
32 168
32 184
32 214
32 277
32 283
33 46
33 60
33 64
33 94
33 102
33 132
33 142
33 180
33 206
33 233
33 242
33 243
33 248
33 275
33 281
34 49
34 50
34 146
34 180
34 303
35 36
35 59
35 63
35 145
35 160
35 185
35 220
35 275
36 92
36 103
36 140
36 207
37 39
37 215
38 86
38 104
38 115
38 118
38 131
38 220
38 276
38 285
39 45
39 73
39 89
39 131
39 156
39 180
39 298
39 307
40 64
40 85
40 117
40 136
40 166
40 273
40 286
40 288
41 42
41 45
41 50
41 61
41 135
41 137
41 143
41 211
41 214
41 288
42 83
42 98
42 104
42 117
42 133
42 162
42 188
42 197
42 250
42 305
43 87
43 148
43 156
43 197
43 242
43 270
43 295
44 181
44 249
44 312
45 88
45 128
45 156
45 179
45 188
45 190
45 192
45 193
45 243
45 259
45 287
45 305
45 314
46 81
46 135
46 188
46 200
46 206
46 223
47 73
47 74
47 103
47 148
47 149
47 156
47 162
47 167
47 220
47 243
47 250
47 272
48 105
48 130
48 164
48 173
48 179
48 181
48 210
49 104
49 109
49 160
49 177
49 235
49 260
50 63
50 134
50 135
50 156
50 201
50 273
51 56
51 63
51 105
51 130
51 153
51 167
51 214
52 93
52 245
53 210
53 241
54 80
54 131
54 197
54 231
54 266
55 59
55 86
55 100
55 262
55 268
55 275
55 305
56 85
56 140
57 153
57 288
58 59
58 90
59 61
59 101
59 124
59 133
59 134
59 135
59 156
59 160
59 167
59 188
59 201
59 218
59 269
59 284
59 296
60 118
60 130
60 131
60 134
60 180
60 230
60 241
61 77
61 124
61 180
61 232
62 132
62 149
62 241
62 264
62 287
63 232
63 293
63 298
64 87
64 122
64 159
64 160
64 191
64 193
64 232
64 287
64 315
65 76
65 77
65 102
65 130
65 145
66 156
66 250
66 259
67 74
67 75
67 98
67 138
67 176
67 185
67 192
67 215
67 232
67 235
67 261
67 304
68 97
68 135
68 157
68 180
68 181
68 233
68 244
68 245
68 272
68 285
68 287
68 288
68 291
68 298
69 117
69 139
69 209
69 260
69 312
70 286
71 157
71 159
72 105
72 197
72 200
72 279
72 298
73 205
73 285
73 286
74 77
74 118
74 129
74 131
74 133
74 136
74 156
74 211
74 219
74 257
74 258
74 260
74 264
74 277
74 287
74 288
75 81
75 130
75 136
75 152
75 258
75 274
75 278
75 284
76 131
77 79
77 81
77 103
77 118
77 136
77 213
78 101
78 130
78 140
78 258
78 288
78 292
79 83
79 86
79 131
79 237
80 97
80 134
80 206
80 220
80 287
81 95
81 111
81 137
81 167
81 193
81 216
81 285
83 100
83 145
83 149
83 156
83 214
83 286
85 99
85 138
85 193
85 204
85 210
85 220
86 103
86 122
86 157
86 286
86 287
87 134
87 172
87 180
87 214
87 230
87 250
87 275
87 281
87 304
88 167
88 226
88 243
88 278
89 129
89 131
89 159
89 207
89 220
89 261
89 293
89 315
90 100
90 136
90 150
90 188
90 229
91 113
91 135
91 158
91 185
91 266
92 129
92 134
92 136
92 148
92 172
92 249
92 258
92 278
92 283
93 129
93 130
93 211
94 130
94 152
94 157
94 188
95 134
95 135
95 193
95 206
95 241
95 287
96 104
96 107
96 215
96 244
96 275
97 154
97 156
97 157
98 129
98 162
98 180
98 272
98 287
99 103
99 118
99 129
99 137
99 208
99 304
100 103
100 131
100 188
101 133
101 134
101 165
101 177
101 220
101 258
102 119
102 128
102 133
102 177
102 180
102 184
102 216
102 267
102 293
102 308
103 130
103 149
103 190
103 258
103 278
103 303
103 308
103 315
104 109
104 145
104 186
104 220
104 230
104 250
104 251
104 304
105 117
105 128
105 135
105 188
105 214
105 275
105 279
106 115
106 128
106 135
106 160
106 218
106 234
106 245
106 287
107 134
107 149
107 166
107 242
108 179
108 296
109 238
109 284
110 119
110 131
110 135
110 173
110 184
110 200
110 206
110 212
110 215
110 268
111 122
111 160
111 272
113 133
114 167
114 234
114 269
114 275
114 288
115 118
115 239
115 296
116 156
116 282
117 188
117 249
117 252
118 136
118 151
118 205
118 208
118 227
118 233
118 249
118 263
118 273
119 120
119 142
119 259
120 208
121 186
122 131
122 135
122 159
122 213
122 258
122 276
122 293
123 126
123 130
123 207
124 130
124 131
124 249
124 255
124 287
124 299
125 280
126 208
128 131
128 144
128 180
129 130
129 139
129 140
129 142
129 152
129 170
129 181
129 189
129 206
129 210
129 231
129 235
129 242
129 265
129 269
129 280
129 286
129 298
130 132
130 136
130 137
130 143
130 148
130 161
130 162
130 164
130 177
130 180
130 196
130 201
130 218
130 220
130 224
130 244
130 250
130 264
130 287
130 290
130 295
131 135
131 167
131 180
131 184
131 200
131 206
131 213
131 214
131 216
131 219
131 236
131 238
131 269
131 275
131 279
131 284
131 285
131 293
132 160
132 195
132 224
132 258
133 134
133 135
133 136
133 144
133 160
133 161
133 174
133 187
133 194
133 209
133 226
133 233
133 239
133 245
133 269
133 281
133 314
133 315
134 135
134 138
134 149
134 165
134 167
134 175
134 184
134 201
134 206
134 207
134 212
134 223
134 230
134 256
134 262
134 271
134 279
134 284
134 303
135 136
135 156
135 157
135 173
135 179
135 199
135 208
135 210
135 244
135 248
135 278
135 293
136 145
136 155
136 169
136 174
136 193
136 206
136 210
136 216
136 224
136 298
137 242
137 292
138 139
138 156
138 239
138 275
139 257
139 287
139 297
140 186
141 156
141 157
141 261
141 292
142 188
142 258
143 184
143 263
143 300
144 155
145 201
145 219
145 269
145 304
146 194
146 210
147 193
147 199
147 246
147 314
148 209
148 215
148 258
148 286
149 188
149 196
149 197
149 306
150 162
150 252
150 268
150 281
150 293
151 215
152 285
153 200
153 217
154 193
156 206
156 249
156 271
156 285
156 307
157 160
157 232
157 244
157 286
157 287
158 304
159 200
159 219
159 220
159 241
159 245
160 191
160 208
160 215
160 220
160 243
160 305
161 181
161 210
162 167
162 193
164 288
167 186
167 209
167 211
167 229
167 250
167 281
167 283
167 295
168 187
169 227
169 242
169 264
169 267
169 285
171 185
171 215
173 191
173 220
173 223
173 239
173 267
174 252
174 287
175 188
175 287
175 295
176 201
176 220
178 270
179 180
179 193
180 188
180 196
180 242
180 257
180 259
180 263
180 307
181 273
182 309
184 220
184 274
184 297
185 271
187 232
188 214
188 275
188 292
188 299
189 241
191 200
191 208
193 205
193 210
193 223
193 273
193 286
193 287
193 305
193 312
194 219
195 205
195 261
195 266
196 209
197 206
197 219
197 243
197 288
197 299
198 288
200 204
200 230
200 249
200 258
200 292
200 308
201 208
201 246
204 271
204 281
204 295
205 210
205 238
206 266
206 282
206 284
206 286
206 304
207 217
209 287
209 303
210 211
210 303
210 305
211 248
212 249
212 314
214 220
214 227
215 220
215 249
216 220
216 260
218 293
219 224
219 236
220 239
220 244
220 246
223 287
224 260
224 298
225 246
226 276
228 239
230 304
231 269
231 276
231 287
231 296
232 287
233 272
233 296
237 240
239 261
239 285
239 294
240 304
241 273
242 269
243 286
243 313
246 249
247 264
247 279
247 287
248 255
249 283
253 288
254 260
255 286
258 272
258 273
260 288
261 283
261 287
268 287
268 291
272 294
272 298
275 286
276 298
276 313
277 283
277 313
278 288
281 286
285 287
287 298
288 296
292 315
298 302
305 311
314 315
