0 2
0 129
0 177
0 193
0 233
0 263
1 3
1 56
1 122
1 125
1 191
1 224
1 245
1 285
2 23
2 30
2 46
2 59
2 77
2 102
2 106
2 130
2 172
2 174
2 194
2 220
2 224
2 235
2 242
2 265
2 269
2 280
2 298
3 7
3 8
3 150
4 10
4 49
4 64
4 167
4 220
4 258
5 46
5 122
5 131
5 136
5 205
5 264
6 11
6 31
6 55
6 66
6 131
6 152
6 212
6 220
6 230
6 240
7 59
7 78
7 105
7 107
7 110
7 131
7 133
7 134
7 143
7 148
7 179
7 180
7 186
7 188
7 224
7 272
7 275
8 52
8 63
8 80
8 102
8 120
8 133
8 180
8 240
8 294
8 303
9 36
9 45
9 141
9 298
9 305
10 25
10 288
11 16
11 33
11 112
11 177
12 31
12 50
12 85
12 102
12 107
12 133
12 134
12 145
12 157
12 218
12 244
12 270
12 287
13 16
13 37
13 50
13 54
13 59
13 184
13 186
13 193
13 199
13 224
13 313
14 35
14 45
14 66
14 75
14 86
14 95
14 162
14 284
14 298
15 62
15 74
15 102
15 129
15 135
15 164
15 275
15 298
15 303
16 65
16 67
16 75
16 94
16 97
16 102
16 109
16 131
16 133
16 173
16 179
16 225
16 228
16 240
16 266
16 276
16 283
16 312
17 41
17 59
17 152
17 216
17 286
17 291
18 62
18 158
18 195
18 201
18 206
18 272
18 298
19 49
19 146
20 41
20 124
20 135
20 136
20 177
20 179
20 212
20 230
20 249
20 312
21 130
21 247
21 262
21 287
21 309
23 96
23 114
23 156
23 180
24 39
24 42
24 67
24 131
24 135
24 136
24 239
24 287
24 288
25 55
25 64
25 128
25 130
25 133
25 186
26 130
26 220
26 265
27 130
27 134
27 182
28 102
28 118
28 138
28 156
28 180
28 193
28 243
29 49
29 56
29 59
29 301
30 106
30 115
30 136
30 157
31 32
31 47
31 56
31 68
31 86
31 94
31 103
31 130
31 149
31 200
31 215
31 242
31 276
31 309
32 41
32 47
32 52
32 59
32 82
32 102
32 128
32 131
32 134
32 135
32 136
32 141
32 191
32 194
32 200
32 211
32 233
32 245
32 252
32 289
33 43
33 67
33 90
33 101
33 105
33 109
33 149
33 232
33 243
33 244
33 273
33 277
33 286
33 311
34 74
34 87
34 114
34 129
34 156
34 165
34 232
34 288
34 310
35 97
35 225
35 234
35 287
36 51
36 82
36 197
36 210
36 241
36 271
37 125
37 134
37 136
37 224
37 247
38 91
38 106
38 162
38 242
38 249
38 276
38 285
38 286
39 64
39 102
39 153
39 158
39 160
40 99
40 122
40 165
40 192
40 238
40 285
41 130
41 154
41 169
41 193
41 277
41 278
42 152
42 217
42 219
42 278
42 283
43 60
43 66
43 73
43 97
43 110
43 118
43 128
43 129
44 63
44 80
44 280
45 78
45 80
45 92
45 98
45 130
45 133
45 135
45 179
45 194
45 237
45 245
45 258
46 55
46 68
46 126
46 144
46 160
46 200
46 210
46 211
46 240
46 295
46 298
46 311
47 109
47 127
47 138
47 167
47 184
47 233
47 249
47 257
47 285
48 105
48 160
48 225
48 288
49 111
49 115
49 136
49 231
49 269
49 281
50 51
50 129
50 130
50 134
50 172
50 200
50 255
50 303
51 68
51 108
51 124
51 147
51 148
51 155
51 158
51 215
51 223
51 241
51 244
51 271
52 81
52 253
54 81
54 103
54 118
54 156
54 269
54 287
54 298
55 91
55 118
55 130
55 131
55 142
55 145
55 227
55 258
55 308
56 63
56 96
56 102
56 120
56 127
56 134
56 207
56 238
56 242
56 303
57 211
57 309
58 221
59 67
59 103
59 120
59 123
59 196
59 231
59 232
59 292
60 90
60 101
60 124
60 130
60 149
60 167
60 232
60 237
60 255
60 315
61 67
61 103
61 157
61 191
62 141
62 169
62 235
62 236
62 299
63 77
63 164
64 107
64 118
64 145
64 151
64 152
64 156
64 288
64 293
64 298
65 113
66 82
66 110
66 171
67 70
67 106
67 123
67 128
67 129
67 131
67 135
67 152
67 188
67 244
67 291
68 85
68 91
68 109
68 119
68 131
68 193
68 220
68 224
68 282
69 122
69 136
69 159
69 179
69 280
69 287
70 101
70 106
71 77
71 122
71 130
72 157
72 234
72 262
73 75
73 97
73 110
73 292
74 99
74 110
74 130
74 132
74 139
74 142
74 170
74 216
74 242
74 280
75 107
75 129
75 148
75 160
75 174
75 201
75 212
75 267
75 287
76 88
76 130
76 138
76 153
76 241
76 295
76 307
77 92
77 219
77 258
77 295
77 310
78 104
78 115
78 130
78 287
79 87
79 220
79 243
79 248
80 99
80 112
80 124
80 129
80 212
80 257
80 273
80 298
80 310
81 91
81 130
81 135
81 190
81 193
81 242
82 142
82 156
82 179
82 286
83 103
83 160
83 167
83 201
83 273
83 285
84 180
85 152
85 153
85 220
85 271
85 275
86 106
86 287
87 223
87 249
87 298
88 98
88 102
88 153
88 178
88 241
88 287
89 142
89 224
89 242
89 258
89 272
90 94
90 184
90 216
91 117
91 226
92 94
92 128
92 198
92 231
92 298
93 273
94 103
94 106
94 130
94 131
94 149
94 156
94 181
94 249
95 143
95 205
95 249
95 286
95 308
95 312
96 129
96 208
96 225
97 117
97 144
97 188
97 210
97 220
97 244
98 130
98 177
98 187
98 188
98 234
98 242
98 252
98 268
98 287
98 293
98 314
99 117
99 130
99 146
99 172
100 130
100 132
100 133
100 142
100 156
100 180
101 122
101 131
101 156
101 180
101 238
101 286
102 126
102 156
102 172
102 186
102 205
102 278
102 308
103 133
103 140
103 145
103 154
103 155
103 173
103 187
103 218
103 260
103 287
103 288
104 131
104 135
104 151
104 231
104 269
105 129
105 130
105 193
105 304
105 307
106 149
106 162
106 193
106 286
108 211
108 219
108 288
108 312
109 133
109 158
109 206
109 215
109 241
109 263
109 286
110 143
110 209
110 231
110 238
110 277
111 134
111 160
111 242
111 287
112 152
112 237
112 267
113 137
113 199
113 286
114 129
114 160
114 255
115 134
115 191
115 234
115 256
115 295
116 129
116 214
116 230
117 120
117 135
117 157
117 188
117 197
117 212
117 241
117 272
117 303
118 124
118 147
118 181
118 205
118 219
118 222
118 232
118 233
118 246
118 261
118 264
118 269
118 287
119 178
119 185
120 121
120 231
120 275
121 193
121 199
121 230
121 258
123 269
123 278
124 135
124 141
124 207
124 286
124 288
124 292
126 191
126 193
126 249
127 133
127 141
127 193
127 201
128 143
128 185
129 130
129 140
129 145
129 149
129 157
129 164
129 173
129 176
129 180
129 184
129 188
129 191
129 207
129 214
129 215
129 224
129 226
129 231
129 232
129 239
129 252
129 264
129 272
129 275
129 282
129 286
129 287
129 310
130 133
130 135
130 137
130 141
130 148
130 161
130 177
130 179
130 200
130 209
130 210
130 211
130 229
130 232
130 238
130 248
130 288
130 302
131 133
131 149
131 154
131 156
131 180
131 197
131 224
131 236
131 254
131 266
131 278
131 283
131 286
131 297
132 248
133 136
133 157
133 193
133 198
133 220
133 223
133 268
133 269
133 285
133 288
133 294
133 309
134 137
134 139
134 142
134 148
134 149
134 157
134 185
134 188
134 209
134 211
134 215
134 219
134 229
134 243
134 256
134 260
134 265
135 140
135 142
135 167
135 204
135 218
135 241
135 256
135 258
135 264
135 276
135 287
135 301
135 311
136 140
136 148
136 165
136 180
136 197
136 217
136 241
136 272
136 299
136 305
137 157
138 214
138 223
139 197
139 246
139 290
140 155
140 218
140 239
140 246
140 287
141 174
142 156
142 181
142 210
142 220
142 231
142 269
143 258
144 252
145 149
145 156
145 165
145 246
146 246
147 278
147 313
148 149
148 177
148 193
148 214
148 247
148 249
148 254
148 258
148 283
148 287
148 299
149 194
149 206
149 210
149 229
150 197
150 239
150 240
150 264
150 301
151 156
151 174
151 191
151 195
151 246
152 200
152 231
152 233
152 234
152 296
154 196
154 210
154 288
155 297
156 157
156 174
156 180
156 190
156 203
156 205
156 210
156 211
156 229
156 234
156 287
157 167
157 182
157 194
157 270
158 228
158 286
158 287
159 280
160 164
160 205
160 218
160 220
160 304
160 313
161 174
161 298
162 192
162 212
162 238
164 280
166 180
166 229
167 200
167 208
167 237
167 239
167 258
167 265
167 275
167 305
168 172
168 176
169 206
169 292
170 181
172 217
172 242
172 268
174 195
174 210
175 272
176 245
176 305
177 180
177 209
178 220
179 229
179 272
180 227
180 247
180 250
180 296
181 231
182 304
183 274
184 200
184 202
184 249
184 287
184 304
185 312
187 231
187 250
187 258
187 286
187 301
188 192
188 229
188 284
189 282
191 230
191 249
191 253
191 296
192 244
193 204
193 232
193 252
193 275
194 233
194 241
195 210
197 239
197 249
197 273
197 298
198 288
199 288
200 206
200 207
200 208
200 239
200 245
200 290
201 215
201 295
201 301
202 238
202 248
203 204
204 270
205 206
205 232
205 242
205 267
206 219
206 269
206 308
208 215
208 233
209 242
210 215
210 216
211 250
211 290
212 232
212 249
213 250
213 305
214 288
215 243
215 245
216 287
218 220
218 239
218 249
220 224
220 240
220 260
220 261
220 287
222 283
224 229
224 297
226 292
230 238
230 307
231 287
232 241
232 282
234 239
234 240
236 273
237 287
237 289
239 263
239 286
240 271
243 287
243 288
244 288
244 307
245 299
246 315
249 258
249 286
250 286
252 287
254 286
255 287
258 295
259 287
263 277
265 298
268 309
270 286
275 299
276 309
278 288
279 288
281 315
283 288
286 313
288 291
288 308
288 312
303 310
304 314
