0 124
0 129
0 215
0 288
1 32
1 46
1 47
1 133
1 200
1 256
2 33
2 88
2 92
2 118
2 121
2 129
2 133
2 135
2 149
2 180
2 188
2 214
2 231
2 239
2 248
2 270
2 298
2 305
3 46
3 148
4 91
4 118
4 129
4 132
4 135
4 223
4 288
4 298
5 21
5 51
5 97
5 148
5 227
5 287
5 296
6 48
6 166
6 209
6 218
7 10
7 24
7 29
7 46
7 55
7 105
7 111
7 131
7 156
7 183
7 191
7 192
7 208
7 214
7 220
7 224
7 255
8 95
8 121
8 156
8 174
8 193
8 258
8 267
9 51
9 74
9 94
9 102
9 133
9 135
9 240
9 306
10 91
10 275
11 81
11 135
11 148
11 239
12 16
12 28
12 32
12 133
12 149
12 156
12 231
12 239
12 276
13 105
13 108
13 128
13 130
13 132
13 134
13 193
13 242
14 20
14 128
14 134
14 146
14 150
14 153
14 158
14 171
14 192
14 199
14 200
15 33
15 61
15 83
15 167
16 71
16 72
16 114
16 135
16 140
16 150
16 154
16 157
16 188
16 233
16 255
16 258
16 273
16 294
17 66
17 92
17 130
18 129
18 130
18 135
18 236
18 272
18 286
19 45
19 47
19 109
19 288
20 35
20 81
20 82
20 91
20 101
20 129
20 231
20 291
20 298
20 308
21 29
21 133
22 109
23 59
23 75
23 83
23 163
23 197
23 219
24 90
24 131
24 134
24 233
25 31
25 42
25 80
25 100
25 109
25 193
25 286
25 288
26 104
26 153
27 62
27 205
27 219
28 35
28 64
28 75
28 136
28 143
28 175
28 305
28 312
29 34
29 89
29 114
29 230
29 235
30 33
30 152
30 162
30 165
30 185
30 282
31 44
31 45
31 47
31 63
31 99
31 114
31 131
31 137
31 145
31 156
31 174
31 227
32 43
32 47
32 67
32 81
32 124
32 135
32 148
32 154
32 176
32 181
32 186
32 215
32 217
32 233
32 249
32 271
32 288
32 307
33 67
33 82
33 92
33 98
33 145
33 195
33 200
33 209
33 224
33 287
33 288
34 131
34 156
34 210
34 216
34 252
34 303
35 49
35 130
35 224
35 235
36 42
36 120
36 133
36 137
36 152
36 298
37 167
37 188
37 285
38 51
38 52
38 101
38 102
38 122
38 134
38 156
38 191
38 209
39 89
39 92
39 130
39 153
39 160
39 283
39 287
40 68
40 74
40 89
40 109
40 134
40 210
40 211
40 297
41 129
41 130
41 153
42 75
42 93
42 124
42 130
42 131
42 148
42 155
42 208
42 210
42 229
42 288
43 73
43 75
43 98
43 110
43 136
43 258
43 283
43 287
44 74
44 158
44 201
44 206
44 223
45 46
45 70
45 74
45 78
45 106
45 126
45 140
45 147
45 174
45 185
45 197
45 220
45 232
45 271
45 272
45 279
45 281
46 64
46 107
46 108
46 115
46 122
46 133
46 155
46 156
46 192
46 193
46 215
46 252
46 259
47 69
47 134
47 143
47 163
47 168
47 193
47 202
47 229
47 239
47 284
47 314
48 55
48 69
48 92
48 109
48 112
48 121
48 129
48 135
48 185
48 217
49 87
49 103
49 133
49 205
49 278
50 56
50 64
50 83
50 98
50 124
50 130
50 140
50 180
50 281
50 304
50 311
51 136
51 156
51 187
51 199
51 211
51 220
51 287
51 294
52 75
52 110
52 136
52 217
52 220
53 85
54 60
54 64
54 131
54 301
55 56
55 102
55 103
55 200
55 278
56 63
56 103
56 156
56 180
56 301
57 288
58 283
59 64
59 87
59 99
59 103
59 122
59 124
59 134
59 234
59 235
59 239
59 292
59 296
60 72
60 75
60 118
60 124
60 134
60 286
61 75
61 85
61 118
61 124
61 135
61 156
61 206
61 233
62 67
62 216
62 255
63 110
63 118
63 125
63 169
63 275
63 291
64 89
64 125
64 130
64 138
64 210
64 242
64 275
65 79
65 152
65 218
66 72
66 80
66 122
66 175
66 186
66 233
67 76
67 122
67 124
67 134
67 148
67 154
67 157
67 199
67 200
67 226
67 233
67 234
67 238
67 239
67 242
68 74
68 96
68 101
68 205
68 207
68 218
68 252
68 254
68 275
68 287
68 290
69 77
69 121
69 129
69 244
70 131
70 134
70 197
71 92
72 104
72 167
72 193
72 204
73 102
73 180
74 75
74 88
74 104
74 106
74 107
74 109
74 143
74 199
74 234
74 247
74 266
74 314
75 89
75 130
75 139
75 164
75 167
75 181
75 203
75 256
76 124
76 159
76 242
76 296
76 299
77 94
77 122
77 156
77 230
77 232
77 249
78 133
78 148
78 232
79 102
79 272
79 287
80 102
80 110
80 121
80 133
80 180
80 276
80 277
80 295
81 90
81 94
81 134
81 180
81 181
81 241
81 289
81 301
82 106
82 188
82 259
83 102
83 130
83 134
83 150
83 186
83 211
84 133
84 157
84 193
85 112
85 144
85 167
85 184
85 188
85 217
86 106
86 210
87 129
87 151
87 244
87 249
87 275
87 304
88 92
88 103
88 175
88 205
89 218
89 250
89 268
89 283
89 298
90 91
90 123
90 133
90 167
90 180
91 167
92 114
92 129
92 206
92 291
93 156
94 103
94 107
94 108
94 124
94 156
94 287
95 97
95 210
96 136
96 156
96 242
96 274
96 275
97 159
97 172
97 174
97 205
97 274
98 191
98 239
98 276
98 304
99 135
99 200
99 231
99 309
100 272
100 275
101 130
101 157
101 173
101 177
101 191
101 230
101 244
101 279
102 131
102 133
102 162
102 192
102 241
102 243
102 263
102 269
102 278
102 309
102 315
103 105
103 108
103 114
103 134
103 142
103 200
104 152
104 163
104 301
105 131
105 155
105 183
105 193
105 206
105 239
106 135
106 191
106 208
106 288
107 172
107 236
107 303
108 121
108 155
108 169
108 195
108 216
108 238
108 240
109 135
109 146
109 191
109 231
110 134
110 142
110 152
110 160
110 162
110 202
110 249
110 259
110 260
110 286
110 305
111 154
111 181
111 314
113 231
113 233
113 260
113 272
114 189
114 286
115 133
115 157
115 210
115 249
117 130
117 133
117 218
117 221
117 265
118 119
118 141
118 179
118 212
118 222
118 238
118 249
118 305
119 206
119 302
120 129
120 135
120 136
120 165
120 216
120 284
121 130
121 131
121 134
122 130
122 133
122 161
122 177
122 179
122 188
122 269
123 135
123 156
123 207
124 130
124 134
124 193
124 210
124 216
124 217
124 242
124 278
124 287
124 305
124 312
127 130
128 129
128 135
128 156
128 222
129 130
129 136
129 145
129 153
129 167
129 179
129 180
129 191
129 232
129 239
129 242
129 258
129 265
129 278
129 302
129 304
129 310
130 134
130 151
130 152
130 157
130 161
130 162
130 167
130 180
130 191
130 197
130 205
130 206
130 214
130 217
130 239
130 242
130 247
130 249
130 252
130 272
130 279
130 287
130 299
130 301
130 302
131 135
131 156
131 159
131 204
131 209
131 210
131 240
131 283
131 285
131 286
131 311
132 152
132 193
132 278
133 136
133 138
133 145
133 154
133 162
133 167
133 180
133 209
133 222
133 228
133 238
133 268
133 276
133 290
133 304
134 135
134 159
134 160
134 183
134 191
134 193
134 205
134 214
134 218
134 225
134 259
134 265
134 288
134 289
134 291
134 305
135 137
135 142
135 160
135 177
135 179
135 180
135 195
135 200
135 211
135 220
135 230
135 249
135 265
135 299
135 301
136 159
136 193
136 219
136 285
136 286
136 304
137 176
137 189
137 204
137 283
138 149
138 215
138 233
138 284
139 249
140 194
140 210
140 231
140 276
141 258
142 154
143 153
143 216
143 267
145 177
145 271
145 292
147 218
147 255
148 156
148 186
148 202
148 215
148 219
148 221
148 278
149 156
149 167
149 210
149 291
150 156
150 164
151 188
151 204
151 288
152 188
152 286
152 296
152 314
153 169
154 167
154 208
155 210
156 159
156 185
156 196
156 201
156 202
156 223
156 238
156 266
156 281
156 287
156 288
156 298
156 305
157 193
157 199
157 293
159 210
159 261
160 176
160 204
160 269
160 279
160 287
160 292
161 185
161 295
161 304
162 208
162 231
162 260
162 278
162 298
163 178
164 200
164 231
164 264
166 222
167 220
167 242
167 280
167 285
167 289
170 271
171 179
171 259
172 210
173 188
173 267
173 286
173 295
173 305
174 185
174 248
174 279
177 211
177 235
177 243
178 179
178 204
179 189
179 199
179 258
179 287
180 188
180 200
180 238
180 247
180 258
180 266
180 308
181 187
181 192
181 197
181 292
181 295
184 213
184 266
184 281
185 285
186 243
187 193
188 255
188 271
188 297
188 309
191 249
191 293
193 197
193 200
193 222
193 224
193 288
195 250
196 233
196 305
197 222
197 233
197 264
197 287
197 302
199 220
200 205
200 242
200 272
201 305
203 216
204 287
204 302
205 217
205 233
206 220
206 229
206 240
207 282
208 227
209 213
209 220
210 246
210 257
210 286
210 315
211 278
213 287
214 218
215 248
215 265
216 292
217 304
217 305
218 232
219 245
223 303
225 305
227 231
228 267
229 272
229 288
231 236
232 242
232 250
232 287
233 244
233 267
234 264
235 258
235 272
240 287
241 290
242 271
243 266
244 293
247 249
247 261
247 276
248 285
248 312
249 260
249 291
249 307
258 269
258 282
261 272
264 275
264 287
266 288
266 291
268 298
270 286
275 311
278 306
281 295
283 304
287 298
288 308
288 310
294 302
301 304
303 311
