0 1
0 74
0 128
1 45
1 82
1 112
1 162
1 258
1 286
1 287
1 314
2 16
2 59
2 67
2 79
2 98
2 102
2 107
2 118
2 144
2 167
2 181
2 182
2 185
2 201
2 224
2 247
2 280
2 286
3 16
3 117
3 156
3 233
4 48
4 66
4 138
4 156
4 157
4 241
5 6
5 20
5 54
5 64
5 79
5 121
5 174
6 16
6 94
6 97
6 134
6 143
6 148
6 154
6 184
7 15
7 29
7 31
7 45
7 87
7 89
7 107
7 112
7 130
7 131
7 139
7 174
7 188
7 200
7 209
7 212
7 217
7 230
7 241
7 274
7 276
8 12
8 20
8 40
8 48
8 55
8 77
8 116
8 135
8 136
8 177
8 188
8 193
8 200
8 213
8 215
8 216
8 223
8 227
8 232
8 277
8 287
9 25
9 176
9 260
10 81
10 152
10 254
10 266
11 29
11 50
11 84
11 129
11 134
11 194
11 205
12 24
12 45
12 63
12 130
12 131
12 149
12 200
12 209
12 302
12 307
12 313
13 35
13 60
13 70
13 95
13 129
13 170
13 201
13 220
13 245
13 258
13 268
13 286
13 292
14 32
14 33
14 97
14 124
14 130
15 18
15 77
15 129
15 130
15 167
15 188
15 204
15 218
15 263
16 50
16 59
16 72
16 87
16 101
16 124
16 135
16 163
16 169
16 173
16 174
16 202
16 209
16 242
16 287
17 38
17 107
17 201
17 213
17 279
18 20
18 63
18 74
18 82
18 103
18 107
18 135
18 152
18 164
18 180
18 218
19 109
19 131
19 202
20 74
20 94
20 122
20 134
20 152
20 210
20 227
20 270
21 56
21 159
21 262
21 287
22 25
22 37
22 88
23 119
23 152
23 244
23 291
24 62
24 64
24 118
24 124
24 150
24 153
24 167
24 178
24 246
24 267
25 79
25 86
25 96
25 102
25 126
25 138
25 152
25 180
25 247
25 273
25 285
26 36
26 74
26 97
26 279
27 42
27 180
27 212
27 252
27 259
28 32
28 45
28 80
28 83
28 103
28 122
28 212
28 310
29 33
29 69
29 81
29 110
29 117
29 134
29 259
30 64
30 75
30 195
30 259
31 34
31 45
31 50
31 55
31 81
31 88
31 103
31 112
31 133
31 145
31 150
31 196
31 203
31 220
31 231
31 283
32 45
32 67
32 90
32 103
32 111
32 122
32 123
32 133
32 178
32 211
32 245
32 258
32 285
33 50
33 74
33 95
33 105
33 115
33 142
33 180
33 182
33 220
33 243
33 269
33 287
33 288
34 49
34 154
34 283
34 309
34 315
35 76
35 237
35 283
36 129
36 133
36 195
36 200
36 249
36 306
37 41
37 49
37 60
37 110
37 134
37 183
37 307
38 129
39 47
39 101
39 131
39 150
39 203
40 106
40 131
40 164
40 184
40 195
40 228
40 239
41 67
41 86
41 89
41 134
42 57
42 105
42 114
42 131
42 149
42 156
42 288
43 80
43 129
43 136
43 179
43 180
43 278
44 173
44 305
45 64
45 92
45 129
45 133
45 142
45 169
45 267
45 304
45 314
46 67
46 68
46 89
46 102
46 104
46 106
46 129
46 130
46 134
46 188
46 192
46 193
46 200
46 302
46 311
47 101
47 103
47 117
47 167
47 231
47 282
48 129
48 156
48 229
48 284
48 292
49 59
49 130
49 149
49 177
49 283
49 287
50 79
50 106
50 130
50 135
50 149
50 279
50 281
50 291
51 65
51 83
51 173
51 201
51 206
51 218
51 228
51 247
53 260
54 92
54 135
54 168
54 188
54 191
54 249
54 264
55 78
56 62
56 122
56 134
56 245
56 257
56 260
56 287
59 92
59 123
59 136
59 160
59 181
59 195
59 210
59 215
59 230
59 272
59 296
60 72
60 80
60 92
60 124
60 130
60 131
60 133
60 263
60 277
61 129
61 130
61 184
61 286
62 108
62 115
62 128
62 188
62 209
62 230
62 232
63 78
63 220
63 287
63 302
64 79
64 87
64 117
64 201
64 202
64 216
64 239
64 242
64 258
65 85
65 145
65 231
65 249
66 67
66 106
66 127
66 129
66 135
66 164
66 167
67 88
67 127
67 133
67 135
67 142
67 157
67 200
67 202
67 261
67 274
67 287
68 206
68 223
69 89
69 109
69 222
69 240
71 114
71 167
71 213
71 266
71 268
71 313
72 75
72 101
72 129
72 148
72 194
72 287
73 107
73 128
73 133
73 135
73 150
73 156
73 167
73 212
73 265
73 271
74 118
74 129
74 134
74 162
74 193
74 245
74 292
75 124
75 135
75 160
75 171
75 172
75 233
75 277
75 281
76 151
76 188
76 287
76 311
77 78
77 159
77 193
77 241
78 152
78 206
78 210
79 89
79 134
79 148
79 195
79 249
79 261
80 133
80 193
80 217
80 230
80 240
80 281
81 130
81 131
81 176
81 192
82 97
82 129
82 146
83 109
83 124
83 129
83 134
83 180
83 196
83 237
84 87
85 87
85 103
85 156
85 197
85 207
85 224
85 229
85 245
86 133
86 190
87 89
87 103
87 118
87 129
87 131
87 202
87 214
87 220
88 106
88 135
88 158
88 174
88 179
88 250
88 278
89 101
89 111
89 133
89 149
89 157
89 222
89 224
90 275
91 180
91 287
91 313
92 129
92 130
92 154
92 173
93 117
93 194
94 106
94 130
94 157
94 161
94 243
94 269
95 134
95 138
95 160
95 196
96 121
96 185
96 246
97 102
97 130
97 186
97 216
98 130
98 155
98 157
98 204
98 287
99 106
99 148
99 215
99 217
100 224
101 130
101 230
101 296
101 303
102 107
102 113
102 118
102 121
102 281
102 287
103 104
103 130
103 131
103 135
103 148
103 156
103 171
103 177
103 188
103 192
103 200
103 227
103 230
103 235
103 305
103 315
104 109
104 131
104 145
104 153
104 156
104 200
104 206
104 250
104 305
105 161
105 288
106 124
106 136
106 154
106 244
106 272
106 296
107 134
107 274
108 186
108 215
108 266
108 289
109 129
109 131
109 135
109 138
109 180
109 185
109 220
109 263
110 133
110 221
110 283
111 133
111 191
111 286
111 295
112 133
112 135
112 149
112 191
112 214
112 262
112 268
112 285
113 132
114 131
114 132
114 210
114 249
114 287
114 288
115 157
115 297
116 132
116 287
116 308
117 118
117 141
117 204
117 249
118 180
118 181
118 205
118 210
118 217
118 222
118 269
118 288
118 305
118 313
119 157
119 200
119 240
119 274
119 287
120 255
120 262
121 140
121 184
121 196
121 205
121 210
121 241
121 266
122 128
122 129
122 140
122 147
122 157
122 210
122 249
123 129
123 180
123 188
124 202
124 204
124 206
124 210
124 238
124 264
124 265
124 277
125 140
125 249
125 268
126 128
126 133
126 156
127 129
127 243
128 188
128 234
128 266
128 286
128 288
128 311
129 133
129 134
129 136
129 142
129 167
129 176
129 180
129 194
129 232
129 234
129 252
129 256
129 261
129 266
129 270
129 283
130 133
130 143
130 156
130 188
130 218
130 220
130 224
130 226
130 249
130 264
130 292
130 308
131 149
131 180
131 206
131 213
131 218
131 223
131 233
131 238
131 249
131 264
131 266
131 287
131 310
132 133
132 229
132 268
132 282
133 142
133 161
133 180
133 188
133 193
133 216
133 240
133 259
133 283
133 286
133 305
134 135
134 148
134 153
134 165
134 209
134 215
134 216
134 219
134 220
134 224
134 225
134 233
134 243
134 247
134 248
135 152
135 173
135 188
135 205
135 218
135 259
135 269
135 275
135 278
135 282
135 288
135 305
136 157
136 208
136 249
136 265
136 287
137 198
138 152
139 271
140 149
140 170
140 260
140 274
141 216
141 224
142 194
142 213
142 296
144 196
144 239
145 182
145 201
145 210
145 313
146 167
146 190
148 160
148 165
148 204
148 205
148 226
148 230
148 234
148 237
148 288
148 313
149 218
149 304
150 298
152 157
152 205
152 267
152 294
152 298
154 252
154 302
155 191
156 157
156 160
156 188
156 203
156 215
156 217
156 218
156 224
156 239
156 248
156 273
156 285
156 286
156 299
156 309
157 173
157 182
157 200
157 204
157 251
157 253
157 258
157 304
158 177
158 200
158 216
159 206
159 216
159 229
159 302
160 173
160 204
160 221
160 254
161 218
161 303
162 174
162 214
162 219
162 239
162 281
162 287
163 273
163 313
164 289
164 297
165 286
167 188
167 202
167 280
167 289
168 176
168 190
168 200
168 271
168 289
169 233
169 234
171 310
172 192
172 267
173 239
173 287
173 295
174 215
174 292
175 206
175 235
177 205
178 288
179 210
179 242
179 267
179 285
179 291
180 206
180 220
180 252
180 259
180 267
180 269
180 309
181 191
181 249
181 272
181 278
182 242
185 258
185 271
185 278
186 314
188 216
188 244
191 210
191 216
191 259
191 263
192 281
192 314
193 208
193 240
193 269
193 301
194 199
194 241
195 205
195 221
195 233
195 235
195 246
195 313
197 215
197 217
197 291
197 307
199 200
199 266
200 207
200 210
200 273
200 284
200 288
203 252
203 280
205 234
205 249
206 225
206 264
207 215
208 215
209 305
210 256
210 264
212 258
213 239
215 259
216 224
216 234
217 236
217 285
218 241
219 275
220 224
220 241
220 242
220 287
222 269
223 314
224 301
228 286
231 248
231 285
231 286
232 242
232 249
232 252
232 274
232 278
232 286
233 241
235 304
236 270
237 279
238 246
239 282
240 302
241 257
241 285
242 275
242 311
243 275
243 278
245 286
249 267
249 280
250 261
252 286
255 269
260 297
263 276
263 288
264 269
264 285
264 291
267 280
269 303
270 305
272 301
272 315
276 298
277 299
278 279
279 280
282 293
283 290
284 294
285 298
286 287
287 288
288 305
288 310
288 311
288 314
293 313
296 313
298 304
313 315
