0 33
0 76
0 220
0 247
1 39
1 77
1 131
1 193
1 227
1 249
1 275
2 7
2 80
2 88
2 118
2 129
2 131
2 132
2 133
2 143
2 167
2 204
2 206
2 247
2 249
2 293
2 298
2 308
2 315
3 32
3 64
3 99
3 104
3 107
3 131
3 136
3 142
3 160
4 80
4 87
4 103
4 117
4 122
4 130
4 135
4 218
4 311
5 8
5 34
5 75
5 76
5 101
5 124
5 162
5 205
5 315
6 11
6 74
6 140
6 200
6 224
6 268
6 283
7 45
7 47
7 51
7 62
7 93
7 109
7 114
7 129
7 130
7 136
7 154
7 158
7 162
7 178
7 230
7 231
7 234
7 260
7 271
7 279
7 285
8 20
8 32
8 99
8 112
8 134
8 148
8 156
8 158
8 180
8 232
8 269
8 286
8 298
8 301
9 31
9 39
9 45
9 129
9 130
9 224
9 259
9 260
9 303
9 308
10 112
10 131
10 269
10 292
11 133
11 135
11 138
11 245
11 312
12 16
12 20
12 30
12 56
12 124
12 131
12 138
12 145
12 278
12 283
13 77
13 80
13 130
13 135
13 156
13 180
13 265
13 285
14 25
14 131
14 157
14 287
15 28
15 55
15 152
15 158
15 160
15 186
16 28
16 29
16 76
16 77
16 81
16 90
16 109
16 111
16 114
16 118
16 129
16 131
16 152
16 156
16 189
16 193
16 280
16 287
16 308
17 60
17 75
17 128
18 32
18 64
18 102
18 185
18 189
18 272
19 95
19 129
19 149
19 279
20 22
20 92
20 131
20 134
20 140
20 167
20 188
20 189
20 234
20 272
20 299
21 129
21 130
21 287
22 33
22 150
22 164
22 235
22 287
23 78
23 220
23 271
24 49
24 50
24 81
24 129
24 133
25 32
25 36
25 80
25 103
25 114
25 130
25 153
25 200
25 235
25 284
25 287
25 288
26 130
26 297
27 30
27 67
27 237
27 264
28 44
28 77
28 84
28 149
28 157
28 184
28 287
28 305
29 42
29 84
29 106
29 156
29 184
29 191
29 206
29 249
29 259
30 49
30 83
30 131
30 139
31 32
31 50
31 86
31 129
31 135
31 152
31 156
31 169
31 249
31 291
31 293
31 295
31 305
32 64
32 67
32 102
32 134
32 162
32 168
32 176
32 210
32 220
32 276
32 290
32 302
33 42
33 69
33 100
33 107
33 131
33 135
33 136
33 148
33 152
33 154
33 167
33 263
34 118
34 128
34 156
34 185
34 193
34 241
34 243
34 244
34 276
35 88
35 144
35 180
35 247
35 304
36 41
36 69
36 102
36 111
36 209
36 261
37 129
37 156
37 193
37 200
37 233
37 248
38 50
38 73
38 87
38 102
38 260
38 292
39 82
39 136
39 213
39 286
40 54
40 60
40 145
40 156
40 162
41 206
42 104
42 133
42 196
42 286
43 155
43 157
43 193
43 201
43 229
43 241
43 308
44 73
44 133
44 179
44 226
44 254
45 54
45 110
45 130
45 133
45 134
45 135
45 145
45 157
45 176
45 188
45 265
45 269
46 62
46 98
46 109
46 134
46 136
46 142
46 206
46 217
46 225
46 237
46 253
47 110
47 131
47 156
47 204
47 287
47 288
47 311
48 92
48 94
49 102
49 104
49 131
49 181
50 89
50 119
50 195
50 209
50 288
50 295
51 59
51 87
51 103
51 200
51 255
52 75
52 84
52 134
52 180
52 276
53 157
53 273
54 88
54 130
54 133
54 140
54 154
54 200
54 215
54 230
55 105
55 112
55 117
55 130
55 169
55 287
55 314
56 101
56 133
56 154
56 173
56 191
56 254
56 294
56 304
57 58
57 75
57 134
57 220
58 156
59 62
59 64
59 91
59 103
59 136
59 188
59 210
59 219
59 235
59 240
59 311
60 118
60 133
60 135
60 143
60 149
60 152
60 180
60 252
60 285
60 287
60 305
61 133
61 207
61 223
61 244
61 261
61 269
62 74
62 252
62 285
62 288
62 304
63 97
63 126
63 266
63 281
63 286
64 67
64 103
64 258
64 276
64 295
64 311
65 86
65 119
65 151
65 181
65 201
65 240
66 109
66 140
66 161
66 272
66 286
66 288
66 304
67 90
67 110
67 166
67 200
67 220
67 236
67 279
67 285
68 84
68 130
68 135
68 204
68 213
68 298
68 315
69 180
69 297
70 103
71 206
71 210
72 260
72 271
72 275
73 116
73 126
73 129
73 130
73 303
74 92
74 118
74 134
74 140
74 144
74 191
74 196
74 239
74 249
74 301
75 97
75 100
75 129
75 130
75 209
76 88
76 156
76 162
76 224
76 275
77 117
77 137
77 167
77 279
77 287
77 313
78 103
78 130
78 134
78 175
78 193
78 196
79 157
79 283
79 302
80 86
80 92
80 128
80 133
80 156
80 227
80 234
80 275
81 101
81 114
81 133
81 231
82 262
83 91
83 103
83 127
83 130
83 132
83 134
83 210
84 220
85 88
85 129
85 182
85 299
86 135
86 157
86 166
86 304
87 105
87 180
87 181
87 239
87 242
87 244
87 275
87 298
88 98
88 134
88 197
88 278
88 297
89 93
89 124
89 193
89 220
90 124
90 160
90 186
90 200
90 206
90 220
90 230
90 305
91 159
91 295
92 234
92 284
92 286
92 303
93 206
93 292
94 134
94 234
95 104
95 156
95 193
95 200
95 220
95 273
95 298
95 307
96 151
96 160
97 103
97 130
97 134
97 167
97 177
97 178
97 249
97 263
97 288
98 131
98 156
98 222
98 293
98 295
99 143
99 148
100 133
101 115
101 133
101 167
101 218
102 103
102 136
102 157
102 159
102 167
102 174
102 288
102 298
103 129
103 154
103 194
103 222
103 278
103 287
104 115
104 121
104 131
104 191
104 210
104 215
104 231
104 292
105 118
105 128
105 130
105 135
105 181
106 115
106 134
106 167
106 178
106 232
106 244
106 310
107 131
107 133
107 193
107 210
108 177
108 219
108 258
108 278
109 268
109 295
110 127
110 175
110 218
110 259
110 297
110 315
111 136
111 206
111 269
112 133
112 156
112 191
112 200
112 269
113 181
113 193
113 217
114 166
114 223
114 297
115 172
115 239
115 243
115 244
115 250
115 312
116 237
116 243
117 255
117 259
117 260
118 129
118 131
118 148
118 246
118 287
118 314
120 217
120 267
120 298
122 148
122 199
122 217
122 249
122 276
123 156
123 248
124 130
124 147
124 162
124 200
124 205
124 208
124 210
124 218
124 257
124 264
125 182
126 135
126 167
127 251
128 129
128 131
128 135
128 175
128 206
128 271
129 130
129 133
129 156
129 177
129 184
129 187
129 196
129 200
129 214
129 215
129 231
129 238
129 283
129 288
129 290
129 299
130 135
130 138
130 141
130 149
130 161
130 173
130 199
130 211
130 214
130 224
130 238
130 239
130 259
130 272
130 273
130 274
130 282
130 293
130 314
131 133
131 147
131 160
131 175
131 180
131 206
131 233
131 242
131 276
131 281
131 285
131 288
131 291
131 309
131 315
132 133
132 195
132 241
132 245
132 286
133 135
133 152
133 208
133 214
133 235
133 266
133 287
133 288
133 306
133 308
134 156
134 167
134 173
134 174
134 180
134 188
134 232
134 236
134 239
134 258
134 266
134 268
134 274
134 286
134 294
134 304
135 173
135 180
135 181
135 188
135 205
135 219
135 222
135 232
135 239
135 257
135 280
135 285
135 303
136 174
136 182
136 191
136 201
136 219
136 286
136 301
137 138
137 150
137 210
137 276
137 298
138 160
138 188
138 218
138 232
138 296
139 210
140 149
140 157
140 159
140 180
140 194
140 288
140 296
141 167
141 216
141 231
141 285
142 160
142 269
144 186
144 216
144 273
145 154
145 283
146 148
147 288
148 159
148 176
148 191
148 231
148 233
149 193
149 287
149 288
150 210
150 223
150 228
151 249
151 283
152 154
152 191
152 275
152 286
153 156
154 155
154 220
154 264
155 165
155 200
156 180
156 201
156 222
156 249
156 287
157 174
157 196
157 215
157 216
157 220
157 270
157 272
157 287
157 290
157 298
157 310
158 184
158 215
160 297
161 201
161 283
161 287
162 191
162 192
162 233
162 236
162 310
164 167
164 174
164 212
164 260
165 279
166 249
166 255
166 257
167 180
167 194
167 200
167 215
167 216
167 233
167 258
167 271
168 229
171 188
172 210
172 290
173 180
173 266
173 286
174 204
174 224
176 206
177 182
178 203
179 207
179 223
179 284
179 294
179 314
180 219
180 235
180 242
181 197
181 205
181 220
181 304
182 183
182 219
182 288
184 292
185 200
185 206
185 210
186 298
188 208
188 211
188 224
188 249
188 260
188 269
188 288
188 308
190 249
190 303
191 219
191 245
191 249
191 257
192 292
193 200
193 211
193 231
193 240
193 287
195 216
196 197
196 233
197 208
197 284
200 229
201 313
202 266
204 232
205 220
205 249
205 290
205 304
206 220
206 230
206 269
206 293
210 211
210 220
210 242
210 247
211 216
211 298
212 231
213 222
213 302
214 265
214 276
215 232
215 283
216 285
217 231
217 258
217 268
218 239
218 301
219 272
220 245
220 261
220 265
222 230
224 243
224 271
224 293
224 298
224 304
226 294
228 288
229 286
230 275
230 286
230 293
231 287
232 243
233 240
233 265
233 287
233 298
234 276
235 270
237 281
238 255
238 271
240 258
240 265
241 243
241 287
242 277
242 298
242 305
243 262
243 287
245 246
248 288
249 270
249 288
249 289
258 281
258 304
259 268
261 305
264 287
264 292
268 286
272 304
278 287
279 289
279 295
281 309
287 288
292 315
296 303
297 298
302 303
