0 37
0 46
0 135
0 193
0 210
0 235
0 288
1 33
1 34
1 39
1 74
1 188
1 200
1 201
1 222
2 3
2 5
2 63
2 69
2 113
2 129
2 130
2 156
2 157
2 179
2 239
2 255
2 265
3 6
3 88
3 129
3 160
3 215
3 255
4 55
4 110
4 133
4 143
4 216
4 271
4 283
4 314
5 8
5 129
5 152
5 205
5 249
5 298
6 103
6 131
6 157
6 222
6 227
7 18
7 47
7 49
7 57
7 64
7 67
7 89
7 134
7 136
7 149
7 180
7 192
7 193
7 195
7 218
7 224
7 238
7 239
7 241
7 252
7 257
7 266
7 268
7 274
7 299
8 16
8 34
8 84
8 106
8 107
8 108
8 114
8 124
8 138
8 156
8 230
8 283
8 298
9 12
9 16
9 36
9 134
9 213
9 219
9 267
10 14
10 56
10 133
10 160
10 220
10 222
10 233
11 119
11 134
12 74
12 131
12 133
12 221
12 230
12 240
12 286
13 18
13 20
13 56
13 90
13 91
13 113
13 130
13 133
13 135
13 216
14 129
14 140
14 188
14 221
14 229
15 32
15 55
15 60
15 102
15 287
16 17
16 29
16 30
16 33
16 62
16 130
16 134
16 153
16 158
16 174
16 178
16 195
16 200
16 210
16 241
16 288
16 311
16 313
16 314
17 106
17 176
17 187
18 32
18 49
18 97
18 125
18 130
18 131
18 134
18 159
18 193
18 203
18 206
18 210
18 217
18 241
18 249
18 309
19 20
19 62
19 89
19 129
19 131
19 180
19 312
20 27
20 45
20 64
20 85
20 101
20 133
20 168
20 181
20 188
20 254
20 279
21 24
21 40
21 45
21 79
21 89
21 159
21 161
21 258
21 315
22 305
23 30
23 92
23 124
23 146
23 168
23 279
24 26
24 32
24 43
24 124
24 135
24 137
24 223
24 258
25 29
25 47
25 69
25 72
25 104
25 132
25 152
25 180
25 195
25 204
25 283
26 167
27 112
27 117
27 129
27 202
27 220
27 223
27 255
27 283
27 303
28 129
28 130
28 217
28 245
29 104
29 125
29 189
29 211
29 233
29 242
29 244
29 277
30 98
30 286
31 34
31 36
31 44
31 47
31 48
31 65
31 66
31 75
31 118
31 160
31 216
31 233
31 244
31 246
31 249
31 259
31 286
31 290
31 314
32 33
32 51
32 101
32 111
32 117
32 137
32 153
32 156
32 157
32 163
32 169
32 172
32 185
32 204
32 297
32 310
33 48
33 60
33 62
33 78
33 97
33 118
33 133
33 152
33 160
33 238
33 242
33 291
34 37
34 133
34 252
35 37
35 61
35 160
35 216
35 220
35 304
36 83
36 124
36 188
36 191
36 238
36 258
36 285
37 81
37 102
37 129
37 205
38 127
38 148
38 153
38 161
38 178
38 201
38 205
38 292
39 56
39 66
39 75
39 154
39 239
39 240
39 298
40 90
40 105
40 135
40 145
40 188
40 231
40 242
40 269
41 109
41 130
41 152
41 154
41 167
41 217
41 234
41 312
42 134
42 191
42 233
42 241
42 243
42 288
42 302
43 98
43 109
43 195
43 269
43 288
44 74
44 130
44 242
44 265
45 63
45 134
45 152
45 200
45 206
45 258
45 267
45 304
46 52
46 64
46 68
46 103
46 112
46 114
46 129
46 130
46 189
47 62
47 72
47 104
47 167
47 231
47 237
47 243
47 249
47 286
48 55
48 180
48 200
48 247
48 252
48 258
48 282
49 93
49 97
49 232
49 239
49 248
49 257
50 75
50 129
50 152
50 158
50 269
51 83
51 128
51 130
51 131
51 155
51 213
51 231
51 247
51 304
52 57
52 110
53 69
54 78
54 200
54 238
54 254
55 137
55 160
55 172
56 91
56 107
56 122
56 129
56 135
56 139
56 148
56 181
56 200
56 203
58 99
58 231
58 264
58 270
59 91
59 124
59 152
59 156
59 220
59 228
59 234
59 261
59 269
59 272
59 287
60 122
60 134
60 135
60 136
60 224
60 285
61 71
61 72
61 85
61 249
62 85
62 157
62 161
62 221
62 264
62 287
62 304
63 160
63 272
64 80
64 86
64 91
64 101
64 130
64 131
64 217
64 313
65 129
65 130
65 156
65 249
66 129
66 155
66 302
67 133
67 134
67 138
67 184
67 219
67 248
67 255
67 275
67 287
67 298
67 301
68 77
68 148
68 227
68 303
68 304
69 108
69 185
70 88
70 131
70 159
70 189
70 286
71 130
72 110
72 122
72 277
73 130
73 200
73 246
74 129
74 130
74 160
74 215
74 220
74 243
74 244
75 80
75 85
75 97
76 133
76 153
76 236
77 79
77 83
77 103
77 137
77 193
77 287
77 294
78 167
78 191
78 248
78 304
79 81
79 129
79 156
79 179
79 197
79 237
79 238
79 242
80 96
80 193
80 194
80 203
81 130
81 181
82 146
82 150
83 90
83 98
83 113
83 133
83 134
83 272
84 247
85 131
85 202
85 204
86 286
87 129
87 188
87 191
87 218
87 237
87 258
87 287
88 149
88 152
88 162
88 273
88 276
89 122
89 129
89 141
89 142
89 167
89 204
89 216
89 235
89 243
90 185
90 247
90 305
90 313
91 271
92 119
92 156
92 206
92 224
92 239
92 248
92 270
92 287
92 288
94 124
94 180
94 288
95 110
95 129
95 130
95 135
95 159
96 309
97 130
97 154
97 198
97 235
97 244
97 267
98 131
98 156
98 180
98 211
98 222
98 261
98 272
99 160
99 286
100 156
101 118
101 129
101 162
101 175
101 248
101 284
102 121
102 185
102 279
102 285
102 287
103 111
103 117
103 135
103 148
103 197
103 206
103 214
103 232
103 238
103 239
103 314
104 135
104 177
104 184
104 208
104 260
104 299
105 193
105 261
105 278
105 314
106 149
106 274
106 291
106 305
107 128
107 136
107 230
107 276
108 170
108 241
109 130
109 157
109 180
109 188
109 293
110 135
110 205
110 217
111 134
111 263
111 266
111 314
111 315
112 128
112 136
112 145
112 193
112 195
112 214
112 218
112 220
113 161
113 236
114 140
114 148
114 179
114 180
114 200
114 209
114 240
115 156
115 177
115 190
116 200
117 135
117 146
117 195
117 200
117 288
118 120
118 124
118 130
118 136
118 218
118 223
118 228
118 266
118 297
118 304
119 192
119 288
120 285
122 129
122 130
122 138
122 152
122 166
122 180
122 263
124 131
124 167
124 180
124 181
124 188
124 204
124 216
124 263
124 264
124 270
124 271
124 287
125 288
126 130
126 133
126 218
126 220
126 255
128 135
128 157
128 185
128 264
128 298
129 131
129 133
129 139
129 150
129 152
129 156
129 159
129 160
129 167
129 169
129 170
129 186
129 194
129 205
129 210
129 231
129 243
129 263
129 273
129 284
129 285
129 287
129 296
129 305
129 306
130 131
130 148
130 156
130 157
130 159
130 166
130 210
130 215
130 218
130 222
130 231
130 247
130 249
130 265
130 272
130 276
130 286
130 288
130 303
131 134
131 135
131 151
131 157
131 165
131 180
131 181
131 192
131 200
131 202
131 206
131 213
131 216
131 217
131 249
131 258
131 288
131 305
132 140
132 223
132 242
132 268
132 305
133 149
133 156
133 157
133 160
133 162
133 173
133 180
133 209
133 222
133 244
133 269
133 287
133 314
134 137
134 140
134 148
134 157
134 159
134 162
134 176
134 184
134 198
134 200
134 204
134 224
134 233
134 243
134 274
134 275
134 296
135 149
135 154
135 156
135 161
135 200
135 206
135 212
135 233
135 269
135 292
135 293
136 171
136 200
136 202
136 248
136 299
137 165
137 200
137 219
137 234
138 247
139 167
139 305
140 148
140 150
140 173
140 220
140 224
140 249
140 259
142 211
142 310
144 156
144 222
144 293
145 220
145 242
145 245
145 294
146 156
146 210
147 187
148 159
148 182
148 186
148 215
148 264
148 275
148 278
149 173
149 180
149 205
149 239
149 255
149 279
152 167
152 210
152 261
153 173
153 288
154 219
155 156
155 232
155 315
156 164
156 188
156 191
156 211
156 215
156 218
156 219
156 230
156 236
156 239
156 245
156 247
156 265
156 278
156 288
156 293
156 301
156 303
157 166
157 174
157 181
157 224
157 232
157 237
157 244
157 249
157 314
158 196
158 242
159 208
159 265
159 294
160 186
160 191
160 215
160 238
160 266
160 283
160 305
161 200
161 259
162 287
163 164
163 213
163 255
164 259
166 243
166 258
167 214
167 225
167 231
167 243
167 248
167 287
167 304
167 305
168 198
171 233
173 193
173 239
173 248
173 257
173 303
174 241
174 303
175 187
175 297
176 210
177 188
178 179
178 194
178 250
179 304
180 189
180 223
180 254
180 287
181 209
181 218
181 283
181 287
181 298
181 311
184 267
185 200
185 232
185 258
186 220
187 191
188 193
188 275
189 197
189 272
191 201
191 249
192 224
192 258
192 266
193 200
193 256
193 258
193 287
193 292
193 315
194 216
196 236
197 283
198 305
199 232
199 246
199 280
200 212
200 224
200 276
200 288
200 315
201 258
201 267
202 232
204 227
204 242
205 215
205 242
205 249
205 252
205 304
206 208
206 222
206 232
206 310
207 219
207 231
207 268
208 224
208 266
208 286
209 212
210 215
210 245
210 284
210 285
210 309
211 234
211 273
211 292
212 224
213 219
213 223
213 276
214 305
215 263
215 304
216 261
216 298
217 234
217 272
217 305
218 241
218 266
219 221
219 233
219 288
220 282
221 223
222 275
223 237
223 273
224 227
224 266
224 273
226 273
228 305
230 232
230 247
230 299
232 288
233 263
233 291
236 249
236 271
237 309
238 293
241 276
241 287
242 289
242 292
243 244
245 276
245 303
249 287
249 301
252 288
254 258
254 287
258 269
258 302
260 305
261 280
263 265
263 276
266 279
278 286
280 313
283 287
283 312
285 288
285 292
286 298
287 308
292 295
293 314
299 314
301 309
303 310
