0 2
0 60
0 162
0 184
0 242
1 2
1 22
1 76
1 157
1 173
1 220
2 3
2 31
2 36
2 37
2 45
2 59
2 60
2 113
2 137
2 167
2 172
2 174
2 231
2 248
2 273
2 278
3 5
3 64
3 118
3 130
4 17
4 33
4 49
4 287
4 302
5 79
5 110
5 122
5 130
5 133
5 135
5 140
5 148
5 167
5 184
5 239
5 278
5 291
6 16
6 19
6 30
6 75
6 121
6 131
6 133
6 150
6 181
6 233
6 283
6 299
6 313
7 8
7 96
7 106
7 120
7 173
7 196
7 266
7 274
7 283
7 285
7 287
7 296
8 59
8 64
8 94
8 150
8 213
8 257
8 292
8 307
9 31
9 60
9 144
9 149
9 156
9 182
9 195
9 213
9 245
9 283
10 133
10 157
10 172
10 247
10 280
11 36
11 129
11 252
12 43
12 46
12 51
12 129
12 131
12 133
12 239
13 69
13 131
13 164
13 188
13 229
13 247
13 309
14 25
14 49
14 120
14 122
14 124
14 129
14 152
14 165
14 214
14 263
15 29
15 51
15 54
15 62
15 79
15 117
15 239
15 304
16 21
16 31
16 39
16 45
16 50
16 65
16 74
16 92
16 109
16 122
16 129
16 133
16 160
16 180
16 210
16 214
16 216
16 217
16 237
16 239
16 252
17 46
17 62
17 157
17 185
17 198
17 216
17 224
18 66
18 95
18 123
18 157
18 158
18 235
18 311
19 23
19 133
19 142
19 156
19 184
19 288
20 24
20 29
20 92
20 134
20 148
20 167
20 222
20 241
21 103
21 150
21 182
22 23
22 101
22 157
22 159
22 220
23 34
23 80
23 142
23 210
24 45
24 92
24 130
24 222
24 252
25 118
25 210
25 234
25 245
25 286
27 31
27 40
27 295
28 156
28 242
28 299
29 60
29 193
29 242
29 291
29 292
30 46
30 107
30 131
30 152
30 222
30 252
30 283
31 34
31 49
31 103
31 110
31 128
31 129
31 148
31 162
31 179
31 180
31 188
31 193
31 200
31 201
31 206
31 220
31 265
31 272
31 288
32 95
32 129
32 130
32 135
32 136
32 188
32 197
32 200
32 205
32 256
32 285
32 287
32 307
33 45
33 47
33 86
33 114
33 115
33 117
33 120
33 129
33 151
33 152
33 162
33 164
33 174
33 180
33 218
33 273
34 55
34 103
34 118
34 185
35 94
35 126
35 133
35 180
35 242
35 314
36 87
36 112
36 129
36 134
36 176
37 148
37 286
38 45
38 81
38 157
38 269
39 117
39 118
39 129
39 160
39 183
40 49
40 133
40 305
41 48
41 71
41 101
41 111
41 133
41 165
41 223
41 231
41 240
41 273
41 298
41 309
42 109
42 136
42 164
42 205
42 242
42 307
43 108
43 122
43 283
44 96
44 129
44 163
44 241
44 242
44 258
44 283
45 94
45 110
45 118
45 129
45 133
45 135
45 269
45 284
46 83
46 156
46 160
46 179
46 205
46 206
46 240
46 265
46 269
46 272
46 273
46 278
46 283
46 288
47 81
47 114
47 135
47 257
47 283
48 51
48 105
48 134
48 157
48 278
49 118
49 204
49 218
49 260
49 273
49 275
49 292
50 74
50 124
50 129
50 134
50 145
50 146
50 157
50 176
50 200
51 64
51 73
51 161
51 187
51 218
51 229
51 249
51 287
53 158
53 210
53 249
54 75
54 173
54 205
54 208
55 64
55 102
55 103
55 106
55 122
55 167
55 175
55 218
55 226
55 266
56 135
56 162
56 270
56 305
57 102
57 230
58 60
58 129
58 307
59 68
59 69
59 93
59 103
59 129
59 145
59 152
59 189
59 231
59 236
59 277
59 286
59 287
59 299
60 131
60 134
60 136
60 149
60 156
60 193
60 210
60 243
60 255
60 294
61 135
61 207
61 230
61 290
61 301
62 76
62 80
62 128
62 130
62 153
62 168
62 197
62 265
63 80
63 306
64 91
64 110
64 134
64 218
65 96
65 250
66 81
66 140
66 262
66 296
67 87
67 145
67 156
67 176
67 182
67 188
67 191
68 92
68 101
68 145
68 155
68 177
68 197
68 210
68 223
68 229
68 242
68 246
68 252
68 261
69 105
69 117
69 143
69 267
69 292
70 72
70 129
72 221
72 277
72 285
73 106
73 118
73 152
73 179
73 230
73 288
74 117
74 131
74 135
74 234
74 267
74 271
74 297
75 137
75 148
75 152
75 244
76 94
76 102
76 130
76 195
76 211
76 258
76 287
77 152
77 180
77 239
77 299
78 133
79 98
79 110
79 135
79 184
79 203
79 270
79 288
80 106
80 113
80 122
80 129
80 134
80 217
80 234
80 276
80 292
81 102
81 276
81 288
82 90
83 258
85 100
85 135
85 149
86 135
86 219
86 287
87 95
87 157
87 179
88 102
88 288
89 113
89 133
89 138
89 140
89 156
89 288
89 304
90 287
91 258
91 291
92 122
92 166
92 172
92 193
92 287
93 208
93 230
94 231
94 244
95 131
95 214
95 238
95 287
96 102
96 169
96 174
96 178
96 203
96 215
96 302
97 101
97 171
97 184
97 201
97 215
97 220
97 272
97 281
98 122
98 134
98 136
98 149
98 180
98 206
98 224
98 275
98 287
98 294
99 118
99 133
100 146
100 202
101 130
101 213
102 115
102 130
102 154
102 206
102 264
102 278
103 127
103 130
103 131
103 152
103 154
103 157
103 166
103 220
103 248
103 309
104 117
104 130
104 131
104 164
104 180
104 206
104 231
104 249
104 292
105 114
105 128
105 157
105 200
105 206
105 240
106 134
106 153
106 232
106 237
106 281
107 131
107 216
107 287
107 315
108 134
108 242
108 248
108 283
108 301
109 131
109 133
109 148
109 174
109 192
109 289
110 129
110 133
110 135
110 168
110 191
110 201
110 238
110 251
111 148
111 215
111 287
112 229
113 157
113 181
114 305
114 306
115 135
116 118
116 136
117 147
117 220
117 249
117 286
118 134
118 159
118 168
118 190
118 195
118 206
118 210
118 244
118 245
118 249
120 231
120 234
120 296
121 131
121 135
121 148
121 247
121 277
122 124
122 131
122 136
122 150
122 215
122 239
122 269
123 144
123 157
123 276
124 135
124 158
124 179
124 180
124 266
124 287
124 305
125 220
126 129
127 144
127 164
128 131
128 154
128 210
128 223
128 251
128 255
129 132
129 162
129 163
129 167
129 171
129 175
129 179
129 181
129 185
129 205
129 218
129 220
129 254
129 265
129 276
129 301
130 131
130 134
130 138
130 140
130 142
130 145
130 156
130 164
130 190
130 191
130 213
130 227
130 234
130 237
130 247
130 267
130 304
130 312
131 134
131 142
131 149
131 152
131 180
131 194
131 215
131 217
131 219
131 237
131 241
131 250
131 257
131 260
131 268
131 278
131 279
131 287
131 298
131 304
131 312
132 154
132 211
133 134
133 138
133 139
133 140
133 148
133 150
133 156
133 159
133 164
133 174
133 179
133 199
133 219
133 224
133 258
133 260
133 275
133 276
133 281
133 287
133 298
134 135
134 136
134 141
134 145
134 153
134 156
134 184
134 188
134 192
134 201
134 208
134 210
134 217
134 219
134 264
134 281
134 286
134 287
134 288
134 305
135 143
135 146
135 148
135 167
135 211
135 212
135 218
135 220
135 246
136 140
136 148
136 193
136 195
136 213
136 239
136 286
137 210
138 152
138 161
138 201
138 287
138 289
139 185
139 192
139 241
140 153
140 200
140 218
140 249
140 260
140 268
140 298
141 252
142 271
144 239
144 302
145 177
145 193
145 197
145 198
145 217
145 269
145 284
145 286
146 156
146 157
148 173
148 197
148 201
148 220
148 278
148 293
149 156
149 158
149 204
149 233
149 302
150 309
151 208
151 233
152 218
152 239
152 290
153 195
154 200
154 205
154 212
154 214
154 265
154 275
154 309
155 209
156 160
156 181
156 193
156 204
156 207
156 236
156 237
156 255
156 267
156 270
156 271
156 287
156 305
156 311
157 158
157 189
157 215
157 249
157 260
157 261
158 266
158 284
159 208
159 237
160 243
161 205
161 268
161 303
162 167
162 174
162 186
162 199
162 223
165 232
165 296
166 167
166 276
167 180
167 203
167 205
167 216
167 229
167 236
167 237
167 245
167 247
167 284
168 249
171 220
171 294
172 186
172 220
172 285
172 287
173 275
173 279
173 304
174 223
174 224
174 275
175 309
176 272
177 180
177 188
177 223
177 285
178 193
179 180
179 205
179 207
179 270
180 239
180 249
180 266
181 193
181 308
181 314
183 283
185 246
186 252
187 240
187 260
187 288
188 204
188 259
191 269
192 199
192 288
192 305
193 206
193 249
193 298
193 302
193 308
194 204
195 283
195 286
197 214
197 286
199 309
200 216
200 224
200 226
200 249
200 286
200 290
201 236
201 242
204 285
206 303
208 211
208 242
208 276
208 294
209 216
209 217
209 220
209 298
210 275
210 277
210 287
210 296
212 267
213 242
214 217
215 275
216 232
216 258
216 301
217 279
218 248
218 261
218 285
218 287
219 262
220 267
220 311
224 225
224 226
224 279
227 264
227 281
229 282
229 306
230 270
231 232
231 246
231 288
233 249
233 252
237 304
238 244
241 293
242 279
243 269
244 252
244 271
244 275
245 247
248 287
249 304
258 266
259 273
267 301
267 304
268 303
270 289
272 286
272 307
274 286
276 283
278 296
279 286
284 286
286 293
286 296
287 298
290 315
293 314
294 296
294 306
296 314
298 307
304 310
307 309
