0 5
0 41
0 94
0 108
0 122
0 195
0 224
0 258
1 38
1 62
1 72
1 103
1 117
1 133
1 140
1 157
1 188
2 8
2 18
2 37
2 48
2 105
2 122
2 148
2 149
2 167
2 180
2 204
2 216
2 235
2 270
2 279
2 285
2 305
3 151
3 225
3 234
3 287
4 138
4 149
4 205
4 214
4 218
4 266
5 28
5 152
5 236
5 268
5 299
6 134
6 145
6 148
6 180
6 206
6 266
6 285
6 300
7 41
7 45
7 57
7 63
7 90
7 99
7 106
7 124
7 131
7 132
7 158
7 167
7 174
7 180
7 193
7 199
7 231
7 274
7 275
8 51
8 55
8 67
8 88
8 98
8 124
8 128
8 129
8 131
8 180
8 181
8 188
8 231
8 234
8 266
8 298
9 31
9 51
9 68
9 71
9 133
9 157
9 217
10 129
10 149
10 184
11 273
11 281
12 13
12 46
12 48
12 129
12 131
12 188
12 219
12 223
12 233
12 272
12 287
12 296
13 40
13 73
13 180
13 219
14 36
14 108
14 131
14 213
14 219
15 50
15 76
15 106
15 157
15 161
15 162
15 179
15 206
15 207
15 220
15 269
15 276
16 32
16 50
16 60
16 87
16 94
16 101
16 111
16 113
16 118
16 122
16 129
16 131
16 134
16 135
16 145
16 154
16 156
16 201
16 204
16 217
16 239
16 252
17 64
17 87
17 97
17 103
17 109
17 127
17 141
17 248
17 310
18 62
18 117
18 124
18 145
18 164
18 299
19 32
19 44
19 78
19 160
19 219
20 55
20 130
20 157
20 162
20 230
20 303
21 75
21 136
21 287
22 46
22 62
22 95
22 229
23 36
23 90
23 106
23 136
24 40
24 134
24 135
24 138
24 205
24 210
24 219
25 46
25 51
25 129
25 200
25 240
25 247
25 269
26 44
26 159
27 33
27 62
27 88
27 108
27 292
28 57
28 150
28 241
29 36
29 50
29 67
29 174
29 286
30 134
30 142
30 157
30 180
30 218
30 238
31 54
31 58
31 65
31 68
31 89
31 99
31 110
31 204
31 232
31 240
31 247
31 260
31 285
31 294
31 301
32 45
32 56
32 76
32 79
32 95
32 103
32 110
32 121
32 136
32 147
32 149
32 152
32 171
32 184
32 192
32 193
32 199
32 200
32 244
32 268
33 37
33 40
33 43
33 66
33 89
33 156
33 188
33 216
33 224
33 239
33 250
33 258
33 278
33 298
33 299
33 304
33 310
34 117
34 269
35 52
35 171
35 179
35 255
35 280
35 288
36 83
36 130
36 144
36 214
36 239
36 276
36 309
37 72
37 143
37 145
38 91
38 122
38 294
39 136
39 222
39 281
39 299
40 65
40 117
40 131
40 188
40 200
40 231
40 285
41 49
41 99
41 135
41 180
41 207
41 238
42 46
42 58
42 64
42 96
42 106
42 145
42 214
42 269
42 274
43 195
43 199
43 273
44 91
44 159
44 182
44 193
44 206
44 221
45 96
45 103
45 129
45 139
45 143
45 180
45 210
45 234
45 284
45 311
46 49
46 51
46 80
46 127
46 130
46 131
46 135
46 136
46 148
46 157
46 203
46 210
46 223
46 260
46 314
47 66
47 73
47 87
47 115
47 136
47 199
47 210
47 228
47 267
47 275
48 50
48 193
48 219
48 247
48 268
49 120
49 130
49 157
49 187
49 195
49 200
50 94
50 97
50 130
50 136
50 204
50 270
50 285
51 56
51 59
51 76
51 94
51 103
51 122
51 135
51 149
51 153
51 286
52 102
52 223
53 93
54 77
54 134
54 144
54 160
54 249
55 87
55 130
55 259
56 117
56 130
56 131
56 156
56 220
57 60
57 83
57 124
57 192
57 233
59 66
59 67
59 79
59 105
59 110
59 132
59 133
59 140
59 142
59 170
59 189
59 217
59 219
59 255
59 266
59 295
59 297
59 309
60 113
60 145
60 171
60 217
60 258
60 271
61 135
61 193
61 208
61 232
61 252
61 292
62 129
62 209
62 275
62 297
63 76
63 129
63 216
63 232
64 135
64 185
64 206
64 220
64 239
65 107
65 276
66 144
66 174
66 221
66 247
67 74
67 80
67 87
67 101
67 135
67 141
67 164
67 193
67 206
67 218
67 227
67 233
67 286
67 307
68 129
68 136
68 149
68 189
68 277
69 145
71 255
72 162
72 212
72 283
72 288
73 183
74 97
74 134
74 164
74 188
74 200
74 239
74 286
74 290
75 86
75 115
75 119
75 129
75 145
75 207
76 132
76 247
76 305
77 129
77 134
77 143
77 145
77 171
77 180
77 210
78 130
78 135
78 167
78 206
78 244
78 250
78 305
79 87
79 105
79 124
79 131
79 139
79 162
79 280
80 107
80 314
81 131
81 156
81 230
82 104
83 130
83 142
83 242
84 142
85 124
85 140
85 175
85 223
85 232
86 120
86 156
86 162
86 310
87 91
87 98
87 136
87 205
87 284
88 130
89 246
89 285
89 312
90 104
90 160
91 104
91 111
91 133
91 135
91 137
91 156
92 172
92 180
92 181
92 210
92 234
92 238
92 264
92 274
92 314
93 136
93 145
94 105
94 173
95 112
96 130
96 167
96 228
96 239
96 285
96 303
97 173
97 210
97 229
97 240
98 126
98 181
98 197
98 224
99 118
99 122
99 135
100 118
100 150
100 156
100 226
101 142
101 157
101 205
101 272
101 301
101 304
102 138
102 160
102 162
102 200
102 238
102 289
103 106
103 167
103 175
103 200
103 220
103 237
103 238
103 242
103 271
103 273
104 105
104 123
104 129
104 146
104 153
104 181
104 197
104 222
105 128
105 135
105 158
106 121
106 233
107 110
107 122
107 130
107 134
107 173
108 110
108 217
109 110
109 210
110 134
110 206
110 269
110 276
110 283
110 294
110 298
112 136
112 286
113 161
114 252
115 129
115 246
116 131
117 133
117 180
117 195
117 204
117 288
117 293
118 154
118 188
118 200
118 209
118 220
118 281
118 283
119 287
120 152
120 310
121 143
121 148
121 157
121 263
122 140
122 167
122 202
122 224
122 232
122 252
122 279
122 286
122 287
122 313
123 171
123 292
124 130
124 140
124 150
124 156
124 185
124 188
124 208
124 217
124 223
124 233
125 188
126 296
127 233
127 279
128 131
128 133
128 148
128 184
129 132
129 133
129 134
129 150
129 158
129 159
129 160
129 177
129 205
129 210
129 239
129 244
129 250
129 255
129 264
129 267
129 276
129 279
129 285
129 287
129 292
129 309
130 134
130 141
130 185
130 200
130 208
130 212
130 233
130 239
130 241
130 245
130 248
130 249
130 252
130 269
130 288
130 293
130 310
131 157
131 158
131 165
131 190
131 204
131 211
131 216
131 229
131 230
131 235
131 244
131 246
131 278
131 295
131 307
132 135
132 303
133 149
133 156
133 160
133 172
133 181
133 185
133 193
133 200
133 203
133 204
133 210
133 215
133 222
133 230
133 232
133 250
133 257
133 270
133 276
133 286
133 287
133 288
133 312
134 140
134 149
134 201
134 205
134 223
134 249
134 258
134 267
134 268
134 281
134 286
134 288
134 308
135 141
135 157
135 180
135 200
135 211
135 214
135 233
135 234
135 239
135 243
135 255
135 289
135 302
136 140
136 145
136 172
136 191
136 200
136 201
136 233
136 239
136 250
136 257
136 264
136 275
136 278
136 304
137 159
137 257
137 287
138 140
138 156
138 220
139 260
140 188
140 202
140 213
140 227
140 252
141 159
142 149
142 168
142 174
142 182
142 191
142 233
142 285
143 216
144 281
145 200
145 261
146 157
146 217
146 286
146 288
147 216
147 241
148 149
148 174
148 200
148 215
148 218
148 261
148 275
149 154
149 156
149 269
149 287
150 156
150 157
150 213
150 235
150 288
151 195
152 165
152 232
152 261
152 276
152 281
152 300
153 197
153 215
154 157
154 207
154 258
154 279
156 164
156 185
156 193
156 199
156 209
156 238
156 241
156 245
156 247
156 249
156 252
156 265
156 297
156 302
157 200
157 221
157 222
157 232
157 241
158 225
158 249
159 177
159 255
159 258
160 241
160 265
160 292
160 308
161 242
162 171
162 208
162 212
162 214
162 263
163 227
164 223
164 279
164 304
165 244
166 288
167 194
167 206
167 218
167 233
167 241
167 266
167 283
168 198
168 277
169 275
172 188
172 220
173 215
174 177
174 191
176 232
176 258
177 200
177 271
178 188
178 214
178 219
178 235
179 230
179 242
179 245
180 200
180 212
180 242
180 245
180 285
180 286
180 287
180 304
181 287
182 220
182 237
183 191
183 307
184 218
184 224
184 288
188 250
188 278
188 293
188 313
189 209
189 269
189 300
190 304
191 201
191 217
191 272
192 288
192 304
193 202
193 204
193 220
193 227
193 241
193 303
194 199
194 208
194 211
195 262
196 283
197 220
198 283
201 209
201 248
201 281
204 220
205 215
205 229
205 270
205 275
205 296
205 301
209 272
210 214
210 255
210 258
210 260
210 265
210 281
210 288
210 297
210 299
211 258
211 288
211 302
211 303
212 307
213 247
213 287
214 220
214 305
215 252
215 267
215 314
216 285
218 225
219 303
220 239
220 282
220 294
221 315
222 279
222 281
222 313
223 272
224 226
226 314
228 288
230 233
230 239
230 261
230 264
231 249
231 303
231 304
231 308
232 287
233 239
233 245
234 255
234 272
238 258
238 271
239 267
239 281
239 295
240 292
241 301
241 314
243 266
248 288
249 263
249 276
249 287
251 273
252 287
256 279
258 265
258 298
260 284
261 276
261 305
265 303
268 285
269 299
275 283
275 296
284 294
285 286
286 290
286 298
286 311
286 314
287 305
287 309
288 299
