0 8
0 242
0 311
1 18
1 70
1 98
1 124
1 192
1 217
1 220
2 25
2 41
2 89
2 97
2 103
2 106
2 107
2 118
2 133
2 162
2 167
2 188
2 193
2 219
2 249
2 271
2 289
2 304
3 45
3 140
3 173
3 202
3 291
4 59
4 79
4 98
4 124
4 131
4 135
4 171
4 197
4 200
4 204
5 44
5 80
5 275
5 276
5 281
6 46
6 54
6 60
6 116
6 173
6 180
6 312
7 16
7 32
7 62
7 68
7 81
7 83
7 112
7 135
7 148
7 156
7 167
7 177
7 181
7 201
7 205
7 220
7 232
7 245
7 264
7 303
7 310
8 18
8 25
8 73
8 77
8 113
8 134
8 139
8 157
8 188
8 219
8 230
8 264
8 274
9 15
9 17
9 24
9 72
9 97
9 130
9 131
9 243
10 124
10 133
10 167
10 239
11 134
11 182
12 34
12 55
12 59
12 79
12 101
12 102
12 129
12 135
12 167
12 177
12 180
12 206
13 87
13 133
13 140
13 230
13 243
13 287
13 310
14 19
14 33
14 39
14 84
14 92
14 110
14 193
14 214
14 250
14 271
14 286
14 303
15 251
16 23
16 31
16 34
16 62
16 134
16 138
16 139
16 148
16 152
16 156
16 157
16 206
16 221
16 223
16 231
16 242
16 287
16 291
16 308
17 27
17 56
17 67
17 156
17 194
18 68
18 128
18 133
18 135
18 167
18 185
18 189
18 192
18 206
18 234
18 244
18 271
18 275
18 284
18 304
19 62
19 132
19 303
20 36
20 38
20 131
20 134
20 150
20 170
20 269
20 281
20 315
21 95
21 129
21 288
22 38
22 212
22 220
23 62
23 88
23 136
23 149
23 157
23 282
24 61
24 62
24 133
24 135
24 149
24 195
24 264
25 59
25 79
25 118
25 130
25 131
25 195
25 206
25 290
26 50
26 263
27 77
27 130
27 138
27 200
27 251
28 98
28 208
28 249
28 251
29 135
29 156
29 213
30 48
30 130
30 135
30 285
30 287
31 35
31 72
31 95
31 101
31 110
31 133
31 158
31 196
31 211
31 213
31 247
31 278
31 286
32 34
32 44
32 55
32 102
32 117
32 210
32 249
32 303
33 50
33 67
33 70
33 75
33 130
33 135
33 136
33 162
33 180
33 238
33 255
33 276
33 309
34 75
34 81
34 110
34 124
34 133
34 138
34 165
34 182
34 213
34 273
34 286
35 60
35 169
35 205
35 220
35 309
36 201
36 238
37 131
37 134
37 155
37 197
37 233
38 73
38 131
38 133
38 136
38 204
38 223
38 304
39 46
39 101
39 134
39 200
40 69
40 110
40 116
40 180
40 249
41 148
41 193
41 241
41 244
41 246
42 126
42 133
42 136
42 201
42 305
43 129
43 231
43 237
43 241
43 286
44 45
44 49
44 135
44 200
44 308
45 50
45 76
45 110
45 135
45 165
45 263
45 273
45 285
45 297
46 62
46 88
46 109
46 131
46 135
46 179
46 260
46 266
46 293
46 303
47 62
47 78
47 102
47 136
47 156
47 193
47 203
47 206
47 217
48 133
48 299
49 96
49 101
49 124
49 135
49 145
49 153
49 159
49 210
49 217
49 240
49 250
50 59
50 150
50 193
50 201
50 211
50 218
50 249
50 268
50 303
51 74
51 104
51 133
51 136
51 148
51 162
51 216
51 250
51 293
51 308
52 154
52 297
54 61
54 88
54 118
54 123
54 135
54 149
54 229
54 230
54 315
56 60
56 98
56 132
56 133
56 201
56 217
56 261
57 83
57 87
57 223
57 238
57 245
58 68
58 102
58 130
58 148
59 75
59 95
59 118
59 133
59 175
59 179
59 180
59 185
59 193
59 198
59 245
59 282
59 284
59 303
60 64
60 104
60 128
60 133
60 215
60 308
61 97
61 293
62 67
62 89
62 128
62 135
62 136
62 220
62 224
62 241
62 265
62 287
63 64
63 90
63 137
63 157
63 216
63 264
63 277
64 116
64 118
64 130
64 132
64 136
64 215
64 232
64 276
64 284
65 129
65 131
65 172
65 201
66 129
66 130
66 134
66 193
66 265
66 273
67 73
67 98
67 154
67 156
67 157
67 158
67 214
67 248
67 271
68 146
69 285
70 121
70 133
70 160
70 238
70 275
71 129
71 162
72 104
72 130
72 134
72 220
72 313
73 98
73 124
73 129
73 133
73 135
74 114
74 123
74 124
74 156
74 161
74 172
74 180
74 181
74 216
74 224
74 286
74 301
74 302
75 95
75 121
75 124
75 135
75 140
75 159
75 166
75 184
75 191
75 205
75 219
76 104
76 121
76 182
76 210
76 213
77 97
77 103
77 141
77 176
77 205
79 90
79 204
79 242
79 244
79 271
80 118
80 130
80 169
80 174
80 187
80 205
80 232
80 243
81 95
81 129
81 287
83 180
83 249
83 266
83 279
84 148
84 245
84 272
85 119
85 129
85 152
85 202
85 221
85 252
85 275
86 158
86 242
86 288
87 122
87 129
87 135
87 162
87 206
87 264
88 162
88 172
88 223
88 251
88 309
89 109
89 115
89 134
89 218
89 287
91 184
92 131
92 133
92 143
92 217
92 303
92 313
94 121
94 238
94 302
94 304
95 133
95 151
95 156
95 173
95 185
96 103
96 134
96 192
97 124
97 127
97 169
97 198
97 203
97 216
97 224
97 230
97 239
97 244
98 100
98 134
98 136
98 180
98 195
98 217
98 220
98 270
98 288
99 106
99 242
99 250
100 218
100 285
101 106
101 108
101 124
101 131
101 148
101 151
101 235
102 114
102 134
102 142
102 156
102 180
102 181
103 109
103 113
103 114
103 118
103 124
103 130
103 160
103 249
103 267
103 269
104 161
104 197
104 199
104 212
105 113
105 130
105 135
105 181
105 286
106 132
106 156
106 204
106 260
106 278
106 287
107 288
108 131
108 204
108 224
108 255
109 130
109 156
109 242
109 245
110 142
110 145
110 152
110 157
110 167
110 210
110 218
111 206
112 136
112 145
112 217
112 233
112 307
113 242
113 267
114 124
114 135
114 200
115 263
115 301
116 196
116 303
117 127
117 131
117 172
117 180
117 196
117 220
117 233
117 241
118 131
118 158
118 231
118 312
119 134
119 135
119 303
120 156
120 188
120 298
121 212
121 214
121 261
122 149
122 182
122 215
122 244
123 131
123 217
123 234
123 279
124 142
124 148
124 160
124 167
124 188
124 192
124 193
124 211
124 236
124 249
124 274
126 144
126 269
127 134
127 180
127 246
127 281
127 288
127 298
128 156
128 173
129 131
129 133
129 136
129 143
129 163
129 166
129 167
129 191
129 194
129 200
129 202
129 208
129 219
129 230
129 235
129 237
129 244
129 248
129 261
129 303
130 133
130 135
130 138
130 139
130 168
130 191
130 209
130 214
130 218
130 221
130 223
130 239
130 241
130 242
130 244
130 269
130 283
130 286
130 291
131 135
131 157
131 158
131 159
131 167
131 184
131 206
131 215
131 217
131 239
131 248
131 268
131 277
131 296
131 300
132 133
132 145
132 153
132 247
132 295
133 156
133 161
133 178
133 211
133 215
133 255
133 284
133 304
133 315
134 135
134 136
134 137
134 156
134 164
134 177
134 179
134 197
134 203
134 216
134 222
134 223
134 227
134 255
134 277
134 304
135 142
135 146
135 156
135 157
135 164
135 179
135 193
135 205
135 223
135 233
135 285
135 290
136 145
136 148
136 190
136 231
136 241
136 265
136 278
136 283
136 284
136 286
137 167
137 179
137 258
137 306
138 156
138 191
138 287
138 293
139 154
140 173
140 218
140 224
140 249
140 286
142 148
142 168
142 275
143 152
143 164
144 193
144 293
145 153
146 181
147 148
148 154
148 173
148 188
148 193
148 220
148 235
148 285
148 304
149 156
149 158
149 160
149 188
149 192
149 257
149 267
149 275
149 277
150 216
150 218
151 162
151 185
151 206
152 153
152 162
152 194
152 200
152 258
153 162
153 165
153 166
153 200
153 252
154 158
154 174
154 220
155 157
156 159
156 162
156 180
156 206
156 221
156 224
156 231
156 266
156 287
157 177
157 185
157 261
157 304
157 307
158 292
159 249
159 275
159 289
159 291
160 167
160 172
161 269
162 261
162 287
164 195
164 284
164 287
164 310
165 232
165 275
166 272
167 193
167 222
167 239
167 260
167 279
167 285
168 180
168 295
169 185
169 248
171 233
171 298
173 239
174 200
174 215
174 263
174 296
177 276
178 192
179 285
179 288
180 188
180 189
180 222
180 239
180 242
180 248
180 263
180 313
182 267
185 223
185 230
185 241
185 246
185 298
187 286
188 206
188 229
188 232
188 266
188 273
188 276
188 280
190 269
191 229
191 252
191 272
193 238
193 259
193 273
193 285
193 294
193 311
194 224
194 239
201 208
204 215
204 278
204 310
206 210
206 291
206 298
208 210
208 214
208 249
208 281
209 238
209 305
210 239
210 245
210 261
210 283
210 286
210 303
212 242
213 223
214 239
214 266
215 258
215 291
216 220
217 227
217 248
217 249
218 291
220 234
220 255
220 299
220 305
223 233
224 264
224 293
225 249
230 256
232 287
233 288
233 309
235 268
236 284
238 288
238 312
239 267
239 296
239 304
240 288
241 267
241 269
241 286
242 258
242 263
242 266
243 308
245 249
245 276
245 293
249 253
249 272
249 278
249 283
249 285
249 303
249 306
252 285
252 298
253 287
258 287
258 314
260 310
261 281
262 271
269 285
271 286
272 287
273 313
277 289
287 299
288 303
288 314
289 305
