0 105
0 157
1 52
1 113
2 34
2 45
2 47
2 83
2 88
2 94
2 124
2 135
2 173
2 175
2 210
2 249
2 257
2 268
2 286
2 308
3 276
4 76
4 112
4 192
4 287
5 41
5 60
5 71
5 81
5 140
5 225
5 266
5 288
5 311
6 9
6 131
6 252
6 315
7 8
7 14
7 47
7 104
7 115
7 133
7 146
7 171
7 184
7 186
7 205
7 247
7 272
7 287
8 26
8 28
8 59
8 70
8 75
8 89
8 103
8 130
8 133
8 136
8 141
8 157
8 159
8 188
8 219
8 239
8 242
8 252
8 289
9 20
9 103
9 135
9 174
9 239
9 278
9 285
10 130
10 156
10 161
10 167
11 50
11 174
11 205
11 236
11 258
12 21
12 26
12 28
12 32
12 50
12 72
12 74
12 81
12 129
12 167
12 296
13 32
13 65
13 92
13 110
13 132
13 135
13 142
13 149
13 163
13 242
13 252
13 276
14 31
14 88
14 106
14 108
14 131
14 136
14 148
14 164
14 167
14 192
14 212
14 279
14 303
14 304
15 56
15 96
15 128
15 136
15 138
15 156
15 169
15 232
15 235
15 272
16 60
16 62
16 106
16 107
16 118
16 129
16 151
16 153
16 177
16 210
16 217
16 240
16 249
16 268
16 272
16 295
16 304
17 31
17 95
17 110
17 148
17 157
17 281
18 56
18 118
18 180
18 214
18 272
19 55
19 74
19 129
19 149
19 154
19 212
19 217
20 49
20 59
20 92
20 106
20 117
20 134
20 156
20 172
20 186
20 200
20 220
20 249
21 97
21 129
21 299
21 315
22 97
22 135
22 268
23 129
23 314
24 73
24 130
24 220
25 33
25 98
25 138
25 156
25 200
26 81
26 171
26 241
27 78
27 107
27 136
27 224
27 250
28 55
28 62
28 133
28 148
28 150
28 241
28 250
28 273
28 286
28 287
29 57
29 101
29 128
29 131
29 197
30 194
30 266
31 45
31 63
31 118
31 133
31 135
31 137
31 156
31 160
31 180
31 191
31 193
31 210
31 223
31 246
31 252
31 286
31 310
32 51
32 80
32 114
32 129
32 131
32 134
32 147
32 177
32 188
32 198
32 239
32 242
32 273
32 289
32 298
33 41
33 105
33 117
33 120
33 121
33 129
33 131
33 161
33 180
33 211
33 230
33 250
33 284
33 286
33 293
34 45
34 86
34 102
34 107
34 128
34 133
34 134
34 139
34 157
35 40
35 46
35 59
35 122
35 134
35 149
35 152
35 156
35 217
35 278
35 292
36 48
36 148
36 298
37 48
37 83
37 124
37 148
37 218
37 219
37 233
37 240
37 265
38 77
38 103
38 104
38 154
38 210
38 219
39 40
39 69
39 76
39 91
39 130
39 134
39 220
39 249
39 287
40 87
40 158
40 193
40 275
41 107
42 63
42 80
42 106
42 129
42 130
42 136
42 167
42 220
42 266
42 313
43 45
43 133
43 135
43 147
43 157
43 215
43 220
43 234
44 130
44 131
44 185
44 193
45 47
45 170
45 179
45 180
45 193
45 206
45 248
45 279
45 305
46 122
46 206
46 243
46 266
46 275
46 288
47 80
47 104
47 123
47 178
47 258
47 272
47 287
48 92
48 117
48 129
48 163
48 263
49 85
49 133
49 182
49 185
49 211
50 60
50 61
50 129
50 134
50 169
50 192
50 193
50 271
50 272
50 288
51 131
51 133
51 163
51 165
51 179
51 266
51 287
52 56
52 156
52 286
53 133
53 184
54 67
54 117
54 166
54 193
54 220
55 61
55 205
56 61
56 67
56 84
56 142
56 206
56 280
57 130
57 186
58 92
58 133
59 66
59 101
59 103
59 130
59 138
59 184
59 200
59 209
59 211
60 130
60 140
60 150
60 160
60 172
60 174
60 201
60 220
60 288
61 103
61 129
61 150
61 154
61 210
61 243
62 157
62 297
63 76
63 117
63 160
64 65
64 205
64 211
64 287
64 293
64 315
65 147
66 134
66 188
67 129
67 135
67 175
67 217
67 238
67 255
67 282
67 309
68 130
68 131
68 195
68 215
68 230
68 303
69 110
69 184
69 239
70 75
70 89
70 103
70 130
70 294
71 168
71 229
71 245
71 275
72 74
72 124
72 169
72 233
72 308
73 134
73 135
73 142
73 160
73 164
73 209
74 109
74 115
74 123
74 131
74 160
74 167
74 181
74 196
74 210
74 299
75 101
75 129
75 216
75 239
75 285
76 80
76 188
76 268
77 102
77 134
77 152
77 304
78 130
78 131
78 167
78 196
78 218
78 220
78 304
79 239
80 82
80 86
80 97
80 112
80 129
80 152
80 209
80 272
80 278
80 285
80 311
81 94
81 124
81 135
81 174
82 308
83 85
83 286
84 129
85 91
85 104
85 152
85 156
85 272
85 309
86 90
86 136
86 143
86 145
87 91
87 114
87 130
87 132
87 140
87 249
87 273
87 305
88 224
89 91
89 124
89 137
89 138
89 247
89 287
90 118
90 169
91 111
92 94
92 160
92 178
92 288
93 121
94 98
94 195
94 242
94 261
94 266
94 287
94 294
95 157
95 200
96 99
96 135
96 144
96 167
97 129
97 135
97 180
97 280
98 120
98 129
98 130
98 134
98 220
98 242
98 254
98 296
98 301
99 102
99 166
99 247
100 220
100 285
101 118
101 134
101 136
101 157
101 224
101 239
101 247
101 267
101 311
102 132
102 159
102 200
102 211
102 212
102 224
102 246
102 249
103 111
103 117
103 129
103 130
103 133
103 140
103 164
103 185
103 217
103 239
103 284
103 287
103 303
103 305
104 106
104 112
104 118
104 129
104 188
104 224
104 285
104 310
105 120
105 191
105 230
105 272
105 287
105 301
106 140
106 172
106 186
106 280
106 286
107 136
107 137
107 145
107 199
107 255
108 111
108 156
108 215
108 303
109 122
109 123
109 147
110 115
110 129
110 131
110 132
110 136
110 156
110 157
110 224
110 249
110 285
110 303
111 159
111 299
112 124
112 159
112 212
114 115
114 118
114 135
114 174
114 191
114 214
114 296
114 297
114 301
114 315
115 131
115 142
115 151
115 154
115 242
115 249
115 304
116 182
116 223
117 249
117 298
118 198
118 279
119 156
119 160
120 180
120 220
120 261
120 272
120 276
121 134
121 142
121 151
121 180
121 258
122 148
122 176
122 313
122 314
123 220
123 274
123 284
123 293
124 128
124 129
124 133
124 136
124 150
124 159
124 180
124 225
124 242
124 268
124 288
126 130
127 130
127 168
127 193
128 136
128 191
128 205
128 210
128 265
128 288
128 307
129 136
129 142
129 145
129 159
129 189
129 199
129 215
129 220
129 224
129 231
129 241
129 245
129 247
129 254
129 259
129 260
129 286
129 287
129 291
129 298
129 302
129 305
130 134
130 140
130 149
130 151
130 152
130 154
130 156
130 161
130 167
130 169
130 180
130 188
130 206
130 209
130 237
130 239
130 256
130 266
130 267
130 270
130 272
130 278
130 283
130 287
130 288
130 304
130 314
131 133
131 148
131 159
131 163
131 174
131 180
131 193
131 197
131 199
131 223
131 268
131 271
131 303
131 304
131 308
132 134
132 161
132 167
132 210
132 212
132 294
133 134
133 150
133 167
133 169
133 172
133 193
133 211
133 216
133 287
133 288
133 293
133 309
134 142
134 161
134 169
134 180
134 184
134 197
134 206
134 213
134 227
134 236
134 237
134 249
134 254
134 287
134 294
134 307
135 138
135 156
135 160
135 163
135 180
135 197
135 205
135 212
135 243
135 249
135 267
135 269
135 271
135 273
135 283
136 137
136 138
136 145
136 157
136 172
136 180
136 205
136 222
136 255
137 154
137 229
137 248
137 276
138 239
138 252
138 284
139 182
139 311
140 227
140 290
141 148
141 303
142 149
143 145
144 156
145 181
145 192
145 207
145 245
145 255
145 279
146 206
146 273
147 302
148 152
148 167
148 199
148 243
148 251
148 286
148 289
148 293
149 220
149 227
150 228
150 262
151 184
152 164
152 188
152 205
152 236
152 278
153 200
153 258
153 287
154 270
154 302
155 180
156 191
156 220
156 224
156 244
156 273
156 309
157 168
157 252
157 298
157 312
158 184
158 287
159 193
159 264
160 208
160 233
160 260
162 199
162 232
164 213
164 220
165 214
166 211
166 252
167 224
167 242
167 251
168 245
168 256
171 218
172 193
173 179
173 184
173 224
174 202
174 239
174 305
175 178
176 288
178 219
179 188
179 195
179 238
179 255
179 286
180 185
180 206
180 220
180 245
180 247
180 263
180 265
180 266
180 287
180 290
180 294
180 311
181 254
181 276
182 214
182 238
182 274
182 276
182 308
182 310
184 220
184 298
185 193
186 263
187 237
188 270
188 292
188 301
190 226
191 231
191 267
192 287
193 196
193 245
193 273
193 284
193 293
195 243
196 232
197 215
197 218
197 244
197 248
198 212
198 253
200 212
200 232
200 249
201 239
201 267
201 272
202 241
204 264
204 287
204 289
204 298
205 235
205 239
206 241
206 271
206 295
208 249
208 287
208 299
208 315
210 212
210 219
211 283
212 224
212 258
213 249
213 255
215 291
216 304
217 248
217 281
219 284
220 229
220 238
220 241
220 242
220 260
220 266
221 266
221 288
224 292
224 310
229 249
229 290
230 302
231 273
231 276
232 272
232 286
232 287
233 242
233 262
233 300
235 270
236 273
238 242
238 287
239 242
239 295
241 268
241 296
242 290
242 309
243 264
245 304
249 285
249 295
249 305
252 272
258 308
260 307
266 308
267 273
267 280
267 284
267 293
267 309
271 309
274 305
275 281
276 295
283 287
283 288
283 296
285 287
286 288
295 307
303 307
