0 24
0 74
0 115
0 179
0 288
1 9
1 37
1 83
1 140
1 258
2 3
2 15
2 32
2 45
2 46
2 88
2 102
2 124
2 135
2 160
2 180
2 196
2 206
2 219
2 224
2 268
3 6
3 7
3 16
3 47
3 130
3 305
4 36
4 95
4 139
4 167
4 198
4 202
4 204
4 239
4 241
4 303
5 46
5 62
5 129
5 156
5 157
6 16
6 47
6 102
6 134
7 18
7 28
7 64
7 70
7 100
7 111
7 120
7 124
7 136
7 138
7 210
7 241
7 248
8 32
8 45
8 47
8 75
8 94
8 105
8 124
8 131
8 138
8 180
8 193
8 212
8 216
8 220
8 241
8 261
9 12
9 21
9 129
9 130
9 137
9 156
9 220
9 278
10 129
10 133
10 273
10 287
11 76
11 104
11 137
11 255
11 301
12 22
12 76
12 105
12 117
12 124
12 126
12 149
12 205
12 267
13 32
13 87
13 131
13 133
13 257
13 279
13 304
14 15
14 44
14 55
14 106
14 130
14 288
15 29
15 33
15 81
15 130
15 232
16 18
16 19
16 23
16 33
16 55
16 62
16 73
16 129
16 139
16 148
16 156
16 157
16 174
16 197
16 209
16 212
16 272
16 288
16 298
17 68
17 133
17 137
17 139
17 148
17 157
17 163
17 167
17 192
17 205
18 39
18 65
18 78
18 171
18 288
18 303
19 102
19 113
19 129
19 277
19 302
20 27
20 31
20 44
20 94
20 136
20 180
20 195
20 202
20 272
20 274
20 303
22 131
22 172
22 246
22 314
23 95
24 32
24 128
24 135
25 33
25 106
25 133
25 167
25 220
25 227
25 229
26 109
26 134
27 28
27 152
27 156
27 175
28 36
28 37
28 91
28 110
28 130
28 220
29 80
29 103
29 122
29 276
29 309
30 52
30 87
30 95
30 124
30 129
30 148
30 208
30 232
30 236
31 34
31 35
31 59
31 75
31 95
31 96
31 118
31 129
31 133
31 153
31 166
31 167
31 172
31 179
31 240
31 275
32 46
32 49
32 82
32 84
32 90
32 98
32 121
32 230
32 268
32 286
32 295
33 44
33 68
33 89
33 102
33 109
33 133
33 160
33 204
33 227
33 231
33 244
34 45
34 119
34 127
34 130
34 156
34 180
34 286
35 60
35 218
36 89
36 124
36 135
36 138
36 181
36 204
37 45
37 87
37 103
37 134
37 136
37 173
38 105
38 112
38 145
38 172
38 188
38 206
38 224
38 241
38 273
39 87
39 224
39 227
39 244
40 42
40 92
40 101
40 203
40 246
41 63
41 98
41 110
41 120
42 75
42 80
42 198
43 108
43 130
43 134
43 200
44 106
44 258
44 272
45 47
45 59
45 63
45 110
45 122
45 156
45 160
45 219
45 286
46 60
46 85
46 124
46 160
46 200
46 215
46 249
46 267
46 302
47 83
47 89
47 104
47 110
47 120
47 130
47 133
47 156
47 177
47 214
47 217
47 223
47 225
47 252
48 50
48 62
48 101
48 135
48 151
48 188
48 233
48 268
49 73
49 202
49 213
49 270
49 289
50 124
50 133
50 134
50 143
50 258
51 74
51 96
51 128
51 191
51 240
51 286
52 92
52 153
52 238
53 251
54 59
54 103
54 111
54 129
54 136
54 142
54 206
55 120
55 135
55 177
55 303
56 71
56 153
56 180
56 181
56 269
56 276
57 63
57 117
57 155
57 207
58 120
58 148
58 258
58 304
59 140
59 148
59 154
59 156
59 164
59 166
59 177
59 240
59 264
60 135
60 195
60 246
60 294
60 315
61 83
61 133
61 207
61 237
61 242
62 76
62 92
62 130
62 151
62 154
62 185
62 262
62 283
62 285
63 80
63 87
63 95
63 117
63 124
63 170
63 186
63 206
63 237
63 279
64 180
64 181
64 250
65 110
65 201
65 211
66 70
66 77
66 122
66 137
66 251
66 267
67 68
67 136
67 137
67 140
67 151
67 156
67 311
68 104
68 117
68 134
68 281
68 295
69 150
69 224
70 154
70 163
70 274
70 305
72 74
72 167
72 261
73 93
73 135
73 148
73 200
73 213
73 288
74 129
74 131
74 177
74 193
74 206
74 208
74 232
74 263
74 295
74 314
75 121
75 159
75 167
75 230
75 278
75 302
76 271
76 287
76 307
77 99
77 124
77 134
77 200
77 223
77 283
77 289
78 115
78 129
78 134
78 188
78 262
79 111
79 156
79 224
79 265
79 274
80 89
80 110
80 264
81 101
81 128
81 143
81 234
83 116
83 122
83 188
83 274
83 299
84 149
85 129
85 137
85 179
85 215
85 258
86 296
87 162
87 202
87 287
88 157
88 309
89 102
89 153
90 101
90 126
90 226
91 103
91 105
91 192
92 108
92 129
92 210
92 245
92 284
92 286
92 287
94 103
94 150
94 181
94 185
94 220
94 231
95 178
96 97
96 130
96 237
96 287
97 102
97 125
97 127
97 129
97 134
97 186
97 220
97 243
97 269
97 273
97 288
98 151
98 184
98 231
98 286
99 241
100 255
100 305
101 114
101 133
101 178
101 238
101 277
101 292
101 296
102 109
102 146
102 149
102 158
102 256
102 272
102 315
103 129
103 134
103 184
103 193
103 209
103 238
103 257
103 305
104 118
104 146
104 252
105 193
105 249
106 131
106 135
106 144
106 156
106 275
107 124
107 130
107 220
108 131
108 132
108 241
108 285
109 160
109 199
109 266
110 137
110 201
110 211
111 114
111 149
111 180
111 204
111 266
111 294
111 303
113 220
113 235
114 118
114 200
114 213
114 219
115 164
115 230
115 241
115 264
116 159
116 210
117 129
117 142
117 157
117 168
117 271
118 122
118 129
118 131
118 134
118 140
118 180
118 186
118 200
118 204
118 229
118 266
118 292
119 131
119 139
119 251
119 281
120 278
120 297
120 304
121 128
121 288
122 131
122 139
122 142
122 201
122 204
122 281
123 144
123 157
123 278
124 130
124 131
124 167
124 191
124 193
124 200
124 264
124 274
127 131
127 286
127 304
128 193
128 218
128 257
128 268
128 287
129 131
129 133
129 138
129 148
129 151
129 152
129 156
129 160
129 167
129 195
129 202
129 228
129 234
129 264
129 272
129 286
129 287
129 299
130 135
130 142
130 157
130 160
130 167
130 172
130 180
130 195
130 209
130 219
130 236
130 264
130 272
130 281
130 287
130 296
130 301
130 310
131 134
131 135
131 145
131 152
131 154
131 158
131 192
131 199
131 214
131 235
131 266
131 272
131 276
131 287
131 296
131 299
133 136
133 143
133 149
133 152
133 219
133 224
133 240
133 255
133 257
133 272
133 283
133 304
134 151
134 219
134 231
134 242
134 244
134 248
134 254
134 269
134 282
134 287
134 288
134 290
134 294
135 200
135 246
135 255
136 161
136 205
136 223
136 252
136 286
136 291
137 156
137 197
137 248
138 156
138 229
139 195
140 190
140 219
140 283
140 301
141 167
142 206
142 219
142 270
144 225
144 244
144 247
145 156
145 188
145 210
145 224
146 199
146 235
146 245
147 194
148 154
148 180
148 208
148 220
148 241
148 242
148 279
148 287
148 301
149 156
149 162
149 188
149 197
149 208
149 269
150 286
151 219
152 173
152 189
152 206
152 214
152 217
152 222
152 279
152 283
152 286
152 305
153 180
153 211
154 157
154 215
155 214
156 157
156 161
156 173
156 208
156 242
156 243
156 258
156 272
156 298
156 303
157 167
157 184
157 203
157 210
157 231
157 270
157 290
158 172
158 315
159 181
159 210
159 213
159 296
160 180
160 181
160 217
160 220
160 244
160 247
161 216
161 269
161 289
162 180
162 200
163 194
164 219
164 237
165 167
166 172
167 177
167 213
167 287
167 314
168 172
171 252
171 291
172 200
172 246
173 260
173 275
174 180
174 204
174 205
174 206
176 218
177 259
177 297
178 283
179 202
179 216
179 249
179 258
180 196
180 210
180 242
180 273
180 286
180 298
180 305
181 191
181 239
182 242
182 249
182 291
184 190
185 209
185 244
185 285
187 237
188 227
188 278
188 283
188 288
191 230
193 210
193 235
193 253
193 260
193 272
193 276
193 298
195 222
195 224
195 272
195 301
196 285
197 210
197 249
197 284
197 301
200 213
200 234
200 240
200 261
200 271
200 285
201 216
201 242
201 249
201 307
201 315
202 233
203 274
204 245
205 210
205 220
206 211
206 249
206 252
206 291
206 295
208 273
209 277
209 299
210 232
210 287
210 293
210 305
211 290
212 213
214 220
215 218
215 239
215 290
215 307
216 287
216 288
217 221
218 265
219 222
219 304
220 234
220 240
220 261
220 269
220 288
220 304
221 230
223 234
224 230
229 314
230 231
230 315
231 261
231 295
231 313
232 260
232 286
235 239
236 255
236 283
239 259
239 310
239 313
241 258
241 287
241 291
242 248
243 297
246 286
247 249
247 284
248 269
248 304
249 269
249 286
249 303
249 305
252 315
255 293
258 286
263 272
263 283
265 294
266 276
266 301
267 283
269 286
269 305
271 287
272 285
272 306
273 275
274 285
275 287
279 305
285 308
286 294
286 298
287 301
288 314
289 305
295 298
298 311
307 310
