0 68
0 74
0 122
0 130
0 152
1 2
1 25
1 59
1 71
1 103
2 16
2 22
2 40
2 50
2 57
2 131
2 132
2 134
2 156
2 161
2 195
2 197
2 200
2 271
2 287
2 315
3 4
3 8
3 18
3 131
3 145
3 192
3 221
3 285
4 7
4 28
4 79
4 102
4 119
4 130
4 134
4 156
4 247
4 305
5 32
5 57
5 77
5 130
5 186
6 11
6 57
6 102
6 139
6 226
6 239
6 269
6 315
7 9
7 10
7 16
7 18
7 24
7 32
7 59
7 110
7 121
7 130
7 135
7 136
7 160
7 164
7 166
7 215
7 259
8 14
8 16
8 31
8 33
8 67
8 93
8 133
8 140
8 162
8 164
8 174
8 193
8 237
8 241
8 287
8 293
8 294
9 51
9 75
9 129
9 130
9 138
9 292
10 65
10 160
11 12
11 25
11 31
11 115
11 148
11 193
11 209
12 31
12 44
12 45
12 77
12 130
12 159
12 210
12 238
12 252
12 301
13 15
13 33
13 103
13 142
13 154
13 156
13 157
13 178
13 313
14 15
14 51
14 110
14 168
14 284
14 292
15 32
15 48
15 67
15 117
15 223
15 245
15 291
15 292
16 32
16 40
16 41
16 47
16 122
16 136
16 137
16 257
16 267
16 287
16 288
16 314
17 55
17 148
17 154
17 180
17 213
17 298
18 44
18 48
18 69
18 94
18 133
18 149
18 173
18 192
18 216
18 254
18 266
18 275
18 292
19 55
19 102
19 164
19 205
19 281
20 90
20 100
20 121
20 124
20 128
20 132
20 134
20 200
20 258
20 265
20 311
21 81
21 129
21 213
21 233
22 41
22 118
22 237
22 285
23 94
23 104
23 134
23 157
23 195
23 212
23 274
23 287
24 293
25 56
25 135
25 181
25 188
25 265
26 174
27 46
27 62
27 64
27 122
27 215
27 310
28 81
28 89
28 102
28 124
28 134
28 141
28 157
28 159
28 173
28 174
28 181
29 33
29 73
29 77
29 247
29 258
29 282
29 308
30 156
30 201
31 68
31 89
31 106
31 109
31 110
31 133
31 135
31 148
31 188
31 195
31 231
31 249
31 272
31 279
31 285
31 299
31 306
32 40
32 45
32 85
32 101
32 102
32 136
32 188
32 204
32 219
32 251
32 268
33 72
33 131
33 132
33 136
33 146
33 174
33 209
33 211
33 224
33 229
33 230
33 248
33 259
33 291
34 136
34 206
34 234
34 249
34 287
34 295
35 73
35 87
35 92
35 171
35 227
36 64
36 83
36 131
36 272
37 142
37 195
37 200
37 283
37 309
38 56
39 104
39 129
39 156
39 255
39 284
40 72
40 101
40 103
40 124
40 231
40 243
40 259
40 287
40 300
41 114
41 193
42 74
42 92
42 118
42 195
42 235
42 239
42 303
43 130
43 150
43 170
43 206
43 210
43 237
43 303
44 102
44 130
44 193
44 210
45 78
45 149
45 157
45 162
45 210
45 212
45 218
45 241
45 276
45 287
45 292
46 56
46 67
46 102
46 125
46 132
46 157
46 171
46 203
46 210
46 219
46 230
46 268
46 288
47 51
47 54
47 167
47 172
47 188
47 193
47 213
48 56
48 177
48 211
48 219
48 270
48 296
48 312
49 103
49 131
49 231
49 242
49 290
49 296
49 309
50 73
50 81
50 103
50 108
50 129
50 160
50 193
50 201
51 55
51 72
51 102
51 138
51 180
51 225
51 249
51 287
51 302
51 304
51 315
52 271
52 286
53 105
54 117
54 176
54 188
54 224
54 231
54 285
55 77
55 113
55 126
55 129
55 135
55 276
56 92
56 101
56 131
56 134
56 194
57 117
58 274
59 98
59 136
59 152
59 154
59 165
59 191
59 197
59 222
59 226
59 244
59 249
59 279
59 293
59 313
60 72
60 121
60 135
60 212
60 219
60 248
60 258
60 303
61 150
61 257
61 272
62 87
62 91
62 105
62 185
62 200
63 133
64 118
64 124
64 136
64 181
64 187
64 206
64 234
64 246
64 282
64 287
65 164
66 120
66 178
66 218
66 298
67 94
67 124
67 134
67 139
67 173
67 191
67 211
68 122
68 133
68 136
68 196
68 200
68 264
68 296
69 143
69 161
69 276
70 85
70 130
70 149
71 132
71 134
71 156
71 174
71 220
71 305
71 310
72 102
72 110
72 129
72 130
72 133
72 200
72 205
72 207
72 238
72 242
74 86
74 129
74 131
74 132
74 135
74 171
74 182
74 203
74 205
74 206
74 215
74 239
74 245
74 294
74 297
75 109
75 114
75 130
75 156
75 249
76 224
77 124
77 152
77 167
77 177
77 213
77 299
78 156
78 157
78 171
78 220
79 114
79 135
79 165
79 275
80 129
80 142
80 199
81 94
81 149
81 197
81 200
82 210
83 157
83 239
83 287
84 91
84 200
85 96
85 177
85 288
86 194
86 287
87 101
87 110
87 115
87 148
88 159
88 303
89 139
89 177
89 185
89 213
89 221
89 234
90 103
90 285
91 179
91 201
92 109
92 110
92 111
92 124
92 131
92 134
92 158
92 223
92 258
92 288
94 181
94 237
94 274
95 106
95 110
95 129
95 263
95 310
96 117
96 136
96 208
96 217
96 229
97 121
97 128
97 129
97 134
97 198
97 221
97 237
97 269
98 124
98 130
98 229
98 241
99 157
99 297
100 129
100 133
100 134
100 284
101 107
101 130
101 156
101 173
101 188
101 220
101 240
101 307
102 143
102 160
102 162
102 195
102 239
102 265
102 266
103 121
103 132
103 134
103 206
103 208
103 210
103 294
103 295
103 296
104 108
104 130
104 144
104 160
104 167
104 182
104 201
104 227
105 285
106 124
106 156
106 159
106 166
106 215
107 118
107 202
107 236
107 272
108 130
108 133
108 185
108 218
108 272
108 304
109 128
109 149
109 199
109 250
109 300
110 118
110 134
110 157
110 160
110 165
110 166
110 172
110 182
110 205
110 282
111 148
111 149
111 248
112 134
112 242
113 157
114 200
114 202
115 179
115 247
115 286
116 133
117 133
117 134
117 156
117 157
117 210
117 265
117 273
117 298
118 133
118 180
118 200
118 233
118 272
118 280
118 299
118 314
119 151
120 195
120 200
120 215
120 263
121 129
121 130
121 134
121 155
121 302
122 134
122 185
122 202
122 215
122 230
122 244
122 266
122 287
123 135
123 157
124 127
124 244
124 264
124 287
126 130
126 134
127 130
127 149
127 154
127 229
127 250
128 133
128 141
128 149
128 180
128 246
128 258
129 136
129 148
129 156
129 161
129 168
129 171
129 181
129 200
129 202
129 204
129 206
129 220
129 232
129 236
129 239
129 247
129 253
129 272
129 287
130 131
130 137
130 143
130 162
130 180
130 191
130 193
130 200
130 208
130 229
130 231
130 249
130 250
130 268
130 272
130 281
130 285
130 296
131 133
131 134
131 149
131 152
131 156
131 174
131 179
131 188
131 200
131 205
131 230
131 239
131 270
131 278
131 283
131 286
131 303
132 135
132 140
132 149
132 216
133 134
133 135
133 150
133 156
133 179
133 191
133 193
133 216
133 220
133 230
133 239
133 241
133 244
133 298
134 140
134 158
134 172
134 187
134 197
134 236
134 275
134 286
134 290
134 292
135 136
135 145
135 146
135 154
135 158
135 159
135 161
135 167
135 200
135 201
135 210
135 225
135 245
135 246
135 249
135 250
135 271
136 142
136 162
136 164
136 168
136 199
136 200
136 220
136 224
136 241
136 258
136 259
137 152
137 231
137 303
137 312
138 232
138 309
139 173
139 177
139 296
139 305
140 152
140 156
140 174
140 189
140 242
141 151
141 223
141 287
142 148
142 162
142 193
142 261
143 286
144 289
145 193
145 200
145 286
145 298
146 205
148 167
148 181
148 239
148 249
148 250
148 264
148 276
149 156
149 296
152 162
152 238
152 249
152 293
153 181
153 193
153 218
154 181
154 193
154 202
154 223
156 157
156 180
156 193
156 197
156 200
156 201
156 211
156 215
156 219
156 222
156 231
156 235
156 239
156 265
156 281
156 283
157 168
157 188
157 193
157 232
157 237
157 304
157 308
158 196
158 239
158 279
159 177
159 200
159 217
159 247
160 210
160 269
161 192
161 203
161 239
161 286
162 239
163 258
163 283
164 191
164 207
164 233
165 276
165 287
165 288
166 243
166 263
166 287
167 170
167 181
167 190
167 195
167 200
167 204
167 273
169 205
169 214
169 296
171 296
172 233
172 283
172 286
173 232
173 233
173 254
174 215
174 220
174 280
174 303
174 305
175 176
175 255
175 291
177 216
177 286
177 287
178 237
178 240
178 241
178 276
178 283
179 214
179 219
179 287
180 181
180 184
180 220
180 236
180 287
182 241
184 287
184 307
185 204
185 225
185 308
188 210
188 274
191 220
191 285
191 301
193 200
193 231
193 239
193 241
193 242
193 245
193 272
193 287
195 229
195 269
195 288
195 303
196 249
197 279
199 260
200 208
200 209
200 221
200 287
200 309
201 230
201 249
202 207
204 215
205 215
205 237
205 287
205 303
206 296
207 294
209 218
209 220
209 269
211 212
211 286
212 296
213 234
213 305
214 296
216 217
216 288
216 309
217 219
217 224
217 255
218 254
219 298
220 249
220 260
220 299
223 263
223 285
224 229
224 249
225 249
225 280
226 298
227 278
227 285
229 232
231 249
231 269
231 276
231 313
232 284
232 286
233 240
233 282
234 278
234 279
234 301
235 239
236 308
238 287
239 242
239 288
241 278
241 287
242 287
244 258
245 275
245 276
246 268
249 298
249 308
251 297
252 286
252 294
252 314
255 258
256 296
257 279
258 261
261 286
263 280
264 296
266 295
267 293
268 273
270 288
272 283
272 299
273 287
275 299
276 304
279 305
280 286
283 286
283 303
284 305
284 310
288 291
288 293
288 296
288 304
291 312
297 315
307 315
309 314
