0 32
0 51
0 79
0 298
1 11
1 133
1 304
2 8
2 13
2 62
2 64
2 80
2 95
2 104
2 115
2 133
2 134
2 137
2 142
2 201
2 229
2 232
2 270
2 288
3 20
3 102
3 110
3 156
3 188
3 216
3 288
4 97
4 129
4 153
4 235
5 22
5 50
5 59
5 101
5 140
5 159
5 239
6 22
6 130
6 133
6 299
7 8
7 24
7 78
7 80
7 86
7 93
7 117
7 130
7 134
7 135
7 180
7 186
7 216
7 228
7 266
8 30
8 50
8 69
8 75
8 114
8 118
8 156
8 162
8 217
8 232
8 233
8 283
8 284
8 285
9 42
9 47
9 133
9 144
9 145
9 193
10 13
10 99
10 118
10 230
11 25
11 45
11 80
11 136
11 148
11 149
11 172
12 27
12 50
12 104
12 113
12 118
12 134
12 139
12 180
12 285
12 287
12 293
12 315
13 59
13 117
13 119
13 129
13 146
13 157
13 172
13 267
13 275
13 283
14 16
14 18
14 47
14 50
14 130
14 135
14 201
14 280
14 298
14 312
15 131
15 134
15 174
15 215
15 235
16 24
16 51
16 77
16 79
16 81
16 91
16 97
16 104
16 124
16 127
16 136
16 140
16 159
16 179
16 180
16 200
16 203
16 218
16 242
16 267
16 298
16 308
17 22
17 57
17 129
17 134
17 193
17 258
18 28
18 32
18 101
18 102
18 130
18 133
18 188
18 191
18 217
18 282
19 56
19 171
20 33
20 38
20 43
20 46
20 68
20 70
20 73
20 83
20 167
20 193
20 214
21 54
21 96
21 99
21 180
21 181
22 42
22 124
22 135
22 285
23 129
23 133
23 164
23 296
24 33
24 52
24 77
24 101
24 121
24 134
24 148
24 216
25 50
25 66
25 67
25 79
25 92
25 148
25 152
25 153
25 294
26 32
26 160
26 165
26 276
27 118
27 263
27 275
28 41
28 59
28 78
28 92
28 117
28 130
28 175
28 179
28 246
28 283
29 34
29 59
29 76
29 131
30 41
30 44
30 67
30 181
30 246
30 307
31 36
31 87
31 98
31 103
31 131
31 133
31 137
31 156
31 167
31 194
31 209
31 291
31 309
32 34
32 51
32 71
32 81
32 94
32 102
32 168
32 189
32 206
32 220
32 222
32 238
32 268
32 271
32 286
32 287
32 295
32 315
33 60
33 63
33 87
33 99
33 130
33 133
33 134
33 150
33 162
33 172
33 174
33 210
33 224
33 239
33 244
33 273
33 290
33 302
33 304
34 46
34 62
34 75
34 124
34 129
34 135
34 209
34 222
34 249
34 315
35 42
35 108
35 117
35 135
35 177
35 220
36 60
36 102
36 118
36 220
36 239
36 295
37 156
37 180
37 185
38 102
38 130
38 229
39 97
39 129
39 156
39 157
39 162
39 218
39 284
40 87
40 103
41 71
41 89
41 148
41 193
41 219
41 221
41 239
41 283
42 134
42 152
42 272
42 285
42 288
43 131
43 150
43 167
43 287
44 156
44 211
45 47
45 115
45 165
45 167
45 196
45 232
45 245
45 249
46 87
46 101
46 102
46 133
46 140
46 156
46 162
46 167
46 219
46 279
47 48
47 87
47 105
47 180
47 195
47 201
47 272
48 74
48 87
48 106
48 110
48 117
48 157
48 167
48 210
48 259
49 103
49 130
49 133
49 162
49 165
49 243
49 245
49 309
50 55
50 111
50 131
50 162
50 212
50 247
50 308
51 133
51 156
51 176
51 212
51 217
51 246
52 89
52 129
52 133
52 224
52 227
53 102
54 58
54 59
55 202
56 135
56 146
56 153
56 156
56 168
56 279
57 143
57 314
58 110
58 278
58 296
59 78
59 89
59 117
59 136
59 152
59 159
59 177
59 178
59 252
59 279
59 313
60 104
60 110
60 134
60 229
60 260
60 284
60 304
60 313
61 262
62 67
62 201
62 206
62 212
62 277
62 307
63 124
63 166
63 173
63 255
63 295
64 94
64 181
64 191
64 205
64 230
64 257
64 287
65 169
65 207
66 119
66 146
66 155
66 244
67 74
67 115
67 164
67 212
67 237
67 243
67 246
67 305
68 102
68 135
68 205
68 208
68 210
68 241
68 265
68 287
69 70
69 119
69 129
69 157
69 233
69 299
70 152
70 264
71 133
71 158
71 241
72 217
73 124
73 136
73 305
74 76
74 90
74 108
74 149
74 197
74 231
74 232
74 258
74 269
74 283
74 286
75 104
75 132
75 133
75 136
75 156
75 177
75 224
75 231
75 258
76 102
76 123
76 212
76 303
77 105
77 129
77 145
77 168
77 172
77 249
77 250
78 80
78 88
78 115
79 135
79 156
79 264
80 101
80 134
80 156
80 159
80 188
80 240
80 302
81 96
81 110
81 133
81 210
81 250
81 279
82 287
83 131
83 152
83 312
84 238
85 86
85 181
85 244
85 306
86 167
86 180
86 193
86 255
87 119
87 129
87 152
87 167
87 210
87 224
88 165
88 233
89 102
89 124
89 156
89 171
89 182
89 214
89 287
90 103
90 174
90 198
90 243
91 134
91 149
91 161
92 112
92 143
92 220
92 238
92 283
92 313
93 101
93 136
93 289
94 129
94 184
94 223
94 231
94 263
94 291
95 129
96 110
96 159
96 171
96 188
97 134
97 136
97 167
98 120
98 129
98 133
99 122
99 131
99 238
99 288
99 294
100 283
101 107
101 129
101 152
101 156
101 179
101 227
101 287
102 103
102 191
102 200
102 201
102 242
102 268
103 105
103 118
103 124
103 168
103 229
103 259
103 279
103 281
103 291
104 129
104 167
104 188
104 287
104 311
105 124
105 128
105 133
105 135
105 160
105 191
105 307
106 156
106 160
106 196
106 209
106 290
106 305
107 131
107 230
107 244
108 149
108 156
108 286
108 296
109 148
109 207
110 129
110 131
110 162
110 217
110 245
110 249
110 301
111 129
111 156
111 160
111 244
111 273
112 255
114 299
115 131
115 133
115 184
115 244
116 276
117 128
117 129
117 136
117 156
117 208
117 224
117 287
117 304
118 136
118 148
118 149
118 167
118 181
118 193
118 220
118 231
118 295
119 197
119 303
120 161
120 278
120 287
121 191
121 201
121 217
121 283
122 129
122 131
122 133
122 138
122 161
122 210
122 218
122 287
123 129
123 134
123 142
123 266
124 127
124 134
124 179
124 186
124 212
124 222
124 258
124 293
126 129
126 216
128 141
128 144
128 147
128 175
128 181
128 213
128 231
128 293
129 131
129 132
129 133
129 134
129 135
129 148
129 156
129 160
129 167
129 172
129 188
129 192
129 205
129 219
129 229
129 231
129 238
129 249
129 258
129 272
129 294
130 131
130 133
130 140
130 148
130 160
130 161
130 163
130 178
130 191
130 194
130 200
130 201
130 211
130 215
130 233
130 238
130 277
130 286
130 287
130 292
131 132
131 152
131 167
131 174
131 187
131 188
131 197
131 198
131 232
131 273
131 286
132 133
132 286
133 134
133 135
133 136
133 145
133 161
133 163
133 166
133 180
133 217
133 224
133 232
133 241
133 247
133 262
133 272
133 276
133 278
133 283
133 301
134 148
134 156
134 205
134 224
134 240
134 249
134 287
134 288
134 298
135 137
135 148
135 154
135 158
135 161
135 174
135 228
135 269
135 275
135 281
135 283
135 306
136 140
136 158
136 179
136 188
136 206
136 243
136 273
136 283
136 287
137 232
138 155
138 156
138 197
139 286
139 305
140 154
140 180
140 200
140 206
140 301
142 167
142 177
142 244
142 298
143 261
143 302
145 161
145 249
145 273
146 160
146 192
148 160
148 161
148 179
148 193
148 247
149 157
149 204
149 225
149 242
149 315
150 156
150 201
151 186
151 197
152 157
152 188
152 193
152 286
152 287
153 173
153 201
153 232
153 255
154 266
155 228
155 234
155 304
156 179
156 227
156 231
156 232
156 247
156 249
156 251
156 273
156 286
156 296
157 193
157 195
157 206
157 215
157 229
157 239
157 266
157 279
157 280
157 307
158 279
158 310
159 269
159 287
160 261
160 265
160 305
161 164
161 179
161 287
161 299
162 167
162 171
162 249
162 269
162 287
163 258
164 205
165 200
165 224
165 288
165 302
166 220
166 273
166 305
167 169
167 220
167 239
167 286
167 298
168 172
171 187
171 215
171 247
171 279
172 199
172 204
173 177
173 194
174 278
177 193
177 205
177 298
178 201
178 206
178 279
179 231
179 263
179 309
180 185
180 232
180 252
180 272
180 283
180 287
180 304
181 185
181 275
184 273
185 308
186 249
188 212
188 241
188 264
189 220
191 200
191 269
191 312
192 283
193 223
193 234
193 248
193 249
194 195
194 266
195 220
195 286
196 247
196 296
198 266
199 218
199 288
200 201
200 218
200 224
200 270
200 280
200 287
201 252
201 309
202 302
203 232
204 287
206 239
206 296
207 267
209 220
209 258
209 264
210 286
211 273
211 277
212 220
213 286
214 287
215 224
215 269
215 272
215 313
216 244
216 269
216 284
217 268
218 220
218 245
218 278
219 234
219 266
220 250
220 266
223 284
224 285
224 287
224 310
227 261
230 252
230 309
231 283
231 296
232 237
232 244
233 249
233 276
236 258
238 288
239 249
239 301
242 274
242 276
242 284
243 248
243 249
243 264
243 287
244 287
247 309
248 302
249 256
249 288
252 267
256 298
256 302
259 303
261 305
263 288
264 272
265 285
273 291
282 287
283 287
284 285
287 311
288 297
288 298
294 313
296 311
298 303
