0 22
0 68
0 73
0 135
0 195
0 200
0 209
1 5
1 14
1 48
1 69
1 74
1 118
1 124
1 172
1 288
2 16
2 32
2 41
2 59
2 60
2 61
2 80
2 84
2 88
2 94
2 130
2 132
2 133
2 134
2 135
2 142
2 179
2 193
2 223
2 287
2 288
2 289
2 301
3 14
3 24
3 37
3 77
3 135
3 150
3 180
3 309
4 37
4 105
4 156
4 160
4 252
5 112
5 122
5 142
5 176
5 296
6 117
6 156
6 157
6 162
7 16
7 24
7 32
7 37
7 39
7 113
7 124
7 133
7 136
7 261
7 274
7 289
7 298
8 10
8 11
8 12
8 60
8 97
8 101
8 104
8 142
8 153
8 191
8 193
8 208
8 209
8 222
8 231
8 241
8 278
8 285
8 294
9 102
9 181
11 60
11 114
11 122
11 134
11 136
11 156
11 221
11 265
12 41
12 60
12 88
12 133
12 156
12 172
12 194
12 264
12 287
13 18
13 28
13 132
13 137
13 178
13 185
13 191
13 259
13 265
14 67
14 76
14 110
14 156
14 202
14 249
14 267
15 111
15 115
15 130
15 136
15 239
15 243
15 284
16 34
16 52
16 57
16 58
16 59
16 62
16 89
16 97
16 106
16 124
16 142
16 145
16 158
16 160
16 173
16 180
16 181
16 191
16 220
16 225
16 247
16 262
16 288
16 298
16 304
17 129
17 179
17 187
17 224
18 21
18 24
18 38
18 40
18 86
18 102
18 123
18 157
18 309
18 314
19 43
19 133
19 135
19 216
20 46
20 55
20 129
20 137
20 182
20 249
20 284
20 298
21 24
21 111
21 124
21 129
21 182
21 314
22 99
22 134
22 200
22 205
22 285
23 46
23 163
23 190
23 228
24 134
24 169
24 262
25 47
25 97
25 130
25 185
25 232
25 288
26 60
26 123
26 146
26 152
26 160
27 39
27 56
27 148
27 230
27 276
28 101
28 135
28 236
28 277
29 133
29 164
29 208
30 32
30 103
30 131
31 50
31 51
31 74
31 81
31 113
31 120
31 130
31 144
31 159
31 188
31 206
31 271
31 278
31 283
31 294
31 309
32 37
32 41
32 56
32 62
32 87
32 101
32 106
32 110
32 129
32 131
32 154
32 181
32 192
32 215
32 243
32 256
32 293
33 75
33 89
33 103
33 107
33 164
33 171
33 185
33 206
33 208
33 219
33 293
34 58
34 136
34 181
34 272
34 286
35 59
35 96
35 160
35 196
35 205
36 74
36 108
36 130
36 131
36 134
36 192
36 193
36 206
36 258
36 272
37 58
37 75
37 141
37 148
37 286
38 108
38 112
38 129
38 131
38 173
38 286
39 59
39 118
39 130
39 198
39 215
39 228
39 283
39 298
39 300
40 45
40 135
40 162
40 214
40 220
40 235
40 239
40 272
41 58
41 108
41 130
41 148
41 159
41 177
41 180
41 233
41 249
41 278
42 75
42 124
42 156
42 202
42 210
42 298
43 45
43 49
43 115
43 179
43 255
44 86
44 148
44 283
45 51
45 83
45 127
45 137
45 169
45 287
45 305
46 95
46 129
46 131
46 132
46 135
46 157
46 242
47 117
47 162
47 201
47 266
47 315
48 110
48 114
48 135
48 279
48 285
48 287
49 85
49 143
49 171
49 173
49 261
49 265
49 315
50 75
50 107
50 118
50 123
50 162
50 184
50 239
50 271
50 303
51 88
51 93
51 133
51 142
51 156
51 157
52 143
52 169
52 178
52 235
52 285
54 62
54 86
54 108
54 129
54 206
54 247
55 103
55 130
55 133
55 156
56 63
56 83
56 115
56 129
56 208
57 103
57 315
58 141
59 76
59 77
59 103
59 133
59 139
59 142
59 154
59 180
59 234
59 244
59 265
59 287
59 290
59 294
60 86
60 134
60 203
60 211
61 102
61 160
61 167
61 276
61 285
62 124
62 137
62 186
62 233
62 298
63 85
63 104
63 131
63 200
63 288
64 157
64 179
64 196
64 252
66 77
66 156
66 179
67 87
67 133
67 135
67 156
67 181
67 191
68 133
68 238
69 239
69 290
69 305
70 134
70 162
70 172
70 210
70 220
70 242
71 106
72 156
72 239
72 242
73 118
73 129
73 133
74 148
74 158
74 167
74 172
74 223
74 264
75 78
75 89
75 98
75 122
75 133
75 151
75 218
75 248
75 276
76 80
76 192
76 216
76 229
77 110
77 111
77 115
77 171
77 283
77 311
78 81
78 133
78 159
78 164
78 275
79 134
79 169
79 185
79 252
80 130
80 191
80 215
80 246
81 121
81 129
81 252
81 255
81 261
81 272
83 89
83 163
83 272
83 311
85 115
85 138
85 154
85 200
85 212
85 280
86 117
86 122
86 160
86 251
87 88
87 104
87 139
87 156
87 255
87 260
88 131
88 135
88 184
88 220
88 252
88 288
89 129
89 156
89 176
89 180
89 250
89 298
89 299
90 146
90 148
90 242
90 279
90 293
91 113
91 214
92 134
92 156
92 220
92 258
92 313
94 130
94 135
94 249
94 265
95 124
95 162
95 215
96 182
96 243
97 172
97 223
97 238
98 110
98 129
98 130
98 192
98 211
98 260
98 272
98 314
99 134
99 167
99 179
100 243
100 255
100 272
101 108
101 111
101 117
101 129
101 223
101 229
101 251
101 264
102 103
102 105
102 112
102 125
102 129
102 131
102 136
102 149
102 172
102 216
102 249
103 140
103 156
103 157
103 201
103 206
103 215
103 227
103 234
103 249
103 255
103 283
103 292
104 130
104 157
104 182
104 187
104 236
105 178
105 193
105 243
105 249
105 279
105 288
106 182
106 249
106 279
106 287
106 293
106 312
107 124
107 133
107 156
107 157
107 208
107 215
107 275
107 286
107 308
108 140
108 188
108 204
108 230
108 238
108 242
108 287
109 124
109 129
109 145
109 154
109 281
110 135
110 136
110 148
110 188
110 197
110 237
110 268
111 134
111 186
113 146
113 197
114 136
114 164
114 167
114 200
114 209
115 136
115 176
116 161
117 168
117 205
117 258
117 299
118 135
118 143
118 216
118 232
118 257
118 267
118 287
119 136
119 150
120 133
120 148
120 269
121 190
121 193
121 268
121 278
122 136
122 148
122 232
122 244
123 135
123 164
123 238
123 239
124 128
124 129
124 138
124 139
124 149
124 155
124 159
124 179
124 252
124 272
124 286
124 298
125 148
125 224
126 131
126 135
126 152
126 207
126 273
127 130
127 180
128 130
128 160
128 218
128 232
128 246
128 255
128 314
129 130
129 131
129 132
129 135
129 136
129 145
129 152
129 156
129 179
129 180
129 193
129 200
129 217
129 242
129 249
129 258
129 267
129 273
129 284
129 288
129 291
129 295
130 131
130 132
130 134
130 137
130 138
130 142
130 156
130 158
130 160
130 185
130 193
130 195
130 224
130 225
130 261
130 266
130 273
130 276
130 279
130 312
131 142
131 156
131 180
131 185
131 188
131 191
131 192
131 217
131 220
131 244
131 247
131 272
131 287
131 291
131 293
131 298
132 180
132 219
132 291
132 301
133 135
133 136
133 137
133 140
133 148
133 156
133 167
133 185
133 223
133 247
133 272
133 301
134 135
134 136
134 144
134 160
134 172
134 197
134 205
134 212
134 215
134 223
134 233
134 251
134 263
134 273
134 288
135 148
135 149
135 157
135 158
135 167
135 184
135 187
135 196
135 202
135 203
135 206
135 239
135 282
135 287
135 288
136 169
136 200
136 215
136 224
136 241
136 245
136 249
136 250
136 260
136 268
136 286
136 288
136 303
138 154
138 184
138 188
138 229
139 174
139 275
140 241
142 150
142 204
142 220
143 156
143 160
143 193
143 231
144 296
145 149
145 165
145 173
145 223
145 239
146 204
146 313
148 182
148 214
148 222
148 223
148 285
149 152
149 167
149 170
149 176
149 180
149 221
149 243
149 293
149 294
149 296
150 156
150 214
150 244
150 287
151 285
152 164
152 205
152 244
152 245
152 260
152 304
153 311
154 156
154 167
154 179
156 159
156 168
156 172
156 206
156 225
156 239
156 288
156 289
156 291
156 295
156 298
157 167
157 230
157 232
157 239
157 259
157 267
157 288
158 194
159 246
159 258
159 300
160 161
160 167
160 185
160 262
161 194
161 238
161 274
161 283
162 167
162 171
162 210
162 247
162 261
162 284
163 210
163 215
163 271
165 238
165 239
166 191
166 287
167 189
167 193
167 200
167 205
167 219
167 224
167 286
167 287
167 299
167 312
168 192
169 212
169 273
170 273
171 207
171 242
171 278
171 282
171 287
172 187
172 192
172 196
172 286
173 182
173 206
173 289
174 303
175 188
176 200
177 276
177 286
178 243
179 212
179 223
180 183
180 189
180 196
180 216
180 219
180 279
181 185
182 295
182 301
183 241
184 270
185 197
185 219
187 266
188 190
188 222
188 288
190 238
190 266
190 292
191 285
192 314
193 259
193 260
193 287
193 301
193 303
193 315
194 205
194 278
195 231
197 271
197 287
198 244
200 215
200 249
200 262
200 314
201 234
201 270
201 286
201 294
201 303
202 249
204 304
205 213
205 244
205 287
205 288
206 212
208 252
208 279
209 224
209 268
210 288
210 296
212 215
213 215
214 233
215 239
216 266
217 278
218 234
219 294
219 305
220 233
220 305
221 224
222 233
222 239
222 259
222 303
223 241
223 260
224 265
224 293
225 248
228 267
228 296
229 258
229 271
232 234
232 236
233 236
233 286
233 287
233 290
234 238
235 249
235 287
237 304
238 277
239 260
239 297
241 293
242 296
245 249
245 254
245 292
247 275
249 291
255 301
258 273
258 290
259 313
262 287
263 299
263 305
266 269
268 273
269 303
271 290
275 298
276 298
277 305
279 286
281 291
281 306
283 309
285 288
286 287
286 294
287 312
288 298
288 304
292 301
303 305
305 307
