0 33
0 42
0 64
0 104
0 130
0 141
0 181
0 185
0 195
0 215
0 275
1 2
1 50
1 200
1 222
1 290
2 7
2 38
2 41
2 65
2 76
2 86
2 110
2 128
2 130
2 156
2 168
2 180
2 182
2 235
2 274
2 286
2 313
3 11
3 15
3 16
3 103
3 232
3 288
4 20
4 50
4 200
4 210
4 239
4 283
5 34
5 41
5 126
5 134
5 152
5 200
5 227
5 288
6 8
6 30
6 50
6 72
6 133
6 135
6 182
6 191
6 201
6 281
7 40
7 51
7 59
7 94
7 97
7 103
7 105
7 115
7 129
7 135
7 142
7 174
7 207
7 252
7 305
8 16
8 18
8 25
8 40
8 48
8 50
8 56
8 75
8 108
8 134
8 135
8 144
8 156
8 159
8 160
8 182
8 206
8 213
8 253
8 284
9 19
9 20
9 51
9 80
9 288
9 301
10 91
10 113
10 167
10 283
11 32
11 135
11 136
11 241
12 16
12 31
12 33
12 89
12 90
12 133
12 220
12 272
13 43
13 103
13 104
13 129
13 185
13 216
14 31
14 48
14 89
14 104
14 128
14 130
14 132
14 133
14 135
14 191
14 249
14 265
15 25
15 100
15 129
15 157
15 252
15 280
16 62
16 67
16 74
16 131
16 133
16 134
16 135
16 157
16 159
16 167
16 169
16 211
16 216
16 217
16 239
16 283
16 285
16 288
17 123
17 249
18 22
18 72
18 80
18 103
18 167
18 215
18 238
18 290
19 68
19 164
20 54
20 68
20 89
20 95
20 108
20 153
20 173
20 188
20 204
20 205
20 242
20 260
20 271
20 272
20 293
21 72
21 80
21 102
21 135
21 193
21 271
21 297
22 41
22 65
22 219
23 136
23 284
24 31
24 165
24 207
24 208
24 216
24 242
25 66
25 134
25 148
25 172
25 272
25 287
26 131
26 134
26 148
26 288
27 31
27 35
27 73
27 131
27 167
27 257
27 284
28 135
28 193
28 273
29 34
29 55
29 135
29 180
29 181
29 193
29 197
29 301
30 96
30 114
30 131
30 167
30 287
30 315
31 50
31 62
31 74
31 108
31 129
31 139
31 184
31 191
31 210
31 236
31 239
31 245
31 304
31 310
32 36
32 49
32 65
32 83
32 94
32 102
32 104
32 114
32 130
32 133
32 135
32 146
32 148
32 150
32 152
32 190
32 211
32 258
32 262
32 277
32 309
33 59
33 76
33 104
33 117
33 118
33 136
33 154
33 156
33 186
33 188
33 200
33 209
33 220
33 237
33 242
33 244
33 252
33 287
33 298
34 156
34 230
34 241
35 129
35 130
35 167
35 184
36 59
36 62
36 231
36 272
36 273
36 288
36 298
37 99
37 134
37 249
38 59
38 75
38 121
38 155
38 156
38 166
38 185
38 210
38 273
38 303
39 45
39 264
40 74
40 96
40 133
40 138
40 173
40 269
40 312
42 74
42 121
42 130
42 215
42 242
42 287
43 74
43 160
43 281
44 103
44 131
44 135
44 215
44 288
45 48
45 52
45 56
45 80
45 103
45 118
45 129
45 146
45 156
45 167
45 201
45 273
45 292
45 302
46 69
46 79
46 92
46 110
46 148
46 231
46 280
46 304
47 105
47 129
47 130
47 133
47 173
47 180
47 313
48 106
48 107
48 226
48 246
49 68
49 135
49 175
49 205
49 304
50 66
50 96
50 110
50 154
50 160
50 180
50 249
50 287
51 115
51 117
51 129
51 156
51 301
54 195
54 206
54 272
55 120
55 122
55 310
55 311
56 135
56 201
56 210
56 218
56 242
57 66
57 117
57 288
58 81
59 60
59 75
59 97
59 166
59 180
59 209
59 229
59 250
59 290
59 305
60 63
60 131
60 156
60 167
60 185
60 192
60 193
60 200
60 210
60 249
60 303
60 308
61 129
61 134
61 167
61 200
61 214
62 79
62 80
62 95
62 111
62 129
62 133
62 180
62 273
63 131
63 145
63 215
63 220
64 68
64 98
64 131
64 134
64 148
64 288
65 74
65 102
65 123
65 180
65 187
65 189
65 272
66 71
66 89
66 124
66 148
66 231
67 77
67 91
67 107
67 117
67 122
67 135
67 157
67 161
67 180
67 182
67 186
67 208
67 220
67 235
67 240
68 80
68 83
68 124
69 71
69 72
69 88
69 149
69 157
69 209
70 103
70 129
70 169
70 209
71 290
73 81
73 148
73 255
73 285
74 102
74 134
74 188
74 231
74 243
75 136
75 152
75 193
75 239
76 86
76 110
76 135
76 179
76 232
76 235
77 155
77 156
77 157
77 295
78 87
78 110
78 156
78 204
78 252
78 267
79 102
79 162
79 175
79 313
80 128
80 134
80 192
80 231
81 273
81 296
82 123
82 210
82 230
82 242
83 130
83 140
83 278
83 281
84 127
84 129
84 196
84 205
84 244
86 122
87 129
87 130
87 145
87 200
87 237
87 258
87 285
88 89
88 130
88 152
88 220
88 248
88 255
89 103
89 133
89 149
89 156
89 217
89 267
89 292
90 283
90 284
91 115
91 144
91 185
91 276
92 115
92 121
92 130
92 134
92 135
92 162
92 233
93 305
94 135
94 233
94 269
95 102
95 130
95 145
95 230
95 305
96 231
96 277
97 137
97 167
97 178
97 201
98 181
98 192
98 216
98 244
98 287
98 304
99 126
99 167
99 210
99 285
101 124
101 125
101 148
101 215
101 249
101 287
102 103
102 128
102 129
102 130
102 136
102 204
102 216
102 238
102 265
102 268
103 132
103 166
103 238
103 243
104 115
104 131
104 156
104 214
104 217
104 235
104 269
104 298
104 307
105 135
105 160
105 299
106 109
106 130
106 134
106 178
106 196
106 249
107 156
107 245
107 252
107 287
107 309
108 117
108 190
108 206
108 241
109 154
109 156
109 166
109 181
109 247
109 266
110 115
110 128
110 201
110 206
110 220
110 239
110 312
111 128
111 131
111 156
111 222
111 240
112 129
113 213
114 130
114 132
114 148
114 193
114 196
114 236
114 249
115 134
116 141
116 210
116 286
117 149
117 160
117 164
117 287
117 307
118 120
118 131
118 132
118 140
118 142
118 163
118 180
118 191
118 210
118 249
119 289
120 252
121 218
121 233
121 258
122 152
122 156
122 169
122 233
122 287
123 127
124 129
124 130
124 156
124 159
124 163
124 247
124 248
124 265
124 266
124 303
125 249
126 242
126 263
127 133
127 150
128 133
128 180
128 188
128 215
128 239
128 242
128 290
129 130
129 142
129 145
129 148
129 193
129 196
129 201
129 212
129 217
129 228
129 230
129 234
129 235
129 249
129 305
129 309
130 131
130 135
130 149
130 157
130 171
130 174
130 184
130 192
130 197
130 207
130 211
130 213
130 220
130 241
130 252
130 273
130 275
130 286
130 288
130 292
130 302
130 310
131 146
131 156
131 159
131 162
131 182
131 200
131 203
131 204
131 210
131 214
131 220
131 224
131 266
131 282
131 284
131 285
131 292
131 311
132 193
132 208
132 269
133 134
133 135
133 136
133 161
133 167
133 200
133 214
133 218
133 226
133 231
133 249
133 255
133 258
133 272
133 287
133 288
133 296
133 301
134 137
134 140
134 148
134 149
134 153
134 156
134 157
134 160
134 184
134 187
134 200
134 208
134 209
134 213
134 220
134 247
134 260
134 272
134 285
134 286
134 287
134 309
135 145
135 148
135 157
135 165
135 173
135 206
135 218
135 238
135 250
135 271
135 304
136 139
136 147
136 172
136 180
136 215
136 239
136 249
136 274
137 160
137 279
137 288
137 299
138 286
139 174
139 193
139 208
139 233
139 273
140 164
140 220
140 282
141 207
142 230
142 234
142 305
143 168
143 200
144 288
145 187
145 203
145 224
146 281
147 148
147 298
148 172
148 184
148 195
148 208
148 244
148 263
148 273
148 292
149 167
149 188
149 233
149 286
149 311
150 274
151 239
151 241
151 274
151 291
151 301
152 179
152 196
152 240
152 295
152 315
153 188
154 180
154 210
154 233
155 181
155 293
156 157
156 178
156 188
156 195
156 200
156 206
156 210
156 220
156 221
156 248
156 250
156 290
156 302
156 305
156 314
157 172
157 202
157 215
157 233
157 258
158 209
158 263
158 284
158 291
159 167
160 161
160 180
160 279
161 167
161 178
161 182
161 220
161 249
161 278
161 287
162 204
162 209
162 247
162 276
163 193
163 248
163 252
164 223
164 295
164 309
165 269
166 286
167 181
167 199
167 203
167 232
167 234
167 238
167 242
167 285
168 179
169 212
169 272
171 200
171 270
171 290
172 180
172 188
173 210
175 220
177 205
178 269
179 212
179 224
180 216
180 229
180 242
180 278
180 286
180 302
180 309
181 194
181 296
182 231
182 288
184 204
184 212
184 252
185 206
185 225
185 238
185 239
186 197
187 219
187 298
188 207
188 240
188 249
188 294
191 220
191 260
191 283
192 220
193 213
193 216
193 301
193 307
194 258
195 221
199 241
200 235
200 250
200 286
201 284
202 264
202 293
204 233
205 276
205 279
206 244
206 270
206 304
207 305
208 217
208 223
208 232
209 288
210 242
210 267
210 295
210 313
211 266
212 284
214 239
215 216
215 248
215 258
215 285
215 308
216 241
216 249
216 275
217 270
217 287
217 292
217 297
218 219
218 239
219 242
219 306
220 280
220 315
221 238
221 272
223 252
224 275
224 303
225 284
227 285
229 297
230 249
230 261
231 288
231 294
232 243
232 298
232 312
234 266
236 279
237 239
238 244
238 255
238 284
238 293
239 285
239 308
244 296
245 287
246 265
246 301
249 304
250 293
252 305
265 287
268 309
268 314
271 305
272 307
272 314
279 286
285 313
287 303
288 292
288 298
296 308
