0 63
0 72
0 130
1 133
1 162
1 265
2 11
2 16
2 60
2 85
2 86
2 87
2 93
2 111
2 124
2 126
2 145
2 152
2 180
2 188
2 191
2 193
2 202
2 214
2 218
2 235
2 263
2 264
2 275
2 287
2 289
2 290
3 15
3 67
3 124
3 165
3 200
3 229
3 303
4 8
4 16
4 36
4 82
4 110
4 138
4 167
4 286
5 37
5 43
5 86
5 87
5 147
5 205
6 26
6 46
6 209
6 284
6 309
7 40
7 44
7 45
7 64
7 83
7 88
7 103
7 118
7 129
7 130
7 133
7 148
7 193
7 206
7 216
7 220
7 239
7 243
7 279
7 285
7 287
7 288
7 297
7 311
8 16
8 31
8 38
8 56
8 107
8 122
8 128
8 130
8 131
8 133
8 134
8 197
8 216
8 217
8 220
8 232
8 284
8 287
8 292
9 131
9 159
9 163
9 220
10 27
10 62
10 284
11 32
11 132
11 193
11 219
11 235
12 16
12 33
12 51
12 66
12 118
12 131
12 133
12 157
12 253
13 29
13 48
13 134
13 195
13 203
13 249
13 278
14 24
14 32
14 48
14 64
14 129
14 138
14 139
14 145
14 149
14 163
14 178
14 179
14 182
15 64
15 100
15 166
15 205
15 210
16 36
16 68
16 74
16 87
16 92
16 118
16 133
16 188
16 191
16 204
16 215
16 217
16 229
16 236
16 249
16 278
17 25
17 60
17 117
17 131
17 171
17 249
17 286
17 302
18 44
18 115
18 130
18 131
18 152
18 178
18 230
18 313
19 32
19 80
19 104
19 208
19 220
20 30
20 41
20 66
20 88
20 133
20 136
20 156
20 179
20 208
20 212
20 214
20 221
20 239
21 47
21 231
21 271
21 315
22 152
22 205
22 312
23 26
23 60
23 135
23 180
23 287
24 79
24 80
24 115
24 129
24 148
24 237
24 310
25 44
25 55
25 70
25 94
25 158
25 169
25 215
25 272
26 271
27 103
27 130
27 206
27 220
28 41
28 43
28 101
28 133
28 135
28 148
28 162
28 209
28 304
29 32
29 39
29 51
29 118
29 135
29 192
29 204
29 243
29 301
30 31
30 33
30 92
30 207
30 221
30 258
31 32
31 40
31 42
31 48
31 54
31 59
31 80
31 136
31 145
31 150
31 196
31 200
31 206
31 208
31 213
31 215
31 248
31 250
31 269
31 296
32 40
32 60
32 65
32 95
32 120
32 129
32 135
32 140
32 156
32 162
32 201
32 216
32 249
32 261
32 273
32 283
32 314
33 54
33 95
33 124
33 128
33 129
33 133
33 134
33 138
33 162
33 180
33 200
33 206
33 249
33 263
33 268
33 296
34 41
34 51
34 89
34 123
34 133
34 134
34 144
34 150
34 159
34 161
34 162
34 179
35 37
35 94
35 100
35 157
36 113
36 149
36 153
36 240
36 273
36 315
37 46
37 135
37 193
37 205
37 218
38 75
38 87
38 96
38 151
38 176
38 230
38 248
38 258
39 60
39 77
39 125
39 148
39 210
39 273
39 283
40 68
40 83
40 96
40 114
40 128
40 130
40 140
40 152
40 159
40 160
40 179
40 287
41 147
41 266
42 91
42 142
42 152
42 216
43 74
43 84
43 92
43 99
43 108
43 122
43 124
43 129
43 135
43 188
43 209
43 210
43 249
43 290
43 305
44 56
44 60
44 129
44 140
44 179
44 181
44 206
44 246
44 251
44 252
45 50
45 59
45 74
45 101
45 106
45 121
45 128
45 131
45 134
45 271
45 288
45 298
46 49
46 56
46 104
46 133
46 135
46 141
46 142
46 181
46 208
46 247
46 304
47 77
47 86
47 92
47 131
47 172
47 230
47 245
47 285
48 63
48 85
48 103
48 133
48 158
48 200
48 243
49 130
49 133
49 146
49 193
49 298
50 67
50 80
50 90
50 110
50 130
50 148
50 190
50 237
50 275
50 315
51 57
51 63
51 68
51 102
51 233
51 238
51 243
52 157
52 160
53 103
54 61
54 76
54 88
54 92
54 216
54 223
54 224
55 179
56 131
56 135
56 161
56 167
56 197
56 213
56 218
56 242
57 123
58 114
58 154
58 237
59 64
59 118
59 156
59 180
59 193
59 283
59 306
60 99
60 136
60 162
60 202
60 210
60 212
60 213
60 302
61 249
62 103
62 130
62 136
62 156
62 258
62 273
62 278
62 288
62 309
63 130
63 133
63 184
64 73
64 108
64 217
64 260
65 134
65 233
66 100
66 120
66 136
66 186
66 223
66 264
67 103
67 138
67 149
67 155
67 159
67 201
67 209
67 233
67 293
67 299
67 302
68 85
68 114
68 140
68 211
68 239
69 99
69 126
69 229
69 249
71 136
72 133
72 188
72 303
73 74
73 110
73 122
73 130
73 148
73 215
73 258
73 308
74 81
74 108
74 118
74 139
74 258
74 287
74 298
75 87
75 118
75 127
75 129
75 188
75 270
75 273
75 275
75 286
75 296
75 311
76 96
76 191
76 215
76 227
76 247
76 249
76 283
77 129
77 152
77 195
77 205
78 108
78 249
78 267
78 287
78 301
79 91
79 122
79 271
80 83
80 106
80 130
80 156
80 159
80 193
80 204
80 286
80 287
80 303
80 304
81 103
81 177
81 197
81 230
82 123
82 179
82 285
83 276
84 131
84 134
85 155
85 175
85 314
86 241
86 278
87 131
87 156
87 205
88 131
88 201
88 235
88 286
89 114
89 132
89 236
89 313
90 105
90 153
90 229
90 231
91 131
91 157
91 296
92 124
92 131
92 134
92 140
92 145
92 156
92 174
92 186
92 230
93 287
94 129
94 131
94 285
95 128
95 131
95 216
96 133
96 214
96 219
96 279
96 314
97 131
97 152
97 180
97 191
97 218
97 225
97 299
98 179
98 206
98 232
98 285
99 103
99 133
99 179
99 288
100 133
101 102
101 123
101 131
101 152
101 156
101 157
101 242
101 265
101 298
102 111
102 114
102 134
102 200
102 206
102 209
102 314
103 126
103 129
103 134
103 137
103 149
103 168
103 220
104 118
104 148
104 173
104 200
104 217
104 241
104 276
104 278
105 159
105 174
105 185
105 200
105 233
105 242
106 124
106 149
106 215
106 221
106 244
106 267
107 140
107 208
107 293
108 124
108 148
108 210
108 236
108 275
108 286
109 249
109 252
109 285
110 148
110 156
110 170
110 234
110 249
110 277
110 286
111 181
111 206
112 128
112 290
112 296
113 162
114 279
114 286
115 204
115 207
115 249
116 274
117 129
117 160
117 171
117 231
117 289
117 304
118 121
118 129
118 136
118 188
118 205
118 231
118 259
118 268
118 269
118 282
119 135
120 162
120 173
121 142
121 167
121 201
121 258
122 191
122 209
122 246
122 287
122 299
123 164
123 283
124 128
124 133
124 136
124 174
124 202
124 235
124 266
126 233
126 304
127 149
127 211
127 220
127 305
128 135
128 206
128 218
128 302
129 134
129 136
129 148
129 152
129 158
129 159
129 161
129 179
129 193
129 206
129 209
129 215
129 218
129 239
129 246
129 260
129 263
129 284
129 304
129 308
129 310
129 312
129 314
130 133
130 138
130 140
130 142
130 148
130 164
130 172
130 182
130 191
130 204
130 218
130 221
130 230
130 233
130 238
130 249
130 251
130 267
130 280
130 297
131 133
131 135
131 139
131 156
131 208
131 227
131 231
131 233
131 234
131 278
131 286
131 302
131 304
132 158
132 268
133 137
133 200
133 202
133 203
133 204
133 206
133 212
133 215
133 217
133 230
133 233
133 234
133 240
133 244
133 259
133 298
133 304
133 309
134 135
134 136
134 142
134 151
134 164
134 180
134 206
134 215
134 216
134 223
134 225
134 256
134 264
134 265
134 278
134 281
134 287
134 293
134 302
135 149
135 154
135 158
135 165
135 175
135 195
135 203
135 208
135 224
135 265
135 286
135 288
135 298
135 306
136 181
136 188
136 194
136 215
136 239
136 251
136 265
136 275
136 279
136 305
137 197
137 199
138 191
138 217
139 156
140 158
140 160
140 167
140 200
140 202
140 243
140 282
141 214
142 213
142 249
142 257
142 309
143 195
143 266
144 288
145 156
145 160
145 238
145 264
145 274
147 151
147 276
148 169
148 185
148 220
148 260
148 274
149 200
149 209
149 288
151 157
152 180
152 200
152 243
152 264
152 265
152 287
152 308
153 156
153 171
153 200
153 268
154 193
154 205
154 213
154 304
156 167
156 179
156 180
156 188
156 210
156 216
156 260
156 288
156 292
156 304
157 174
157 191
157 201
157 239
157 259
158 159
158 258
158 295
159 163
159 198
160 188
160 191
160 197
160 287
161 258
162 204
162 281
163 287
164 244
164 276
164 304
166 241
166 266
167 234
167 236
167 246
167 265
167 286
167 303
167 307
167 309
167 310
168 248
169 178
169 210
171 180
172 195
172 206
172 233
172 234
172 269
173 188
173 231
173 266
173 293
174 206
174 238
174 275
175 262
175 272
175 277
179 307
180 209
180 260
180 266
180 276
180 287
180 296
180 315
181 193
182 193
182 212
182 242
184 193
184 234
185 199
185 200
186 283
187 271
188 191
188 195
188 214
188 258
188 273
188 284
188 305
188 314
189 248
190 281
191 214
192 247
192 305
193 233
193 247
193 272
193 298
195 264
196 287
196 304
197 229
197 258
197 285
197 297
200 217
200 275
200 279
200 287
201 219
201 275
201 284
201 305
202 239
202 290
204 210
205 210
205 220
206 240
206 249
208 233
208 279
209 287
210 249
210 285
210 298
210 305
210 306
211 231
211 282
212 273
212 275
213 220
214 231
214 310
215 236
215 301
216 224
216 232
216 274
217 233
218 228
219 220
219 257
219 270
219 277
219 288
220 255
220 272
221 239
222 242
222 302
224 240
224 241
224 285
224 293
224 304
229 250
229 274
230 287
231 271
231 286
231 292
239 249
239 288
240 269
241 295
243 312
244 285
245 249
245 283
245 288
246 291
247 275
248 314
249 285
252 274
257 264
261 276
269 272
269 285
270 288
271 276
271 286
272 310
275 285
275 309
282 287
284 312
284 314
285 292
286 314
287 292
287 302
287 305
287 311
288 305
289 295
292 303
293 298
294 306
