0 131
0 133
0 219
0 223
0 266
1 56
1 92
1 174
1 292
2 3
2 7
2 32
2 46
2 48
2 50
2 98
2 103
2 104
2 105
2 135
2 238
2 287
2 298
3 97
3 188
4 36
4 110
4 140
4 142
4 147
4 153
4 258
4 260
5 103
5 106
5 130
5 185
5 233
5 287
6 41
6 75
6 87
6 103
6 169
6 180
6 241
6 244
6 300
7 8
7 16
7 59
7 62
7 89
7 136
7 203
7 231
7 258
7 281
8 11
8 40
8 41
8 60
8 103
8 128
8 131
8 150
8 156
8 184
8 266
9 27
9 30
9 130
9 188
9 233
9 270
9 279
9 303
10 29
10 68
10 104
10 129
10 140
10 213
11 110
11 140
11 156
12 62
12 105
12 133
12 154
12 188
12 212
12 222
12 231
12 236
12 249
12 277
12 302
13 16
13 31
13 92
13 93
13 136
13 148
13 151
13 243
13 245
13 312
14 32
14 50
14 98
14 137
14 272
15 16
15 56
15 80
15 122
15 131
15 157
15 160
15 167
15 188
16 25
16 27
16 33
16 52
16 80
16 89
16 93
16 94
16 118
16 130
16 149
16 156
16 193
16 198
16 208
16 243
17 73
17 106
17 135
18 60
18 106
18 129
18 179
18 294
19 24
19 59
19 133
19 204
20 22
20 40
20 42
20 43
20 91
20 130
20 137
20 172
20 188
20 238
21 41
21 115
21 271
22 35
23 59
23 288
24 34
24 50
24 74
24 88
24 99
24 154
24 220
25 64
25 101
25 110
25 129
26 32
26 71
26 136
26 180
26 294
26 299
27 203
27 255
27 286
27 287
28 62
28 95
28 118
28 135
28 171
28 178
28 249
28 281
29 47
29 209
29 222
29 246
29 248
29 288
30 31
30 48
30 63
30 174
30 176
30 179
30 201
30 211
30 241
30 263
30 313
31 42
31 54
31 80
31 97
31 98
31 130
31 135
31 210
31 219
31 235
31 283
32 48
32 66
32 79
32 103
32 110
32 129
32 134
32 136
32 138
32 169
32 188
32 200
32 201
32 217
32 220
32 241
32 276
32 287
33 34
33 62
33 67
33 68
33 92
33 134
33 151
33 154
33 166
33 167
33 170
33 255
33 288
33 304
34 85
34 101
34 129
34 156
34 158
34 211
34 244
34 292
35 211
36 134
36 154
36 162
36 241
36 305
36 313
37 52
37 106
37 108
37 129
37 131
37 154
37 227
37 272
38 81
38 139
38 249
38 298
38 304
39 41
39 62
39 130
39 200
39 215
39 229
40 49
40 129
40 156
40 159
40 223
40 224
40 228
40 302
41 43
41 48
41 59
41 86
41 110
41 133
41 154
41 175
41 238
41 260
42 75
42 88
42 155
42 167
42 219
42 241
42 242
43 158
43 219
43 233
44 56
44 133
44 185
44 239
45 56
45 135
45 213
45 223
45 239
45 272
45 276
45 288
46 71
46 89
46 120
46 121
46 130
46 135
46 156
46 208
46 213
46 314
47 84
47 130
47 133
47 134
47 151
48 71
48 90
48 185
48 239
48 285
49 114
49 132
49 151
49 188
49 243
49 314
50 69
50 102
50 175
50 189
50 190
50 283
51 52
51 53
51 60
51 70
51 101
51 109
51 111
51 134
51 220
51 272
51 288
53 93
53 239
54 65
54 94
54 287
55 86
55 134
55 184
55 234
55 258
55 275
56 82
56 111
56 122
56 172
56 180
56 210
56 217
56 239
57 115
57 118
57 133
58 89
58 144
58 188
58 237
59 69
59 91
59 103
59 107
59 129
59 156
59 181
59 210
59 215
59 233
59 244
60 110
60 133
60 142
60 172
60 186
60 193
60 246
60 301
60 309
61 72
61 83
61 169
61 194
61 212
61 215
61 224
61 249
61 299
62 105
62 152
62 184
62 193
62 272
63 64
63 85
63 156
63 242
63 287
64 117
64 133
64 135
64 145
64 193
64 272
64 292
65 69
65 148
65 154
65 193
66 70
66 250
66 273
67 110
67 118
67 130
67 133
67 173
67 303
68 69
68 77
68 129
68 134
68 183
68 201
68 216
68 220
68 231
69 105
70 130
70 167
70 220
70 306
71 145
71 193
71 237
72 122
72 278
73 103
73 124
73 237
73 298
74 75
74 160
74 163
74 283
75 98
75 218
75 284
76 149
76 167
76 181
76 215
77 129
77 133
77 134
77 242
78 118
79 94
79 106
79 112
79 135
79 193
79 218
79 236
79 283
80 96
80 133
80 159
80 270
80 287
81 92
81 159
81 179
81 193
81 265
81 269
81 292
82 105
83 287
85 109
85 139
85 283
86 135
86 217
87 95
87 112
87 122
87 136
87 192
87 197
87 199
87 200
87 206
87 284
87 288
87 314
88 92
88 156
88 264
89 104
89 107
89 124
89 156
89 218
90 162
90 205
90 260
90 286
91 122
91 133
92 126
92 128
92 140
92 148
92 160
92 163
92 266
93 136
94 136
94 188
94 195
94 260
94 309
95 209
95 210
95 220
96 191
96 205
96 287
97 110
97 129
97 164
97 198
97 220
97 271
98 166
98 244
98 278
98 304
99 106
99 249
99 264
99 272
100 105
100 287
101 133
101 135
101 151
101 241
101 297
102 130
102 136
102 150
102 154
102 206
102 207
102 218
102 247
102 279
102 283
102 296
103 104
103 112
103 135
103 146
103 159
103 192
103 193
103 210
103 253
103 265
103 286
103 299
104 128
104 136
104 155
104 197
104 283
104 296
105 129
105 185
105 237
106 134
106 173
106 235
106 266
106 285
107 167
107 179
108 160
108 187
108 212
108 240
108 241
109 129
109 131
109 136
109 145
109 162
109 231
110 146
110 200
110 210
110 239
110 249
110 279
111 134
111 135
111 138
112 131
112 133
112 140
112 213
112 285
113 146
113 225
114 117
114 129
114 241
114 249
114 285
115 182
115 201
116 173
116 258
117 134
117 210
117 226
117 281
117 288
118 121
118 133
118 134
118 143
118 156
118 191
118 212
118 249
118 263
119 191
119 200
119 217
119 293
120 132
120 135
120 158
120 201
120 303
121 122
121 129
121 164
121 171
121 189
121 247
122 128
122 132
122 138
122 156
122 212
122 224
122 227
122 255
122 286
122 315
123 128
123 129
123 138
123 154
123 207
123 259
124 131
124 136
124 180
124 195
124 244
124 248
124 250
124 268
124 284
124 287
127 137
127 154
127 179
128 135
128 146
128 173
129 130
129 134
129 138
129 164
129 166
129 171
129 175
129 197
129 201
129 205
129 206
129 215
129 217
129 229
129 239
129 264
129 306
129 315
130 135
130 156
130 160
130 167
130 171
130 182
130 195
130 217
130 230
130 249
130 255
130 259
130 268
130 269
130 284
130 290
130 304
131 133
131 139
131 145
131 161
131 200
131 212
131 220
131 230
131 249
131 255
131 274
131 277
131 279
131 304
132 211
133 135
133 180
133 195
133 234
133 239
133 252
133 264
133 272
133 273
133 282
134 135
134 136
134 137
134 156
134 157
134 160
134 163
134 167
134 180
134 219
134 224
134 239
134 260
134 261
134 268
134 272
134 273
134 299
134 305
134 307
135 154
135 161
135 184
135 188
135 205
135 208
135 214
135 216
135 220
135 243
135 277
135 284
135 288
135 314
136 154
136 157
136 181
136 185
136 197
136 243
136 278
136 286
137 189
137 286
137 307
138 140
138 189
138 212
138 216
138 233
138 234
138 239
138 275
138 287
138 299
139 164
140 227
141 180
141 249
143 179
144 242
145 156
145 217
145 258
146 189
146 286
147 186
147 229
148 149
148 192
148 269
148 304
149 164
149 231
149 249
149 314
150 190
150 245
150 309
151 246
152 157
152 162
152 180
152 189
153 206
154 185
154 271
154 274
156 184
156 198
156 220
156 237
156 265
156 266
156 287
157 160
157 184
157 210
157 230
157 264
157 315
158 164
158 272
159 224
159 272
160 168
160 265
161 243
161 301
161 315
162 193
162 196
162 200
162 229
162 268
162 271
164 205
164 245
164 258
164 264
165 224
166 249
167 204
167 230
167 242
171 229
171 281
173 204
174 192
174 272
174 301
176 231
177 286
179 188
179 239
179 292
180 191
180 211
180 228
180 231
180 241
181 234
182 193
182 272
183 230
184 242
184 299
185 193
185 234
185 239
185 281
185 299
186 213
186 301
187 288
188 212
188 215
188 220
190 261
191 242
191 247
191 286
192 210
192 222
192 278
193 205
193 223
193 249
193 274
193 307
193 313
194 217
195 215
195 223
195 270
195 284
195 287
196 234
196 286
197 208
197 265
198 288
200 210
200 219
200 238
200 248
200 275
200 313
201 217
201 220
201 265
201 272
201 284
201 302
203 298
204 218
204 232
205 235
205 242
205 268
205 271
205 273
205 287
205 304
206 239
206 250
206 266
207 247
207 249
208 285
210 286
210 287
211 254
213 283
213 287
215 239
215 288
216 249
216 291
217 229
217 259
217 285
217 311
218 220
218 303
220 235
220 244
220 274
220 287
220 292
220 299
220 301
220 309
224 285
224 303
230 290
231 255
231 283
232 256
233 252
236 294
238 285
238 301
239 244
239 276
240 258
240 268
240 303
241 304
242 267
243 265
245 246
245 298
246 285
248 301
249 258
249 260
250 256
251 288
252 261
252 315
255 271
255 292
256 286
257 315
260 276
261 288
261 299
262 300
263 298
264 265
267 276
267 287
267 288
269 287
272 287
273 286
273 297
278 286
285 286
285 305
286 288
286 291
287 288
287 289
288 309
288 315
290 307
293 305
294 303
295 299
