0 8
0 32
0 46
0 89
0 105
0 140
0 272
1 74
1 103
1 122
1 134
1 189
1 202
1 288
2 25
2 50
2 51
2 79
2 80
2 93
2 103
2 130
2 133
2 142
2 143
2 145
2 193
2 217
2 219
2 228
2 266
2 278
3 42
3 135
3 157
3 242
4 84
4 87
4 133
4 134
4 167
4 200
4 232
4 266
4 298
5 16
5 25
5 74
5 103
5 105
5 109
5 118
5 119
5 123
5 146
5 210
6 103
6 131
6 134
6 226
6 311
7 21
7 28
7 30
7 106
7 122
7 135
7 137
7 148
7 193
7 272
7 298
8 9
8 10
8 13
8 16
8 34
8 40
8 74
8 75
8 92
8 97
8 101
8 104
8 121
8 129
8 134
8 135
8 148
8 156
8 162
8 191
8 258
8 288
9 71
9 118
9 134
9 136
9 184
9 272
9 287
9 292
10 43
10 80
11 101
11 135
11 142
11 180
12 54
12 60
12 64
12 117
12 124
12 129
12 134
12 152
12 206
13 143
13 152
13 205
13 213
13 249
14 20
14 36
14 131
14 199
14 263
14 274
14 287
15 57
15 88
15 155
15 167
15 180
15 214
15 241
15 297
16 33
16 35
16 47
16 56
16 60
16 64
16 79
16 81
16 99
16 105
16 129
16 131
16 135
16 164
16 173
16 178
16 207
16 213
16 220
16 260
16 278
16 305
17 77
17 97
17 112
17 129
17 131
17 206
17 249
17 286
18 28
18 59
18 101
18 124
18 172
18 247
18 268
19 134
20 129
20 133
20 153
20 156
20 180
20 206
20 231
21 42
21 84
21 129
21 242
23 176
24 157
24 249
24 286
25 118
25 122
25 149
25 156
25 220
25 221
25 222
25 238
25 246
25 247
25 291
26 130
26 288
27 50
27 118
28 68
28 176
28 208
28 238
28 239
28 277
28 293
28 297
29 68
29 96
29 133
29 138
29 193
29 206
29 220
30 83
30 305
31 51
31 102
31 105
31 110
31 122
31 131
31 138
31 145
31 165
31 167
31 249
31 258
31 270
31 292
31 298
32 56
32 72
32 74
32 120
32 131
32 135
32 141
32 144
32 148
32 193
32 206
32 223
32 234
32 244
32 286
33 34
33 40
33 82
33 87
33 97
33 98
33 157
33 213
33 220
33 221
33 270
33 310
34 114
34 220
34 242
34 249
35 81
35 120
35 129
35 247
36 61
36 98
36 105
36 106
36 117
36 129
36 207
36 236
36 269
36 286
36 296
37 38
37 92
37 135
37 169
37 170
37 187
38 59
38 87
38 92
38 118
38 201
38 242
38 266
39 64
39 136
39 167
39 265
39 303
40 50
40 51
40 57
40 130
40 184
40 200
40 283
41 67
41 97
41 134
41 159
41 167
41 200
41 267
42 46
42 48
42 87
42 133
42 244
42 275
43 44
43 97
43 109
43 236
44 50
44 74
44 121
44 163
44 309
44 314
45 56
45 59
45 78
45 117
45 118
45 124
45 134
45 171
45 205
45 262
45 298
46 65
46 101
46 103
46 121
46 149
46 156
46 172
46 200
46 218
46 258
46 272
46 303
47 79
47 83
47 91
47 131
47 140
47 157
47 166
47 230
47 232
47 266
48 60
48 99
48 141
48 164
48 249
49 269
50 69
50 98
50 106
50 110
50 127
50 147
50 156
50 266
51 52
51 246
51 253
51 305
52 130
52 259
53 188
54 133
54 157
54 197
55 87
55 135
55 168
55 178
55 193
55 242
55 286
56 62
56 87
56 129
56 149
56 152
56 213
56 314
57 130
57 257
58 77
58 81
58 98
58 196
58 229
59 68
59 153
59 184
59 278
60 85
60 105
60 107
60 131
60 148
60 194
60 239
60 244
60 275
61 74
61 134
61 148
61 286
62 85
62 107
62 130
62 148
62 180
62 229
62 258
62 271
63 127
63 200
63 258
64 86
64 125
64 130
64 180
64 210
64 221
64 227
64 249
64 287
65 107
65 130
65 149
65 160
66 114
66 152
66 217
66 239
67 79
67 103
67 120
67 133
67 160
67 180
67 256
67 287
68 74
68 113
68 129
68 221
69 148
69 206
69 274
70 117
71 185
71 249
72 75
72 124
72 129
72 149
72 159
72 298
73 233
73 274
73 295
74 102
74 103
74 105
74 138
74 155
74 191
74 220
74 255
74 275
74 288
75 103
75 154
75 156
75 164
75 180
75 188
76 180
76 209
76 249
77 207
77 287
78 188
78 239
78 285
78 287
79 108
79 169
80 88
80 105
80 191
80 242
81 88
81 132
81 134
81 142
81 148
81 156
82 117
82 209
83 129
83 140
83 215
83 265
84 138
84 163
84 238
85 98
85 131
85 155
85 177
85 193
85 246
85 307
86 92
86 102
86 175
86 210
86 288
87 241
87 280
87 287
87 288
88 150
88 182
88 197
88 242
89 102
89 288
90 252
91 92
91 116
91 130
91 179
91 188
91 191
92 103
92 142
92 150
92 224
92 272
92 273
92 291
93 117
93 135
94 108
94 156
94 176
94 196
94 222
94 315
95 281
96 127
96 128
96 130
96 131
96 243
96 284
97 156
97 157
97 220
97 224
97 244
97 282
97 283
98 103
98 106
98 124
98 129
98 160
98 228
98 285
98 304
99 210
100 258
101 117
101 123
101 156
101 235
101 287
101 303
101 311
102 112
102 130
102 154
102 159
102 197
102 198
103 118
103 131
103 158
103 168
103 180
103 201
103 220
103 221
103 224
103 230
103 274
103 294
103 296
103 312
104 129
104 159
104 178
104 179
104 216
105 195
105 196
105 209
105 280
105 285
106 209
106 214
106 252
106 283
107 134
107 158
107 180
107 196
108 285
109 150
109 288
110 133
110 134
110 156
110 233
110 273
111 134
111 136
111 285
111 290
113 129
114 130
115 121
115 133
115 154
115 261
116 133
116 157
116 200
116 239
117 154
117 156
117 247
117 274
117 279
117 287
118 124
118 133
118 160
118 167
118 196
118 214
118 236
118 276
118 278
118 284
118 293
119 167
120 134
120 210
120 261
120 287
120 315
121 129
121 156
121 236
121 269
122 200
122 217
122 273
122 275
122 298
123 150
123 224
123 285
124 129
124 135
124 145
124 156
124 180
124 185
124 276
124 303
127 312
128 141
128 179
128 220
128 243
129 148
129 152
129 156
129 157
129 160
129 171
129 198
129 210
129 223
129 231
129 232
129 238
129 241
129 244
129 247
129 250
129 258
129 260
129 276
129 281
129 287
129 293
129 296
129 302
129 313
130 133
130 135
130 136
130 160
130 172
130 180
130 209
130 213
130 217
130 220
130 222
130 230
130 232
130 263
130 269
130 287
130 298
130 303
130 315
131 135
131 152
131 172
131 185
131 188
131 200
131 201
131 210
131 244
132 139
132 232
132 303
133 148
133 153
133 174
133 175
133 182
133 184
133 189
133 208
133 227
133 233
133 236
133 237
133 251
133 263
133 269
133 273
133 275
133 287
133 288
133 293
133 297
133 301
133 307
134 145
134 152
134 157
134 158
134 159
134 180
134 195
134 214
134 224
134 232
134 249
134 257
134 264
134 276
134 311
135 136
135 144
135 156
135 160
135 179
135 210
135 220
135 242
135 268
135 272
135 286
135 288
136 150
136 165
136 167
136 184
136 187
136 225
136 232
136 242
136 245
136 248
136 265
136 285
136 292
136 301
137 211
137 252
137 278
138 188
138 287
139 176
139 193
139 239
140 220
140 232
140 291
140 304
141 176
142 210
142 223
142 304
145 212
145 239
145 270
148 158
148 210
148 211
148 217
148 220
148 231
149 179
149 211
149 221
149 234
149 249
149 280
149 285
150 156
150 214
150 279
151 161
151 190
151 286
152 161
152 166
152 237
152 239
152 283
153 276
154 161
155 185
155 287
155 298
156 158
156 167
156 169
156 172
156 190
156 200
156 207
156 221
156 230
156 259
156 283
156 293
156 315
157 172
157 181
157 205
157 210
157 218
157 242
157 249
157 250
157 291
157 304
158 285
160 168
160 209
160 280
160 298
160 305
160 307
161 232
161 287
162 173
162 200
164 196
164 233
164 238
164 296
167 230
167 266
167 275
167 284
168 220
169 205
170 196
170 285
171 244
171 260
171 305
172 227
172 230
172 264
173 299
173 309
174 249
174 265
174 285
175 242
175 298
177 188
177 298
178 249
178 269
179 239
179 313
180 195
180 213
180 236
180 258
180 275
180 303
180 313
181 216
181 278
182 266
184 314
185 249
185 294
185 298
188 217
188 238
189 287
191 230
192 283
193 197
193 223
193 247
193 249
193 293
194 216
194 219
194 226
195 286
196 273
197 218
197 227
197 288
198 282
198 285
200 204
200 206
200 218
200 233
201 270
202 212
202 274
204 264
205 263
206 239
206 286
207 227
208 252
208 272
208 314
209 303
209 309
210 223
210 241
210 243
210 249
210 258
210 295
211 286
211 287
213 215
214 282
214 289
215 219
215 260
215 271
215 283
218 255
218 277
219 290
219 311
220 241
220 269
220 276
220 302
220 313
221 252
221 279
223 291
224 244
224 266
224 286
224 302
228 233
228 249
228 286
229 295
229 313
235 305
235 315
238 308
238 311
239 301
240 265
240 300
241 309
242 272
243 303
244 277
248 283
249 310
251 288
254 287
259 271
259 284
263 271
264 269
264 280
264 287
268 287
272 281
276 287
278 309
279 315
283 303
283 304
284 313
285 287
285 315
286 287
286 309
287 288
287 294
287 305
304 312
