0 60
0 68
0 77
0 172
0 200
0 242
1 7
1 45
1 118
1 122
1 124
1 135
1 156
1 246
1 297
2 14
2 31
2 53
2 56
2 77
2 84
2 88
2 136
2 171
2 190
2 196
2 213
2 242
2 247
2 279
2 304
2 307
3 118
3 130
3 149
4 18
4 20
4 35
4 74
4 105
4 129
4 130
4 136
5 46
5 48
5 87
5 224
6 8
6 66
6 154
6 158
6 159
6 249
7 15
7 36
7 56
7 87
7 93
7 131
7 155
7 166
7 167
7 174
7 219
7 229
7 249
7 282
8 16
8 68
8 120
8 124
8 129
8 131
8 157
8 158
8 200
8 238
8 286
8 287
8 303
8 305
9 16
9 54
9 67
9 94
9 195
9 287
9 288
9 304
10 16
10 204
10 286
11 78
11 156
11 260
12 18
12 118
12 130
12 131
12 157
12 205
12 215
13 99
13 115
13 129
13 145
13 162
13 193
13 217
13 288
14 80
14 129
14 133
14 207
14 269
15 46
15 96
15 97
15 180
15 214
15 277
15 287
15 296
16 32
16 52
16 89
16 98
16 105
16 110
16 112
16 130
16 153
16 156
16 197
16 200
16 204
16 210
16 239
16 276
16 283
16 288
16 305
17 33
17 125
18 76
18 81
18 83
18 124
18 145
18 176
18 255
19 25
19 161
19 194
19 266
20 44
20 70
20 72
20 75
20 95
20 137
20 145
20 156
20 164
20 182
20 278
20 285
20 287
21 51
21 80
21 134
22 115
22 176
22 269
23 80
23 104
23 114
23 118
23 130
23 159
23 172
23 286
23 305
24 50
24 60
24 177
24 193
24 214
24 307
25 91
25 149
25 164
25 182
25 229
26 307
27 46
27 50
27 94
27 129
27 155
27 200
27 205
27 212
28 78
28 131
28 148
28 161
28 180
28 187
28 204
28 232
29 98
29 118
29 148
29 188
29 216
30 38
30 51
30 68
30 101
30 197
30 233
31 33
31 34
31 63
31 68
31 78
31 105
31 108
31 115
31 134
31 167
31 204
31 205
31 210
31 234
31 281
31 286
31 287
31 288
32 34
32 38
32 56
32 66
32 74
32 102
32 129
32 131
32 135
32 149
32 160
32 195
32 206
32 245
32 247
32 287
33 49
33 69
33 128
33 129
33 136
33 208
33 221
33 223
33 249
34 56
34 118
34 131
34 138
34 193
34 220
34 249
34 298
35 89
35 136
35 214
35 275
36 97
36 116
36 130
36 204
36 215
36 305
37 135
38 67
38 78
38 208
39 49
39 50
39 74
39 107
39 133
39 242
39 309
40 111
40 141
40 156
40 208
40 234
40 236
40 286
41 59
41 104
41 130
41 134
41 193
41 195
41 238
41 273
41 304
41 315
42 48
42 59
42 121
42 131
42 145
42 216
42 236
42 302
43 92
43 98
43 104
43 172
43 191
43 246
44 80
44 131
44 247
45 49
45 50
45 59
45 108
45 114
45 128
45 136
45 157
45 159
45 188
45 202
45 268
45 298
45 310
46 50
46 74
46 84
46 91
46 121
46 131
46 132
46 134
46 157
46 175
46 240
47 58
47 59
47 84
47 94
47 130
47 212
47 213
47 214
47 222
47 258
48 141
48 185
48 263
48 269
49 135
49 143
49 190
50 73
50 103
50 135
50 171
50 188
50 200
50 255
50 269
50 283
50 313
51 63
51 133
51 208
51 270
51 275
52 249
52 310
53 75
53 135
53 143
53 244
53 258
53 275
54 62
54 94
54 130
54 135
54 166
54 193
54 208
54 210
55 88
55 101
55 134
55 161
55 193
55 271
56 75
56 76
56 118
56 135
56 158
56 200
56 218
56 247
57 101
57 152
57 303
58 95
59 67
59 75
59 88
59 95
59 110
59 122
59 131
59 148
59 157
59 212
59 251
59 303
60 74
60 150
60 182
60 233
60 249
60 307
61 130
61 134
61 150
61 188
61 269
62 127
62 129
62 131
63 106
63 129
63 159
64 103
64 132
64 156
64 219
64 244
64 247
64 290
65 134
65 223
66 134
66 150
66 223
67 102
67 104
67 112
67 136
67 157
67 173
67 223
67 239
67 267
67 286
67 288
67 293
67 311
68 111
68 129
68 148
68 149
68 180
68 287
69 173
69 180
69 305
70 124
71 188
71 255
72 82
72 121
72 258
73 160
73 191
73 298
74 154
74 192
74 224
74 248
74 267
74 298
75 131
75 133
75 265
76 106
76 239
76 267
76 284
78 91
78 134
79 178
80 135
80 136
80 172
80 178
80 184
80 210
80 212
80 245
80 299
80 304
81 100
81 136
81 233
81 266
84 134
85 149
85 167
85 212
85 217
85 267
86 105
86 166
86 206
86 244
87 112
87 134
87 167
87 257
87 269
87 278
87 288
88 136
88 191
88 198
88 246
89 173
89 231
89 296
90 107
90 153
90 196
90 219
90 239
91 160
91 192
91 259
92 149
92 174
92 188
92 202
92 205
92 293
93 200
94 121
94 239
94 244
94 299
95 97
95 164
95 218
95 280
96 101
96 254
96 279
97 130
97 140
97 143
97 156
97 267
97 301
98 133
98 135
98 138
99 134
99 304
99 307
100 115
100 157
101 113
101 135
101 179
101 201
101 202
101 204
101 219
101 239
101 255
101 305
102 103
102 140
102 204
102 210
102 218
102 249
102 261
102 265
102 283
102 287
102 294
103 104
103 110
103 119
103 124
103 130
103 135
103 178
103 212
103 292
103 295
104 130
104 131
104 151
104 158
104 232
104 304
104 314
105 293
106 136
106 142
106 249
107 118
107 121
107 133
107 141
107 156
107 211
107 234
108 138
108 232
108 249
108 264
108 299
109 150
109 165
109 188
109 208
109 219
110 130
110 133
110 135
110 157
110 162
110 180
111 173
111 177
111 178
111 224
111 308
112 142
113 217
114 129
114 157
114 224
114 286
114 306
115 154
115 220
115 249
116 160
117 223
117 238
117 293
117 302
118 147
118 174
118 181
118 197
118 224
118 230
118 264
118 276
118 287
119 121
119 123
120 148
120 195
121 135
121 141
121 163
122 128
122 133
122 136
122 187
122 220
122 238
122 288
122 303
123 130
123 272
124 197
124 206
124 275
125 200
125 287
126 271
128 131
128 223
128 298
129 134
129 136
129 161
129 184
129 185
129 202
129 209
129 211
129 213
129 260
129 273
129 274
129 304
129 305
129 314
130 135
130 138
130 157
130 163
130 176
130 185
130 188
130 195
130 213
130 220
130 230
130 232
130 239
130 249
130 251
130 256
130 268
130 298
130 303
130 304
130 315
131 133
131 135
131 154
131 156
131 157
131 207
131 214
131 233
131 239
131 240
131 249
131 255
131 269
131 286
131 287
131 288
131 306
131 311
132 147
132 165
132 267
132 307
132 314
133 138
133 140
133 142
133 145
133 157
133 165
133 172
133 173
133 182
133 193
133 200
133 204
133 210
133 224
133 232
133 239
133 240
133 242
133 246
133 263
133 284
133 287
133 313
133 315
134 135
134 137
134 139
134 159
134 179
134 193
134 200
134 206
134 209
134 218
134 243
134 264
134 266
134 268
134 287
134 293
134 305
135 158
135 160
135 167
135 179
135 209
135 210
135 215
135 239
135 246
135 249
135 265
135 273
135 288
135 301
135 304
136 194
136 205
136 206
136 224
136 228
136 238
136 245
136 255
136 279
136 287
136 288
137 181
137 193
137 255
138 145
138 235
139 241
139 261
140 154
140 156
140 203
140 214
140 221
140 245
140 251
140 303
141 209
141 256
142 148
142 193
142 212
142 242
142 283
143 248
143 254
145 177
145 192
145 279
146 179
148 171
148 287
149 181
149 186
149 206
149 215
150 205
150 238
151 172
151 188
152 156
152 215
152 221
152 224
152 233
152 311
153 195
153 312
155 156
155 232
155 242
156 165
156 167
156 206
156 210
156 221
156 225
156 238
156 249
156 293
156 298
156 303
156 304
156 307
157 167
157 180
157 209
157 300
158 200
158 219
159 233
159 264
160 161
160 180
160 182
160 233
160 249
160 292
161 298
162 179
162 242
162 264
164 219
164 225
164 271
165 208
165 276
165 288
166 210
167 175
167 215
167 234
167 251
168 303
169 241
169 313
173 237
173 308
174 194
174 285
174 307
176 185
176 206
177 310
178 193
179 223
179 224
180 219
180 249
180 261
180 304
181 288
181 305
182 188
183 223
184 200
184 208
185 308
185 309
187 218
187 315
188 193
188 255
188 309
189 212
191 220
193 211
193 232
193 235
193 252
193 261
193 275
193 287
193 288
193 304
194 257
195 220
195 249
196 283
197 239
197 281
197 286
200 210
200 224
200 239
200 280
200 310
201 230
202 288
205 215
205 245
205 299
205 308
206 239
206 241
206 265
206 286
206 305
208 287
209 242
210 268
210 285
211 220
211 244
211 278
212 215
212 240
213 267
215 284
216 233
216 280
216 309
217 249
218 276
219 241
219 288
220 224
220 239
220 244
220 264
220 281
221 292
223 312
224 244
227 292
229 259
232 285
232 288
232 299
233 234
233 261
233 263
236 239
236 275
236 308
239 247
239 252
239 269
239 270
241 242
241 288
241 298
242 248
242 276
242 283
243 288
244 266
244 276
246 301
246 306
247 299
248 260
249 286
250 313
252 295
252 304
253 269
254 298
258 277
258 314
260 286
266 298
267 288
268 308
269 276
270 293
271 293
271 295
272 287
280 295
282 283
283 306
285 287
285 298
286 299
287 295
288 296
288 299
301 312
