0 220
0 271
1 28
1 47
1 122
1 159
1 173
2 18
2 74
2 121
2 133
2 147
2 151
2 206
2 211
2 220
2 226
2 233
2 267
2 269
3 39
3 135
3 138
3 246
4 35
4 118
5 38
5 102
5 133
5 137
5 142
5 229
5 275
5 292
5 293
6 47
6 88
6 129
6 135
6 156
6 193
6 259
6 276
6 288
7 33
7 51
7 75
7 77
7 114
7 118
7 180
7 187
7 216
7 224
7 234
7 258
7 271
7 272
7 290
8 21
8 47
8 86
8 87
8 94
8 135
8 143
8 164
8 167
8 175
8 195
8 207
8 210
8 239
8 275
8 279
8 305
9 39
9 160
9 216
9 244
10 18
10 123
10 243
10 257
11 110
11 123
11 131
11 140
11 142
11 169
11 205
11 236
12 18
12 56
12 73
12 88
12 96
12 110
12 112
12 154
12 164
12 220
12 266
13 80
13 101
13 103
13 240
13 281
13 288
14 17
14 40
14 57
14 64
14 73
14 77
14 78
14 122
14 193
14 197
14 216
14 288
14 303
15 31
15 47
15 108
15 118
15 180
15 203
15 205
15 244
15 276
15 283
16 18
16 20
16 31
16 45
16 49
16 70
16 75
16 77
16 94
16 112
16 129
16 133
16 134
16 160
16 196
16 245
16 258
16 261
16 265
16 275
17 32
17 129
17 131
17 157
17 213
17 217
17 285
17 295
18 30
18 130
18 133
18 157
18 193
18 206
18 212
18 292
19 131
19 231
20 49
20 104
20 135
20 220
20 239
21 46
21 210
21 222
22 43
22 98
23 79
23 111
23 124
23 167
23 215
24 224
25 60
25 133
25 180
25 245
25 276
25 284
25 305
26 135
26 154
26 294
27 37
27 69
27 135
27 148
28 67
28 106
28 137
28 142
28 156
28 200
28 217
29 39
29 40
29 61
29 68
29 89
29 148
29 185
30 80
30 82
30 205
30 222
30 286
30 292
31 36
31 45
31 46
31 54
31 86
31 105
31 112
31 113
31 130
31 133
31 143
31 150
31 192
31 239
31 247
31 309
32 33
32 37
32 50
32 54
32 79
32 108
32 119
32 134
32 200
32 241
32 288
33 49
33 84
33 87
33 108
33 113
33 123
33 132
33 136
33 145
33 150
33 188
33 194
33 220
33 236
33 250
33 286
33 287
34 35
34 60
34 131
34 132
34 156
34 172
34 197
34 292
35 61
35 129
35 141
35 200
35 224
35 243
35 290
35 305
36 86
36 134
36 193
36 287
37 110
37 124
37 131
37 157
37 162
37 167
37 217
37 239
38 133
38 201
38 269
39 249
39 313
40 74
40 101
40 134
40 136
40 180
40 188
40 195
40 211
40 268
41 62
41 128
41 287
42 68
42 82
42 115
42 129
42 130
42 154
42 239
42 271
43 44
43 83
43 108
43 156
43 177
43 300
44 126
44 134
45 104
45 133
45 137
45 238
45 286
46 51
46 98
46 122
46 140
46 143
46 188
46 196
46 200
46 229
46 270
47 107
47 112
47 115
47 116
47 124
47 213
47 221
48 80
48 175
48 180
48 244
48 255
49 96
49 99
49 108
49 121
49 143
49 213
49 236
49 288
49 305
50 66
50 67
50 92
50 114
50 118
50 131
50 224
50 284
50 286
51 89
51 133
51 140
51 167
51 210
51 220
51 233
52 95
52 246
52 261
53 177
54 136
54 152
54 188
54 233
55 59
55 125
55 178
55 296
56 74
56 120
56 122
56 255
57 80
57 107
57 126
57 200
57 215
57 222
58 172
58 203
58 298
59 68
59 70
59 97
59 121
59 129
59 131
59 134
59 139
59 151
59 173
59 192
59 199
59 210
59 284
59 288
59 294
59 303
60 82
60 83
60 103
60 148
60 160
60 167
60 249
61 74
61 104
62 75
62 129
62 130
62 134
62 140
62 143
62 147
62 156
62 188
62 232
63 66
63 84
63 129
63 156
63 213
63 221
63 222
63 230
63 288
63 291
63 314
64 106
64 137
64 197
64 223
64 247
65 101
65 129
65 142
66 101
66 105
66 130
66 157
66 205
66 275
67 92
67 94
67 130
67 136
67 206
67 208
67 234
68 150
68 151
68 171
68 233
68 258
68 271
68 288
69 103
69 123
71 167
72 103
72 224
72 240
72 287
73 122
73 130
73 176
73 231
73 288
74 86
74 88
74 118
74 131
74 132
74 133
74 151
74 218
74 241
74 265
74 287
75 90
75 124
75 139
75 245
75 275
75 303
76 159
76 219
76 229
76 267
77 239
77 292
77 312
78 145
78 146
78 163
78 167
78 278
79 107
79 131
79 138
79 156
79 241
80 82
80 126
80 133
80 149
80 242
80 274
80 286
81 85
81 130
81 138
81 208
81 271
83 106
83 156
84 129
84 135
85 133
85 204
85 249
85 276
86 94
86 134
86 156
86 180
87 102
87 131
87 188
87 191
87 205
87 240
87 244
88 102
88 134
88 188
88 202
88 293
89 92
89 107
89 132
89 134
89 249
89 285
89 308
90 98
90 113
91 122
91 157
92 97
92 110
92 123
92 124
92 130
92 156
92 201
92 210
92 258
92 288
93 129
93 247
94 130
94 133
95 97
95 103
95 167
95 242
96 244
96 272
97 134
97 156
97 160
97 172
97 187
97 198
97 286
98 152
98 193
100 110
100 202
100 240
101 106
101 138
101 153
101 193
101 223
101 269
101 308
102 128
102 157
102 179
102 184
102 186
102 210
102 222
102 286
103 105
103 107
103 111
103 117
103 134
103 143
103 153
103 157
103 158
103 160
103 181
103 274
103 283
103 287
103 314
104 134
104 240
104 255
104 257
105 132
105 156
105 205
105 208
105 225
105 271
106 141
106 159
106 205
106 240
106 249
106 256
106 266
106 275
106 305
107 109
107 220
107 282
107 286
107 288
108 249
108 303
108 306
109 134
109 164
109 180
109 193
109 195
109 288
110 124
110 129
110 135
110 149
110 171
110 232
110 269
110 272
110 309
111 148
111 149
111 184
112 308
113 260
114 135
114 252
114 287
115 134
115 142
115 193
115 263
115 276
116 121
116 147
116 285
117 135
117 154
117 206
117 220
117 238
117 279
117 314
118 130
118 148
118 188
118 212
118 220
118 249
118 275
118 286
119 207
120 257
121 134
121 245
121 287
122 138
122 193
122 251
122 257
122 269
122 275
123 133
123 287
124 129
124 151
124 174
124 177
124 205
124 214
124 286
124 288
125 133
125 184
126 190
126 216
127 134
127 183
127 189
127 196
127 285
128 130
128 135
128 231
128 287
129 132
129 135
129 138
129 155
129 156
129 159
129 167
129 172
129 189
129 205
129 210
129 231
129 242
129 271
129 287
129 289
129 309
129 311
130 132
130 133
130 156
130 164
130 169
130 176
130 178
130 193
130 196
130 209
130 210
130 220
130 227
130 252
130 255
130 283
130 293
130 300
131 133
131 147
131 148
131 154
131 164
131 175
131 215
131 216
131 226
131 229
131 243
131 288
131 303
131 314
132 141
132 150
132 156
132 183
132 224
133 136
133 143
133 148
133 156
133 160
133 177
133 181
133 198
133 200
133 205
133 210
133 245
133 246
133 312
134 148
134 156
134 158
134 167
134 185
134 205
134 223
134 232
134 237
134 261
134 266
134 271
134 288
135 137
135 138
135 172
135 220
135 223
135 262
135 278
135 302
135 303
136 152
136 156
136 157
136 168
136 180
136 191
136 192
136 211
136 217
136 242
136 245
136 260
136 272
136 288
137 216
137 220
138 156
138 157
138 180
138 229
138 242
139 205
140 148
140 201
140 214
140 275
141 234
142 186
142 218
142 304
143 184
143 200
143 298
144 257
144 258
144 272
145 156
145 175
145 205
145 207
145 249
148 244
148 305
149 180
149 191
149 193
149 285
149 287
149 288
150 167
150 210
150 221
152 158
152 178
152 243
152 269
152 285
152 288
153 175
153 196
153 301
154 193
154 234
155 164
155 293
156 191
156 210
156 211
156 224
156 287
156 302
156 304
157 164
157 191
157 286
157 303
158 160
158 191
158 243
158 307
159 162
160 192
160 220
160 250
160 298
161 177
161 197
161 257
161 295
162 166
162 205
162 259
165 174
165 232
167 203
167 254
167 268
167 274
167 308
167 315
168 188
168 286
171 232
173 231
173 259
174 278
174 302
175 179
176 177
177 181
178 267
179 191
179 210
179 233
179 266
180 220
180 223
180 273
180 285
180 315
181 185
181 213
181 293
182 269
184 194
184 243
184 286
185 291
185 305
188 242
188 288
188 313
189 220
191 260
192 256
192 294
193 196
193 205
193 230
193 238
193 245
193 249
193 251
193 260
193 275
194 215
195 240
197 201
197 279
198 277
198 305
199 298
200 220
200 224
200 283
200 288
200 291
202 304
204 223
204 268
205 210
205 215
205 303
206 232
208 249
208 305
209 210
210 252
210 266
210 292
211 259
211 288
212 286
213 258
213 264
213 302
214 220
215 251
216 248
216 258
216 278
216 287
216 288
217 293
218 241
219 287
219 299
220 233
220 286
222 276
223 255
223 278
225 267
230 252
230 278
231 245
231 287
231 297
232 262
233 261
233 296
234 301
235 263
236 276
238 240
238 272
238 314
239 245
239 292
240 249
242 245
242 254
242 259
242 260
242 284
243 247
243 253
244 270
248 272
249 276
249 295
252 266
252 287
252 288
258 310
260 271
261 314
264 276
264 282
265 296
268 288
269 279
269 287
271 275
272 281
272 294
272 304
273 283
273 288
275 287
275 308
276 278
278 288
278 302
278 305
280 307
284 286
286 298
288 293
292 312
295 315
296 314
303 315
