0 7
0 134
0 186
0 191
0 245
1 2
1 74
1 132
1 147
1 230
1 241
2 5
2 8
2 19
2 31
2 46
2 133
2 134
2 161
2 166
2 167
2 193
3 16
3 53
3 130
3 224
4 5
4 125
4 160
4 203
4 277
4 278
5 35
5 71
5 215
5 260
5 273
6 22
6 76
6 121
6 124
6 138
6 156
6 238
7 51
7 72
7 86
7 90
7 103
7 106
7 130
7 133
7 154
7 156
7 200
7 216
7 239
7 248
8 72
8 102
8 131
8 133
8 148
8 206
8 210
8 268
9 89
9 224
9 255
10 88
10 124
10 138
10 232
10 267
11 48
11 134
11 177
11 223
11 294
12 43
12 218
12 312
13 18
13 156
13 191
13 229
13 241
13 292
14 16
14 46
14 68
14 98
14 129
14 134
14 138
14 149
14 150
14 153
14 193
14 238
14 247
15 16
15 124
15 135
15 191
15 291
16 18
16 26
16 28
16 76
16 88
16 95
16 96
16 97
16 99
16 130
16 148
16 150
16 172
16 200
16 229
16 281
16 286
17 72
17 109
18 64
18 98
18 101
18 105
18 131
18 179
18 203
18 210
18 218
18 255
18 286
19 64
19 117
19 131
19 206
19 252
20 28
20 110
20 215
20 234
20 258
20 260
21 133
21 154
22 91
22 112
22 143
22 205
23 31
23 42
23 75
23 148
23 197
23 247
23 250
23 293
24 48
24 60
24 97
24 133
24 135
24 136
25 42
25 109
25 133
25 193
25 308
26 53
26 133
26 283
27 157
27 166
27 174
27 216
28 128
28 164
28 179
28 233
28 291
28 313
29 173
29 187
29 191
30 47
30 108
30 131
30 133
30 176
30 187
30 193
30 292
31 47
31 55
31 80
31 134
31 149
31 192
31 248
32 40
32 46
32 49
32 76
32 84
32 93
32 94
32 127
32 130
32 136
32 138
32 157
32 159
32 160
32 173
32 176
32 193
32 210
32 213
32 261
32 283
32 293
33 34
33 39
33 67
33 94
33 129
33 136
33 156
33 178
33 246
33 285
34 45
34 64
34 129
34 242
34 245
34 251
34 255
35 73
35 127
35 133
35 160
35 180
35 188
35 239
35 297
36 134
36 264
36 274
37 77
37 133
37 238
37 275
37 284
37 315
38 75
38 191
39 40
39 61
39 76
39 91
39 112
39 129
39 180
40 56
40 67
40 78
40 85
40 88
40 129
40 135
40 148
40 174
40 220
40 242
40 278
41 50
41 92
41 128
41 133
41 211
41 273
41 286
42 117
42 156
42 176
42 181
42 245
43 46
43 134
43 236
43 269
43 283
43 286
43 288
44 76
44 131
44 133
44 288
45 97
45 98
45 118
45 131
45 138
45 159
45 160
45 187
45 240
45 247
45 258
46 56
46 67
46 104
46 108
46 118
46 128
46 148
46 152
46 156
46 173
47 48
47 167
47 217
47 278
48 49
48 67
48 81
48 132
48 205
48 215
48 299
48 310
49 114
49 135
49 140
49 161
49 249
49 298
50 133
50 140
50 148
50 161
50 193
50 269
50 301
51 78
51 117
51 130
51 136
51 255
51 267
51 286
51 301
52 55
52 56
52 249
52 315
53 112
53 193
54 142
55 106
55 110
55 269
56 117
56 130
56 131
56 134
56 136
56 148
56 227
57 103
57 134
57 182
57 245
58 154
59 73
59 74
59 104
59 117
59 125
59 130
59 135
59 242
59 286
60 74
60 82
60 96
60 103
60 118
60 129
60 134
60 145
60 269
60 309
61 133
61 157
61 197
61 211
61 266
61 297
62 76
62 82
62 110
62 133
62 160
62 165
62 240
62 249
62 256
63 86
63 200
63 304
64 103
64 131
64 140
64 156
64 246
64 250
64 260
64 270
65 110
65 118
65 193
65 201
65 270
65 280
65 286
66 110
66 140
66 142
66 186
66 285
66 303
67 70
67 97
67 133
67 134
67 144
67 159
67 210
67 233
67 249
67 252
67 274
67 285
68 111
68 114
68 133
68 174
68 185
68 220
68 241
68 267
68 307
69 173
69 192
69 200
69 248
69 313
70 175
70 204
70 287
71 78
71 96
71 131
71 303
71 304
72 73
72 142
72 146
72 197
72 242
73 101
73 129
73 138
73 263
74 76
74 92
74 108
74 121
74 139
74 158
74 162
74 210
74 239
74 245
74 249
74 266
74 288
74 304
75 278
76 79
76 135
76 249
76 305
77 130
77 182
77 230
77 234
77 303
77 311
77 313
78 87
78 101
78 206
78 210
79 101
79 210
79 288
80 94
80 109
80 180
80 211
80 264
80 283
81 154
81 239
81 256
81 286
82 252
82 290
83 131
83 133
83 205
83 233
83 268
84 113
84 161
85 112
85 132
85 145
85 269
86 129
86 136
86 142
87 95
87 98
87 100
87 104
87 124
87 159
87 238
87 281
87 302
88 102
88 103
88 279
89 102
89 129
89 245
89 269
89 299
90 291
91 99
91 117
91 149
91 279
92 94
92 99
92 118
92 130
92 144
92 156
92 214
92 215
92 264
92 266
93 140
93 215
94 97
94 135
94 160
94 174
95 102
95 133
95 136
95 238
95 242
96 188
96 214
97 105
97 114
97 195
98 113
98 144
98 164
98 204
98 238
98 276
99 140
99 197
99 203
99 303
100 118
100 188
100 191
100 200
100 305
101 103
101 160
101 287
101 298
101 303
102 199
102 216
102 296
102 298
102 302
103 106
103 118
103 177
103 211
103 269
103 272
103 286
103 288
103 292
104 109
104 129
104 133
104 180
104 229
104 243
104 259
104 278
104 286
105 129
105 133
105 179
105 309
106 136
106 257
106 258
106 287
107 118
107 288
108 129
108 174
108 175
108 215
108 233
108 307
109 200
109 221
109 267
109 278
109 286
110 131
110 133
110 145
110 180
110 186
110 211
110 223
110 249
111 124
111 233
111 276
112 134
112 153
112 170
112 276
113 139
113 167
113 288
114 179
114 213
115 124
115 133
115 134
115 155
116 276
117 145
117 196
117 215
117 284
117 288
118 131
118 136
118 156
118 189
118 232
118 238
118 252
120 156
120 287
121 185
121 246
121 288
122 168
122 173
122 196
122 201
122 204
122 224
122 309
123 133
123 134
123 252
124 129
124 144
124 152
124 181
124 194
124 195
124 200
124 202
124 215
124 241
124 275
124 293
125 131
127 131
127 162
128 129
128 161
128 275
128 278
129 130
129 131
129 145
129 152
129 156
129 167
129 184
129 191
129 210
129 215
129 218
129 220
129 232
129 238
129 239
129 242
129 244
129 277
129 293
129 303
129 308
129 310
130 135
130 140
130 159
130 175
130 177
130 185
130 193
130 200
130 218
130 225
130 231
130 235
130 244
130 249
130 279
130 282
130 287
130 310
131 135
131 136
131 144
131 146
131 181
131 191
131 217
131 242
131 271
131 309
132 299
133 134
133 140
133 180
133 220
133 248
133 255
133 258
133 271
133 278
133 288
133 309
134 137
134 141
134 148
134 157
134 174
134 210
134 244
134 275
134 283
134 287
134 288
134 296
134 307
135 156
135 168
135 180
135 200
135 214
135 232
135 235
135 239
135 253
135 267
135 272
135 281
135 296
136 150
136 166
136 180
136 188
136 257
136 272
136 276
136 291
136 298
136 302
136 303
137 156
137 184
138 156
138 193
138 283
139 293
140 256
141 292
143 148
145 220
145 270
147 263
148 162
148 191
148 210
148 240
148 281
148 283
149 202
149 210
149 229
149 315
150 249
152 156
152 191
152 242
153 203
153 224
153 288
154 167
154 215
155 169
155 193
155 297
156 217
156 222
156 235
156 272
156 273
156 279
156 280
156 285
156 313
157 164
157 203
157 259
157 260
157 280
157 281
158 184
158 314
159 165
159 193
159 237
159 267
159 285
159 309
159 311
160 189
160 201
160 209
160 210
160 242
160 290
161 193
161 225
161 241
162 190
162 191
162 209
162 248
162 284
164 239
164 288
165 277
165 284
167 179
167 258
167 272
168 169
168 287
169 204
169 301
172 230
172 273
173 217
173 272
174 179
174 279
174 305
175 178
175 222
175 275
176 188
176 201
180 231
180 233
180 243
180 263
180 278
180 293
181 199
182 196
184 286
185 188
186 264
187 199
188 189
188 220
188 271
188 288
189 239
190 264
191 231
191 263
191 289
193 208
193 296
193 304
193 305
194 232
196 275
196 283
197 266
200 221
200 287
201 261
201 301
202 212
203 249
203 287
205 304
206 249
206 286
206 296
208 215
208 286
209 238
209 288
210 211
211 269
211 292
212 286
215 244
215 249
215 260
215 270
216 234
216 252
217 264
217 287
218 227
218 292
219 239
219 305
220 242
220 288
220 309
220 315
224 230
224 249
224 269
224 313
224 315
229 285
230 264
230 265
231 246
232 283
233 288
233 312
235 278
236 287
237 238
238 248
238 291
238 304
239 281
239 288
239 291
239 303
240 286
242 286
242 313
243 257
243 272
244 305
245 249
245 293
246 284
248 305
249 288
254 266
254 309
258 276
258 286
258 300
259 279
265 298
268 309
269 309
273 287
275 287
276 282
284 288
285 314
286 301
286 313
288 292
303 315
