0 16
0 136
0 160
0 164
0 210
1 7
1 16
1 201
1 273
2 7
2 32
2 47
2 60
2 121
2 122
2 139
2 143
2 163
2 209
2 210
2 218
2 219
2 235
2 249
2 272
2 274
2 287
2 292
3 103
3 105
3 156
3 215
3 288
4 16
4 85
4 130
4 269
4 281
4 304
5 16
5 31
5 55
5 97
5 104
5 140
5 174
5 238
5 295
5 302
6 20
6 198
6 293
7 12
7 56
7 83
7 84
7 98
7 103
7 131
7 161
7 167
7 182
7 224
7 228
7 231
7 238
7 267
8 10
8 56
8 132
8 162
8 168
8 209
8 219
8 232
8 233
8 246
8 267
8 280
9 97
9 156
9 175
9 218
9 241
10 50
10 56
10 136
10 217
11 110
11 195
11 285
12 64
12 89
12 96
12 135
12 159
12 200
12 222
12 224
13 130
13 131
13 154
13 182
13 204
13 293
13 298
13 304
14 20
14 37
14 67
14 131
14 133
14 166
14 276
14 281
15 129
15 213
15 224
15 241
15 249
15 260
15 298
16 24
16 28
16 39
16 46
16 103
16 122
16 130
16 135
16 136
16 148
16 162
16 167
16 173
16 180
16 242
16 249
16 287
16 289
16 308
17 128
17 180
17 201
17 274
17 287
18 60
18 70
18 80
18 91
18 160
18 172
18 256
18 258
18 298
18 310
19 135
19 195
20 27
20 47
20 69
20 80
20 103
20 118
20 133
20 167
20 195
20 292
20 309
21 45
21 238
21 309
22 103
22 285
23 142
23 289
23 298
24 29
24 77
24 101
24 159
24 179
24 188
24 200
24 210
24 213
24 238
24 315
25 67
25 74
25 91
25 140
25 185
25 192
25 204
25 213
26 77
26 104
26 182
27 67
27 134
27 191
27 215
27 264
27 301
27 314
28 53
28 67
28 68
28 75
28 146
28 152
28 157
28 200
28 215
28 233
28 238
28 244
28 272
29 40
29 56
29 69
29 152
29 287
29 293
30 35
30 41
30 59
30 147
30 156
30 192
30 248
31 78
31 111
31 118
31 131
31 136
31 157
31 179
31 228
31 239
31 249
31 309
31 312
32 124
32 130
32 134
32 138
32 148
32 218
32 243
32 249
32 278
32 296
33 39
33 41
33 64
33 80
33 84
33 92
33 105
33 110
33 169
33 241
33 285
34 43
34 102
34 134
34 164
34 288
35 40
35 118
35 135
36 59
36 140
36 276
36 292
37 75
37 102
37 107
37 124
37 131
37 135
37 291
38 117
38 222
38 239
38 249
39 130
39 134
39 144
39 196
39 302
40 133
40 242
40 266
40 286
41 77
41 98
41 130
41 179
41 180
41 206
41 235
41 305
42 80
42 106
42 201
42 205
43 47
43 87
43 197
43 301
44 46
44 62
44 94
44 110
44 213
45 103
45 106
45 131
45 134
45 170
45 194
45 239
45 299
46 49
46 87
46 128
46 130
46 131
46 148
46 149
46 160
46 191
46 209
46 249
46 275
46 301
47 62
47 103
47 129
47 134
47 213
47 218
47 272
48 174
49 67
49 92
49 110
49 130
49 193
49 275
49 287
49 288
50 75
50 106
50 156
50 165
50 200
50 249
50 272
50 283
51 56
51 102
51 110
51 198
51 202
51 227
51 271
53 288
54 142
54 160
54 170
55 121
55 133
55 172
55 195
55 239
55 287
56 149
56 160
56 167
56 188
56 224
56 277
56 304
57 122
58 74
58 145
58 180
58 238
59 61
59 98
59 130
59 131
59 135
59 148
59 160
59 167
59 169
59 193
59 194
59 217
59 219
59 224
59 234
59 241
59 271
59 285
59 294
60 92
60 95
60 140
60 157
60 288
61 154
61 189
61 223
61 230
62 68
62 72
62 87
62 102
62 135
62 156
62 158
62 194
62 224
62 229
63 110
63 121
63 128
63 205
63 310
64 89
64 133
64 188
64 223
64 244
64 266
66 67
66 124
66 197
66 276
67 87
67 94
67 117
67 118
67 156
67 177
67 184
67 192
67 218
67 307
67 313
68 121
68 131
68 154
68 158
68 211
69 83
69 101
69 287
70 122
70 220
71 124
71 196
72 157
72 197
73 133
73 181
73 184
73 231
74 79
74 129
74 167
74 181
74 206
74 248
74 260
74 284
74 304
75 81
76 82
76 102
76 116
76 206
76 209
76 298
76 310
77 222
77 224
77 227
78 81
78 106
79 133
79 254
80 119
80 151
80 165
80 265
81 109
81 118
81 122
81 129
81 282
81 299
83 106
83 131
83 133
83 180
83 211
83 286
83 295
84 131
84 208
84 303
85 87
85 105
85 152
85 206
86 120
86 148
87 92
87 99
87 102
87 104
87 129
87 189
87 242
87 247
87 260
87 268
87 276
87 288
88 133
88 196
88 307
89 92
89 107
89 111
89 124
89 142
89 148
89 156
89 206
89 254
89 256
89 265
89 274
90 133
90 145
90 149
90 309
91 130
91 131
91 311
92 105
92 182
92 216
92 218
92 279
92 298
92 303
92 309
93 131
93 133
93 267
94 188
94 215
94 218
95 98
95 100
95 193
95 269
96 97
96 167
96 184
96 210
96 230
96 302
97 106
97 216
97 235
98 110
98 117
98 184
98 198
98 201
98 242
98 279
98 308
99 260
99 282
100 129
101 105
101 111
101 122
101 134
101 193
101 200
101 206
101 255
102 177
102 188
102 193
102 217
102 224
103 129
103 135
103 171
103 180
103 230
103 247
103 255
103 288
103 293
104 134
104 135
104 261
105 122
105 131
105 267
105 275
106 108
106 128
106 142
106 197
106 243
106 263
107 135
107 172
107 206
107 210
107 257
107 288
108 127
108 134
108 157
108 180
108 211
108 315
109 133
109 153
109 173
109 180
109 202
110 137
110 140
110 295
111 133
111 211
111 286
112 134
112 249
112 287
113 249
113 274
114 135
114 179
114 262
114 278
116 149
116 178
116 265
117 130
117 168
117 180
117 183
117 188
117 287
118 129
118 137
118 138
118 157
118 185
118 188
118 222
118 275
119 142
119 173
119 286
120 192
120 205
121 130
121 133
121 136
121 179
121 226
121 239
122 131
122 167
122 223
122 233
122 266
123 129
123 154
124 129
124 156
124 191
124 201
124 242
124 267
124 276
125 279
126 134
126 213
126 312
127 131
127 210
127 224
128 135
128 205
128 283
129 130
129 133
129 134
129 150
129 157
129 160
129 167
129 220
129 235
129 240
129 246
129 286
129 287
129 292
129 296
129 309
130 140
130 148
130 156
130 157
130 160
130 164
130 185
130 191
130 192
130 193
130 206
130 219
130 224
130 242
130 243
130 278
130 279
130 280
130 287
130 289
131 133
131 134
131 136
131 150
131 152
131 157
131 158
131 191
131 202
131 205
131 210
131 212
131 230
131 231
131 244
131 247
131 286
131 309
131 315
132 136
132 148
132 264
132 287
133 135
133 136
133 152
133 200
133 202
133 206
133 219
133 250
133 257
133 272
133 276
133 302
134 135
134 160
134 188
134 197
134 234
134 235
134 247
134 249
134 252
134 255
134 267
134 271
134 272
134 301
135 138
135 140
135 152
135 153
135 167
135 168
135 179
135 180
135 194
135 213
135 239
135 271
135 275
135 286
135 302
135 304
136 156
136 200
136 206
136 232
136 239
136 245
136 257
136 286
137 161
137 200
137 232
137 283
138 149
138 184
138 197
138 220
138 307
139 156
140 155
140 160
140 167
140 242
140 247
140 263
140 276
140 298
141 249
141 308
142 260
142 276
143 209
143 230
144 282
145 156
145 220
145 252
145 255
148 233
148 269
148 303
149 193
149 202
149 210
149 283
150 156
150 180
150 287
151 156
151 215
152 252
152 295
153 265
154 162
154 215
154 264
154 283
155 212
155 287
156 173
156 182
156 205
156 264
156 265
156 283
156 286
157 181
157 188
157 224
157 243
157 266
157 278
157 286
159 185
159 194
159 239
160 174
160 279
162 191
162 258
162 311
164 223
166 245
167 219
167 246
167 258
167 259
167 298
168 288
172 174
172 178
172 201
174 193
174 206
174 235
175 180
175 308
177 273
178 301
178 305
180 215
180 217
180 224
180 287
181 286
183 220
184 238
185 212
185 287
185 288
185 303
188 215
188 216
188 239
188 244
188 249
188 267
188 287
188 296
188 300
189 234
189 249
190 244
190 302
191 234
192 287
193 288
194 218
196 205
196 210
196 224
197 249
197 260
197 285
197 298
197 299
200 208
200 214
200 243
200 258
200 282
200 293
201 284
202 292
204 206
204 208
204 225
204 234
204 265
204 283
205 207
205 231
205 248
205 310
206 258
209 267
209 283
209 286
209 308
210 222
210 239
210 246
210 271
212 233
212 303
213 229
213 287
214 222
214 238
214 280
214 302
215 218
215 219
215 282
215 287
215 303
216 279
218 287
218 305
218 310
219 222
220 247
220 248
220 270
221 222
227 276
229 262
231 288
232 270
232 283
233 259
233 264
233 285
233 300
235 290
236 245
237 298
238 294
239 305
241 245
241 246
241 247
241 294
242 284
243 294
243 305
245 258
245 305
246 298
249 276
249 292
249 293
250 263
250 303
252 258
252 293
254 296
255 312
258 275
259 270
264 283
266 280
268 298
272 304
272 305
276 280
278 311
281 288
282 298
283 310
285 294
287 304
287 315
299 303
301 304
