0 102
0 202
1 97
1 121
1 191
1 241
2 18
2 27
2 32
2 59
2 64
2 68
2 76
2 95
2 103
2 113
2 130
2 131
2 135
2 136
2 156
2 179
2 193
2 239
2 295
2 303
3 10
3 16
3 148
3 181
3 191
3 218
3 232
4 129
4 152
4 220
4 265
5 145
5 158
5 175
5 200
6 77
6 181
6 283
6 287
7 25
7 32
7 129
7 133
7 158
7 179
7 202
7 205
7 210
7 264
8 15
8 42
8 74
8 81
8 103
8 121
8 127
8 164
8 177
8 179
8 247
8 249
8 269
8 271
8 309
9 20
9 62
9 88
9 107
9 130
9 131
9 242
9 249
9 303
10 115
10 130
10 191
10 218
11 13
11 28
11 70
11 124
11 140
11 189
11 196
11 275
12 193
12 283
13 31
13 35
13 92
13 103
13 136
13 214
13 244
13 281
13 287
13 301
14 131
14 295
15 33
15 34
15 78
15 80
15 103
15 130
15 132
15 133
15 138
15 247
15 258
15 271
16 18
16 24
16 55
16 81
16 101
16 105
16 130
16 133
16 134
16 167
16 218
16 223
16 224
16 229
16 264
16 266
16 278
16 307
17 33
17 133
17 279
18 39
18 62
18 95
18 102
18 110
18 127
18 206
18 212
18 232
18 295
18 309
19 123
19 136
19 162
19 268
20 46
20 75
20 87
20 91
20 129
20 134
20 216
20 249
20 256
20 286
21 102
21 166
21 216
21 217
22 49
22 99
22 133
22 156
22 157
22 206
23 295
24 46
24 67
24 80
24 130
24 149
24 219
24 311
25 33
25 60
25 78
25 94
25 98
25 105
25 134
25 135
25 156
25 174
25 206
25 220
25 249
25 266
25 271
25 277
25 288
26 196
27 109
27 130
27 149
27 164
27 200
27 208
27 279
27 285
28 35
28 64
28 76
28 128
28 131
28 133
28 244
28 265
28 310
29 75
29 109
29 131
29 134
29 136
29 148
29 219
29 240
30 43
30 154
30 161
30 169
30 307
31 42
31 56
31 68
31 82
31 83
31 104
31 156
31 231
31 261
32 36
32 74
32 75
32 81
32 129
32 130
32 131
32 147
32 148
32 160
32 195
32 200
32 206
32 218
32 223
32 230
32 233
32 252
32 267
32 279
33 40
33 44
33 77
33 130
33 152
33 193
33 200
33 219
33 220
33 262
33 273
33 287
33 314
34 59
34 85
34 89
34 105
34 106
34 135
34 167
34 181
34 188
34 234
34 314
34 315
35 42
35 64
35 75
35 78
35 89
35 140
35 157
35 239
35 247
35 256
35 281
35 287
36 60
36 73
36 115
36 129
36 155
36 174
36 200
37 79
37 184
37 186
38 128
38 129
38 131
38 136
38 181
38 200
38 249
38 252
39 130
39 174
39 215
39 275
39 291
40 50
40 64
40 99
40 100
40 151
40 207
40 210
40 239
40 245
40 292
41 55
41 58
41 59
41 63
41 120
41 156
41 220
41 222
41 309
42 111
42 177
42 201
42 305
43 61
43 194
43 288
43 290
44 251
44 314
45 50
45 56
45 131
45 167
45 173
45 200
45 206
45 210
45 238
45 242
45 257
45 286
45 287
46 72
46 84
46 156
46 179
46 185
46 198
46 219
47 70
47 73
47 83
47 101
47 122
47 159
47 311
48 81
48 101
48 152
48 287
49 131
49 135
49 225
49 246
50 96
50 101
50 135
50 138
50 215
50 249
50 260
50 311
51 135
51 154
51 165
51 179
52 119
52 135
52 269
53 93
53 233
54 159
54 224
55 65
55 91
55 206
55 233
56 110
56 129
56 201
56 205
56 241
56 276
57 92
57 102
57 128
57 299
58 130
58 134
58 157
58 164
58 252
59 85
59 91
59 101
59 117
59 151
59 200
59 249
59 256
59 258
59 263
59 289
60 98
60 131
60 136
60 149
60 161
60 180
60 217
60 224
60 233
60 249
60 258
60 284
61 227
61 231
62 131
62 133
62 147
62 314
63 118
63 129
63 193
63 239
63 271
63 308
64 102
64 128
64 131
64 167
64 181
64 200
64 230
64 233
64 268
65 97
65 109
65 137
66 102
66 131
66 206
66 215
66 258
66 287
67 74
67 96
67 97
67 111
67 122
67 135
67 136
67 140
67 152
67 156
67 167
67 181
67 231
67 275
67 287
67 288
67 293
68 95
68 98
68 102
68 113
68 130
68 135
69 131
69 272
69 286
70 106
70 148
70 156
70 157
71 123
71 143
72 110
72 134
72 142
72 249
72 256
72 263
72 280
73 114
73 142
73 156
73 188
73 219
73 220
73 245
73 287
74 79
74 93
74 102
74 121
74 123
74 129
74 131
74 135
74 146
74 174
74 196
74 200
74 240
75 79
75 110
75 149
75 156
75 184
75 221
75 247
76 224
76 252
77 79
77 96
77 134
77 269
77 272
77 303
78 132
78 145
78 204
79 272
80 117
80 193
80 277
80 278
81 133
81 153
81 193
82 142
83 108
83 118
83 126
83 131
83 249
84 293
85 89
85 98
85 130
85 136
85 149
85 243
86 118
86 129
86 210
86 286
86 301
87 98
87 118
87 160
87 167
87 188
87 230
87 258
87 264
87 287
88 114
88 133
88 135
88 137
88 140
88 258
88 307
89 102
89 108
89 110
89 114
89 130
89 136
89 156
89 208
89 295
89 313
90 138
91 94
91 100
91 233
92 105
92 118
92 148
92 239
92 271
92 312
93 309
94 175
94 208
95 106
95 216
95 218
95 264
95 304
96 100
96 152
96 199
96 200
96 201
96 232
96 279
96 296
97 130
97 133
97 136
97 138
97 190
97 247
97 255
97 283
98 110
98 129
98 140
98 205
99 102
99 133
99 135
99 140
99 152
99 175
99 238
99 310
101 215
101 278
101 294
101 302
101 303
101 311
102 115
102 129
102 130
102 136
102 142
102 157
102 164
102 191
102 200
102 249
102 250
103 104
103 133
103 138
103 139
103 144
103 162
103 249
103 276
103 309
104 136
104 164
104 188
104 206
104 215
104 219
104 232
104 249
104 265
104 276
104 287
105 126
105 131
105 285
105 305
106 129
106 130
106 162
106 205
106 217
106 229
106 241
106 244
106 282
106 286
106 293
106 309
107 134
108 134
108 157
108 192
108 196
109 131
109 190
109 201
109 211
109 215
109 269
109 278
110 136
110 233
110 314
111 157
111 284
112 193
113 166
114 134
114 188
114 287
115 231
115 285
116 179
117 131
117 177
117 185
117 188
117 231
117 237
117 249
117 287
118 125
118 158
118 181
118 240
118 260
118 290
120 245
120 285
121 167
122 133
122 140
122 161
122 195
122 205
122 247
122 260
122 278
123 210
124 134
124 143
124 195
124 226
125 179
125 243
125 244
126 135
126 157
126 191
126 220
127 167
127 220
128 137
129 138
129 180
129 185
129 193
129 203
129 215
129 225
129 239
129 241
129 250
129 261
129 278
129 283
129 305
130 133
130 134
130 138
130 141
130 148
130 157
130 165
130 166
130 181
130 187
130 215
130 218
130 231
130 239
130 242
130 243
130 247
130 277
130 288
130 289
130 298
130 304
130 314
131 133
131 145
131 146
131 156
131 167
131 173
131 174
131 201
131 208
131 214
131 215
131 218
131 219
131 238
131 239
131 241
131 244
131 249
131 285
131 293
132 165
132 208
132 272
133 135
133 136
133 139
133 140
133 161
133 173
133 179
133 180
133 184
133 191
133 192
133 193
133 240
133 274
133 290
133 294
133 303
133 305
133 315
134 135
134 139
134 145
134 153
134 160
134 188
134 193
134 218
134 220
134 237
134 240
134 247
134 272
134 275
134 280
134 286
135 157
135 163
135 166
135 169
135 173
135 180
135 203
135 206
135 209
135 220
135 231
135 287
135 294
135 295
135 312
136 140
136 180
136 187
136 237
136 276
136 287
137 150
137 160
137 199
138 149
138 167
138 213
138 279
138 284
139 150
139 152
139 168
139 174
139 179
139 185
140 145
140 159
140 160
140 173
140 193
140 209
140 216
140 258
140 263
140 280
140 284
141 217
141 279
141 313
142 156
142 166
142 287
142 290
142 294
142 301
143 173
145 283
145 301
146 206
147 198
147 206
148 243
148 249
148 252
148 258
148 277
149 156
149 239
149 255
150 168
150 193
150 200
150 249
152 155
152 222
152 239
153 263
153 288
154 160
154 181
154 265
155 286
156 160
156 188
156 195
156 197
156 219
156 229
156 242
156 249
156 297
157 161
157 167
157 173
157 184
157 197
157 209
158 312
159 219
159 303
160 210
160 228
160 241
160 294
160 305
161 164
161 215
161 288
161 295
162 166
162 282
162 298
164 215
164 224
164 267
165 287
166 268
167 171
167 182
167 188
167 210
167 231
167 240
167 285
171 229
171 262
172 215
172 304
173 190
173 191
173 200
173 214
173 225
173 268
174 284
175 177
175 193
176 189
177 220
177 242
178 257
179 182
179 301
180 210
180 241
180 293
181 221
181 230
181 268
182 220
182 311
184 258
184 297
184 304
185 200
185 269
187 200
188 200
188 209
188 214
188 226
188 258
188 264
188 315
192 235
192 295
193 200
193 258
193 287
193 307
195 307
196 268
197 257
197 268
199 277
200 213
200 228
200 230
200 232
200 301
202 237
203 287
204 264
204 293
205 293
206 209
206 218
208 249
208 269
208 279
209 284
210 230
210 236
210 286
211 240
211 263
211 277
212 290
213 244
213 265
214 217
215 217
216 286
217 296
218 275
219 241
219 245
220 305
226 296
226 307
227 258
227 288
231 256
231 258
231 291
231 304
232 241
232 305
235 297
239 284
239 288
239 302
241 286
243 276
243 288
244 247
248 276
249 258
249 284
249 309
251 264
252 298
258 287
258 290
263 269
266 303
267 291
270 288
271 288
275 301
275 303
276 281
279 298
280 283
284 309
284 315
285 296
286 287
286 288
289 304
295 310
307 309
