0 24
0 33
0 284
0 307
1 45
1 97
1 287
2 46
2 121
2 122
2 130
2 140
2 143
2 151
2 156
2 157
2 176
2 179
2 241
2 244
2 272
2 285
2 288
3 180
3 303
4 18
4 49
5 93
5 135
6 12
6 48
6 71
6 167
6 184
6 220
7 18
7 45
7 92
7 131
7 135
7 160
7 169
7 180
7 191
7 198
7 242
7 280
8 14
8 16
8 41
8 45
8 47
8 129
8 130
8 208
8 210
8 216
8 217
8 223
8 241
8 253
8 267
8 287
8 288
8 303
8 305
9 70
9 81
9 83
9 99
9 129
9 130
9 192
9 225
9 241
10 45
10 99
10 215
11 74
11 109
11 133
11 214
11 247
11 276
11 293
11 305
12 21
12 46
12 54
12 67
12 70
12 71
12 87
12 127
12 140
12 149
12 157
12 159
12 160
12 166
12 220
12 240
12 258
12 260
12 277
13 17
13 106
13 124
13 133
13 135
13 180
14 32
14 59
14 89
14 102
14 158
14 266
14 275
14 302
14 313
15 40
15 94
15 101
15 109
15 123
15 134
15 149
15 278
15 305
16 18
16 20
16 24
16 39
16 41
16 79
16 81
16 89
16 106
16 130
16 217
16 241
16 243
16 266
16 286
16 287
16 302
16 304
16 311
17 50
17 111
17 126
17 131
17 180
17 241
18 33
18 45
18 67
18 73
18 95
18 136
18 145
18 148
18 224
18 249
19 66
20 29
20 70
20 149
20 160
20 235
20 242
21 94
21 188
21 302
22 67
22 135
22 180
23 83
23 107
23 167
24 81
24 91
24 109
24 180
24 205
24 232
25 40
25 91
25 117
25 133
25 187
25 220
25 286
25 305
26 68
26 156
26 261
26 286
27 131
28 37
28 62
28 74
28 108
28 157
28 169
28 200
28 231
28 236
28 277
29 42
29 45
29 180
29 219
29 312
30 49
30 107
30 110
30 123
30 174
30 243
30 275
30 287
31 47
31 74
31 106
31 124
31 134
31 135
31 142
31 148
31 180
31 249
31 262
31 278
31 298
32 34
32 43
32 54
32 80
32 108
32 118
32 121
32 129
32 135
32 136
32 144
32 180
32 200
32 208
32 217
32 243
32 286
32 296
33 40
33 45
33 56
33 63
33 67
33 68
33 73
33 75
33 89
33 131
33 142
33 180
33 220
33 261
33 264
33 284
33 290
34 62
34 67
34 87
34 92
34 140
35 37
35 81
35 105
35 135
35 149
35 189
36 75
36 117
36 118
36 135
36 238
36 288
36 314
37 79
37 134
37 167
37 273
37 304
37 308
38 63
38 65
38 134
38 241
39 93
39 121
39 148
39 173
39 196
40 52
40 67
40 73
40 100
40 186
40 195
40 206
40 213
40 238
41 45
41 59
41 104
41 164
41 249
41 260
41 274
42 91
42 94
42 134
42 173
42 215
42 216
42 272
42 284
43 149
43 165
43 179
43 206
44 232
44 241
44 275
44 300
45 48
45 73
45 77
45 98
45 101
45 108
45 109
45 117
45 133
45 134
45 167
45 180
45 210
45 279
45 287
45 303
46 67
46 87
46 118
46 131
46 134
46 192
46 202
46 218
47 72
47 89
47 94
47 124
47 130
47 131
47 143
47 156
47 161
47 195
47 271
48 74
48 96
48 98
48 140
48 145
48 197
49 102
49 129
49 134
49 158
49 167
49 205
49 247
49 257
49 268
50 205
50 249
50 287
51 65
51 81
51 118
51 130
51 133
51 136
51 138
51 201
51 238
51 239
51 258
51 280
53 217
54 86
54 95
54 124
54 223
54 265
54 273
55 82
56 57
56 59
56 73
56 96
56 302
57 106
57 309
58 129
58 146
58 295
59 73
59 106
59 124
59 163
59 195
59 200
59 210
59 218
59 241
59 245
59 249
59 305
59 314
60 72
60 85
60 103
60 156
60 191
60 242
60 286
60 293
61 67
61 131
61 292
61 311
62 63
62 86
62 113
62 117
62 220
62 272
63 82
63 83
63 98
64 114
64 118
64 151
64 173
64 242
64 256
65 114
65 244
65 261
66 67
66 102
66 133
66 200
67 94
67 102
67 106
67 129
67 137
67 162
68 85
68 88
68 106
68 134
68 145
68 179
68 301
68 302
69 80
69 104
69 123
69 277
70 130
70 133
70 184
70 195
71 134
71 267
72 132
72 153
72 283
72 284
73 156
74 81
74 98
74 124
74 161
74 231
74 239
74 261
74 269
74 283
74 285
74 287
74 312
75 87
75 135
75 136
75 137
75 156
75 176
75 199
75 208
75 215
75 263
76 118
76 249
76 257
77 137
77 217
78 116
78 171
78 227
78 275
78 305
79 162
79 213
79 252
79 271
79 278
80 88
80 118
80 134
80 136
80 156
80 200
80 217
80 227
80 278
80 296
80 304
81 86
81 137
81 140
81 154
81 180
81 200
81 255
82 255
83 100
83 110
83 111
83 129
83 239
83 287
83 302
84 305
85 167
85 199
85 237
85 281
86 114
86 128
86 200
87 117
87 131
87 154
87 180
87 195
87 268
87 285
87 288
87 290
88 98
88 128
88 134
88 167
88 179
89 97
89 121
89 163
89 200
89 238
89 276
89 287
90 256
91 131
92 129
92 131
92 136
92 152
92 254
92 304
93 238
94 132
94 134
94 264
95 149
95 167
95 224
95 246
95 247
95 285
96 97
96 98
96 130
96 180
96 287
97 122
97 165
97 167
97 204
98 103
98 129
98 135
98 206
98 278
99 106
99 110
99 130
99 133
99 134
99 191
99 288
99 290
99 298
100 108
100 266
101 111
101 156
101 286
102 128
102 129
102 133
102 134
102 137
102 140
102 149
102 152
102 167
102 180
102 213
102 238
102 242
102 252
102 283
103 139
103 156
103 166
103 167
103 184
103 186
103 188
103 193
103 206
103 208
103 215
103 221
103 231
103 243
103 251
103 276
103 283
104 136
104 216
104 239
105 145
105 192
105 234
105 276
106 114
106 127
106 131
106 134
106 152
106 201
106 250
107 131
107 180
107 288
107 294
108 154
109 140
109 204
109 240
109 288
110 128
110 180
110 200
110 214
110 279
110 299
111 152
111 187
111 255
111 279
113 156
113 213
114 131
114 135
114 152
114 156
114 200
114 249
115 145
115 150
115 228
115 249
117 167
117 172
117 202
117 298
118 119
118 129
118 130
118 135
118 155
118 161
118 167
118 193
118 214
118 217
118 236
118 242
118 244
118 287
118 292
120 190
120 302
121 275
122 136
122 241
122 315
123 129
123 255
124 140
124 206
124 216
124 249
124 301
124 305
126 258
127 129
127 188
127 215
127 297
128 131
128 157
128 314
129 130
129 156
129 162
129 187
129 197
129 218
129 242
129 249
129 268
129 269
129 273
129 283
130 131
130 133
130 134
130 136
130 145
130 157
130 167
130 191
130 204
130 225
130 233
130 239
130 267
130 273
130 276
130 280
130 287
130 299
131 142
131 149
131 174
131 176
131 182
131 185
131 195
131 206
131 224
131 266
131 285
131 286
131 291
131 299
131 301
132 147
132 148
132 210
132 223
133 135
133 136
133 140
133 145
133 149
133 151
133 154
133 180
133 200
133 218
133 223
133 226
133 241
133 246
133 249
133 256
133 258
133 275
133 280
133 288
133 291
133 294
134 136
134 137
134 142
134 147
134 149
134 152
134 157
134 160
134 193
134 194
134 200
134 202
134 204
134 233
134 236
134 251
134 266
134 269
134 285
134 286
134 291
134 299
134 306
135 146
135 160
135 180
135 191
135 194
135 247
135 249
135 292
136 139
136 146
136 149
136 192
136 215
136 236
136 265
136 307
136 314
138 147
138 222
138 245
138 253
139 186
139 286
140 148
140 158
140 188
140 206
140 246
140 249
140 261
140 268
141 270
142 149
142 156
142 259
142 268
142 305
142 307
143 157
143 260
145 199
147 251
148 156
148 179
148 220
148 229
148 269
148 277
148 285
149 152
149 161
149 167
149 200
149 201
149 204
149 220
149 266
149 304
150 292
151 172
151 201
152 212
153 164
153 180
153 245
154 230
155 179
155 220
155 258
156 174
156 180
156 185
156 188
156 211
156 241
156 247
156 274
156 308
156 311
157 200
157 205
157 211
157 224
157 235
157 252
157 265
157 303
158 273
159 168
159 202
159 249
159 254
159 266
160 272
161 239
162 187
162 270
162 283
163 224
163 279
164 213
164 275
165 167
165 201
165 298
166 194
166 205
166 230
167 180
167 217
167 242
167 249
167 283
167 297
167 302
168 206
168 233
168 243
168 266
168 314
169 287
170 234
171 239
172 180
172 276
173 298
174 180
174 191
174 271
176 220
176 247
176 264
177 220
177 284
179 191
179 214
179 239
179 245
179 259
179 301
180 191
180 197
180 232
180 238
180 258
180 268
180 277
180 287
180 313
181 233
181 287
181 289
182 222
182 224
182 288
185 304
185 307
186 201
187 231
187 302
188 217
188 279
188 315
191 258
191 259
191 283
192 200
192 242
192 286
193 200
193 201
193 216
193 218
193 249
193 273
197 210
197 270
200 237
200 249
200 279
200 299
202 304
203 273
204 224
204 238
204 241
204 275
206 305
207 245
208 286
209 255
210 233
210 276
212 279
212 290
213 233
213 284
216 249
216 298
218 222
218 230
218 244
219 224
220 264
220 283
220 284
220 287
220 305
222 249
222 269
223 287
223 313
224 258
224 285
227 230
227 244
227 255
227 288
230 294
230 304
231 237
231 242
231 249
231 283
232 315
233 239
233 242
233 247
233 279
233 303
234 258
234 269
234 313
235 243
235 312
236 242
236 306
236 315
239 242
239 246
239 299
242 291
243 276
244 270
245 287
245 293
246 305
248 262
249 278
249 285
249 293
254 274
255 311
257 267
258 287
258 295
263 299
264 299
268 288
269 299
272 283
272 288
272 297
272 309
275 310
276 277
276 282
276 288
276 305
276 307
283 310
285 292
286 296
287 288
287 304
291 295
293 294
296 304
298 299
313 314
