0 106
0 130
1 5
1 33
1 149
1 296
2 48
2 59
2 62
2 110
2 122
2 130
2 133
2 156
2 200
2 216
2 220
2 233
2 275
2 279
3 88
3 138
3 220
3 224
3 244
4 111
4 129
4 145
4 156
4 266
5 16
5 51
5 78
5 105
5 122
5 178
5 180
5 212
5 215
6 8
6 78
6 91
6 103
6 140
6 146
6 149
6 222
7 36
7 41
7 47
7 50
7 56
7 60
7 130
7 136
7 139
7 180
7 201
7 220
7 258
7 271
7 284
8 12
8 32
8 103
8 118
8 126
8 135
8 148
8 149
8 160
8 209
8 242
8 249
8 278
8 283
8 297
8 305
9 95
9 134
9 200
10 52
10 64
10 96
10 149
10 162
10 195
10 231
10 242
10 314
11 15
11 35
11 129
11 218
12 16
12 117
12 130
12 134
12 198
13 16
13 25
13 40
13 50
13 51
13 59
13 106
13 131
13 143
13 218
13 260
13 267
14 15
14 56
14 122
14 133
14 134
14 179
14 293
15 54
15 55
15 77
15 112
15 145
15 152
15 156
15 185
16 41
16 59
16 67
16 70
16 108
16 122
16 131
16 133
16 140
16 177
16 205
16 210
16 236
16 243
16 286
16 293
17 31
17 62
17 148
17 220
17 231
17 232
17 273
18 77
18 99
18 102
18 105
18 118
18 224
18 267
18 284
19 75
19 268
20 56
20 129
20 133
20 193
20 216
20 252
20 291
20 296
20 304
21 97
21 131
21 152
21 239
21 310
22 105
22 133
22 134
22 193
22 235
22 239
23 37
23 177
24 25
24 32
24 98
24 103
24 156
24 174
24 210
25 40
25 46
25 87
25 101
25 136
25 180
25 222
25 241
27 73
27 97
27 131
27 205
27 206
28 76
28 79
28 131
28 163
28 177
28 180
28 188
28 200
28 204
29 104
29 157
29 270
29 288
30 33
30 90
30 104
30 111
30 165
30 210
30 239
31 38
31 60
31 62
31 83
31 112
31 122
31 129
31 130
31 136
31 141
31 142
31 174
31 224
31 278
32 42
32 59
32 77
32 111
32 124
32 129
32 131
32 160
32 169
32 182
32 188
32 198
32 200
32 208
32 220
32 231
32 238
32 241
33 46
33 51
33 66
33 67
33 75
33 122
33 130
33 133
33 135
33 148
33 156
33 158
33 167
33 180
33 189
33 210
33 217
33 218
33 252
33 261
33 298
33 313
34 80
34 97
34 128
34 133
34 135
34 157
34 161
34 169
35 47
35 165
35 168
35 190
35 208
35 242
36 59
36 156
36 165
36 218
36 235
36 286
36 307
37 46
37 129
37 130
37 141
37 161
37 216
37 309
38 177
38 210
39 107
39 208
40 84
40 92
40 156
40 171
40 262
40 263
41 128
41 129
41 131
41 216
41 238
41 288
42 44
42 83
42 120
42 135
42 262
42 296
43 45
43 55
43 56
43 83
43 94
43 103
43 162
43 224
43 255
43 275
43 305
44 56
44 121
44 199
45 47
45 112
45 130
45 131
45 143
45 157
45 159
45 219
45 252
45 292
46 75
46 124
46 140
46 169
46 193
46 200
46 206
46 210
46 231
46 263
46 305
47 64
47 74
47 87
47 89
47 94
47 128
47 133
47 183
47 193
47 238
47 275
47 276
48 51
48 67
48 122
48 130
48 135
48 148
48 159
48 177
48 287
49 63
49 76
49 104
49 158
49 303
50 66
50 70
50 81
50 91
50 149
50 151
50 193
50 211
50 239
50 242
50 269
50 285
51 135
51 157
51 165
51 212
52 81
52 109
52 131
53 188
53 249
54 161
54 184
54 210
54 220
55 85
55 88
55 135
55 184
55 296
56 80
56 129
56 134
56 158
56 167
56 211
57 140
57 283
58 195
58 309
59 67
59 127
59 133
59 210
59 231
59 234
59 297
59 305
60 95
60 102
60 130
60 133
60 140
60 160
60 201
60 258
60 313
61 67
61 98
61 103
61 222
61 277
62 135
62 139
62 173
62 192
62 210
62 277
62 283
62 287
62 293
63 67
63 101
63 159
63 215
63 288
64 79
64 103
64 129
64 130
64 159
64 168
64 173
64 218
64 298
64 304
65 181
65 249
65 310
66 91
67 68
67 92
67 150
67 153
67 240
67 263
67 298
68 83
68 167
68 233
68 292
68 301
69 167
69 250
69 258
71 89
71 95
71 104
71 157
71 166
71 260
72 74
72 199
72 240
73 136
73 140
73 154
73 156
73 241
74 79
74 118
74 134
74 135
74 160
74 208
74 285
75 104
75 115
75 124
75 131
75 134
75 139
76 78
76 185
76 259
76 265
77 94
77 153
77 184
78 95
78 167
79 102
79 153
79 249
79 315
80 101
80 133
80 157
80 216
80 233
80 258
80 290
81 89
81 144
81 167
81 206
81 272
81 296
82 105
82 211
82 279
83 121
83 135
83 149
84 108
84 166
84 197
84 218
84 301
85 130
85 135
85 157
85 185
85 213
85 239
85 261
85 282
85 310
86 174
87 104
87 118
87 131
87 148
87 189
87 197
87 315
88 95
88 131
88 135
88 193
89 97
89 102
89 105
89 156
89 175
89 210
91 123
92 105
92 118
92 130
92 139
92 160
92 264
92 266
92 299
93 149
93 179
94 129
94 186
94 259
95 129
95 192
96 97
96 118
96 132
96 157
97 134
97 167
97 260
97 298
98 102
98 129
98 219
98 229
98 247
99 204
99 243
99 298
100 220
101 108
101 130
101 133
101 148
101 188
101 217
101 218
102 110
102 124
102 128
102 216
102 267
102 277
102 298
102 305
103 123
103 133
103 138
103 156
103 157
103 274
103 287
104 129
104 133
104 143
104 224
104 239
104 265
104 286
105 128
105 131
105 138
105 156
105 192
105 214
105 220
105 272
105 302
106 194
106 271
106 287
106 298
106 299
107 129
107 148
107 220
107 229
107 237
107 249
107 267
108 161
108 180
108 239
108 311
109 149
109 154
109 211
109 231
109 295
109 301
110 210
110 246
110 287
110 290
110 292
110 298
111 147
111 214
111 231
111 266
112 156
113 233
113 276
114 130
114 135
114 156
115 233
115 252
115 265
116 142
116 205
117 233
117 266
118 134
118 145
118 156
118 174
118 180
118 188
118 219
118 246
118 249
118 287
118 293
119 125
119 133
119 291
120 249
120 281
121 239
121 299
122 209
122 211
122 247
122 281
123 157
123 249
123 301
124 129
124 156
124 157
124 160
124 162
124 193
124 201
124 260
124 288
124 292
124 309
125 287
126 133
126 173
126 242
127 156
127 305
128 205
128 249
128 288
129 131
129 133
129 134
129 140
129 144
129 185
129 208
129 272
129 287
129 298
129 308
130 137
130 138
130 156
130 157
130 160
130 166
130 171
130 174
130 194
130 196
130 204
130 205
130 210
130 215
130 223
130 225
130 232
130 234
130 258
130 266
130 305
131 133
131 136
131 137
131 158
131 160
131 184
131 187
131 197
131 210
131 212
131 213
131 231
131 232
131 233
131 245
131 291
131 297
131 315
132 135
132 193
132 223
132 259
133 135
133 140
133 152
133 156
133 193
133 214
133 258
133 259
133 279
133 287
133 307
134 140
134 148
134 156
134 165
134 177
134 178
134 180
134 184
134 200
134 242
134 249
134 264
134 276
134 283
134 298
134 299
134 309
134 310
135 146
135 156
135 161
135 168
135 175
135 190
135 244
135 249
135 279
135 281
135 287
135 314
136 157
136 197
136 200
136 207
136 244
136 260
136 288
137 151
137 205
137 219
137 306
138 149
138 157
138 167
138 183
138 205
138 260
138 277
138 289
140 174
140 181
140 232
141 287
142 171
144 156
144 180
145 168
145 187
145 209
145 247
145 268
145 271
145 288
146 291
147 253
147 270
148 149
148 151
148 165
148 172
148 178
148 206
148 207
148 227
148 238
148 243
148 255
148 280
148 297
148 301
149 154
149 156
149 166
149 178
149 206
149 288
150 174
150 210
150 220
150 276
151 174
151 187
151 192
152 154
152 187
152 199
152 202
152 224
152 312
153 199
154 160
154 220
154 234
154 237
154 275
155 222
155 301
156 172
156 184
156 188
156 200
156 202
156 226
156 237
156 238
156 259
156 287
157 194
157 269
157 287
158 221
158 233
159 224
159 288
159 303
160 286
160 288
161 247
161 291
161 298
161 299
164 234
164 304
165 252
166 275
166 298
166 305
167 273
167 288
167 289
168 191
172 218
172 223
173 231
173 282
174 205
174 268
174 273
174 283
177 193
178 206
179 208
179 271
179 298
179 303
180 182
180 185
180 215
180 220
180 242
180 255
180 287
182 194
183 224
185 233
185 278
185 285
186 287
187 285
188 241
188 252
188 267
188 268
188 288
188 300
191 200
191 231
191 234
191 259
191 268
191 280
192 244
193 218
193 241
193 267
193 286
195 231
195 285
195 305
196 198
196 219
196 230
197 201
197 232
198 224
199 308
200 206
200 207
200 248
200 271
200 292
200 298
201 292
203 256
204 278
204 284
204 309
205 220
205 249
205 266
207 217
208 223
208 231
208 287
208 290
208 302
209 219
209 245
209 305
210 223
210 244
210 287
211 258
214 220
216 236
216 286
217 293
218 260
219 233
219 240
220 233
220 252
220 266
220 307
223 271
223 288
224 268
224 302
228 286
229 246
229 302
231 296
231 307
232 270
233 287
235 272
237 273
239 242
239 258
239 283
241 273
241 286
241 312
242 264
242 269
242 290
242 299
242 312
243 285
245 254
245 258
246 249
246 260
249 267
249 296
249 305
250 308
251 279
252 255
255 274
256 281
257 266
258 308
263 313
266 287
267 269
268 315
275 286
275 288
275 299
282 301
284 302
287 304
288 310
289 295
292 295
294 303
302 306
