0 4
0 129
0 132
0 134
0 188
1 47
1 148
1 275
2 20
2 42
2 74
2 92
2 95
2 117
2 121
2 126
2 134
2 149
2 157
2 162
2 195
2 200
2 214
2 216
2 239
2 249
2 260
2 269
2 288
2 299
3 110
3 152
3 173
4 7
4 55
4 73
4 109
4 226
5 121
5 124
5 130
5 200
5 211
5 288
6 16
6 20
6 21
6 40
6 54
6 80
6 200
6 210
6 220
6 231
6 245
6 271
6 290
6 312
7 16
7 31
7 32
7 42
7 54
7 60
7 88
7 103
7 131
7 154
7 172
7 194
7 215
7 241
7 312
8 47
8 67
8 135
8 186
8 188
8 217
8 242
8 311
9 108
9 116
9 122
9 130
9 151
9 271
9 299
9 313
10 203
10 214
11 31
11 40
11 130
11 157
11 220
11 270
12 31
12 149
12 227
12 237
12 266
12 287
12 315
13 100
13 131
13 134
13 198
13 239
13 269
13 277
13 283
13 301
14 18
14 103
14 120
14 136
14 147
14 275
15 68
15 80
15 98
15 111
15 125
15 213
15 215
15 219
15 220
15 243
15 282
15 303
16 47
16 50
16 107
16 147
16 160
16 180
16 210
16 214
16 215
16 219
16 220
16 255
16 267
16 285
16 309
17 91
17 118
17 134
17 139
17 174
17 234
18 20
18 173
18 195
18 259
18 261
18 283
18 285
18 295
18 310
19 84
19 187
19 198
19 215
19 285
20 48
20 49
20 92
20 98
20 131
20 152
20 244
20 249
21 48
21 135
21 137
21 169
21 210
21 212
21 233
22 54
22 129
23 142
23 149
23 191
23 286
24 40
24 43
24 90
24 109
24 135
24 136
24 260
25 28
25 48
25 59
25 78
25 130
25 133
25 188
25 208
25 249
25 267
25 275
25 291
26 46
27 35
27 63
27 103
27 161
27 220
27 236
27 266
27 288
28 59
28 62
28 136
28 174
28 315
29 87
29 92
29 97
29 133
29 161
29 217
30 38
30 45
30 132
30 287
31 40
31 43
31 72
31 94
31 105
31 130
31 141
31 142
31 160
31 164
31 171
31 303
31 304
32 33
32 43
32 118
32 119
32 129
32 130
32 133
32 134
32 149
32 150
32 169
32 193
32 210
32 217
33 124
33 129
33 133
33 140
33 148
33 149
33 180
33 266
34 156
34 175
34 204
34 234
34 284
35 59
35 61
35 67
35 156
35 172
35 206
35 287
36 42
36 104
36 133
36 142
36 156
36 289
37 160
37 232
38 39
38 78
38 92
38 135
38 148
38 298
39 185
39 302
40 44
40 96
40 136
40 147
40 209
40 214
40 219
40 234
41 106
41 249
42 131
42 133
42 134
42 160
42 232
42 266
43 134
43 177
43 200
43 287
43 298
44 100
44 207
44 218
44 255
44 304
45 46
45 48
45 50
45 70
45 102
45 116
45 129
45 193
45 224
45 273
46 55
46 68
46 78
46 103
46 130
46 131
46 149
46 156
46 160
46 179
46 186
46 255
46 286
46 287
46 301
47 60
47 73
47 118
47 156
47 159
47 160
47 205
47 220
47 286
47 301
48 103
48 145
48 181
48 207
48 282
48 307
49 55
49 134
49 303
50 59
50 69
50 128
50 133
50 134
50 145
50 149
50 152
50 220
50 221
50 272
50 304
51 64
51 188
51 200
51 287
52 71
52 103
52 133
52 176
53 103
54 62
54 85
54 87
54 89
54 209
54 309
55 80
55 89
55 206
55 223
55 249
56 160
56 180
56 191
56 192
56 206
56 223
56 245
56 296
57 129
57 272
58 96
58 114
58 130
58 188
58 226
58 271
59 81
59 89
59 100
59 102
59 111
59 118
59 137
59 162
59 177
59 195
59 212
59 239
59 242
59 248
59 251
59 284
60 67
60 128
60 131
60 132
60 157
60 202
60 291
61 74
61 104
61 111
61 130
61 148
61 182
61 206
61 216
61 291
62 85
62 92
62 98
62 105
62 166
62 177
62 215
63 290
64 98
64 105
64 106
64 130
64 131
64 134
64 218
64 286
64 314
65 108
65 230
66 87
66 140
66 157
66 175
66 230
67 120
67 124
67 162
67 193
67 206
67 241
67 285
67 295
67 304
68 122
68 129
68 133
68 180
69 130
69 131
69 156
69 278
69 285
70 106
70 140
70 142
70 148
70 156
71 134
72 106
72 123
72 130
72 134
72 223
73 105
73 120
73 134
73 135
73 252
74 83
74 117
74 121
74 134
74 156
74 157
74 159
74 168
74 246
74 268
74 288
75 115
75 134
75 201
75 203
76 146
76 303
77 110
77 130
77 133
77 134
77 156
77 176
77 292
77 305
78 127
78 148
78 167
78 193
78 223
78 301
79 104
79 109
79 188
79 206
79 292
79 294
80 101
80 102
80 103
80 129
80 136
80 150
80 213
80 239
81 156
81 159
81 171
81 215
81 273
81 305
82 165
83 215
83 229
83 310
83 313
84 102
84 103
84 131
84 148
84 255
85 134
85 166
86 118
86 129
86 133
86 293
87 100
87 104
87 152
87 206
87 246
87 268
88 190
88 249
89 134
89 191
89 205
89 220
89 242
89 249
89 271
89 296
90 129
92 198
92 220
93 133
93 169
93 198
94 103
94 129
94 185
94 249
95 135
95 214
95 303
96 193
96 197
96 257
97 109
97 133
97 135
97 156
97 161
97 208
97 293
98 121
98 140
98 180
98 242
98 272
99 130
99 137
99 158
99 189
99 258
100 133
100 160
100 195
100 305
101 117
101 124
101 129
101 157
101 200
101 205
101 219
101 245
101 291
102 112
102 173
102 189
102 193
102 237
102 269
102 308
103 107
103 134
103 136
103 156
103 190
103 222
103 267
103 293
104 140
104 174
104 221
104 256
104 304
105 133
105 165
105 218
106 122
106 258
107 130
107 131
107 133
107 155
107 217
107 220
108 112
108 121
108 136
108 182
108 202
108 234
108 240
108 242
108 258
108 268
109 110
109 128
109 130
109 135
109 160
109 182
109 250
109 275
109 304
110 129
110 140
110 169
110 197
110 244
110 249
110 287
111 129
113 123
113 238
113 272
113 304
114 124
114 188
114 206
114 249
114 253
114 256
116 312
117 124
117 130
117 298
118 122
118 130
118 134
118 202
118 208
118 215
118 218
118 233
118 239
118 241
118 286
119 294
120 141
120 156
120 275
121 200
121 304
122 142
122 160
122 177
122 204
122 220
122 260
123 156
123 188
123 265
123 275
123 290
123 298
124 136
124 180
124 231
124 232
124 249
125 279
126 234
126 239
127 131
127 134
127 187
127 220
128 129
129 132
129 135
129 136
129 145
129 156
129 157
129 166
129 168
129 174
129 201
129 217
129 219
129 221
129 229
129 230
129 233
129 277
129 287
129 305
130 131
130 133
130 140
130 149
130 160
130 162
130 184
130 188
130 207
130 219
130 277
130 286
131 135
131 138
131 156
131 168
131 173
131 174
131 180
131 184
131 202
131 210
131 229
131 242
131 252
131 258
131 264
131 266
131 284
131 293
131 298
131 315
132 276
133 139
133 160
133 173
133 179
133 193
133 195
133 199
133 204
133 215
133 228
133 229
133 238
133 241
133 276
133 281
133 287
133 291
133 308
133 311
134 136
134 142
134 152
134 158
134 176
134 200
134 212
134 219
134 223
134 232
134 236
134 241
134 260
134 263
134 313
135 152
135 160
135 162
135 171
135 173
135 188
135 191
135 222
135 240
135 266
135 277
135 312
136 145
136 167
136 248
136 273
136 277
137 156
137 162
138 200
139 167
139 304
140 143
140 147
140 152
140 185
140 226
140 298
140 303
141 197
141 286
142 197
142 271
142 287
143 273
144 160
145 179
146 216
148 157
148 159
148 172
148 190
148 215
148 249
148 262
148 269
148 273
148 287
149 157
149 160
149 179
149 258
149 286
150 211
150 268
152 156
152 175
152 191
152 215
152 305
153 226
153 241
154 210
154 240
155 233
155 287
156 169
156 185
156 196
156 206
156 210
156 215
156 231
156 241
156 246
156 284
156 286
156 301
156 307
157 174
157 239
157 263
157 273
157 311
158 200
158 259
159 164
159 167
159 185
159 244
159 306
160 167
160 214
160 233
160 234
160 255
160 258
161 179
161 188
161 252
161 266
161 287
162 309
163 207
164 171
164 286
165 206
166 209
167 171
167 177
167 198
167 244
167 267
169 234
171 209
171 217
171 288
172 204
172 286
173 210
173 214
173 232
176 215
177 185
177 196
177 198
177 224
179 188
179 260
179 309
179 311
180 186
180 224
180 266
180 292
181 209
181 314
183 184
184 242
184 287
184 305
185 287
185 311
187 188
187 192
188 193
188 218
188 233
188 239
188 247
188 298
188 304
192 293
192 304
193 210
193 217
193 249
193 287
193 292
195 287
196 280
199 301
200 216
200 220
200 241
200 292
200 298
200 299
201 240
201 254
201 265
202 224
205 254
205 275
205 287
206 258
206 303
206 315
208 281
210 233
210 234
210 297
211 223
213 239
215 279
216 288
217 304
220 223
220 237
220 275
220 298
221 242
223 246
224 287
224 295
225 233
230 237
230 239
231 303
232 245
232 312
233 263
233 268
233 284
234 283
234 287
234 288
237 306
239 294
241 260
241 285
242 292
243 249
244 277
244 286
245 249
245 271
246 257
250 315
261 310
263 269
265 275
266 303
268 285
269 283
271 296
276 288
277 286
278 285
280 308
283 301
284 296
285 305
287 288
294 298
295 305
303 310
