0 77
0 124
1 2
1 7
1 15
1 48
1 70
1 129
1 160
1 162
1 195
1 209
1 265
1 288
1 311
2 7
2 29
2 31
2 36
2 56
2 60
2 62
2 68
2 69
2 78
2 87
2 112
2 145
2 148
2 161
2 164
2 172
2 217
2 226
2 253
2 261
3 64
3 74
3 103
3 106
3 135
3 287
4 60
4 131
4 134
4 287
5 8
5 130
5 135
5 136
6 15
6 47
6 122
6 134
6 200
6 215
6 278
7 23
7 31
7 56
7 155
7 167
7 216
8 67
8 109
8 119
8 129
8 133
8 157
8 195
8 231
8 261
8 275
9 35
9 105
9 117
9 131
9 133
9 135
9 136
9 141
9 193
9 195
9 291
9 296
11 89
11 130
11 156
11 309
12 90
12 111
12 117
12 145
12 156
12 188
13 55
13 73
13 164
13 179
13 242
13 315
14 30
14 41
14 46
14 129
14 130
14 134
14 156
14 167
14 169
14 211
14 286
14 307
15 51
15 75
15 133
15 136
15 218
15 270
15 276
16 17
16 38
16 46
16 50
16 60
16 64
16 92
16 110
16 131
16 148
16 156
16 177
16 183
16 185
16 193
16 201
16 205
16 206
16 210
16 219
16 227
16 231
16 232
17 44
17 62
18 33
18 60
18 106
18 125
18 135
18 160
18 161
18 198
18 227
18 247
19 180
19 272
19 286
19 296
20 44
20 46
20 61
20 92
20 94
20 119
20 130
20 156
20 199
20 244
20 272
21 51
21 130
21 148
21 179
21 242
21 266
21 307
22 133
22 241
23 161
23 191
23 219
24 138
24 156
24 180
24 306
25 61
25 62
25 97
25 102
25 103
25 131
25 135
25 139
25 157
25 191
25 210
25 313
26 126
26 188
26 304
27 33
27 68
27 104
27 110
27 188
27 307
28 35
28 45
28 103
28 117
28 122
28 161
28 167
28 268
28 283
29 31
29 60
29 89
29 120
29 134
29 136
29 149
29 157
29 242
29 252
30 71
30 118
30 122
30 179
31 52
31 69
31 104
31 110
31 122
31 129
31 133
31 140
31 155
31 159
31 160
31 163
31 165
31 197
31 206
31 242
32 47
32 51
32 60
32 62
32 65
32 80
32 88
32 103
32 111
32 115
32 129
32 133
32 135
32 173
32 215
32 269
33 47
33 49
33 57
33 77
33 101
33 105
33 110
33 152
33 197
33 249
33 261
33 277
34 139
34 173
34 223
34 226
35 88
35 129
35 130
35 205
35 214
35 276
36 83
36 85
36 129
36 196
36 205
36 281
36 282
37 49
37 69
37 87
37 150
37 267
37 283
38 109
38 156
38 243
38 270
39 108
39 171
40 72
40 109
40 113
40 120
40 122
40 167
40 168
40 217
40 233
40 266
40 285
41 79
41 181
41 206
41 217
41 266
41 285
42 69
42 104
42 130
42 157
42 238
42 239
42 312
43 57
43 157
44 172
45 56
45 74
45 75
45 98
45 127
45 130
45 147
45 156
45 180
45 188
45 206
45 208
45 224
45 247
45 275
45 293
45 309
46 51
46 59
46 114
46 134
46 136
46 154
46 202
46 205
46 229
46 234
46 247
46 249
46 262
46 272
46 297
46 301
47 49
47 64
47 76
47 92
47 145
47 148
47 173
47 234
48 178
48 232
49 62
49 131
49 247
49 278
50 54
50 73
50 124
50 129
50 132
50 178
50 218
50 282
50 283
50 294
51 68
51 109
51 265
51 312
52 157
52 240
53 182
54 150
54 204
54 292
55 135
55 231
55 293
56 130
56 161
56 169
56 195
57 89
57 213
58 233
58 258
58 286
59 64
59 71
59 76
59 107
59 124
59 136
59 144
59 167
59 210
59 212
59 239
59 272
60 64
60 80
60 108
60 131
60 134
60 136
60 162
60 183
60 196
60 199
60 258
60 272
61 101
61 134
61 164
61 232
61 288
62 87
62 107
62 152
62 214
63 137
63 220
63 265
64 160
64 188
64 192
64 218
64 238
64 276
65 77
65 96
65 137
66 73
66 209
66 258
67 104
67 114
67 129
67 130
67 132
67 136
67 272
67 278
67 287
68 122
68 220
68 238
68 252
68 255
69 134
69 238
69 305
70 153
72 276
73 76
73 110
73 129
73 131
73 134
73 157
73 227
73 241
74 100
74 109
74 119
74 131
74 149
74 156
74 167
74 219
74 276
74 287
75 88
75 102
75 124
75 161
75 195
75 220
75 241
75 263
75 273
75 286
75 301
76 127
76 206
77 118
77 205
77 268
78 131
78 134
78 152
78 167
78 204
78 219
78 293
79 130
79 218
79 244
80 129
80 133
80 171
80 208
80 219
81 102
81 180
81 233
81 235
81 236
81 238
81 296
82 180
83 121
83 134
83 135
83 181
83 208
84 289
85 97
85 104
85 131
85 156
85 286
85 288
85 298
85 299
86 120
86 172
86 196
86 284
87 173
87 234
87 239
87 286
87 287
88 135
88 160
88 243
89 124
89 129
89 141
89 147
89 156
89 210
89 242
89 275
91 124
91 249
92 132
92 133
92 134
92 135
92 136
92 157
92 287
94 129
94 161
94 287
95 131
95 164
95 222
95 309
96 104
96 107
96 130
96 134
96 249
96 298
97 105
97 173
97 202
97 242
97 275
97 286
97 288
98 207
98 287
99 268
100 115
100 286
101 158
101 167
101 178
101 258
101 314
102 103
102 110
102 112
102 134
102 219
102 239
102 244
103 127
103 128
103 185
103 188
103 191
103 259
103 298
104 114
104 126
104 134
104 167
104 204
104 240
104 241
104 258
104 267
104 279
104 286
104 298
104 302
104 304
105 131
105 182
105 185
105 226
105 234
106 129
106 182
106 231
106 263
106 267
107 129
107 167
108 123
108 134
108 137
108 160
108 190
108 193
108 303
109 130
109 133
109 134
109 164
109 272
110 122
110 126
110 134
110 219
110 239
110 242
110 255
110 292
111 131
111 137
111 151
111 208
111 224
111 288
112 223
114 284
114 315
115 148
115 188
115 221
115 252
116 133
117 124
117 128
117 142
117 226
117 227
117 239
118 145
118 197
118 198
118 245
118 252
118 286
120 133
120 186
121 130
121 136
121 157
121 192
121 197
122 177
122 208
122 247
122 273
123 126
123 133
123 206
123 236
124 126
124 129
124 136
124 156
124 242
124 288
127 305
128 171
128 220
128 243
128 245
128 286
128 310
129 130
129 133
129 136
129 142
129 145
129 148
129 156
129 167
129 173
129 179
129 193
129 233
129 240
129 242
129 262
129 273
129 278
129 287
129 298
129 299
130 133
130 136
130 149
130 156
130 164
130 167
130 180
130 185
130 208
130 222
130 234
130 241
130 276
130 286
130 287
130 293
130 294
130 315
131 132
131 133
131 140
131 142
131 147
131 149
131 156
131 158
131 205
131 219
131 220
131 227
131 233
131 240
131 243
131 246
131 267
131 279
131 311
132 239
132 280
133 178
133 180
133 192
133 195
133 197
133 218
133 220
133 233
133 269
133 275
133 278
133 286
133 296
133 304
133 305
134 135
134 148
134 156
134 176
134 188
134 200
134 204
134 212
134 217
134 241
134 259
134 279
134 297
134 307
135 142
135 148
135 159
135 164
135 181
135 194
135 195
135 212
135 220
135 232
135 234
135 235
135 240
135 242
135 252
135 253
135 255
135 265
135 290
136 150
136 167
136 193
136 199
136 224
136 287
136 309
137 140
137 172
137 204
137 227
138 144
138 167
138 226
139 281
139 286
139 291
140 156
140 167
140 265
141 288
142 148
142 158
142 185
142 195
142 249
142 266
142 293
142 307
143 160
143 210
143 249
143 256
143 277
143 287
144 242
144 279
144 280
145 245
145 249
145 285
146 212
148 155
148 192
148 197
148 210
148 222
148 223
148 247
148 287
149 159
149 180
149 206
149 220
149 227
149 235
149 297
149 315
151 270
152 156
152 217
152 280
153 220
153 260
153 304
156 162
156 220
156 239
156 245
156 254
156 269
156 303
156 305
156 308
157 159
157 174
157 193
157 200
157 201
157 216
157 217
157 262
157 294
158 169
158 179
158 286
159 186
159 202
159 208
159 212
159 220
160 245
160 255
160 302
161 185
161 293
162 174
162 193
164 180
164 190
164 252
164 281
164 294
165 220
166 225
167 180
167 205
167 213
167 287
168 267
171 178
171 200
171 272
171 304
172 179
172 210
172 231
172 275
172 314
174 200
174 205
177 218
177 296
178 181
178 296
179 200
179 204
179 276
179 284
180 189
180 227
180 283
180 284
180 288
180 293
181 210
181 224
181 246
181 290
182 188
182 210
182 255
182 288
183 217
185 286
187 286
188 204
188 212
188 222
188 224
188 266
191 271
192 286
193 235
193 270
193 293
195 309
196 200
196 206
196 214
196 285
196 286
200 229
200 236
200 249
200 252
200 283
200 288
201 266
202 259
204 211
204 276
204 315
205 244
206 255
206 285
208 220
208 224
208 241
208 301
209 216
210 220
210 237
210 279
210 301
210 305
211 241
211 251
211 293
212 219
212 224
214 286
214 299
215 257
216 283
217 276
218 252
218 287
220 224
220 298
220 301
222 248
222 252
223 266
223 271
224 242
224 287
228 258
228 315
229 305
230 238
230 240
231 272
231 285
231 297
231 305
231 307
232 234
232 265
232 286
232 288
233 247
233 275
235 248
235 290
237 294
237 308
238 307
239 254
240 286
241 272
241 275
241 284
241 285
241 309
242 276
244 246
244 285
247 262
247 276
249 269
249 287
249 303
252 272
255 288
257 271
258 314
260 287
265 281
266 298
268 299
270 287
273 296
275 288
278 298
285 293
286 296
288 296
293 297
293 303
299 315
