0 28
0 46
0 66
0 109
0 131
0 134
0 135
1 130
1 131
1 164
2 20
2 34
2 35
2 36
2 67
2 76
2 87
2 113
2 121
2 130
2 132
2 167
2 168
2 172
2 188
2 193
2 201
2 220
2 250
2 275
2 304
2 308
3 107
3 135
3 197
3 230
3 238
4 8
4 36
4 70
4 102
4 128
4 136
4 154
4 191
4 293
5 120
5 122
5 145
5 148
5 177
5 202
5 288
6 25
6 40
6 124
6 174
6 233
6 265
7 12
7 49
7 64
7 75
7 97
7 160
7 168
7 182
7 197
7 218
7 230
7 233
7 237
7 287
7 314
8 17
8 48
8 72
8 101
8 124
8 129
8 130
8 134
8 135
8 155
8 156
8 167
8 252
8 273
8 288
9 16
9 39
9 81
9 110
9 133
9 138
9 246
9 283
10 94
10 102
10 206
10 224
11 12
11 60
11 200
11 242
12 64
12 81
12 109
12 133
12 135
12 169
12 210
12 305
13 32
13 47
13 48
13 105
13 132
13 161
14 45
14 46
14 133
14 140
14 168
14 250
15 16
15 180
15 188
15 249
15 287
16 33
16 48
16 74
16 77
16 102
16 123
16 130
16 133
16 134
16 140
16 156
16 162
16 180
16 193
16 238
16 241
16 287
17 49
17 202
17 243
17 287
18 33
18 37
18 45
18 58
18 73
18 85
18 103
18 109
18 130
18 138
18 210
18 230
19 54
19 249
19 286
20 31
20 36
20 103
20 124
20 131
20 133
20 158
20 169
20 174
20 291
20 305
20 311
21 98
21 258
21 297
22 28
22 41
22 200
22 232
23 25
24 30
24 129
24 159
24 171
24 249
25 33
25 44
25 99
25 101
25 117
25 134
25 135
25 156
25 174
25 191
25 233
25 291
26 43
26 130
26 243
26 249
27 50
27 60
27 67
27 129
27 131
27 154
27 165
27 197
27 201
28 46
28 60
28 80
28 104
28 121
28 157
28 168
28 207
28 215
28 237
28 240
29 110
29 145
29 157
29 210
29 275
30 161
30 188
30 221
30 224
30 241
31 71
31 112
31 118
31 174
31 207
31 211
31 266
31 309
31 314
32 42
32 96
32 103
32 145
32 148
32 172
32 173
32 186
32 208
32 248
32 258
32 287
32 295
32 299
32 303
33 39
33 41
33 46
33 103
33 130
33 184
33 200
33 206
33 211
33 234
33 266
33 275
34 47
34 64
34 66
34 72
34 73
34 134
34 233
34 251
35 91
35 122
35 131
35 200
35 211
35 251
36 41
36 85
36 182
37 43
37 77
37 78
37 130
37 156
37 216
37 222
37 224
38 157
38 215
38 234
38 238
39 161
40 123
40 130
40 160
40 180
40 193
40 208
40 210
40 233
40 243
40 286
40 292
41 130
41 135
41 161
41 229
41 280
42 129
42 200
42 223
42 249
42 270
42 298
43 94
43 111
43 133
43 276
44 131
44 160
44 189
45 62
45 77
45 85
45 131
45 135
45 148
45 167
45 193
45 195
45 220
45 241
45 242
45 247
45 285
45 287
46 80
46 88
46 91
46 122
46 155
46 163
46 164
46 191
46 206
46 275
46 283
46 286
46 287
47 70
47 135
47 153
47 188
48 135
48 136
48 191
48 297
49 135
49 181
49 200
49 216
50 66
50 136
50 138
50 160
50 180
50 192
50 242
50 286
50 288
50 297
51 98
51 112
51 114
51 118
51 128
51 188
51 205
51 222
51 268
51 281
51 298
51 305
52 59
52 129
52 152
54 162
55 166
55 264
55 268
56 118
56 124
56 129
56 131
56 156
56 165
56 169
56 177
56 272
58 129
58 159
58 271
59 67
59 78
59 124
59 131
59 231
59 239
59 272
59 275
59 280
59 283
59 287
60 62
60 71
60 81
60 104
60 129
60 167
60 193
60 240
60 292
60 303
60 306
61 135
61 168
61 209
61 286
62 74
62 131
62 151
62 152
63 97
63 173
63 210
64 81
64 83
64 87
64 129
64 153
64 166
64 167
64 180
64 207
64 220
64 263
65 141
65 156
65 159
65 200
65 206
65 285
65 288
66 78
66 87
66 115
66 124
66 253
66 257
66 298
67 87
67 125
67 148
67 157
67 167
67 220
67 240
67 249
68 80
68 179
68 185
68 219
68 224
68 232
68 234
68 255
69 107
69 156
70 167
70 204
70 213
71 109
71 124
71 149
72 129
72 213
72 225
73 79
73 124
73 152
73 172
73 180
73 276
74 97
74 156
74 161
74 223
75 83
75 92
75 129
75 133
75 145
75 174
75 234
76 85
76 180
76 192
76 200
76 206
76 285
77 134
77 162
77 193
77 213
77 220
77 294
78 112
78 142
78 160
78 162
78 167
78 223
78 224
79 129
79 195
79 231
79 236
79 242
79 249
79 278
80 129
80 130
80 131
80 188
80 193
80 205
80 230
80 266
81 161
81 165
82 131
83 245
84 149
84 174
84 224
85 113
85 134
85 163
85 193
85 264
86 135
86 241
87 120
87 208
87 231
88 102
88 156
88 227
88 249
88 304
89 136
89 161
89 175
89 180
89 260
89 308
89 309
90 122
90 136
91 111
91 211
91 287
92 94
92 118
92 310
94 131
94 134
94 168
94 245
94 277
94 287
95 129
95 243
96 131
96 188
96 252
97 106
97 188
97 192
97 200
97 214
97 256
97 258
97 274
98 129
98 158
98 210
98 220
98 231
98 286
99 114
99 127
99 244
99 252
99 304
100 129
100 212
101 119
101 122
101 129
101 156
101 157
101 220
101 230
102 103
102 117
102 131
102 134
102 156
102 196
102 234
102 268
102 311
103 122
103 135
103 148
103 162
103 188
103 190
103 243
103 261
103 273
103 287
104 129
104 133
104 147
104 200
104 224
104 239
104 262
104 283
105 230
105 239
105 313
106 111
106 118
106 157
106 167
106 286
106 288
106 303
107 187
107 269
108 285
109 192
109 287
110 208
110 242
110 245
111 133
111 193
112 296
113 272
113 287
114 138
114 159
114 164
115 134
115 243
115 301
116 121
116 133
117 136
117 160
117 204
117 220
118 121
118 122
118 129
118 135
118 136
118 157
118 180
118 191
118 220
118 287
119 161
119 268
119 273
120 133
120 162
120 191
120 305
121 130
121 157
121 180
121 203
121 229
121 245
122 149
122 168
122 190
123 156
123 267
123 287
124 172
124 278
124 293
124 304
124 311
125 255
125 286
125 299
125 313
127 131
127 133
127 199
127 283
128 134
128 135
128 136
128 234
128 272
129 130
129 132
129 158
129 162
129 189
129 192
129 205
129 209
129 232
129 249
129 252
129 273
129 315
130 131
130 135
130 140
130 147
130 167
130 172
130 179
130 195
130 200
130 233
130 237
130 241
130 249
130 257
130 277
130 286
130 287
130 297
130 299
130 301
131 137
131 154
131 172
131 177
131 197
131 206
131 209
131 249
131 264
131 269
131 273
131 276
131 284
131 285
131 287
132 134
132 231
132 234
132 277
133 134
133 143
133 156
133 158
133 196
133 205
133 239
133 250
133 254
133 283
133 302
134 138
134 156
134 166
134 179
134 185
134 197
134 230
134 232
134 266
134 279
134 286
134 310
135 148
135 150
135 160
135 164
135 176
135 181
135 187
135 193
135 224
135 225
135 237
135 266
135 268
135 274
135 286
135 295
135 298
136 161
136 162
136 163
136 167
136 172
136 202
136 220
136 241
136 242
136 285
136 286
137 163
137 242
140 191
140 220
140 301
142 193
142 255
142 295
142 303
142 305
143 242
143 286
144 215
144 237
144 271
144 286
145 185
145 313
146 243
148 213
148 287
148 292
149 161
149 179
149 210
149 232
149 260
149 290
149 298
149 305
150 156
150 162
150 176
150 193
150 245
151 270
152 153
152 162
152 166
152 171
152 188
152 238
152 285
152 293
153 219
153 220
153 232
154 159
154 167
154 246
154 264
154 275
156 159
156 163
156 193
156 205
156 208
156 215
156 220
156 234
156 249
156 267
156 274
156 286
156 287
156 299
156 303
157 173
157 240
157 255
157 258
157 266
157 288
158 279
158 292
159 172
159 187
159 188
159 301
160 192
160 215
160 229
160 290
160 304
160 314
161 167
161 179
162 201
163 248
164 208
164 259
164 272
165 242
166 288
167 188
167 197
167 225
167 278
167 287
167 304
170 188
170 278
171 240
171 315
172 301
173 217
173 286
174 179
176 286
177 217
177 220
177 287
179 180
179 275
179 287
179 304
180 308
180 315
181 233
181 307
182 231
183 243
184 222
184 271
184 287
185 260
185 285
187 241
188 192
188 193
188 285
188 313
190 202
191 265
191 274
193 200
193 204
193 239
193 249
193 272
193 287
193 288
195 246
195 285
197 230
197 243
197 258
197 276
200 230
200 244
200 305
201 222
202 208
203 221
204 243
204 254
205 213
205 242
205 299
205 309
205 310
206 212
206 231
206 259
207 244
207 314
208 263
208 274
209 230
209 234
209 273
210 222
210 224
210 269
211 239
212 275
212 291
214 247
214 285
215 229
215 241
215 247
215 279
216 238
217 276
218 238
219 263
220 261
222 312
223 304
224 232
224 265
224 276
224 298
224 305
225 285
228 296
231 242
231 263
232 251
232 286
233 252
233 313
234 240
234 286
234 287
234 312
238 303
239 248
239 252
239 254
239 257
239 288
240 258
240 260
240 271
240 311
241 287
242 264
242 285
244 307
245 252
245 295
247 315
249 283
249 284
249 299
255 270
259 266
259 290
261 314
263 288
264 288
265 273
267 287
268 272
271 273
272 275
273 287
276 314
280 285
283 303
284 288
285 291
285 305
287 293
287 297
287 307
287 309
288 290
288 312
