0 33
0 102
0 103
0 118
0 167
0 258
0 293
1 6
1 32
1 60
1 130
1 131
1 133
1 272
1 283
1 287
2 14
2 20
2 33
2 42
2 59
2 89
2 103
2 130
2 136
2 149
2 156
2 173
2 226
2 243
2 283
2 287
2 293
2 302
3 133
3 140
3 141
3 152
3 188
3 249
3 292
4 103
4 122
4 137
4 164
5 75
5 100
5 103
5 156
5 160
5 179
5 238
5 294
5 308
6 15
6 49
6 101
6 129
6 135
6 136
6 156
6 205
6 210
6 213
6 291
6 295
7 10
7 18
7 23
7 40
7 41
7 51
7 81
7 101
7 103
7 124
7 143
7 156
7 167
7 206
7 241
7 271
7 276
7 286
7 287
8 11
8 22
8 45
8 47
8 55
8 94
8 110
8 124
8 129
8 172
8 230
8 239
8 254
8 310
8 313
9 132
9 133
9 180
9 213
9 216
9 217
10 157
11 24
11 97
11 136
11 232
11 238
11 297
12 20
12 25
12 33
12 35
12 42
12 85
12 193
12 201
12 224
12 243
12 283
12 313
13 51
13 52
13 76
13 129
13 139
13 245
14 28
14 29
14 32
14 87
14 92
14 130
14 133
14 180
14 215
14 305
15 20
15 42
15 129
15 145
15 166
15 209
15 313
16 33
16 35
16 42
16 51
16 53
16 67
16 68
16 74
16 93
16 126
16 134
16 157
16 181
16 232
16 272
16 287
16 290
16 297
17 18
17 57
17 117
17 273
18 34
18 124
18 133
18 153
18 261
18 270
18 284
19 47
19 58
19 109
19 210
20 26
20 31
20 209
20 242
20 275
21 45
21 47
21 80
21 105
21 137
21 154
21 191
21 215
21 227
21 249
22 157
22 181
22 271
23 25
23 32
23 40
23 80
23 157
23 259
23 286
24 37
24 100
24 156
24 185
24 261
24 272
25 26
25 62
25 72
25 103
25 105
25 135
25 140
25 157
25 192
25 200
25 221
25 224
25 258
25 260
25 278
26 80
27 50
27 103
27 143
27 154
27 160
27 192
27 285
28 32
28 92
28 142
28 170
29 68
29 73
29 94
29 142
29 213
29 308
30 85
30 123
30 134
30 138
30 148
30 174
30 266
30 299
31 32
31 40
31 59
31 73
31 110
31 204
31 215
31 232
31 249
31 272
31 273
31 286
31 304
32 45
32 80
32 85
32 103
32 106
32 137
32 145
32 173
32 188
32 197
32 201
32 213
32 275
33 114
33 172
33 210
33 218
33 242
33 253
33 286
33 293
34 115
34 135
34 219
34 220
34 256
34 276
35 96
35 120
35 138
35 142
35 180
35 214
35 288
36 73
36 106
36 121
36 123
36 130
36 135
36 211
36 265
37 50
37 99
37 140
37 180
38 131
38 223
38 234
39 108
39 142
39 193
39 230
39 247
39 266
40 51
40 74
40 133
40 285
40 287
41 104
41 134
41 135
41 205
42 74
42 94
42 136
42 200
42 284
43 156
43 185
44 122
44 129
44 155
44 159
44 220
45 48
45 67
45 97
45 108
45 109
45 131
45 148
45 156
45 167
45 175
45 239
45 249
45 256
45 275
45 298
45 304
46 65
46 103
46 104
46 110
46 118
46 124
46 133
46 138
46 211
46 249
46 301
47 50
47 97
47 104
47 106
47 109
47 133
47 156
47 211
47 269
47 305
48 112
48 118
48 127
48 130
48 298
48 305
49 120
49 200
49 258
50 55
50 104
50 110
50 260
51 77
51 129
51 134
51 149
51 189
51 220
51 241
51 261
52 133
52 159
52 211
52 237
52 279
54 112
54 129
54 205
54 309
55 133
55 223
56 59
56 79
56 86
56 129
56 154
56 185
56 263
56 288
57 133
57 176
58 130
58 232
58 248
58 288
59 67
59 120
59 130
59 131
59 140
59 157
59 229
59 264
59 285
59 287
59 298
60 81
60 104
60 130
60 135
60 136
60 152
60 160
60 223
60 256
60 272
60 286
60 296
61 311
62 101
62 105
62 106
62 133
62 156
62 193
62 206
62 278
63 235
63 258
63 275
64 99
64 140
64 148
64 197
65 129
65 131
66 89
66 130
66 179
66 227
66 268
66 287
67 103
67 129
67 134
67 149
67 157
67 199
67 264
67 265
68 81
68 134
68 140
68 215
68 219
68 252
68 260
68 287
69 89
69 156
69 215
69 243
69 281
69 287
69 288
69 307
70 77
70 131
70 283
71 134
71 135
71 188
71 217
72 101
72 167
72 173
73 126
73 252
73 271
74 92
74 97
74 101
74 130
74 131
74 134
74 145
74 235
74 305
75 128
75 133
75 136
75 154
75 260
75 285
75 288
76 98
76 114
76 132
76 149
76 193
76 239
77 94
77 167
77 219
77 276
78 239
78 280
79 224
79 232
80 85
80 118
80 146
80 181
80 197
80 206
80 238
80 242
80 283
80 287
81 187
81 211
81 239
81 284
83 143
83 178
84 110
84 130
84 132
84 188
84 205
84 276
85 149
85 151
85 276
86 149
86 228
86 274
86 284
86 305
87 97
87 122
87 129
87 152
87 200
87 225
87 264
88 94
88 129
88 133
88 193
88 252
88 282
89 194
89 217
89 218
90 97
90 207
91 110
91 188
91 210
92 128
92 129
92 157
92 181
92 234
93 249
94 140
94 149
94 156
94 264
94 303
95 129
95 151
95 174
95 191
95 271
96 131
96 160
96 221
97 103
97 129
97 133
97 140
97 159
97 185
98 108
98 129
98 136
98 173
98 210
98 272
99 200
100 180
100 206
101 110
101 114
101 133
101 188
101 200
102 115
102 137
102 166
102 193
102 200
102 266
102 292
103 107
103 119
103 127
103 179
103 181
103 212
103 241
103 253
103 287
103 304
103 311
104 110
104 133
104 196
104 226
104 241
105 117
105 134
105 229
105 287
105 288
105 315
106 128
106 131
106 188
106 242
107 307
108 133
108 136
108 179
108 242
108 293
109 146
109 148
109 179
109 193
110 117
110 210
110 240
111 124
111 133
111 134
111 231
112 127
112 173
112 287
112 288
112 290
113 238
114 122
114 138
114 150
114 156
114 220
114 267
115 212
115 231
115 252
117 220
117 245
117 279
117 313
118 134
118 144
118 167
118 210
118 260
118 278
118 279
118 285
118 291
119 135
119 193
119 200
120 159
121 136
121 192
121 308
122 135
122 158
122 206
122 207
122 237
122 258
123 130
123 145
123 156
123 172
123 219
123 223
124 129
124 134
124 141
124 149
124 206
124 224
124 240
124 257
124 285
125 128
125 138
125 255
125 258
127 133
127 134
127 174
127 194
127 306
128 129
128 131
128 137
128 150
128 296
129 138
129 140
129 149
129 157
129 158
129 171
129 172
129 200
129 210
129 259
129 281
129 283
129 310
130 133
130 140
130 148
130 149
130 157
130 165
130 180
130 188
130 195
130 200
130 213
130 224
130 226
130 240
130 246
130 252
130 286
131 134
131 135
131 136
131 157
131 179
131 180
131 184
131 188
131 191
131 193
131 215
131 232
131 241
131 267
131 310
132 142
132 149
132 156
132 288
133 154
133 167
133 172
133 174
133 180
133 184
133 201
133 217
133 220
133 233
133 241
133 258
133 262
133 276
133 313
134 144
134 156
134 171
134 184
134 191
134 205
134 231
134 238
134 249
134 271
135 140
135 147
135 156
135 159
135 192
135 196
135 218
135 232
135 240
135 242
135 249
135 252
135 287
135 308
136 196
136 218
136 252
136 303
137 157
138 157
138 242
139 171
140 142
140 154
140 156
140 177
140 196
140 234
140 239
141 156
141 217
141 274
142 182
142 235
142 244
142 263
143 169
143 281
145 167
145 200
146 209
148 201
148 208
148 215
148 239
148 260
148 287
149 152
149 193
149 200
149 217
149 233
149 241
149 281
149 298
150 172
150 188
150 232
150 288
150 296
150 298
152 167
152 291
154 220
154 290
155 207
155 217
155 261
156 192
156 197
156 211
156 227
156 238
156 253
156 260
156 267
156 286
156 288
156 291
156 297
156 306
157 166
157 175
157 212
157 221
158 244
158 256
158 273
159 224
159 272
160 161
160 221
160 254
160 265
160 292
161 181
161 231
162 215
162 239
162 249
162 268
163 205
163 248
163 250
163 303
164 220
164 302
165 212
166 264
167 179
167 214
167 224
167 226
167 235
168 211
169 242
171 215
171 267
172 216
172 245
172 285
173 178
174 180
177 191
177 277
177 315
179 180
179 232
180 212
180 213
180 249
180 285
180 314
182 242
184 196
185 211
185 237
185 270
185 271
188 208
188 213
191 201
191 222
191 287
192 215
192 305
193 196
193 215
193 286
194 252
195 212
195 263
195 309
196 314
197 210
197 216
197 243
197 274
199 232
199 267
200 210
200 221
201 232
202 215
202 244
202 288
203 265
204 286
205 226
205 261
205 287
206 249
206 253
206 281
206 298
209 212
209 233
210 278
212 234
212 249
212 268
213 313
214 239
214 303
215 220
215 242
215 266
216 288
217 296
217 302
217 304
218 286
218 302
220 232
220 264
220 303
220 305
221 237
221 287
222 224
222 284
223 240
227 281
228 287
229 279
229 281
229 308
230 232
230 261
230 264
231 303
232 241
232 242
232 247
233 298
235 281
237 276
238 269
239 248
239 275
239 281
239 287
240 279
242 291
244 313
245 303
246 266
247 286
248 287
249 280
258 259
259 288
264 273
267 288
269 312
270 296
272 289
275 294
275 305
281 286
283 296
284 312
285 301
285 306
287 292
290 313
291 306
293 295
297 298
301 303
301 311
