0 129
0 156
0 160
0 173
0 230
1 39
1 80
1 111
1 129
1 133
1 135
1 232
2 44
2 66
2 68
2 69
2 88
2 89
2 92
2 99
2 104
2 116
2 118
2 124
2 133
2 134
2 138
2 152
2 156
2 159
2 204
2 224
2 298
3 72
3 287
4 50
4 69
4 115
4 130
4 147
4 153
4 180
5 33
5 34
5 69
6 46
6 73
6 106
6 130
6 134
6 156
6 193
6 266
6 297
7 33
7 41
7 60
7 115
7 117
7 131
7 196
7 265
7 266
7 270
7 271
8 15
8 34
8 39
8 45
8 52
8 67
8 68
8 80
8 118
8 129
8 134
8 193
8 220
8 249
8 292
8 307
9 79
9 114
9 133
9 135
9 237
9 245
10 261
11 87
11 133
11 161
12 84
12 87
12 130
12 131
12 135
13 16
13 135
13 149
14 78
14 133
14 134
14 173
14 201
14 288
15 33
15 62
15 134
15 215
15 279
15 282
16 107
16 121
16 134
16 135
16 136
16 148
16 178
16 191
16 194
16 211
16 233
16 249
16 265
16 288
16 290
16 296
16 297
16 301
16 306
17 74
17 89
17 129
17 167
17 208
17 247
18 41
18 92
18 149
18 180
18 183
18 224
18 245
18 246
18 285
18 292
18 307
19 74
19 79
19 124
19 157
19 247
20 67
20 118
20 147
20 172
20 188
20 266
20 306
21 149
23 50
23 68
23 128
23 142
23 248
23 285
23 288
24 31
24 129
24 136
24 140
24 219
24 238
24 247
24 271
25 130
25 131
25 143
25 168
25 273
26 131
26 180
26 258
27 32
27 61
27 77
27 99
27 101
27 118
27 134
27 154
27 200
27 284
28 32
28 44
28 63
28 81
28 158
28 252
28 280
29 48
29 91
29 102
29 105
29 152
29 201
29 210
29 268
29 285
29 287
29 312
30 54
30 80
30 188
30 206
30 217
30 280
31 32
31 54
31 135
31 200
31 206
31 214
31 215
31 239
31 263
31 266
31 268
31 287
31 298
32 59
32 74
32 133
32 149
32 153
32 169
32 188
32 192
32 195
32 197
32 216
32 217
32 304
33 38
33 53
33 75
33 76
33 129
33 190
33 200
33 218
33 222
33 261
33 290
34 42
34 50
34 80
34 85
34 129
34 133
34 280
35 135
35 241
35 258
35 283
36 44
36 89
36 129
36 239
36 272
36 278
36 287
36 293
37 64
37 101
37 175
37 249
37 303
38 101
38 124
38 156
38 252
38 283
39 101
39 195
39 201
39 287
40 63
40 180
40 189
40 209
41 279
42 52
42 103
42 131
42 134
42 179
43 90
44 62
44 77
44 242
44 287
45 56
45 70
45 134
45 145
45 159
45 162
45 210
45 219
45 295
45 305
46 89
46 98
46 123
46 124
46 126
46 131
46 148
46 149
46 162
46 180
46 210
46 251
46 259
46 287
46 292
47 60
47 62
47 75
47 95
47 134
47 212
47 275
47 288
47 304
48 61
48 165
48 167
48 305
49 67
49 87
49 129
49 133
49 233
50 110
50 129
50 130
50 131
50 134
50 288
51 167
51 210
51 239
52 63
52 105
52 168
52 193
52 260
53 61
54 96
54 107
54 154
54 184
54 230
54 243
55 106
55 255
55 283
55 293
55 299
56 76
56 106
56 131
56 199
56 210
56 221
56 287
56 291
56 293
57 62
57 132
57 205
58 135
59 110
59 133
59 156
59 168
59 182
59 184
59 188
59 192
59 206
59 215
59 234
60 75
60 89
60 131
60 140
60 141
60 188
60 199
60 208
60 215
60 232
60 239
61 124
61 127
61 134
61 148
61 201
62 109
62 113
62 120
62 129
62 130
62 156
62 168
62 189
62 239
62 287
63 80
63 85
63 106
63 117
63 136
63 206
63 220
63 261
64 87
64 96
64 103
64 133
64 134
64 135
64 167
64 288
65 104
65 167
66 234
66 239
67 76
67 99
67 103
67 145
67 162
67 200
67 205
67 288
67 308
68 91
68 101
68 173
68 187
68 206
68 218
69 129
69 160
69 272
69 283
69 286
69 287
69 303
69 309
71 133
71 180
71 217
72 131
72 133
73 152
73 163
73 223
73 245
73 271
74 93
74 130
74 197
75 98
75 175
75 268
76 157
76 205
76 287
76 315
77 157
77 160
77 180
78 85
78 97
78 130
78 134
78 152
79 161
79 239
79 246
79 311
80 81
80 110
80 124
80 135
80 223
80 280
80 308
81 135
81 277
82 205
83 117
83 118
83 119
83 131
83 238
84 156
84 180
84 202
84 213
84 230
84 252
85 145
85 273
85 303
86 131
86 220
86 237
86 261
87 130
87 230
87 237
87 240
87 242
87 259
88 114
88 130
88 288
89 187
89 233
89 237
90 96
90 133
90 156
90 180
90 291
91 244
92 122
92 132
92 193
93 241
94 134
94 185
94 220
94 249
95 96
95 130
95 167
95 277
95 284
96 148
96 287
97 113
97 124
97 167
97 205
97 209
97 235
98 135
98 136
98 160
98 163
98 206
99 117
99 129
100 156
100 249
101 116
101 179
101 200
101 260
102 130
102 157
102 179
102 180
102 227
102 249
102 309
103 106
103 123
103 131
103 155
103 156
103 165
103 169
103 200
103 214
103 282
103 286
103 287
103 296
104 135
104 156
104 161
104 257
104 279
105 148
106 119
106 149
106 180
106 216
106 219
106 264
107 118
107 249
107 265
108 114
108 153
108 156
108 157
108 174
109 153
110 130
110 142
110 150
110 161
110 167
110 177
110 200
110 219
110 273
111 130
111 131
111 242
111 288
112 133
112 178
113 188
114 130
114 150
114 156
114 220
115 127
115 128
115 213
117 131
117 136
117 154
117 224
117 272
117 288
117 300
118 135
118 142
118 174
118 188
118 190
118 206
118 285
119 172
121 131
121 206
121 266
122 152
122 153
122 295
122 297
123 235
124 131
124 145
124 167
124 182
124 193
124 204
124 252
124 261
124 288
125 138
125 197
125 288
126 215
126 292
127 261
127 286
128 131
128 132
128 161
128 200
128 273
128 277
128 303
129 131
129 133
129 134
129 135
129 138
129 180
129 181
129 209
129 235
129 238
129 240
129 242
129 245
129 283
129 288
130 131
130 133
130 135
130 157
130 161
130 166
130 167
130 180
130 185
130 199
130 212
130 261
130 281
130 284
130 311
131 133
131 142
131 154
131 156
131 160
131 242
131 247
131 249
131 257
131 269
131 270
131 272
131 282
131 292
131 301
131 305
132 137
133 134
133 172
133 179
133 181
133 196
133 201
133 230
133 244
133 245
133 249
133 265
133 268
133 281
133 298
134 136
134 157
134 160
134 180
134 185
134 187
134 211
134 214
134 223
134 224
134 232
134 236
134 245
134 252
134 266
134 269
134 276
134 286
134 287
134 294
135 151
135 156
135 161
135 164
135 172
135 193
135 197
135 200
135 210
135 241
135 260
135 268
135 272
135 279
135 283
135 299
136 137
136 156
136 196
136 207
136 217
136 229
136 249
136 313
137 160
137 171
138 196
138 256
139 279
140 180
140 181
140 191
140 200
140 204
140 286
140 305
141 288
142 156
142 157
142 252
142 265
143 224
144 156
144 195
145 154
145 173
145 301
145 304
146 249
147 270
148 180
148 286
149 156
149 233
149 239
149 249
149 272
149 287
149 304
149 310
150 167
150 180
150 272
150 288
151 168
151 285
153 157
154 191
154 240
154 286
155 165
155 249
155 307
156 166
156 184
156 191
156 197
156 200
156 220
156 224
156 233
156 241
156 242
156 246
156 264
156 275
156 286
156 288
156 296
156 303
157 167
157 177
157 196
157 201
157 215
157 217
157 224
157 262
157 282
157 288
158 213
158 258
159 200
159 206
160 167
160 223
161 200
161 210
161 273
162 290
162 309
163 167
164 194
164 297
165 254
166 303
167 173
167 210
167 242
167 287
167 315
171 225
171 301
172 287
173 199
173 205
173 304
174 179
174 204
174 215
174 268
176 239
177 203
177 215
177 292
178 231
179 181
179 200
179 208
179 223
180 204
180 252
180 254
180 279
180 284
180 301
181 275
181 307
182 199
182 212
184 233
185 236
185 245
185 258
187 233
187 268
188 191
188 248
188 298
188 311
191 242
191 245
191 247
193 210
193 214
193 233
193 246
194 262
195 315
197 239
197 241
199 224
200 225
200 241
200 244
200 271
200 307
200 309
201 213
201 271
203 220
204 238
204 239
204 287
205 210
205 219
205 220
205 231
205 233
206 210
206 224
209 272
210 243
210 258
210 265
210 285
210 289
210 293
210 306
211 264
211 286
212 238
213 215
213 241
213 252
213 255
214 291
215 235
215 246
215 290
215 299
216 263
217 236
218 256
218 278
219 228
219 252
219 295
220 269
220 284
220 299
221 243
222 272
224 273
224 276
227 314
228 291
229 231
229 232
229 268
229 312
231 254
232 273
232 309
233 242
233 249
233 311
236 246
236 301
239 269
239 278
239 288
239 305
241 243
242 298
245 276
246 249
246 288
249 261
249 288
249 312
250 288
254 279
255 256
255 265
255 293
257 272
258 272
258 284
258 287
258 298
259 303
264 280
264 288
264 304
266 273
266 305
267 279
269 274
269 287
269 296
270 290
270 297
272 279
272 296
275 303
275 304
276 287
276 314
279 303
281 313
282 283
283 284
283 310
285 293
286 303
290 305
293 313
294 300
308 309
