0 129
0 136
0 157
0 159
1 9
1 45
1 47
1 204
1 215
1 224
1 258
1 294
1 298
2 12
2 18
2 36
2 73
2 129
2 131
2 133
2 134
2 138
2 148
2 156
2 200
2 204
2 249
2 252
2 271
2 276
3 100
3 176
4 10
4 103
4 130
4 133
4 163
4 200
4 210
4 269
4 305
4 313
5 103
5 136
5 210
5 211
5 238
5 313
6 12
6 32
6 39
6 109
6 110
6 197
6 237
7 8
7 46
7 52
7 98
7 115
7 140
7 148
7 157
7 171
7 206
7 233
7 282
7 283
7 287
7 292
8 60
8 80
8 92
8 102
8 103
8 133
8 136
8 164
8 206
8 210
8 247
8 249
8 268
9 63
9 98
9 131
9 149
9 189
9 196
9 221
9 283
10 134
10 206
10 211
10 286
11 79
11 101
11 162
11 286
12 49
12 65
12 108
12 113
12 124
12 142
12 156
12 184
12 204
12 242
12 311
13 35
13 58
13 77
13 97
13 121
13 129
13 134
13 152
13 209
13 224
13 246
14 68
14 117
14 130
14 131
14 205
14 305
15 74
15 77
15 130
15 150
15 203
15 221
15 250
16 18
16 25
16 46
16 64
16 91
16 97
16 121
16 122
16 124
16 144
16 164
16 197
16 208
16 249
16 286
17 101
17 130
17 133
17 206
17 210
18 20
18 33
18 61
18 64
18 139
18 156
18 230
18 231
19 130
19 156
19 258
20 27
20 42
20 74
20 92
20 102
20 136
20 137
20 232
20 287
21 29
21 135
21 156
21 160
21 287
22 158
23 30
23 127
23 135
23 193
24 62
24 70
24 71
24 84
24 107
24 129
24 156
24 181
24 252
25 133
25 154
25 273
25 304
26 29
26 120
27 74
27 103
27 112
27 267
28 69
28 78
28 87
28 99
28 123
28 124
28 130
28 134
28 144
28 239
28 254
28 296
29 106
29 134
29 205
29 265
30 108
30 130
30 134
30 200
30 274
30 286
31 35
31 102
31 105
31 118
31 142
31 157
31 167
31 181
31 237
31 283
31 299
32 37
32 45
32 59
32 87
32 89
32 124
32 134
32 153
32 162
32 192
32 195
32 219
32 234
32 281
33 45
33 79
33 81
33 102
33 119
33 126
33 173
33 185
33 195
33 200
33 240
33 245
33 249
33 257
33 270
33 288
34 73
34 101
34 111
34 133
34 135
34 142
34 148
34 200
34 210
35 43
35 47
35 117
35 173
35 174
35 241
36 80
36 81
36 114
36 136
36 149
36 167
36 231
36 247
37 61
37 94
37 103
37 201
37 206
37 208
37 211
37 255
37 278
38 48
38 73
38 139
38 200
38 239
38 287
38 303
39 46
39 131
39 136
39 140
39 269
39 284
40 68
40 84
40 87
40 172
40 206
40 234
41 60
41 62
41 139
41 176
41 180
41 211
41 268
41 273
41 278
41 286
42 44
42 160
42 200
42 298
43 128
43 132
43 150
43 231
44 58
44 61
44 68
44 97
44 133
44 242
45 55
45 87
45 94
45 121
45 239
45 299
45 305
46 85
46 87
46 109
46 133
46 196
46 198
46 256
46 284
46 294
46 298
47 56
47 68
47 96
47 101
47 106
47 155
47 160
47 161
47 184
47 222
47 231
47 235
47 271
47 287
47 305
48 101
48 102
48 109
48 123
48 130
48 188
48 275
49 78
49 139
49 158
49 237
49 289
50 101
50 117
50 130
50 173
50 191
50 203
50 259
50 263
50 276
51 132
51 133
51 167
51 174
51 191
51 194
51 309
52 73
52 107
52 172
53 217
54 130
54 132
54 134
54 135
54 206
54 261
55 117
55 185
55 206
55 233
55 272
56 75
56 81
56 188
56 200
56 215
56 218
56 238
56 247
57 117
58 169
59 66
59 72
59 129
59 156
59 169
59 229
59 286
60 111
60 135
60 172
60 182
60 191
60 224
60 242
60 249
61 102
61 113
61 201
61 263
61 280
62 95
62 143
62 231
62 264
62 291
62 293
63 104
63 117
63 140
63 145
63 148
63 241
63 242
63 249
63 287
64 80
64 131
64 287
64 288
65 148
66 74
66 81
66 129
66 273
67 80
67 90
67 94
67 96
67 98
67 102
67 110
67 112
67 132
67 133
67 134
67 135
67 181
67 196
67 232
67 247
68 87
68 89
68 90
68 157
68 196
68 235
68 241
68 245
68 248
69 121
69 135
69 180
69 191
69 241
70 95
71 227
71 279
73 78
73 154
73 200
73 204
74 87
74 156
74 285
74 295
74 315
75 79
75 92
75 102
75 134
75 150
75 205
75 247
75 255
75 268
75 291
76 87
76 133
76 180
76 241
76 259
76 264
76 266
77 154
77 210
77 298
78 136
78 148
78 174
78 203
78 236
79 117
79 134
79 157
79 158
79 279
80 99
80 140
80 156
80 172
80 202
80 215
80 242
80 273
80 276
80 278
81 90
81 110
81 124
81 130
81 137
81 149
81 180
81 208
81 239
81 254
81 268
82 131
82 284
83 302
84 92
84 136
85 293
85 308
86 129
86 232
87 94
87 159
87 197
87 225
87 235
87 266
87 268
87 287
88 150
88 155
88 180
88 242
89 117
89 129
89 275
89 287
89 301
90 135
91 136
91 162
91 298
92 133
92 134
94 130
94 131
94 135
94 136
94 285
95 205
95 243
95 275
96 100
96 124
96 188
96 237
96 302
97 242
97 273
98 103
98 104
98 116
98 129
98 133
98 140
98 150
98 169
98 311
99 145
99 191
99 216
100 305
101 110
101 124
101 179
101 184
101 188
102 156
102 217
102 288
103 105
103 122
103 134
103 170
103 180
103 192
103 215
103 287
104 134
104 149
104 163
104 196
104 227
104 268
104 271
104 275
104 283
104 287
104 288
105 180
105 220
105 233
106 118
106 132
106 134
106 160
106 217
107 133
108 109
108 134
108 260
108 273
109 122
109 232
109 247
109 285
109 313
110 138
110 157
110 250
110 252
111 129
111 135
111 156
111 245
111 249
112 238
113 234
114 288
115 215
116 118
116 138
116 295
117 119
117 121
117 129
117 172
117 174
117 219
118 124
118 129
118 134
118 188
118 211
118 268
118 270
118 272
118 288
119 200
119 232
119 286
120 134
120 183
120 258
121 152
121 159
121 193
121 233
121 289
122 138
122 167
122 206
122 212
122 218
122 258
122 260
122 315
123 272
123 282
124 130
124 134
124 159
124 185
124 212
124 232
124 243
124 303
127 130
127 206
127 215
128 140
128 151
128 156
128 168
128 205
128 237
128 269
129 133
129 135
129 136
129 156
129 161
129 173
129 185
129 191
129 200
129 202
129 205
129 218
129 224
129 249
129 252
129 269
129 275
129 283
129 286
129 290
129 299
130 134
130 144
130 146
130 148
130 166
130 169
130 176
130 197
130 204
130 205
130 211
130 220
130 224
130 238
130 240
130 245
130 249
130 276
130 278
130 299
131 135
131 154
131 158
131 161
131 163
131 205
131 216
131 234
131 238
131 249
131 263
131 286
131 287
131 288
131 310
132 224
132 239
132 289
133 144
133 148
133 156
133 162
133 168
133 225
133 233
133 264
133 282
133 285
133 298
134 136
134 151
134 157
134 158
134 160
134 162
134 163
134 179
134 205
134 210
134 218
134 222
134 239
134 297
135 140
135 176
135 224
135 229
135 232
135 241
135 248
135 249
135 266
135 267
135 303
136 153
136 155
136 156
136 172
136 200
136 225
136 227
136 286
137 228
137 230
138 159
138 216
138 224
138 254
138 276
139 156
139 311
140 145
140 157
140 180
140 193
140 210
140 296
141 181
142 203
142 239
143 156
143 243
143 261
143 279
143 288
145 237
146 156
146 212
148 180
148 188
148 245
148 249
148 265
148 278
149 271
149 287
149 311
150 270
151 218
152 158
152 160
152 193
152 200
152 249
153 176
153 219
153 233
153 264
153 305
154 156
154 176
154 205
154 279
154 286
154 287
155 167
155 240
156 158
156 191
156 210
156 211
156 227
156 257
156 288
156 298
156 303
157 159
157 191
157 193
157 205
157 222
157 232
157 250
157 257
158 173
158 196
158 205
159 210
159 218
159 222
159 258
159 276
160 188
160 215
160 218
160 234
160 287
160 310
160 315
161 180
162 210
162 234
162 288
163 169
164 167
164 225
164 231
164 287
164 314
165 167
165 184
165 257
166 193
166 210
167 172
167 184
167 206
167 211
167 243
167 275
167 286
167 288
167 304
167 305
168 247
168 275
172 174
172 233
172 287
173 180
173 302
174 177
174 192
174 242
177 191
177 224
179 197
179 241
179 264
179 279
180 188
180 189
180 201
180 217
180 241
180 249
180 255
180 264
180 305
180 315
182 220
183 201
184 299
185 205
185 211
187 188
187 198
188 192
188 193
188 205
188 236
188 247
188 277
188 284
190 232
191 232
191 233
191 307
192 288
193 201
193 274
193 298
193 310
193 314
193 315
195 210
195 217
195 266
196 204
196 261
197 227
197 236
197 249
197 295
198 234
199 217
200 210
200 223
200 287
201 215
201 296
204 247
205 210
205 306
206 229
206 264
207 239
209 216
210 221
210 246
210 255
210 261
210 287
210 304
211 287
213 266
214 231
214 278
214 304
215 242
215 257
215 274
215 287
216 276
217 271
217 299
218 219
218 279
220 313
221 245
221 260
221 307
223 237
224 239
224 249
224 252
224 273
224 285
228 249
229 305
230 242
230 258
230 272
231 266
232 278
232 315
233 274
233 286
235 269
236 292
237 285
237 305
238 309
239 249
239 288
239 297
239 309
241 242
241 255
241 275
243 278
244 293
245 273
245 301
249 258
249 267
249 288
250 263
252 278
252 305
255 295
258 304
261 285
262 297
265 288
266 283
267 296
268 285
270 276
271 272
272 279
272 283
275 282
275 296
275 298
276 300
280 296
281 311
283 303
285 293
286 298
287 291
287 302
287 303
287 313
288 293
293 305
304 307
