0 24
0 33
0 54
0 73
0 124
0 145
0 208
0 258
1 63
1 99
1 130
1 225
1 233
2 13
2 19
2 31
2 34
2 37
2 95
2 102
2 112
2 123
2 124
2 129
2 135
2 136
2 143
2 148
2 181
2 188
2 241
2 252
2 275
2 311
3 40
3 90
3 166
3 212
3 299
4 33
4 119
4 134
4 135
4 152
4 156
4 157
4 169
4 249
4 258
5 117
5 134
5 152
5 206
5 265
6 14
6 148
6 210
6 227
6 287
7 8
7 17
7 20
7 33
7 87
7 90
7 158
7 180
7 193
7 216
7 224
7 245
7 249
7 287
7 296
8 15
8 68
8 188
8 200
8 224
8 240
8 266
8 312
9 16
9 62
9 88
9 102
9 109
9 129
9 133
9 200
10 19
10 101
10 167
10 179
10 249
11 152
11 182
12 41
12 121
12 122
12 134
12 157
12 166
12 258
12 311
12 315
13 40
13 51
13 70
13 111
13 129
13 133
13 134
13 136
13 146
13 271
14 31
14 129
14 200
14 210
14 222
14 263
14 287
15 16
15 45
15 66
15 67
15 89
15 105
15 134
15 156
15 184
15 205
16 23
16 31
16 48
16 62
16 67
16 98
16 109
16 115
16 133
16 140
16 194
16 205
16 208
16 224
16 249
16 275
16 287
17 33
17 216
17 233
17 255
18 32
18 45
18 46
18 97
18 217
18 261
18 296
19 108
20 60
20 131
20 135
21 57
21 74
21 135
21 153
21 165
21 246
21 255
21 276
21 311
23 60
23 64
23 68
23 181
23 287
24 52
24 131
24 136
24 209
25 31
25 44
25 97
25 153
25 156
25 208
25 220
25 231
25 255
25 279
25 287
26 62
26 199
26 284
26 291
27 45
27 48
27 163
28 31
28 61
28 74
28 102
28 157
28 179
28 200
28 304
29 42
29 280
30 210
30 269
31 41
31 46
31 49
31 60
31 103
31 134
31 152
31 180
31 204
31 219
31 228
31 245
32 45
32 70
32 89
32 129
32 130
32 160
32 205
32 223
32 281
32 293
33 41
33 62
33 96
33 106
33 146
33 164
33 193
33 206
33 216
33 268
33 293
34 72
34 136
34 157
34 174
34 179
34 188
34 220
34 256
34 275
34 278
35 64
35 79
35 206
35 258
35 278
35 309
36 95
36 121
36 133
36 140
36 218
36 294
37 46
37 47
37 130
37 138
37 146
37 179
37 282
37 308
38 64
38 75
38 99
38 208
38 261
39 290
40 55
40 96
40 110
40 131
40 133
40 192
40 202
40 297
41 45
41 66
41 134
41 149
41 220
41 271
41 287
42 218
42 288
43 94
43 130
43 247
44 45
44 48
44 75
44 104
44 261
44 265
45 48
45 83
45 92
45 98
45 133
45 153
45 182
45 298
46 48
46 51
46 58
46 71
46 96
46 98
46 109
46 129
46 200
46 260
46 279
46 285
47 80
47 111
47 134
47 171
47 188
47 215
47 269
47 281
47 299
48 113
48 115
48 184
48 260
49 50
49 312
50 60
50 62
50 80
50 89
50 94
50 124
50 130
50 154
50 184
50 188
50 302
51 80
51 94
51 133
51 134
51 137
51 152
51 167
52 129
52 193
52 277
53 97
53 152
53 200
54 73
54 101
54 252
54 304
55 67
55 98
55 129
55 133
55 231
56 102
56 118
56 124
56 130
56 133
58 153
59 60
59 64
59 75
59 77
59 80
59 97
59 106
59 131
59 136
59 173
59 191
59 198
59 200
59 213
59 271
59 287
59 290
59 293
60 80
60 90
60 105
60 108
60 122
60 180
60 201
60 238
60 265
60 269
60 279
60 303
60 314
61 151
61 156
61 274
61 306
62 75
62 161
62 224
62 244
62 299
63 129
63 141
63 160
63 208
64 68
64 77
64 89
64 92
64 135
64 136
64 156
64 180
64 199
64 249
65 231
66 133
66 147
66 174
67 99
67 101
67 131
67 174
67 201
67 208
67 263
68 98
68 110
68 129
68 136
68 138
68 139
68 211
68 218
68 220
68 285
69 133
69 290
70 81
70 129
70 135
70 172
70 258
71 89
71 133
71 159
71 209
71 224
72 79
72 200
72 239
72 287
73 83
73 96
73 131
73 193
73 200
73 211
73 315
74 86
74 101
74 103
74 134
74 135
74 136
74 184
74 285
74 314
75 87
75 109
75 122
75 153
75 180
75 181
75 192
75 212
75 248
76 81
76 102
76 142
77 115
77 206
77 231
77 286
78 98
78 100
78 142
78 149
78 156
78 283
79 92
79 215
79 244
79 264
80 86
80 121
80 140
80 168
80 305
80 313
81 191
81 193
81 287
82 304
83 215
83 245
83 266
83 288
84 102
84 148
84 163
85 134
85 224
85 269
85 285
85 302
86 126
86 216
86 266
87 105
87 135
87 161
87 288
87 308
88 130
88 140
88 167
88 244
88 257
88 265
89 107
89 112
89 137
89 150
89 242
89 252
89 278
90 165
90 310
91 153
91 199
91 273
92 123
92 135
92 140
92 171
92 217
92 249
93 129
93 133
94 101
94 174
94 188
94 269
95 98
95 293
96 97
96 205
96 208
96 212
96 249
97 130
97 133
97 145
97 149
97 202
98 102
98 110
98 129
98 130
98 132
98 133
98 156
98 161
98 219
99 114
99 130
99 210
99 211
100 156
100 192
100 292
100 305
101 102
101 130
101 141
101 148
101 210
101 214
102 124
102 131
102 158
102 228
102 232
102 247
103 133
103 135
103 156
103 160
103 200
103 205
103 220
103 249
103 263
103 280
104 130
104 140
104 167
104 229
104 286
105 239
105 248
106 107
106 199
106 275
106 287
107 212
107 280
108 115
108 134
108 136
108 205
108 239
108 243
108 275
109 177
109 193
109 273
109 305
110 133
110 157
110 172
110 178
110 180
110 224
110 235
110 287
110 300
111 134
111 162
111 232
111 315
113 261
114 119
114 134
114 186
114 192
114 205
114 211
114 292
114 293
114 303
115 161
115 182
115 239
117 129
117 131
117 134
117 135
117 184
117 206
117 298
118 131
118 135
118 142
118 152
118 156
118 167
118 180
118 224
118 241
118 257
118 261
118 314
119 156
119 276
120 127
120 146
120 151
120 244
120 285
120 288
120 304
121 128
121 135
121 191
121 200
121 233
122 124
122 200
122 209
122 220
122 286
124 130
124 158
124 179
124 186
124 191
124 247
124 298
126 130
126 156
126 271
126 272
127 130
127 179
127 180
127 276
127 279
128 129
128 193
128 247
128 285
128 296
129 130
129 133
129 134
129 136
129 149
129 155
129 157
129 177
129 180
129 185
129 193
129 207
129 208
129 212
129 233
129 257
129 270
129 273
129 287
129 288
129 289
129 293
129 301
130 131
130 134
130 142
130 154
130 162
130 167
130 177
130 180
130 182
130 216
130 219
130 238
130 242
130 258
130 264
130 275
130 276
130 285
130 304
131 134
131 135
131 147
131 156
131 179
131 195
131 201
131 218
131 241
131 245
131 258
131 282
131 294
131 298
131 315
132 174
132 296
133 141
133 157
133 174
133 179
133 180
133 193
133 200
133 218
133 226
133 284
133 286
133 297
134 152
134 156
134 167
134 206
134 210
134 221
134 224
134 245
134 272
134 280
134 285
135 136
135 148
135 167
135 200
135 204
135 217
135 220
135 224
135 253
135 272
135 277
135 278
135 287
136 157
136 167
136 174
136 206
136 212
136 246
136 267
137 201
137 218
137 241
137 304
138 143
138 172
138 182
138 204
138 220
139 157
139 168
139 173
139 208
139 286
140 188
140 204
140 227
140 231
140 243
140 286
140 287
141 158
141 215
142 161
142 181
142 200
142 204
142 242
142 269
142 278
142 295
142 296
143 204
144 200
144 214
144 231
145 155
145 160
145 162
145 284
146 147
146 156
146 225
146 244
148 167
148 221
148 237
148 239
148 241
148 272
148 277
149 182
149 197
150 185
152 167
152 181
152 197
152 233
152 244
152 249
152 293
152 309
153 156
153 160
154 180
154 191
154 259
154 284
156 160
156 167
156 182
156 183
156 197
156 200
156 202
156 234
156 236
156 258
156 274
156 283
156 286
156 287
157 166
157 174
157 188
157 197
157 200
157 242
157 252
157 273
157 285
158 200
158 238
158 241
158 285
159 284
159 285
160 164
160 184
160 200
160 229
160 255
160 301
161 164
162 220
162 246
162 287
163 214
163 228
164 217
166 188
167 168
167 205
167 221
167 239
167 278
167 287
169 249
170 210
171 260
171 265
171 273
171 298
172 201
172 237
172 288
173 176
173 231
174 239
175 256
176 269
177 202
177 206
179 217
179 232
179 236
179 239
179 241
180 210
180 220
180 221
180 224
180 242
180 257
180 258
180 262
180 275
181 220
181 223
181 286
184 213
187 310
188 193
188 206
188 234
188 272
188 284
191 245
191 277
191 287
192 241
192 285
193 205
193 231
193 284
196 205
196 234
196 266
196 270
196 285
197 251
197 270
197 287
197 305
199 230
199 254
199 270
200 220
200 232
200 286
200 300
201 214
201 288
204 279
205 215
205 222
205 264
206 224
206 229
206 255
207 287
209 235
209 272
209 278
210 263
210 279
211 218
211 247
211 287
212 224
212 238
213 274
214 237
214 286
215 234
215 239
216 225
216 286
217 243
217 283
217 305
217 307
218 248
218 266
218 278
220 297
222 224
222 242
222 290
222 305
223 233
223 272
224 259
224 265
224 298
226 248
229 315
231 242
231 268
231 273
231 274
232 288
233 249
233 267
233 303
234 267
238 249
238 283
238 314
239 271
239 275
241 251
242 265
242 304
244 252
246 250
247 269
249 250
249 274
249 287
252 294
255 268
258 285
258 287
260 266
261 288
261 308
262 279
264 287
264 297
269 310
270 308
271 280
275 286
275 292
276 287
278 286
278 298
283 288
284 288
284 314
285 287
286 293
286 305
287 315
288 307
289 295
290 305
293 305
293 313
301 304
306 307
