0 232
0 256
0 275
1 7
1 129
1 149
1 156
1 288
2 7
2 43
2 47
2 86
2 95
2 130
2 162
2 238
2 315
3 90
3 156
3 160
3 185
3 266
4 47
4 102
4 109
4 204
4 224
5 8
5 23
5 89
5 103
5 104
5 107
5 131
5 140
5 244
6 67
6 73
6 181
6 188
6 191
6 243
7 37
7 39
7 95
7 110
7 129
7 148
7 156
7 172
7 233
7 249
7 271
7 281
7 304
7 311
8 21
8 89
8 96
8 134
8 143
8 167
8 199
8 220
8 239
8 286
8 297
8 314
9 33
9 35
9 142
9 146
9 161
9 184
9 283
9 287
10 89
10 208
10 215
10 270
11 61
11 132
11 135
12 16
12 21
12 50
12 80
12 110
12 138
12 197
12 215
12 230
12 244
13 80
13 88
13 148
13 152
13 249
14 16
14 54
14 80
14 128
14 159
14 185
14 218
14 284
14 299
15 57
15 70
15 71
15 156
15 192
15 210
15 231
15 286
16 27
16 32
16 41
16 45
16 46
16 61
16 83
16 98
16 118
16 121
16 128
16 130
16 131
16 144
16 149
16 155
16 160
16 208
16 279
17 87
17 108
17 129
17 135
17 189
18 61
18 67
18 97
18 129
18 156
18 159
18 185
18 269
19 77
19 200
19 219
19 249
20 31
20 41
20 69
20 115
20 122
20 140
20 170
20 308
21 133
21 200
22 164
23 34
23 102
23 134
23 173
23 200
24 69
24 98
24 151
24 196
24 274
24 288
25 29
25 80
25 265
25 285
25 288
26 70
26 118
26 273
27 79
27 117
27 135
27 149
27 172
27 219
28 29
28 70
28 134
28 135
28 191
28 198
28 288
29 124
29 156
29 271
30 41
30 135
30 156
30 276
31 57
31 73
31 85
31 107
31 110
31 129
31 131
31 132
31 133
31 159
31 160
31 189
31 208
31 234
31 235
31 302
32 73
32 79
32 92
32 100
32 110
32 124
32 128
32 134
32 142
32 157
32 160
32 179
32 193
32 201
32 218
32 220
32 243
32 245
32 276
32 278
32 303
33 64
33 120
33 124
33 129
33 143
33 178
33 219
33 227
33 230
33 266
33 267
33 272
34 49
34 110
34 118
34 130
34 133
34 273
34 286
34 310
35 39
35 95
35 133
35 134
35 185
35 233
35 266
36 118
36 124
37 49
37 80
37 108
37 129
38 42
38 119
38 124
38 135
38 240
39 76
39 130
39 150
40 48
40 74
40 131
40 133
40 152
40 157
40 191
40 294
41 145
41 211
41 223
41 233
41 259
41 293
42 107
42 130
42 131
42 134
42 135
42 136
42 196
42 264
42 305
43 75
43 95
43 106
43 132
43 258
44 135
44 224
44 315
45 55
45 63
45 81
45 93
45 101
45 121
45 126
45 134
45 136
45 148
45 149
45 167
45 205
45 206
45 231
45 304
46 57
46 75
46 142
46 152
46 156
46 169
46 193
46 197
46 200
46 205
46 230
46 244
46 260
46 271
46 276
46 278
46 305
46 306
47 66
47 80
47 135
47 156
47 258
48 120
48 129
48 250
48 263
49 64
49 67
49 99
49 133
49 148
49 149
49 206
49 227
49 271
50 132
50 134
50 142
50 180
50 204
50 214
50 245
50 284
50 287
50 296
51 59
51 73
51 74
51 89
51 194
51 248
52 67
53 156
54 116
54 140
54 157
54 229
55 71
55 101
55 198
55 211
55 212
55 274
55 287
56 124
56 126
56 127
56 129
56 171
56 233
56 238
56 258
57 238
58 168
58 259
59 102
59 129
59 130
59 132
59 145
59 161
59 166
59 229
59 231
59 249
59 255
60 74
60 79
60 130
60 159
60 190
60 220
60 229
60 243
60 286
61 64
61 156
61 157
62 106
62 116
62 123
62 134
62 145
62 146
62 252
62 261
62 287
63 179
63 191
63 192
63 275
63 278
64 67
64 152
64 206
64 220
64 241
64 249
64 280
64 293
65 88
65 131
65 252
66 110
67 108
67 117
67 124
67 169
67 217
67 266
67 284
68 102
68 122
68 130
68 152
68 200
68 239
68 273
69 89
69 162
70 181
70 218
70 260
71 220
71 222
72 101
72 118
72 127
72 134
72 181
72 197
72 215
72 303
73 95
73 104
73 106
73 138
74 80
74 121
74 130
74 131
74 133
74 134
74 167
74 233
74 272
75 77
75 88
75 135
75 179
75 185
75 191
75 206
75 220
76 103
76 130
76 207
76 240
76 249
76 279
77 156
77 230
77 286
79 85
79 89
79 110
79 293
80 85
80 174
80 205
80 222
80 260
80 266
81 188
82 242
83 102
83 105
83 135
83 145
83 315
84 131
84 205
84 236
84 288
85 152
85 157
86 184
86 245
87 89
87 94
87 136
87 148
87 156
87 167
87 212
87 269
87 271
88 108
88 221
89 156
89 196
89 282
89 307
90 233
90 246
91 97
91 241
91 288
92 112
92 179
92 275
92 278
92 279
92 293
92 305
94 97
94 136
94 223
94 311
95 124
95 125
95 206
95 272
96 105
96 111
96 133
96 258
97 118
97 134
97 162
97 223
97 301
98 136
98 182
98 188
98 287
99 130
99 168
99 261
99 305
99 308
100 150
100 183
100 293
101 173
101 247
101 260
101 269
101 286
102 105
102 129
103 118
103 131
103 134
103 162
103 181
103 196
103 258
103 275
103 286
104 155
104 215
104 281
104 315
105 131
105 276
106 220
106 241
106 258
107 156
107 234
108 124
109 136
109 193
110 129
110 130
110 136
110 186
110 258
110 286
110 298
111 164
111 230
112 212
112 285
113 280
113 283
114 223
114 298
115 145
115 272
116 191
116 252
117 135
117 142
117 198
117 213
117 292
118 127
118 130
118 174
118 195
118 229
118 259
118 267
118 304
120 129
120 135
120 160
120 185
120 287
120 296
120 307
121 154
121 204
121 206
121 243
121 275
121 304
121 313
122 140
122 141
122 154
122 156
122 162
122 167
122 168
122 236
122 268
123 130
123 164
123 175
124 129
124 135
124 145
124 148
124 172
124 180
124 227
126 130
126 193
126 268
127 152
127 179
127 201
128 134
128 136
128 190
128 208
128 272
129 130
129 149
129 157
129 159
129 164
129 173
129 179
129 205
129 216
129 233
129 250
129 286
129 287
129 313
130 131
130 132
130 133
130 173
130 180
130 188
130 211
130 216
130 231
130 233
130 242
130 252
130 259
130 264
130 299
130 301
131 133
131 135
131 137
131 141
131 174
131 180
131 184
131 188
131 190
131 195
131 197
131 215
131 244
131 248
131 263
131 272
131 275
131 285
131 287
131 304
131 306
132 135
133 134
133 135
133 140
133 156
133 160
133 197
133 200
133 204
133 215
133 278
133 281
133 301
134 135
134 156
134 164
134 173
134 191
134 192
134 199
134 231
134 235
134 238
134 242
134 243
134 284
134 288
134 303
135 140
135 186
135 192
135 216
135 244
135 257
135 268
135 279
135 284
135 287
135 307
136 159
136 167
136 211
136 254
136 258
136 268
136 309
137 141
137 245
138 153
138 193
139 205
140 197
140 204
140 286
141 241
141 269
142 172
142 200
142 218
142 296
142 302
143 271
145 159
145 287
145 298
146 180
148 157
148 188
148 249
148 276
148 286
149 155
149 168
150 154
150 174
150 188
150 204
150 215
150 220
150 275
152 159
152 172
152 252
152 272
153 184
153 241
154 173
154 224
154 230
154 232
154 234
154 258
154 266
154 281
154 304
154 309
156 167
156 185
156 197
156 210
156 213
156 229
156 235
156 241
156 243
156 245
156 267
156 272
156 288
156 295
156 306
156 308
157 193
157 220
157 242
157 251
157 266
158 167
158 178
158 229
158 239
158 280
158 313
159 204
159 227
159 235
159 282
160 179
160 183
160 195
160 309
160 311
161 180
161 189
161 231
161 235
163 164
163 167
163 199
163 268
164 220
164 249
164 284
164 314
167 168
167 188
167 268
167 269
167 307
168 212
168 286
171 205
172 180
172 193
173 275
173 283
175 189
176 204
176 220
176 236
176 254
178 285
178 308
179 210
179 286
180 181
180 193
180 200
180 204
180 280
180 287
180 303
182 185
182 188
182 213
185 216
185 243
185 264
186 193
187 230
188 213
188 222
188 276
190 206
190 291
191 246
191 277
192 255
193 206
193 237
193 271
193 286
193 305
194 309
195 281
196 246
197 218
197 227
197 293
198 233
200 207
200 215
200 216
200 243
200 287
200 298
200 310
200 315
201 205
201 233
201 247
201 258
204 205
205 208
205 229
206 279
207 281
207 290
208 278
209 221
210 220
210 233
210 246
210 263
210 264
210 293
210 307
210 309
212 266
212 268
212 301
213 234
213 244
214 269
214 272
215 220
215 223
215 237
215 238
215 239
215 240
215 249
216 247
216 274
217 220
217 288
218 295
218 301
219 233
219 245
219 269
219 287
220 223
220 242
220 294
220 298
222 235
225 303
229 271
230 246
230 266
231 243
231 279
231 292
232 281
233 242
233 244
233 245
233 275
233 288
233 307
238 288
239 258
239 278
241 260
241 284
242 249
242 263
243 276
243 305
244 266
245 269
245 273
247 287
249 275
249 285
250 287
251 305
252 298
260 283
265 283
266 287
266 314
267 288
269 296
270 287
271 301
272 307
273 287
273 298
276 298
281 293
284 286
286 294
287 292
287 298
287 299
288 290
288 296
291 303
305 315
