0 133
0 195
0 288
0 303
1 12
1 156
1 185
1 218
1 232
2 7
2 24
2 32
2 33
2 94
2 112
2 118
2 134
2 157
2 185
2 195
2 206
2 217
2 248
2 261
2 285
2 314
3 130
4 24
4 121
4 130
4 131
4 144
4 159
4 249
4 287
4 310
5 71
5 130
5 136
5 149
5 215
5 272
5 298
6 12
6 67
6 70
6 73
6 85
6 164
6 258
7 9
7 16
7 39
7 41
7 74
7 96
7 134
7 148
7 157
7 169
7 174
7 210
7 252
7 311
7 313
8 18
8 31
8 32
8 76
8 88
8 111
8 124
8 129
8 146
8 156
8 160
8 164
8 179
8 220
8 226
8 230
8 303
9 45
9 58
9 59
9 69
9 89
9 95
9 130
9 156
9 289
9 296
10 31
10 89
10 152
10 194
10 206
11 41
11 100
11 124
11 129
11 134
11 216
11 267
11 293
12 17
12 28
12 47
12 63
12 168
12 172
12 204
12 221
13 46
13 51
13 68
13 78
13 162
13 206
14 34
14 47
14 74
14 110
14 131
14 191
15 32
15 37
15 142
15 172
15 175
15 177
15 200
15 205
15 220
16 18
16 24
16 73
16 104
16 116
16 127
16 134
16 149
16 166
16 167
16 171
16 187
16 205
16 214
16 219
16 280
16 287
16 295
16 298
17 35
17 129
17 134
18 30
18 46
18 68
18 93
18 115
18 129
18 183
18 207
18 217
18 252
18 281
19 70
19 234
19 298
20 28
20 64
20 83
20 110
20 131
20 135
20 156
20 162
20 179
20 210
20 217
20 241
21 117
21 252
21 258
22 296
23 148
23 255
24 98
24 131
24 177
24 219
25 64
25 133
25 136
25 158
25 182
25 246
27 40
27 296
28 45
28 148
28 156
28 196
28 217
28 220
28 286
28 294
29 74
29 78
29 131
29 132
29 212
30 59
30 114
30 130
30 197
30 304
31 35
31 38
31 47
31 68
31 92
31 108
31 109
31 118
31 124
31 149
31 171
31 243
31 274
32 51
32 59
32 96
32 102
32 117
32 131
32 180
32 200
32 202
32 208
32 220
32 255
32 270
32 272
32 280
32 294
33 56
33 92
33 103
33 131
33 216
33 239
33 252
33 255
33 303
34 62
34 115
34 130
34 138
34 154
34 164
34 258
34 298
35 131
35 141
35 167
35 221
36 123
36 124
36 200
36 270
36 311
37 141
37 149
37 190
37 234
38 62
38 68
38 109
38 132
38 156
38 224
38 280
38 295
39 131
39 134
39 135
39 158
39 233
39 242
40 107
40 131
40 137
40 157
40 246
40 249
40 265
40 283
40 287
40 289
41 142
41 196
41 212
42 55
42 62
42 130
42 135
42 138
42 162
42 184
42 193
42 199
42 236
42 269
42 272
43 45
43 46
43 149
43 186
43 234
43 239
43 280
43 304
44 50
44 59
44 69
44 75
44 201
44 248
45 51
45 58
45 65
45 69
45 77
45 133
45 140
45 157
45 167
45 193
45 202
45 216
45 233
45 266
45 298
46 86
46 129
46 131
46 152
46 160
46 174
46 181
46 241
46 261
46 267
46 287
46 292
47 129
47 133
47 150
47 167
47 193
47 213
47 217
47 241
47 284
47 288
48 86
48 101
48 102
48 105
48 115
48 266
48 276
49 112
49 119
49 135
49 148
49 157
49 173
49 223
50 68
50 87
50 130
50 180
50 196
50 231
50 262
50 306
51 60
51 129
51 133
51 135
51 140
51 143
51 180
51 191
51 238
51 283
52 131
54 61
54 64
54 97
54 111
54 294
55 98
55 130
55 285
56 79
56 89
56 105
56 130
56 134
56 138
56 157
56 185
56 221
56 223
56 244
56 265
56 283
56 287
57 92
57 130
57 196
57 249
58 159
59 87
59 102
59 131
59 135
59 166
59 204
59 230
59 232
59 233
59 240
59 249
59 286
60 104
60 135
60 152
60 156
60 159
60 190
60 248
61 104
61 129
61 160
61 167
62 115
62 130
62 140
62 149
62 193
62 206
62 256
63 102
63 113
63 133
63 257
63 296
64 74
64 75
64 81
64 103
64 112
64 184
64 224
64 230
64 269
64 286
65 135
66 133
66 239
67 89
67 129
67 143
67 157
67 166
67 192
67 200
67 209
67 218
68 78
68 133
68 156
68 197
68 238
68 241
68 288
69 134
69 220
69 247
69 268
69 281
69 315
70 81
70 104
70 121
70 142
70 146
70 200
70 216
70 249
71 106
71 156
72 154
72 156
73 81
73 149
73 161
73 206
73 254
73 260
73 304
74 113
74 131
74 135
74 154
74 159
74 175
74 208
74 298
75 90
75 145
75 152
75 154
75 160
75 189
75 199
75 210
75 216
75 217
75 281
75 314
76 79
76 97
76 113
76 137
76 157
76 242
76 247
76 271
76 288
76 295
77 236
77 267
78 116
78 129
78 134
78 193
78 241
78 280
78 299
79 109
79 131
79 249
79 278
80 128
80 154
80 179
80 231
81 110
81 129
81 154
81 194
81 261
81 273
82 175
82 299
83 176
83 216
83 267
83 291
83 306
84 180
84 216
84 244
85 156
85 160
86 106
86 239
87 117
87 134
87 136
87 263
88 98
88 128
88 152
88 160
89 130
89 148
89 156
89 192
89 222
90 264
90 311
92 120
92 130
92 133
92 180
92 200
92 201
92 217
92 258
92 297
93 205
94 224
94 239
95 117
95 118
95 131
95 242
95 279
96 129
96 143
96 164
96 167
96 200
96 261
97 101
97 135
97 147
97 193
97 242
97 247
98 130
98 194
98 210
98 232
98 247
98 274
98 284
98 287
98 309
99 106
99 120
99 140
99 305
100 145
100 167
101 128
101 150
101 207
101 218
101 239
101 240
101 286
101 289
102 156
102 157
102 208
102 217
102 255
102 258
102 265
102 279
103 129
103 135
103 137
103 157
103 161
103 169
103 191
103 218
103 229
103 279
103 288
103 297
104 115
104 142
104 167
104 173
104 235
104 292
104 298
105 116
105 167
105 248
105 254
106 131
106 133
106 179
106 197
106 198
106 216
106 223
106 227
106 239
107 129
108 149
108 197
108 217
108 241
108 252
108 301
109 129
109 148
109 195
109 293
110 130
110 131
110 135
110 148
110 167
110 210
110 211
110 216
110 230
111 135
111 286
112 187
113 167
114 145
114 154
114 193
114 243
114 245
114 270
115 182
115 269
115 302
117 133
117 137
117 150
117 164
117 210
117 237
118 131
118 133
118 160
118 220
118 239
118 255
118 283
118 292
118 309
119 146
119 173
120 156
121 129
121 153
121 157
121 192
121 242
122 134
122 179
122 212
122 215
122 271
123 180
123 304
123 308
124 130
124 157
124 193
124 200
124 221
124 279
125 137
126 192
126 193
126 307
127 134
127 164
128 138
128 248
129 135
129 136
129 146
129 154
129 160
129 171
129 191
129 193
129 195
129 211
129 249
129 270
129 288
129 303
129 309
130 136
130 149
130 156
130 167
130 171
130 179
130 190
130 201
130 239
130 284
130 286
130 301
131 135
131 138
131 152
131 191
131 200
131 207
131 220
131 232
131 237
131 241
131 259
131 287
131 306
132 213
132 243
132 272
132 303
133 143
133 145
133 159
133 164
133 166
133 177
133 211
133 239
133 252
133 305
134 140
134 144
134 149
134 154
134 156
134 163
134 201
134 214
134 218
134 251
134 255
134 268
134 269
134 276
134 279
134 286
134 291
134 302
134 304
134 307
135 142
135 145
135 162
135 180
135 185
135 186
135 195
135 216
135 221
135 222
135 274
135 298
135 305
136 171
136 185
136 201
136 213
136 240
136 241
136 249
136 254
136 264
136 272
136 279
138 191
138 230
138 264
138 283
139 142
139 267
140 145
140 173
140 180
140 258
140 264
141 156
141 222
141 292
142 154
142 173
142 209
142 230
142 232
142 233
142 235
142 288
142 311
142 314
143 247
143 251
143 269
145 157
145 206
145 220
145 231
145 278
145 287
145 301
146 215
148 153
148 178
148 209
148 216
148 217
148 246
148 310
149 158
149 189
149 215
149 296
149 314
151 288
152 185
152 191
152 199
152 201
152 315
153 154
154 179
156 158
156 180
156 181
156 184
156 191
156 193
156 219
156 220
156 242
156 272
156 283
156 288
156 303
157 249
157 298
158 239
158 255
159 167
159 218
159 298
160 193
160 200
160 277
161 218
161 236
162 167
162 193
162 195
162 230
164 173
164 180
164 252
164 268
165 273
165 304
166 181
166 236
167 219
167 239
167 247
167 255
167 309
168 293
169 249
172 238
173 187
173 238
173 255
173 293
173 307
174 211
174 280
175 195
176 288
177 241
178 202
178 219
178 287
179 255
179 314
179 315
180 217
180 265
181 205
181 241
181 245
181 266
184 231
184 303
184 308
185 264
185 272
185 297
185 309
186 254
186 289
187 266
188 203
188 224
188 231
188 285
188 287
191 285
191 287
191 288
192 205
192 249
192 260
192 312
193 236
193 273
193 279
193 287
193 302
194 242
195 275
195 284
196 219
197 288
198 301
199 262
200 256
200 263
200 272
200 285
200 287
200 288
202 233
203 241
203 294
204 287
205 218
205 310
206 223
206 241
206 242
206 315
207 258
208 272
209 238
210 258
210 287
212 255
213 216
213 255
213 278
213 288
215 229
215 287
215 288
215 299
215 303
216 255
216 296
217 283
217 314
219 236
219 249
219 266
219 287
220 222
220 261
220 287
220 296
220 310
221 272
222 268
222 285
223 236
224 287
225 288
228 303
229 293
231 235
231 296
232 279
233 256
233 284
236 285
237 288
238 265
239 249
239 296
241 258
241 259
242 304
243 284
244 245
244 288
244 303
245 247
247 287
249 283
249 286
249 313
251 285
255 278
255 293
260 288
261 288
264 278
269 276
270 276
273 284
274 286
276 292
276 301
279 283
279 302
279 303
284 314
287 288
287 296
287 304
288 289
290 301
292 311
