0 37
0 133
0 167
0 186
1 25
1 73
1 118
1 241
2 18
2 39
2 40
2 41
2 44
2 47
2 69
2 80
2 87
2 96
2 110
2 129
2 130
2 131
2 133
2 142
2 152
2 154
2 158
2 167
2 208
2 252
2 270
2 285
2 288
3 35
3 67
3 96
3 180
3 214
3 247
3 255
3 284
4 6
4 122
4 130
4 135
4 145
5 96
5 121
5 149
5 157
5 179
5 259
5 269
6 29
6 74
6 211
7 82
7 92
7 93
7 145
7 156
7 167
7 220
7 234
7 269
7 278
7 310
8 36
8 45
8 59
8 130
8 133
8 134
8 136
8 248
8 261
8 267
8 286
8 288
9 51
9 66
9 105
10 180
10 219
11 16
11 50
11 142
11 254
11 287
12 76
12 85
12 206
12 210
12 238
12 302
12 313
13 46
13 129
13 154
13 167
13 206
13 287
13 315
14 63
14 87
14 97
14 117
14 143
14 168
14 217
14 258
14 278
14 288
15 49
15 123
15 135
15 147
15 157
15 160
15 162
15 180
15 286
15 287
16 32
16 43
16 47
16 96
16 101
16 111
16 118
16 129
16 145
16 191
16 208
16 215
16 222
16 225
16 283
16 284
16 287
17 154
17 185
18 31
18 32
18 37
18 75
18 94
18 118
18 122
18 135
18 157
18 191
18 196
18 232
18 255
18 267
18 269
20 81
20 88
20 102
20 191
20 255
20 284
20 287
21 57
21 74
21 131
21 185
21 204
21 303
22 96
22 129
22 133
22 156
22 224
23 141
23 149
23 212
23 239
23 249
24 50
24 136
24 173
24 174
24 249
24 276
24 278
24 300
24 309
25 30
25 41
25 42
25 83
25 134
25 200
25 202
25 210
25 227
26 92
26 297
27 131
27 148
27 192
27 208
27 240
27 269
27 286
28 63
28 68
28 129
28 130
28 135
28 200
28 252
28 265
28 304
29 36
29 47
29 67
29 128
29 133
30 48
30 163
30 222
30 249
30 293
31 36
31 56
31 59
31 92
31 156
31 176
31 193
31 194
31 207
31 210
31 268
31 271
31 273
31 275
31 280
32 38
32 80
32 108
32 126
32 151
32 191
32 208
33 37
33 45
33 51
33 68
33 76
33 120
33 130
33 156
33 160
33 164
33 167
33 222
33 271
33 299
33 308
34 82
34 96
34 135
34 156
34 247
35 46
35 62
35 106
35 134
35 251
35 254
35 291
36 51
36 149
36 233
37 88
37 167
37 197
37 305
39 43
39 110
39 205
39 275
40 68
40 88
40 110
40 134
40 143
40 172
40 243
41 73
41 77
41 102
41 103
41 124
41 156
41 199
41 281
42 87
42 118
42 129
42 145
42 149
42 155
42 156
42 221
42 241
43 105
43 128
43 267
44 56
44 76
44 118
44 124
44 135
44 159
44 167
44 169
45 57
45 73
45 87
45 121
45 135
45 140
45 156
45 182
45 210
45 219
45 230
45 259
46 51
46 135
46 192
46 269
46 284
46 291
46 308
47 94
47 96
47 109
47 124
47 138
47 184
47 233
47 257
47 264
47 314
48 135
48 136
48 191
48 275
49 99
49 128
49 129
49 156
49 167
49 202
49 217
49 243
49 254
50 74
50 101
50 110
50 128
50 134
50 157
50 180
50 196
50 216
50 241
50 249
50 270
51 76
51 186
51 215
51 230
51 286
51 287
51 302
52 67
52 130
53 67
54 94
54 122
54 159
54 205
54 209
54 216
54 220
54 263
55 59
55 96
55 206
55 272
56 118
56 181
56 206
57 118
57 124
57 260
58 63
58 283
59 88
59 133
59 145
59 153
59 168
59 191
59 193
59 198
59 250
59 252
59 286
59 302
59 314
60 80
60 103
60 118
60 129
60 130
60 132
60 140
60 187
60 292
61 85
61 189
61 214
61 264
61 315
62 96
62 113
62 209
62 244
62 259
62 263
62 291
63 106
63 157
64 74
64 81
64 101
64 103
64 130
64 142
64 145
64 150
64 281
64 306
65 87
65 106
65 152
65 213
65 279
67 102
67 135
67 156
67 303
68 107
68 120
68 130
68 140
68 277
68 287
69 80
69 99
69 147
69 276
69 292
70 76
70 121
70 179
70 275
70 292
71 286
72 74
72 133
72 232
73 77
73 89
73 124
73 156
73 200
74 106
74 123
74 134
74 137
74 161
74 166
74 167
74 181
74 193
74 203
74 215
74 261
74 268
74 287
75 81
75 135
75 143
75 148
76 206
77 225
77 245
77 301
78 89
78 184
78 196
79 216
79 249
79 273
80 88
80 206
80 210
80 224
80 258
81 94
81 122
81 152
81 160
81 164
81 226
81 295
82 203
82 232
83 91
83 123
83 150
83 171
83 182
83 188
83 193
83 247
83 309
84 256
85 133
85 134
85 180
85 220
85 250
86 88
86 134
86 180
87 154
87 212
87 289
88 122
88 124
88 232
88 305
89 99
90 157
90 283
91 115
92 122
92 134
92 147
92 148
92 180
92 224
92 271
92 287
92 304
92 311
93 258
94 103
94 137
94 143
94 200
94 211
95 103
95 120
95 147
95 160
95 180
95 263
95 288
96 134
96 170
96 220
96 243
96 283
97 136
97 149
97 177
97 233
97 242
97 291
98 103
98 130
98 136
98 215
98 220
99 135
99 304
99 314
101 128
101 244
102 118
102 134
102 143
102 157
102 180
102 209
102 210
102 238
102 267
102 302
103 108
103 128
103 130
103 152
103 162
103 184
103 224
103 245
103 246
103 265
103 277
103 295
103 296
103 303
104 129
104 144
104 157
104 166
104 180
104 196
104 244
104 249
104 276
105 156
105 197
105 210
106 124
106 131
106 134
106 241
106 252
107 130
107 133
107 188
107 233
107 273
107 301
108 130
108 133
108 207
108 215
109 133
109 159
109 286
110 116
110 133
110 134
110 191
110 203
110 234
110 257
110 287
111 113
111 159
111 286
112 161
112 288
113 130
114 241
115 210
116 286
117 131
117 204
117 206
117 208
117 210
117 211
118 169
118 180
118 219
118 233
118 246
118 278
118 281
118 291
118 306
119 130
120 182
120 233
121 190
121 257
121 265
121 269
121 283
121 294
122 146
122 239
122 241
122 249
122 287
123 139
123 140
124 138
124 149
124 174
124 229
124 291
125 133
125 157
126 253
126 304
127 130
127 148
128 144
128 156
128 206
128 220
128 268
129 131
129 133
129 134
129 135
129 150
129 156
129 166
129 172
129 174
129 181
129 193
129 200
129 201
129 206
129 234
129 244
129 266
129 287
129 293
129 311
130 134
130 136
130 137
130 148
130 151
130 167
130 169
130 180
130 191
130 193
130 204
130 217
130 246
130 249
130 256
130 259
130 263
130 271
130 285
130 292
130 298
130 305
131 134
131 152
131 162
131 167
131 176
131 186
131 188
131 197
131 200
131 202
131 204
131 205
131 243
131 276
131 283
132 153
132 167
132 286
133 135
133 136
133 138
133 144
133 156
133 181
133 193
133 195
133 226
133 231
133 237
133 242
133 249
133 252
133 292
133 302
134 149
134 159
134 162
134 164
134 167
134 172
134 176
134 184
134 188
134 197
134 210
134 223
134 242
134 250
134 251
134 258
134 275
134 278
134 286
134 287
134 293
135 136
135 148
135 191
135 196
135 220
135 222
135 230
135 238
135 244
135 249
135 264
135 274
135 279
135 282
135 301
135 307
136 160
136 199
136 220
136 286
136 312
137 232
137 243
137 304
138 143
138 153
138 156
138 196
138 258
138 278
138 287
139 188
139 232
139 281
140 249
140 302
141 288
142 154
142 167
142 180
142 240
142 305
142 306
142 310
143 180
144 195
145 180
145 240
145 260
147 200
147 272
148 159
148 200
148 214
148 241
148 261
148 263
149 181
149 259
149 287
149 293
149 294
149 304
152 166
152 207
152 224
152 228
152 243
152 294
153 158
153 239
153 293
154 158
154 224
154 238
154 241
155 287
156 162
156 177
156 208
156 252
156 255
156 258
156 291
156 293
156 303
156 306
157 162
157 164
157 180
157 188
157 193
157 247
157 259
157 280
157 286
157 292
158 287
159 171
159 210
159 225
159 233
159 240
159 283
159 288
160 246
160 247
160 249
160 300
161 181
161 226
162 181
163 211
163 312
164 211
164 253
164 263
165 200
165 244
165 286
166 258
167 191
167 216
167 220
167 261
167 265
168 185
168 220
169 293
172 200
172 228
173 180
174 194
174 286
175 187
175 226
175 262
176 288
177 195
177 211
177 216
177 233
177 293
179 309
180 188
180 233
180 234
180 257
180 288
180 299
181 190
181 278
181 293
182 207
183 188
184 234
184 272
184 286
185 224
185 245
186 223
186 286
187 191
187 287
188 214
188 290
188 311
188 315
191 241
191 284
193 201
193 217
193 252
193 285
194 274
195 224
195 249
196 276
197 239
197 246
197 261
198 268
199 304
200 257
200 260
200 264
200 269
200 279
201 302
202 246
204 215
204 217
204 242
205 229
205 239
206 247
206 286
207 296
208 236
209 258
210 241
212 223
212 275
214 272
215 234
216 230
217 224
218 285
218 298
218 304
220 227
220 242
220 301
221 231
222 264
223 252
223 280
223 287
223 308
224 279
227 288
229 240
231 292
232 310
233 287
233 288
233 297
234 274
238 252
241 249
242 296
243 261
244 301
246 258
247 283
251 268
252 287
252 303
254 276
255 304
261 285
262 284
263 299
267 273
268 290
276 287
276 304
278 286
278 293
279 298
288 301
288 305
292 307
293 310
312 313
