0 18
0 216
0 278
1 39
1 74
1 122
1 129
1 172
1 215
1 249
2 12
2 59
2 74
2 109
2 110
2 118
2 120
2 131
2 156
2 160
2 182
2 188
2 207
2 231
2 247
2 248
2 260
2 278
2 304
2 307
3 5
3 42
3 129
3 135
3 181
3 201
4 16
4 56
4 105
4 291
5 19
5 89
5 118
5 168
5 185
5 266
6 11
6 23
6 59
6 106
6 130
6 162
6 166
6 287
7 8
7 9
7 13
7 28
7 37
7 117
7 160
7 206
7 225
7 286
7 301
8 28
8 37
8 42
8 81
8 118
8 121
8 132
8 135
8 146
8 156
8 159
8 167
8 168
8 193
8 210
8 239
8 265
8 273
8 276
8 288
8 294
9 20
9 46
9 133
9 179
9 188
10 134
10 156
10 242
10 249
11 83
11 157
11 191
11 219
11 224
12 60
12 75
12 97
12 103
12 130
12 134
12 141
12 235
12 258
12 278
12 305
13 101
13 129
13 136
13 176
13 217
13 240
13 285
13 286
13 311
14 75
14 121
14 136
14 204
14 206
14 210
14 275
14 303
15 22
15 61
15 129
15 136
15 160
15 161
15 168
15 249
15 265
16 40
16 96
16 124
16 128
16 129
16 155
16 160
16 181
16 193
16 219
16 228
16 261
16 298
16 309
17 70
17 122
17 139
17 214
17 305
18 48
18 62
18 107
18 235
19 48
19 204
20 68
20 134
20 135
20 161
20 265
21 54
21 224
21 260
22 28
22 81
22 129
22 150
22 259
23 51
23 124
23 150
23 160
23 233
24 25
24 133
24 313
25 40
25 57
25 131
25 133
25 153
25 160
25 191
25 314
26 86
26 167
27 46
27 110
27 185
27 195
27 205
27 285
28 92
28 173
28 177
28 233
28 245
29 59
29 67
29 95
29 130
29 197
30 98
30 118
30 241
30 307
31 49
31 104
31 127
31 129
31 133
31 159
31 214
31 234
31 249
31 258
31 272
31 278
31 305
31 313
32 50
32 67
32 72
32 73
32 103
32 105
32 125
32 129
32 130
32 131
32 133
32 137
32 156
32 180
32 182
32 186
32 188
32 210
32 215
32 263
32 281
32 284
32 313
32 315
33 47
33 72
33 75
33 108
33 132
33 155
33 156
33 188
33 274
34 135
34 144
34 296
35 39
35 130
35 152
35 174
35 205
35 231
35 288
35 305
36 56
36 67
36 74
36 80
36 100
36 118
36 231
36 251
37 68
37 121
37 133
37 156
38 104
38 132
38 136
38 160
38 295
39 150
39 237
39 273
40 97
40 188
40 197
40 242
40 257
40 301
41 51
41 78
41 90
41 207
42 45
42 47
42 96
42 129
42 167
42 259
42 293
43 54
43 86
43 157
43 158
43 175
43 312
44 63
44 80
44 105
44 130
44 131
44 250
45 47
45 52
45 59
45 77
45 92
45 99
45 122
45 132
45 167
45 210
45 237
46 110
46 127
46 128
46 148
46 161
46 205
46 224
46 269
47 80
47 128
47 131
47 160
47 173
47 204
47 221
47 230
47 276
47 309
48 98
48 114
48 184
48 236
48 273
49 134
49 173
49 193
49 302
50 102
50 104
50 135
50 206
50 207
50 208
50 305
51 134
51 157
51 178
51 220
51 274
53 71
53 93
54 129
54 142
54 181
54 239
54 302
55 59
55 104
55 142
55 149
55 150
55 154
55 174
55 220
56 142
56 157
56 285
56 305
57 59
57 179
57 239
58 222
58 272
59 74
59 96
59 102
59 130
59 147
59 160
59 200
59 286
59 288
59 307
60 131
60 133
60 135
60 141
60 167
60 222
60 257
61 102
61 122
61 124
61 141
61 147
61 231
61 278
62 66
62 74
62 83
62 96
62 103
62 138
62 156
62 212
62 216
62 218
62 223
63 92
63 110
63 134
64 107
64 133
64 204
64 211
64 267
64 298
65 136
65 298
66 124
66 182
66 222
66 261
67 97
67 109
67 110
67 136
67 140
67 152
67 160
67 175
67 213
68 87
68 116
68 129
68 130
68 133
68 142
68 157
68 233
68 239
68 275
68 289
69 107
69 110
69 215
69 238
69 244
70 157
70 210
71 135
71 176
72 79
72 81
72 102
72 117
72 159
72 182
72 188
72 231
72 289
73 98
73 218
73 286
73 306
74 106
74 111
74 129
74 177
74 220
74 256
74 272
74 274
74 281
74 287
74 297
75 136
75 141
75 146
75 162
75 179
75 185
75 217
75 283
76 131
76 307
77 82
77 128
77 130
77 159
77 193
77 224
78 112
78 126
78 217
78 234
79 96
79 134
79 204
79 233
79 288
80 95
80 130
80 134
80 156
80 179
81 131
81 158
81 162
81 167
81 252
81 282
82 142
82 239
83 103
83 110
83 130
83 133
83 246
84 205
85 124
85 125
85 219
85 242
85 283
86 130
86 131
86 182
86 285
87 89
87 130
87 213
87 265
87 266
87 287
88 110
88 118
88 124
88 218
88 272
89 98
89 135
89 195
89 261
89 284
89 305
90 167
90 232
90 286
91 157
92 108
92 131
92 167
92 193
92 201
92 227
92 278
92 286
92 288
92 291
93 198
93 301
94 118
94 148
94 157
94 175
94 225
94 286
95 97
95 103
95 134
95 156
95 159
95 167
95 205
95 262
96 130
96 156
96 287
97 118
97 192
97 202
97 242
97 285
98 129
98 154
98 159
98 172
98 273
99 101
99 209
101 103
101 114
101 130
101 132
101 156
101 228
101 278
102 130
102 161
102 233
102 255
103 125
103 130
103 132
103 174
103 200
103 205
103 208
103 220
103 223
103 272
103 293
103 298
103 307
104 116
104 132
104 157
104 229
104 301
105 239
105 245
105 268
106 125
106 130
106 133
106 249
107 148
107 269
108 157
108 216
108 266
108 277
108 279
108 286
109 130
109 134
109 138
109 195
109 220
109 224
110 131
110 219
110 287
110 315
112 255
113 133
113 228
114 134
114 179
114 239
115 142
115 191
115 204
117 136
117 148
117 180
117 245
117 315
118 133
118 135
118 136
118 156
118 157
118 167
118 202
118 212
118 244
118 249
118 252
118 287
119 142
120 130
120 161
120 272
121 124
121 134
121 136
121 154
121 209
121 217
121 232
121 239
122 157
122 208
122 245
122 284
122 314
123 133
123 220
123 249
123 287
123 302
124 136
124 147
124 157
124 203
124 216
124 227
124 285
124 287
125 218
126 180
126 191
126 233
126 305
128 160
128 162
128 188
128 200
128 239
128 274
129 134
129 140
129 146
129 162
129 167
129 193
129 206
129 211
129 218
129 224
129 231
129 232
129 274
129 297
130 131
130 134
130 136
130 158
130 179
130 209
130 216
130 230
130 258
130 276
130 285
130 288
130 293
130 304
130 312
131 134
131 135
131 136
131 149
131 165
131 174
131 180
131 210
131 213
131 224
131 232
131 245
131 247
131 257
131 274
131 286
132 145
132 160
132 195
132 302
133 148
133 157
133 166
133 167
133 179
133 193
133 207
133 209
133 216
133 227
133 230
133 268
133 272
133 275
133 286
133 298
133 304
133 313
134 136
134 138
134 145
134 148
134 150
134 152
134 153
134 160
134 171
134 172
134 174
134 193
134 212
134 230
134 288
134 295
134 298
135 136
135 137
135 141
135 142
135 152
135 155
135 172
135 180
135 191
135 202
135 206
135 229
135 238
135 275
135 283
135 287
136 167
136 190
136 200
136 215
136 219
136 231
136 264
136 266
136 270
136 273
136 309
137 150
137 154
138 211
139 143
139 150
139 189
139 249
140 152
140 188
141 151
141 233
141 240
141 287
142 243
142 271
143 238
144 245
145 184
145 241
146 276
147 204
148 167
148 247
148 286
149 173
149 180
149 200
149 205
149 223
149 278
149 279
149 287
150 242
152 200
152 235
153 182
153 265
153 286
154 185
154 193
154 202
155 160
155 305
156 181
156 234
156 256
156 271
156 272
156 273
156 286
156 287
156 303
156 305
156 307
156 315
157 167
157 233
157 267
157 303
158 184
158 212
159 164
159 217
159 223
159 264
159 269
159 305
160 224
161 248
162 215
163 258
163 275
164 167
164 208
164 251
164 296
166 179
166 180
167 206
167 211
167 239
167 244
167 271
167 287
168 179
169 224
170 249
171 185
171 286
172 234
173 185
173 249
174 193
174 217
174 222
174 223
174 241
175 198
176 224
177 213
177 224
177 278
177 287
178 179
179 210
180 197
180 217
180 220
180 235
181 206
181 246
181 249
181 287
182 189
182 276
182 278
184 207
185 210
185 215
185 249
186 311
188 216
188 231
188 233
188 247
188 265
188 303
190 283
191 195
191 249
191 277
191 278
192 217
193 220
193 237
193 249
194 220
194 288
195 210
195 225
195 239
197 200
197 244
199 242
200 224
200 289
200 299
200 303
200 308
201 304
201 312
202 210
202 239
203 231
205 209
205 210
205 217
205 219
206 212
206 220
206 226
206 286
207 270
209 218
209 278
209 298
210 228
211 231
212 243
212 249
213 249
213 283
213 288
214 219
214 293
214 304
215 279
215 288
216 239
216 242
216 279
216 291
217 240
217 298
219 295
220 222
220 251
220 280
220 314
221 249
222 239
222 287
224 243
224 269
227 272
230 245
231 275
232 263
232 305
233 264
233 298
234 236
234 249
238 241
238 283
239 249
239 275
239 286
240 247
240 313
241 304
242 243
244 247
244 252
245 258
245 309
247 286
250 264
253 301
256 284
256 304
258 263
260 288
261 310
269 292
275 286
275 287
276 288
276 290
283 290
285 308
288 295
288 305
292 295
292 315
298 304
