0 129
0 130
0 138
0 143
0 266
1 145
1 210
1 290
1 298
2 40
2 54
2 56
2 111
2 122
2 124
2 135
2 157
2 218
2 252
2 267
2 294
2 296
2 301
3 55
3 156
3 163
3 214
4 31
4 40
4 156
4 196
4 249
4 266
4 303
5 12
5 60
5 83
5 133
5 169
5 205
5 216
5 239
5 278
5 292
5 306
6 8
6 13
6 16
6 32
6 45
6 211
6 218
6 291
7 56
7 73
7 105
7 131
7 144
7 162
7 176
7 180
7 191
7 247
7 255
7 271
7 304
7 311
8 16
8 21
8 31
8 32
8 34
8 45
8 68
8 89
8 93
8 101
8 107
8 116
8 134
8 157
8 161
8 164
8 171
8 201
8 211
8 240
8 265
8 276
8 297
8 302
9 41
9 63
9 78
9 133
9 199
9 225
9 305
9 309
10 15
10 24
10 102
10 140
10 276
11 52
11 86
11 118
11 213
11 286
12 45
12 77
12 130
12 134
12 139
12 180
12 193
12 204
12 246
12 276
12 315
13 16
13 69
13 87
13 129
13 199
13 275
13 286
13 287
14 15
14 45
14 68
14 101
14 126
14 133
14 134
14 136
14 175
14 187
14 218
14 232
14 277
15 129
15 133
15 135
15 157
15 259
15 281
15 298
15 302
15 315
16 56
16 100
16 109
16 130
16 147
16 149
16 167
16 175
16 216
16 275
16 277
17 19
17 49
17 87
17 238
18 31
18 61
18 74
18 87
18 133
18 156
18 183
19 62
19 99
19 134
19 298
20 54
20 129
20 130
20 284
21 133
21 258
22 124
22 137
23 219
23 224
23 303
24 134
24 232
25 89
25 162
25 220
25 280
25 309
26 33
26 134
26 305
27 128
27 135
27 162
27 242
28 66
28 102
28 118
28 135
28 225
29 40
29 68
29 71
29 249
29 271
30 58
30 95
30 106
30 118
30 142
30 245
30 249
31 46
31 61
31 68
31 90
31 108
31 118
31 122
31 135
31 152
31 159
31 204
31 252
31 263
32 42
32 55
32 59
32 67
32 129
32 130
32 192
32 193
32 205
32 215
32 220
32 249
32 275
32 281
32 284
32 315
33 59
33 101
33 102
33 130
33 147
33 156
33 157
33 182
33 184
33 189
33 193
33 275
33 279
33 288
34 104
34 152
34 180
34 231
34 249
34 310
35 52
35 130
35 145
35 156
35 166
35 174
35 180
35 210
35 218
35 301
36 110
36 139
36 285
37 50
37 134
37 138
37 144
37 293
38 148
38 192
38 245
38 259
38 291
38 314
39 41
39 73
39 86
39 156
39 178
39 224
39 246
39 298
40 76
40 103
40 124
40 129
40 136
40 174
40 202
40 210
40 283
41 46
41 122
41 135
41 157
41 160
41 199
41 206
41 220
41 269
41 302
42 44
42 78
42 85
42 96
42 103
42 129
42 131
43 60
43 124
43 214
43 232
43 258
44 87
44 98
44 156
44 188
44 206
44 285
45 47
45 49
45 129
45 134
45 145
45 150
45 152
45 156
45 157
45 224
45 231
45 242
45 248
45 252
45 254
45 273
45 275
46 59
46 80
46 104
46 131
46 177
46 195
46 216
46 224
46 252
46 271
47 55
47 59
47 102
47 110
47 130
47 149
47 159
47 233
47 279
48 67
48 103
48 134
48 245
48 279
49 69
49 98
49 130
49 167
49 193
49 209
49 259
49 287
50 107
50 117
50 136
50 161
50 197
50 198
50 216
50 265
50 278
50 292
50 293
51 79
51 85
51 117
51 127
51 130
51 133
51 142
51 149
51 216
51 301
52 56
52 74
52 283
52 287
53 103
53 210
54 62
54 101
54 133
54 177
54 198
55 130
55 131
55 206
55 220
56 79
56 140
56 169
57 161
57 197
58 108
58 307
59 109
59 152
59 171
59 269
59 288
59 311
60 65
60 74
60 83
60 159
60 166
60 176
60 208
60 287
61 185
61 284
62 67
62 101
62 103
62 131
62 195
62 261
62 275
63 135
63 220
64 67
64 80
64 85
64 130
64 164
64 210
64 224
64 254
64 279
65 143
65 179
66 142
66 209
66 215
67 83
67 104
67 105
67 133
67 189
67 196
67 263
67 285
67 288
67 314
68 128
68 134
68 170
69 139
69 144
69 160
69 205
69 259
69 263
70 110
71 271
72 140
72 172
72 239
73 226
73 280
74 87
74 130
74 136
74 238
74 252
74 284
74 313
75 105
75 129
75 130
75 146
75 206
75 218
75 276
75 284
76 89
76 112
76 114
76 152
76 195
76 205
76 215
76 259
76 271
77 200
78 133
78 197
78 308
78 313
79 138
79 162
79 164
79 178
79 200
79 214
79 249
79 275
80 118
80 134
80 148
80 154
80 156
80 181
81 104
81 129
81 215
81 293
81 301
82 104
83 87
83 129
83 133
83 154
83 181
83 210
83 230
83 239
83 286
84 90
85 221
85 284
86 94
86 109
86 132
86 219
87 116
87 130
87 134
87 195
87 258
87 288
88 107
88 124
88 134
88 140
88 143
88 234
88 305
88 315
89 123
89 131
89 142
89 154
89 156
89 197
89 239
90 131
90 159
90 282
91 96
91 148
91 252
92 104
92 122
92 129
92 140
92 179
92 180
92 187
92 258
92 279
93 118
93 202
93 241
94 104
94 130
94 136
94 284
95 101
95 103
95 129
95 142
95 196
95 207
97 145
97 146
97 159
97 160
97 200
97 287
97 307
98 109
98 174
98 180
98 310
99 185
99 200
101 129
101 130
101 134
101 211
101 228
101 249
102 103
102 130
102 134
102 179
102 200
102 215
102 258
102 266
102 288
102 298
103 104
103 106
103 131
103 136
103 234
103 249
103 274
103 280
104 142
104 156
104 205
104 219
104 238
104 259
105 106
105 131
105 151
105 205
105 288
105 292
106 131
106 215
106 232
106 293
107 130
107 133
107 134
107 201
107 298
108 215
108 279
109 169
109 184
109 185
109 197
109 205
109 259
109 283
109 314
110 129
110 134
110 167
110 180
110 201
110 206
110 225
110 280
112 128
112 210
112 222
112 302
113 123
113 138
113 181
114 156
114 181
114 191
114 283
114 302
115 121
115 160
115 172
115 272
116 134
116 242
117 131
117 167
117 205
117 211
117 223
117 266
117 304
118 121
118 130
118 160
118 239
118 253
118 310
119 134
119 156
119 189
119 241
120 129
120 178
120 239
121 167
121 266
121 298
122 145
122 155
122 156
122 157
122 170
122 172
122 179
122 242
122 298
123 173
123 220
123 238
123 258
123 261
123 285
124 130
124 134
124 151
124 167
124 200
124 210
124 222
124 307
125 135
125 199
126 129
126 156
127 304
128 150
128 182
128 219
128 286
128 304
129 133
129 138
129 160
129 174
129 180
129 193
129 205
129 228
129 232
129 246
129 263
129 280
129 283
129 288
129 293
130 136
130 140
130 143
130 149
130 152
130 157
130 164
130 179
130 186
130 193
130 197
130 205
130 210
130 215
130 218
130 219
130 221
130 225
130 271
130 272
130 279
130 285
130 286
130 311
131 143
131 149
131 159
131 179
131 180
131 181
131 185
131 200
131 209
131 236
131 238
131 275
131 288
131 301
132 160
132 177
132 248
133 160
133 162
133 167
133 192
133 206
133 212
133 222
133 232
133 242
133 262
133 273
133 286
133 288
133 296
133 309
134 136
134 148
134 156
134 167
134 187
134 196
134 204
134 205
134 211
134 217
134 219
134 224
134 259
134 272
134 274
134 287
134 304
134 305
135 167
135 182
135 196
135 201
135 211
135 215
135 220
135 249
135 265
135 283
135 307
136 157
136 177
136 188
136 218
136 232
136 306
137 201
137 286
138 177
138 191
138 219
138 292
138 298
139 216
139 291
140 149
140 160
140 171
140 214
140 245
141 157
142 167
142 177
142 266
142 287
143 242
143 287
145 200
145 214
145 287
147 188
147 286
148 211
148 273
148 275
148 296
148 298
149 167
149 171
149 189
149 200
149 214
149 224
149 293
151 279
152 177
152 215
152 285
153 184
153 223
154 200
154 223
154 313
155 188
156 188
156 260
156 283
156 286
156 294
156 305
157 168
157 182
157 242
157 282
157 301
157 303
158 200
158 276
158 304
159 177
159 210
159 302
160 173
160 174
160 193
160 233
160 238
160 258
160 287
160 293
160 305
161 231
161 263
162 215
162 231
162 268
163 167
163 313
164 200
164 219
164 246
166 287
166 293
167 217
167 232
169 209
169 247
172 210
172 218
172 246
172 287
173 188
173 193
174 187
174 195
174 247
174 315
176 219
176 298
177 193
178 236
179 281
179 314
180 181
180 192
180 207
180 218
180 239
180 271
180 303
181 233
181 281
181 286
182 215
182 286
184 286
185 200
185 275
185 295
186 236
187 276
188 212
188 220
188 236
188 239
188 260
189 296
190 298
190 305
191 206
191 217
191 244
191 279
191 287
192 249
192 266
193 274
194 219
194 250
195 281
196 287
197 218
198 287
199 219
199 233
199 243
200 201
200 228
200 240
200 267
200 301
204 232
205 261
205 276
208 275
210 214
210 242
210 244
212 314
213 311
215 250
215 258
215 293
215 296
216 220
216 233
217 245
217 271
217 288
218 285
218 286
218 304
220 238
220 239
220 256
220 279
220 283
222 264
224 266
226 287
228 237
229 301
229 304
230 286
230 287
231 286
232 263
232 284
236 304
238 312
239 283
240 292
240 303
241 266
241 287
242 252
242 258
242 308
243 260
247 249
247 287
248 264
249 279
249 299
250 272
250 287
252 303
254 259
257 275
258 304
259 304
261 296
266 312
270 274
273 286
273 296
275 278
276 278
277 305
278 293
280 282
283 298
285 288
286 302
287 301
287 307
288 299
290 302
292 305
301 303
