0 54
0 91
0 127
0 228
0 287
1 8
1 59
1 61
1 90
1 101
1 124
1 135
1 226
1 228
1 242
1 257
1 305
2 33
2 34
2 73
2 89
2 101
2 119
2 131
2 148
2 150
2 160
2 219
2 247
2 249
2 283
2 302
3 65
3 154
4 83
4 104
4 148
5 32
5 77
5 155
6 197
6 274
6 288
7 20
7 33
7 54
7 78
7 128
7 135
7 137
7 151
7 152
7 156
7 160
7 208
7 248
8 32
8 34
8 45
8 52
8 120
8 130
8 135
8 161
8 162
8 167
8 193
8 210
8 211
8 264
8 283
8 303
9 18
9 25
9 46
9 68
9 92
9 129
9 180
9 205
9 210
10 95
10 118
10 129
10 130
10 265
11 33
11 76
11 97
11 106
11 205
11 212
11 242
12 17
12 29
12 63
12 95
12 122
12 127
12 133
12 156
12 162
12 193
12 195
12 215
12 224
12 267
13 14
13 49
13 129
13 135
13 215
13 233
13 286
13 304
14 56
14 68
14 133
14 152
14 172
14 204
14 247
14 275
14 314
15 29
15 55
15 129
15 134
15 157
15 184
15 294
16 18
16 27
16 28
16 74
16 88
16 128
16 148
16 157
16 287
16 314
17 32
17 45
17 142
17 166
17 266
18 41
18 46
18 70
18 123
18 133
18 156
18 168
18 182
18 185
18 216
18 258
18 284
18 287
18 295
19 30
19 61
19 80
19 193
20 24
20 62
20 80
20 124
20 129
20 227
20 276
20 283
21 43
21 148
21 180
22 32
22 197
23 31
23 102
23 129
24 33
24 87
24 244
24 286
24 298
25 33
25 43
25 51
25 57
25 93
25 133
25 166
25 171
25 197
25 232
25 250
25 275
25 288
26 97
26 197
26 207
26 287
27 104
27 135
27 138
27 152
28 67
28 79
28 87
28 110
28 128
28 136
28 179
28 193
29 45
29 131
29 133
29 134
29 289
30 42
30 44
30 59
30 154
30 167
30 179
30 288
31 59
31 136
31 164
31 182
31 209
31 231
31 303
31 313
31 315
32 39
32 66
32 86
32 98
32 129
32 133
32 141
32 156
32 157
32 161
32 168
32 171
32 180
32 194
32 199
32 206
32 250
32 288
32 293
33 52
33 76
33 85
33 117
33 151
33 162
33 177
33 231
33 237
33 287
33 288
34 46
34 132
34 134
34 156
34 218
34 242
34 271
35 55
35 131
35 298
36 46
36 76
36 81
36 177
36 295
37 40
37 132
37 196
37 288
38 80
38 101
38 133
38 134
38 188
38 210
38 249
39 67
39 68
39 200
39 231
39 285
40 43
40 46
40 79
40 179
40 180
40 277
40 287
40 300
41 115
41 136
41 172
41 250
41 279
41 292
42 106
42 136
42 217
42 220
42 275
43 47
43 64
43 75
43 106
43 133
43 154
43 162
43 167
43 185
43 188
43 298
43 309
43 312
44 61
44 142
44 161
44 249
44 269
44 315
45 50
45 89
45 109
45 114
45 157
45 160
45 188
45 210
45 236
45 277
45 305
46 56
46 59
46 103
46 124
46 229
47 50
47 96
47 108
47 157
47 210
47 213
47 220
48 54
48 121
48 134
48 135
48 286
49 67
49 100
49 104
49 128
49 131
49 135
49 206
49 208
49 219
50 59
50 115
50 118
50 146
50 164
50 207
50 284
50 302
50 303
51 98
51 119
51 180
51 188
51 218
51 220
51 286
52 178
52 190
52 248
54 156
54 286
54 296
55 76
55 288
56 150
56 161
56 180
56 200
56 216
57 145
57 200
57 273
57 296
58 130
59 101
59 106
59 124
59 130
59 134
59 135
59 157
59 180
59 206
59 212
59 214
59 224
59 275
59 281
60 62
60 80
60 131
60 199
60 200
60 214
60 217
60 236
60 239
60 242
60 284
60 298
60 303
61 162
61 197
61 226
61 287
62 131
62 156
62 194
63 86
63 135
63 285
64 89
64 96
64 130
64 133
64 135
64 194
64 219
64 278
65 131
65 268
66 86
66 102
66 123
66 140
66 193
67 95
67 157
67 209
67 216
67 284
68 79
68 130
68 131
68 133
68 199
68 267
68 285
68 291
69 225
69 296
70 139
71 260
72 157
72 175
72 204
72 269
73 149
74 105
74 118
74 124
74 134
74 180
74 189
74 215
74 296
75 116
75 156
75 158
75 168
75 249
75 273
75 286
75 306
76 91
76 93
76 103
76 108
76 131
76 134
76 145
76 239
76 258
77 80
77 87
77 128
77 249
77 272
77 305
78 131
78 133
78 134
78 220
78 229
78 233
79 135
79 142
80 106
80 112
80 133
80 185
80 188
80 193
80 200
80 216
80 309
80 310
81 181
81 231
81 287
82 192
83 131
83 159
83 195
83 218
83 255
84 122
84 223
85 210
85 227
86 101
86 128
86 157
86 254
86 275
86 280
86 310
87 109
87 130
87 133
87 174
87 287
87 306
88 97
88 105
88 165
88 262
89 145
89 167
89 200
89 249
89 296
90 210
90 252
90 309
91 130
91 135
92 109
92 110
92 250
92 267
92 287
93 111
93 133
93 141
94 109
94 137
94 270
95 104
95 220
96 240
96 242
96 276
96 305
96 315
97 102
97 129
97 131
97 272
98 134
98 173
98 174
98 188
98 191
98 197
98 209
98 219
98 242
99 103
99 150
99 184
99 195
99 217
100 232
101 131
102 117
102 135
102 145
102 175
102 204
102 205
102 238
102 239
102 303
103 110
103 118
103 125
103 149
103 156
103 211
103 222
103 247
103 249
103 275
104 131
104 201
105 122
105 156
105 192
105 196
105 211
105 248
105 272
105 277
106 118
106 164
106 227
106 235
106 278
107 125
107 129
107 131
107 149
107 161
107 248
107 252
107 267
107 309
108 177
108 182
108 201
108 210
108 249
108 258
108 272
108 296
108 305
109 118
109 136
109 180
109 197
109 292
110 130
110 158
111 133
111 135
111 200
112 175
112 252
113 186
113 313
114 130
114 145
114 156
114 271
114 303
115 124
115 131
115 239
116 161
116 193
116 217
117 220
118 121
118 137
118 194
118 206
118 218
118 244
118 250
118 262
119 136
120 200
120 269
120 304
121 124
121 130
121 137
121 193
121 243
121 269
122 133
122 202
122 213
122 219
122 257
123 154
123 173
123 175
123 193
123 210
123 272
123 302
123 303
124 126
124 127
124 130
124 131
124 140
124 156
124 170
124 171
124 173
124 193
124 195
124 211
124 239
124 285
124 303
125 313
126 242
126 307
127 152
127 209
127 242
127 275
128 167
128 210
128 214
128 267
128 272
129 130
129 152
129 160
129 179
129 182
129 185
129 200
129 211
129 212
129 219
129 232
129 272
129 288
129 309
130 132
130 133
130 134
130 136
130 152
130 156
130 163
130 164
130 179
130 209
130 215
130 218
130 219
130 220
130 223
130 232
130 233
130 248
130 273
130 276
130 285
130 288
131 135
131 138
131 140
131 167
131 172
131 198
131 206
131 231
131 233
131 272
131 273
131 277
131 279
131 287
131 297
131 307
132 133
132 149
132 169
132 273
133 136
133 137
133 138
133 150
133 157
133 164
133 180
133 185
133 188
133 192
133 198
133 200
133 206
133 207
133 241
133 250
133 265
133 275
133 294
133 301
134 136
134 145
134 160
134 167
134 176
134 182
134 188
134 193
134 200
134 218
134 220
134 224
134 241
134 245
134 273
134 309
135 140
135 144
135 151
135 156
135 157
135 160
135 167
135 178
135 202
135 204
135 220
135 234
135 238
135 274
135 309
135 312
136 142
136 185
136 205
136 229
136 241
136 270
136 288
136 309
137 267
138 146
138 162
138 241
138 260
139 156
140 160
140 192
140 200
140 236
140 268
141 166
141 170
141 187
142 150
142 174
142 206
142 246
142 258
143 193
143 221
143 306
144 241
145 232
146 172
146 190
147 248
147 287
148 152
148 155
148 171
148 181
148 189
148 196
148 217
148 273
148 286
149 156
149 252
149 272
149 278
150 159
150 167
150 221
152 156
152 254
152 262
152 264
152 303
152 314
153 233
154 157
154 167
154 288
156 157
156 161
156 171
156 177
156 223
156 225
156 231
156 233
156 269
156 271
156 275
156 285
156 298
156 312
157 188
157 197
157 285
158 224
159 307
160 172
160 184
160 200
160 286
161 271
161 274
161 276
161 284
161 287
161 309
162 197
162 238
162 240
162 291
162 294
163 221
164 287
165 179
166 195
167 197
167 206
167 306
168 196
168 210
169 311
171 188
171 216
171 272
172 193
172 219
172 278
172 287
172 290
173 193
173 220
173 229
173 284
173 313
175 215
176 286
180 213
180 236
180 269
180 273
180 298
180 305
181 239
181 246
182 304
183 268
184 215
184 263
187 282
187 298
187 305
188 208
188 238
188 286
190 201
190 314
191 305
192 204
193 200
193 304
195 202
195 249
195 269
196 211
196 305
197 273
198 222
200 215
200 216
200 220
200 239
200 249
200 278
200 303
201 219
202 240
204 210
205 216
205 220
205 238
205 262
205 302
206 232
206 249
206 283
206 299
207 313
208 290
210 211
210 224
210 257
210 299
211 272
213 220
213 231
213 246
213 276
215 219
215 224
215 254
215 282
216 233
218 257
218 286
219 244
220 233
220 239
220 248
220 271
220 286
220 288
221 288
222 278
224 285
224 287
224 291
226 272
226 302
227 234
227 278
227 279
228 235
230 239
231 293
234 272
234 308
238 286
238 287
239 270
239 271
239 307
240 288
241 243
241 249
242 286
243 259
243 279
245 284
247 284
248 287
249 258
249 303
249 309
252 272
252 287
255 266
255 287
256 304
258 287
258 297
261 306
263 284
263 305
266 288
267 298
269 284
271 286
275 280
275 298
276 285
279 288
280 293
281 288
285 304
285 305
286 287
286 293
286 309
287 295
288 303
291 308
292 298
292 303
296 304
296 314
298 304
