0 7
0 95
0 133
0 212
1 6
1 67
1 128
2 5
2 39
2 58
2 67
2 97
2 107
2 136
2 156
2 173
2 217
2 234
2 243
2 249
2 267
2 282
2 299
3 69
3 168
3 249
4 33
4 41
4 104
4 117
4 304
5 16
5 20
5 49
5 50
5 75
5 99
5 133
5 159
5 306
6 7
6 32
6 129
6 133
6 242
6 249
7 9
7 29
7 78
7 105
7 123
7 124
7 156
7 160
7 177
7 210
7 220
7 306
8 15
8 32
8 44
8 48
8 73
8 87
8 90
8 98
8 102
8 124
8 131
8 134
8 236
8 249
8 266
8 291
8 301
9 31
9 32
9 44
9 47
9 57
9 81
9 87
9 212
9 220
9 223
10 14
10 24
10 90
10 92
10 156
10 244
11 56
11 61
11 107
11 116
11 130
11 133
11 200
12 56
12 72
12 106
12 110
12 131
12 135
12 156
12 178
12 192
12 288
12 304
12 306
13 33
13 46
13 267
14 33
14 51
14 61
14 133
14 145
14 249
14 315
15 101
15 106
15 130
15 138
15 142
15 164
15 249
15 252
16 24
16 56
16 98
16 100
16 148
16 159
16 160
16 164
16 208
16 220
16 243
16 269
16 279
16 313
17 26
17 131
17 147
17 310
18 23
18 77
18 131
18 180
18 205
18 211
18 249
18 266
18 279
18 286
18 291
19 199
19 206
20 81
20 98
20 134
20 181
20 189
20 193
20 208
20 249
20 274
20 281
20 286
21 80
21 116
21 118
21 162
21 244
21 288
21 303
22 75
22 104
22 118
22 129
22 133
23 45
23 50
23 132
23 134
23 183
23 270
24 35
24 44
24 114
24 150
24 188
24 200
24 221
25 130
25 135
25 179
25 247
25 286
25 308
26 83
26 175
26 185
27 123
27 231
28 35
28 59
28 60
28 63
28 67
28 104
28 146
28 163
28 201
29 35
29 50
29 59
29 135
29 163
29 208
29 220
30 33
30 77
30 118
30 129
30 193
30 271
31 33
31 59
31 67
31 96
31 102
31 105
31 106
31 129
31 130
31 152
31 154
31 165
31 179
31 226
31 266
32 39
32 48
32 49
32 72
32 74
32 92
32 129
32 188
32 192
32 193
32 202
32 206
32 227
32 233
32 242
32 245
32 273
32 291
32 293
32 305
33 46
33 55
33 59
33 90
33 104
33 114
33 124
33 136
33 176
33 193
33 226
33 264
33 265
33 278
33 288
34 50
34 150
34 219
34 233
34 256
34 273
34 287
34 296
35 96
35 142
35 148
35 184
35 200
35 287
36 108
36 112
36 124
36 131
36 157
36 249
36 268
37 101
37 157
37 180
37 310
38 92
39 94
39 117
39 180
39 231
39 265
39 268
40 133
40 180
40 288
41 117
41 129
41 132
41 156
41 211
42 76
42 89
42 156
42 183
42 210
42 258
42 299
42 311
43 62
43 102
43 108
43 134
43 167
44 56
44 59
44 173
44 248
44 270
45 46
45 96
45 99
45 103
45 130
45 138
45 156
45 164
45 180
45 181
45 188
45 190
45 210
45 225
45 268
45 286
46 50
46 52
46 60
46 86
46 99
46 106
46 135
46 226
46 233
46 246
46 249
46 286
46 294
46 315
47 80
47 114
47 153
47 167
47 188
47 230
47 234
47 274
48 59
48 78
48 89
48 110
48 206
48 231
49 83
49 118
49 132
49 145
49 167
49 214
49 255
49 305
50 134
50 140
50 148
50 191
50 206
50 269
51 109
51 174
51 278
51 287
51 314
52 131
52 133
52 200
52 286
53 62
53 148
54 79
54 246
55 103
55 124
55 126
55 134
56 77
56 108
56 130
56 193
56 206
56 263
56 286
57 103
57 286
58 129
58 210
59 73
59 83
59 120
59 134
59 156
59 193
59 200
59 236
59 279
59 287
59 288
60 116
60 120
60 129
60 130
60 133
60 144
60 152
60 182
60 201
60 204
60 213
60 268
60 275
61 93
61 102
61 172
61 180
61 223
62 103
62 287
62 292
63 134
63 270
64 80
64 98
64 118
64 164
64 185
64 215
64 307
65 161
65 200
65 287
66 70
66 99
66 240
66 246
67 70
67 80
67 103
67 104
67 130
67 184
67 189
67 216
67 242
67 243
67 245
68 91
68 95
68 129
68 130
68 135
68 156
68 179
68 197
68 201
68 204
68 279
69 140
69 164
69 259
70 159
70 245
70 298
71 169
71 172
72 79
72 206
72 315
73 81
73 150
73 194
73 286
73 314
74 78
74 86
74 118
74 156
74 157
74 192
74 243
74 294
75 95
75 104
75 130
75 162
75 191
75 224
75 278
75 308
76 131
76 154
76 184
76 193
76 299
76 304
77 81
78 148
78 167
79 156
79 180
79 224
79 247
80 120
80 134
80 157
80 159
80 215
80 264
81 115
81 128
81 133
81 206
81 234
82 167
82 202
83 90
83 92
83 129
83 134
83 187
84 109
84 124
85 102
85 270
86 139
86 198
86 210
86 272
87 155
87 214
87 284
88 105
88 113
88 130
88 133
88 179
88 191
88 223
88 251
89 129
89 131
89 134
89 156
89 279
90 100
90 139
91 110
91 124
91 169
91 308
92 124
92 130
92 131
92 149
92 167
92 210
92 258
93 103
93 274
94 106
95 110
95 129
95 157
95 180
96 152
97 204
97 234
97 273
97 284
97 290
97 299
98 113
98 134
98 178
98 288
99 124
99 288
101 129
101 130
101 133
101 233
102 130
102 148
102 185
102 206
102 216
102 240
102 245
102 264
102 297
102 304
103 123
103 126
103 127
103 135
103 136
103 203
103 220
103 223
104 106
104 131
104 143
104 154
104 155
104 167
104 242
104 255
104 266
104 283
104 298
105 136
105 165
105 288
106 196
106 229
106 230
106 285
106 295
107 129
107 135
107 157
107 200
107 259
108 156
108 215
108 233
109 129
109 131
109 133
109 165
109 229
109 239
109 272
110 129
110 131
110 136
110 149
110 152
110 182
110 210
110 244
110 262
110 288
110 302
110 303
111 121
111 240
113 118
114 129
114 241
114 279
115 136
115 243
115 298
116 180
116 298
117 129
117 156
117 229
118 134
118 158
118 164
118 167
118 182
118 220
118 229
118 277
119 162
119 194
120 169
120 180
120 204
120 269
120 287
121 165
121 176
121 247
121 314
122 129
122 131
122 174
122 195
122 200
122 219
122 227
122 254
122 279
122 302
123 139
123 241
123 252
123 293
124 130
124 131
124 156
124 195
124 200
124 215
125 231
127 287
128 129
128 131
128 134
128 156
128 196
129 131
129 133
129 135
129 156
129 157
129 180
129 184
129 191
129 201
129 206
129 215
129 218
129 225
129 270
129 273
129 275
129 276
129 287
129 303
130 133
130 134
130 135
130 138
130 148
130 157
130 159
130 161
130 174
130 175
130 178
130 197
130 208
130 209
130 215
130 231
130 236
130 237
130 265
130 272
130 278
130 308
131 141
131 149
131 154
131 160
131 161
131 179
131 180
131 188
131 193
131 196
131 197
131 206
131 207
131 218
131 221
131 241
131 248
131 249
131 271
131 300
131 304
131 310
131 313
132 135
132 208
132 230
133 136
133 138
133 140
133 153
133 157
133 160
133 165
133 180
133 205
133 230
133 233
133 248
133 260
133 271
133 283
133 285
133 291
133 296
134 139
134 152
134 156
134 157
134 166
134 179
134 180
134 191
134 193
134 197
134 201
134 206
134 211
134 220
134 227
134 232
134 244
134 249
134 258
134 260
134 272
134 273
134 275
134 283
134 284
134 289
135 148
135 202
135 204
135 220
135 232
135 252
135 276
135 283
135 307
136 143
136 193
136 197
136 205
136 217
136 263
136 268
136 288
136 293
137 284
138 154
138 275
139 152
139 196
140 206
140 238
140 285
141 298
142 172
143 161
143 188
143 269
143 272
143 286
144 201
144 217
144 284
145 205
145 292
145 313
146 222
147 159
148 160
148 187
148 283
149 156
149 200
149 212
149 216
149 243
149 279
149 292
149 307
150 180
150 211
150 225
150 235
150 278
151 298
152 157
152 201
152 203
152 240
152 275
152 279
153 315
154 271
155 306
156 200
156 206
156 265
156 270
156 287
156 288
156 305
157 201
157 204
157 230
157 238
157 264
157 287
158 247
158 249
159 179
159 243
159 260
160 161
160 201
160 276
160 278
160 287
161 185
161 200
161 204
161 260
162 164
162 200
162 209
162 315
164 245
164 249
164 272
165 298
165 313
167 172
167 193
167 213
167 218
167 249
167 252
167 275
167 287
167 292
168 200
168 249
169 192
172 176
172 187
172 287
173 258
173 298
174 298
176 262
177 188
177 243
178 192
179 217
179 220
180 186
180 206
180 239
180 254
180 304
180 309
181 210
181 283
181 287
184 266
185 188
187 204
187 291
188 191
188 215
188 220
188 275
188 294
188 300
191 193
193 204
193 218
193 313
194 197
194 288
196 285
197 273
197 309
197 310
199 265
199 293
200 208
200 217
200 230
200 267
201 249
201 272
201 307
202 281
202 284
202 293
203 215
205 243
205 287
205 313
206 220
206 232
206 241
209 287
210 212
210 249
210 272
210 286
210 287
211 224
211 238
211 298
211 312
213 238
213 295
214 224
214 270
215 263
216 272
217 257
217 313
218 258
218 260
218 288
218 310
219 239
219 276
220 233
220 249
220 252
220 278
220 282
220 295
220 310
221 295
223 284
224 247
224 249
224 278
224 310
226 273
226 288
227 284
230 273
231 242
231 271
233 241
233 294
234 245
234 252
234 277
237 308
237 315
238 287
238 298
239 249
239 252
239 269
239 298
239 299
240 311
241 244
245 259
245 278
245 280
249 269
249 283
250 265
250 273
254 285
255 271
256 287
257 287
257 295
258 311
260 309
261 286
262 301
265 269
265 286
266 285
266 287
266 289
267 278
268 276
269 286
272 287
272 298
275 305
276 304
278 279
283 288
285 286
286 287
287 288
289 297
304 305
