0 50
0 193
0 200
1 34
1 81
1 133
1 167
1 302
2 6
2 8
2 14
2 32
2 47
2 91
2 103
2 106
2 185
2 186
2 188
2 205
2 231
2 238
2 257
2 291
2 295
2 302
2 305
3 33
3 134
3 266
4 36
4 130
4 148
4 188
4 210
4 271
5 50
5 56
5 129
6 21
6 131
6 134
6 188
6 193
6 239
6 244
7 75
7 131
7 136
7 166
7 249
7 285
8 14
8 19
8 32
8 47
8 87
8 109
8 120
8 134
8 140
8 157
8 179
8 192
8 249
9 16
9 40
9 54
9 129
9 133
9 233
10 131
10 142
10 224
10 269
10 275
11 16
11 46
11 133
11 258
11 273
11 279
12 15
12 130
12 134
12 151
12 249
12 266
12 275
12 303
12 315
13 109
13 114
13 140
13 205
13 239
13 271
14 36
14 117
14 132
14 136
14 164
14 167
14 183
14 201
14 245
14 246
14 261
14 272
15 40
15 74
15 104
15 134
15 168
15 185
15 201
15 220
15 280
16 28
16 33
16 65
16 78
16 80
16 91
16 92
16 94
16 108
16 118
16 174
16 228
16 234
16 246
16 250
16 276
16 287
16 298
17 127
18 50
18 101
18 103
18 156
18 233
18 258
18 290
19 71
19 166
19 286
19 307
20 49
20 51
20 130
20 160
20 287
21 33
21 129
21 159
21 182
22 67
23 85
23 98
23 171
23 305
24 59
24 71
24 102
24 105
24 133
24 134
24 142
24 148
24 156
24 186
24 288
25 31
25 54
25 68
25 100
25 101
25 103
25 124
25 135
25 157
26 130
27 156
27 162
28 31
28 39
28 64
28 121
28 128
28 133
28 156
28 272
28 304
29 135
29 169
29 292
30 90
30 130
30 195
30 236
31 51
31 63
31 69
31 82
31 102
31 124
31 132
31 184
31 196
31 249
31 305
32 35
32 62
32 79
32 97
32 122
32 125
32 128
32 130
32 152
32 153
32 179
32 213
32 214
32 233
32 235
32 239
32 272
32 278
32 281
32 285
33 103
33 110
33 113
33 117
33 134
33 135
33 157
33 180
33 185
33 269
33 305
34 74
34 75
34 128
34 133
34 180
34 289
35 87
35 122
35 131
35 169
35 310
36 49
36 272
37 85
37 133
37 170
37 230
38 101
38 149
38 157
38 179
38 180
38 200
38 213
38 258
38 302
39 107
39 156
39 233
40 52
40 90
40 110
40 129
40 136
40 139
40 144
40 180
40 243
40 248
40 272
40 306
41 59
41 64
41 90
41 140
41 152
41 153
41 173
41 238
41 260
41 287
42 45
42 180
42 181
42 202
43 59
43 77
43 95
43 131
43 134
43 137
43 200
43 212
44 118
45 47
45 74
45 94
45 105
45 118
45 165
45 172
45 188
45 218
45 238
45 261
45 309
46 67
46 99
46 102
46 129
46 136
46 177
46 272
47 83
47 110
47 197
47 223
47 225
47 266
47 274
47 286
47 299
47 304
48 55
48 103
48 110
48 130
48 134
48 154
48 185
48 224
48 246
48 272
48 299
49 133
49 143
49 148
49 209
49 239
50 59
50 96
50 106
50 117
50 180
50 219
50 297
51 73
51 74
51 96
51 118
51 168
51 173
51 221
51 273
51 290
52 162
52 175
53 195
53 199
53 239
54 56
54 113
54 156
54 247
54 279
55 114
55 131
55 220
55 290
56 133
56 157
56 186
56 208
56 228
56 303
57 98
57 135
57 148
58 149
59 99
59 109
59 127
59 130
59 131
59 133
59 156
59 166
59 200
59 212
59 220
59 244
59 285
59 305
60 77
60 98
60 103
60 124
60 126
60 139
60 172
60 193
60 260
60 310
61 177
61 228
61 268
61 296
61 307
62 83
62 92
62 135
62 150
62 233
62 242
62 255
62 273
64 75
64 87
64 96
64 129
64 180
64 227
64 309
65 283
66 92
66 285
67 68
67 76
67 84
67 134
67 160
67 210
67 215
67 225
67 259
67 260
68 79
68 80
68 104
68 142
68 273
69 80
69 95
69 133
69 135
69 136
69 148
69 173
69 211
69 229
69 279
69 314
70 118
70 135
70 249
71 148
71 182
71 206
71 266
72 99
72 103
72 189
72 200
72 218
73 148
73 158
74 78
74 112
74 159
74 225
74 226
74 244
75 129
75 139
75 157
75 231
75 262
75 287
76 205
77 108
77 114
77 146
77 167
77 179
77 242
77 295
78 133
78 151
78 189
78 213
78 281
79 131
79 132
79 252
80 96
80 128
80 134
80 217
80 221
80 226
80 239
80 248
80 276
80 285
81 102
81 116
81 129
81 131
81 153
81 173
81 266
82 148
83 103
83 145
83 167
83 241
83 264
85 100
85 279
86 106
86 252
87 96
87 106
87 152
87 188
87 191
87 242
88 125
88 137
88 153
88 165
88 258
88 269
89 102
89 129
89 137
89 200
89 215
89 288
90 173
90 188
90 224
91 156
91 239
91 245
92 97
92 128
92 149
92 170
92 219
92 242
92 267
92 268
93 168
93 200
94 242
94 249
95 142
95 251
96 101
96 122
96 156
96 283
96 293
97 136
97 149
97 261
97 263
98 111
98 130
98 148
98 180
98 220
98 238
98 301
99 129
99 149
99 179
99 213
99 280
99 288
100 118
100 157
100 188
100 210
101 103
101 123
101 130
101 206
101 214
101 232
101 286
102 133
102 138
102 161
102 176
103 112
103 131
103 136
103 150
103 160
103 188
103 244
103 286
104 149
104 156
104 236
104 276
104 283
105 195
105 200
105 249
105 292
106 117
106 128
106 135
106 180
107 158
107 162
107 191
107 210
107 241
108 113
108 148
108 197
108 200
108 229
109 129
109 130
109 148
109 160
109 270
109 277
110 127
110 161
110 175
110 220
110 261
110 294
111 122
111 269
111 274
112 129
113 134
113 208
114 130
114 157
114 188
114 190
116 118
116 130
116 133
116 263
117 130
117 148
117 185
117 192
117 200
117 238
117 288
118 129
118 160
118 165
118 197
118 219
118 268
118 272
118 284
118 287
118 313
119 313
120 168
120 200
120 220
121 179
121 208
121 227
121 240
121 266
121 272
121 283
122 229
122 269
122 277
122 290
123 209
123 287
124 130
124 200
124 213
124 225
124 228
124 230
124 239
124 264
124 277
125 130
125 287
126 180
126 238
126 275
126 285
127 133
127 166
127 197
127 206
128 134
128 180
128 193
128 211
128 248
129 130
129 131
129 160
129 190
129 191
129 215
129 221
129 226
129 238
129 244
129 248
129 255
129 258
129 286
129 288
130 139
130 156
130 200
130 205
130 242
130 244
130 249
130 250
130 257
130 263
130 273
130 287
130 299
131 134
131 136
131 147
131 149
131 157
131 158
131 167
131 171
131 180
131 201
131 208
131 210
131 234
131 266
131 291
132 259
133 135
133 137
133 140
133 161
133 167
133 168
133 180
133 193
133 200
133 210
133 230
133 231
133 238
133 264
133 271
133 272
133 276
133 295
134 135
134 156
134 157
134 162
134 164
134 195
134 204
134 209
134 220
134 235
134 249
134 254
134 280
134 295
134 310
135 166
135 195
135 217
135 228
135 235
135 242
135 276
135 285
135 303
135 310
136 179
136 257
136 298
136 309
137 149
137 154
137 249
138 157
138 205
138 224
138 243
138 276
138 298
139 245
139 308
140 278
141 157
141 167
141 181
142 187
142 206
142 220
142 283
142 287
144 280
145 148
145 184
145 216
146 272
146 311
147 199
147 220
148 150
148 204
148 212
148 216
148 218
148 269
148 272
148 295
149 156
149 160
149 215
149 219
149 252
149 287
150 179
150 209
152 275
153 160
153 190
153 288
154 190
154 191
154 229
154 234
154 298
156 172
156 184
156 185
156 188
156 199
156 246
156 250
156 288
156 291
156 302
157 167
157 196
157 249
157 255
157 263
157 286
157 303
158 216
159 172
159 179
159 208
159 258
159 303
160 185
160 188
160 210
160 244
161 191
161 274
162 202
162 245
164 193
164 221
164 239
164 274
164 293
165 223
165 271
166 182
166 206
166 230
167 172
167 223
167 229
167 269
167 285
169 173
169 273
171 285
171 296
172 193
172 299
173 210
173 293
174 200
175 287
175 298
176 216
176 239
177 217
178 307
179 233
179 245
179 278
179 310
180 184
180 193
180 200
180 205
180 249
180 256
181 237
181 242
181 283
185 188
185 214
185 223
187 230
187 238
188 225
188 249
188 276
188 277
188 287
191 205
191 255
192 219
192 262
192 298
193 196
193 210
193 259
193 283
195 217
195 258
196 284
197 240
197 263
198 219
199 238
199 252
200 207
200 215
200 236
200 240
200 247
200 249
200 255
200 287
200 295
200 313
202 229
204 242
204 310
205 227
206 216
206 223
206 234
206 287
208 252
209 221
209 239
210 214
210 223
210 264
210 273
210 275
210 313
211 239
211 308
213 264
214 279
216 279
216 301
217 242
218 223
218 293
219 263
220 232
220 266
220 271
221 239
221 242
222 229
222 293
223 242
223 276
224 283
224 302
225 286
227 309
230 231
232 242
233 302
234 238
234 244
234 249
234 282
239 273
242 245
242 249
244 249
245 248
246 273
249 267
249 284
249 295
256 306
257 292
258 275
258 281
259 279
261 288
264 280
266 284
267 284
269 310
269 315
276 286
277 303
278 290
282 290
283 298
286 299
289 298
292 307
293 304
301 303
302 305
304 309
305 308
