0 2
0 47
0 115
0 145
0 192
0 276
1 16
1 81
1 287
2 5
2 7
2 12
2 16
2 19
2 52
2 83
2 103
2 129
2 156
2 157
2 180
2 192
2 208
2 217
2 272
2 273
2 279
2 282
2 286
2 288
2 291
2 299
3 8
3 107
3 117
3 136
3 298
4 7
4 23
4 34
4 106
4 114
4 135
4 162
4 193
4 285
4 286
4 288
5 152
6 25
6 80
6 169
6 204
7 24
7 36
7 39
7 40
7 62
7 83
7 102
7 136
7 149
7 208
7 210
7 217
7 223
7 310
8 16
8 20
8 62
8 104
8 121
8 140
8 150
8 156
8 180
8 205
8 220
8 242
8 246
8 286
8 287
8 292
8 306
9 17
9 205
9 234
10 134
11 104
11 121
11 134
11 140
11 159
11 252
11 275
12 16
12 31
12 33
12 81
12 101
12 133
12 134
12 275
12 288
12 305
13 46
13 75
13 88
13 128
13 150
13 232
13 279
13 313
14 16
14 17
14 31
14 49
14 79
14 86
14 133
14 146
14 153
14 156
14 167
14 177
14 248
15 32
15 51
15 81
15 89
15 108
15 110
15 160
16 22
16 43
16 48
16 50
16 87
16 114
16 133
16 159
16 181
16 210
16 212
16 245
16 251
16 252
16 256
17 110
17 134
17 138
17 213
17 286
18 45
18 71
18 106
18 130
18 154
18 177
18 234
18 287
19 130
19 191
19 195
19 285
20 75
20 95
20 129
20 135
20 211
21 43
21 88
22 25
22 28
23 161
23 185
23 296
24 67
24 69
24 131
24 137
24 156
24 208
25 31
25 39
25 56
25 100
25 129
25 152
25 197
25 211
25 229
25 247
25 273
26 60
26 102
26 129
26 275
27 138
27 201
27 289
27 294
28 44
28 185
28 218
28 219
29 33
29 143
29 232
30 52
30 89
30 124
30 129
30 134
30 197
31 37
31 50
31 62
31 68
31 89
31 108
31 112
31 161
31 174
31 181
31 207
31 210
31 283
31 287
31 288
32 75
32 96
32 102
32 122
32 130
32 131
32 142
32 157
32 196
32 205
32 242
33 37
33 60
33 61
33 74
33 80
33 96
33 121
33 135
33 156
33 200
33 231
33 314
34 63
34 95
34 154
34 156
34 248
34 277
35 51
35 56
35 60
35 84
35 259
35 284
36 38
36 69
36 135
36 261
37 120
37 200
37 247
37 275
38 130
38 131
38 197
38 220
39 58
39 75
39 115
39 156
39 211
40 67
40 81
40 100
40 104
40 106
40 124
40 141
40 173
40 180
40 197
41 42
41 48
41 179
41 223
42 72
42 80
42 111
42 133
42 188
42 238
42 245
42 291
44 145
44 156
44 224
45 51
45 57
45 66
45 68
45 103
45 128
45 134
45 135
45 136
45 148
45 160
45 173
45 180
45 272
46 51
46 54
46 91
46 245
46 302
47 50
47 83
47 107
47 118
47 140
47 207
47 216
47 295
47 306
48 115
48 131
48 138
48 139
48 220
48 303
49 87
49 121
49 124
49 191
49 218
49 240
50 56
50 86
50 103
50 114
50 115
50 145
50 157
50 161
50 167
50 223
50 224
50 303
51 55
51 59
51 145
51 229
51 262
52 248
52 252
53 245
54 66
54 77
54 106
54 139
54 258
55 133
55 155
55 307
55 311
56 57
56 78
56 84
56 118
56 135
56 158
56 193
56 204
56 209
56 233
56 297
57 121
57 130
58 101
59 87
59 94
59 129
59 141
59 157
59 174
59 188
59 200
59 219
59 240
59 242
59 273
59 281
59 291
60 83
60 98
60 133
60 134
60 135
60 172
60 173
60 203
60 242
60 292
61 89
61 244
61 245
61 313
62 104
62 110
62 113
62 127
62 130
62 200
62 222
64 87
64 118
64 199
64 218
64 239
64 249
65 101
65 272
65 314
66 79
66 140
66 157
66 180
66 182
66 215
66 239
67 68
67 89
67 133
67 134
67 156
67 190
67 254
67 276
68 133
68 148
68 161
68 245
68 263
68 279
68 308
69 122
69 124
69 131
69 180
69 233
70 210
71 157
71 265
72 119
72 157
73 78
73 133
73 148
74 110
74 162
74 170
74 200
74 245
74 259
75 134
75 149
75 156
75 177
75 215
75 232
75 279
76 92
76 97
76 111
76 121
76 133
76 148
76 293
77 101
77 177
77 179
77 180
77 219
77 278
77 287
78 235
78 237
79 102
79 138
79 239
80 90
80 117
80 118
80 204
80 273
80 288
81 129
81 131
81 133
81 134
81 239
82 157
82 285
83 149
83 156
83 167
83 171
84 101
84 104
84 130
85 89
85 103
85 122
85 134
85 288
85 298
85 303
86 101
86 102
86 157
86 181
87 88
87 118
87 133
87 136
87 155
87 157
87 239
87 240
87 241
87 255
87 299
88 134
88 231
89 162
89 180
89 188
89 285
89 287
89 309
90 298
91 117
91 132
92 104
92 122
92 134
92 147
92 188
92 209
92 285
93 145
93 208
94 114
94 140
94 179
94 262
94 293
95 106
95 110
95 135
95 156
95 227
95 273
96 200
96 209
96 220
96 283
96 284
96 286
96 295
97 205
97 213
97 288
98 130
98 131
98 142
98 174
98 185
98 233
98 287
99 102
99 140
99 181
99 234
99 297
100 272
101 160
101 193
101 210
101 233
101 248
101 287
102 104
102 110
102 131
102 148
102 154
102 156
102 159
102 160
102 182
102 220
102 242
103 112
103 131
103 159
103 187
103 194
103 232
103 238
103 267
103 286
104 114
104 124
104 287
104 288
104 301
105 131
105 154
105 171
105 196
105 272
106 152
106 160
106 194
106 235
106 246
107 148
107 205
107 230
107 249
107 255
108 154
108 239
109 123
109 167
109 298
109 309
110 130
110 134
110 156
110 210
110 219
110 220
110 288
111 154
112 124
112 134
112 156
113 124
113 224
114 137
115 159
115 162
115 200
115 266
116 210
116 287
117 122
117 134
117 148
117 245
118 136
118 148
118 216
118 224
118 230
118 232
118 239
118 258
118 272
118 293
118 307
118 313
119 213
120 130
120 156
120 215
121 124
121 217
122 184
122 205
122 219
122 299
123 224
123 231
123 252
123 270
123 287
123 313
124 127
124 135
124 155
124 193
125 237
126 219
127 239
127 279
127 287
128 154
128 156
128 197
128 288
128 308
129 130
129 131
129 133
129 134
129 135
129 154
129 157
129 158
129 167
129 171
129 186
129 200
129 204
129 220
129 222
129 230
129 231
129 232
129 235
129 238
129 242
129 256
129 279
129 288
129 293
129 299
129 302
129 310
130 131
130 133
130 134
130 136
130 138
130 140
130 156
130 160
130 188
130 207
130 209
130 220
130 233
130 243
130 260
130 263
130 284
130 287
130 288
130 305
130 315
131 135
131 138
131 154
131 156
131 159
131 161
131 181
131 184
131 224
131 236
131 245
131 272
131 273
131 276
131 288
131 301
131 309
132 183
132 215
132 261
132 303
133 136
133 139
133 141
133 150
133 151
133 159
133 175
133 180
133 182
133 188
133 201
133 203
133 248
133 263
133 285
133 286
133 295
133 315
134 135
134 142
134 147
134 150
134 156
134 162
134 181
134 185
134 188
134 200
134 238
134 250
134 277
134 290
134 296
134 302
135 150
135 167
135 188
135 208
135 211
135 224
135 229
135 277
135 285
135 286
135 308
136 138
136 149
136 156
136 164
136 177
136 201
136 215
136 229
136 243
136 244
136 275
136 287
137 287
137 310
138 185
138 193
138 195
138 303
139 143
139 220
139 223
139 287
140 260
140 276
141 287
142 149
142 225
142 310
143 276
144 210
144 233
144 288
145 174
145 242
145 248
145 251
145 276
145 281
145 304
148 156
148 164
148 172
148 212
148 252
149 156
149 188
149 257
150 191
150 215
150 272
150 286
150 303
151 279
152 287
152 303
153 156
153 255
153 258
153 281
154 239
155 292
156 157
156 180
156 181
156 188
156 202
156 216
156 223
156 231
156 232
156 233
156 235
156 249
156 258
156 263
156 265
156 266
156 276
156 301
157 162
157 205
157 269
157 277
157 296
157 304
158 249
158 267
158 277
159 210
159 239
159 242
159 247
159 287
160 167
160 246
160 283
160 296
160 302
161 214
161 287
162 204
162 286
162 305
163 167
163 200
164 224
164 285
166 167
166 206
167 180
167 195
167 219
167 224
171 224
171 315
172 188
172 232
172 237
172 246
174 188
174 200
174 258
176 220
176 249
176 279
176 292
178 264
178 282
179 188
179 216
179 276
179 287
180 206
180 208
180 223
180 263
180 310
181 205
181 208
181 256
181 288
181 301
182 201
182 215
182 265
182 271
182 275
182 288
184 195
185 190
185 228
188 238
188 295
191 286
192 215
193 205
193 220
193 222
193 257
193 265
193 277
193 288
193 299
194 258
195 244
196 269
197 271
197 279
199 220
199 249
200 239
200 241
200 283
200 304
201 305
202 205
202 224
204 209
204 210
204 264
204 268
205 288
206 216
206 296
206 313
208 285
209 250
209 315
210 249
211 212
211 224
211 242
212 241
213 233
213 235
213 242
213 281
214 252
215 268
215 271
215 275
215 285
215 288
216 260
216 273
217 244
217 249
217 258
217 310
218 230
218 247
219 242
219 269
220 239
220 285
221 302
222 268
224 287
229 249
231 260
231 284
231 299
233 272
239 247
240 287
240 296
241 242
241 260
241 279
242 261
242 272
242 313
242 314
243 254
243 283
243 301
245 303
246 247
249 287
251 284
252 283
255 288
256 293
257 281
260 288
261 264
261 282
264 293
264 313
265 314
268 270
270 288
272 273
276 295
277 307
283 303
284 314
285 304
286 287
287 305
288 301
290 297
291 310
295 299
