0 8
0 35
0 60
0 67
0 75
0 129
0 159
0 231
0 239
0 280
0 283
0 302
1 2
1 8
1 72
1 172
1 193
1 228
1 241
2 12
2 13
2 14
2 45
2 47
2 92
2 124
2 130
2 136
2 137
2 154
2 168
2 188
2 194
2 200
2 249
2 269
2 295
3 16
3 74
3 117
3 315
4 25
4 30
4 70
4 77
4 86
4 135
4 172
4 210
5 54
5 149
5 156
5 159
5 199
5 213
5 287
5 293
6 15
6 56
6 105
6 178
6 219
6 220
6 249
7 28
7 59
7 97
7 118
7 129
7 200
7 268
7 275
7 298
8 38
8 48
8 69
8 75
8 92
8 130
8 134
8 162
8 252
8 277
8 286
9 40
9 62
9 78
9 104
9 233
10 14
10 155
10 222
10 249
10 305
11 36
11 94
11 102
11 305
12 44
12 61
12 136
12 249
12 305
13 16
13 86
13 195
13 249
13 270
13 280
13 288
13 305
14 64
14 81
14 103
14 184
14 209
14 216
15 42
15 77
15 131
15 136
15 244
15 258
15 290
15 310
16 19
16 34
16 47
16 55
16 65
16 110
16 117
16 131
16 133
16 136
16 164
16 166
16 202
16 227
16 249
16 266
16 288
16 301
16 305
17 62
17 103
17 286
18 42
18 67
18 133
18 134
18 146
18 241
19 84
19 129
19 130
20 24
20 27
20 33
20 75
20 85
20 117
20 230
20 266
20 269
20 287
21 142
21 200
21 287
22 129
22 133
22 194
22 298
23 52
23 94
23 129
24 58
24 61
24 80
24 97
24 203
24 244
24 263
25 32
25 80
25 106
25 109
25 120
25 158
25 288
25 294
26 103
27 72
27 242
27 287
28 43
28 179
28 245
29 67
29 69
29 107
29 202
29 208
29 255
30 104
30 124
30 159
30 167
30 200
30 286
31 108
31 124
31 131
31 188
31 191
31 224
31 234
31 242
31 243
31 252
31 281
31 287
32 33
32 40
32 59
32 62
32 124
32 133
32 155
32 158
32 203
32 220
32 260
32 283
32 297
33 36
33 43
33 74
33 108
33 110
33 129
33 130
33 156
33 217
33 234
33 256
33 270
33 276
33 283
33 290
33 305
34 37
34 51
34 124
34 132
34 231
34 288
35 131
35 193
35 217
35 219
35 296
36 38
36 52
36 109
36 142
36 157
36 167
36 233
36 238
37 55
37 172
37 180
37 204
37 242
37 292
38 138
38 244
38 255
38 268
39 148
39 162
39 209
39 211
39 239
39 267
40 46
40 79
40 156
40 161
41 50
41 76
41 98
41 161
42 101
42 118
42 134
42 167
42 180
43 105
43 130
43 134
43 149
43 181
43 223
44 68
44 103
44 106
44 123
44 135
44 180
45 48
45 91
45 92
45 104
45 111
45 129
45 133
45 134
45 168
45 219
45 232
45 312
45 315
46 76
46 107
46 159
46 187
46 208
46 216
46 253
46 292
46 312
47 131
47 200
47 206
47 260
47 276
47 309
48 59
48 62
48 90
48 92
48 168
49 129
49 133
49 175
49 258
50 79
50 107
50 136
51 87
51 176
51 193
51 263
52 110
52 117
52 187
52 308
53 128
53 225
54 59
54 129
54 133
54 276
55 58
55 140
55 184
55 201
56 68
56 81
56 110
56 135
56 241
56 268
56 272
57 114
57 129
58 202
59 74
59 129
59 132
59 138
59 157
59 193
59 219
59 259
59 276
59 279
59 281
59 287
59 303
60 64
60 128
60 167
60 180
60 206
60 212
60 276
60 284
60 288
61 102
61 130
61 242
61 286
62 118
62 136
62 177
62 224
62 277
62 286
63 72
63 102
63 105
63 118
63 149
63 178
63 179
63 180
63 220
64 75
64 120
64 177
64 204
64 278
64 288
65 78
65 167
66 79
66 157
66 266
66 274
67 77
67 102
67 148
67 181
67 188
67 216
67 231
67 233
67 249
67 288
68 102
68 108
68 129
68 134
68 196
68 224
68 233
68 275
69 115
69 168
69 217
69 227
70 143
70 156
70 185
70 201
71 252
72 129
72 193
72 206
72 272
73 81
73 97
73 122
73 130
73 136
73 142
73 257
74 101
74 128
74 133
74 155
74 189
74 191
74 245
74 313
75 78
75 92
75 122
75 137
75 183
75 185
75 222
75 228
75 233
75 267
76 122
76 147
76 156
76 174
76 200
76 215
76 226
76 252
77 104
77 117
77 133
77 164
77 220
77 264
77 269
77 270
78 98
79 80
79 129
79 162
79 273
80 133
80 137
80 185
80 193
80 194
80 233
80 248
80 261
80 287
81 240
81 269
82 279
83 118
83 200
83 242
83 248
83 268
83 287
84 136
85 131
85 135
85 140
85 162
85 197
85 222
85 276
86 188
86 204
86 220
87 92
87 136
87 138
87 196
87 210
88 109
88 231
89 118
89 156
89 242
89 287
90 128
90 134
90 186
91 135
91 276
92 200
92 223
92 273
93 220
93 270
94 127
94 131
94 167
94 287
95 139
95 160
95 239
95 247
95 308
96 121
96 125
96 130
96 152
96 180
96 194
96 307
97 103
97 129
97 160
97 180
98 115
98 130
98 135
98 150
98 157
98 261
98 273
99 131
99 135
99 164
99 203
99 260
99 293
100 127
100 131
101 159
101 160
101 288
102 103
102 206
102 215
102 220
103 109
103 114
103 156
103 160
103 185
103 220
103 226
103 230
103 231
103 267
103 287
104 185
104 201
104 305
105 109
105 138
106 128
106 135
106 179
106 205
106 263
107 159
107 179
107 215
108 153
108 287
109 133
109 159
109 181
109 193
109 208
109 231
109 245
109 249
110 133
110 180
110 215
110 220
110 244
110 249
110 279
110 288
111 118
111 131
111 180
111 193
111 224
111 288
112 220
112 269
112 302
112 309
113 117
113 134
113 283
114 135
114 179
114 230
114 277
117 144
117 156
117 157
117 234
117 315
118 127
118 130
118 148
118 162
118 173
118 179
118 196
118 216
118 288
118 301
121 139
121 146
121 158
121 197
121 222
121 232
121 302
122 130
122 136
122 178
122 210
122 218
122 235
122 239
122 249
122 286
122 301
123 164
123 252
123 255
123 281
124 195
124 200
124 301
124 304
126 136
126 157
126 167
126 171
126 266
127 249
127 283
128 136
128 149
128 160
128 177
128 216
128 301
129 130
129 133
129 134
129 156
129 162
129 180
129 203
129 205
129 224
129 271
129 276
129 287
130 131
130 133
130 142
130 156
130 168
130 206
130 213
130 215
130 216
130 220
130 231
130 239
130 249
130 252
130 267
130 304
130 305
131 133
131 144
131 152
131 180
131 187
131 189
131 201
131 206
131 215
131 229
131 239
131 248
131 249
131 278
131 279
131 286
131 287
131 288
131 311
132 133
132 152
132 232
133 148
133 157
133 175
133 188
133 198
133 201
133 286
134 158
134 169
134 171
134 200
134 234
134 252
134 259
134 315
135 167
135 185
135 211
135 233
135 259
135 274
135 284
135 287
135 288
135 296
135 305
136 142
136 162
136 172
136 173
136 200
136 241
136 285
136 286
137 179
137 224
138 159
138 230
138 293
139 254
140 160
140 161
140 202
140 215
140 229
140 285
142 178
142 206
142 223
143 168
143 247
143 250
144 180
144 220
145 146
145 148
145 155
145 173
145 218
145 304
146 204
146 288
147 299
148 166
148 218
148 264
148 303
148 308
149 164
149 181
149 258
149 279
149 299
150 176
151 269
152 156
152 216
152 230
152 255
152 267
153 314
154 172
154 244
155 224
156 179
156 187
156 191
156 199
156 200
156 217
156 220
156 226
156 231
156 278
156 286
157 167
157 220
157 247
157 266
157 288
158 172
158 180
158 204
158 292
160 276
162 217
162 233
162 245
162 305
163 197
163 232
163 284
164 212
166 258
167 171
167 178
167 241
167 252
167 266
167 287
169 282
169 305
172 240
172 254
172 260
172 263
173 229
173 258
173 285
173 302
174 224
174 264
176 210
176 281
177 213
177 280
177 287
178 233
178 244
179 180
179 223
179 288
179 302
180 185
180 216
180 269
180 301
180 303
181 310
183 277
184 193
184 209
184 220
185 223
186 249
188 205
188 313
189 223
189 287
189 300
190 269
191 198
191 239
191 303
192 218
193 202
193 207
193 217
193 263
193 266
193 291
193 293
193 302
194 247
194 252
194 266
195 204
195 238
196 232
196 298
197 239
197 276
197 286
197 303
198 313
200 215
200 231
200 271
200 290
200 302
200 307
202 269
202 287
203 249
204 266
205 242
205 294
205 300
206 230
206 307
208 231
208 240
208 257
208 271
208 313
210 215
210 220
211 267
213 223
214 255
215 240
216 223
216 240
217 240
217 285
217 294
218 313
219 259
219 302
220 236
220 307
222 252
222 284
222 293
223 237
224 238
224 255
224 303
226 247
229 290
230 235
231 233
231 238
231 251
231 296
232 246
232 266
233 234
233 264
235 289
236 287
237 291
239 303
240 277
241 272
243 250
245 246
245 298
247 287
249 255
249 299
258 285
260 283
261 276
262 288
267 304
268 274
268 287
269 288
272 301
273 278
274 293
275 285
277 294
278 283
278 311
279 291
281 286
281 298
281 309
285 296
287 289
288 313
293 296
297 302
310 312
