0 10
0 130
0 173
0 275
0 286
1 11
1 16
1 155
1 216
1 234
1 287
2 12
2 33
2 55
2 85
2 131
2 134
2 161
2 162
2 180
2 217
2 288
2 298
2 315
3 130
3 134
3 293
4 12
4 31
4 80
4 114
4 139
4 268
5 45
5 70
5 134
5 182
5 285
5 313
6 43
6 45
6 56
6 124
6 167
6 200
7 36
7 64
7 67
7 73
7 129
7 135
7 145
7 188
7 239
7 272
7 286
7 294
8 14
8 17
8 28
8 34
8 59
8 74
8 78
8 88
8 121
8 133
8 135
8 156
8 174
8 181
8 210
8 260
8 286
8 307
9 14
9 59
9 193
9 218
9 239
9 280
10 152
10 183
10 269
10 279
11 59
11 61
11 124
11 130
11 135
11 164
11 219
11 285
12 14
12 22
12 31
12 38
12 62
12 126
12 133
12 135
12 148
12 206
12 218
12 241
12 245
12 309
13 28
13 59
13 130
13 133
13 204
13 232
13 260
13 296
14 28
14 38
14 64
14 74
14 94
14 103
14 108
14 133
14 247
14 288
15 63
15 140
15 149
15 167
15 210
15 242
15 277
15 288
16 46
16 74
16 76
16 83
16 98
16 129
16 155
16 166
16 176
16 188
16 192
16 217
16 239
16 245
16 259
16 264
16 308
16 313
17 25
17 103
17 149
17 238
17 287
18 31
18 34
18 64
18 133
18 179
19 156
20 36
20 67
20 129
20 157
20 210
20 250
20 260
20 287
21 75
21 79
21 130
22 161
22 252
22 278
23 206
24 78
24 133
24 171
24 176
25 26
25 31
25 45
25 46
25 49
25 51
25 84
25 103
25 112
25 127
25 134
25 239
25 269
25 279
25 297
26 87
26 105
26 130
26 190
27 59
27 98
27 102
27 118
27 219
28 129
28 130
28 157
28 206
28 259
28 271
29 39
29 44
29 69
30 201
30 247
31 33
31 34
31 48
31 51
31 54
31 55
31 83
31 96
31 156
31 164
31 220
31 242
31 252
31 254
31 299
32 44
32 51
32 74
32 109
32 122
32 129
32 133
32 135
32 171
32 177
32 217
32 229
32 247
33 49
33 62
33 67
33 70
33 87
33 108
33 126
33 156
33 299
33 301
33 302
33 313
34 37
34 63
34 195
34 249
34 286
35 71
35 103
35 135
35 145
35 219
35 288
36 49
36 75
36 136
36 249
36 252
37 59
37 60
37 64
37 135
37 136
38 39
38 49
38 57
38 75
38 89
38 134
38 214
38 256
39 158
39 190
39 281
40 105
40 135
41 106
41 192
42 105
42 110
42 220
42 276
42 309
43 58
43 67
43 110
43 129
43 177
44 52
44 66
44 92
44 156
44 187
44 286
45 67
45 72
45 76
45 77
45 129
45 134
45 135
45 154
45 217
45 298
45 302
46 50
46 59
46 67
46 77
46 122
46 135
46 190
46 249
47 121
47 129
47 143
47 157
47 159
47 172
47 272
47 278
47 287
48 73
48 145
48 217
48 278
48 291
49 96
49 185
49 198
49 212
49 233
49 288
49 310
50 85
50 130
50 140
50 195
50 283
50 284
51 62
51 68
51 85
51 97
51 129
51 166
51 193
51 216
51 230
51 284
51 309
52 156
52 162
52 286
53 308
54 192
54 218
55 60
55 85
55 132
55 242
56 78
56 163
56 223
56 227
56 230
56 245
56 249
56 287
57 208
58 135
58 156
58 303
59 102
59 118
59 129
59 130
59 131
59 138
59 156
59 158
59 164
59 193
59 201
59 220
59 233
59 252
59 274
59 310
60 75
60 91
60 124
60 133
60 135
60 215
60 227
60 239
60 288
61 181
61 200
61 301
61 304
62 114
62 133
62 143
62 198
62 286
63 145
63 215
63 272
63 299
64 89
64 101
64 108
64 131
64 133
64 143
64 288
65 118
65 127
65 157
65 162
65 197
66 165
66 211
66 276
67 75
67 98
67 133
67 145
67 195
67 249
67 276
67 283
68 92
68 99
68 129
68 148
68 157
68 174
68 255
68 288
68 293
69 102
69 134
69 136
69 215
69 220
69 230
70 134
70 200
70 216
70 237
71 211
72 74
72 104
72 220
73 136
73 210
74 75
74 80
74 109
74 133
74 149
74 167
74 181
75 132
75 203
75 205
75 232
75 264
75 266
75 269
75 284
75 304
76 131
76 230
76 257
76 286
76 304
77 129
77 134
77 207
77 241
77 315
78 149
78 157
78 207
78 259
78 260
78 274
78 275
78 276
78 310
79 105
79 135
79 174
79 175
79 204
79 287
80 139
80 154
80 172
80 178
80 243
81 87
81 106
81 200
82 164
83 190
83 197
83 206
84 137
84 179
85 149
85 215
85 283
86 119
86 135
86 180
86 290
87 110
87 131
87 156
87 167
87 302
88 180
89 134
89 206
89 264
89 288
90 149
90 248
90 270
90 288
91 102
91 153
91 168
91 174
91 177
92 96
92 120
92 123
92 131
92 133
92 140
92 151
92 157
92 167
92 179
92 180
92 188
92 244
92 264
93 132
93 177
93 215
93 241
93 280
94 104
94 139
94 156
94 157
94 249
94 269
94 287
95 129
95 130
95 131
95 140
95 142
95 288
96 124
96 131
96 138
96 140
96 192
96 266
97 112
97 156
97 193
97 197
97 227
98 130
98 132
98 134
98 145
98 290
98 309
99 176
100 222
100 276
101 103
101 141
101 181
101 195
101 264
101 269
102 118
102 121
102 133
102 150
102 164
102 168
102 200
102 258
102 284
102 287
103 111
103 131
103 147
103 241
103 267
103 279
103 287
104 110
104 117
104 118
104 120
104 140
104 204
104 249
104 281
104 298
105 124
105 134
106 129
106 130
106 274
107 114
107 129
107 298
108 166
108 172
109 130
109 160
109 171
109 191
109 252
110 126
110 136
110 140
110 149
110 167
110 222
110 245
110 276
110 282
110 292
111 157
111 204
112 134
112 194
112 206
112 260
113 254
113 314
114 269
115 155
115 156
115 275
116 166
117 130
117 136
117 143
117 152
117 180
117 182
117 200
117 205
117 214
117 241
118 123
118 128
118 147
118 219
118 233
118 248
118 259
119 145
119 157
119 200
120 156
120 188
120 285
121 131
121 143
122 135
122 136
122 179
122 206
122 209
122 308
123 130
123 133
123 160
123 242
123 296
124 133
124 159
124 193
124 229
124 232
125 281
126 178
127 136
127 174
127 177
127 284
128 148
128 220
129 130
129 131
129 133
129 193
129 200
129 205
129 220
129 239
129 241
129 244
129 274
129 284
129 287
129 302
129 310
130 161
130 173
130 177
130 185
130 187
130 193
130 200
130 206
130 232
130 273
130 278
130 285
130 286
130 287
130 289
130 296
130 303
130 305
130 306
131 135
131 174
131 191
131 217
131 222
131 237
131 238
131 254
131 255
131 258
131 274
131 283
131 285
131 287
131 305
132 133
132 167
132 173
132 230
132 287
133 135
133 136
133 146
133 148
133 153
133 160
133 163
133 170
133 177
133 179
133 188
133 197
133 215
133 217
133 239
133 266
133 281
133 288
133 314
134 135
134 140
134 169
134 188
134 197
134 211
134 218
134 231
134 236
134 247
134 275
134 287
135 154
135 160
135 180
135 181
135 189
135 239
135 281
135 282
135 283
136 154
136 188
136 191
136 210
136 213
136 216
136 253
136 254
136 263
136 276
136 286
136 287
136 298
137 146
137 157
137 204
137 231
137 235
137 261
140 167
140 248
140 265
140 285
141 188
141 231
141 239
142 181
142 220
142 264
142 292
143 200
143 216
143 239
144 153
144 208
144 258
144 312
145 184
145 279
145 295
146 147
146 305
147 180
147 226
147 270
147 272
147 299
148 176
148 193
148 201
149 180
149 200
149 227
149 238
149 239
149 298
150 157
150 215
150 216
150 287
152 155
153 178
154 215
154 244
154 279
154 287
154 313
155 159
156 157
156 167
156 171
156 175
156 189
156 217
156 220
156 233
156 239
156 240
156 242
156 245
156 314
157 193
157 203
157 207
157 252
157 307
157 313
158 197
158 205
158 287
158 293
159 284
160 193
160 286
160 300
161 241
161 267
161 277
161 287
162 249
162 269
162 274
162 279
162 292
162 303
163 233
163 235
163 279
164 193
165 292
166 200
166 272
167 173
167 191
167 215
167 295
167 301
168 256
168 295
169 201
170 275
171 254
171 298
172 287
173 241
175 290
176 278
177 239
178 291
179 283
179 284
180 232
180 247
180 269
180 287
180 298
181 223
181 239
182 273
182 283
183 220
183 298
184 193
184 203
184 221
184 249
185 227
185 288
186 249
187 271
187 287
188 192
188 263
189 212
191 193
192 199
193 213
193 220
193 240
193 249
193 258
195 295
196 205
196 304
200 258
200 269
201 210
204 258
204 315
205 224
205 234
205 248
206 232
206 255
206 266
207 211
207 311
210 217
210 223
210 236
210 275
211 284
211 292
212 291
212 295
213 271
213 315
215 284
215 301
216 287
218 266
218 287
219 274
219 288
220 268
220 278
221 288
222 242
223 301
224 249
224 269
224 288
225 288
225 315
226 267
228 273
229 231
230 304
231 234
231 244
231 287
232 242
232 288
234 269
235 239
235 311
236 241
238 255
239 310
240 259
240 291
242 288
244 294
244 305
246 251
247 262
248 252
248 289
248 299
249 284
250 264
251 301
252 310
255 304
256 273
257 272
268 291
271 284
272 296
276 311
278 292
278 303
283 303
286 309
287 292
287 297
287 305
288 309
297 304
