0 133
0 212
0 224
0 291
1 8
1 67
1 148
1 156
1 208
2 8
2 16
2 49
2 50
2 60
2 76
2 81
2 88
2 102
2 106
2 110
2 124
2 129
2 138
2 168
2 183
2 191
2 201
2 206
2 220
2 223
2 224
2 273
2 277
2 288
2 290
3 111
3 211
3 246
4 8
4 33
4 56
4 95
4 116
4 124
4 155
4 166
4 181
4 190
4 225
4 261
5 51
5 57
5 85
5 108
5 219
5 221
5 226
6 15
6 124
6 134
6 157
6 195
6 211
7 14
7 30
7 79
7 111
7 161
7 173
7 203
7 221
7 234
7 261
8 16
8 25
8 41
8 46
8 51
8 59
8 76
8 112
8 131
8 136
8 160
8 232
8 241
8 247
8 295
8 298
9 50
9 69
9 129
9 130
9 218
9 232
9 303
10 102
10 160
10 167
10 193
11 134
11 149
11 174
11 206
11 215
11 251
11 286
12 60
12 72
12 92
12 99
12 122
12 136
12 179
12 194
12 241
12 311
13 34
13 88
13 94
13 103
13 167
13 236
13 295
14 51
14 130
14 135
14 180
14 204
14 275
15 31
15 94
15 139
15 239
16 51
16 67
16 88
16 89
16 97
16 120
16 134
16 141
16 148
16 151
16 157
16 233
16 288
16 292
16 296
16 301
17 148
17 159
17 303
18 61
18 103
18 104
18 115
18 130
18 153
18 167
18 168
18 200
18 206
18 283
18 293
19 31
19 64
19 192
19 275
20 95
20 145
20 178
20 201
20 215
20 270
21 156
21 218
21 271
22 59
22 62
22 210
22 235
23 44
23 131
23 283
24 44
24 73
24 101
24 129
24 148
24 192
24 225
25 76
25 129
25 137
25 179
25 184
25 310
27 32
27 33
27 58
27 114
27 242
27 267
28 49
28 56
28 105
28 111
28 180
28 185
28 198
28 220
28 279
29 34
29 38
29 41
29 124
29 165
29 200
29 274
30 42
30 46
30 160
30 172
30 201
31 33
31 39
31 61
31 74
31 110
31 113
31 134
31 135
31 143
31 200
31 239
31 308
32 59
32 61
32 71
32 74
32 77
32 103
32 137
32 188
32 204
32 205
32 206
32 218
32 260
32 277
32 285
32 287
32 288
32 313
33 50
33 60
33 67
33 87
33 114
33 118
33 133
33 135
33 152
33 164
33 200
33 210
33 215
33 244
33 298
33 299
34 65
34 81
34 103
34 133
34 140
34 147
34 249
34 287
34 288
35 54
35 68
35 85
35 168
35 189
35 220
35 233
36 65
36 68
36 77
36 100
36 119
36 121
36 161
36 167
36 272
37 166
37 223
37 269
38 90
38 129
38 146
38 160
38 188
39 78
39 131
39 141
39 200
39 239
39 271
39 287
39 292
40 58
40 61
40 129
40 130
40 152
40 259
40 291
40 293
40 305
41 54
41 59
41 92
41 104
41 219
42 46
42 78
42 113
42 124
42 134
42 137
42 253
42 288
43 103
43 130
43 135
43 244
43 287
43 292
44 180
45 50
45 109
45 134
45 135
45 144
45 171
45 208
45 219
45 233
45 243
45 249
45 258
45 260
46 87
46 98
46 121
46 135
46 149
46 158
46 202
46 209
46 217
46 218
46 238
46 275
46 283
47 50
47 59
47 62
47 131
47 140
47 162
47 193
47 200
47 220
47 267
47 278
48 54
48 69
48 160
48 249
48 272
48 289
48 291
49 59
49 60
49 133
49 261
49 269
49 296
50 57
50 75
50 134
50 200
50 205
50 209
50 210
50 224
50 245
50 267
50 288
51 68
51 88
51 98
51 167
51 215
51 249
52 90
52 200
52 239
52 269
53 131
54 69
54 71
54 78
54 107
54 129
54 216
55 103
55 122
55 148
55 149
55 155
55 200
55 216
55 227
55 230
56 59
56 118
56 134
56 181
56 233
56 278
56 303
57 124
59 97
59 99
59 102
59 117
59 131
59 136
59 156
59 181
59 224
59 239
59 243
60 74
60 77
60 99
60 135
60 159
60 160
60 195
60 214
60 224
60 244
61 75
61 122
61 165
61 229
61 278
62 125
62 139
62 274
63 179
64 70
64 104
64 133
64 171
64 243
64 287
65 164
66 94
66 232
67 157
67 180
67 238
67 239
67 299
68 72
68 129
68 133
68 135
68 160
68 180
68 191
68 269
68 303
69 149
69 153
69 294
70 74
70 136
70 156
70 157
71 74
71 98
71 102
71 124
72 102
72 124
72 281
72 308
73 89
73 135
73 157
73 167
73 217
73 239
73 298
74 103
74 160
74 180
74 247
74 285
74 297
75 103
75 138
75 193
75 273
75 285
76 106
76 111
76 239
76 241
76 298
77 136
77 149
77 218
77 240
77 244
78 118
78 130
78 152
78 159
78 193
78 197
78 314
79 156
79 187
80 121
80 165
80 182
80 232
81 83
81 95
81 107
81 118
81 130
81 194
81 196
81 274
81 287
82 129
82 151
83 110
83 129
83 178
83 192
83 243
83 278
84 167
84 247
85 123
85 136
85 153
85 196
85 276
85 298
86 108
86 116
86 129
86 134
86 136
86 245
87 88
87 118
87 129
87 268
88 114
88 119
88 133
88 137
88 223
89 103
89 180
89 233
89 249
89 279
89 288
89 314
90 129
90 161
91 202
91 214
91 252
92 102
92 108
92 117
92 147
92 172
92 181
93 130
94 190
94 204
94 235
94 266
94 287
95 108
95 110
95 132
95 206
96 133
96 157
96 196
96 249
96 287
97 98
97 109
97 117
97 148
97 160
97 168
97 200
97 228
98 131
98 156
98 180
98 227
98 264
98 294
99 126
99 148
99 156
99 159
99 160
99 163
99 165
99 218
99 261
99 294
101 129
101 131
101 167
101 172
101 299
102 111
102 121
102 231
102 239
102 280
102 281
103 107
103 112
103 114
103 120
103 129
103 139
103 142
103 157
103 191
103 200
103 211
103 239
103 245
103 263
104 115
104 152
104 158
104 176
104 179
104 219
104 220
104 257
105 132
105 133
105 143
105 159
105 160
105 161
105 170
105 250
105 288
106 232
106 233
106 243
107 110
107 131
107 220
107 234
107 278
107 287
107 307
107 309
108 174
108 242
109 129
109 133
109 153
109 163
110 122
110 135
111 129
111 223
112 134
112 194
112 206
113 130
113 135
113 156
114 130
114 134
114 204
114 205
114 206
114 267
115 303
115 309
116 127
116 140
116 152
116 269
116 279
117 174
117 184
117 197
117 220
117 246
118 142
118 145
118 188
118 192
118 207
118 263
118 265
118 315
119 171
119 230
119 259
119 263
120 160
120 298
121 124
121 164
121 287
122 133
122 167
122 179
122 218
122 220
123 131
123 181
123 245
123 253
123 287
124 127
124 156
124 239
124 303
125 179
125 252
126 230
126 296
128 142
128 239
128 277
128 305
129 130
129 135
129 137
129 163
129 172
129 177
129 191
129 193
129 220
129 223
129 243
129 245
129 250
129 273
129 287
129 301
130 134
130 135
130 148
130 158
130 160
130 191
130 200
130 205
130 220
130 223
130 240
130 263
130 268
130 269
130 278
130 286
130 287
130 315
131 135
131 156
131 157
131 160
131 188
131 199
131 205
131 206
131 272
131 275
131 287
131 314
132 160
132 287
133 140
133 156
133 157
133 162
133 175
133 208
133 219
133 237
133 253
133 264
133 266
133 275
133 279
133 285
134 136
134 156
134 157
134 178
134 188
134 193
134 195
134 198
134 202
134 210
134 212
134 217
134 224
134 243
134 247
134 273
134 277
134 288
135 137
135 154
135 159
135 167
135 173
135 175
135 200
135 206
135 221
135 232
135 249
135 261
135 277
135 287
135 289
135 291
136 138
136 161
136 166
136 184
136 201
136 223
136 224
136 241
136 250
136 265
136 279
136 286
136 287
137 252
137 283
138 172
138 240
140 172
140 184
140 202
140 291
142 200
142 293
142 304
143 258
144 220
145 160
145 173
145 205
145 216
145 237
145 298
146 286
147 308
148 157
148 167
148 196
148 205
148 244
148 248
148 263
148 275
148 286
149 187
149 242
149 261
149 272
149 298
150 308
152 182
152 188
152 286
153 180
153 197
153 216
154 167
154 191
154 241
154 249
154 298
155 178
156 162
156 168
156 179
156 180
156 213
156 218
156 242
158 269
158 304
159 230
159 241
160 191
160 220
160 242
160 249
160 264
160 298
161 239
162 197
162 238
162 242
162 274
163 278
164 185
164 220
164 235
164 239
164 242
164 269
164 298
165 286
166 285
167 188
167 206
167 213
167 232
167 285
169 231
170 171
171 249
172 212
172 249
172 283
172 284
173 201
173 206
174 217
174 225
175 186
175 270
175 287
176 220
177 184
177 210
178 228
178 291
179 288
180 191
180 194
180 204
180 218
180 220
180 240
180 252
180 276
180 285
180 305
182 287
184 207
185 188
185 276
185 292
186 192
188 197
188 208
188 241
188 285
188 287
190 232
191 220
191 288
192 220
192 229
193 215
193 255
193 264
193 287
193 289
193 304
193 305
193 307
195 241
195 309
196 252
197 252
197 301
199 307
200 213
200 248
200 286
201 203
202 220
202 291
202 296
204 210
204 272
204 306
205 208
205 232
205 288
206 294
208 256
210 230
210 253
210 279
211 249
211 303
213 270
213 272
213 297
214 231
214 255
214 271
216 249
216 258
216 284
219 242
219 276
220 265
222 286
224 241
227 313
229 238
230 244
230 258
232 315
235 243
236 238
237 243
237 285
239 274
239 297
242 249
242 298
245 285
247 269
249 258
249 269
249 277
249 287
249 298
252 308
255 305
256 293
258 286
258 298
260 275
261 266
262 303
265 279
265 288
266 268
268 298
268 302
268 308
269 271
272 286
273 278
273 287
285 289
286 289
286 303
288 292
288 293
291 307
292 309
304 309
305 306
309 312
