0 145
0 149
0 284
1 5
1 24
1 148
1 156
1 229
1 288
2 12
2 14
2 25
2 43
2 54
2 65
2 102
2 134
2 149
2 157
2 180
2 192
2 205
2 220
2 243
2 268
2 283
3 18
3 96
3 102
4 8
4 20
4 33
4 151
4 153
5 44
5 59
5 122
5 135
5 145
5 200
5 201
5 205
5 229
5 267
6 21
6 68
6 130
6 245
7 13
7 15
7 46
7 55
7 74
7 99
7 118
7 120
7 121
7 130
7 133
7 156
7 164
7 186
7 219
7 245
7 257
7 305
8 31
8 33
8 67
8 69
8 96
8 107
8 127
8 131
8 136
8 162
8 173
8 181
8 213
8 272
9 33
9 117
9 129
9 135
9 212
9 303
10 13
10 15
11 40
11 45
11 50
11 64
11 142
11 157
11 214
11 264
11 281
12 45
12 72
12 74
12 80
12 109
12 148
12 174
12 205
12 276
12 296
13 33
13 212
13 237
14 32
14 50
14 57
14 95
14 120
14 130
14 137
14 162
14 210
14 232
14 287
14 305
15 45
15 129
15 131
15 220
15 225
15 250
16 21
16 32
16 33
16 36
16 59
16 129
16 130
16 133
16 156
16 173
16 175
16 223
16 260
16 267
17 135
17 217
17 239
17 286
18 21
18 40
18 41
18 48
18 87
18 103
18 133
18 136
18 146
18 165
18 188
18 242
18 287
18 305
19 62
19 172
19 227
20 110
20 133
20 197
20 201
21 28
21 39
21 56
21 130
21 193
21 210
21 312
22 28
22 146
22 174
23 111
23 115
23 118
23 213
23 283
23 292
24 45
24 59
24 80
24 130
24 136
24 216
24 218
24 220
24 226
24 239
25 32
25 46
25 83
25 102
25 105
25 136
25 162
25 206
26 66
26 113
26 114
26 135
26 218
27 161
27 247
27 279
28 33
28 62
28 65
28 66
28 109
28 130
28 139
28 149
28 269
28 285
28 290
29 144
29 160
29 176
30 42
30 59
30 67
30 101
30 125
30 128
31 43
31 45
31 46
31 48
31 90
31 94
31 98
31 104
31 129
31 131
31 136
31 156
31 197
31 234
31 239
31 281
31 287
31 301
32 46
32 94
32 104
32 110
32 117
32 157
32 218
32 242
32 252
32 285
33 68
33 74
33 89
33 197
33 222
33 249
33 265
33 280
34 37
34 48
34 50
34 60
34 68
34 80
34 135
34 161
34 193
34 270
34 274
35 50
35 67
35 103
35 118
35 130
35 184
35 279
35 294
36 49
36 51
36 67
36 130
36 133
36 136
36 172
36 237
36 249
36 255
37 72
37 92
37 178
37 283
37 293
38 68
38 249
39 64
39 121
39 129
39 167
39 196
39 249
39 282
40 53
40 87
40 106
40 141
40 167
40 252
40 264
41 134
41 224
41 284
41 287
41 304
42 48
42 56
42 57
42 58
42 119
42 172
42 174
42 179
43 99
43 142
43 174
43 216
43 218
44 56
44 90
44 224
45 46
45 50
45 188
45 236
45 247
46 65
46 129
46 131
46 134
46 136
46 156
46 160
46 163
46 200
46 206
46 279
47 134
47 136
47 164
47 167
47 206
47 251
47 254
47 294
48 67
48 128
48 153
48 242
49 89
49 104
49 131
49 162
49 205
49 276
50 106
50 135
50 212
50 236
50 272
50 291
50 292
51 68
51 99
51 129
51 168
51 262
51 279
51 286
51 287
52 107
52 258
53 180
53 242
54 96
54 124
54 128
54 131
54 160
54 181
54 273
54 278
55 148
55 252
55 284
56 130
56 133
56 135
56 147
56 227
56 239
58 180
59 78
59 80
59 93
59 102
59 130
59 141
59 144
59 188
59 212
59 216
59 244
59 275
59 286
59 308
60 90
60 220
60 288
61 130
61 215
61 223
61 287
61 302
62 68
62 136
62 206
62 298
63 74
63 79
63 167
63 179
63 271
63 275
64 104
64 110
64 134
64 145
64 148
64 161
64 179
64 212
64 285
64 298
64 305
65 68
66 200
66 243
66 249
66 291
66 313
67 131
67 134
67 135
67 145
67 181
67 220
67 228
67 238
67 257
67 296
68 69
68 76
68 115
68 130
68 131
68 156
69 138
69 145
69 201
69 233
70 108
70 150
70 313
72 136
72 291
73 124
73 134
73 156
73 167
73 200
74 88
74 104
74 106
74 121
74 124
74 130
74 132
74 145
74 156
74 157
74 214
74 269
75 164
75 217
75 239
76 77
76 136
76 217
76 303
77 86
77 92
77 167
77 179
77 193
77 249
78 296
78 303
79 86
79 118
79 242
79 263
80 108
80 130
80 139
80 156
80 200
80 315
81 134
81 159
81 191
81 299
82 116
82 135
82 241
83 98
83 109
83 131
83 135
83 149
84 156
84 229
84 231
86 128
86 157
86 169
86 288
86 298
87 98
87 108
87 124
87 140
87 157
87 171
87 238
87 239
87 243
88 132
88 151
88 287
89 133
89 134
89 135
89 143
89 287
90 249
92 94
92 102
92 115
92 131
92 133
92 231
92 265
93 175
93 191
93 221
94 95
94 124
94 133
94 205
94 219
94 315
95 97
95 153
95 197
95 219
95 288
96 108
96 122
96 129
96 164
96 171
96 208
96 224
96 230
96 233
97 136
97 174
97 212
97 218
97 264
98 124
98 131
98 164
98 179
98 188
98 271
98 285
99 131
99 180
100 142
100 174
100 180
100 217
101 135
101 160
101 188
101 210
101 271
101 311
102 118
102 121
102 136
102 178
102 200
102 229
102 252
102 305
103 128
103 130
103 131
103 134
103 160
103 249
103 273
103 278
103 285
103 296
103 305
104 106
104 135
104 159
104 167
104 188
104 215
104 235
104 265
104 298
104 309
105 124
105 138
105 220
106 133
106 188
106 297
107 111
107 133
107 146
107 188
108 174
108 177
108 205
108 229
108 249
109 134
109 144
109 205
109 279
110 118
110 129
110 134
110 136
110 156
110 167
110 171
110 205
110 206
110 210
110 244
110 305
111 234
112 242
112 287
113 156
113 197
114 117
114 146
114 160
114 168
114 284
114 297
115 127
115 131
115 142
115 214
116 259
117 118
117 134
117 263
117 277
117 282
117 287
118 129
118 134
118 135
118 152
118 160
118 161
118 175
118 207
118 215
118 220
118 252
118 272
119 231
120 130
121 130
121 135
122 129
122 130
122 184
122 217
122 224
122 233
122 272
123 287
124 127
124 129
124 134
124 138
124 145
124 151
124 156
124 174
124 181
124 185
124 205
124 210
124 240
124 242
124 281
124 311
125 233
126 129
127 130
127 135
127 236
128 188
128 230
129 130
129 131
129 133
129 145
129 147
129 148
129 160
129 167
129 172
129 181
129 212
129 220
129 242
129 249
129 262
129 283
129 286
129 292
129 307
130 131
130 135
130 136
130 142
130 156
130 159
130 160
130 184
130 191
130 195
130 197
130 200
130 220
130 221
130 231
130 245
130 273
130 275
130 281
130 287
131 133
131 135
131 159
131 167
131 186
131 197
131 198
131 205
131 215
131 219
131 238
131 241
131 248
131 258
131 264
131 277
131 279
131 281
131 302
131 304
132 138
132 143
132 264
132 303
133 155
133 156
133 164
133 177
133 198
133 201
133 211
133 283
133 286
133 287
133 291
133 296
133 303
134 136
134 157
134 160
134 185
134 197
134 200
134 210
134 215
134 232
134 294
135 138
135 151
135 152
135 156
135 164
135 165
135 167
135 200
135 201
135 213
135 217
135 222
135 232
135 272
135 279
135 313
136 159
136 218
136 304
136 305
136 314
137 156
137 165
138 196
139 200
139 272
140 211
140 308
141 232
141 270
142 182
142 228
142 233
142 249
142 287
142 305
143 159
144 192
145 157
145 239
145 264
145 266
145 286
146 180
146 283
147 208
148 167
148 191
148 218
148 268
148 290
149 188
149 221
149 231
149 264
150 305
151 315
152 157
152 193
152 308
153 193
154 180
154 201
156 164
156 169
156 180
156 188
156 192
156 202
156 212
156 230
156 246
156 252
156 269
156 270
156 272
156 288
156 296
156 313
157 200
157 205
157 216
157 230
157 236
157 273
157 287
157 288
158 164
158 243
158 288
159 167
159 272
160 172
160 215
160 217
160 255
160 288
160 298
162 228
164 188
164 222
166 184
166 200
166 214
166 236
167 190
167 213
167 219
167 247
167 288
167 302
169 291
170 210
170 246
171 301
172 184
172 273
172 304
173 214
174 181
174 269
176 201
176 220
176 288
177 197
177 239
178 218
179 187
179 238
179 245
179 291
180 197
180 248
180 273
180 277
181 193
181 283
182 287
183 196
184 208
184 257
185 193
185 287
186 295
187 202
187 225
187 283
188 224
188 242
188 292
190 196
190 227
191 201
193 200
193 210
193 216
193 246
193 247
193 271
193 274
193 301
195 200
195 269
197 285
197 286
197 301
198 237
198 268
199 232
199 286
200 243
200 288
200 306
201 305
205 224
205 249
209 234
209 269
210 233
210 267
210 270
210 271
210 287
210 307
210 313
211 268
211 305
212 231
212 267
212 281
213 283
214 229
214 287
215 220
215 283
215 288
215 298
217 288
218 220
218 243
218 267
218 271
218 274
218 283
219 226
219 232
219 239
220 239
220 249
220 256
220 279
220 311
224 242
224 261
224 305
227 287
228 310
229 260
230 239
231 237
231 242
233 239
233 275
234 283
235 275
236 303
238 287
239 249
241 264
241 275
242 276
244 274
245 258
245 287
246 255
246 286
247 280
247 308
249 292
249 311
250 274
252 275
252 297
257 271
257 304
258 283
258 286
267 288
267 296
267 297
267 298
269 287
272 289
281 303
284 287
286 288
286 303
287 289
287 304
287 305
288 293
288 298
295 313
303 311
