0 48
0 55
0 109
0 174
0 204
0 207
0 252
0 309
1 134
2 22
2 26
2 31
2 32
2 68
2 96
2 97
2 101
2 104
2 147
2 153
2 154
2 160
2 179
2 195
2 232
2 240
2 244
3 44
3 62
3 96
3 134
3 192
4 8
4 25
4 31
4 118
4 131
5 54
5 86
5 129
5 130
5 140
5 224
5 261
5 269
5 293
6 8
6 45
6 46
6 97
6 134
6 242
6 281
7 30
7 39
7 41
7 55
7 87
7 110
7 124
7 129
7 132
7 208
7 240
7 269
7 313
7 314
8 51
8 67
8 86
8 111
8 116
8 133
8 170
8 216
8 218
8 222
8 227
8 232
8 304
9 98
9 146
9 148
9 149
9 185
9 239
10 22
10 27
10 174
10 231
11 133
11 134
12 36
12 43
12 66
12 68
12 75
12 146
12 156
12 200
12 227
12 237
12 249
12 305
13 50
13 151
13 252
14 64
14 77
14 118
14 122
14 160
14 202
14 221
14 249
15 21
15 46
15 56
15 85
15 100
15 130
15 234
16 31
16 33
16 35
16 40
16 66
16 75
16 79
16 83
16 96
16 108
16 117
16 121
16 133
16 151
16 158
16 169
16 173
16 184
16 232
16 233
16 257
16 303
16 305
17 24
17 42
17 102
17 106
17 129
17 164
17 165
17 223
17 261
17 288
17 303
18 32
18 35
18 74
18 106
18 107
18 110
18 233
18 251
18 302
19 77
19 157
19 220
19 239
19 242
20 43
20 113
20 130
20 179
20 205
20 213
20 247
20 249
21 117
21 200
21 292
22 94
22 131
22 196
23 24
23 76
23 129
23 130
23 157
23 179
24 40
24 45
24 59
24 76
24 87
24 134
24 135
24 184
25 72
25 136
25 151
25 174
25 182
25 193
25 298
26 130
26 200
26 208
26 263
27 148
27 156
27 188
27 239
27 286
28 45
28 87
28 135
28 140
28 196
28 225
28 262
29 96
29 126
29 136
29 156
29 256
30 33
30 68
30 77
30 129
30 151
30 210
30 217
30 218
30 234
31 45
31 62
31 82
31 89
31 137
31 163
31 288
32 45
32 83
32 101
32 122
32 130
32 135
32 147
32 154
32 168
32 184
32 222
32 231
32 279
33 63
33 133
33 156
33 193
33 283
33 298
34 46
34 51
34 59
34 112
34 115
34 131
34 145
34 245
34 259
34 263
34 287
35 52
35 145
35 216
35 233
35 249
35 284
35 285
35 290
36 74
36 91
36 140
36 233
36 275
37 133
37 213
38 43
38 74
38 101
38 188
38 304
38 312
39 64
39 134
39 185
39 196
39 212
39 222
39 233
39 265
39 273
40 108
40 127
40 129
40 139
40 239
40 266
41 74
41 92
41 117
41 133
41 140
41 152
41 164
41 206
41 233
41 285
41 295
42 50
42 124
42 217
42 259
42 287
42 296
43 75
43 83
43 108
43 129
43 156
44 130
44 137
44 296
45 52
45 56
45 62
45 80
45 135
45 150
45 188
45 232
45 295
46 57
46 129
46 143
46 164
46 187
46 228
46 287
47 105
47 118
47 140
47 152
47 244
47 275
48 59
48 62
48 129
48 143
48 193
48 272
48 276
48 284
49 129
49 138
49 148
49 167
49 209
49 274
49 298
50 128
50 131
50 138
50 148
50 161
50 164
50 206
50 230
50 265
50 272
50 273
50 274
51 64
51 75
51 169
51 179
51 188
51 200
51 219
51 225
51 239
51 249
51 307
52 75
52 129
52 131
52 148
52 287
53 88
53 106
53 180
53 249
54 129
54 208
54 239
55 138
55 156
55 216
55 287
56 67
56 72
56 105
56 112
56 135
56 136
56 146
56 162
56 185
56 193
56 215
56 274
57 67
57 112
57 135
57 136
57 242
57 271
58 74
58 129
59 70
59 98
59 110
59 130
59 156
59 158
59 166
59 188
59 197
59 200
59 207
59 232
59 239
59 249
59 264
59 284
59 295
59 311
60 92
60 106
60 133
60 148
60 167
60 174
60 179
60 200
60 249
61 64
61 284
62 79
62 92
62 146
62 152
62 230
62 284
62 305
63 209
63 267
63 268
63 289
64 94
64 141
64 159
64 188
64 246
64 295
65 94
65 131
65 176
66 72
66 134
66 180
66 215
67 124
67 146
67 165
67 195
67 226
67 239
67 248
67 309
68 80
68 118
68 149
68 153
68 202
68 282
68 287
68 298
69 133
69 150
69 292
70 144
70 204
70 221
70 258
70 285
70 302
71 307
72 79
72 152
72 287
72 307
73 170
73 197
73 288
73 291
73 307
74 92
74 153
74 249
74 265
74 281
74 287
74 302
75 78
75 105
75 146
75 200
75 220
75 308
76 88
76 101
76 154
76 233
77 113
77 186
77 200
77 255
77 267
78 79
79 130
79 190
79 200
79 230
79 239
80 149
80 179
80 188
80 246
80 263
80 305
81 104
81 135
81 283
82 136
83 117
83 148
83 177
84 109
84 216
85 113
85 133
85 174
85 213
86 154
86 156
87 166
87 173
87 244
87 247
87 288
88 90
88 145
88 215
89 142
89 206
89 216
89 296
90 286
91 110
91 147
91 177
91 246
92 105
92 117
92 126
92 130
92 142
92 159
92 233
92 258
92 287
92 314
94 102
94 110
94 135
94 156
94 211
94 259
94 261
95 130
95 206
95 279
96 108
96 112
96 133
96 168
96 242
96 312
97 100
97 134
97 179
97 180
97 210
97 219
97 314
98 123
98 142
98 184
98 188
98 298
98 305
99 101
99 133
99 163
99 249
100 134
100 315
101 132
101 144
101 156
101 236
101 242
102 121
102 130
102 135
102 157
102 165
102 228
102 231
102 241
103 110
103 111
103 117
103 124
103 130
103 134
103 135
103 160
103 164
103 241
103 257
103 267
103 269
103 300
104 108
104 110
104 125
104 148
104 254
104 275
104 287
105 120
105 206
105 252
105 307
106 261
106 300
107 131
107 181
107 286
108 120
108 133
108 148
108 232
108 286
109 125
109 209
110 135
110 191
110 239
110 249
110 259
110 279
110 286
110 305
111 217
111 224
111 233
112 182
113 200
113 220
113 243
114 134
114 149
114 192
114 287
115 217
115 225
115 266
117 133
117 177
117 194
117 210
117 287
117 305
118 137
118 149
118 150
118 206
118 258
118 268
118 283
120 125
120 160
120 217
120 301
121 129
121 239
122 314
123 130
123 154
123 160
124 134
124 136
124 210
124 240
124 258
124 260
125 180
125 288
126 134
126 135
127 201
127 239
128 129
128 134
128 275
128 281
128 293
129 136
129 142
129 143
129 153
129 157
129 174
129 179
129 181
129 185
129 197
129 208
129 209
129 223
129 224
129 232
129 236
129 240
129 244
129 247
129 249
129 265
129 288
129 297
129 304
129 305
129 311
130 149
130 173
130 174
130 179
130 230
130 244
130 252
130 256
130 264
131 135
131 144
131 145
131 149
131 206
131 264
131 268
131 283
131 297
131 299
131 301
131 304
132 160
132 211
132 241
133 145
133 146
133 155
133 158
133 167
133 215
133 278
133 289
134 135
134 182
134 193
134 252
134 267
134 284
134 287
134 290
134 311
135 143
135 192
135 202
135 211
135 214
135 215
135 219
135 231
135 242
135 246
135 307
135 308
135 309
135 310
136 200
136 208
136 233
136 283
137 156
137 165
137 211
138 245
138 249
139 149
139 180
139 258
140 148
140 211
140 221
140 242
140 291
142 156
142 157
142 180
142 286
143 226
143 229
143 282
143 287
144 209
144 229
145 149
145 201
145 240
145 241
145 242
145 267
146 280
147 180
148 156
148 187
148 217
148 218
148 224
148 267
148 268
148 272
148 284
148 303
149 224
149 299
149 304
150 249
150 278
151 266
152 295
152 311
153 220
154 157
154 279
155 172
155 188
155 271
156 174
156 178
156 220
156 231
156 247
156 263
156 279
156 286
156 287
156 302
157 168
157 172
157 173
157 188
157 189
157 196
157 274
157 275
157 309
158 179
158 200
159 244
160 161
160 276
161 261
161 262
162 208
162 239
164 222
164 233
164 272
164 314
165 166
165 211
166 215
166 217
166 245
167 193
167 219
167 250
168 211
171 178
172 240
172 257
172 285
173 180
173 193
173 227
174 200
176 193
177 195
177 298
178 181
178 251
178 258
179 180
179 229
179 235
179 249
179 288
179 311
180 191
180 232
180 245
180 255
180 259
180 309
181 268
181 272
181 280
182 241
184 206
184 235
184 287
185 236
185 294
185 301
188 210
188 276
188 278
188 289
191 192
191 210
191 269
191 276
191 298
193 249
193 283
193 295
193 308
195 199
195 201
195 245
195 273
195 296
196 224
196 303
199 301
200 209
200 215
200 220
200 232
200 265
201 205
201 213
202 219
204 275
205 214
205 249
205 297
206 210
206 213
206 242
206 283
207 244
208 224
208 251
209 212
209 224
209 242
209 311
210 229
210 309
211 213
211 218
211 233
212 219
214 219
216 238
216 270
217 249
218 247
218 296
219 239
219 288
219 308
220 224
220 247
220 258
220 271
220 279
220 308
223 239
223 275
226 287
227 309
228 242
233 279
234 278
236 253
238 249
238 288
238 297
238 298
239 280
239 287
239 288
242 284
242 307
242 309
244 309
246 296
247 276
252 296
253 301
255 288
258 279
260 278
261 305
266 274
267 276
269 290
270 275
272 285
272 287
275 282
276 288
277 292
283 301
284 304
285 296
286 303
286 308
288 301
291 305
292 299
292 301
297 305
299 310
301 313
