0 102
0 287
0 288
1 90
1 134
1 147
1 199
1 286
1 287
2 7
2 31
2 47
2 85
2 102
2 130
2 137
2 189
2 198
2 200
2 206
2 215
2 246
2 252
2 275
2 277
2 305
2 307
3 5
3 16
3 156
3 167
3 224
4 133
4 157
4 233
4 242
4 283
5 7
5 135
5 211
5 246
5 249
6 96
6 135
6 136
6 138
6 156
6 184
6 210
6 218
6 307
7 13
7 49
7 54
7 98
7 120
7 124
7 129
7 158
7 202
7 243
7 276
7 295
7 305
7 309
8 10
8 14
8 20
8 34
8 40
8 101
8 102
8 103
8 109
8 129
8 149
8 150
8 151
8 158
8 161
8 166
8 173
8 187
8 206
8 213
8 233
8 242
8 245
8 263
9 53
9 58
9 60
9 146
9 273
9 291
10 13
10 94
11 73
11 83
11 92
11 106
11 157
11 160
11 239
11 245
12 19
12 45
12 110
12 130
12 148
12 180
12 187
12 193
12 200
13 83
13 150
13 159
13 191
14 26
14 65
14 68
14 173
14 213
14 214
14 252
15 32
15 124
15 127
15 128
15 180
15 215
15 309
15 312
16 27
16 42
16 43
16 44
16 48
16 51
16 63
16 79
16 88
16 90
16 92
16 97
16 130
16 174
16 175
16 184
16 193
16 214
16 215
16 232
16 237
16 262
16 266
16 287
16 304
17 62
17 106
17 203
18 37
18 50
18 122
18 130
18 154
18 160
18 168
18 192
18 241
18 282
19 42
19 67
19 106
20 51
20 64
20 109
20 123
20 133
20 174
20 181
20 218
20 219
21 109
21 118
21 122
21 174
21 197
21 220
21 224
21 249
22 42
22 89
23 35
23 298
24 57
24 103
24 131
24 157
24 224
24 274
25 36
25 45
25 106
25 129
25 136
25 180
25 220
25 310
26 108
26 114
26 147
26 162
27 32
27 39
27 105
27 151
27 189
28 176
28 193
28 214
28 215
29 31
29 142
29 152
29 208
29 225
29 292
29 303
30 75
30 133
30 209
30 283
30 313
31 36
31 45
31 118
31 119
31 123
31 149
31 157
31 161
31 209
31 214
31 230
31 250
31 273
31 276
31 283
31 315
32 74
32 96
32 110
32 129
32 130
32 163
32 169
32 188
32 190
32 210
32 220
32 288
33 44
33 55
33 115
33 129
33 131
33 134
33 135
33 137
33 148
33 153
33 164
33 169
33 198
33 224
33 268
33 283
33 287
33 288
34 38
34 180
34 200
34 243
34 247
34 272
34 286
35 59
35 60
35 177
35 201
35 226
36 154
36 205
36 287
37 48
37 85
37 228
37 243
37 288
37 295
37 302
38 93
38 129
38 136
38 140
38 152
38 186
38 278
39 48
39 92
39 130
39 140
39 159
39 174
39 290
40 68
40 122
40 130
40 154
40 160
40 224
40 232
40 233
41 63
41 65
41 120
41 178
41 239
41 301
42 45
42 67
42 98
42 130
42 251
43 47
43 81
43 131
43 156
43 220
43 227
43 291
43 295
44 189
45 81
45 95
45 110
45 116
45 122
45 177
45 243
45 297
46 59
46 64
46 83
46 91
46 103
46 104
46 117
46 127
46 138
46 172
46 215
46 302
47 48
47 60
47 97
47 124
47 129
47 215
47 232
47 234
47 241
47 276
47 301
48 233
48 239
48 258
49 67
49 78
49 97
49 131
49 145
49 166
49 173
49 191
49 288
49 291
49 292
49 314
50 60
50 107
50 124
50 131
50 215
51 131
51 137
51 152
51 193
51 205
51 249
51 288
51 314
52 64
52 128
52 131
52 149
52 152
52 224
52 236
53 67
53 148
53 246
54 129
54 130
54 131
54 205
54 220
54 234
55 140
55 157
55 264
56 103
56 205
56 231
56 242
57 89
57 102
57 129
57 133
58 123
58 128
58 180
59 103
59 118
59 130
59 132
59 134
59 136
59 148
59 166
59 168
59 181
59 222
59 255
59 272
59 293
60 121
60 132
60 153
60 159
60 161
60 163
60 206
60 214
60 266
60 277
60 283
61 106
61 137
62 78
62 79
62 157
62 205
62 206
62 239
63 163
63 176
64 129
64 167
64 206
64 243
64 288
64 305
65 309
66 80
66 134
66 150
66 224
66 265
66 301
67 73
67 75
67 85
67 129
67 131
67 146
67 164
67 249
67 305
68 93
68 129
68 133
68 135
68 210
68 229
68 234
68 269
68 275
68 286
69 133
69 135
69 192
69 226
69 291
69 307
70 156
70 210
70 230
71 85
71 134
71 220
71 249
71 296
72 123
72 188
72 206
72 233
72 309
73 148
73 220
73 238
74 88
74 129
74 133
74 160
74 230
74 271
74 275
74 297
75 87
75 97
75 131
75 147
75 157
75 248
75 286
76 118
76 133
76 134
76 220
76 242
77 129
77 131
77 182
77 287
78 135
78 159
78 204
78 210
78 231
79 208
79 220
79 286
80 88
80 89
80 135
80 144
80 174
80 248
80 298
81 83
81 98
81 106
81 109
81 133
81 136
81 204
81 281
81 284
81 292
82 103
82 106
83 92
83 143
83 153
83 188
83 252
83 264
83 281
83 288
84 133
84 215
84 231
84 233
85 91
85 113
85 206
86 288
87 95
87 105
87 133
87 180
87 224
88 137
88 171
88 173
88 188
88 200
88 213
88 220
89 130
89 143
89 200
89 205
89 269
90 124
91 137
91 159
91 179
91 243
92 118
92 151
92 167
92 171
92 186
92 214
92 215
92 272
92 273
92 287
93 224
94 148
94 160
94 172
94 215
95 103
95 124
95 129
95 130
95 217
95 231
95 248
95 255
96 130
96 137
96 184
96 188
96 196
96 276
97 124
97 188
97 218
97 222
97 249
97 270
97 287
97 291
98 124
98 156
98 191
98 208
98 274
98 279
99 135
99 156
99 288
100 107
100 273
100 291
101 118
101 129
101 176
101 269
102 118
102 122
102 148
102 194
102 196
102 209
102 220
102 235
102 252
102 283
102 287
103 108
103 117
103 129
103 149
103 156
103 222
103 232
103 267
103 285
103 305
104 117
104 119
104 121
104 134
104 222
104 233
105 135
105 200
105 247
105 267
106 131
106 160
106 232
106 301
107 129
107 135
107 210
107 267
108 133
108 143
108 150
108 171
108 216
108 243
109 167
110 125
110 130
110 152
110 188
110 267
110 273
110 287
110 298
111 221
113 192
113 294
113 305
114 138
115 130
115 166
115 179
115 243
116 129
116 135
117 129
117 167
117 306
117 313
118 123
118 134
118 148
118 150
118 173
118 188
118 196
118 197
118 268
118 275
118 281
118 303
119 219
120 249
121 175
121 180
121 189
122 189
122 213
122 233
122 288
122 300
122 312
123 148
123 284
123 286
124 149
124 158
124 210
124 242
124 244
124 249
124 287
124 295
124 314
125 305
126 133
127 129
127 220
127 272
127 287
128 131
128 149
128 157
128 244
128 248
128 255
128 311
129 131
129 134
129 135
129 167
129 169
129 180
129 181
129 185
129 193
129 195
129 205
129 217
129 258
129 263
129 286
129 287
129 295
129 296
129 298
129 302
130 133
130 134
130 143
130 167
130 179
130 181
130 185
130 192
130 206
130 210
130 226
130 234
130 249
130 286
130 305
130 309
130 314
131 134
131 135
131 136
131 140
131 160
131 179
131 196
131 215
131 224
131 225
131 242
131 264
131 286
132 149
132 156
132 191
132 247
132 249
132 315
133 136
133 149
133 153
133 166
133 167
133 174
133 188
133 194
133 202
133 216
133 222
133 259
133 260
133 270
133 293
133 304
134 135
134 139
134 147
134 151
134 156
134 167
134 193
134 197
134 210
134 216
134 231
134 232
134 241
134 252
134 261
134 284
134 288
135 152
135 157
135 167
135 169
135 174
135 177
135 192
135 196
135 203
135 206
135 213
135 249
135 263
135 285
135 287
135 292
136 157
136 167
136 172
136 220
136 224
136 231
136 239
136 249
136 256
136 284
136 295
136 313
137 305
137 315
138 187
138 220
138 273
138 276
138 304
140 180
142 196
142 286
143 249
143 283
143 288
144 208
144 223
145 156
145 159
145 167
145 249
145 302
145 314
145 315
146 158
146 180
146 210
146 287
147 152
147 156
147 157
147 224
147 225
148 193
148 213
148 263
148 301
149 167
149 231
149 288
151 305
152 159
152 163
152 180
152 183
152 192
152 261
152 313
156 181
156 191
156 206
156 219
156 229
156 243
156 258
156 263
156 268
156 269
156 271
156 288
156 294
156 296
156 314
157 173
157 196
157 206
157 216
157 246
157 248
157 249
158 218
158 224
159 239
159 258
159 303
159 305
160 180
160 211
160 219
160 307
161 180
161 185
161 210
162 190
162 204
162 219
162 244
162 248
162 255
162 278
163 177
163 195
164 217
164 255
165 232
166 232
166 267
166 305
167 193
167 197
167 222
167 243
167 287
168 255
169 181
169 223
169 271
169 281
172 305
173 200
174 267
174 293
175 298
176 305
177 197
177 278
180 188
180 201
180 210
180 278
180 288
180 289
180 303
180 308
181 193
181 205
181 206
181 242
184 272
185 193
185 226
186 189
188 189
188 199
188 272
188 287
190 239
191 218
191 239
191 314
192 303
193 201
193 211
193 239
193 285
194 272
195 202
195 247
196 206
196 249
197 238
197 285
200 206
200 234
200 284
200 287
200 288
200 305
201 239
201 267
201 270
202 248
203 237
203 272
204 219
205 225
206 259
206 278
206 306
208 298
209 220
209 284
210 216
210 228
210 234
210 239
210 305
211 214
211 233
212 284
213 287
213 295
215 219
215 249
215 275
216 224
216 287
217 245
217 298
218 271
220 235
220 261
220 286
220 309
220 311
223 226
224 287
227 301
230 273
230 283
231 264
231 286
231 287
231 301
232 287
233 259
234 281
234 288
234 298
234 303
236 248
237 270
237 280
238 305
239 244
239 249
239 259
239 283
240 281
242 259
242 268
243 283
243 314
245 276
246 297
248 297
249 257
249 307
251 297
252 273
254 307
257 260
258 265
258 273
258 314
264 265
264 272
264 302
264 310
266 288
266 309
268 287
271 283
271 287
271 288
271 307
272 281
274 276
274 305
275 304
278 309
281 305
282 295
283 287
283 291
286 302
287 288
287 292
287 296
287 297
287 303
288 293
288 303
