0 193
0 290
1 96
1 220
2 25
2 46
2 75
2 76
2 113
2 129
2 131
2 179
2 210
2 224
2 229
2 251
2 254
2 264
2 275
2 286
2 297
3 8
3 101
3 157
3 258
4 34
4 66
4 108
4 129
4 133
4 156
4 162
4 172
4 188
4 223
4 229
4 258
4 301
5 78
5 92
5 130
5 142
5 180
5 183
5 210
5 283
5 300
6 128
6 131
6 140
6 148
6 230
6 285
7 8
7 16
7 33
7 53
7 106
7 129
7 130
7 167
7 197
7 209
7 220
7 242
7 304
8 18
8 34
8 40
8 53
8 68
8 98
8 99
8 136
8 193
8 202
8 210
8 216
8 220
9 33
9 87
9 110
9 144
9 156
9 177
9 196
10 72
10 156
10 260
10 267
11 121
11 129
11 286
11 298
12 38
12 45
12 75
12 117
12 135
12 150
12 156
12 180
12 208
13 16
13 121
13 205
13 214
13 276
13 285
14 134
14 200
14 204
14 263
14 269
14 305
15 32
15 68
15 162
15 198
15 206
15 284
16 40
16 51
16 59
16 72
16 76
16 101
16 118
16 130
16 131
16 135
16 229
16 258
16 275
17 42
17 156
18 51
18 89
18 115
18 129
18 155
18 156
18 166
18 168
18 199
18 244
19 89
19 116
19 159
19 224
19 231
20 37
20 133
20 167
20 210
20 280
20 288
20 305
20 312
21 126
21 135
21 243
21 249
21 293
21 297
22 59
22 218
23 33
23 40
23 129
23 193
23 206
23 298
24 114
24 129
24 133
24 147
24 157
24 166
25 46
25 58
25 62
25 90
25 134
25 154
25 188
25 262
26 105
26 122
26 178
27 124
27 287
28 49
28 180
28 271
29 45
29 47
29 74
29 76
29 128
29 162
29 188
29 231
29 240
30 83
30 109
30 118
31 49
31 56
31 74
31 95
31 96
31 128
31 142
31 216
32 59
32 112
32 129
32 131
32 149
32 200
32 204
32 211
32 218
32 220
32 287
32 296
32 307
33 45
33 49
33 77
33 88
33 97
33 110
33 125
33 131
33 133
33 139
33 162
33 268
33 275
33 287
34 41
34 89
34 135
34 181
34 210
34 212
35 61
35 86
35 95
35 240
35 248
35 274
36 45
36 59
36 130
36 131
36 194
36 201
36 202
36 240
37 45
37 71
37 156
37 242
38 215
38 255
39 56
39 57
39 94
39 130
39 131
40 124
40 144
40 160
40 167
40 174
40 206
41 59
41 142
41 215
41 286
42 121
42 129
42 193
42 210
42 272
42 276
43 48
43 67
43 112
43 127
43 130
43 133
43 200
44 210
45 74
45 129
45 131
45 160
45 181
45 201
45 233
45 249
45 276
45 285
46 49
46 139
46 149
46 168
46 223
46 242
46 286
46 291
47 52
47 67
47 129
47 161
47 164
47 167
47 218
47 286
47 305
47 315
48 52
48 117
48 126
48 153
48 205
48 213
48 216
49 181
49 275
49 292
50 52
50 64
50 84
50 104
50 115
50 134
50 238
50 240
50 252
50 258
51 97
51 103
51 133
51 148
51 156
51 210
51 307
52 70
52 135
52 236
53 72
53 244
53 288
54 60
54 102
54 129
54 131
54 179
54 210
54 220
54 260
54 285
54 296
55 282
56 58
56 59
56 88
56 103
56 106
56 114
56 134
56 147
56 197
56 201
56 244
57 74
57 114
57 129
57 283
58 287
59 116
59 127
59 129
59 131
59 133
59 136
59 152
59 157
59 166
59 223
59 242
59 297
60 65
60 104
60 138
60 205
60 241
60 255
60 267
61 134
61 225
61 279
62 92
62 104
62 118
62 130
62 144
62 145
62 182
62 215
62 233
63 135
64 74
64 81
64 105
64 117
64 122
64 130
64 131
64 136
64 149
64 242
65 78
66 134
66 156
66 200
67 98
67 129
67 130
67 158
67 159
67 160
67 173
67 188
67 195
67 217
67 301
68 120
68 122
68 124
68 128
68 133
68 149
68 211
68 240
68 292
69 98
69 185
69 202
69 231
70 77
70 97
70 158
70 293
72 121
72 155
72 206
72 210
72 249
73 76
73 133
73 229
73 235
74 132
74 142
74 291
74 297
75 118
75 121
75 130
75 140
75 154
75 179
75 232
76 117
76 130
76 239
76 304
77 120
77 130
77 167
77 180
77 267
78 122
78 140
78 188
78 200
78 209
78 231
79 129
79 136
79 169
79 171
79 200
79 236
79 243
79 293
80 125
80 174
81 109
81 110
81 131
81 299
83 136
83 160
83 163
83 287
84 131
85 264
86 152
87 104
87 211
87 212
87 215
87 227
87 288
87 301
88 131
88 231
89 101
89 162
89 210
89 219
89 249
89 266
89 286
89 302
90 157
90 248
90 298
91 121
91 192
91 249
91 304
92 95
92 130
92 193
92 315
93 103
93 245
93 298
94 128
94 136
94 140
94 231
94 242
94 286
94 288
94 293
95 116
95 127
95 166
95 204
95 224
95 287
96 146
96 200
97 167
97 219
97 263
97 315
98 100
98 131
98 145
98 149
98 215
98 221
98 288
99 167
99 288
100 101
100 135
100 149
100 310
101 224
101 242
102 130
102 134
102 202
102 206
102 258
102 278
103 131
103 148
103 159
103 160
103 169
103 180
103 181
103 216
103 223
103 251
103 267
103 293
104 128
104 131
104 135
104 177
104 218
104 239
105 108
105 130
105 162
105 246
106 131
106 200
106 233
106 242
106 286
106 305
107 152
107 184
107 239
108 135
108 186
108 214
108 260
108 299
109 129
109 218
109 237
109 246
109 255
109 283
110 118
110 179
110 181
110 201
110 284
110 287
111 156
111 202
111 206
112 132
113 137
113 204
113 258
114 184
114 241
114 267
114 296
115 132
115 233
116 133
116 140
116 229
116 279
117 130
117 185
117 204
117 212
118 132
118 169
118 172
118 186
118 206
119 148
119 297
119 298
120 130
120 134
120 275
121 157
121 282
121 296
122 182
122 269
122 305
123 208
124 136
124 149
124 153
124 159
124 188
124 208
124 215
124 220
124 234
124 238
124 248
124 265
124 275
125 252
126 129
126 176
126 261
127 171
127 199
127 288
127 307
128 180
128 210
128 220
128 311
129 131
129 134
129 136
129 145
129 169
129 193
129 200
129 208
129 218
129 266
129 283
129 285
129 287
129 303
129 315
130 133
130 136
130 149
130 156
130 160
130 163
130 168
130 173
130 180
130 181
130 188
130 201
130 216
130 217
130 219
130 220
130 235
130 287
130 307
131 133
131 142
131 156
131 160
131 165
131 190
131 197
131 217
131 239
131 251
131 288
131 305
132 139
132 210
132 218
132 224
132 249
132 305
133 141
133 148
133 159
133 162
133 170
133 177
133 188
133 200
133 220
133 224
133 225
133 263
133 264
133 282
133 293
133 305
134 135
134 138
134 143
134 172
134 173
134 174
134 180
134 184
134 204
134 232
134 234
134 242
134 244
134 261
134 262
134 266
134 288
134 313
135 141
135 145
135 149
135 161
135 174
135 178
135 181
135 199
135 205
135 218
135 242
135 249
135 286
135 294
136 200
136 215
136 304
137 231
138 166
138 172
138 264
139 185
139 197
139 215
140 210
140 219
140 253
141 298
142 270
142 287
142 301
143 156
143 205
143 230
143 232
145 149
145 166
146 234
147 159
147 274
147 286
148 201
148 238
148 244
148 257
148 258
148 268
148 284
148 285
148 287
149 156
150 259
151 193
152 154
152 176
152 179
152 223
153 162
154 185
154 229
154 268
155 183
156 161
156 162
156 178
156 232
156 251
156 288
157 167
157 177
157 193
157 206
157 225
157 281
157 302
158 179
158 185
158 250
158 261
158 288
159 188
159 193
160 171
160 205
161 210
161 231
161 234
161 249
161 285
162 201
162 220
163 200
164 298
167 174
167 179
167 219
167 249
167 253
167 302
168 223
168 239
168 305
169 293
171 220
171 293
173 189
173 193
173 220
173 229
174 200
176 189
176 230
176 233
177 179
177 233
179 200
179 220
179 305
180 194
180 195
180 225
181 204
181 287
184 276
185 188
185 261
185 283
188 209
188 276
188 277
191 238
191 243
192 282
193 210
193 231
193 302
194 234
194 235
195 196
197 258
197 273
199 302
200 211
200 246
200 249
200 283
200 311
201 203
201 234
201 242
201 288
201 305
202 207
202 254
203 236
203 276
205 278
205 311
206 220
206 246
206 258
206 259
206 298
208 233
209 238
210 287
210 296
210 305
211 292
212 241
213 220
214 305
214 308
214 309
215 217
215 235
218 227
218 254
218 292
218 298
218 301
218 304
219 284
219 287
220 238
220 252
220 274
220 276
222 224
224 231
224 247
224 287
224 288
229 281
229 287
230 260
232 302
234 272
234 287
235 251
237 309
239 249
239 293
240 254
241 314
243 285
243 303
245 286
247 250
249 303
251 288
258 275
260 288
264 278
264 286
266 286
266 287
273 285
275 291
275 295
279 282
279 286
287 288
287 301
298 313
304 307
