0 21
0 93
0 151
0 212
1 92
1 109
1 129
1 133
1 140
1 264
2 15
2 23
2 29
2 32
2 41
2 50
2 54
2 103
2 110
2 127
2 129
2 130
2 133
2 135
2 138
2 165
2 169
2 189
2 190
2 206
2 220
2 229
2 234
2 248
2 252
3 21
3 51
3 59
4 15
4 167
4 197
4 223
4 232
4 270
5 27
5 54
5 129
5 131
5 140
5 197
5 228
5 232
5 287
6 49
6 131
6 176
6 219
7 17
7 18
7 26
7 49
7 83
7 93
7 129
7 130
7 131
7 132
7 139
7 168
7 174
7 193
7 196
7 237
8 15
8 20
8 28
8 33
8 48
8 67
8 107
8 111
8 174
8 175
8 181
8 193
8 231
9 79
9 93
9 118
9 140
9 168
9 196
9 219
9 242
10 101
10 130
10 185
10 188
10 240
10 301
11 86
11 129
11 209
11 250
12 33
12 59
12 133
12 149
12 211
12 225
12 227
12 252
13 14
13 33
13 96
13 281
13 294
14 16
14 27
14 32
14 45
14 56
14 74
14 130
14 133
14 135
14 136
14 167
14 200
15 115
15 140
15 143
15 231
16 20
16 32
16 41
16 54
16 89
16 96
16 126
16 133
16 148
16 160
16 186
16 224
16 243
16 244
16 279
16 286
17 24
17 25
17 92
17 150
18 25
18 28
18 29
18 88
18 92
18 121
18 133
18 167
18 209
18 260
18 288
18 307
19 129
19 288
20 24
20 34
20 44
20 88
20 95
20 101
20 133
20 142
20 157
20 264
21 39
21 182
21 287
22 60
22 165
22 287
23 87
23 211
23 216
23 313
24 46
24 124
24 128
24 130
24 201
24 207
24 233
24 276
24 278
25 35
25 51
25 84
25 130
25 156
25 188
26 42
26 249
27 52
27 113
27 128
27 144
27 287
28 66
28 68
28 95
28 181
28 188
28 213
28 286
29 130
29 134
29 284
29 288
30 91
31 51
31 54
31 60
31 103
31 130
31 140
31 149
31 217
31 234
31 256
31 284
31 306
32 33
32 57
32 63
32 75
32 77
32 90
32 98
32 119
32 134
32 140
32 156
32 167
32 172
32 182
32 193
32 208
32 220
32 223
32 230
32 310
33 61
33 65
33 86
33 97
33 117
33 119
33 151
33 194
33 208
33 216
33 227
33 231
33 276
33 281
34 72
34 108
34 131
34 150
34 185
34 230
34 290
34 293
35 44
35 61
35 96
35 106
35 131
35 133
35 152
35 182
35 225
35 231
35 288
35 301
36 64
36 98
36 129
36 130
36 131
36 145
36 167
36 188
36 208
36 220
36 230
36 271
36 298
37 39
37 54
37 76
37 82
37 96
37 135
37 170
37 177
37 220
38 88
38 96
38 106
38 177
38 186
38 277
39 87
39 135
39 157
39 198
39 220
39 278
40 74
40 75
40 102
40 110
40 118
40 133
40 262
40 266
41 101
41 118
41 134
41 179
41 186
41 193
41 273
42 46
42 69
42 73
42 145
42 238
43 69
43 134
43 218
44 120
44 269
44 302
45 52
45 91
45 129
45 133
45 145
45 156
45 192
45 215
45 229
45 244
45 257
45 286
46 63
46 65
46 75
46 99
46 113
46 118
46 123
46 135
46 206
46 210
46 218
46 252
47 49
47 80
47 84
47 115
47 140
47 161
47 168
47 180
47 258
47 261
47 272
48 130
48 181
48 239
48 314
49 56
49 130
49 134
49 231
49 287
50 117
50 122
50 157
50 171
50 178
50 261
50 296
51 136
51 230
51 234
51 259
51 313
52 74
52 95
52 102
52 172
52 182
53 164
54 157
54 240
54 249
54 286
55 130
55 167
55 287
56 57
56 220
56 249
56 269
56 310
57 149
57 154
57 249
57 278
58 130
58 190
58 268
59 60
59 105
59 131
59 136
59 144
59 148
59 209
59 220
59 228
59 264
59 278
60 62
60 130
60 220
60 249
61 86
61 103
61 159
61 193
62 75
62 138
62 159
62 173
62 210
63 217
64 93
64 122
64 130
64 133
64 135
64 160
64 287
64 288
64 314
65 67
66 132
67 90
67 129
67 131
67 156
67 157
67 239
67 240
67 268
67 293
67 314
68 76
68 87
68 200
68 244
68 246
68 303
68 311
69 71
69 118
69 149
69 150
70 131
70 239
71 106
71 156
72 77
72 81
72 149
72 203
72 221
72 313
73 105
73 113
73 142
73 157
73 180
73 205
73 293
73 299
74 85
74 89
74 96
74 103
74 116
74 128
74 130
74 131
74 134
74 184
74 195
74 204
74 211
74 233
74 255
74 286
74 287
74 296
75 87
75 117
75 128
75 131
75 135
75 148
75 159
75 167
75 214
75 247
75 250
75 288
76 103
76 119
76 193
76 200
76 245
76 293
77 86
77 135
77 168
77 301
78 156
78 206
78 264
78 305
78 308
79 106
79 124
79 275
79 276
79 296
80 103
80 135
80 219
80 220
80 242
80 250
80 254
80 287
81 86
81 88
81 89
81 103
81 108
81 148
81 156
81 177
81 202
81 229
81 287
81 298
82 241
82 263
83 138
83 206
83 264
83 280
85 130
85 218
86 87
86 100
86 156
86 199
86 238
86 279
86 291
87 101
87 134
87 148
87 156
87 167
88 118
88 129
88 131
88 315
89 99
89 129
89 133
89 136
89 156
89 188
89 213
90 134
90 151
90 238
91 95
91 133
91 150
91 156
91 180
92 99
92 104
92 105
92 142
92 159
92 164
92 188
92 258
92 315
93 135
94 134
94 138
94 241
94 245
94 271
95 221
95 265
96 136
96 164
96 216
96 263
96 304
96 311
96 314
97 110
97 146
97 180
97 213
97 220
97 232
97 251
98 102
98 129
98 195
98 283
100 153
100 167
100 275
101 126
101 133
101 206
101 224
101 230
101 242
102 123
102 130
102 133
102 135
102 236
102 292
103 130
103 194
103 195
103 218
103 224
103 244
104 150
104 180
104 265
105 127
105 184
105 201
105 210
105 224
105 241
105 247
106 129
106 153
106 178
106 193
106 209
106 213
106 220
106 301
107 181
107 193
107 255
107 266
107 295
108 117
108 175
108 180
109 171
109 249
109 275
109 286
109 296
110 124
110 129
110 130
110 154
110 160
110 165
110 174
110 211
110 214
110 220
111 129
112 158
112 160
112 190
113 127
114 137
114 173
114 288
115 130
115 134
115 179
115 188
115 191
115 232
116 133
117 122
117 232
117 275
118 124
118 134
118 147
118 155
118 156
118 161
118 209
118 231
118 288
118 295
120 138
120 181
120 199
121 134
121 225
121 277
122 131
122 156
122 171
122 194
122 219
122 242
122 260
122 277
122 283
123 129
123 131
123 232
123 240
123 271
124 169
124 193
124 205
124 219
124 220
124 262
125 180
125 239
125 290
127 208
127 268
128 181
128 191
128 208
128 219
128 238
128 259
128 283
129 130
129 155
129 157
129 179
129 191
129 199
129 200
129 208
129 210
129 219
129 224
129 229
129 245
129 253
129 257
129 260
129 265
129 269
129 275
129 288
129 298
129 299
130 132
130 135
130 145
130 152
130 155
130 156
130 168
130 188
130 200
130 202
130 207
130 217
130 230
130 244
130 269
130 279
130 284
130 285
130 286
130 314
131 133
131 136
131 155
131 186
131 187
131 188
131 194
131 201
131 207
131 209
131 212
131 219
131 224
131 244
131 262
131 268
131 275
131 276
131 288
131 295
132 241
133 134
133 151
133 197
133 205
133 218
133 244
133 267
133 283
133 287
133 288
133 298
133 314
134 135
134 147
134 148
134 149
134 159
134 163
134 188
134 195
134 209
134 231
134 252
134 258
134 261
134 280
134 281
134 304
134 305
135 156
135 164
135 188
135 214
135 224
135 231
135 244
135 249
135 264
135 280
135 285
135 293
135 298
136 138
136 145
136 160
136 169
136 171
136 180
136 218
136 229
136 236
136 241
138 144
138 163
138 179
138 224
138 233
139 279
140 157
140 161
140 190
140 233
140 278
140 295
141 263
141 283
142 213
142 229
142 240
143 149
143 195
144 224
144 283
145 147
145 233
145 247
146 159
148 152
148 172
148 205
148 210
148 232
148 237
148 278
148 288
148 298
148 310
149 151
149 160
149 196
149 225
149 258
149 314
150 285
150 292
151 195
151 234
151 272
152 167
152 231
153 201
154 204
154 249
156 158
156 172
156 197
156 207
156 211
156 214
156 224
156 232
156 249
156 256
156 280
156 282
156 286
156 287
156 292
156 295
156 305
156 315
157 171
157 172
157 179
157 215
157 244
157 260
157 284
157 288
157 304
158 174
158 208
158 230
158 239
158 260
158 298
159 206
159 243
159 286
160 182
160 191
160 219
160 222
160 224
160 277
161 188
161 232
161 279
162 281
163 165
163 180
164 271
165 285
166 197
166 233
167 180
167 209
167 216
167 243
167 245
167 271
167 301
167 308
169 193
169 214
171 173
171 233
171 238
172 242
172 249
172 288
172 302
173 180
173 188
173 200
173 208
174 180
174 295
175 220
176 179
178 187
179 200
179 249
179 267
180 193
180 197
180 203
180 210
180 242
180 304
180 307
182 215
182 231
184 257
184 301
185 200
186 220
186 247
188 211
188 295
190 211
190 279
191 206
192 211
193 206
193 208
193 219
193 256
193 259
193 271
193 273
193 315
195 252
195 283
196 214
196 233
196 274
197 249
200 201
200 216
200 239
200 241
200 266
200 288
200 303
201 241
201 269
202 210
202 284
204 224
205 222
205 226
205 252
206 212
207 237
207 257
207 284
208 220
208 222
208 232
208 262
208 273
209 242
210 238
210 243
211 293
212 238
214 259
214 268
216 232
216 277
217 243
217 279
217 304
218 285
218 288
219 249
220 243
220 269
222 286
224 254
224 276
228 235
230 253
230 282
230 299
231 233
231 247
231 275
232 236
232 282
233 295
234 239
234 252
235 294
239 252
239 291
239 312
241 314
242 258
242 261
242 277
242 278
243 247
243 267
243 287
243 288
243 296
244 303
245 249
248 311
249 253
253 299
253 303
255 264
257 269
259 272
267 286
271 287
272 279
272 287
276 286
283 304
285 291
285 304
286 303
287 288
288 290
288 304
288 310
289 290
292 293
302 303
