0 19
0 85
0 89
0 129
0 131
0 134
0 188
0 252
0 285
1 16
1 60
1 81
1 83
1 130
1 149
1 241
1 273
1 276
1 309
2 24
2 36
2 47
2 60
2 68
2 129
2 135
2 145
2 156
2 175
2 200
2 201
2 204
2 214
2 215
2 234
2 237
2 246
2 302
3 101
3 271
3 283
4 33
4 59
4 117
4 144
4 148
4 247
4 271
5 59
5 134
5 157
6 36
6 64
6 104
6 133
6 155
6 167
6 229
6 257
6 276
6 294
7 32
7 33
7 35
7 59
7 91
7 122
7 133
7 136
7 157
7 167
7 188
7 258
7 260
7 286
8 24
8 28
8 42
8 63
8 90
8 118
8 120
8 127
8 134
8 145
8 157
8 177
8 233
8 273
8 285
8 287
9 51
9 133
9 140
9 185
9 191
9 277
10 11
10 136
10 260
11 13
11 156
12 16
12 25
12 32
12 37
12 87
12 106
12 152
12 200
13 110
13 122
13 134
13 233
13 238
13 308
14 113
14 128
14 130
14 131
15 36
15 46
15 136
15 159
15 173
15 252
16 23
16 41
16 49
16 75
16 122
16 129
16 130
16 148
16 172
16 210
16 220
16 249
16 251
16 268
17 38
17 47
17 136
17 174
18 19
18 35
18 47
18 66
18 122
18 149
18 275
18 287
20 33
20 69
20 118
20 176
20 179
20 205
20 218
20 233
20 275
21 33
21 156
21 188
21 274
22 59
22 123
22 135
22 192
23 104
23 110
23 136
23 172
23 196
23 235
23 243
24 41
24 72
24 83
24 99
24 102
24 124
24 139
24 156
24 229
25 33
25 42
25 67
25 70
25 106
25 107
25 130
25 172
25 258
25 306
25 307
26 136
27 101
27 156
27 173
27 311
28 75
28 100
28 129
28 131
28 182
28 209
28 217
28 232
28 275
28 314
29 62
29 77
29 131
29 180
29 246
29 249
30 73
30 162
30 185
31 45
31 60
31 78
31 98
31 103
31 111
31 130
31 199
31 244
31 255
31 274
31 301
32 33
32 48
32 62
32 78
32 83
32 96
32 102
32 110
32 160
32 182
32 202
32 204
32 215
32 242
32 272
32 285
33 45
33 48
33 78
33 86
33 122
33 139
33 140
33 151
33 188
33 194
33 208
33 218
33 243
33 245
33 246
33 278
33 288
34 41
34 77
34 133
34 242
34 273
35 57
35 77
35 106
35 130
35 136
35 287
35 305
36 129
36 270
36 273
36 287
37 67
37 72
37 131
37 136
37 306
38 217
38 249
38 272
39 83
39 137
40 55
40 245
40 258
40 295
41 43
41 107
41 130
41 167
41 242
41 279
41 288
42 106
42 174
43 66
43 125
43 157
43 162
43 224
43 258
43 264
43 283
44 94
44 108
44 117
44 243
44 287
45 47
45 54
45 73
45 89
45 103
45 117
45 140
45 160
45 165
45 175
45 178
45 180
45 213
45 242
45 281
45 287
46 51
46 75
46 78
46 82
46 94
46 124
46 134
46 156
46 201
46 205
46 208
46 233
46 234
46 259
46 303
47 58
47 78
47 239
47 244
47 261
48 63
48 114
48 133
48 200
49 73
49 88
49 102
49 103
49 143
50 54
50 97
50 118
50 132
50 194
50 230
50 239
50 242
50 244
50 261
50 283
51 92
51 134
51 189
51 220
51 289
52 74
52 139
52 311
53 58
53 229
54 128
54 260
55 127
55 160
55 169
55 262
55 302
56 67
56 110
56 126
57 115
57 216
57 223
57 298
59 70
59 106
59 131
59 138
59 150
59 168
59 177
59 207
59 234
59 248
59 287
60 107
60 115
60 131
60 133
60 212
60 218
60 231
60 267
60 303
61 165
61 205
61 267
62 123
62 132
62 155
62 208
63 134
63 200
63 207
63 215
63 249
63 286
64 80
64 118
64 122
64 146
64 150
64 156
64 185
64 188
64 205
64 249
64 269
64 303
64 304
65 106
65 110
65 134
65 140
65 287
66 75
66 88
66 129
66 174
66 193
66 228
67 131
67 138
67 167
67 275
68 74
68 92
68 135
68 199
68 276
69 272
69 296
70 71
70 117
70 252
70 258
71 222
72 152
72 170
72 276
73 92
73 287
73 298
74 77
74 103
74 117
74 136
74 144
74 193
74 201
74 243
75 76
75 85
75 107
75 115
75 120
75 124
75 143
75 157
75 158
75 200
75 238
75 245
75 270
75 287
75 297
76 134
76 135
76 175
76 308
77 133
77 149
77 224
78 105
78 135
78 188
78 300
78 315
79 115
79 134
79 156
79 157
79 202
79 233
80 94
80 313
81 148
81 162
81 169
81 172
82 107
82 135
82 283
82 287
82 308
83 97
83 134
83 137
83 148
83 217
83 258
84 124
84 203
85 138
85 155
85 175
85 303
86 131
86 195
87 130
87 179
87 185
87 202
87 212
88 140
88 164
88 252
88 287
88 307
89 118
89 132
89 153
89 167
89 193
90 163
91 102
92 107
92 167
92 193
92 208
92 238
94 148
94 187
94 232
94 250
94 292
95 261
95 278
96 266
96 288
97 139
97 191
97 241
97 267
97 287
98 134
98 208
98 213
98 224
98 242
98 273
98 296
99 106
99 152
99 195
99 231
100 224
100 299
101 117
101 179
101 185
101 245
101 286
102 110
102 124
102 145
102 154
102 200
102 276
102 286
102 299
103 126
103 129
103 157
103 232
103 291
103 314
104 114
104 133
104 151
104 154
104 161
104 299
105 107
105 154
105 172
105 205
105 211
106 117
106 136
106 150
106 208
106 263
106 291
107 143
107 278
107 285
108 143
109 275
109 288
109 297
110 154
110 202
110 208
110 249
110 275
110 305
111 135
111 148
112 129
112 246
113 131
113 203
114 119
114 150
114 208
114 210
114 223
114 243
114 286
115 130
115 213
115 225
115 267
117 135
117 170
117 191
117 200
118 166
118 175
118 185
118 188
118 239
118 267
119 136
119 291
120 140
120 156
120 167
120 249
121 128
122 129
122 177
122 202
122 239
122 275
122 302
123 177
123 238
123 263
123 278
123 308
124 128
124 157
124 195
124 200
124 224
125 210
127 162
127 165
127 207
127 214
127 290
128 130
128 131
129 149
129 157
129 163
129 168
129 172
129 179
129 180
129 193
129 195
129 217
129 219
129 224
129 232
129 272
129 285
129 290
129 294
129 299
130 131
130 133
130 137
130 159
130 165
130 182
130 200
130 209
130 210
130 224
130 239
130 255
130 263
130 289
130 293
130 298
131 133
131 145
131 193
131 241
131 244
131 267
131 278
131 281
131 298
132 154
132 193
132 196
132 242
132 286
133 134
133 145
133 149
133 164
133 167
133 189
133 193
133 250
133 252
133 258
133 272
133 284
133 297
134 141
134 143
134 149
134 156
134 165
134 167
134 178
134 196
134 200
134 209
134 221
134 238
134 242
134 269
134 275
134 286
134 293
135 136
135 149
135 156
135 164
135 185
135 188
135 221
135 233
135 242
135 252
135 268
135 277
135 286
135 295
135 300
135 305
136 156
136 173
136 193
136 208
136 216
136 218
136 229
136 238
136 278
136 297
137 142
137 292
139 171
139 249
139 283
139 286
140 152
140 156
140 208
140 265
140 296
142 235
142 238
143 152
143 180
143 218
144 151
144 180
145 160
145 201
145 216
146 194
146 224
147 155
148 179
148 209
148 217
148 285
148 287
149 153
149 154
149 185
149 195
149 242
149 252
149 265
150 156
151 156
152 156
152 188
152 217
152 242
152 275
153 210
153 239
154 194
154 277
155 286
156 159
156 172
156 178
156 180
156 181
156 190
156 193
156 199
156 206
156 208
156 226
156 249
156 270
156 283
156 298
156 305
157 193
157 204
157 206
157 213
157 242
157 249
157 255
157 307
158 227
158 244
159 219
159 220
159 270
159 275
160 167
160 230
160 271
161 241
162 210
162 217
162 229
162 278
162 292
163 241
163 255
163 258
163 275
164 296
165 210
166 205
166 234
167 220
167 255
167 258
167 287
167 305
167 312
168 181
169 238
170 184
171 262
171 264
171 285
171 304
172 176
172 180
172 215
172 242
172 268
172 303
172 312
173 251
175 201
176 181
178 268
179 298
180 249
180 279
180 280
180 286
180 288
181 205
181 294
182 288
184 287
185 206
185 246
187 220
188 216
188 239
188 258
188 275
189 219
189 238
193 213
194 239
194 292
195 239
195 279
196 253
197 210
197 227
198 284
200 205
200 224
200 285
200 287
201 215
201 276
202 224
203 286
205 252
205 303
205 313
206 224
206 285
207 286
208 213
208 264
209 210
209 258
209 284
210 233
210 237
210 247
210 265
210 268
210 276
210 299
211 215
212 223
212 259
213 270
213 276
215 268
215 272
215 305
216 241
216 257
216 281
217 300
218 240
218 249
218 292
218 310
219 294
219 313
220 244
220 245
220 255
220 287
221 287
223 287
224 242
229 260
229 313
231 292
231 302
231 312
233 254
233 278
233 302
234 241
234 283
234 312
236 287
237 267
237 275
238 314
239 287
240 243
240 301
241 258
241 283
242 261
242 279
242 287
243 245
243 298
245 256
247 258
249 271
249 288
255 265
255 276
255 288
257 264
259 266
259 287
263 296
264 307
269 288
269 298
270 298
279 315
283 286
286 304
287 308
288 294
288 303
