0 103
0 104
0 129
0 156
1 5
1 7
1 21
1 51
1 106
1 172
1 177
1 180
1 218
1 262
1 276
2 32
2 49
2 59
2 60
2 62
2 66
2 83
2 124
2 130
2 131
2 136
2 162
2 166
2 181
2 184
2 246
2 263
2 271
2 289
2 297
3 41
3 128
3 157
3 164
3 179
3 273
4 8
4 15
4 50
4 130
4 145
4 280
4 287
5 23
5 24
5 102
5 122
5 133
6 7
6 83
6 107
6 298
7 33
7 110
7 129
7 130
7 145
7 166
7 189
7 221
7 232
8 45
8 51
8 75
8 89
8 102
8 132
8 133
8 135
8 172
8 205
8 224
8 248
8 305
9 34
9 80
9 217
9 224
10 130
10 233
11 39
11 106
11 288
12 72
12 82
12 160
12 191
12 230
12 247
12 283
13 29
13 45
13 53
13 130
13 136
13 217
14 60
14 78
14 88
14 98
14 117
14 143
14 158
14 193
15 69
15 124
15 238
16 22
16 25
16 31
16 131
16 157
16 160
16 203
16 223
16 239
16 241
16 245
16 252
16 258
16 267
16 289
16 298
17 63
17 71
17 74
17 82
17 156
17 242
18 24
18 47
18 67
18 90
18 121
18 128
18 129
18 197
18 220
18 254
18 257
18 296
19 121
19 134
19 210
19 246
20 76
20 129
20 179
20 238
20 252
20 255
20 258
20 296
21 103
21 226
21 286
22 75
23 256
23 269
24 138
24 249
24 287
25 56
25 135
25 214
25 249
25 276
26 33
26 117
26 259
26 292
27 102
27 110
27 180
27 238
28 67
28 87
28 136
28 153
28 164
28 167
28 284
29 44
29 100
29 106
29 126
29 134
29 157
29 179
29 187
29 244
29 249
30 279
31 54
31 58
31 69
31 95
31 99
31 104
31 129
31 152
31 156
31 164
31 169
31 196
31 231
31 286
31 298
32 80
32 98
32 103
32 114
32 156
32 158
32 195
32 206
32 275
32 306
33 59
33 69
33 78
33 108
33 138
33 172
33 207
33 218
33 220
33 244
33 273
33 275
33 286
33 305
34 42
34 81
34 103
34 130
34 135
34 173
34 211
34 218
34 241
34 261
34 284
34 287
35 94
35 156
35 185
36 90
36 117
36 158
36 248
37 64
37 106
37 136
37 143
37 253
38 98
38 104
38 144
38 149
38 156
39 50
39 101
39 103
39 122
39 130
39 159
39 245
39 265
39 266
40 77
40 78
40 118
40 129
40 177
40 221
40 242
40 265
40 304
41 55
41 132
41 136
41 138
41 157
41 205
41 236
41 311
42 44
42 49
42 89
42 167
42 212
43 53
43 62
43 110
43 134
43 156
44 73
44 131
44 154
44 188
44 191
44 232
45 51
45 57
45 60
45 102
45 129
45 135
45 244
45 277
45 279
45 305
45 308
46 120
46 140
46 143
46 157
46 206
46 239
46 265
47 61
47 124
47 130
47 152
47 157
47 222
47 223
47 233
47 247
47 298
47 306
48 51
48 60
48 75
48 124
48 134
48 247
48 275
48 287
49 97
49 217
49 229
49 248
49 269
49 276
50 130
50 132
50 134
50 197
50 241
50 286
50 293
51 296
51 309
52 130
52 161
52 196
52 206
52 246
53 304
54 143
54 179
54 200
54 279
54 315
55 89
55 130
55 150
55 193
55 241
55 303
55 315
56 81
56 104
56 297
58 130
58 188
59 103
59 115
59 123
59 133
59 217
59 260
59 279
59 293
59 314
60 70
60 71
60 109
60 124
60 128
60 129
60 130
60 132
60 233
60 286
61 120
61 124
61 196
61 295
62 101
62 104
62 129
62 134
62 143
62 209
62 221
62 238
62 249
62 273
62 288
62 302
63 70
63 305
64 87
64 101
64 152
64 160
64 252
64 264
64 284
65 73
65 80
65 146
65 152
65 277
66 133
66 156
66 218
66 275
67 101
67 118
67 134
67 135
67 148
67 171
67 288
67 297
68 108
68 149
68 220
68 249
68 288
68 293
68 296
69 95
69 152
69 216
69 270
69 276
69 284
70 128
70 136
70 200
71 133
71 231
71 286
72 143
72 305
73 156
73 160
73 198
73 211
73 284
73 314
74 103
74 184
74 245
74 268
75 83
75 106
75 129
75 130
75 131
75 133
75 223
76 130
76 141
76 201
77 127
77 267
78 118
78 289
79 156
79 165
79 307
79 311
80 89
80 105
80 113
80 118
80 124
80 145
80 149
80 258
80 276
80 292
81 101
81 103
81 239
82 104
83 87
83 100
83 150
83 153
83 163
83 185
83 222
83 224
83 239
83 313
84 156
84 291
85 103
85 118
85 265
87 101
87 103
87 129
87 134
87 135
87 152
87 156
87 180
87 249
87 278
88 130
88 133
88 159
88 167
88 181
88 193
89 120
89 124
89 172
89 188
89 210
89 219
90 99
90 118
90 129
90 154
90 210
91 215
92 105
92 130
92 191
92 250
92 262
93 254
94 130
94 131
94 174
94 177
94 247
94 248
94 250
94 287
94 313
95 169
95 215
95 287
95 300
96 110
96 127
96 129
96 135
96 149
96 152
96 175
96 200
97 129
97 135
97 193
97 242
97 264
98 101
98 107
98 110
98 123
98 138
98 218
98 258
99 259
100 206
100 275
101 129
101 142
101 148
101 152
101 174
102 115
102 148
102 149
102 150
102 172
102 200
102 245
103 116
103 117
103 138
103 190
103 198
103 216
103 242
103 262
103 283
104 115
104 129
104 148
104 162
104 171
104 185
104 245
105 110
105 121
105 124
105 132
105 230
105 287
106 152
106 157
106 158
106 217
106 220
106 237
106 307
106 308
107 129
107 154
107 217
108 131
108 135
108 240
108 273
108 313
109 129
109 157
109 166
109 180
109 266
109 269
109 299
110 239
110 304
110 306
111 112
111 118
112 179
112 275
113 288
114 152
114 188
114 217
114 247
114 286
115 198
115 209
115 288
117 162
117 205
117 261
117 271
117 303
118 133
118 135
118 160
118 175
118 218
118 220
118 231
118 237
118 258
118 270
118 287
119 231
120 131
121 150
121 288
122 175
122 179
122 184
122 224
122 239
123 302
123 314
124 131
124 214
124 239
124 275
125 285
126 134
126 214
127 232
127 249
128 133
128 146
128 288
129 131
129 143
129 158
129 159
129 173
129 183
129 200
129 217
129 219
129 222
129 239
129 250
129 252
129 298
130 136
130 154
130 165
130 180
130 200
130 202
130 210
130 212
130 222
130 223
130 231
130 234
130 247
130 249
130 268
130 285
130 287
130 288
131 133
131 134
131 136
131 142
131 152
131 154
131 156
131 167
131 179
131 191
131 193
131 206
131 211
131 247
131 254
131 304
132 188
132 258
132 288
133 136
133 142
133 145
133 148
133 156
133 158
133 171
133 172
133 206
133 217
133 218
133 224
133 263
133 266
133 285
133 287
133 294
133 295
134 180
134 200
134 218
134 223
134 233
134 285
134 305
135 136
135 152
135 156
135 173
135 180
135 205
135 220
135 236
135 252
135 270
135 286
135 294
136 145
136 148
136 180
136 205
136 239
136 252
136 263
136 268
136 299
137 153
137 232
138 178
138 180
138 288
139 287
140 149
140 169
140 200
140 292
141 156
141 173
141 269
142 184
142 208
142 217
142 249
142 295
142 304
144 241
145 285
146 210
146 239
147 188
147 241
147 263
148 191
148 205
148 211
148 216
148 222
148 249
148 283
148 304
149 152
149 185
149 191
149 264
150 155
150 223
150 231
152 188
152 246
153 200
154 244
154 269
154 271
155 206
155 283
156 158
156 167
156 200
156 210
156 223
156 224
156 235
156 249
156 258
156 302
156 314
157 167
157 188
157 211
157 216
157 231
157 243
157 277
157 305
157 314
158 234
158 249
158 302
159 192
159 257
160 193
160 196
160 230
160 264
160 287
160 298
160 305
161 247
161 272
162 173
162 268
162 286
164 210
164 276
165 242
165 272
167 185
167 210
167 218
167 222
167 288
167 314
168 236
168 272
168 297
171 185
171 201
171 288
172 272
172 287
172 304
172 311
173 241
173 303
174 269
175 239
177 206
177 242
177 270
178 231
179 303
180 188
180 242
180 249
181 197
181 215
181 298
182 210
182 229
182 249
185 189
185 304
187 299
188 200
188 234
188 297
191 248
191 263
193 194
193 197
193 202
193 221
193 223
193 258
193 296
193 301
193 307
195 204
195 286
195 295
195 312
196 252
197 219
197 229
197 275
198 286
199 217
200 242
200 244
200 254
200 263
200 268
200 293
201 278
201 285
202 258
203 222
205 210
205 242
205 245
205 297
206 284
209 255
209 256
209 281
210 225
210 252
210 287
211 267
213 231
214 288
215 232
215 234
215 284
215 312
216 247
217 313
218 310
219 220
220 230
220 238
220 268
220 284
220 305
223 275
223 286
224 231
224 233
224 259
224 297
227 242
228 261
229 252
229 287
230 283
231 269
232 298
233 239
233 245
233 249
233 285
234 288
234 303
235 242
236 260
236 272
238 299
238 303
239 266
241 243
241 245
242 272
243 252
243 296
245 275
246 258
247 283
248 287
249 271
249 278
252 288
258 283
258 301
259 271
262 293
263 302
264 271
266 272
266 305
267 275
267 285
267 287
268 288
272 313
273 287
275 281
275 301
276 314
277 304
278 292
282 293
283 288
284 288
285 287
287 296
287 298
293 295
293 296
297 307
297 308
301 305
