0 12
0 286
1 43
1 62
1 63
1 101
1 103
1 126
2 14
2 15
2 45
2 67
2 73
2 75
2 83
2 122
2 124
2 129
2 138
2 148
2 206
2 220
2 230
2 259
2 285
2 299
2 301
2 305
3 81
3 270
4 20
4 59
4 115
4 132
4 233
4 243
5 7
5 8
5 59
5 215
5 267
6 30
6 55
6 266
6 271
7 29
7 31
7 33
7 62
7 118
7 129
7 134
7 157
7 164
7 167
7 169
7 230
7 290
7 314
8 34
8 59
8 62
8 67
8 72
8 75
8 122
8 129
8 136
8 142
8 204
8 288
8 308
8 314
9 16
9 66
9 87
9 129
9 168
9 173
9 258
10 130
10 133
10 169
10 211
11 116
11 167
11 250
11 254
12 34
12 59
12 133
12 137
12 200
12 209
12 271
13 51
13 60
13 95
13 140
13 156
13 157
13 215
13 241
13 283
14 16
14 24
14 77
14 90
14 130
14 135
14 148
14 157
14 221
14 265
14 268
15 185
15 232
15 240
15 298
15 301
16 23
16 26
16 28
16 31
16 40
16 49
16 73
16 115
16 133
16 140
16 148
16 203
16 210
16 244
16 246
16 262
16 292
16 308
17 30
17 62
17 115
17 129
18 19
18 31
18 38
18 104
18 127
18 129
18 193
18 197
18 239
18 263
18 272
18 277
19 31
19 42
19 68
19 128
19 130
19 137
19 156
19 188
19 206
19 249
19 289
19 302
20 33
20 51
20 118
20 194
20 199
20 286
21 40
21 104
21 148
21 180
21 275
21 293
22 49
22 133
22 166
23 59
23 200
23 216
24 130
24 152
24 191
24 233
25 59
25 108
25 130
25 156
25 157
25 215
25 249
25 281
25 295
25 314
26 33
27 34
27 67
27 165
27 179
27 184
27 288
27 311
28 40
28 47
28 74
28 86
28 130
28 145
28 156
29 135
29 138
29 141
29 158
29 192
29 233
29 305
30 130
30 133
30 134
30 142
30 258
30 301
31 42
31 59
31 64
31 70
31 75
31 106
31 117
31 121
31 130
31 156
31 204
31 206
31 220
31 229
31 272
31 275
31 288
31 311
32 37
32 51
32 55
32 56
32 60
32 87
32 95
32 169
32 197
32 201
32 234
32 243
32 283
33 54
33 63
33 67
33 124
33 129
33 139
33 149
33 201
33 217
33 224
33 244
33 277
33 281
33 282
33 287
34 50
34 133
34 134
34 136
34 145
34 146
34 265
34 301
35 46
35 103
35 129
35 130
35 131
35 133
35 154
35 163
35 211
35 296
35 311
36 108
36 117
36 131
36 193
36 233
36 242
36 290
37 67
37 80
37 85
37 136
37 167
37 200
37 209
37 245
37 304
38 39
38 121
38 129
38 135
38 240
38 288
39 164
39 286
40 76
40 103
40 127
40 257
40 273
41 45
41 135
41 138
41 156
41 180
41 234
41 266
42 88
42 98
42 128
42 156
42 192
42 219
42 266
42 293
42 315
43 103
43 144
43 243
43 255
43 264
44 157
44 249
45 69
45 88
45 92
45 103
45 106
45 140
45 148
45 164
45 202
45 245
45 267
45 292
45 295
45 315
46 55
46 66
46 124
46 130
46 133
46 156
46 173
46 187
46 201
46 211
46 213
46 214
46 242
46 258
47 48
47 135
47 144
47 213
47 302
48 185
48 257
48 261
48 288
49 154
49 173
49 216
49 221
49 241
49 248
50 117
50 119
50 127
50 128
50 137
50 148
50 168
50 180
50 188
50 193
50 243
51 68
51 77
51 88
51 98
51 119
51 208
51 237
51 252
51 279
51 286
51 309
52 60
52 67
52 252
54 140
54 167
54 239
54 258
54 269
55 209
55 221
55 260
56 75
56 140
56 153
56 200
56 211
56 229
56 245
56 249
56 287
57 101
57 135
57 245
58 129
58 135
58 220
58 275
58 307
59 78
59 80
59 83
59 97
59 99
59 108
59 129
59 134
59 140
59 145
59 170
59 181
59 184
59 208
59 239
60 113
60 131
60 233
60 257
60 269
60 299
61 103
61 287
62 137
62 179
62 204
62 265
63 132
63 143
63 148
63 174
63 287
64 75
64 76
64 129
64 134
64 214
64 248
64 249
64 292
66 226
66 241
66 273
67 134
67 158
67 160
67 188
67 206
67 218
67 264
67 287
67 298
67 315
68 85
68 130
68 262
68 268
69 92
69 117
69 258
69 298
69 309
70 160
70 210
71 103
72 131
72 153
72 239
73 74
73 95
73 306
74 78
74 130
74 199
74 219
74 272
75 89
75 130
75 134
75 239
75 273
75 281
75 287
75 297
76 107
76 117
76 167
76 174
76 287
77 113
78 134
78 232
78 261
78 294
79 94
79 130
79 131
79 156
80 129
80 156
80 200
80 205
80 217
80 224
80 265
80 275
81 82
81 121
81 147
83 125
83 131
84 148
84 179
84 239
85 142
85 148
85 167
85 179
85 188
85 236
85 271
85 309
86 172
86 175
87 103
87 107
87 124
87 131
87 167
87 179
87 208
87 280
88 103
88 110
88 112
88 206
88 233
88 287
89 97
89 108
89 130
89 180
89 247
90 133
90 136
90 243
90 274
90 314
91 133
91 198
91 287
92 129
92 156
92 232
92 279
92 285
94 133
94 140
94 144
94 200
94 245
94 255
94 267
94 303
95 96
95 130
95 158
95 188
95 195
95 202
96 115
96 210
96 267
96 280
97 138
97 180
97 194
97 206
97 240
97 256
97 288
97 305
97 315
98 129
98 174
98 197
98 258
98 304
99 120
99 167
99 275
100 249
100 286
100 296
101 104
101 107
101 135
101 145
101 146
101 157
101 180
101 272
101 305
102 128
102 146
102 179
102 195
102 242
102 294
103 129
103 133
103 154
103 206
103 274
104 115
104 118
104 129
104 137
104 180
104 209
104 234
104 240
104 249
105 112
105 210
105 223
105 292
105 307
105 313
106 127
106 167
106 179
106 241
106 242
106 249
106 269
106 285
106 306
106 312
107 117
107 149
107 260
107 282
107 303
108 220
108 243
108 249
108 250
109 124
109 145
109 174
109 233
110 138
110 162
110 212
110 244
111 112
111 249
111 283
112 114
112 135
113 129
113 252
113 296
113 307
114 129
114 136
114 148
114 266
114 270
115 160
116 182
117 150
117 158
117 233
117 264
117 287
118 130
118 143
118 174
118 193
118 213
118 308
119 120
119 230
120 136
120 206
121 135
121 235
122 160
122 161
122 224
122 241
123 130
123 131
123 180
124 133
124 136
124 140
124 180
124 262
124 302
125 216
126 206
126 265
127 131
127 156
127 161
127 192
128 171
128 217
129 131
129 134
129 150
129 183
129 190
129 200
129 219
129 252
129 258
129 273
129 276
129 282
129 293
129 303
129 305
129 313
130 131
130 133
130 135
130 136
130 156
130 176
130 184
130 185
130 238
130 249
130 252
130 255
130 276
131 136
131 152
131 172
131 173
131 177
131 180
131 201
131 206
131 210
131 230
131 234
131 250
131 268
131 295
131 303
132 180
132 191
132 222
132 314
133 158
133 167
133 188
133 201
133 202
133 215
133 224
133 237
133 268
133 270
133 287
134 135
134 167
134 172
134 173
134 185
134 197
134 220
134 223
134 234
134 241
134 247
134 257
134 265
134 270
134 279
134 286
134 297
134 303
135 138
135 146
135 165
135 197
135 215
135 217
135 219
135 229
135 233
135 241
135 245
135 247
135 264
135 275
135 286
135 292
135 298
135 303
136 162
136 193
136 200
136 205
136 215
136 239
136 266
136 268
136 281
137 148
137 162
137 287
138 200
138 267
139 177
139 295
139 315
140 167
140 205
140 286
141 148
141 273
142 171
142 265
143 206
144 234
144 287
145 157
145 191
145 228
145 247
145 277
145 278
145 291
146 149
146 231
146 288
148 157
148 165
148 168
148 171
148 206
148 218
148 224
148 276
148 282
149 156
149 211
149 220
149 313
150 288
150 304
150 308
151 156
151 302
152 181
152 288
153 173
153 246
155 252
155 266
156 167
156 185
156 191
156 227
156 232
156 238
156 245
156 256
156 284
156 289
157 172
157 230
157 231
157 234
157 284
157 305
158 173
158 309
159 220
159 231
159 296
159 303
160 162
160 201
160 232
160 275
161 163
162 170
162 261
162 313
166 188
166 218
166 241
166 266
167 197
167 219
167 232
167 271
167 278
167 315
168 199
168 238
168 278
170 249
170 290
171 264
172 188
172 249
172 287
174 242
174 287
174 299
175 182
175 201
177 268
178 244
178 286
179 181
179 215
179 287
180 201
180 239
180 247
180 279
180 303
181 256
182 276
182 285
183 191
184 236
185 252
185 306
186 219
186 304
187 203
188 292
189 211
189 287
191 252
193 200
193 272
193 284
193 305
194 268
196 252
196 315
197 212
197 232
197 273
197 304
198 269
199 227
200 219
200 224
200 250
200 260
200 279
201 239
204 286
205 221
205 266
205 281
205 310
206 232
206 241
206 293
208 286
209 287
210 223
210 249
210 287
210 288
211 246
211 265
212 233
212 241
212 286
213 224
213 247
214 231
215 220
215 242
215 265
215 267
215 286
215 287
216 243
216 287
217 249
217 305
218 255
218 269
218 270
219 278
220 261
220 294
220 312
221 223
222 266
224 246
227 238
229 296
231 284
231 294
232 238
232 241
232 287
233 249
233 311
235 242
235 279
237 297
238 262
238 269
239 243
239 255
239 258
239 280
240 256
240 284
242 258
242 288
244 295
245 305
246 273
248 299
249 275
249 279
249 286
249 304
250 275
252 278
252 298
252 310
254 267
255 267
255 292
263 271
264 271
264 286
266 299
270 288
271 304
272 288
277 279
280 304
283 296
286 305
287 301
287 304
292 305
292 314
303 310
