0 23
0 149
0 261
0 266
1 49
1 107
1 131
1 145
1 148
1 193
1 242
2 6
2 8
2 21
2 43
2 47
2 48
2 64
2 74
2 89
2 111
2 115
2 129
2 131
2 134
2 167
2 172
2 196
2 205
2 248
2 287
2 306
3 58
3 78
3 135
3 193
3 237
3 275
4 130
4 152
4 200
4 241
4 268
5 30
5 32
5 47
5 95
5 106
5 251
5 266
5 288
5 302
6 16
6 19
6 84
6 104
6 201
7 32
7 80
7 95
7 119
7 185
7 188
7 242
7 245
7 287
8 14
8 23
8 56
8 60
8 74
8 80
8 116
8 121
8 124
8 139
8 145
8 167
8 173
8 176
8 180
8 197
8 219
8 252
8 313
9 20
9 103
9 287
11 16
11 59
11 73
11 129
11 156
11 157
11 252
12 79
12 114
12 134
12 150
12 168
12 199
12 242
12 303
13 50
13 67
13 129
13 134
13 252
13 273
14 45
14 95
14 106
14 110
14 129
14 130
14 154
14 188
14 213
14 246
14 305
15 36
15 87
15 160
15 175
15 193
15 279
15 305
16 47
16 64
16 111
16 129
16 133
16 134
16 138
16 157
16 220
16 238
16 286
17 132
17 202
17 229
17 287
18 21
18 107
18 117
18 131
18 133
18 141
18 158
18 213
18 214
19 106
19 135
19 270
20 77
20 128
20 141
20 286
21 68
21 73
21 134
21 156
21 240
21 302
22 39
22 156
22 157
22 167
23 213
23 215
23 268
23 311
24 28
24 50
24 84
24 90
24 114
24 212
24 245
25 46
25 47
25 94
25 174
25 299
25 305
27 32
27 104
27 122
27 129
27 224
28 64
28 95
28 132
28 158
28 185
28 190
28 215
28 240
28 282
28 283
29 37
29 214
29 284
30 76
30 101
30 118
30 124
30 209
30 248
31 33
31 92
31 118
31 133
31 174
31 224
31 233
32 53
32 71
32 87
32 102
32 152
32 180
32 206
32 219
32 230
32 259
32 287
32 304
33 51
33 56
33 63
33 105
33 135
33 150
33 156
33 287
33 292
34 46
34 81
34 118
34 133
34 210
34 244
34 267
34 272
34 288
34 296
35 38
35 67
35 206
35 233
36 63
36 95
36 157
36 205
36 255
36 286
36 297
37 63
37 289
38 124
38 130
38 133
38 135
38 231
39 117
39 221
39 239
39 262
39 305
40 55
40 102
40 105
40 110
40 193
40 260
41 60
41 136
42 83
42 129
42 177
42 201
42 305
43 51
43 116
43 122
43 283
44 50
44 135
45 55
45 81
45 108
45 109
45 122
45 156
45 217
45 231
45 267
45 284
46 67
46 94
46 129
46 130
46 133
46 157
46 159
46 162
46 180
46 188
46 192
46 208
46 213
46 257
46 299
47 62
47 89
47 94
47 103
47 104
47 133
47 154
47 166
47 169
47 182
47 215
47 218
47 220
47 234
47 249
47 305
48 133
48 148
48 156
48 192
48 202
48 224
48 230
49 52
49 135
49 236
50 87
50 164
50 200
50 219
50 303
51 52
51 101
51 131
51 133
51 134
51 136
51 145
51 200
51 214
51 231
51 286
51 301
51 305
52 61
52 131
52 157
53 64
53 102
53 107
53 108
53 287
54 102
54 301
55 61
55 135
55 160
55 228
56 180
56 217
57 131
58 121
59 97
59 111
59 132
59 133
59 134
59 234
59 288
60 67
60 70
60 122
60 131
60 133
60 135
60 184
60 191
60 204
60 262
61 103
61 104
62 72
62 81
62 104
62 193
62 240
63 148
63 152
63 294
63 309
64 76
64 101
64 105
64 125
64 140
64 294
65 118
65 196
65 202
65 219
65 223
66 135
66 172
66 193
66 195
66 214
66 293
66 314
67 105
67 129
67 136
67 138
67 176
67 181
67 222
67 280
67 286
68 85
68 94
68 102
68 217
68 296
69 117
69 131
69 295
70 149
70 266
70 269
71 124
71 200
71 287
71 296
72 101
72 129
72 217
73 116
74 103
74 104
74 133
74 179
74 193
74 200
74 265
74 287
75 223
76 148
76 181
76 216
76 228
76 249
77 152
77 295
78 80
78 102
78 103
78 122
78 135
78 191
78 207
78 215
79 124
79 134
79 239
80 118
80 153
80 200
81 88
81 98
81 103
81 106
81 130
81 134
81 156
81 165
81 185
81 189
81 220
81 234
81 258
81 272
81 291
82 313
83 269
84 134
84 191
85 87
85 121
85 134
85 275
86 122
86 145
86 286
86 308
87 96
87 150
87 161
87 303
88 90
88 103
88 107
88 108
88 109
88 135
88 272
88 275
89 97
89 133
89 184
89 199
90 135
90 162
91 115
91 157
91 173
91 224
91 285
92 126
92 134
92 143
92 156
92 176
92 296
93 239
93 256
94 157
94 163
94 166
94 211
94 299
95 108
95 133
95 138
95 140
95 180
95 185
96 152
96 265
96 285
96 286
96 293
97 106
97 135
97 140
97 150
97 179
97 244
97 272
97 290
98 135
98 153
98 156
99 103
99 129
99 134
99 288
99 304
100 156
100 174
100 287
100 294
101 135
101 140
101 149
101 166
101 174
101 192
101 193
101 249
101 262
102 105
102 118
102 135
102 138
102 180
102 191
102 224
102 267
102 283
102 305
103 123
103 134
103 165
103 180
103 249
103 269
103 289
103 301
104 106
104 108
104 134
104 159
104 164
105 107
105 129
105 156
105 233
105 279
106 129
106 165
106 246
106 275
106 288
107 134
107 200
107 214
107 310
108 177
108 234
108 250
108 287
108 295
109 118
109 134
109 136
109 288
110 131
110 193
111 148
111 220
111 249
112 129
112 179
112 184
112 205
112 206
112 220
112 233
112 305
112 310
113 298
114 131
114 196
115 131
115 213
115 305
116 134
116 258
117 131
117 138
117 140
117 249
117 288
118 130
118 133
118 145
118 223
118 230
118 260
118 285
118 294
119 156
120 130
120 139
120 208
120 305
120 313
121 143
121 148
121 248
122 258
123 161
123 174
123 180
123 240
124 129
124 131
124 134
124 139
124 145
124 155
124 167
124 215
124 229
124 262
124 264
124 267
124 280
124 286
124 303
124 304
125 134
125 270
125 285
126 138
126 174
127 159
127 288
128 200
128 229
128 287
128 294
129 135
129 172
129 191
129 192
129 193
129 206
129 219
129 236
129 239
129 245
129 246
129 248
129 254
129 272
129 296
129 306
130 134
130 145
130 156
130 160
130 171
130 180
130 193
130 210
130 211
130 247
130 269
130 273
130 276
130 284
130 288
130 299
131 132
131 133
131 134
131 135
131 137
131 148
131 166
131 188
131 233
131 243
131 246
131 249
131 261
131 269
131 275
131 315
132 167
132 287
133 148
133 152
133 156
133 169
133 211
133 223
133 233
133 243
133 255
133 266
133 271
133 285
133 286
133 293
133 297
133 301
133 311
134 136
134 156
134 157
134 160
134 172
134 181
134 193
134 200
134 205
134 242
134 244
134 249
134 254
134 264
134 266
134 269
134 283
134 313
135 145
135 158
135 175
135 200
135 224
135 280
135 296
136 148
136 149
136 157
136 163
136 176
136 193
136 224
136 246
136 287
137 226
138 161
138 168
138 218
138 221
138 232
138 252
138 286
139 168
139 188
139 210
139 221
140 147
140 156
140 162
140 165
140 167
140 192
140 217
141 260
141 291
142 156
142 162
142 174
142 193
142 271
143 239
143 288
144 272
144 288
145 266
145 291
146 160
146 175
147 249
148 167
148 169
148 277
148 287
149 180
149 191
149 197
149 217
149 243
149 249
149 287
150 234
150 298
152 177
152 179
152 226
152 302
154 156
154 232
154 279
154 287
154 288
154 314
156 193
156 203
156 204
156 239
156 245
156 249
156 269
156 277
156 284
156 315
157 224
157 238
157 242
157 249
157 255
157 262
157 283
157 287
158 274
158 287
159 197
159 240
159 249
159 270
160 180
160 193
160 220
160 269
161 206
161 217
161 266
162 216
162 278
163 232
163 279
164 233
164 286
165 247
165 283
166 241
167 171
167 218
167 230
167 231
167 273
167 284
167 301
169 215
171 213
172 179
172 240
173 233
174 210
174 241
174 260
174 293
174 315
176 245
176 304
178 242
179 218
179 260
179 312
180 200
180 207
180 230
180 233
180 244
180 245
180 267
180 305
181 208
181 224
182 200
184 295
184 313
185 221
185 268
185 283
185 296
187 217
188 193
188 240
188 297
188 305
191 225
191 230
191 288
192 193
193 208
193 210
193 244
193 249
193 278
193 287
193 305
194 212
194 268
195 241
195 275
196 200
196 276
196 287
197 218
197 286
197 305
200 201
200 219
200 231
200 233
200 236
200 276
200 304
200 309
201 215
201 287
201 305
204 286
205 220
205 239
205 291
206 228
206 244
206 249
206 295
208 275
209 241
209 285
210 246
210 279
210 281
211 264
211 278
212 242
212 298
215 249
215 279
216 272
217 230
217 242
217 295
217 297
218 231
218 287
219 241
219 278
220 241
220 245
221 239
221 277
221 286
222 249
223 245
223 307
224 287
226 239
227 234
229 314
230 268
231 279
231 296
232 238
232 252
232 266
233 248
234 288
234 305
235 314
238 243
239 243
239 253
239 267
239 270
239 299
239 301
240 271
240 309
242 275
242 287
243 275
244 286
245 250
245 271
246 276
247 266
249 303
250 271
252 263
252 286
255 282
257 287
260 271
260 275
261 269
261 295
263 267
266 305
268 309
272 310
274 285
275 278
275 291
276 280
276 288
283 286
283 309
285 287
285 296
285 310
291 294
295 315
299 304
300 313
304 308
