0 27
0 48
0 52
0 60
0 110
0 135
0 156
1 5
1 7
1 24
1 67
1 109
1 133
1 135
1 249
1 271
2 25
2 102
2 103
2 124
2 125
2 133
2 156
2 158
2 267
2 297
3 36
3 47
3 91
3 118
3 135
3 166
4 89
4 109
4 145
4 156
4 308
5 33
5 38
5 81
5 114
5 124
5 149
5 192
5 217
5 247
6 46
6 131
6 134
6 187
6 188
6 197
6 218
6 315
7 21
7 37
7 77
7 92
7 124
7 131
7 134
7 208
7 259
7 271
7 277
8 33
8 36
8 64
8 80
8 131
8 134
8 168
8 172
8 180
8 192
8 199
8 205
8 210
8 230
8 231
8 286
9 73
9 96
9 187
9 287
10 59
11 69
11 129
11 133
11 156
11 206
11 230
11 267
12 33
12 63
12 143
12 156
12 174
12 211
12 286
12 300
12 314
13 20
13 33
13 92
13 129
13 131
13 134
13 210
13 212
13 233
14 22
14 25
14 103
14 131
14 203
14 227
14 249
14 267
14 305
15 33
15 103
15 111
15 140
15 150
15 167
15 230
15 292
16 20
16 29
16 52
16 57
16 97
16 130
16 134
16 140
16 149
16 156
16 166
16 179
16 180
16 212
16 215
16 224
16 285
16 292
17 23
17 54
17 77
17 106
17 268
18 29
18 121
18 133
18 135
18 175
18 212
18 215
18 295
18 313
19 135
19 276
19 288
20 35
20 70
20 134
20 168
20 178
20 181
20 302
21 118
21 166
21 234
21 288
22 91
22 131
22 160
22 205
22 235
22 282
23 81
24 31
24 38
24 56
24 80
24 105
24 161
24 168
24 200
24 249
25 41
25 95
25 110
25 226
25 283
25 292
27 75
27 79
27 110
27 129
27 206
27 293
28 35
28 64
28 68
28 130
28 150
28 186
28 302
29 134
29 149
29 174
30 52
30 55
30 136
30 157
30 180
30 288
31 45
31 59
31 101
31 110
31 127
31 133
31 173
31 206
31 245
31 249
31 315
32 46
32 108
32 114
32 134
32 219
32 220
32 221
32 234
32 285
32 303
32 314
33 67
33 71
33 90
33 100
33 104
33 112
33 135
33 144
33 148
33 152
33 162
33 183
33 188
33 202
33 239
33 242
33 264
33 274
34 105
34 119
34 213
34 245
34 246
35 56
35 121
35 165
35 172
35 278
35 287
36 52
36 73
36 98
36 118
36 129
36 130
36 156
36 157
36 177
37 85
37 129
37 144
37 156
37 167
37 210
37 239
38 113
38 128
38 218
38 295
38 298
39 149
39 259
40 102
40 130
40 134
40 140
40 148
40 188
40 233
40 286
41 80
41 303
42 98
42 102
42 104
42 124
42 132
42 143
42 162
42 200
43 56
43 61
43 91
43 97
43 106
43 133
43 136
43 139
43 148
43 208
43 279
43 314
44 217
44 288
45 57
45 67
45 68
45 108
45 120
45 131
45 204
45 217
46 139
46 176
46 205
46 231
46 258
46 291
46 295
47 61
47 68
47 134
47 148
47 185
47 216
48 120
48 122
48 131
48 186
48 213
48 306
48 310
49 67
49 121
49 131
49 144
49 219
49 309
50 110
50 134
50 164
50 172
50 181
50 205
50 210
50 258
50 264
51 103
51 105
51 137
51 152
51 167
51 188
51 201
51 252
51 259
51 295
52 134
53 174
53 175
53 212
54 89
54 156
54 241
54 249
55 96
55 104
55 109
55 211
55 256
56 61
56 156
56 166
56 210
56 249
57 249
58 78
58 134
58 152
59 105
59 124
59 129
59 131
59 157
59 224
59 277
59 287
59 294
59 296
59 305
59 306
60 105
60 110
60 210
60 211
60 212
60 272
61 66
61 74
61 94
61 104
61 137
61 185
61 202
61 261
62 131
62 134
62 156
62 246
62 250
62 288
62 301
62 310
63 286
63 315
64 110
64 120
64 134
64 148
64 182
64 308
65 138
65 181
66 109
66 287
67 75
67 85
67 130
67 135
67 152
67 155
67 161
67 180
67 185
67 220
67 241
67 268
67 272
67 276
67 309
68 95
68 103
68 131
68 167
68 210
68 231
68 255
69 74
69 75
70 156
70 262
71 78
71 129
71 146
71 216
71 299
72 185
73 156
73 193
73 242
73 244
73 280
74 80
74 89
74 130
74 159
74 160
74 197
74 211
74 238
74 257
74 258
74 309
75 98
75 101
75 189
75 205
75 232
75 242
75 297
76 87
76 101
76 118
76 146
76 200
76 297
76 312
77 96
77 121
77 164
78 215
78 250
78 281
78 293
79 139
79 145
79 200
80 131
80 181
80 217
80 269
80 288
80 308
80 314
81 133
81 148
81 258
81 285
81 295
81 297
82 157
82 245
82 266
83 160
83 235
83 287
84 136
84 229
84 271
85 130
85 142
85 223
86 134
87 101
87 102
87 130
87 132
87 145
87 156
87 195
87 200
87 208
87 285
88 105
88 133
88 134
88 200
88 226
89 94
89 105
89 128
89 133
89 156
89 243
89 248
89 285
89 293
90 210
90 220
90 229
92 98
92 134
92 138
92 180
92 193
92 197
92 280
93 116
94 197
94 215
95 156
95 283
95 313
96 172
96 178
96 224
96 240
96 288
96 289
96 294
97 102
97 129
97 134
97 306
98 117
98 118
98 134
98 135
98 232
98 233
98 287
99 118
99 167
99 201
99 286
100 133
100 205
100 236
101 103
101 211
101 242
101 252
101 271
101 290
102 131
102 189
102 200
102 221
102 267
102 278
103 104
103 106
103 114
103 122
103 131
103 135
103 181
103 207
103 292
103 307
103 309
104 113
104 115
104 192
104 222
104 239
104 313
105 130
105 165
105 200
105 282
106 174
106 180
106 188
106 222
106 234
106 273
106 303
107 124
107 135
108 138
108 156
108 193
108 197
108 212
109 160
109 273
110 116
110 149
110 180
111 157
111 174
112 129
112 131
112 169
112 200
113 133
113 286
114 178
114 190
114 246
115 151
115 161
115 164
115 204
115 233
116 249
117 122
117 131
117 136
117 148
117 248
117 264
117 282
118 130
118 133
118 142
118 163
118 179
118 197
118 220
118 246
118 249
118 277
118 279
120 246
121 129
121 136
121 207
121 211
121 287
122 154
122 164
122 183
123 136
123 258
123 272
124 133
124 135
124 148
124 153
124 167
124 200
124 210
124 233
124 234
124 292
124 301
124 305
124 315
125 153
126 305
127 160
127 283
127 299
128 131
128 148
128 175
128 223
128 248
129 154
129 163
129 171
129 200
129 204
129 205
129 209
129 221
129 226
129 228
129 234
129 239
129 242
129 246
129 263
129 271
129 286
129 292
129 298
130 133
130 134
130 135
130 144
130 145
130 156
130 158
130 161
130 167
130 179
130 180
130 188
130 209
130 225
130 263
130 279
130 280
130 284
130 285
130 287
130 296
130 305
130 311
131 133
131 136
131 156
131 168
131 181
131 186
131 195
131 216
131 217
131 233
131 273
131 293
131 311
132 133
132 180
133 136
133 140
133 151
133 152
133 159
133 163
133 164
133 169
133 172
133 175
133 192
133 218
133 286
133 301
134 135
134 136
134 166
134 180
134 204
134 205
134 206
134 210
134 215
134 219
134 241
134 244
134 252
134 264
134 287
135 136
135 140
135 147
135 148
135 152
135 156
135 193
135 194
135 219
135 224
135 239
135 258
135 263
135 287
135 288
135 303
136 142
136 149
136 152
136 156
136 191
136 195
136 209
136 210
136 225
136 234
136 253
136 269
136 297
137 200
137 240
137 242
137 246
137 247
137 287
138 159
138 188
138 200
138 216
138 227
138 242
138 247
138 251
138 275
139 174
139 287
139 298
139 303
140 159
140 288
141 279
141 285
142 160
142 208
142 239
142 245
142 298
142 313
143 161
145 230
145 286
145 288
146 187
147 248
147 249
147 260
147 272
148 166
148 180
148 184
148 231
148 269
148 281
148 301
149 159
149 161
149 177
149 210
149 217
149 239
150 171
150 304
151 176
152 195
152 223
152 246
152 287
153 177
153 241
154 206
154 230
154 231
154 241
154 262
154 286
155 200
156 182
156 187
156 224
156 228
156 242
156 249
156 286
156 288
156 296
156 298
157 173
157 187
157 193
157 239
157 240
157 277
159 167
159 193
159 200
159 239
159 242
159 309
160 182
160 188
160 214
160 223
160 287
160 303
161 253
161 284
161 287
162 202
162 216
162 284
163 214
163 252
164 205
164 224
164 286
165 205
165 271
166 180
167 233
167 288
168 309
169 193
169 259
172 215
172 260
172 280
174 191
174 223
174 226
174 259
174 278
175 245
176 222
177 245
179 206
179 273
180 200
180 205
180 217
180 219
180 249
180 306
181 193
181 214
182 219
182 286
184 247
185 249
186 188
186 241
186 270
188 280
188 291
188 304
188 314
190 248
190 269
192 200
193 309
194 239
196 206
196 233
196 245
197 271
197 273
198 210
200 220
200 287
200 288
200 305
200 310
202 307
204 247
205 229
205 279
205 287
206 213
206 231
206 262
206 275
206 276
207 216
208 224
208 229
208 249
208 287
210 218
210 231
210 253
210 260
211 220
211 239
211 281
211 309
212 288
212 302
215 243
215 246
215 248
215 272
215 278
215 295
215 301
216 249
217 230
217 288
218 298
219 257
219 273
219 303
220 232
220 241
220 266
220 271
220 288
220 291
220 307
221 259
222 232
224 231
224 236
224 272
224 279
229 262
232 233
232 298
232 301
233 245
233 249
233 278
233 285
233 297
235 263
237 293
239 279
239 283
239 309
241 266
241 275
241 287
241 303
242 273
242 288
243 268
244 287
244 288
245 255
246 304
247 248
247 268
247 281
247 287
247 307
248 267
248 283
249 273
252 268
252 275
254 283
255 302
255 305
258 287
258 288
260 271
266 288
267 288
273 304
274 305
275 287
275 309
278 288
279 281
279 293
282 286
284 287
285 301
285 302
286 287
287 290
287 315
288 296
288 313
292 298
298 305
302 312
