0 34
0 212
1 48
1 152
1 191
1 218
1 286
2 28
2 45
2 66
2 70
2 76
2 81
2 90
2 97
2 129
2 130
2 134
2 136
2 137
2 138
2 156
2 179
2 200
2 220
2 260
2 270
2 299
2 301
2 315
3 218
3 275
3 276
3 281
4 7
4 16
4 36
4 46
4 94
4 135
4 206
4 242
5 61
5 110
5 132
5 135
5 179
5 213
6 25
6 32
6 122
6 129
6 175
6 207
6 221
6 269
7 31
7 33
7 35
7 100
7 129
7 136
7 146
7 150
7 156
7 193
7 197
7 200
7 244
7 288
7 315
8 20
8 27
8 71
8 75
8 89
8 102
8 103
8 120
8 130
8 166
8 179
8 197
8 200
8 219
8 288
8 291
9 15
9 41
9 106
9 129
9 156
9 276
10 83
10 133
10 223
10 260
11 56
11 241
11 249
12 24
12 75
12 78
12 118
12 129
12 194
12 208
12 252
12 263
13 19
13 25
13 43
13 50
13 76
13 81
13 148
13 219
13 276
13 303
14 28
14 47
14 129
14 131
14 149
14 314
15 60
15 86
15 108
15 112
15 124
15 150
15 156
15 180
15 187
15 232
15 247
16 18
16 92
16 94
16 117
16 120
16 122
16 129
16 151
16 156
16 200
16 217
16 219
16 220
16 221
16 232
16 256
16 284
16 291
18 20
18 50
18 182
18 273
19 87
19 154
20 60
20 64
20 104
20 121
20 150
20 157
20 206
20 216
20 242
20 244
20 276
20 284
20 288
21 134
22 110
22 137
22 167
22 266
22 272
23 118
23 124
23 131
23 204
23 296
24 28
24 87
24 130
24 140
24 200
24 230
24 244
25 133
25 241
25 269
26 45
26 133
26 305
27 65
27 107
27 129
27 151
28 92
28 154
28 160
28 206
28 222
28 224
28 239
28 269
28 308
29 31
29 79
29 85
29 135
29 156
29 157
29 179
29 220
29 275
30 38
30 47
30 111
30 134
30 135
30 205
30 255
30 302
31 32
31 59
31 62
31 75
31 101
31 133
31 173
31 185
31 187
31 205
31 213
31 215
31 218
31 258
31 292
32 45
32 49
32 51
32 75
32 79
32 95
32 104
32 130
32 133
32 146
32 150
32 152
32 156
32 184
32 217
32 221
32 264
32 281
32 286
32 296
33 46
33 129
33 131
33 133
33 147
33 152
33 160
33 215
33 238
33 249
33 299
34 97
34 110
34 126
34 148
34 211
34 288
35 59
35 68
35 107
35 129
35 130
35 286
35 315
36 98
36 101
36 106
36 124
36 174
36 189
36 221
36 257
36 267
36 269
37 43
37 49
37 129
37 166
37 184
37 305
38 54
38 241
38 252
38 304
39 74
39 96
39 112
39 118
39 136
39 186
39 208
40 74
40 80
40 134
40 200
40 274
41 51
41 56
41 124
41 136
41 174
41 285
42 281
43 75
43 79
43 96
43 133
43 143
43 148
44 50
44 80
44 153
44 166
44 174
44 187
45 47
45 97
45 104
45 133
45 135
45 148
45 155
45 184
45 206
45 212
45 224
45 250
45 281
45 287
45 309
46 49
46 59
46 75
46 106
46 122
46 123
46 128
46 135
46 149
46 155
46 195
46 199
46 210
46 215
46 252
46 286
47 109
47 124
47 130
47 133
47 188
47 234
47 303
48 92
48 102
48 116
48 154
48 156
48 163
48 182
48 231
49 67
49 122
49 248
49 249
50 149
50 163
50 178
50 184
50 195
50 201
50 247
50 249
50 288
50 314
51 59
51 88
51 239
52 156
53 210
54 133
54 243
54 288
54 293
54 313
55 57
55 211
56 88
56 135
56 196
56 239
56 287
57 68
57 229
58 204
59 81
59 85
59 88
59 103
59 131
59 211
59 214
59 241
59 296
60 74
60 129
60 154
60 208
60 234
60 274
60 315
61 205
61 282
62 88
62 148
62 193
62 206
62 267
62 292
62 296
63 106
63 135
63 252
63 294
64 74
64 83
64 106
64 115
64 151
64 286
65 149
66 118
66 160
66 235
66 285
67 111
67 131
67 132
67 135
67 136
67 145
67 172
67 199
67 287
67 301
67 313
68 71
68 75
68 149
68 184
68 186
68 214
68 249
69 85
69 105
69 148
69 287
70 144
70 167
71 78
71 166
71 287
72 105
72 121
72 160
72 236
73 113
73 121
73 130
73 153
73 285
74 96
74 103
74 129
74 141
74 167
74 177
74 242
74 275
74 290
74 303
75 109
75 112
75 128
75 129
75 156
75 197
75 200
75 245
75 288
75 296
76 156
76 178
76 181
76 208
76 276
76 293
77 125
77 158
77 179
77 252
77 266
78 131
78 200
78 202
78 215
79 134
79 154
80 158
80 202
81 89
81 112
81 188
81 206
81 242
82 119
83 98
83 103
83 142
83 172
83 287
84 102
84 225
84 286
85 122
85 133
85 134
85 157
85 197
85 303
86 119
87 130
87 138
87 152
88 130
88 136
88 194
89 116
89 117
89 126
89 129
89 135
89 150
89 164
89 230
90 298
91 143
91 198
91 200
91 204
92 95
92 129
92 135
92 232
92 290
93 166
93 233
94 149
94 165
94 179
94 193
94 298
95 200
95 229
95 252
95 304
96 118
96 148
96 168
96 185
97 313
98 106
98 130
98 134
98 239
98 286
99 103
99 135
99 200
99 252
99 293
100 233
100 246
100 258
100 309
101 117
101 129
101 216
101 230
101 275
101 288
101 304
102 112
102 131
102 139
102 149
102 156
102 163
102 200
102 205
102 215
102 230
102 272
102 284
103 105
103 129
103 158
103 167
103 180
103 229
103 299
104 129
104 164
104 167
104 261
104 290
105 108
105 124
105 134
105 160
105 188
106 188
106 239
106 248
106 286
107 113
107 136
107 163
107 244
107 305
108 129
108 180
108 185
108 283
108 310
109 112
109 158
110 162
110 192
110 214
110 258
110 315
111 143
111 287
114 131
115 220
115 294
115 303
116 142
116 200
116 218
116 270
117 140
117 156
117 166
117 269
117 272
117 279
117 291
118 122
118 124
118 158
118 177
118 180
118 282
118 288
119 200
119 205
121 126
121 210
121 242
121 269
121 304
122 134
122 154
122 159
122 173
122 191
122 221
123 176
123 177
123 222
124 134
124 135
124 201
124 231
124 239
124 242
124 270
125 193
125 210
125 227
126 134
126 233
126 235
127 266
127 288
128 293
129 130
129 133
129 135
129 136
129 145
129 156
129 157
129 168
129 188
129 191
129 193
129 209
129 215
129 219
129 224
129 266
129 272
129 287
129 303
129 307
130 134
130 150
130 156
130 157
130 179
130 206
130 220
130 242
130 244
130 246
130 277
130 287
130 291
130 292
130 301
131 149
131 156
131 158
131 160
131 196
131 203
131 210
131 244
131 247
131 249
131 255
131 260
131 280
131 281
131 284
131 287
131 288
131 307
132 273
132 281
132 307
133 134
133 135
133 136
133 152
133 182
133 206
133 214
133 244
133 266
133 281
134 136
134 140
134 148
134 159
134 200
134 217
134 241
134 245
134 247
134 275
134 287
134 302
134 303
134 305
135 136
135 156
135 157
135 172
135 182
135 192
135 200
135 210
135 212
135 214
135 224
135 225
135 246
135 278
135 284
135 287
135 297
136 145
136 153
136 154
136 157
136 167
136 179
136 233
136 234
136 239
136 252
136 271
137 242
137 269
137 288
138 167
138 304
140 249
142 249
142 280
143 215
143 222
144 156
145 185
146 287
147 212
148 159
148 174
148 223
148 252
148 279
148 294
148 306
148 308
149 167
149 180
149 194
149 285
149 287
150 277
151 266
151 301
152 162
152 176
152 181
152 184
152 199
152 211
152 224
152 252
153 156
153 236
153 246
154 188
154 208
154 238
154 244
154 309
155 271
156 159
156 192
156 201
156 211
156 218
156 222
156 227
156 233
156 244
156 275
156 285
156 286
156 287
156 288
157 199
158 217
159 194
159 234
160 217
160 244
160 255
160 272
160 275
160 304
161 211
162 182
162 269
162 294
162 311
163 180
163 213
164 275
164 294
166 200
167 198
167 238
167 260
168 191
169 219
172 185
174 178
174 276
175 271
175 303
176 287
176 298
177 201
177 277
178 180
179 257
179 262
179 279
179 314
180 230
180 276
180 303
181 191
181 249
181 273
184 196
184 283
185 252
185 257
187 298
188 200
188 230
188 238
188 286
188 297
188 304
190 204
190 288
191 205
191 209
191 221
191 229
191 238
191 242
192 298
193 206
193 210
193 212
193 218
194 235
194 299
196 291
197 219
197 262
197 276
199 260
199 290
200 210
200 216
200 277
200 287
200 305
201 243
201 279
205 271
206 208
206 255
206 272
206 305
207 265
208 213
209 298
209 306
210 211
210 238
210 267
210 302
211 241
212 220
213 241
213 269
214 233
214 247
214 269
215 218
215 231
215 253
215 286
215 303
216 220
216 244
216 247
216 256
217 221
217 287
217 290
217 299
218 282
218 287
219 224
220 226
222 224
222 247
224 246
224 284
230 282
230 297
230 304
232 249
232 287
233 242
239 266
239 299
239 308
240 276
240 304
241 246
241 252
242 272
242 275
242 285
245 291
247 287
248 288
249 269
249 292
249 293
254 309
260 284
261 287
265 304
268 314
269 302
272 281
272 301
275 309
276 298
277 280
279 308
280 287
284 315
285 305
287 295
302 313
304 315
