0 24
1 76
1 232
2 26
2 38
2 61
2 79
2 85
2 87
2 90
2 109
2 124
2 129
2 147
2 157
2 197
2 210
2 236
2 242
2 268
2 286
2 287
2 294
2 296
2 298
3 103
3 104
3 138
3 140
3 211
3 217
4 79
4 112
4 167
4 294
5 44
5 56
5 95
5 120
5 174
5 240
5 247
5 269
5 314
6 21
6 25
6 34
6 42
6 77
6 272
6 283
7 55
7 74
7 100
7 102
7 124
7 134
7 181
7 193
7 210
7 218
7 231
7 239
7 249
7 273
7 277
7 287
8 31
8 33
8 143
8 159
8 171
8 188
8 200
8 223
8 246
8 287
9 99
9 210
9 215
9 283
10 102
10 218
10 252
11 72
11 130
11 287
11 304
12 131
12 134
12 136
12 179
12 241
12 249
12 309
13 27
13 83
13 110
13 273
14 58
14 124
14 167
14 230
14 267
15 50
15 123
15 126
15 142
15 150
15 155
15 239
15 258
15 264
15 285
15 314
16 23
16 82
16 86
16 97
16 107
16 108
16 116
16 121
16 130
16 131
16 134
16 154
16 188
16 197
16 241
16 286
17 128
17 130
17 201
17 204
18 45
18 64
18 68
18 75
18 97
18 130
18 160
18 194
18 240
18 279
18 288
19 97
19 157
19 177
19 179
19 287
20 138
20 183
20 230
20 260
20 288
20 309
21 132
21 182
21 289
22 31
22 76
22 173
23 137
23 156
23 195
23 200
24 46
24 160
24 231
24 283
25 90
25 123
25 131
25 156
25 206
25 210
25 243
26 44
26 110
26 233
27 51
27 73
27 92
27 123
27 252
28 76
28 106
28 130
29 83
29 188
29 206
30 46
30 59
30 84
30 175
30 241
30 279
31 46
31 64
31 133
31 134
31 149
31 193
31 213
31 232
31 258
31 279
32 36
32 39
32 40
32 46
32 54
32 94
32 103
32 109
32 116
32 118
32 129
32 136
32 138
32 157
32 160
32 162
32 184
32 188
32 192
32 200
32 206
32 292
33 45
33 102
33 130
33 148
33 188
33 193
33 200
33 206
33 234
33 284
34 42
34 97
34 180
34 295
34 315
35 130
35 136
35 157
35 178
35 244
36 130
36 166
37 67
37 96
37 102
37 264
37 298
38 135
38 200
38 207
39 98
39 161
39 185
39 210
39 217
39 287
40 105
40 110
40 242
41 47
41 208
42 56
42 104
42 128
42 139
42 145
42 178
42 215
42 286
42 295
43 59
43 105
43 110
43 213
43 252
43 260
44 103
44 180
44 193
44 197
45 67
45 81
45 86
45 134
45 139
45 148
45 209
45 268
45 271
45 305
46 68
46 92
46 99
46 106
46 124
46 128
46 152
46 157
46 166
46 186
46 247
46 296
46 297
46 303
47 60
47 81
47 135
47 156
47 166
47 234
49 64
49 75
49 178
49 195
49 201
49 242
49 268
50 144
50 156
51 131
51 177
51 309
52 85
52 164
52 237
53 102
53 200
54 69
54 75
54 124
54 125
54 129
54 173
54 231
54 246
54 297
55 101
55 160
55 200
55 215
55 262
55 305
56 81
56 101
56 122
56 275
56 285
57 97
57 146
57 188
57 239
58 92
58 157
59 69
59 103
59 121
59 129
59 130
59 182
59 196
59 219
59 232
59 249
59 288
59 290
60 131
60 133
60 135
60 217
61 110
61 150
61 257
62 118
63 140
63 200
64 70
64 88
64 131
64 172
64 184
64 185
64 273
65 74
65 147
65 192
65 234
66 165
66 179
66 209
66 225
67 68
67 80
67 87
67 95
67 105
67 122
67 141
67 207
67 225
67 242
67 313
68 149
68 177
68 197
68 232
68 274
69 130
69 167
69 220
69 271
69 298
70 73
70 130
70 134
70 219
71 139
72 222
72 280
72 304
73 136
73 142
73 210
74 75
74 98
74 132
74 145
74 176
74 215
75 78
75 171
75 199
76 129
76 135
76 151
76 225
77 101
77 136
77 149
77 195
77 204
77 208
78 103
78 129
78 131
78 176
78 255
78 267
78 274
78 304
79 98
80 81
80 110
80 157
80 184
80 223
80 245
80 285
80 286
80 298
81 110
81 133
81 168
81 239
81 265
83 131
83 135
83 238
83 273
84 132
84 179
84 249
84 275
85 249
86 129
86 130
86 206
86 287
87 133
87 135
87 165
87 200
87 219
87 220
87 242
88 104
88 197
88 221
88 307
89 108
89 122
89 124
89 164
89 202
89 241
89 249
89 275
89 276
90 142
90 249
91 233
92 113
92 149
92 202
92 249
93 117
93 149
93 224
94 115
94 184
94 252
95 105
95 112
95 127
95 130
95 219
96 142
96 149
96 228
96 271
96 287
96 288
97 124
97 132
97 140
97 156
97 200
97 217
97 275
97 287
97 304
98 109
98 181
98 203
98 216
98 299
99 117
99 135
100 129
100 158
100 215
101 116
101 127
101 208
101 238
102 108
102 118
102 217
102 242
102 276
102 307
103 118
103 159
103 206
103 217
103 220
103 265
103 276
103 305
103 309
104 134
104 143
104 157
104 175
104 180
104 204
104 220
104 221
104 287
104 300
105 136
105 232
106 113
106 156
106 164
106 234
107 128
107 210
108 130
108 131
108 142
108 184
108 212
108 287
108 293
109 144
109 159
109 282
110 201
110 222
110 287
110 304
111 206
111 209
112 167
112 265
113 149
113 197
114 117
114 216
114 298
115 132
115 193
116 192
116 227
116 247
117 142
117 200
117 299
118 167
118 192
118 210
118 214
118 220
118 248
120 135
120 179
120 214
121 161
121 167
121 293
122 176
122 265
122 305
123 156
123 192
123 212
123 287
123 295
124 127
124 129
124 131
124 144
124 194
124 218
124 221
124 241
124 249
124 267
124 284
124 298
124 303
124 311
125 129
126 202
126 224
127 158
128 182
128 191
128 221
128 249
128 280
128 286
129 133
129 138
129 157
129 167
129 180
129 193
129 195
129 201
129 210
129 217
129 229
129 239
129 261
130 131
130 136
130 141
130 148
130 184
130 195
130 196
130 223
130 234
130 240
130 301
131 143
131 148
131 152
131 200
131 204
131 209
131 231
131 233
131 255
131 269
131 314
132 156
132 158
132 159
132 231
133 134
133 135
133 143
133 148
133 156
133 159
133 166
133 178
133 188
133 233
133 234
133 238
133 242
133 248
133 249
133 251
133 286
133 287
133 290
133 293
133 304
134 135
134 136
134 154
134 157
134 167
134 172
134 180
134 181
134 198
134 220
134 229
134 241
134 247
134 262
134 275
134 284
134 286
134 287
134 298
134 304
135 142
135 162
135 163
135 179
135 193
135 220
135 233
135 266
135 283
135 286
135 288
135 298
135 303
136 159
136 180
136 184
136 233
136 239
136 242
136 264
136 288
137 167
138 276
138 295
139 216
139 261
140 161
140 223
140 231
140 242
140 244
140 287
141 190
142 156
142 174
142 207
143 152
144 148
144 293
144 303
145 188
145 210
145 211
145 249
145 286
145 299
146 213
146 218
146 229
147 262
148 157
148 187
148 221
148 266
148 280
148 296
149 205
149 237
149 298
149 303
149 307
151 154
151 288
152 202
152 253
153 287
154 167
154 209
154 255
154 269
155 157
155 184
155 200
155 277
156 163
156 165
156 205
156 214
156 232
156 242
156 284
156 285
157 167
157 197
157 269
157 278
157 284
157 285
157 290
158 193
158 196
158 303
159 242
159 278
160 187
160 262
160 287
161 264
161 284
162 276
163 299
164 185
164 239
164 315
165 233
165 250
166 195
167 210
167 239
167 274
167 296
168 186
168 217
169 283
171 284
171 314
172 218
172 275
172 283
173 287
174 180
174 215
174 275
174 284
175 250
177 312
178 258
178 268
179 200
179 224
179 234
179 258
179 287
180 193
180 220
180 231
180 298
181 183
181 287
182 262
182 278
182 280
184 217
186 204
187 242
187 258
188 206
188 216
188 220
188 244
188 248
188 252
188 298
188 308
189 304
190 307
191 208
193 205
193 219
193 242
193 243
193 278
193 307
194 249
194 287
194 305
195 274
195 315
197 224
197 282
197 283
200 224
200 239
200 244
200 262
200 279
200 287
200 296
200 305
201 241
201 276
201 305
202 209
205 275
205 299
206 220
206 222
206 274
206 287
208 218
210 258
210 269
210 270
211 217
211 269
212 243
213 291
213 309
215 218
215 267
215 286
216 273
217 247
218 224
219 257
220 227
220 235
220 238
220 249
220 266
220 270
220 315
221 236
223 303
224 287
227 238
227 242
228 278
229 250
229 272
229 273
230 304
232 298
233 288
237 255
238 269
239 250
239 252
239 258
239 301
240 285
240 297
241 275
241 286
241 303
241 305
242 304
243 249
244 275
244 280
245 270
246 263
247 305
248 301
249 259
249 299
251 288
255 262
255 275
258 304
260 309
261 305
265 287
266 291
271 287
271 302
276 286
276 313
278 279
279 283
279 287
285 305
286 287
286 299
286 306
287 298
287 302
288 300
288 309
294 295
295 307
309 310
