0 21
0 25
0 63
0 243
1 31
1 85
1 258
2 24
2 46
2 64
2 78
2 103
2 108
2 118
2 128
2 130
2 134
2 135
2 168
2 200
2 204
2 210
2 241
2 259
2 283
2 288
3 64
3 118
3 126
3 133
3 223
3 314
4 16
4 38
4 133
4 247
5 94
5 129
5 163
5 165
5 178
5 287
5 304
6 16
7 16
7 19
7 32
7 41
7 47
7 67
7 104
7 182
7 219
7 233
7 241
7 263
7 280
8 32
8 55
8 96
8 123
8 134
8 135
8 167
8 171
8 193
8 205
8 211
8 242
8 255
8 283
9 42
9 103
9 133
9 145
9 179
9 193
9 195
9 245
10 18
10 34
10 59
10 92
10 209
11 16
11 54
11 205
11 239
11 249
11 285
12 32
12 59
12 72
12 133
12 167
12 210
12 252
12 286
12 298
12 310
13 95
13 173
13 205
13 258
13 260
13 288
14 65
14 108
14 117
14 129
14 138
14 157
14 240
15 50
15 51
15 128
15 148
15 214
15 222
15 292
15 301
16 39
16 55
16 59
16 67
16 70
16 98
16 128
16 133
16 135
16 136
16 137
16 188
16 200
16 214
16 233
16 244
16 250
16 252
16 263
16 288
17 50
17 60
17 61
17 80
17 142
17 201
17 263
17 287
18 59
18 68
18 94
18 104
18 134
18 157
18 163
18 200
18 208
18 242
18 249
18 274
18 287
18 301
19 134
19 135
19 218
20 165
20 202
20 205
20 224
20 233
20 303
20 305
21 109
21 266
21 287
22 69
22 133
22 151
22 221
23 76
23 149
23 154
23 217
24 41
24 137
24 138
24 172
24 216
24 218
25 39
25 92
25 124
25 216
25 305
26 101
26 129
26 174
26 304
26 314
27 78
27 103
27 129
27 167
28 31
28 65
28 78
28 107
28 152
28 188
29 31
29 58
29 84
29 87
29 97
29 133
29 204
29 218
30 49
30 133
30 135
30 156
30 188
30 206
30 284
31 33
31 79
31 101
31 154
31 188
31 275
31 285
31 289
32 42
32 47
32 81
32 106
32 129
32 136
32 166
32 167
32 181
32 182
32 193
32 197
32 210
32 226
32 250
32 272
32 301
33 43
33 56
33 101
33 103
33 138
33 140
33 161
33 167
33 232
33 258
33 283
33 287
33 288
33 302
34 88
34 97
34 118
34 148
34 156
34 200
35 48
35 60
35 78
35 133
35 138
35 149
35 174
35 185
35 200
35 206
35 213
35 259
35 272
35 298
35 304
36 38
36 43
36 103
36 124
36 131
36 132
36 159
37 66
37 286
38 69
38 79
38 94
38 114
38 167
38 285
39 59
39 69
39 249
40 130
40 140
40 165
40 195
41 54
41 129
42 78
42 115
42 134
42 175
42 192
42 201
42 298
43 127
43 163
43 239
43 243
43 246
43 299
44 46
44 91
44 154
45 67
45 99
45 110
45 134
45 151
45 174
45 180
45 185
45 200
45 228
45 241
45 257
46 58
46 122
46 150
46 156
46 164
46 191
46 239
46 292
47 103
47 133
47 159
47 184
47 228
47 286
47 288
48 67
48 96
48 103
48 185
48 252
48 269
49 68
49 131
50 58
50 84
50 89
50 97
50 104
50 146
50 160
50 181
50 285
51 156
51 188
51 233
51 245
52 130
52 136
52 150
52 155
52 229
52 314
53 109
53 138
55 68
55 128
55 283
55 314
56 123
56 133
56 220
56 246
56 275
56 314
57 130
57 197
58 60
59 80
59 86
59 89
59 115
59 125
59 127
59 131
59 135
59 156
59 298
60 83
60 131
60 135
60 262
60 303
61 74
61 212
62 80
62 108
62 193
62 204
62 296
63 117
63 207
63 219
63 239
64 77
64 130
64 154
64 232
64 276
65 210
66 122
66 153
66 157
66 185
66 202
66 252
66 288
67 86
67 89
67 136
67 200
67 217
67 262
67 268
68 75
68 98
68 180
69 122
69 191
69 212
70 102
70 144
70 177
71 230
71 305
72 224
72 267
73 134
73 142
73 285
74 102
74 113
74 130
74 131
74 154
74 196
74 222
74 247
74 277
74 288
74 309
75 128
75 135
75 223
75 239
75 287
75 300
76 214
76 263
77 101
77 110
77 118
77 160
77 314
78 89
78 124
78 132
78 135
78 210
78 216
79 129
79 283
80 110
80 135
80 152
80 179
80 239
80 240
80 243
80 249
80 277
81 94
81 137
81 193
81 200
81 290
81 305
82 130
83 99
83 136
83 213
83 230
83 296
84 129
84 149
84 239
85 135
85 229
86 94
87 106
87 114
87 116
87 135
87 163
87 242
87 245
87 260
87 268
87 288
87 311
88 272
89 94
89 102
89 130
89 136
89 152
89 164
89 214
90 157
90 213
91 105
91 188
91 220
91 305
92 105
92 134
92 156
92 176
92 249
94 130
94 138
95 129
95 130
95 134
95 161
95 227
95 252
96 102
96 120
96 130
96 142
96 249
96 287
97 133
97 135
97 166
97 197
98 110
98 122
98 142
98 160
98 180
98 219
98 273
98 293
99 104
99 131
99 133
99 200
99 216
99 303
100 234
100 293
101 102
101 134
101 136
101 217
102 108
102 156
102 167
102 190
102 205
102 248
102 249
102 273
102 281
102 287
103 135
103 150
103 185
103 208
103 223
103 256
103 278
103 293
103 301
103 304
104 123
104 131
104 135
104 152
104 169
104 197
104 234
105 152
105 196
105 217
105 269
106 129
106 177
106 196
106 238
106 241
106 275
106 286
106 287
107 131
107 275
108 154
109 189
109 239
109 301
110 143
110 242
110 248
113 156
113 182
113 287
113 315
114 130
114 142
115 156
115 182
115 278
115 302
116 200
116 283
117 128
117 134
117 153
117 185
117 208
117 241
118 129
118 134
118 243
118 258
118 291
119 122
119 221
120 160
120 184
120 209
120 224
120 309
121 220
121 286
122 135
122 149
123 129
123 149
123 150
123 261
124 130
124 131
124 132
124 180
124 206
124 210
124 246
124 261
124 273
124 285
124 313
125 181
125 189
125 244
125 249
127 218
128 134
128 157
128 191
128 193
128 217
128 237
128 258
128 284
129 131
129 134
129 135
129 156
129 159
129 193
129 206
129 208
129 219
129 233
129 244
129 266
129 268
129 275
129 283
129 290
130 131
130 136
130 140
130 143
130 152
130 156
130 159
130 160
130 191
130 193
130 195
130 196
130 205
130 206
130 207
130 210
130 219
130 220
130 221
130 239
130 249
130 254
130 269
130 280
130 283
131 133
131 145
131 177
131 193
131 213
131 229
131 235
131 261
131 266
131 293
131 303
132 155
132 197
132 290
133 135
133 138
133 153
133 156
133 174
133 178
133 217
133 234
133 242
133 253
133 259
133 272
133 275
133 276
133 284
133 296
134 141
134 149
134 156
134 158
134 160
134 174
134 184
134 209
134 214
134 243
134 266
134 273
134 275
134 288
134 298
134 309
135 155
135 159
135 162
135 193
135 201
135 204
135 210
135 216
135 287
135 302
136 148
136 150
136 157
136 255
136 258
136 307
137 262
138 179
138 216
138 219
138 269
139 241
139 302
140 245
140 296
142 156
142 158
142 206
142 213
142 304
143 268
143 275
143 291
144 186
145 175
145 216
145 242
145 247
147 180
148 153
148 166
148 167
148 215
148 241
148 287
149 152
149 164
149 167
150 209
150 238
150 243
151 178
151 200
152 160
152 215
152 216
152 224
152 230
152 290
153 156
153 160
153 172
154 156
154 164
154 200
154 287
155 275
156 160
156 179
156 193
156 198
156 215
156 217
156 237
156 242
156 269
156 292
157 160
157 162
157 163
157 165
157 218
157 232
157 242
157 249
159 173
159 178
159 179
159 198
159 234
159 242
159 315
160 205
160 285
161 191
161 218
161 249
162 220
162 291
163 280
164 231
164 243
167 189
167 210
167 214
167 215
167 216
167 238
169 188
169 258
170 219
171 257
172 238
172 242
173 193
173 241
174 180
174 231
175 213
175 224
175 287
176 268
177 208
177 216
178 180
179 195
179 219
179 275
179 288
180 207
180 223
180 242
180 268
180 314
181 197
182 223
184 266
184 268
185 188
185 190
185 315
188 208
188 248
188 276
188 277
188 287
188 312
189 206
189 276
190 314
191 232
191 294
193 262
193 266
193 287
194 201
195 200
195 230
196 242
196 268
196 308
197 216
197 249
197 270
197 292
198 219
199 234
200 218
200 232
200 233
200 248
200 267
200 275
200 288
200 293
201 212
201 229
201 275
201 314
203 217
204 281
205 310
206 249
206 283
207 262
207 268
208 259
208 260
208 309
209 238
209 278
210 271
210 299
211 219
212 230
212 302
214 232
215 240
215 283
215 298
216 231
217 225
217 260
217 288
218 233
218 293
219 242
220 230
220 237
220 269
222 288
223 232
223 285
227 266
231 304
232 236
232 287
233 250
236 285
239 242
239 252
239 307
240 260
240 283
241 293
242 285
242 294
242 302
243 255
243 283
248 276
248 279
248 284
249 255
249 299
250 279
250 298
255 286
257 259
265 291
266 291
268 288
271 281
272 315
273 278
273 309
275 303
276 285
278 287
280 287
283 284
283 287
283 292
287 302
287 309
