0 8
0 107
0 260
1 103
1 117
1 133
1 156
1 233
2 8
2 35
2 47
2 59
2 102
2 118
2 129
2 134
2 151
2 152
2 170
2 179
2 184
2 224
2 239
2 274
2 293
2 305
3 32
3 60
3 94
3 117
3 236
3 249
3 311
4 55
4 130
4 131
4 135
4 197
4 223
4 260
5 6
5 39
5 107
5 130
5 195
5 302
6 15
6 62
6 75
6 117
6 220
7 14
7 18
7 28
7 34
7 40
7 46
7 59
7 74
7 105
7 129
7 157
7 160
7 179
7 188
7 231
7 239
7 286
8 14
8 20
8 24
8 31
8 33
8 43
8 46
8 50
8 92
8 118
8 121
8 132
8 133
8 142
8 188
8 196
8 208
8 210
8 231
8 233
8 249
8 269
8 287
8 296
9 62
9 73
9 94
9 97
9 110
9 124
9 255
9 278
9 287
9 312
9 315
10 106
10 201
10 205
10 208
11 114
11 180
11 271
12 31
12 80
12 90
12 133
12 135
12 193
12 279
13 52
13 75
13 82
13 87
13 108
13 179
13 180
13 231
14 30
14 39
14 50
14 128
14 131
14 179
14 203
14 215
15 19
15 80
15 92
15 129
15 150
15 192
15 239
15 249
16 34
16 36
16 49
16 104
16 107
16 120
16 135
16 146
16 148
16 190
16 197
16 256
16 266
16 291
17 46
17 89
17 106
17 136
17 172
17 210
17 220
18 32
18 41
18 52
18 99
18 103
18 134
18 156
18 160
18 219
19 87
19 123
20 48
20 51
20 62
20 110
20 122
20 133
20 143
20 157
20 168
20 172
20 181
20 305
21 143
21 176
21 273
22 130
22 134
23 46
23 87
23 133
23 286
24 32
24 47
24 92
24 116
24 206
24 275
25 51
25 84
25 129
25 133
25 134
25 149
25 156
25 163
25 258
25 291
26 122
26 167
27 57
27 58
27 193
27 269
28 51
28 84
28 102
28 131
28 133
28 147
28 153
28 156
28 210
28 287
29 97
29 148
29 305
30 47
30 112
30 143
30 149
31 32
31 45
31 64
31 68
31 101
31 129
31 131
31 145
31 152
31 154
31 157
31 162
31 229
31 236
31 292
31 301
31 305
31 309
32 34
32 41
32 68
32 81
32 88
32 95
32 96
32 104
32 122
32 126
32 136
32 157
32 163
32 167
32 185
32 192
32 200
32 287
33 59
33 61
33 66
33 73
33 87
33 94
33 118
33 130
33 131
33 134
33 136
33 141
33 181
33 217
33 267
33 278
33 287
33 293
33 303
34 75
34 113
34 131
34 188
34 257
34 266
34 268
35 37
35 67
35 74
35 87
35 129
35 133
35 148
35 156
35 208
35 243
35 271
36 50
36 130
36 233
36 237
36 276
36 286
37 119
37 131
37 135
37 156
37 239
37 263
37 280
38 51
38 181
38 221
38 283
38 305
39 122
39 224
39 226
39 276
40 69
40 86
40 92
40 131
40 134
40 197
40 202
40 220
40 239
40 244
41 49
41 80
41 110
41 119
41 145
41 175
42 45
42 72
42 131
42 179
42 180
42 211
43 64
43 93
43 98
43 168
43 205
43 266
44 171
44 232
45 117
45 128
45 129
45 131
45 133
45 136
45 140
45 148
45 165
45 180
45 216
45 217
45 275
45 280
46 68
46 73
46 107
46 109
46 124
46 188
46 200
46 218
46 239
46 271
46 294
47 48
47 87
47 104
47 152
47 236
48 54
48 127
48 130
48 184
48 185
48 223
48 291
49 62
49 83
49 102
49 127
49 131
49 142
49 193
49 235
49 242
50 92
50 123
50 241
51 72
51 76
51 136
51 179
51 219
51 246
51 263
52 168
52 192
52 269
52 286
53 182
54 91
54 109
54 167
54 278
55 61
55 72
55 131
55 134
55 158
55 220
55 224
56 94
56 133
56 206
56 242
57 118
58 87
58 107
58 117
58 143
58 223
58 272
59 63
59 67
59 74
59 75
59 92
59 100
59 136
59 157
59 169
59 212
59 239
59 241
59 249
59 287
59 313
60 67
60 69
60 75
60 81
60 92
60 104
60 112
60 161
60 212
60 234
60 247
60 285
61 65
61 95
61 117
61 160
61 162
61 164
61 193
61 200
61 203
62 97
62 114
62 157
62 206
62 208
62 287
63 128
63 130
63 299
64 103
64 129
64 130
64 164
64 167
64 172
64 224
64 296
64 303
65 75
65 186
66 152
66 169
66 287
67 77
67 156
67 180
67 202
67 254
67 266
67 283
67 287
68 99
68 103
68 135
68 180
68 200
68 231
68 236
68 247
68 249
68 308
69 87
69 133
69 135
69 156
69 238
69 250
69 283
70 274
70 295
71 131
71 135
71 184
72 174
72 277
73 120
73 133
73 155
73 157
73 168
73 173
74 84
74 99
74 144
74 154
74 156
74 255
74 263
74 304
75 103
75 131
75 173
75 178
75 205
75 307
76 83
76 158
76 224
77 154
77 254
77 269
79 109
79 130
79 148
79 193
79 210
79 260
79 290
79 312
80 124
80 149
80 181
80 200
80 234
80 258
80 281
81 91
81 123
81 130
81 135
81 279
82 98
82 152
83 121
83 129
83 193
83 196
83 202
83 227
83 291
83 294
85 114
85 115
85 148
85 193
85 223
85 235
86 134
86 220
86 242
86 244
87 97
87 133
87 148
87 149
87 152
87 154
87 156
87 255
88 92
88 122
88 134
88 164
88 181
88 257
88 264
88 272
89 156
89 202
89 210
89 249
90 106
90 191
90 279
91 96
91 104
92 103
92 127
92 163
92 172
92 235
92 239
92 255
92 312
93 156
94 130
94 173
94 184
94 191
95 291
95 307
96 122
96 135
96 180
96 212
97 105
97 120
97 122
97 188
97 288
97 314
98 104
98 132
98 261
98 286
99 135
99 159
99 193
99 276
99 288
100 129
101 109
101 129
101 134
101 167
101 259
101 287
102 159
102 199
102 236
102 238
102 240
102 281
102 305
103 132
103 135
103 220
103 223
103 224
103 229
103 287
104 119
104 134
104 135
104 154
104 159
104 223
104 239
105 130
105 134
105 272
106 133
106 206
106 230
106 232
106 238
106 257
106 271
106 284
106 285
106 286
106 288
106 305
107 171
108 138
108 167
108 171
108 200
108 221
108 249
108 252
108 299
109 296
110 130
110 136
110 148
110 240
110 283
111 149
111 303
112 122
112 166
112 173
112 202
112 298
112 299
114 191
114 208
115 185
115 281
116 140
117 174
117 187
117 217
118 130
118 133
118 175
118 215
118 233
118 263
118 309
120 129
120 199
121 130
121 148
121 232
122 181
122 183
122 222
122 276
122 299
122 304
123 156
123 180
123 208
124 130
124 131
124 156
124 157
124 255
124 286
124 288
124 290
124 296
125 163
125 244
126 267
127 135
127 157
128 133
128 167
128 173
128 204
128 214
128 219
128 273
129 130
129 131
129 135
129 148
129 160
129 167
129 176
129 215
129 217
129 229
129 230
129 235
129 248
129 249
129 258
129 275
129 276
129 283
129 307
130 136
130 140
130 167
130 200
130 202
130 211
130 212
130 231
130 233
130 257
130 273
130 293
130 309
131 134
131 143
131 149
131 157
131 160
131 184
131 202
131 210
131 215
131 230
131 236
131 242
131 245
131 276
131 296
131 305
132 134
133 134
133 149
133 154
133 158
133 159
133 162
133 166
133 172
133 179
133 180
133 195
133 202
133 208
133 224
133 233
133 239
133 242
133 267
133 272
133 288
133 297
133 299
134 135
134 145
134 152
134 153
134 156
134 158
134 164
134 166
134 190
134 215
134 229
134 231
134 233
134 234
134 258
134 276
134 278
134 283
134 285
134 286
135 142
135 153
135 156
135 164
135 165
135 167
135 180
135 201
135 209
135 210
135 220
135 223
135 241
135 266
135 286
135 287
136 175
136 233
136 247
136 269
136 284
136 305
137 195
137 239
137 287
139 157
140 215
140 249
140 287
140 303
140 304
141 265
141 281
141 292
141 305
143 242
143 263
143 295
144 303
145 149
145 156
145 160
145 229
145 266
145 271
145 287
145 298
146 219
147 278
148 151
148 193
148 210
148 266
148 287
148 295
149 156
149 158
149 165
149 167
149 171
149 182
149 204
150 235
150 247
152 166
152 218
152 226
152 233
152 235
152 252
152 267
152 288
152 293
153 239
154 192
154 243
154 285
155 193
155 199
155 302
156 211
156 215
156 216
156 293
156 295
156 305
156 315
157 180
157 208
157 213
157 224
157 231
157 239
157 244
157 272
157 281
157 315
158 171
158 182
158 200
158 305
159 234
159 239
159 249
160 202
160 205
160 228
160 238
160 287
160 299
161 167
161 190
161 196
162 168
162 173
162 270
164 172
164 205
164 209
164 305
165 185
165 208
165 299
165 304
166 264
166 266
167 169
167 275
167 287
168 265
171 238
173 206
173 308
174 182
174 307
175 267
176 218
177 273
177 275
177 302
177 306
179 211
179 252
179 264
180 200
180 218
180 220
180 245
181 278
182 206
182 276
184 209
184 215
184 247
185 286
185 288
186 292
188 192
188 193
188 231
188 234
188 247
188 311
190 285
191 219
191 249
192 287
192 298
193 204
193 278
193 288
195 305
196 200
196 293
197 288
198 205
198 258
199 265
200 219
200 223
200 225
200 240
200 241
201 216
201 304
202 214
202 313
204 260
204 287
205 237
205 241
206 220
206 226
206 241
206 246
207 224
208 241
209 288
210 287
211 230
211 249
211 286
211 307
213 232
214 224
215 235
215 260
216 261
216 278
217 220
217 225
218 258
218 285
218 288
218 299
219 296
220 288
223 266
223 281
223 287
224 230
224 286
224 295
226 298
229 245
230 248
231 249
232 287
232 304
233 273
234 254
234 283
237 315
238 283
239 278
240 287
241 243
242 252
242 288
245 292
245 298
247 286
249 269
249 295
249 298
249 305
250 264
254 288
255 292
258 283
263 267
264 284
264 288
266 274
266 287
271 288
273 285
277 287
277 293
279 311
283 286
286 288
286 303
287 289
287 304
288 298
