0 10
0 266
0 285
1 4
1 60
1 100
1 123
1 136
1 249
2 9
2 18
2 31
2 100
2 102
2 139
2 156
2 162
2 166
2 191
2 222
2 240
2 243
2 249
2 287
2 306
3 37
3 130
3 135
3 138
4 134
4 135
4 157
4 305
5 118
5 133
5 140
5 142
5 261
5 285
6 137
6 160
6 179
6 219
6 301
7 16
7 62
7 76
7 131
7 133
7 142
7 191
7 223
7 224
7 238
7 287
7 299
7 314
8 11
8 34
8 41
8 49
8 59
8 76
8 95
8 138
8 157
8 179
8 188
8 195
8 197
8 201
8 205
8 212
8 233
8 235
8 252
8 267
8 284
9 11
9 110
9 124
9 130
9 135
9 137
11 65
11 123
11 134
11 183
11 196
11 236
11 249
12 28
12 42
12 47
12 52
12 83
12 130
12 146
12 148
12 220
12 232
12 291
13 34
13 52
13 106
13 149
13 195
13 197
13 218
13 239
14 85
14 92
14 93
14 98
14 104
14 123
14 174
14 216
14 278
14 284
14 307
15 181
15 257
15 288
16 18
16 32
16 56
16 76
16 87
16 102
16 103
16 129
16 130
16 135
16 162
16 175
16 220
16 252
16 256
16 259
16 272
16 285
16 287
16 288
16 293
17 63
17 102
17 136
18 31
18 34
18 81
18 129
18 145
18 168
18 174
18 212
18 218
18 252
18 295
19 20
19 21
19 57
19 182
19 230
19 303
20 27
20 30
20 97
20 106
20 117
20 133
20 141
20 148
20 157
20 292
20 305
21 27
21 231
21 287
21 291
22 269
22 285
23 78
23 134
23 189
24 46
24 53
24 213
24 220
24 249
24 288
24 299
25 29
25 31
25 83
25 131
25 133
25 173
25 239
25 271
25 309
25 311
26 157
27 45
27 50
27 92
27 210
27 211
27 304
28 32
28 186
28 239
28 262
29 135
29 138
29 260
29 286
29 288
30 59
30 81
30 128
30 134
30 176
30 222
30 254
30 283
31 50
31 62
31 98
31 131
31 197
31 219
31 229
31 238
31 265
31 284
31 291
31 315
32 120
32 127
32 132
32 138
32 140
32 153
32 156
32 157
32 159
32 220
32 279
32 311
33 36
33 69
33 71
33 112
33 148
33 163
33 167
33 172
33 193
33 210
33 269
33 287
33 288
33 296
34 86
34 101
34 110
34 173
34 220
35 80
35 160
35 229
36 62
36 96
36 134
36 153
36 226
37 133
37 230
38 206
38 210
39 59
39 74
39 288
40 51
40 110
40 115
40 127
40 149
40 212
40 314
42 156
42 210
43 49
43 104
43 134
43 142
43 200
43 260
43 288
44 129
44 160
44 213
45 95
45 119
45 122
45 156
45 197
45 291
45 312
46 60
46 103
46 124
46 140
46 184
46 190
46 200
46 229
46 243
46 264
46 277
47 56
47 74
47 127
47 130
47 131
47 144
47 156
47 157
47 162
47 202
47 211
47 267
47 295
47 305
48 59
48 157
48 161
49 217
49 223
49 227
49 234
49 235
49 277
49 313
50 92
50 104
50 133
50 224
50 287
50 295
50 310
51 56
51 92
51 156
51 236
51 239
51 288
52 149
52 201
53 233
54 66
54 74
54 191
54 218
54 274
54 278
54 285
55 194
56 87
56 97
56 130
56 139
56 150
57 103
57 210
58 179
59 66
59 88
59 101
59 128
59 129
59 130
59 148
59 193
59 195
59 236
59 239
59 243
59 249
59 264
59 287
59 288
60 64
60 80
60 89
60 95
60 118
60 146
60 167
60 188
60 239
60 264
60 267
61 111
61 119
61 156
61 239
62 77
63 93
63 198
63 225
63 294
64 68
64 86
64 102
64 118
64 123
64 129
64 156
64 173
64 179
64 205
64 233
64 273
64 275
64 286
65 119
65 157
65 213
66 117
66 172
66 195
66 221
66 272
67 98
67 135
67 226
67 245
67 255
67 275
67 287
68 94
68 95
68 121
68 124
68 134
68 167
68 173
68 180
68 211
68 217
68 220
68 231
69 283
70 278
71 110
71 123
71 131
71 133
71 197
72 78
73 102
73 224
74 80
74 105
74 106
74 115
74 133
74 152
74 153
74 187
74 217
74 249
74 278
74 288
74 295
75 111
75 152
75 158
75 173
75 177
75 209
75 219
75 242
76 130
76 134
76 135
76 211
76 249
77 81
77 90
77 103
77 233
77 242
77 249
77 256
78 164
78 217
78 240
79 128
79 165
79 179
79 287
80 92
80 136
80 156
80 232
80 236
80 249
80 265
80 313
81 88
81 112
81 137
81 173
81 204
81 218
81 288
81 303
82 193
83 149
83 157
83 215
84 104
84 295
85 125
85 142
85 241
86 118
86 131
86 188
86 227
86 302
87 134
87 135
87 188
88 185
88 196
88 210
89 156
89 164
89 206
90 226
90 240
91 145
91 167
91 174
91 208
91 268
92 122
92 129
92 131
92 249
92 269
93 130
94 133
94 158
94 252
94 265
94 283
94 287
95 309
96 123
96 129
96 181
96 272
96 286
97 135
97 151
97 192
97 275
98 107
98 140
98 248
98 283
98 286
98 304
100 243
101 107
101 180
101 239
102 106
102 109
102 110
102 111
102 121
102 128
102 129
102 130
102 179
102 222
102 305
102 315
103 109
103 122
103 152
103 161
103 191
103 249
104 122
104 133
104 205
104 215
104 217
104 218
104 239
105 126
105 142
105 216
105 264
105 269
106 134
106 138
106 173
106 202
106 253
106 287
107 134
107 210
108 114
108 132
108 134
108 177
108 200
108 217
108 299
108 314
109 206
109 238
109 265
110 130
110 134
110 162
110 193
110 201
110 212
110 214
111 135
111 219
111 229
112 141
112 200
114 179
114 275
115 178
115 182
116 135
116 306
117 126
117 135
117 198
117 204
117 249
117 287
117 305
118 129
118 141
118 148
118 191
118 200
118 249
118 268
120 243
120 287
120 288
121 122
121 124
121 148
121 151
121 206
121 208
122 131
123 310
124 130
124 138
124 148
124 173
124 197
124 217
124 220
124 227
124 264
124 269
124 276
124 288
125 179
125 212
125 233
126 157
126 219
127 149
127 213
128 130
128 133
128 134
128 135
128 235
128 299
129 145
129 148
129 154
129 156
129 165
129 188
129 192
129 203
129 205
129 210
129 220
129 249
129 265
129 266
129 271
129 293
130 131
130 132
130 134
130 135
130 140
130 144
130 147
130 159
130 162
130 198
130 238
130 243
130 250
130 251
130 269
130 288
131 135
131 148
131 181
131 192
131 210
131 214
131 248
131 249
131 304
132 179
132 220
132 272
133 134
133 135
133 151
133 156
133 157
133 161
133 178
133 180
133 200
133 206
133 208
133 239
133 267
133 286
133 313
134 168
134 214
134 216
134 228
134 231
134 232
134 244
134 264
134 265
134 276
134 292
134 308
134 310
135 136
135 180
135 208
135 223
135 232
135 284
135 292
135 314
136 171
136 173
136 220
136 237
136 249
136 272
137 148
139 196
139 218
140 156
140 242
140 249
140 302
142 191
142 231
142 264
142 305
143 174
143 180
143 208
143 210
144 216
144 277
145 207
145 287
146 196
146 292
147 167
147 189
147 212
148 152
148 179
148 215
148 224
148 231
148 253
148 254
149 176
149 196
149 264
149 288
149 294
149 314
150 242
150 244
150 279
152 174
152 204
152 219
152 229
152 288
153 239
153 287
154 264
155 249
156 160
156 162
156 200
156 205
156 208
156 217
156 219
156 232
156 246
157 178
157 187
157 272
157 307
157 313
158 259
158 287
159 221
159 286
160 205
160 225
160 297
160 315
161 203
162 192
162 204
162 208
163 233
164 231
165 217
165 234
165 247
166 235
167 184
167 192
167 212
167 213
167 279
167 294
167 301
168 202
169 232
171 215
171 219
171 249
172 224
172 268
172 281
173 185
173 245
174 181
174 188
174 206
174 245
174 259
174 273
174 304
176 179
176 200
176 283
177 188
177 191
177 233
177 276
177 299
178 185
179 180
179 238
179 282
180 191
180 235
180 288
180 293
180 303
181 247
182 230
182 288
184 207
185 293
188 218
188 233
188 265
189 310
189 313
190 286
191 218
191 230
193 196
193 213
193 216
193 227
193 233
193 274
193 276
193 295
195 224
195 229
195 234
196 258
196 301
196 305
197 238
197 243
197 294
200 210
200 218
200 239
200 263
200 301
200 305
201 210
201 301
202 229
202 270
202 284
205 219
205 231
205 301
206 220
206 229
206 287
206 297
206 305
207 220
208 239
208 247
208 291
208 312
209 210
209 221
209 287
210 215
210 220
210 233
210 258
210 261
211 218
211 232
211 309
212 287
212 314
213 268
214 283
215 243
215 261
216 266
219 220
220 272
220 307
220 313
222 264
222 298
223 245
224 228
228 315
231 232
231 298
233 234
233 296
234 249
234 303
235 236
236 265
236 272
237 258
237 277
238 276
238 313
240 287
241 276
241 311
242 286
243 249
245 273
249 258
249 260
249 276
249 281
249 310
252 298
252 303
258 260
258 279
265 270
270 286
272 295
273 278
273 285
275 307
278 287
281 296
287 309
288 290
293 307
293 313
295 299
