0 76
0 159
1 19
1 148
1 212
2 32
2 34
2 40
2 46
2 58
2 73
2 96
2 98
2 134
2 153
2 164
2 193
2 207
2 208
2 212
2 250
2 269
2 271
2 290
2 301
3 83
3 98
3 160
3 239
3 310
4 16
4 290
5 80
5 140
5 149
5 180
5 202
6 42
6 59
6 70
6 153
6 160
6 167
6 208
6 214
6 231
7 32
7 37
7 48
7 49
7 80
7 88
7 101
7 105
7 133
7 147
7 202
7 211
7 219
7 253
7 258
7 272
7 293
7 299
7 308
8 34
8 122
8 158
8 195
8 218
8 272
9 28
9 63
9 70
9 127
9 135
9 151
9 155
9 156
9 184
9 196
9 215
10 266
10 270
11 229
12 16
12 42
12 92
12 106
12 118
12 130
12 134
12 157
12 182
13 44
13 50
13 51
13 83
13 89
13 90
13 156
13 164
13 220
13 221
13 229
13 231
13 249
13 285
14 32
14 34
14 35
14 49
14 52
14 59
14 110
14 216
14 220
14 305
15 76
15 128
15 131
15 133
15 146
15 164
15 182
15 220
15 275
16 24
16 37
16 96
16 103
16 117
16 118
16 154
16 156
16 166
16 201
16 220
16 230
16 242
16 272
16 275
17 18
17 210
17 234
18 21
18 42
18 45
18 130
18 131
18 135
18 152
18 156
18 238
18 248
18 304
19 59
19 106
19 133
19 142
19 205
19 219
20 22
20 43
20 130
20 131
20 161
20 225
20 233
20 263
20 304
21 59
21 127
21 220
21 268
22 42
22 45
22 69
22 172
23 73
23 96
23 106
23 167
24 83
24 98
24 142
24 156
24 174
24 216
24 296
25 42
25 92
25 140
25 201
25 211
25 226
25 283
25 302
26 117
27 103
28 126
28 132
28 135
28 156
28 167
28 220
28 244
28 249
28 264
29 101
29 133
29 135
29 299
30 46
30 198
31 56
31 102
31 117
31 122
31 129
31 134
31 147
31 192
31 215
31 231
31 252
31 305
32 75
32 96
32 103
32 122
32 131
32 135
32 149
32 175
32 200
32 206
32 210
32 223
32 232
33 37
33 103
33 112
33 114
33 118
33 127
33 129
33 138
33 149
33 154
33 180
33 197
33 208
33 223
33 234
33 238
33 281
33 297
34 102
34 130
34 156
34 167
34 241
34 256
34 301
35 54
35 65
35 135
35 209
36 77
36 136
36 289
36 293
37 134
37 140
38 131
38 160
38 200
39 55
39 77
39 199
39 208
39 209
39 210
40 84
40 103
40 133
40 205
40 236
41 64
41 104
41 129
41 147
41 160
41 172
41 201
42 53
42 131
42 150
42 257
42 286
42 303
43 159
43 184
43 232
43 275
44 77
44 180
45 55
45 86
45 110
45 119
45 124
45 140
45 156
45 167
45 269
45 274
45 287
45 298
46 47
46 51
46 82
46 99
46 102
46 133
46 156
46 231
46 288
47 54
47 55
47 103
47 104
47 130
47 136
47 231
47 244
48 64
48 200
48 272
49 87
49 101
49 156
49 209
49 261
50 98
50 129
50 130
50 133
50 134
50 171
50 180
50 249
50 267
50 304
51 219
51 224
51 247
51 288
52 112
52 131
52 148
52 180
53 164
53 280
53 287
54 101
54 130
54 131
54 227
54 249
54 287
55 161
55 260
55 287
56 74
56 76
56 77
56 79
56 101
56 102
56 104
56 117
56 135
56 136
56 206
56 220
56 239
56 263
58 59
58 69
58 247
59 114
59 122
59 133
59 157
59 161
59 164
59 167
59 172
59 218
59 223
59 241
59 249
59 273
59 284
60 152
60 184
60 213
60 231
60 239
60 288
61 90
61 109
61 110
61 130
61 154
61 188
61 232
61 251
61 287
62 69
62 83
62 84
62 131
62 244
63 90
63 188
63 224
63 303
64 69
64 118
64 146
64 227
64 313
65 89
65 120
65 314
66 129
66 180
66 193
66 219
66 254
66 313
67 79
67 90
67 104
67 118
67 125
67 133
67 142
67 166
67 167
67 179
67 189
67 286
67 305
68 133
68 228
68 231
68 237
68 287
69 113
69 131
69 210
70 129
70 131
70 218
70 220
70 237
70 305
71 206
72 80
72 129
72 134
72 313
73 159
73 200
73 281
74 83
74 102
74 142
74 156
74 220
74 278
75 96
75 129
75 131
75 158
75 162
75 220
75 231
75 268
75 277
76 130
76 152
76 268
77 92
77 102
77 152
77 156
77 167
77 222
77 286
77 301
78 130
79 130
79 138
79 217
80 103
80 142
80 146
80 199
80 273
80 310
81 92
81 96
81 131
81 156
81 174
81 211
81 238
81 287
81 292
81 298
82 135
82 157
83 145
83 193
83 233
83 287
83 296
84 130
84 131
84 135
84 220
85 105
85 121
85 135
85 200
85 234
86 96
87 117
87 129
87 131
87 137
87 142
87 179
87 263
87 269
88 89
88 181
88 217
89 156
89 279
89 315
90 191
91 96
91 101
91 128
91 214
92 249
93 181
93 242
94 112
94 123
94 130
94 134
94 140
94 313
95 118
95 168
95 273
95 293
96 273
96 295
97 135
97 158
97 167
97 172
97 218
98 110
98 127
98 129
98 157
98 215
99 131
99 248
101 285
102 104
102 150
102 156
102 191
102 212
102 217
102 220
102 242
102 257
102 276
102 283
103 135
103 154
103 274
103 305
104 135
104 234
104 237
104 248
104 249
105 107
105 118
105 121
105 143
105 188
105 200
106 113
106 122
106 148
106 167
106 217
106 249
106 296
107 156
107 209
107 298
108 167
108 172
108 188
108 205
108 211
108 230
109 130
109 135
109 141
109 158
109 210
109 215
110 124
110 135
110 159
110 162
110 195
111 130
112 157
112 172
112 188
112 275
113 131
113 136
115 212
115 314
116 136
116 245
117 124
117 130
117 132
117 134
117 148
117 204
117 211
118 132
118 160
118 164
118 177
118 185
118 204
118 216
118 260
118 269
118 271
118 275
118 286
119 185
120 315
121 149
121 224
122 134
122 136
122 145
122 157
122 176
122 272
123 136
123 148
124 129
124 130
124 167
124 190
124 224
124 238
124 287
125 130
125 161
126 149
127 134
127 219
128 133
128 148
128 162
129 131
129 134
129 162
129 171
129 181
129 188
129 203
129 205
129 208
129 216
129 260
129 275
129 285
129 287
129 288
129 307
130 134
130 144
130 148
130 156
130 174
130 177
130 180
130 196
130 197
130 201
130 216
130 237
130 243
130 258
130 272
130 273
130 280
130 287
130 309
131 133
131 135
131 166
131 176
131 187
131 188
131 193
131 200
131 215
131 219
131 224
131 238
131 239
131 243
131 248
131 261
131 285
132 133
132 163
132 227
132 295
133 144
133 145
133 156
133 157
133 174
133 175
133 207
133 251
133 296
133 309
134 135
134 140
134 150
134 156
134 158
134 200
134 206
134 209
134 210
134 212
134 220
134 230
134 246
134 255
134 257
134 305
135 147
135 149
135 160
135 173
135 180
135 182
135 197
135 245
135 252
135 272
135 281
135 293
136 160
136 162
136 180
136 188
136 200
136 207
136 302
137 150
137 157
137 304
138 288
140 151
140 215
141 160
142 188
142 270
144 145
144 178
144 216
144 233
144 245
145 156
145 188
145 235
145 246
145 284
145 299
146 193
146 205
146 219
146 223
147 156
147 167
148 164
148 184
148 199
148 206
148 239
148 252
148 315
149 224
150 156
150 281
150 289
151 171
152 201
152 246
152 260
152 283
152 294
154 174
154 287
156 162
156 163
156 180
156 193
156 195
156 215
156 220
156 239
156 242
156 269
156 271
156 272
156 273
156 281
156 287
156 288
157 215
157 259
157 269
157 295
159 218
159 231
159 286
159 305
160 172
160 177
160 205
160 220
160 230
160 276
160 305
161 238
161 287
162 210
162 229
162 264
162 307
164 193
164 217
165 182
166 232
167 179
167 188
167 209
167 210
167 258
167 281
167 288
167 295
168 211
168 297
169 191
169 204
171 241
172 185
172 186
172 242
172 272
173 219
173 220
173 255
173 256
174 196
174 264
174 287
174 299
176 255
176 287
178 212
178 286
179 186
179 191
179 193
180 183
180 206
180 223
180 268
181 208
181 213
181 224
182 188
182 265
182 271
182 288
183 233
184 200
184 243
185 196
186 210
187 202
188 215
188 226
188 238
188 277
189 231
190 215
190 278
192 294
193 202
193 212
193 224
193 233
193 250
193 298
194 287
195 219
196 278
196 306
197 241
197 249
197 276
199 248
200 204
200 220
200 239
200 249
201 238
201 269
201 306
204 272
205 210
205 305
206 220
206 229
206 233
206 294
206 303
209 219
209 288
210 278
211 286
212 261
212 287
213 302
214 220
214 286
215 230
215 314
216 256
217 286
218 219
218 220
218 223
218 224
218 247
218 261
218 288
219 233
220 246
220 247
220 252
220 267
220 286
224 260
224 307
227 296
228 251
229 233
229 267
229 305
231 235
231 239
231 288
232 287
233 264
234 243
234 284
238 288
240 269
241 265
241 269
241 276
241 310
242 273
242 283
243 267
243 303
244 257
245 285
246 274
247 272
249 258
249 269
249 288
249 306
251 263
257 294
261 276
264 314
269 294
269 296
276 309
277 288
279 287
284 313
288 302
299 302
