0 99
0 106
0 200
0 210
0 266
0 300
1 21
1 123
1 131
2 8
2 43
2 51
2 59
2 74
2 121
2 131
2 133
2 135
2 136
2 215
2 219
2 220
2 233
2 247
2 300
2 301
2 312
3 12
3 61
3 97
3 135
3 143
3 161
3 196
3 246
3 282
3 302
4 55
4 75
4 142
4 143
4 147
4 307
5 18
5 22
5 45
5 131
5 137
5 171
5 193
5 195
5 221
5 311
6 33
6 156
6 222
6 233
6 240
6 272
6 288
7 11
7 45
7 55
7 69
7 134
7 142
7 156
7 162
7 178
7 205
7 206
7 220
7 222
7 232
7 296
7 303
8 15
8 25
8 35
8 39
8 68
8 84
8 101
8 119
8 130
8 135
8 144
8 146
8 176
8 188
8 218
8 258
8 265
8 271
8 285
9 34
9 255
9 258
9 266
10 16
10 49
10 103
10 134
10 161
10 217
11 179
11 199
11 245
12 32
12 54
12 65
12 87
12 128
12 184
12 188
12 195
12 198
12 201
12 242
13 21
13 31
13 45
13 118
13 130
13 159
13 185
13 210
13 253
13 288
14 83
14 91
14 102
14 130
14 135
14 138
14 212
14 217
14 271
15 16
15 80
15 265
15 283
16 62
16 69
16 109
16 130
16 133
16 142
16 148
16 163
16 167
16 180
16 181
16 241
16 281
16 296
17 95
17 161
17 230
18 48
18 81
18 105
18 138
18 156
18 160
18 210
18 243
18 244
18 248
18 310
19 32
19 65
19 153
19 309
20 50
20 173
20 214
20 248
20 305
21 25
21 49
21 197
21 260
22 25
22 112
22 190
23 232
24 43
24 124
24 222
24 248
24 258
25 110
25 129
25 133
26 86
26 201
26 241
26 247
26 285
27 105
27 127
27 128
27 180
28 36
28 122
29 43
29 94
29 106
29 146
29 168
30 158
30 219
30 227
30 286
31 40
31 42
31 65
31 81
31 124
31 130
31 131
31 136
31 173
31 177
31 239
31 265
32 41
32 59
32 67
32 80
32 110
32 117
32 131
32 135
32 164
32 239
32 245
32 256
32 275
32 279
32 286
32 287
32 293
33 41
33 50
33 131
33 155
33 157
33 192
33 273
34 61
34 74
34 98
34 107
34 124
34 154
34 156
34 196
34 264
35 61
35 62
35 97
35 103
35 133
35 272
36 45
36 135
36 140
36 160
36 182
36 235
36 271
36 273
36 293
37 122
37 191
37 238
38 95
39 62
39 118
39 134
39 303
39 313
40 134
40 193
40 234
40 243
40 267
40 277
40 287
41 50
41 108
41 128
41 137
41 193
41 208
41 255
41 275
41 285
42 45
42 47
42 167
42 171
42 243
43 61
43 65
43 67
43 83
43 129
43 136
43 218
43 272
43 276
44 46
44 127
45 48
45 89
45 92
45 98
45 134
45 150
45 197
45 200
45 220
45 224
45 260
45 295
45 303
45 304
45 313
46 75
46 110
46 130
46 175
46 204
47 88
47 101
47 105
47 108
47 122
47 148
47 269
48 156
48 185
48 200
48 211
48 284
49 83
49 104
49 129
49 134
49 153
49 218
49 228
49 233
49 282
50 92
50 232
51 133
51 158
51 249
51 284
51 294
52 67
52 218
52 264
53 102
55 130
55 200
55 217
55 272
55 287
56 133
56 134
56 148
56 193
56 239
56 269
56 310
57 156
57 218
57 232
58 73
58 156
58 162
59 91
59 99
59 122
59 130
59 163
59 164
59 188
60 98
60 102
60 107
60 124
60 134
60 240
60 249
60 286
60 296
61 81
61 97
61 109
61 148
61 166
61 249
62 91
62 96
62 134
62 166
62 181
62 191
62 246
62 288
63 74
63 92
63 122
63 310
64 102
64 110
64 142
64 148
64 165
64 188
64 230
64 298
65 78
65 157
66 77
66 102
66 133
66 268
66 298
67 111
67 114
67 129
67 132
67 133
67 228
67 259
67 287
67 295
67 308
68 92
68 118
68 132
68 155
68 180
68 278
68 283
68 303
69 171
69 267
69 276
70 117
70 236
71 149
71 242
72 80
72 179
72 233
73 132
73 135
73 191
73 244
73 249
73 288
74 94
74 124
74 180
74 188
74 230
74 284
74 300
74 309
75 89
75 102
75 107
75 180
75 194
75 206
75 212
75 220
75 267
76 122
76 149
76 159
76 180
76 197
76 239
77 102
77 118
77 157
77 231
77 258
77 307
78 106
78 112
78 129
78 155
78 204
78 287
79 111
79 130
79 134
80 109
80 134
80 144
80 156
80 267
81 156
81 170
81 180
81 193
81 201
81 279
81 287
83 101
83 130
83 208
83 287
84 238
84 268
85 102
85 264
86 96
86 172
86 188
86 233
86 267
86 278
87 131
87 188
87 191
87 224
87 278
87 286
88 106
88 130
88 133
88 156
89 129
89 142
90 122
90 278
91 130
91 296
92 95
92 120
92 148
92 162
92 166
92 181
92 268
92 307
93 288
94 249
95 121
95 258
95 276
96 131
96 179
96 249
96 264
97 133
97 191
97 193
97 259
98 162
98 210
98 236
98 307
99 134
99 160
100 184
101 131
101 145
101 168
101 193
101 214
101 220
101 221
101 238
101 288
102 112
102 132
102 173
102 216
102 233
102 294
102 297
102 303
103 118
103 121
103 123
103 124
103 130
103 138
103 179
103 217
103 227
103 252
104 122
104 198
104 215
105 167
105 239
105 280
105 286
106 121
106 174
106 191
106 238
106 255
106 300
107 126
107 167
108 133
108 193
108 275
108 276
108 293
109 134
109 139
109 163
109 210
109 212
109 238
109 302
109 309
110 185
110 204
110 243
110 304
112 260
112 265
112 284
113 129
113 139
114 129
114 156
114 195
114 244
114 305
115 137
115 156
115 266
115 279
117 118
117 141
117 181
117 304
118 123
118 133
118 154
118 164
118 180
118 264
119 188
120 129
120 234
120 239
120 287
121 187
121 217
121 276
121 305
122 124
122 174
122 182
122 190
122 263
122 293
123 200
123 249
124 136
124 156
124 180
127 129
127 302
128 145
128 155
128 175
128 208
128 269
128 304
129 130
129 132
129 133
129 135
129 142
129 179
129 188
129 248
129 261
129 287
129 288
129 297
129 301
129 304
129 314
130 131
130 134
130 148
130 160
130 165
130 179
130 188
130 191
130 196
130 200
130 204
130 206
130 211
130 220
130 227
130 229
130 244
130 252
130 276
130 279
130 284
130 290
130 299
130 305
131 133
131 156
131 167
131 169
131 180
131 204
131 239
131 242
131 243
131 245
131 275
131 287
131 296
132 181
132 288
133 134
133 142
133 145
133 152
133 193
133 201
133 202
133 232
133 252
133 258
133 273
133 279
133 285
133 287
133 288
133 293
133 301
133 304
134 136
134 174
134 180
134 188
134 196
134 200
134 210
134 220
134 223
134 238
134 239
134 242
134 279
134 309
134 310
135 141
135 156
135 157
135 186
135 188
135 204
135 205
135 215
135 234
135 249
135 260
135 286
135 295
135 297
135 301
135 314
136 137
136 146
136 148
136 160
136 179
136 193
136 213
136 240
136 275
136 293
136 299
137 145
137 237
137 272
137 292
138 215
138 287
139 215
140 172
140 210
140 228
140 233
142 184
142 200
142 249
143 167
143 186
143 236
144 164
145 149
145 192
145 249
145 278
148 216
148 238
148 263
148 272
148 288
149 193
149 213
149 220
149 237
149 242
149 261
149 276
150 288
150 304
151 187
152 173
153 172
154 162
154 172
154 238
154 242
154 252
154 271
154 283
155 159
155 275
156 193
156 194
156 219
156 231
156 239
156 252
156 258
156 265
156 267
156 269
156 273
156 286
156 287
156 288
156 290
156 310
157 193
157 195
157 200
157 209
157 218
157 229
158 201
158 222
158 241
158 302
159 162
159 218
160 180
160 206
160 239
160 261
160 304
161 211
161 218
161 220
162 212
163 206
164 190
164 200
164 206
164 239
165 275
167 222
167 224
167 225
170 238
171 187
172 197
172 202
173 201
174 192
174 194
174 264
174 314
175 287
178 227
179 192
179 199
179 211
180 199
180 200
180 211
180 231
180 286
180 288
181 212
182 202
182 206
182 242
184 193
184 210
185 201
186 287
188 191
188 215
188 266
188 287
192 201
192 239
193 245
193 276
193 292
193 308
193 314
194 234
194 236
195 288
195 304
196 200
196 211
196 249
197 233
198 210
198 307
200 215
200 220
200 238
200 249
200 271
200 287
201 242
201 252
201 303
202 260
203 298
204 220
205 219
205 233
205 267
205 271
206 211
206 284
206 298
206 307
209 232
210 234
210 280
210 290
211 214
211 258
212 286
213 286
213 303
214 288
215 305
216 309
217 250
219 252
219 269
220 288
221 307
223 249
223 309
223 314
224 285
227 269
231 252
232 242
232 249
232 299
233 235
233 236
233 249
233 258
233 272
233 280
233 287
237 252
237 253
237 287
238 246
238 283
239 246
239 249
241 244
242 246
242 291
245 249
245 256
245 272
246 280
246 286
247 284
247 304
248 280
249 278
249 304
250 273
252 257
252 272
254 285
255 259
255 305
258 269
260 303
263 310
265 305
266 288
268 288
273 288
274 286
278 279
278 286
286 287
287 288
287 289
287 292
287 295
287 298
292 298
296 304
297 309
298 301
