0 40
0 106
0 129
1 2
1 121
1 131
1 133
1 185
1 227
1 284
2 20
2 25
2 28
2 31
2 33
2 44
2 46
2 60
2 62
2 63
2 114
2 122
2 136
2 157
2 190
2 196
2 210
3 7
3 64
3 83
3 96
4 103
4 150
4 200
4 242
4 258
5 118
5 243
5 285
5 292
6 59
6 92
6 102
6 129
6 134
6 202
6 269
6 286
7 48
7 54
7 59
7 79
7 85
7 133
7 135
7 152
7 168
7 174
7 187
7 193
7 201
7 217
7 224
7 226
7 271
8 32
8 51
8 79
8 117
8 128
8 134
8 142
8 143
8 171
8 172
8 173
8 215
8 245
8 271
8 275
8 288
8 303
9 33
9 34
9 56
9 80
9 107
9 117
9 131
9 149
9 214
9 226
9 241
10 59
10 100
10 156
10 299
11 19
11 43
11 139
11 179
11 216
11 217
11 247
12 110
12 125
12 130
12 134
12 135
12 136
12 148
12 175
12 212
12 231
12 255
12 285
12 298
13 31
13 43
13 45
13 61
13 129
13 131
13 135
13 136
13 141
13 180
13 219
13 223
13 249
14 27
14 140
14 156
14 289
15 31
15 50
15 152
15 214
15 287
15 307
16 37
16 48
16 103
16 124
16 129
16 133
16 134
16 136
16 143
16 144
16 167
16 173
16 188
16 204
16 205
16 234
16 241
16 244
16 259
16 260
16 275
16 302
17 30
17 40
17 64
17 83
17 105
17 204
17 287
18 68
18 108
18 135
18 200
18 243
18 258
18 268
18 272
18 279
18 301
19 41
19 85
19 100
19 141
19 179
19 258
20 80
20 81
20 105
20 156
20 157
20 193
20 206
20 214
20 220
20 286
21 36
21 62
22 27
22 180
23 32
23 129
23 135
23 147
23 160
23 197
23 200
23 239
24 60
24 80
24 108
24 120
24 134
24 156
24 275
25 46
25 62
25 90
25 130
25 143
25 148
25 160
25 251
26 75
26 97
26 252
27 37
27 67
27 107
27 120
27 157
27 167
27 186
27 222
27 272
28 31
28 71
28 73
28 92
28 133
28 135
28 157
28 275
28 296
29 40
29 48
29 56
29 118
29 136
29 149
29 208
29 222
29 266
30 45
30 60
30 64
30 133
30 156
30 159
30 160
30 180
30 191
30 204
30 223
30 288
31 95
31 103
31 106
31 129
31 142
31 191
31 200
31 215
31 222
31 242
31 248
31 258
31 274
31 278
32 51
32 84
32 103
32 129
32 148
32 213
32 238
32 272
32 287
33 48
33 57
33 94
33 104
33 124
33 140
33 146
33 188
33 209
33 218
33 233
33 245
33 287
34 45
34 131
35 98
35 112
35 134
35 137
35 156
35 247
36 106
36 118
36 142
36 156
36 181
36 263
37 97
37 134
37 193
37 208
37 230
37 233
37 285
37 302
38 135
39 54
39 59
39 66
39 89
39 99
39 131
39 157
40 43
40 52
40 62
40 105
40 215
40 233
40 288
40 294
41 68
41 231
42 75
42 81
42 122
42 128
42 130
42 200
42 210
42 232
42 240
42 241
43 66
43 118
43 240
44 60
44 103
44 118
44 135
44 177
44 217
44 311
45 55
45 68
45 79
45 89
45 115
45 129
45 134
45 136
45 193
45 200
45 219
45 230
45 287
45 292
46 77
46 79
46 95
46 131
46 134
46 193
47 74
47 81
47 102
47 135
47 157
47 198
47 204
48 77
48 97
48 151
48 185
48 206
48 243
48 245
48 264
48 280
49 59
49 120
49 130
49 192
49 220
49 230
49 272
49 301
49 302
50 95
50 111
50 134
50 207
50 215
50 243
50 305
50 312
51 193
52 75
52 107
52 135
53 304
54 59
54 220
54 286
54 300
55 59
55 60
55 102
55 121
55 122
55 131
55 146
55 309
56 153
56 156
56 230
56 252
56 271
56 285
56 303
57 152
58 72
58 179
59 81
59 96
59 100
59 131
59 137
59 149
59 187
59 200
59 229
59 239
59 305
60 249
60 287
61 101
61 229
61 273
62 106
62 130
62 134
62 147
63 74
63 160
63 258
64 120
64 140
64 243
65 105
65 124
65 136
65 213
65 278
65 298
66 87
66 110
66 118
66 200
67 72
67 75
67 96
67 101
67 162
67 180
67 209
67 210
67 222
67 263
67 279
67 295
68 77
68 129
68 179
68 216
68 272
68 279
69 99
69 117
69 130
69 132
69 149
69 215
69 217
70 131
70 156
70 160
70 267
71 74
71 242
71 249
72 126
72 133
72 254
72 291
73 131
73 192
73 243
73 257
73 266
73 287
74 85
74 106
74 157
74 167
74 172
74 184
74 201
74 259
74 271
74 286
74 288
75 76
75 89
75 128
75 129
75 133
75 197
75 207
75 209
75 258
76 129
76 199
76 276
76 303
77 110
77 118
77 129
77 137
77 211
77 227
77 309
78 100
78 133
78 155
78 185
78 250
79 88
79 127
79 133
79 199
79 233
80 115
80 120
80 143
80 156
80 159
80 167
80 174
80 292
80 295
82 276
83 98
83 129
83 133
83 287
84 130
84 142
84 209
85 145
85 174
85 219
85 242
85 244
85 249
85 283
86 154
87 134
87 149
88 172
88 190
88 213
88 219
88 255
88 277
89 103
89 200
89 218
90 134
90 284
91 108
91 168
91 209
91 252
92 108
92 135
92 156
92 181
92 188
92 218
92 228
92 233
92 266
93 129
94 100
94 134
94 135
94 248
95 313
96 109
96 129
96 133
96 135
96 161
96 162
96 185
96 195
96 196
96 286
97 122
97 132
97 134
97 253
97 271
97 290
97 303
98 131
98 164
98 168
98 220
98 287
98 315
99 124
99 135
99 143
99 204
99 214
99 248
99 259
100 155
101 145
101 167
102 106
102 200
102 209
102 215
102 229
102 230
102 247
103 109
103 110
103 124
103 130
103 158
103 180
103 202
103 204
103 207
103 220
103 245
103 286
103 287
103 289
103 304
104 139
104 146
104 158
104 167
104 173
104 174
104 191
105 131
105 132
105 193
105 206
105 229
105 296
106 128
106 156
106 166
106 223
106 274
107 157
107 172
107 177
107 212
107 263
108 129
108 136
108 137
108 280
109 136
109 146
109 157
109 171
109 241
110 118
110 119
110 142
110 173
110 186
110 230
110 242
110 271
110 277
110 284
110 292
111 205
111 206
112 118
112 126
112 127
112 157
112 197
112 209
112 287
113 265
114 255
114 269
115 130
115 245
115 305
116 139
116 188
117 130
117 167
117 221
117 298
117 299
118 134
118 136
118 149
118 161
118 174
118 177
118 220
118 296
118 298
119 206
119 231
119 249
120 149
120 275
121 124
121 135
121 143
122 131
122 195
122 196
122 211
122 288
123 209
123 271
123 299
124 129
124 130
124 131
124 135
124 165
124 166
124 205
124 239
124 278
124 298
124 310
125 166
126 285
126 302
128 129
128 143
128 169
128 180
128 233
128 241
128 296
128 299
128 305
129 134
129 152
129 156
129 174
129 176
129 179
129 180
129 201
129 205
129 206
129 209
129 215
129 226
129 238
129 239
129 250
129 259
129 286
129 293
129 296
129 308
130 132
130 139
130 140
130 148
130 151
130 154
130 158
130 172
130 174
130 183
130 193
130 200
130 210
130 214
130 219
130 223
130 240
130 241
130 249
130 272
130 280
130 287
130 288
130 290
130 309
131 140
131 152
131 156
131 169
131 171
131 177
131 181
131 187
131 190
131 193
131 215
131 222
131 269
131 278
131 285
131 292
131 305
131 310
132 209
133 135
133 148
133 160
133 168
133 188
133 190
133 194
133 217
133 221
133 229
133 241
133 243
133 249
133 277
133 286
133 287
133 288
134 135
134 136
134 137
134 149
134 200
134 211
134 220
134 224
134 228
134 234
134 239
134 249
134 259
134 263
134 269
134 281
134 299
135 148
135 160
135 180
135 185
135 193
135 219
135 242
135 248
135 263
135 286
135 288
136 153
136 200
136 234
136 239
136 275
136 284
136 286
137 249
138 283
140 190
140 200
140 205
140 208
140 244
140 245
142 177
142 210
142 214
143 158
143 197
143 234
145 159
145 185
145 222
145 234
145 298
146 154
147 292
148 176
148 210
148 224
148 229
148 271
148 295
148 296
149 184
149 188
149 200
149 245
149 275
149 304
150 156
150 193
150 221
151 161
152 180
152 298
152 314
153 263
153 268
154 157
154 193
154 209
154 272
156 188
156 202
156 205
156 209
156 223
156 240
156 254
156 304
156 311
157 170
157 177
157 205
157 245
157 263
157 292
157 304
157 310
159 215
159 233
159 260
160 164
160 260
160 272
161 164
161 221
161 261
162 191
162 220
162 229
162 249
162 283
164 248
164 284
166 177
166 193
167 212
167 219
167 249
167 266
167 275
167 279
168 313
169 177
171 210
172 239
172 278
172 307
173 237
174 304
175 211
175 235
176 232
176 267
176 277
177 301
177 303
179 180
179 220
179 249
179 275
180 182
180 194
180 204
180 217
180 245
180 268
180 275
180 284
180 296
180 305
181 315
187 205
188 198
188 202
189 205
189 267
189 292
192 271
193 194
193 215
193 239
193 257
193 264
193 267
193 269
193 284
195 199
195 249
195 305
196 198
196 211
196 244
197 268
197 274
200 201
200 233
200 244
200 276
200 287
201 204
201 305
202 263
204 275
205 206
205 220
205 301
206 211
206 287
206 288
206 305
207 275
207 301
208 230
208 275
209 274
210 266
211 213
211 233
211 286
213 238
213 301
214 255
214 305
216 276
217 230
218 238
218 304
219 233
220 245
220 287
220 293
222 246
222 258
223 263
224 235
224 290
227 288
232 278
232 310
233 284
233 288
233 314
235 255
235 265
238 255
238 287
238 295
239 275
239 286
241 278
242 260
242 272
243 261
244 250
245 267
246 271
247 298
249 274
249 298
249 309
250 281
252 287
253 292
254 282
258 267
259 268
260 287
261 273
265 288
266 301
267 285
268 315
271 276
272 287
272 315
273 287
273 288
274 286
276 287
285 291
286 303
286 304
288 292
288 296
288 304
290 299
292 313
