0 35
0 44
0 59
0 142
1 67
1 77
1 109
1 133
1 152
2 10
2 16
2 36
2 47
2 49
2 59
2 110
2 124
2 148
2 180
2 181
2 218
2 219
2 231
2 272
2 273
2 288
3 16
3 18
3 33
3 34
3 47
3 152
3 185
3 221
4 68
4 94
4 130
4 163
4 205
4 210
5 13
5 89
5 143
5 207
5 239
5 256
5 267
5 287
6 16
6 66
6 110
6 117
6 122
6 239
7 56
7 92
7 130
7 131
7 135
7 179
7 183
7 213
7 224
7 258
7 269
7 283
8 27
8 31
8 47
8 65
8 104
8 129
8 200
8 236
8 239
8 271
8 285
8 287
8 288
9 94
9 135
9 144
9 156
9 172
9 278
10 302
11 32
11 60
11 131
11 133
11 135
11 156
11 182
11 278
12 19
12 33
12 84
12 121
12 131
12 159
12 224
12 249
12 283
12 285
13 102
13 122
13 131
13 133
13 153
13 162
13 179
13 206
13 231
13 289
13 303
14 20
14 40
14 41
14 59
14 129
14 208
14 219
14 224
14 254
15 75
15 80
15 108
15 134
15 136
15 145
15 217
15 276
16 43
16 47
16 48
16 87
16 90
16 124
16 145
16 156
16 161
16 177
16 181
16 193
16 195
16 268
16 275
16 278
16 288
17 208
17 217
17 298
18 28
18 68
18 154
18 239
18 243
19 25
19 33
19 195
19 259
19 293
20 35
20 61
20 90
20 124
20 134
20 135
20 180
20 200
20 229
20 303
21 285
22 34
22 124
22 227
23 34
23 68
23 90
23 126
23 298
24 42
24 59
24 148
24 174
25 80
25 157
25 197
25 295
25 305
25 313
26 31
26 113
27 130
27 147
27 288
27 313
28 92
28 131
28 133
28 138
28 145
28 153
28 213
28 248
29 47
29 90
29 118
29 158
29 159
29 172
29 256
29 266
30 120
30 142
31 33
31 38
31 102
31 104
31 135
31 177
31 178
31 303
31 309
32 64
32 74
32 76
32 78
32 96
32 117
32 124
32 136
32 153
32 155
32 156
32 180
32 187
32 200
32 242
32 249
32 304
32 310
33 50
33 95
33 109
33 133
33 134
33 136
33 162
33 180
33 188
33 197
33 218
33 221
33 232
33 297
34 74
34 139
34 224
34 241
35 58
35 196
35 228
36 201
36 255
36 283
36 288
37 231
37 254
37 258
37 295
38 160
38 188
38 293
38 314
39 51
39 59
39 99
39 129
39 168
39 194
39 204
39 278
40 64
40 70
40 77
40 164
40 220
40 315
41 46
41 59
41 92
41 204
41 218
41 242
41 287
42 60
42 72
42 81
42 156
42 249
42 267
43 45
43 47
43 60
43 67
43 91
43 95
44 106
44 206
45 74
45 95
45 124
45 127
45 133
45 134
45 180
45 188
45 193
45 273
45 282
45 287
46 67
46 78
46 130
46 145
46 156
46 157
46 174
46 192
46 207
46 274
46 298
47 104
47 109
47 135
47 146
47 162
47 179
47 184
47 209
47 233
47 287
47 313
48 89
48 107
48 136
48 147
48 188
48 220
49 94
49 96
49 194
49 230
49 313
50 86
50 99
50 104
50 130
50 148
50 151
50 211
50 237
50 303
51 62
51 101
51 141
51 160
51 194
51 212
51 216
51 247
51 263
51 304
51 305
52 103
52 280
53 158
53 216
54 144
54 156
55 125
55 163
55 231
56 68
56 131
56 133
56 274
58 175
58 298
58 313
59 90
59 136
59 140
59 152
59 188
59 220
59 257
59 266
60 80
60 106
60 156
60 213
60 245
60 277
60 296
61 103
61 142
61 201
61 228
61 287
61 288
61 297
62 98
62 137
62 173
62 181
62 200
63 103
63 112
63 131
63 193
63 267
63 304
64 104
64 156
64 206
64 210
64 229
64 249
64 255
64 293
65 79
65 110
65 156
65 218
65 221
66 83
66 89
66 110
66 136
66 175
66 254
66 265
67 106
67 113
67 129
67 131
67 285
67 293
68 133
68 149
68 153
68 182
68 219
68 232
68 265
68 272
68 294
69 98
69 133
69 174
69 224
69 253
69 307
70 161
70 171
70 229
70 234
71 133
71 134
71 237
72 86
72 88
72 167
73 95
73 106
73 179
73 196
74 97
74 129
74 156
74 160
74 218
74 224
74 232
74 257
74 285
74 314
75 101
75 117
75 173
75 177
75 193
75 208
75 210
75 215
75 220
75 249
75 294
76 150
77 125
77 130
77 192
77 210
77 231
78 129
78 136
79 220
80 166
80 182
80 230
80 236
81 85
81 156
81 198
81 215
82 273
83 86
83 134
83 182
83 185
85 95
85 103
85 138
86 118
86 124
86 140
86 148
86 155
86 275
86 291
87 102
87 130
88 130
88 160
88 162
88 176
88 249
88 304
89 109
89 130
89 134
90 101
90 103
90 114
90 166
90 189
90 223
90 278
91 93
91 142
91 156
91 188
92 122
92 264
92 271
92 288
94 139
94 148
94 261
95 101
95 129
95 167
95 224
96 129
96 130
96 284
97 118
97 125
97 133
97 145
97 158
97 184
97 199
97 209
97 249
97 280
97 286
98 123
98 142
98 156
98 164
98 166
98 167
98 191
98 193
98 220
98 221
98 245
98 267
98 268
99 107
99 110
99 257
100 308
101 191
101 224
102 113
102 124
102 132
102 133
102 155
102 217
102 249
102 292
103 123
103 134
103 160
103 237
103 249
104 124
104 227
104 258
104 283
105 130
105 131
105 136
105 152
105 215
105 224
106 118
106 126
106 130
106 131
106 149
106 156
106 180
106 211
107 118
107 132
107 249
107 286
108 182
108 211
108 303
109 136
109 156
109 204
110 130
110 133
110 157
110 161
110 180
110 249
110 250
110 257
111 169
111 219
111 262
111 308
112 130
112 139
112 141
112 152
112 193
113 118
113 231
113 291
114 130
114 157
114 274
114 304
115 134
115 148
115 273
116 129
116 196
116 200
116 212
116 255
117 122
117 154
117 169
117 238
117 283
117 288
118 130
118 134
118 136
118 138
118 149
118 156
118 208
118 228
118 266
119 130
119 234
119 292
120 152
120 187
120 232
121 133
121 188
121 190
121 221
121 248
121 285
121 303
122 148
122 164
122 171
122 206
122 215
122 231
122 287
123 148
123 156
123 216
123 270
124 129
124 146
124 160
124 173
124 187
124 234
124 241
124 269
124 271
124 281
124 299
125 126
125 148
125 179
126 192
126 231
127 134
127 206
127 235
127 283
127 285
128 196
128 220
129 133
129 157
129 158
129 167
129 185
129 189
129 212
129 215
129 223
129 238
129 270
129 278
129 279
129 290
129 307
129 309
130 134
130 143
130 152
130 157
130 184
130 192
130 204
130 207
130 216
130 225
130 230
130 246
130 249
130 255
130 262
130 284
130 299
130 314
131 145
131 147
131 148
131 176
131 182
131 185
131 213
131 214
131 219
131 257
131 262
131 265
131 266
131 268
131 277
131 278
131 296
131 302
132 141
132 191
132 260
132 288
133 150
133 173
133 174
133 180
133 209
133 210
133 236
133 258
133 304
134 143
134 147
134 151
134 154
134 167
134 171
134 179
134 180
134 226
134 245
134 269
134 290
134 298
134 302
134 305
134 309
135 140
135 146
135 166
135 181
135 202
135 209
135 213
135 221
135 275
135 276
135 287
135 305
135 310
136 156
136 160
136 161
136 185
136 200
136 206
136 218
136 260
136 287
136 304
136 305
137 167
137 224
137 287
137 297
138 242
140 157
140 180
140 197
140 259
142 160
142 237
144 215
144 220
144 286
145 156
145 219
145 230
145 233
145 234
145 238
146 181
146 191
146 209
146 249
148 168
148 177
148 216
148 234
148 239
148 279
148 285
148 291
149 187
149 205
149 214
149 216
149 243
149 246
149 266
149 273
149 294
149 295
149 301
151 206
151 257
152 179
152 230
152 315
153 174
153 288
154 200
154 209
154 211
155 219
155 284
156 185
156 233
156 242
156 257
156 278
156 286
157 175
157 201
157 247
157 299
159 169
160 171
160 200
160 233
160 247
161 162
161 219
161 220
163 284
163 288
164 268
167 191
167 194
167 210
167 211
167 264
167 266
167 272
167 289
167 294
167 310
169 241
169 258
169 311
171 185
171 279
172 210
172 232
172 267
173 225
173 255
173 267
173 294
174 213
174 279
174 285
175 285
176 255
176 261
177 207
179 203
179 209
179 274
179 303
180 233
180 241
180 258
180 267
181 287
182 309
183 303
184 247
185 188
185 208
185 215
185 248
188 203
188 217
188 228
188 244
188 248
188 265
188 280
190 258
190 281
191 200
191 202
191 217
191 266
192 224
192 260
192 288
193 215
193 255
193 286
193 297
194 218
195 313
196 272
197 220
197 304
198 309
200 204
200 206
200 248
201 253
203 239
203 301
204 220
204 229
204 305
205 288
206 303
207 269
207 302
208 210
208 220
208 285
209 224
209 292
210 224
211 212
211 241
211 243
211 251
211 265
212 260
212 288
214 231
215 218
215 233
215 271
216 249
217 234
217 276
218 256
220 287
220 305
220 310
224 271
225 232
229 282
230 237
230 281
230 302
231 266
231 287
231 289
232 308
233 249
233 286
234 249
234 269
235 268
236 244
238 272
239 255
239 299
239 305
247 262
249 281
252 269
252 287
252 288
256 288
257 258
259 287
263 284
264 284
264 305
264 309
267 275
269 285
274 283
275 285
276 304
279 299
279 303
284 288
284 304
286 288
287 288
287 308
293 298
301 305
