0 36
0 131
0 151
0 184
0 218
1 46
1 96
1 130
1 234
1 287
2 7
2 17
2 24
2 32
2 51
2 64
2 81
2 98
2 112
2 136
2 152
2 167
2 187
2 201
2 238
2 246
2 285
3 79
3 210
3 287
3 313
4 98
4 104
4 130
4 140
4 220
4 302
5 10
5 12
5 14
5 107
5 133
5 134
5 210
5 256
5 272
5 285
6 7
6 95
6 149
6 261
6 288
7 15
7 16
7 32
7 62
7 86
7 100
7 133
7 134
7 135
7 187
7 188
7 241
7 268
7 315
8 34
8 59
8 83
8 129
8 130
8 148
8 162
8 210
8 215
8 223
8 224
8 227
8 286
9 30
9 129
9 131
9 134
9 276
10 211
10 220
10 235
10 239
11 105
11 152
12 68
12 87
12 138
12 167
12 212
12 220
12 240
12 241
12 250
12 302
12 313
13 56
13 60
13 75
13 117
13 131
13 183
13 196
13 206
13 224
14 16
14 75
14 132
14 136
14 179
14 182
14 202
14 232
15 45
15 56
15 72
15 99
15 104
15 134
15 181
15 211
15 231
15 273
16 28
16 30
16 32
16 106
16 148
16 174
16 205
16 206
16 241
16 279
16 303
16 309
17 59
17 130
17 134
17 156
17 180
17 226
18 19
18 132
18 154
18 164
18 188
18 214
18 233
18 245
18 301
19 51
19 98
19 231
19 264
19 309
20 43
20 74
20 102
20 156
20 180
20 239
21 36
21 135
21 167
21 246
22 199
23 143
23 169
23 280
24 50
24 60
24 67
24 131
24 146
24 161
24 221
24 231
24 279
24 287
25 129
25 160
25 208
25 266
25 271
26 30
26 43
26 74
26 156
26 199
27 42
27 45
27 56
27 80
27 130
27 134
27 193
27 249
28 59
28 68
28 76
28 129
28 130
28 136
28 245
28 304
29 129
29 134
29 140
29 243
29 285
30 227
31 58
31 76
31 111
31 124
31 129
31 130
31 138
31 157
31 160
31 167
31 169
31 178
31 210
31 239
31 287
31 314
32 62
32 73
32 74
32 101
32 104
32 115
32 129
32 134
32 135
32 160
32 168
32 174
32 180
32 187
32 195
32 205
32 216
32 258
32 305
32 315
33 134
33 165
33 167
33 184
33 200
33 215
33 233
33 239
33 249
33 276
33 281
34 108
34 180
34 200
34 211
34 220
34 241
34 276
34 288
34 301
35 67
35 79
35 174
35 208
35 248
35 268
35 285
36 66
36 69
36 74
36 106
36 130
36 145
36 153
36 180
36 234
36 304
37 242
38 43
38 56
38 179
38 191
38 204
38 233
38 284
38 288
39 60
39 140
39 176
39 177
39 202
39 211
39 287
40 45
40 57
40 73
40 117
40 121
40 124
40 133
40 160
40 193
40 205
40 210
41 115
41 155
41 238
41 248
41 287
41 302
42 45
42 59
42 78
42 106
42 130
42 134
42 272
43 78
43 80
43 101
43 129
43 135
43 155
43 245
43 286
43 305
44 49
44 101
44 133
44 156
44 314
45 89
45 115
45 130
45 132
45 135
45 142
45 156
45 177
45 217
45 250
45 260
45 279
45 290
46 60
46 98
46 128
46 136
46 151
46 156
46 191
46 208
46 213
46 270
46 271
47 117
47 137
47 219
47 273
47 291
48 106
48 111
48 124
48 224
48 267
48 298
48 301
49 74
49 103
49 129
49 179
49 203
49 205
49 213
49 237
49 272
50 67
50 100
50 121
50 129
50 130
50 131
50 148
50 180
50 239
50 273
50 281
51 55
51 106
51 134
51 194
51 205
51 239
51 314
52 75
52 79
52 206
53 233
54 87
54 90
54 182
54 197
54 200
54 255
54 279
55 74
55 84
55 188
55 198
55 216
55 287
56 60
56 75
56 79
56 109
56 131
56 134
56 148
56 283
57 130
57 136
58 145
58 205
59 86
59 89
59 112
59 128
59 130
59 131
59 159
59 167
59 173
59 199
59 206
60 65
60 76
60 79
60 99
60 136
60 160
60 161
60 185
60 241
60 242
60 269
60 276
61 197
61 210
62 135
63 97
63 242
63 285
64 104
64 167
64 187
64 207
64 210
64 249
64 285
65 88
65 118
65 131
65 157
65 191
65 193
65 200
65 299
66 133
66 225
67 69
67 89
67 123
67 124
67 154
67 200
67 210
67 287
68 129
68 167
68 180
68 217
68 272
69 124
69 133
69 202
69 212
70 78
70 149
71 265
72 180
72 287
73 91
73 101
73 133
73 143
73 157
73 226
73 269
74 89
74 134
74 136
74 149
74 164
74 197
74 243
74 256
75 97
75 103
75 112
75 121
75 158
75 177
75 197
76 105
76 116
76 118
76 152
76 158
76 230
76 296
78 114
78 128
78 149
78 156
78 304
79 87
79 89
79 129
79 134
79 137
79 156
79 157
79 200
79 306
80 97
80 133
80 167
80 185
80 208
80 233
80 252
80 272
81 135
81 308
83 130
83 135
84 133
85 129
85 184
85 200
85 206
85 215
85 304
86 134
86 303
87 102
87 124
87 129
87 150
87 196
87 239
87 258
87 304
88 122
88 148
88 168
88 274
89 121
89 124
89 128
89 203
89 224
89 233
89 249
89 271
89 293
90 136
91 131
91 156
91 204
91 313
92 107
92 182
92 185
92 211
92 221
93 148
93 249
94 130
94 151
94 204
94 308
95 98
95 148
95 210
95 272
96 107
96 166
96 171
96 210
96 220
97 102
97 134
97 156
97 166
97 193
97 239
98 110
98 129
98 148
98 149
98 182
98 239
98 248
99 152
99 292
100 129
101 131
101 142
101 156
101 188
101 288
101 296
102 110
102 116
102 197
102 212
102 221
102 283
102 285
102 304
103 105
103 123
103 124
103 125
103 129
103 180
103 205
103 211
103 231
103 286
103 298
104 107
104 124
104 156
104 258
104 278
105 117
105 156
105 171
105 172
105 263
105 284
105 292
106 128
106 133
106 134
106 147
106 154
106 167
106 268
106 271
107 130
107 167
107 177
107 179
107 231
107 283
108 114
108 178
108 255
109 130
109 131
109 147
109 148
109 199
110 130
110 134
110 142
110 149
110 157
110 205
110 208
110 227
110 238
110 269
111 287
112 128
113 229
114 217
114 279
114 313
115 139
115 157
115 212
115 261
117 193
117 224
117 292
118 129
118 166
118 214
118 215
118 219
118 241
118 242
118 251
118 269
118 276
118 309
118 315
121 237
121 269
122 132
122 134
122 140
122 150
122 232
122 267
123 210
123 231
123 308
124 129
124 132
124 136
124 139
124 156
124 167
124 172
124 216
124 231
124 304
124 308
125 236
126 192
126 234
126 304
126 306
127 135
128 168
128 180
128 202
128 206
128 244
128 304
129 130
129 132
129 163
129 210
129 215
129 224
129 231
129 232
129 260
129 272
129 298
129 315
130 134
130 136
130 148
130 152
130 156
130 172
130 173
130 182
130 201
130 208
130 215
130 217
130 232
130 255
130 258
130 260
130 269
130 270
130 279
130 294
130 296
130 298
130 299
130 304
130 313
131 149
131 153
131 156
131 164
131 167
131 192
131 213
131 229
131 231
131 236
131 249
131 276
131 288
131 305
132 157
132 179
132 207
132 208
132 266
133 136
133 139
133 144
133 161
133 162
133 164
133 175
133 183
133 193
133 218
133 224
133 249
133 256
133 285
133 288
133 293
134 160
134 164
134 179
134 188
134 192
134 193
134 216
134 218
134 220
134 240
134 252
134 254
134 258
134 259
134 287
134 291
134 293
134 304
134 307
135 152
135 156
135 164
135 246
135 248
135 249
135 287
135 297
135 307
135 314
136 146
136 151
136 180
136 184
136 193
136 197
136 218
136 249
136 282
136 283
137 162
137 218
137 233
138 164
138 220
138 233
138 255
138 267
139 205
140 287
141 271
141 305
142 148
142 160
142 201
142 230
143 150
143 231
143 234
144 257
144 276
144 296
144 304
145 148
145 168
145 286
146 158
146 200
146 220
148 149
148 179
148 200
148 216
148 231
148 258
148 281
148 299
149 188
149 195
149 264
149 276
149 306
150 152
150 239
150 261
151 238
152 197
152 205
152 249
152 292
153 279
153 288
154 168
154 174
154 297
155 180
156 157
156 158
156 177
156 188
156 193
156 210
156 211
156 233
156 243
156 269
156 278
156 282
156 286
157 190
157 200
157 281
157 285
157 301
158 220
158 272
159 272
160 172
160 179
160 193
160 264
160 267
162 192
163 218
164 219
164 298
166 200
167 173
167 211
167 233
167 267
167 283
168 196
168 238
168 314
170 225
170 299
171 307
171 314
172 174
172 205
172 271
173 188
174 203
174 209
174 254
174 276
174 314
175 208
175 313
177 194
178 251
179 202
179 216
179 272
179 286
179 294
180 193
180 210
180 232
180 233
180 271
180 285
180 286
180 304
181 304
181 314
182 299
184 204
185 210
185 212
185 262
185 308
186 258
187 239
188 232
188 286
189 226
192 215
192 233
192 241
193 230
193 257
193 270
193 286
194 233
196 285
197 220
197 233
197 298
198 210
198 281
199 286
200 205
200 208
200 210
200 216
200 276
200 283
200 285
201 288
201 311
202 292
204 210
205 228
205 293
208 215
208 260
209 212
209 220
209 267
209 313
210 220
210 226
210 285
211 278
212 213
212 280
214 288
214 302
215 257
216 217
216 303
217 240
217 314
218 220
218 285
219 287
220 222
220 255
220 258
220 272
220 278
220 303
220 313
221 302
223 243
223 263
223 283
224 265
224 293
225 285
227 288
228 232
229 239
230 234
234 249
236 248
239 242
239 286
239 303
239 309
239 314
240 267
240 295
241 247
241 248
241 302
243 258
243 276
243 284
244 283
247 279
247 303
249 264
249 296
252 255
254 288
255 260
258 301
260 292
261 268
261 294
263 304
263 314
264 305
266 284
266 298
266 306
267 269
268 309
269 299
271 275
272 287
273 308
274 288
285 302
292 314
295 304
295 310
297 310
