0 2
0 276
0 291
1 14
1 74
1 103
1 148
1 224
1 232
1 249
1 261
1 287
1 296
2 4
2 5
2 28
2 47
2 60
2 77
2 95
2 106
2 134
2 140
2 160
2 182
2 213
2 275
3 14
3 28
3 188
3 276
3 299
4 22
4 77
4 124
4 215
4 224
4 288
5 10
5 85
5 136
5 302
5 310
6 31
6 64
6 101
6 134
6 201
6 231
6 238
6 295
7 62
7 77
7 81
7 94
7 107
7 110
7 124
7 133
7 134
7 156
7 165
7 187
7 195
7 206
7 223
7 256
7 258
7 260
7 285
7 286
8 65
8 80
8 92
8 101
8 130
8 133
8 140
8 167
8 193
8 197
8 220
8 241
8 245
9 40
9 58
9 64
9 84
9 130
9 193
9 244
10 31
10 133
10 138
10 170
10 204
10 235
11 33
11 206
11 218
11 298
12 31
12 43
12 96
12 128
12 129
12 135
12 161
12 180
12 199
12 220
12 287
13 49
13 89
13 94
13 130
13 167
13 200
13 304
14 74
14 101
14 105
14 191
14 265
14 273
14 305
15 107
15 237
15 282
15 283
16 20
16 45
16 46
16 52
16 96
16 111
16 113
16 140
16 149
16 216
16 225
16 245
16 287
16 296
16 314
17 26
17 32
17 62
17 135
17 153
17 156
17 220
17 263
17 267
17 287
18 33
18 67
18 108
18 112
18 133
18 146
18 151
18 160
18 207
18 218
18 245
18 255
18 288
18 301
19 106
19 135
19 242
19 249
20 103
20 110
20 120
20 182
20 193
20 204
20 214
20 241
21 53
21 81
21 103
21 113
21 124
21 193
22 148
22 194
22 221
22 293
23 60
23 68
23 162
23 180
23 216
23 274
23 295
24 31
24 83
24 117
24 133
24 215
24 244
24 277
24 283
25 39
25 79
25 91
25 95
25 130
25 135
25 192
25 200
25 220
26 34
26 285
28 37
28 285
28 289
29 43
29 62
29 141
29 197
29 283
30 51
31 41
31 45
31 55
31 58
31 59
31 68
31 80
31 97
31 103
31 104
31 111
31 118
31 121
31 132
31 133
31 151
31 156
31 199
31 246
32 36
32 45
32 50
32 65
32 95
32 98
32 120
32 128
32 134
32 181
32 194
32 200
32 244
32 315
33 45
33 63
33 77
33 83
33 127
33 129
33 134
33 153
33 161
33 194
33 209
33 234
33 239
33 240
33 272
34 56
34 73
34 108
34 129
34 147
34 214
34 245
34 265
35 129
35 167
36 130
36 155
36 188
37 79
37 124
37 161
37 192
37 200
37 292
38 59
38 101
38 125
38 130
38 196
38 280
38 304
39 66
39 92
39 128
39 150
39 156
39 234
39 285
39 292
39 310
40 42
40 52
40 80
40 117
40 128
40 185
40 274
41 122
41 142
41 173
41 180
41 214
41 249
42 121
42 152
42 286
42 302
43 50
43 64
43 163
43 243
43 266
44 51
44 52
44 67
44 73
44 110
44 300
45 129
45 137
45 144
45 156
45 160
45 167
45 217
45 251
45 284
46 75
46 91
46 133
46 140
46 149
46 218
46 272
47 62
47 98
47 199
47 208
47 218
47 275
47 298
48 55
48 59
48 82
48 83
48 129
48 131
48 167
48 204
48 239
48 242
49 136
49 145
49 157
49 215
49 233
49 288
50 67
50 84
50 161
50 162
50 196
50 206
50 286
50 287
50 294
51 101
51 108
51 129
51 152
51 161
51 287
51 305
52 184
52 235
52 291
53 197
54 133
54 245
55 103
55 106
55 179
55 242
55 287
56 80
56 87
56 134
56 278
57 59
57 76
58 135
58 204
58 264
59 102
59 129
59 136
59 138
59 157
59 158
59 177
59 179
59 180
59 242
59 289
60 76
60 229
60 244
60 247
60 287
61 79
61 90
61 207
62 124
62 133
62 200
62 281
62 313
63 104
63 270
63 271
63 294
64 73
64 103
64 130
64 134
64 184
64 313
65 129
65 184
66 91
66 188
66 285
67 118
67 130
67 133
67 136
67 137
67 149
67 160
67 174
67 179
67 200
67 250
67 266
67 285
68 98
68 102
68 130
68 159
68 172
68 177
68 249
68 269
69 130
69 148
69 159
70 135
70 246
71 116
71 210
71 263
72 81
72 193
73 102
73 238
73 288
74 128
74 262
74 272
74 288
75 79
75 89
75 103
75 156
75 160
75 186
75 213
75 216
75 223
75 276
76 90
76 95
76 104
76 118
76 164
76 287
77 160
77 193
78 124
78 154
78 156
78 241
78 264
79 143
79 152
79 206
79 247
79 254
79 286
80 102
80 132
80 217
80 238
80 239
80 255
81 106
81 124
81 200
81 203
81 252
82 180
82 242
82 293
83 153
83 254
83 256
84 180
84 193
85 96
85 208
85 249
86 232
86 299
87 130
87 185
87 208
88 134
88 200
88 312
89 241
90 246
91 124
92 102
92 105
92 129
92 156
92 174
92 235
92 267
93 110
93 129
93 157
93 263
93 278
94 134
94 176
94 219
95 98
95 100
95 220
95 295
96 104
96 157
96 233
96 239
97 238
97 288
98 149
98 167
98 188
98 239
98 258
99 101
99 117
99 239
100 288
101 124
101 158
101 205
101 233
101 267
102 106
102 108
102 127
102 133
102 136
102 156
102 167
102 222
102 271
102 292
102 313
103 119
103 129
103 149
103 157
103 160
103 161
103 239
103 276
104 108
104 118
104 160
104 164
104 217
104 281
105 134
105 162
105 182
105 195
105 206
105 224
106 117
106 134
106 149
106 178
106 240
106 249
106 256
106 288
107 134
107 181
107 186
107 239
107 296
108 118
108 154
108 215
108 216
108 223
108 233
108 303
109 128
109 131
109 133
109 188
110 118
110 129
110 130
110 134
110 138
110 148
110 206
110 288
111 135
112 137
112 197
113 159
114 121
114 131
115 117
115 192
115 193
116 124
117 128
117 129
117 136
117 153
117 211
117 218
117 263
117 298
118 121
118 137
118 156
118 204
118 276
118 288
118 305
118 307
119 301
120 143
120 168
120 231
120 286
121 129
121 137
121 188
121 224
121 233
121 242
121 275
122 129
122 133
122 134
123 127
123 208
124 133
124 157
124 181
124 270
124 310
125 127
125 135
125 288
125 297
128 131
128 136
128 303
129 133
129 148
129 156
129 190
129 216
129 224
129 232
129 246
129 283
129 286
129 287
129 301
130 131
130 134
130 135
130 136
130 148
130 152
130 156
130 157
130 158
130 160
130 167
130 168
130 210
130 222
130 241
130 275
130 293
130 295
130 299
130 309
131 134
131 135
131 146
131 156
131 181
131 188
131 192
131 206
131 210
131 224
131 257
131 265
131 272
131 280
131 283
131 287
131 304
131 308
132 188
132 212
132 244
133 134
133 137
133 138
133 147
133 157
133 159
133 181
133 184
133 191
133 196
133 214
133 229
133 264
133 265
133 276
133 288
134 158
134 176
134 180
134 203
134 231
134 241
134 249
134 262
134 272
134 274
134 276
134 294
135 148
135 156
135 157
135 169
135 184
135 191
135 215
135 220
135 247
135 252
135 258
135 267
135 276
135 283
135 287
135 302
135 303
135 307
135 309
136 156
136 166
136 167
136 179
136 194
136 196
136 205
136 220
136 244
136 275
136 288
136 292
136 293
137 157
137 293
138 172
138 211
138 218
138 229
139 225
139 267
140 169
140 232
140 269
142 143
142 174
143 164
143 177
143 242
144 192
144 242
145 205
145 285
145 292
146 160
146 252
146 261
146 276
147 270
147 275
147 288
148 171
148 175
148 264
148 283
148 287
148 299
149 160
149 172
149 197
149 199
149 215
149 261
151 221
152 164
152 188
153 252
154 233
154 241
156 160
156 180
156 204
156 210
156 212
156 216
156 220
156 222
156 240
156 249
156 271
156 291
156 304
156 313
157 161
157 205
157 221
157 262
157 284
158 160
158 260
158 288
159 260
160 214
160 234
160 248
160 249
161 179
162 265
163 309
164 217
164 310
167 200
167 201
167 213
167 224
167 229
167 242
167 256
167 258
167 265
167 273
167 278
167 310
170 241
171 239
171 288
171 292
172 239
173 223
173 239
174 208
174 223
174 255
176 234
177 210
177 244
177 298
179 194
180 188
180 193
180 217
180 231
180 252
181 204
181 255
181 280
181 283
181 310
182 184
183 243
184 237
185 193
185 195
185 204
185 206
185 256
188 220
188 239
188 286
188 287
188 296
188 304
189 298
192 199
192 200
192 306
193 200
193 240
193 246
193 293
193 296
194 240
196 298
197 211
199 311
200 234
200 244
201 220
201 248
204 205
204 235
204 296
205 212
205 230
205 265
205 291
206 232
206 313
207 241
207 269
207 286
208 288
210 249
210 275
211 249
212 223
212 299
215 267
215 278
216 234
216 252
217 244
219 227
219 258
219 311
220 242
220 260
220 265
220 302
221 239
221 273
221 310
224 230
224 259
226 250
229 268
230 258
230 293
231 270
232 273
233 294
235 239
235 243
236 246
236 252
240 296
241 268
241 275
242 249
242 264
244 266
245 271
245 287
246 288
247 298
248 291
249 287
249 295
249 309
250 258
250 271
250 290
255 278
256 285
257 283
258 281
260 280
261 269
263 304
265 303
266 272
266 287
273 296
275 305
275 314
277 298
278 288
278 295
279 309
286 293
287 292
295 305
296 305
299 301
305 309
