0 1
0 6
0 104
0 116
0 122
0 133
0 174
0 188
0 217
0 228
0 278
1 78
1 87
1 128
1 129
1 176
1 249
1 288
2 7
2 33
2 45
2 47
2 54
2 61
2 71
2 75
2 92
2 103
2 114
2 120
2 134
2 136
2 164
2 200
2 210
2 212
2 227
2 229
2 267
3 48
3 94
3 139
3 153
3 188
3 269
4 17
4 102
4 283
4 304
5 26
5 60
5 73
5 74
5 242
5 249
6 34
6 89
6 98
6 103
6 119
6 162
6 244
6 255
7 12
7 18
7 27
7 81
7 104
7 119
7 129
7 131
7 150
7 156
7 179
7 272
7 279
8 43
8 67
8 101
8 129
8 130
8 133
8 160
8 166
8 167
8 178
8 266
8 272
8 287
9 60
9 103
9 133
9 204
9 223
9 315
10 55
10 135
10 167
10 260
10 271
10 293
11 59
11 92
11 93
11 259
12 39
12 74
12 99
12 101
12 106
12 211
12 279
13 14
13 60
13 103
13 104
13 153
13 193
13 200
13 288
13 294
14 32
14 43
14 55
14 94
14 129
14 179
14 186
14 191
14 301
15 31
15 45
15 57
15 107
15 135
15 173
16 34
16 36
16 46
16 47
16 50
16 97
16 117
16 124
16 157
16 169
16 195
16 210
16 220
16 239
16 243
16 286
17 190
17 249
18 28
18 59
18 85
18 126
18 131
18 133
18 206
18 220
18 245
18 294
19 59
19 143
19 163
20 38
20 44
20 83
20 129
20 135
20 140
20 160
20 178
20 210
20 303
20 305
21 29
21 131
21 169
21 219
21 247
21 258
21 279
21 303
22 74
23 74
23 103
23 134
23 196
23 200
23 204
23 252
23 298
24 25
24 38
24 39
24 106
24 124
24 132
24 170
24 203
24 213
24 220
24 310
25 28
25 47
25 128
25 156
25 162
25 211
25 219
25 266
25 291
25 293
26 110
26 315
27 87
27 94
27 103
27 288
28 67
28 153
28 154
28 167
28 222
28 267
28 280
29 49
29 63
29 81
29 141
29 181
29 203
29 220
29 280
30 80
30 94
30 113
30 133
30 134
30 136
30 143
30 156
30 195
30 285
30 305
31 69
31 98
31 103
31 121
31 180
31 264
31 309
32 44
32 45
32 47
32 65
32 74
32 82
32 118
32 128
32 131
32 133
32 135
32 136
32 137
32 200
32 222
32 228
32 271
32 291
33 64
33 129
33 131
33 135
33 158
33 246
33 285
33 312
34 36
34 68
34 72
34 75
34 88
34 124
34 129
34 130
34 157
35 103
35 131
35 135
35 136
36 41
36 101
36 109
36 142
36 156
36 164
36 172
36 210
36 231
36 249
37 157
37 308
38 47
39 130
39 159
39 216
40 47
40 107
40 160
40 200
40 273
40 276
40 300
41 113
41 140
41 151
41 232
41 287
42 52
42 102
42 118
42 259
42 266
42 291
42 296
42 298
43 61
43 68
43 100
43 156
43 287
44 89
44 119
44 193
44 234
45 46
45 50
45 139
45 154
45 167
45 224
45 244
45 283
46 72
46 102
46 178
46 184
46 192
46 218
46 239
46 242
46 265
46 292
46 305
47 62
47 143
47 156
47 276
48 73
48 264
49 92
49 109
49 157
49 206
49 231
49 284
49 285
50 122
50 130
50 131
50 156
50 167
50 210
50 240
50 291
51 57
51 67
51 74
51 81
51 117
51 131
51 134
51 191
51 217
51 220
51 239
52 84
52 92
53 134
53 136
53 148
54 124
54 211
54 238
54 277
54 280
55 85
55 103
55 129
55 200
55 285
56 62
56 129
56 130
56 135
56 156
56 273
58 143
58 156
58 206
58 232
59 62
59 93
59 96
59 124
59 129
59 131
59 135
59 136
59 156
59 184
59 193
59 237
59 249
60 61
60 67
60 93
60 99
60 130
60 135
60 157
60 177
60 208
60 224
60 258
61 62
61 284
61 287
62 134
62 171
62 242
62 252
62 285
62 287
63 81
63 106
63 224
64 74
64 106
64 131
64 145
64 157
64 205
64 293
65 114
65 133
65 292
66 70
66 94
66 128
66 133
66 161
66 244
67 136
67 283
67 304
68 94
68 118
68 130
68 166
68 258
69 83
69 97
69 128
69 157
69 171
69 187
69 243
69 269
71 74
71 129
71 167
72 118
72 213
72 216
72 240
73 163
73 215
73 250
73 298
73 312
74 92
74 104
74 124
74 133
74 145
74 168
74 172
74 204
74 219
74 239
75 130
75 133
75 145
75 190
75 273
75 283
75 287
76 121
76 133
77 129
77 133
77 135
77 154
77 160
77 220
77 273
77 286
78 98
78 128
78 185
79 88
79 121
79 124
79 130
79 140
79 154
79 314
80 94
80 97
80 134
80 156
80 160
80 162
80 303
80 305
81 136
81 148
81 152
81 212
81 220
81 234
81 263
81 285
83 163
83 188
83 218
83 224
83 242
84 155
84 279
84 293
85 134
85 204
85 287
86 218
86 271
86 283
87 130
87 160
87 185
87 195
87 241
88 136
88 156
88 236
88 242
88 249
88 293
89 156
89 165
89 211
89 220
90 99
90 120
90 121
90 149
90 296
91 210
91 216
91 287
92 117
92 164
92 226
92 257
93 214
93 258
94 129
94 130
94 224
94 273
95 154
95 206
95 278
95 287
95 295
96 109
96 130
96 145
96 162
96 172
96 207
96 221
96 228
97 101
97 102
97 130
97 133
97 152
97 154
97 159
97 274
97 276
98 114
98 129
98 130
98 227
98 307
99 101
99 135
99 171
99 204
99 252
99 266
100 133
101 133
101 156
101 244
101 254
101 314
102 121
102 130
102 193
102 199
102 237
102 241
102 313
103 109
103 129
103 152
103 154
103 168
103 175
103 192
103 249
103 273
103 285
103 288
104 131
104 134
104 154
104 166
104 214
104 215
104 224
105 181
105 200
105 244
105 261
105 277
106 118
106 130
106 148
106 160
106 161
106 225
107 135
107 145
107 232
107 282
108 130
108 137
108 142
108 148
108 152
108 220
108 237
109 142
109 167
109 168
109 209
109 218
110 131
110 152
110 180
110 208
110 220
110 252
110 286
111 156
111 191
111 276
111 291
111 305
112 160
112 171
112 221
112 304
113 166
114 216
114 262
114 291
115 121
115 134
115 194
115 242
115 283
116 124
116 156
116 311
117 131
117 239
117 259
117 284
117 305
118 152
118 210
118 220
118 258
118 275
118 301
120 160
120 188
120 279
120 287
121 130
121 131
121 133
121 162
121 242
121 283
121 305
121 310
122 178
122 208
122 210
122 250
123 130
123 156
123 169
123 179
123 189
123 249
123 264
124 129
124 197
124 200
124 216
124 258
124 259
124 266
124 295
124 298
125 131
125 177
125 184
126 216
127 132
127 153
128 173
128 190
128 193
128 253
128 300
128 308
128 314
129 135
129 138
129 139
129 151
129 172
129 180
129 191
129 197
129 200
129 210
129 212
129 241
129 243
129 249
129 252
129 275
129 276
129 282
129 288
130 148
130 151
130 156
130 181
130 192
130 193
130 196
130 202
130 206
130 209
130 210
130 214
130 249
130 263
130 267
130 268
130 284
131 134
131 149
131 164
131 171
131 179
131 180
131 191
131 200
131 204
131 217
131 232
131 239
131 254
131 268
131 287
132 204
132 245
132 274
132 288
133 135
133 142
133 145
133 156
133 175
133 179
133 193
133 201
133 215
133 217
133 226
133 237
133 244
133 249
133 272
133 287
133 293
134 135
134 145
134 156
134 157
134 160
134 162
134 187
134 193
134 213
134 231
134 242
134 244
134 266
134 286
134 287
135 146
135 157
135 181
135 193
135 200
135 205
135 206
135 220
135 230
135 249
135 262
135 281
136 177
136 232
136 248
136 261
136 264
136 275
136 283
136 287
137 191
137 239
138 209
139 206
139 287
140 200
140 204
140 205
140 272
141 288
142 156
143 206
143 288
143 300
145 226
145 311
146 296
148 151
148 204
148 217
148 220
148 249
148 278
148 298
149 156
149 186
149 188
149 264
149 310
150 195
150 233
150 311
151 176
151 177
152 192
152 209
152 228
152 292
152 306
152 315
153 247
154 167
154 204
154 214
154 239
155 179
155 252
156 157
156 162
156 188
156 196
156 200
156 233
156 249
156 281
156 283
156 287
156 304
157 174
157 193
157 196
157 208
157 229
157 237
157 275
157 279
157 287
158 201
159 233
160 202
160 221
160 272
160 291
160 298
161 193
162 198
162 200
162 220
162 241
163 233
164 193
165 211
167 176
167 180
167 182
167 188
167 224
167 241
168 180
171 217
172 210
172 227
173 203
174 258
174 286
176 219
176 268
176 280
178 215
178 266
179 206
179 240
180 193
180 298
182 220
184 191
184 230
185 213
188 191
188 210
188 216
188 225
188 233
188 267
188 287
189 252
192 215
193 214
193 220
193 238
194 281
198 219
199 204
200 234
200 249
200 269
200 286
200 288
200 291
204 210
204 215
205 244
206 220
206 221
206 236
206 259
206 279
206 286
206 304
207 210
208 291
209 220
209 244
209 276
210 240
210 293
210 295
211 217
211 233
212 287
213 304
214 284
215 220
216 244
216 281
217 242
217 249
217 265
217 272
218 220
219 269
220 236
220 254
220 261
220 310
223 305
225 288
226 233
227 312
228 259
229 287
230 286
231 232
231 239
231 254
231 260
231 273
231 286
231 315
232 242
232 288
233 242
233 265
233 285
233 301
233 303
234 281
235 248
238 273
239 283
239 287
239 293
240 245
241 295
242 245
242 285
243 269
243 275
245 287
249 254
249 272
249 275
249 293
251 279
252 275
255 301
257 301
258 287
261 291
266 288
272 285
272 305
273 288
275 288
279 309
280 286
281 284
283 314
286 290
287 292
287 303
287 307
288 305
293 301
306 309
308 310
