0 5
0 178
0 206
1 134
1 156
1 286
2 31
2 81
2 89
2 102
2 117
2 120
2 131
2 134
2 157
2 217
2 279
2 293
3 12
3 52
3 110
3 200
4 28
4 40
4 74
4 157
4 162
4 194
4 196
4 258
4 261
5 16
5 24
5 63
5 115
6 48
6 57
6 119
6 130
6 227
7 15
7 17
7 31
7 35
7 50
7 64
7 70
7 92
7 101
7 122
7 129
7 131
7 156
7 230
7 244
7 255
7 292
7 298
8 15
8 16
8 51
8 60
8 95
8 103
8 106
8 111
8 126
8 145
8 200
8 216
8 219
9 91
9 131
9 205
9 228
9 247
9 258
9 285
10 18
10 47
10 56
10 63
10 67
10 205
11 12
11 79
11 83
11 260
12 31
12 62
12 133
12 135
12 215
12 231
12 241
12 252
12 284
13 56
13 78
13 106
13 130
13 285
13 298
14 23
14 46
14 97
14 102
14 118
14 158
14 212
14 301
15 41
15 42
15 47
15 50
15 103
15 134
15 156
15 278
15 297
16 29
16 42
16 62
16 64
16 67
16 104
16 134
16 151
16 165
16 185
16 196
16 208
16 244
16 309
17 118
17 188
17 199
17 204
17 237
17 314
18 43
18 47
18 64
18 65
18 102
18 123
18 155
18 173
18 268
18 292
19 80
19 156
20 23
20 33
20 45
20 74
20 127
20 199
20 203
20 229
20 243
21 42
21 204
22 167
23 29
23 115
23 135
23 209
23 244
23 250
23 275
24 47
24 134
24 148
24 193
24 302
25 31
25 46
25 54
25 80
25 129
25 174
25 194
25 238
26 45
26 74
26 110
26 118
26 157
26 215
27 74
27 116
27 273
27 294
27 298
28 54
28 67
28 103
28 149
28 156
28 171
28 179
28 180
28 277
28 288
28 292
28 305
29 124
29 136
29 174
30 109
30 130
30 159
30 170
30 218
31 34
31 46
31 48
31 50
31 62
31 86
31 87
31 104
31 128
31 135
31 136
31 177
31 180
31 193
31 229
31 248
31 267
31 285
31 296
31 305
32 33
32 40
32 45
32 65
32 106
32 118
32 122
32 128
32 134
32 156
32 157
32 193
32 206
32 210
32 239
32 240
32 265
32 304
33 80
33 117
33 128
33 130
33 133
33 167
33 199
33 204
33 217
33 220
33 230
33 306
34 106
34 184
34 200
34 244
34 301
34 303
34 314
35 75
35 215
35 220
35 255
35 293
36 179
36 202
36 262
36 302
37 73
37 87
37 102
37 106
37 138
37 190
37 219
37 232
38 45
38 72
38 142
38 252
38 257
38 276
39 49
39 68
39 129
39 133
40 88
40 89
40 133
40 148
40 159
40 295
41 85
41 93
41 114
41 129
41 136
41 159
42 92
42 118
42 149
42 200
42 209
42 249
42 304
43 49
43 129
43 133
43 213
43 230
43 247
44 159
44 167
44 193
44 200
44 232
45 76
45 83
45 88
45 118
45 131
45 156
45 185
45 200
45 206
45 215
45 229
45 239
45 262
45 279
46 48
46 50
46 65
46 85
46 99
46 110
46 133
46 234
46 258
46 286
47 102
47 118
47 156
47 193
47 210
47 213
47 284
48 72
48 81
48 121
48 160
48 272
48 286
48 287
49 83
49 89
49 196
49 239
50 59
50 98
50 124
50 154
50 198
50 230
50 267
50 285
50 287
50 294
51 193
51 229
51 238
51 304
52 76
52 171
52 200
52 213
52 243
53 138
54 131
54 140
54 157
54 243
55 58
55 98
55 135
55 142
55 179
55 181
55 185
55 288
56 59
56 139
56 181
56 217
56 287
57 75
57 138
57 234
57 245
58 104
59 67
59 69
59 72
59 100
59 116
59 118
59 135
59 157
59 180
59 256
59 285
59 287
59 303
60 66
60 86
60 89
60 110
60 130
60 134
60 298
61 130
61 133
61 134
61 173
62 83
62 129
62 171
62 188
62 229
62 270
62 278
63 64
63 249
63 258
64 80
64 112
64 148
64 179
64 204
64 246
64 260
65 133
65 139
65 202
65 220
65 228
66 156
66 174
66 244
67 81
67 84
67 149
67 200
67 226
67 244
67 278
67 308
68 129
68 153
68 201
69 101
69 121
69 164
69 199
69 224
69 258
70 103
70 106
70 117
70 266
72 74
72 137
72 285
73 94
73 134
73 191
73 210
73 213
73 264
73 279
74 88
74 89
74 106
74 107
74 134
74 156
74 184
74 188
74 196
74 216
74 226
74 232
75 85
75 98
75 103
75 129
75 205
75 283
75 286
76 118
76 162
76 183
76 219
76 220
76 226
76 264
77 78
77 133
77 169
77 175
77 188
77 301
78 195
78 224
78 241
78 287
79 223
79 249
79 287
80 90
80 112
80 121
80 133
80 157
80 193
80 215
80 228
80 287
81 148
81 157
81 200
81 272
81 287
81 301
82 115
82 121
83 136
83 248
83 295
84 108
85 95
85 172
86 287
87 129
87 134
87 174
87 291
88 129
88 136
88 191
88 304
89 157
89 193
89 238
89 241
89 263
90 135
90 140
90 150
90 167
91 179
91 287
92 102
92 103
92 148
92 175
92 210
92 268
92 287
92 308
93 157
94 103
95 214
95 220
95 249
96 118
96 165
96 201
96 217
96 287
96 298
97 122
97 132
97 249
97 263
97 305
98 185
98 286
99 103
99 185
100 103
100 122
100 127
100 244
100 273
101 135
101 147
101 187
101 208
101 215
101 282
101 313
102 131
102 133
102 134
102 135
102 166
102 200
102 238
102 307
103 121
103 129
103 134
103 143
103 152
103 188
103 224
103 241
103 242
103 252
103 287
104 118
104 149
104 180
104 193
105 125
105 134
105 201
106 130
106 131
106 134
106 167
106 171
106 195
106 207
106 220
107 130
107 149
107 162
107 216
108 109
108 130
108 135
108 227
108 269
108 307
109 130
109 131
109 188
109 224
110 120
110 142
110 156
110 210
110 260
110 286
110 298
111 136
111 216
112 148
112 150
112 241
112 284
113 207
114 135
114 148
114 186
114 240
114 269
115 129
115 230
115 276
116 118
116 143
117 131
117 149
117 188
117 194
117 199
117 258
117 276
117 289
118 131
118 135
118 249
118 283
118 286
118 287
119 136
120 176
120 242
121 134
121 224
121 232
121 278
122 179
122 294
122 307
123 224
123 231
123 285
124 130
124 132
124 135
124 162
124 185
124 192
124 264
124 285
126 269
127 281
128 220
128 288
128 315
129 132
129 134
129 160
129 169
129 180
129 188
129 196
129 206
129 217
129 220
129 226
129 263
129 275
129 288
130 135
130 136
130 160
130 167
130 188
130 191
130 204
130 205
130 209
130 211
130 216
130 230
130 232
130 241
130 251
130 296
130 311
130 313
131 180
131 191
131 204
131 209
131 211
131 212
131 217
131 220
131 223
131 238
131 243
131 249
131 271
131 314
132 140
132 156
132 160
133 145
133 148
133 152
133 200
133 204
133 205
133 219
133 249
133 269
133 304
134 135
134 140
134 145
134 149
134 150
134 156
134 157
134 158
134 180
134 193
134 201
134 210
134 216
134 220
134 231
134 238
134 244
134 252
134 286
135 147
135 155
135 200
135 207
135 211
135 215
135 231
135 241
135 242
135 250
135 263
135 274
135 278
135 285
135 305
136 149
136 152
136 157
136 162
136 184
136 200
136 220
136 221
136 224
136 232
136 268
137 265
138 157
138 249
139 185
139 206
139 262
139 298
140 152
140 214
141 156
141 287
142 159
142 215
142 287
143 177
143 208
144 274
145 214
145 264
145 285
145 291
145 305
146 282
147 303
148 157
148 193
148 205
148 238
148 247
148 262
148 286
148 298
148 305
149 164
149 216
149 224
149 283
149 293
149 313
150 206
152 159
152 200
152 206
153 157
154 251
155 186
155 199
156 164
156 167
156 179
156 185
156 192
156 200
156 206
156 249
156 267
156 279
156 286
156 295
157 168
157 276
157 298
157 299
157 313
157 315
158 194
159 162
159 165
159 201
159 239
159 263
159 307
159 313
160 164
160 273
160 286
160 289
160 291
162 266
162 272
163 286
163 311
164 215
164 298
166 287
167 173
167 200
167 220
167 252
167 281
167 287
168 221
168 275
171 275
172 309
173 179
173 193
173 271
174 214
174 287
175 239
175 287
176 201
176 206
176 241
176 278
176 287
177 227
179 195
179 215
179 239
179 255
179 274
180 215
180 219
180 250
180 287
180 288
180 291
184 216
184 287
184 307
185 205
185 206
185 216
185 218
188 189
188 193
188 197
188 215
188 232
188 260
188 268
189 287
190 194
191 215
191 220
191 239
191 251
191 266
191 294
193 196
193 200
193 240
193 249
193 274
193 285
193 287
194 231
196 250
196 287
196 295
197 278
199 242
200 201
200 211
200 259
201 206
201 246
203 290
204 244
204 284
204 296
205 249
205 276
205 283
205 288
206 210
206 287
206 296
206 314
207 232
208 220
208 238
208 294
208 311
209 249
209 274
210 217
210 224
210 276
210 292
210 303
210 307
212 266
213 283
214 246
214 278
215 249
215 283
215 286
215 287
217 224
218 287
218 304
219 234
219 258
219 288
219 314
220 244
220 263
222 259
222 287
224 232
224 233
224 258
224 271
224 303
226 268
230 242
231 242
231 258
231 283
233 242
233 302
233 311
235 280
237 239
238 248
238 272
239 246
239 290
240 268
241 280
241 287
241 295
242 275
242 286
242 291
249 274
249 284
249 293
252 256
254 255
259 314
260 278
261 276
266 277
272 285
275 304
275 310
276 298
281 283
283 304
284 304
284 305
285 303
286 298
287 288
287 301
288 296
288 298
298 304
302 314
