0 148
0 210
1 94
1 118
2 14
2 18
2 20
2 31
2 32
2 57
2 67
2 87
2 130
2 133
2 135
2 156
2 160
2 245
2 260
2 295
3 46
3 148
3 156
3 289
4 62
4 90
4 118
4 207
4 217
4 237
4 277
5 135
5 156
5 200
6 72
6 75
6 188
6 221
7 14
7 89
7 122
7 168
7 182
7 206
7 220
7 230
7 291
8 43
8 51
8 61
8 71
8 84
8 89
8 128
8 148
8 200
8 209
8 259
8 261
8 264
8 266
8 283
9 74
9 135
9 148
9 187
9 225
9 265
10 39
10 108
10 121
10 263
10 267
10 301
11 130
11 156
12 46
12 70
12 94
12 112
12 134
12 156
12 231
12 247
13 103
13 218
13 239
13 245
14 45
14 46
14 67
14 97
14 102
14 131
14 133
14 148
14 171
14 178
14 205
14 234
14 249
14 252
14 286
15 22
15 55
15 65
15 80
15 180
15 192
15 193
15 220
15 287
15 301
16 17
16 48
16 67
16 96
16 102
16 106
16 120
16 129
16 140
16 180
16 184
16 237
16 238
16 250
16 258
16 266
16 271
16 298
17 28
17 30
17 31
17 152
17 201
17 290
18 69
18 131
18 179
18 299
19 87
19 130
19 177
20 33
20 117
20 152
20 182
20 188
20 264
20 269
20 299
21 44
21 46
21 132
21 156
21 157
21 166
21 210
22 64
22 264
23 32
23 45
23 67
23 78
23 244
23 245
24 38
24 51
24 58
24 59
24 80
24 97
24 117
24 260
24 283
25 60
25 74
25 76
25 129
25 207
25 219
25 249
25 267
25 283
25 286
25 311
26 70
26 80
26 266
27 46
27 87
27 89
27 121
27 122
27 197
27 246
27 249
27 267
28 59
28 90
28 191
28 242
28 314
29 49
29 98
29 103
29 118
29 157
29 207
29 266
29 268
29 310
29 315
30 56
30 61
30 130
30 131
30 143
30 172
30 205
30 216
31 41
31 67
31 88
31 106
31 110
31 129
31 156
31 181
31 246
31 263
31 286
32 148
32 167
32 184
32 188
32 204
32 205
32 258
32 270
33 35
33 39
33 69
33 133
33 134
33 135
33 183
33 198
33 202
33 208
33 213
34 43
34 52
34 109
34 128
34 232
34 238
34 249
34 284
35 57
35 73
35 241
35 252
36 67
36 131
37 105
37 124
37 179
38 39
38 69
38 129
39 130
39 249
40 41
40 45
40 56
40 66
40 92
40 140
40 142
40 158
40 197
40 210
40 250
40 308
41 54
41 121
41 155
41 214
41 241
41 299
41 311
42 47
42 62
42 184
42 225
42 287
43 66
43 106
43 107
43 121
43 160
43 241
43 273
44 78
44 133
44 279
44 288
45 58
45 68
45 72
45 79
45 85
45 123
45 137
45 150
45 166
45 195
45 201
45 210
45 232
45 240
45 251
45 263
45 275
46 55
46 68
46 71
46 74
46 102
46 105
46 130
46 133
46 189
46 224
46 233
46 314
47 156
47 200
47 208
47 255
47 275
47 278
47 285
48 56
48 66
48 67
48 76
48 87
48 205
48 229
48 276
49 55
49 167
49 195
50 51
50 72
50 96
50 131
50 231
51 97
51 129
51 149
51 180
51 238
51 245
51 301
52 95
52 135
52 149
52 202
52 288
53 64
53 118
53 240
54 167
54 180
54 222
54 285
55 67
55 156
55 181
55 219
55 239
55 279
55 309
56 75
56 133
56 148
56 157
56 296
57 74
57 172
57 204
58 136
58 140
58 235
59 83
59 92
59 107
59 108
59 129
59 214
59 215
59 221
59 243
59 244
59 285
59 294
60 121
60 131
60 156
60 160
60 208
60 272
60 285
61 65
61 84
61 224
62 92
62 134
62 137
62 212
63 134
64 101
64 110
64 117
64 134
64 201
64 218
64 279
65 131
65 157
65 165
66 74
66 78
66 135
66 188
66 216
67 78
67 102
67 142
67 154
67 209
67 210
67 217
67 237
67 241
67 258
67 276
68 86
68 102
68 149
68 240
68 242
69 111
69 115
69 246
70 156
70 159
70 172
70 177
70 201
70 249
71 83
71 180
72 131
73 102
73 187
73 279
74 102
74 130
74 131
74 154
74 188
74 200
74 239
75 78
75 102
75 154
75 160
75 252
75 263
75 309
76 134
76 185
76 215
76 244
76 287
77 89
77 132
78 109
78 185
78 207
78 249
79 133
79 167
79 235
79 242
80 94
80 96
80 106
80 120
80 130
80 145
80 160
80 230
80 231
80 242
80 302
81 92
81 119
81 156
81 171
81 206
81 286
82 111
82 194
82 219
83 107
83 129
83 163
83 286
83 314
84 96
84 109
85 124
85 128
85 131
85 135
86 108
86 191
86 197
87 138
87 210
87 242
87 262
88 133
88 203
88 233
88 258
88 272
88 286
89 167
89 168
89 311
90 110
90 131
90 257
91 107
91 248
91 263
91 271
92 98
92 105
92 108
92 118
92 134
92 200
92 204
92 215
93 102
93 255
94 131
94 160
94 287
94 289
94 315
95 105
95 114
95 131
95 145
95 159
96 117
96 180
96 193
96 219
96 233
96 234
96 288
97 102
97 104
97 135
97 172
97 200
97 202
97 315
98 110
98 187
98 193
98 235
98 267
99 154
99 157
99 217
99 241
100 303
101 117
101 131
101 133
101 193
101 220
102 105
102 116
102 127
102 131
102 135
102 148
102 182
102 184
102 200
103 134
103 149
103 167
103 195
103 222
103 252
103 260
103 270
103 293
103 296
104 133
104 143
104 145
104 148
104 154
104 212
104 233
104 286
105 110
105 245
105 302
106 108
106 130
106 136
106 140
106 188
106 212
106 238
106 269
107 133
107 249
107 264
108 139
109 139
109 152
109 180
109 307
110 152
110 167
110 185
110 218
110 267
111 188
111 225
111 285
112 213
113 167
113 203
113 224
113 247
113 258
114 201
114 216
114 217
114 269
115 136
115 200
115 211
115 242
115 243
117 131
117 134
117 135
117 156
117 171
117 185
117 242
118 140
118 152
118 209
118 211
118 255
118 273
118 274
118 284
118 288
119 131
119 138
119 195
120 150
120 160
120 192
120 247
121 135
121 136
121 167
121 205
121 240
121 286
121 287
122 129
122 165
122 182
122 184
122 226
122 245
122 276
122 286
122 308
123 185
123 241
123 278
124 133
124 134
124 154
124 172
124 200
124 209
124 215
124 230
124 268
124 307
125 188
125 280
126 129
127 129
127 133
127 174
127 203
127 210
127 286
128 129
128 130
128 131
128 212
128 237
128 239
128 266
128 295
129 134
129 138
129 148
129 149
129 156
129 162
129 177
129 191
129 212
129 214
129 226
129 234
129 239
129 255
129 264
129 274
129 280
129 281
129 288
129 303
129 305
129 308
130 131
130 133
130 136
130 138
130 139
130 153
130 156
130 162
130 186
130 193
130 199
130 253
130 285
130 295
130 301
130 314
131 134
131 156
131 172
131 210
131 211
131 214
131 224
131 239
131 241
131 275
131 278
131 295
131 309
132 272
132 305
133 137
133 152
133 167
133 173
133 184
133 209
133 210
133 211
133 215
133 216
133 219
133 220
133 221
133 229
133 241
133 261
133 276
133 291
133 297
133 298
133 308
134 156
134 167
134 180
134 193
134 196
134 197
134 200
134 201
134 205
134 220
134 239
134 265
134 284
134 313
135 136
135 178
135 182
135 194
135 246
135 272
135 278
135 286
135 287
136 145
136 149
136 181
136 191
136 193
136 200
136 214
136 235
136 244
136 260
136 270
136 278
136 288
136 297
136 304
136 307
137 145
137 206
138 188
138 286
140 156
140 205
140 292
142 218
142 290
142 307
143 267
145 200
145 234
146 156
146 180
146 249
147 174
147 243
148 174
148 180
148 227
148 241
149 162
149 188
149 201
149 246
149 247
149 270
149 286
150 223
151 160
151 287
152 157
152 167
152 180
152 189
152 194
152 206
152 208
152 287
153 288
154 173
154 201
154 216
154 245
154 247
154 295
154 311
156 159
156 178
156 205
156 220
156 238
156 239
156 277
156 285
156 294
156 306
157 179
157 211
157 236
157 273
157 286
157 305
158 285
158 291
159 168
159 230
159 294
160 197
160 200
160 271
160 282
160 288
162 179
162 240
162 304
164 194
165 195
166 186
166 281
167 193
167 288
169 284
170 229
171 180
172 252
172 255
172 285
173 214
173 261
174 241
174 249
175 206
175 219
175 255
176 261
178 205
178 299
179 192
179 241
179 246
179 259
179 277
180 201
180 205
180 280
181 232
181 255
184 197
185 277
185 286
188 197
188 273
188 315
189 200
190 249
190 255
191 220
191 287
193 208
193 239
193 249
193 275
193 279
193 291
196 244
196 293
196 306
196 313
197 234
197 315
199 298
200 215
200 257
200 267
200 286
200 298
201 244
201 284
202 298
205 206
205 258
205 297
206 257
206 260
206 274
207 229
208 220
208 295
210 212
210 301
212 272
213 247
215 273
215 287
215 308
216 223
216 229
216 234
216 235
216 284
217 230
217 242
220 287
222 266
222 305
223 257
224 229
224 238
224 249
224 299
226 241
231 297
232 269
232 295
233 236
233 249
234 238
238 245
238 266
238 267
239 266
239 288
239 303
242 246
243 301
246 268
249 281
249 285
250 285
255 277
255 284
258 287
258 288
260 287
266 288
268 306
269 295
270 273
271 273
276 299
277 286
278 292
279 313
280 287
281 285
286 299
286 301
286 305
287 314
288 294
297 305
