0 13
0 31
0 74
0 113
0 129
0 182
0 213
0 255
1 129
1 132
1 133
1 167
1 179
1 181
1 287
2 6
2 44
2 46
2 47
2 59
2 89
2 102
2 104
2 106
2 109
2 118
2 123
2 129
2 148
2 154
2 200
2 264
2 303
3 16
3 110
3 288
4 8
4 35
4 56
4 137
4 205
4 213
4 233
4 284
5 16
5 30
5 169
5 179
5 242
5 283
6 64
6 118
6 161
6 195
6 261
7 10
7 16
7 31
7 49
7 50
7 93
7 115
7 134
7 135
7 137
7 158
7 179
7 210
7 215
7 230
7 281
8 28
8 49
8 122
8 129
8 147
8 159
8 190
8 230
8 255
8 269
8 280
9 96
9 101
9 118
9 131
9 148
9 196
9 304
10 34
10 75
10 85
10 220
11 12
11 131
11 133
11 220
11 302
11 303
12 81
12 123
12 129
12 149
12 156
12 196
12 287
13 39
13 48
13 120
13 134
13 138
13 157
13 180
13 204
13 276
13 285
13 291
14 46
14 105
14 136
14 200
14 219
14 230
14 288
15 51
15 199
15 222
15 265
15 287
16 30
16 31
16 55
16 57
16 59
16 74
16 89
16 109
16 167
16 172
16 208
16 211
16 219
16 285
16 301
17 134
17 136
17 220
18 89
18 90
18 121
18 130
18 133
18 161
18 231
18 278
18 286
19 67
19 89
20 37
20 59
20 60
20 131
20 149
20 175
20 188
21 184
23 32
23 94
23 122
23 156
23 163
23 287
24 38
24 62
24 75
24 110
24 131
24 133
24 137
24 162
25 44
25 58
25 66
25 124
25 133
25 193
25 210
25 214
25 257
25 269
25 270
25 288
26 271
27 45
27 59
27 103
27 118
27 134
27 136
27 137
27 156
28 34
28 43
28 69
28 74
28 102
28 133
28 173
28 200
28 215
28 295
29 49
29 156
29 163
29 167
29 209
30 43
30 87
30 134
30 136
30 210
30 234
30 238
30 276
31 46
31 56
31 130
31 145
31 148
31 155
31 160
31 178
31 187
31 191
31 224
31 235
31 315
32 36
32 45
32 97
32 102
32 106
32 131
32 135
32 136
32 139
32 159
32 172
32 207
32 223
32 224
32 248
32 250
32 260
32 267
32 288
32 305
32 314
33 44
33 50
33 91
33 98
33 103
33 114
33 133
33 138
33 140
33 171
33 182
33 191
33 193
33 217
33 243
33 261
33 313
34 51
34 66
34 77
34 178
34 206
34 227
34 284
34 297
35 130
35 171
36 54
36 106
36 136
36 148
36 160
37 79
37 156
37 267
38 58
38 75
38 127
38 133
38 156
38 165
38 191
38 305
39 206
39 239
40 45
40 97
40 129
40 135
40 305
41 69
41 103
41 130
41 133
41 205
41 206
42 59
42 74
42 76
42 229
43 130
43 135
43 154
43 160
43 200
43 241
43 248
44 48
44 145
44 167
45 50
45 72
45 81
45 88
45 90
45 92
45 101
45 108
45 118
45 133
45 156
45 178
45 185
45 216
45 224
45 235
45 292
46 67
46 129
46 131
46 134
46 214
46 217
46 233
46 301
47 50
47 59
47 102
47 110
47 166
47 193
47 232
47 256
47 287
47 310
48 50
48 118
48 131
48 135
48 150
48 160
48 223
48 229
49 68
49 116
49 134
49 162
49 283
49 293
49 309
50 120
50 149
50 181
50 243
50 245
50 252
51 94
51 103
51 129
51 182
51 269
52 219
52 246
52 279
53 264
54 129
54 209
54 250
54 301
55 102
55 138
55 181
56 67
56 68
56 73
56 80
56 83
56 129
56 135
56 143
56 156
56 224
56 280
56 283
58 100
58 136
59 60
59 70
59 92
59 158
59 177
59 180
59 183
59 187
59 192
59 196
59 229
59 245
59 252
59 275
59 276
59 281
60 67
60 105
60 189
60 205
60 233
60 268
60 281
61 162
62 131
62 208
62 273
62 284
63 127
63 134
63 136
63 140
64 67
64 118
64 225
64 244
64 247
64 255
64 273
64 288
65 134
65 206
65 255
66 101
66 133
66 165
67 104
67 109
67 133
67 186
67 193
67 291
68 288
69 130
69 164
69 287
70 156
70 205
70 272
70 292
72 129
72 241
73 102
73 288
74 75
74 77
74 258
74 271
74 281
74 287
75 81
75 83
75 103
75 131
75 143
75 156
75 165
75 170
75 250
75 306
76 103
76 135
76 231
76 249
76 302
77 145
77 149
77 291
77 299
78 104
78 124
78 192
78 260
78 290
79 80
79 114
79 117
79 131
79 133
79 239
79 244
79 269
80 131
80 133
80 134
80 145
80 153
80 156
80 159
80 160
80 193
81 92
81 134
82 129
83 142
83 161
83 188
83 195
83 212
84 102
84 252
85 116
85 134
85 197
85 212
85 214
85 233
86 131
86 135
86 160
86 197
86 224
87 106
87 116
87 117
87 120
87 218
87 283
87 287
88 89
88 129
88 141
88 160
88 169
88 239
88 284
88 291
88 297
89 106
89 127
89 131
89 179
89 188
89 233
89 288
90 197
90 242
91 160
92 101
92 118
92 167
92 168
92 187
92 188
93 96
95 191
95 205
95 215
96 102
96 126
96 131
96 134
96 135
96 154
96 217
97 127
97 146
97 156
97 303
98 101
98 133
101 122
101 129
101 134
101 286
101 287
102 138
102 156
102 160
102 176
102 193
102 231
102 233
102 236
102 241
103 124
103 129
103 151
103 154
103 195
103 233
103 245
103 250
103 268
103 292
104 105
104 110
104 135
104 160
104 195
104 215
104 249
104 265
104 278
104 313
104 314
105 117
105 156
105 167
105 200
105 222
105 264
105 279
106 110
106 124
106 131
106 135
106 210
106 231
106 239
106 277
106 283
106 288
107 132
107 219
108 117
108 160
108 210
108 258
109 128
109 196
109 200
109 232
109 261
109 268
110 130
110 131
110 135
110 179
110 292
111 133
111 140
111 158
111 180
111 181
111 195
111 213
111 233
112 118
112 180
112 185
112 210
112 224
113 225
115 197
115 218
115 298
116 134
117 133
117 144
117 154
117 157
117 210
117 232
118 128
118 129
118 134
118 149
118 164
118 185
118 244
118 251
119 124
119 218
120 129
120 135
120 153
120 175
120 244
121 135
121 182
121 227
121 238
121 239
121 241
121 248
121 274
122 124
122 129
122 132
122 208
122 236
123 159
123 269
123 307
124 129
124 156
124 185
124 218
124 219
124 249
124 288
125 292
126 133
126 314
127 305
128 144
128 154
128 283
128 291
129 131
129 138
129 148
129 149
129 153
129 156
129 180
129 195
129 198
129 212
129 214
129 245
129 249
129 260
129 268
129 269
129 287
129 289
129 298
129 300
129 303
129 307
130 131
130 132
130 133
130 149
130 156
130 172
130 181
130 188
130 191
130 193
130 200
130 210
130 215
130 238
130 270
130 275
130 284
130 301
130 305
131 132
131 135
131 157
131 214
131 215
131 217
131 227
131 234
131 244
131 248
131 281
131 311
131 313
132 210
133 134
133 135
133 136
133 177
133 188
133 196
133 204
133 205
133 215
133 216
133 220
133 221
133 238
133 266
133 286
133 308
133 310
134 138
134 148
134 152
134 157
134 160
134 163
134 167
134 196
134 216
134 217
134 218
134 234
134 242
134 245
134 263
134 264
134 293
134 304
135 136
135 142
135 193
135 218
135 248
135 286
135 291
135 302
135 310
135 315
136 154
136 303
136 305
136 313
137 193
138 156
138 208
138 287
139 143
139 188
139 216
139 273
139 314
140 177
140 311
141 144
141 160
141 178
141 298
142 271
142 285
143 167
143 196
143 206
143 285
144 154
144 287
144 314
145 196
145 231
145 295
145 303
146 148
146 179
146 287
147 178
148 156
148 181
148 206
148 242
148 267
148 278
148 296
148 309
149 172
149 193
149 224
149 278
149 291
149 307
150 152
150 153
150 260
151 303
152 206
152 247
152 252
152 255
152 302
154 200
154 206
154 207
154 244
154 274
154 284
155 283
156 167
156 173
156 193
156 206
156 208
156 210
156 227
156 231
156 233
156 262
156 283
156 287
156 288
156 289
156 295
157 159
157 198
157 201
157 242
157 246
157 278
158 284
158 286
159 250
160 176
160 205
160 264
160 289
160 304
160 305
160 310
161 217
161 258
161 268
161 300
162 272
164 179
165 303
167 192
167 204
167 270
167 295
167 305
167 309
171 216
172 188
172 220
172 242
172 250
173 230
174 200
174 272
175 271
176 206
177 207
177 229
177 255
179 180
179 188
179 210
179 265
179 274
180 193
180 210
180 217
180 241
180 305
184 240
185 197
185 220
185 266
185 298
188 210
188 249
188 280
188 304
191 255
191 300
192 279
192 305
193 219
193 280
193 287
194 275
195 218
195 260
195 263
196 287
197 200
197 225
197 252
197 266
197 269
198 269
199 218
200 247
200 272
200 298
201 212
202 232
205 252
205 293
206 222
206 232
206 308
207 216
208 249
208 281
209 276
210 231
211 213
211 221
211 263
212 286
213 228
213 231
214 266
214 267
214 275
214 282
214 287
215 254
215 275
216 270
216 281
217 232
217 299
219 223
219 266
219 284
219 288
219 298
220 227
220 239
220 258
220 286
220 293
222 241
222 272
222 287
223 227
223 304
224 282
226 269
229 284
231 258
231 289
231 293
231 309
232 256
232 261
232 271
238 251
238 272
238 286
239 306
242 273
243 298
252 286
255 269
257 287
259 281
259 284
261 277
263 286
264 286
265 269
275 288
280 283
284 288
284 298
285 287
286 296
286 314
287 291
291 299
295 304
298 304
305 313
