0 8
0 179
1 8
1 89
1 133
1 156
1 258
2 3
2 16
2 21
2 63
2 102
2 115
2 124
2 131
2 140
2 173
2 205
2 218
2 220
2 231
2 247
2 287
2 303
2 307
3 8
3 74
3 133
3 203
3 255
3 267
4 110
4 160
4 181
4 242
5 12
5 74
5 145
5 151
5 167
6 54
6 60
6 114
6 149
6 157
6 265
6 301
7 60
7 62
7 66
7 89
7 104
7 143
7 160
7 195
7 204
7 210
7 224
7 241
8 45
8 49
8 54
8 63
8 159
8 195
8 217
8 233
8 237
8 275
9 133
10 64
10 239
10 285
11 16
11 130
11 133
11 152
11 286
12 13
12 41
12 120
12 130
12 149
12 193
12 259
12 286
12 287
13 17
13 63
13 117
13 136
13 265
13 309
14 30
14 64
14 77
14 136
15 49
15 148
15 157
15 205
15 226
15 292
16 32
16 62
16 105
16 124
16 130
16 131
16 136
16 156
16 157
16 219
16 246
16 268
16 284
16 285
16 305
16 315
17 27
17 267
17 287
18 41
18 68
18 70
18 79
18 122
18 124
18 129
18 133
18 134
18 156
18 193
18 215
18 230
18 247
18 258
18 291
18 315
19 156
19 232
19 237
20 95
20 97
20 177
21 23
21 42
21 65
21 67
21 81
21 83
21 130
21 198
22 297
23 46
23 107
23 134
23 149
23 201
23 247
23 273
24 25
24 46
24 67
24 98
24 103
24 184
24 205
25 91
25 124
25 130
25 133
25 144
25 145
25 216
25 245
25 258
25 286
25 288
26 95
27 38
27 156
27 270
28 65
28 71
28 73
28 121
28 176
28 298
29 33
29 121
29 180
29 272
29 286
30 36
30 43
30 59
30 74
30 134
30 145
30 150
30 179
30 215
30 279
31 47
31 74
31 92
31 97
31 142
31 181
31 197
31 200
31 228
31 245
31 273
32 64
32 122
32 126
32 131
32 147
32 150
32 239
33 34
33 69
33 97
33 131
33 149
33 156
33 210
33 249
33 286
33 301
33 315
34 64
34 79
34 83
34 89
34 104
34 188
34 192
34 241
34 296
35 73
35 136
35 156
35 200
35 208
35 220
35 255
35 277
35 287
35 288
36 90
36 94
36 192
36 197
36 243
36 278
36 309
37 54
37 100
37 124
37 130
37 140
37 184
37 202
37 203
37 255
38 50
38 145
39 50
39 55
39 118
39 288
39 298
40 80
40 87
40 114
40 285
40 298
40 309
41 57
41 67
41 116
41 134
41 152
41 208
41 220
41 262
41 303
41 315
42 60
42 75
42 102
42 160
42 211
42 233
42 255
42 305
43 102
43 106
43 114
43 215
44 61
44 131
44 160
44 243
44 293
44 299
45 64
45 83
45 145
45 152
45 156
45 160
45 167
45 205
45 266
45 294
46 47
46 84
46 129
46 213
46 220
46 245
46 273
47 106
47 133
47 134
47 206
47 224
47 237
47 238
48 130
48 135
48 193
49 118
49 129
49 136
49 156
49 295
49 307
49 310
50 59
50 120
50 156
50 200
50 215
50 220
50 231
50 276
51 81
51 117
51 149
51 173
51 232
52 74
52 129
52 204
53 173
54 72
54 142
54 166
54 171
54 249
55 59
55 83
55 103
55 135
55 142
56 105
56 115
56 122
56 135
56 149
56 181
56 185
56 231
56 304
57 188
57 197
57 231
58 174
59 60
59 75
59 92
59 106
59 117
59 128
59 130
59 136
59 148
59 155
59 236
59 264
59 286
59 310
60 133
60 200
60 288
61 106
61 133
61 156
61 272
62 101
62 117
62 133
63 129
63 131
63 159
63 285
63 305
64 80
64 86
64 110
64 122
64 133
64 193
64 210
64 222
64 288
65 110
65 252
65 298
66 106
66 208
66 220
66 271
67 73
67 93
67 97
67 104
67 117
67 133
67 188
67 194
67 239
67 298
68 97
68 104
68 115
68 128
68 134
68 135
68 145
68 157
68 167
68 249
68 299
69 165
69 250
70 215
70 233
70 268
72 200
72 211
72 218
72 249
73 74
73 103
73 129
73 132
73 136
73 249
73 288
74 76
74 87
74 97
74 133
74 135
74 156
74 161
74 180
74 212
74 256
74 284
74 298
75 81
75 85
75 89
75 285
75 301
76 90
76 97
76 208
77 125
78 102
78 178
78 196
78 218
78 272
79 130
79 137
79 140
79 170
79 228
79 285
79 286
80 118
80 130
80 150
80 167
80 179
80 275
80 288
81 185
81 297
81 305
83 148
83 222
83 287
83 298
83 311
84 156
84 239
84 286
85 103
85 115
85 138
85 180
85 242
86 131
86 211
86 213
87 92
87 102
87 128
87 132
87 133
87 149
87 200
87 263
88 274
88 315
89 171
89 219
89 224
89 245
89 249
90 225
90 311
91 128
91 135
91 264
92 124
92 129
92 130
92 178
92 230
92 298
92 315
93 122
93 136
94 120
94 134
94 159
94 264
94 287
95 131
95 189
95 196
95 231
96 97
96 101
96 215
97 108
97 179
97 217
97 233
97 288
97 312
98 145
98 193
98 220
98 299
100 157
101 117
101 135
101 179
101 200
101 220
102 118
102 123
102 132
102 134
102 188
102 303
103 133
103 134
103 192
103 194
103 195
103 208
103 230
103 248
104 242
104 250
104 258
104 278
104 307
105 130
105 133
105 134
105 216
105 274
106 133
106 140
106 174
106 224
106 273
106 297
107 128
107 136
107 138
107 231
107 268
107 276
108 128
108 179
108 187
108 192
108 281
109 134
109 206
110 131
110 156
110 162
110 167
110 180
110 195
110 213
110 290
110 293
112 133
112 137
112 258
114 157
114 241
114 285
115 182
115 216
116 160
116 280
117 134
117 167
117 200
118 121
118 160
118 173
118 201
118 269
118 287
119 130
120 134
120 173
120 272
121 124
121 141
121 196
121 258
122 134
122 178
122 210
122 222
122 265
122 275
122 278
122 305
123 130
123 184
123 239
124 130
124 135
124 144
124 167
124 211
124 304
126 287
127 146
127 210
127 267
127 279
127 288
128 204
128 239
128 257
129 135
129 141
129 143
129 148
129 166
129 192
129 193
129 220
129 231
129 233
129 236
129 249
129 272
129 273
129 286
129 287
129 288
129 301
129 303
130 133
130 134
130 135
130 156
130 185
130 205
130 208
130 232
130 241
130 285
130 286
130 288
130 299
130 306
131 134
131 150
131 154
131 189
131 222
131 223
131 232
131 239
131 252
131 288
131 313
132 133
132 199
132 278
132 279
132 293
132 305
133 139
133 148
133 158
133 189
133 194
133 195
133 201
133 217
133 232
133 238
133 239
133 269
133 274
133 275
133 281
133 295
133 305
133 307
134 135
134 148
134 168
134 173
134 176
134 179
134 180
134 184
134 187
134 194
134 195
134 200
134 232
134 282
134 314
135 148
135 191
135 233
135 247
135 254
135 255
135 258
135 259
135 261
135 272
135 275
135 314
136 156
136 165
136 167
136 175
136 195
136 205
136 242
136 248
136 275
137 206
137 250
137 287
138 184
138 214
139 220
139 272
140 251
140 287
140 305
142 240
142 276
142 310
143 302
144 151
144 304
145 161
145 166
145 205
145 220
145 233
147 191
147 205
147 211
148 192
148 220
148 238
148 281
148 292
148 299
148 314
149 179
149 247
149 270
149 293
149 302
150 182
150 297
151 256
152 201
152 220
152 239
152 259
152 304
153 156
153 200
153 307
154 172
154 200
154 220
154 222
154 240
154 287
156 208
156 211
156 215
156 239
156 252
156 267
156 284
156 286
156 287
156 290
156 304
156 307
157 160
157 171
157 216
157 231
157 279
157 287
157 300
158 160
158 200
158 264
160 173
160 236
160 237
160 258
160 283
160 303
161 163
161 229
162 166
162 241
162 247
163 217
163 224
163 273
164 214
165 264
165 269
166 272
167 188
167 195
167 205
167 220
167 233
167 274
167 292
168 172
170 309
171 197
172 204
172 233
172 303
173 179
173 200
174 202
174 256
174 283
175 298
177 284
179 180
179 181
179 209
179 291
180 245
180 278
180 297
181 206
181 223
181 239
181 304
181 313
183 234
183 274
184 309
184 315
185 314
186 244
186 295
187 233
187 246
187 311
188 201
188 242
188 245
188 263
188 283
188 301
191 204
191 267
191 276
191 313
192 204
192 213
193 211
193 230
193 234
193 264
193 292
193 311
194 258
195 230
195 242
195 244
196 291
197 258
197 284
198 305
199 257
199 290
200 271
200 294
202 271
203 231
203 242
203 268
204 217
205 236
205 248
206 210
206 242
206 309
208 262
209 222
210 234
210 271
211 285
211 293
212 235
213 249
214 227
214 260
215 249
216 315
217 224
217 239
217 311
219 245
219 252
220 289
221 237
223 287
224 242
224 288
226 255
227 287
231 300
232 298
233 249
234 244
236 287
237 288
238 301
239 247
239 263
239 286
239 296
240 282
241 249
242 277
243 268
244 248
245 277
245 284
247 249
248 296
250 298
251 279
252 305
253 287
255 258
258 302
260 299
264 276
265 276
266 269
266 273
266 274
266 313
268 278
270 288
272 304
273 288
275 298
275 300
275 309
278 285
281 287
285 286
285 288
286 307
287 305
287 311
290 291
292 303
297 303
