0 134
1 21
1 31
1 47
1 70
1 135
1 136
1 195
1 251
1 285
2 7
2 8
2 15
2 67
2 75
2 82
2 102
2 150
2 153
2 159
2 167
2 200
2 210
2 219
2 242
2 261
2 285
3 54
3 92
3 117
3 275
4 16
4 47
4 67
4 106
4 182
4 222
5 30
5 95
5 117
5 199
5 211
5 287
6 34
6 128
6 180
6 215
6 246
6 298
7 10
7 14
7 22
7 24
7 75
7 78
7 118
7 136
7 138
7 140
7 152
7 160
7 174
7 220
7 256
7 304
8 18
8 24
8 41
8 56
8 59
8 64
8 92
8 101
8 104
8 134
8 135
8 169
8 238
8 248
8 265
8 292
8 296
9 43
9 61
9 87
9 96
9 139
9 191
9 254
9 258
9 264
9 305
10 18
10 138
10 160
10 233
10 234
10 242
11 17
11 104
11 122
11 208
12 59
12 110
12 115
12 120
12 123
12 188
12 208
12 218
12 232
13 98
13 110
13 124
13 156
13 167
13 226
13 264
13 279
13 287
13 302
13 305
14 75
14 107
14 154
14 236
14 298
14 299
14 309
15 17
15 30
15 50
15 55
15 131
15 136
16 28
16 31
16 40
16 80
16 92
16 94
16 107
16 119
16 133
16 145
16 152
16 157
16 175
16 188
16 193
16 218
16 239
16 242
16 261
16 283
16 287
17 28
17 112
18 26
18 34
18 77
18 85
18 96
18 101
18 110
18 134
18 154
18 220
18 247
18 277
18 287
18 303
19 51
19 60
19 135
19 164
20 55
20 59
20 85
20 119
20 157
21 43
21 167
21 180
21 285
21 306
22 33
22 48
22 167
22 204
23 93
23 206
23 252
24 43
24 61
24 62
24 65
24 192
24 210
24 224
25 121
25 128
25 129
25 131
25 147
25 205
25 221
25 228
25 287
25 296
25 304
25 305
26 29
26 51
26 59
26 103
26 108
27 31
27 107
27 129
27 131
28 59
28 133
28 140
28 208
28 234
28 249
28 263
28 268
28 276
29 122
29 136
29 187
29 205
29 206
29 217
29 220
29 224
29 264
30 218
30 230
31 43
31 48
31 60
31 88
31 97
31 131
31 134
31 138
31 154
31 156
31 157
31 184
31 216
31 231
31 245
31 249
31 264
31 268
31 287
31 312
32 45
32 101
32 108
32 128
32 133
32 135
32 147
32 167
32 171
32 205
32 214
32 215
32 266
32 292
33 46
33 91
33 129
33 130
33 138
33 193
33 273
33 279
33 284
33 287
33 306
34 61
34 72
34 94
34 152
34 159
34 180
34 249
35 46
35 204
35 214
35 288
36 55
36 56
36 174
36 255
36 275
36 309
37 75
37 98
37 232
38 49
38 69
38 109
38 130
38 160
38 163
38 302
39 41
39 165
39 286
39 301
40 46
40 68
40 135
40 258
41 106
41 115
41 140
41 156
41 206
41 287
42 95
42 118
42 187
42 220
42 262
42 286
42 295
43 47
43 48
43 102
43 113
43 160
43 163
43 179
43 220
43 288
44 48
44 248
45 55
45 75
45 93
45 94
45 121
45 122
45 134
45 136
45 211
45 258
45 270
45 287
45 298
46 50
46 66
46 133
46 134
46 142
46 156
46 205
46 208
46 220
46 231
46 257
47 75
47 131
47 135
47 191
47 242
48 60
48 86
48 206
48 239
49 128
49 304
50 82
50 117
50 122
50 124
50 132
50 157
50 201
50 254
50 273
50 295
50 296
51 68
51 89
51 102
51 133
51 193
51 233
51 277
52 153
53 203
53 207
54 61
54 134
54 135
54 148
54 156
54 188
54 233
54 258
54 311
55 109
55 129
55 130
55 148
55 192
56 75
56 89
56 91
56 103
56 106
56 162
56 176
56 180
56 199
56 303
57 145
58 122
58 294
59 62
59 72
59 112
59 193
59 196
59 217
59 241
59 249
59 285
59 286
60 102
60 131
60 135
60 138
60 179
60 238
60 249
61 101
61 231
61 315
62 67
62 156
62 181
62 249
63 89
63 173
63 285
64 92
64 129
64 197
64 205
64 295
64 301
65 96
65 103
65 155
65 174
65 249
65 305
66 150
66 275
67 78
67 102
67 124
67 135
67 147
67 152
67 160
67 166
67 174
67 180
67 206
67 218
67 308
68 130
68 131
68 133
68 231
68 249
69 131
69 180
69 189
69 238
69 242
70 130
70 135
70 142
70 216
70 278
71 191
71 257
72 73
72 79
72 106
72 156
72 210
72 249
73 232
73 249
73 287
74 134
74 232
74 239
74 244
74 252
74 284
74 288
74 290
74 296
74 310
75 77
75 83
75 130
75 136
75 210
75 219
75 231
75 264
75 271
76 139
76 156
76 181
76 200
77 133
77 134
77 156
77 157
77 281
78 144
78 156
78 287
78 308
79 97
79 120
79 133
79 200
79 205
79 272
79 278
79 288
80 86
80 107
80 213
80 218
80 267
80 273
80 288
81 128
81 129
81 162
81 166
81 175
81 213
81 220
81 256
81 285
81 287
83 142
83 215
83 233
83 288
84 134
84 305
85 95
85 99
85 129
85 159
85 249
85 264
86 134
86 138
86 248
87 134
87 158
87 177
87 193
87 202
87 284
87 299
88 132
88 231
89 135
89 145
89 156
89 174
89 180
89 188
89 286
91 287
92 102
92 133
92 138
92 220
92 289
93 130
94 224
94 273
95 232
95 303
96 137
96 149
96 288
96 311
97 148
97 159
97 271
98 122
98 184
98 209
98 291
99 187
100 121
100 136
100 153
100 165
100 241
101 122
101 136
101 147
101 182
102 133
102 136
102 148
102 226
103 153
103 165
103 167
103 226
103 242
103 247
103 281
103 284
104 131
104 293
104 300
106 151
106 164
106 168
106 179
106 230
106 239
106 265
106 283
106 284
106 301
106 311
107 126
107 145
108 110
108 134
108 181
108 193
108 215
108 264
109 124
109 127
109 134
109 157
109 260
109 272
109 295
110 115
110 136
110 164
110 180
110 188
110 200
110 245
111 145
111 279
112 173
112 292
113 206
113 274
114 131
114 153
114 180
114 217
114 225
114 283
114 315
115 133
115 142
115 165
115 288
116 242
116 305
117 118
117 215
117 255
117 286
118 119
118 123
118 196
118 217
118 220
118 241
119 135
119 158
119 241
119 311
120 130
120 139
120 142
120 157
120 209
121 129
121 130
121 131
121 230
121 293
122 129
122 209
122 214
123 131
123 297
123 309
124 130
124 151
124 232
124 248
124 258
124 267
124 276
124 304
124 305
125 200
126 188
127 179
127 303
128 134
128 141
128 191
129 131
129 132
129 134
129 135
129 160
129 168
129 172
129 177
129 178
129 193
129 197
129 200
129 203
129 211
129 218
129 232
129 243
129 245
129 267
129 279
129 283
129 285
129 298
130 132
130 133
130 150
130 162
130 169
130 197
130 200
130 206
130 208
130 227
130 228
130 234
130 242
130 249
130 272
130 289
130 305
130 313
131 134
131 149
131 159
131 177
131 179
131 197
131 199
131 206
131 209
131 232
131 243
131 251
131 261
131 285
131 304
131 311
132 212
132 220
132 230
132 285
132 305
133 136
133 157
133 168
133 180
133 193
133 199
133 206
133 212
133 215
133 217
133 218
133 259
133 263
133 270
133 273
134 137
134 150
134 156
134 177
134 179
134 180
134 185
134 195
134 201
134 208
134 217
134 252
134 270
134 284
134 290
134 291
134 293
134 313
134 315
135 173
135 180
135 198
135 205
135 210
135 218
135 220
135 223
135 224
135 246
135 284
135 298
135 307
136 138
136 199
136 210
136 232
136 290
136 313
137 139
137 224
137 287
137 288
138 143
138 156
138 239
139 188
139 220
139 304
140 200
140 248
140 273
141 284
142 152
142 279
143 191
143 308
144 287
145 156
145 216
145 260
145 307
146 245
147 220
148 220
148 287
148 301
149 169
149 219
149 258
149 276
150 182
151 180
151 241
152 167
152 185
152 194
152 234
153 154
153 174
153 220
153 272
154 284
155 220
155 277
155 313
156 179
156 206
156 219
156 237
156 239
156 288
156 293
157 160
157 167
157 181
157 201
157 218
157 224
157 295
158 193
158 287
159 250
159 288
160 174
160 188
160 193
160 196
160 267
160 272
160 278
160 286
161 174
161 310
162 216
163 179
163 197
163 295
163 298
167 175
167 181
167 234
167 276
167 296
168 227
169 269
171 222
172 185
172 209
173 219
173 225
173 288
174 217
174 233
176 284
178 180
178 194
178 252
179 253
179 288
179 301
180 186
180 204
180 218
180 225
180 230
180 245
180 313
181 210
181 242
181 285
181 296
182 216
183 272
184 217
184 265
184 277
185 188
185 235
185 287
185 288
188 249
188 264
189 238
189 241
189 264
191 224
192 210
192 222
193 195
193 312
195 215
195 235
195 308
196 199
196 241
196 287
197 210
197 250
197 283
198 249
199 200
199 202
200 203
200 231
200 255
200 285
200 287
200 288
204 239
204 240
204 278
204 287
205 284
206 215
206 249
206 268
207 292
208 243
209 284
209 298
210 214
210 247
210 248
210 273
210 309
213 214
213 279
213 304
214 287
214 298
215 294
216 227
217 272
218 221
218 252
218 278
218 298
218 301
219 229
219 275
219 294
219 314
220 232
220 314
222 240
223 233
223 238
223 242
223 248
224 287
224 296
227 276
228 240
228 252
229 249
230 251
230 264
231 232
231 308
232 273
232 307
232 314
233 249
233 253
233 263
233 286
236 241
237 313
238 266
238 315
239 265
239 284
240 261
240 277
241 293
242 249
243 278
243 292
244 247
244 249
245 276
245 283
248 287
249 309
252 267
252 315
253 286
255 271
255 279
257 310
258 282
258 285
260 287
266 304
270 300
271 292
272 295
277 307
278 279
283 294
286 288
286 303
287 299
287 304
287 307
287 309
292 301
294 311
294 314
298 301
298 315
307 310
