0 20
0 39
0 99
0 118
0 129
0 185
0 193
0 213
0 231
0 254
0 272
1 131
1 134
1 206
1 238
1 271
2 7
2 29
2 32
2 40
2 77
2 103
2 117
2 133
2 167
2 172
2 217
2 224
2 265
2 269
3 34
3 80
3 106
3 145
3 180
3 265
4 97
4 98
4 181
4 197
4 202
4 242
5 16
5 54
5 81
5 83
5 103
5 104
5 130
5 131
5 148
5 261
6 76
6 80
6 111
6 218
7 8
7 13
7 14
7 71
7 128
7 131
7 168
7 190
7 222
7 261
7 286
7 287
8 15
8 20
8 25
8 47
8 48
8 67
8 76
8 80
8 103
8 117
8 120
8 135
8 148
8 179
8 188
8 191
8 200
8 241
8 296
8 298
9 96
9 114
9 174
9 195
9 219
9 247
10 37
10 67
10 73
10 106
11 74
11 130
11 153
11 197
11 224
12 24
12 26
12 31
12 36
12 73
12 114
12 135
12 148
12 181
12 184
12 188
12 194
12 196
12 267
12 292
13 40
13 56
13 79
13 103
13 107
13 188
13 201
14 31
14 37
14 103
14 121
14 142
14 143
14 157
14 167
14 200
14 213
14 218
14 219
14 231
15 34
15 47
15 96
15 103
15 183
15 206
15 233
15 234
15 236
15 240
15 304
16 23
16 30
16 35
16 56
16 75
16 78
16 92
16 98
16 105
16 118
16 129
16 131
16 133
16 135
16 172
16 216
16 268
16 283
16 288
16 294
17 45
17 61
17 67
17 73
17 118
17 164
17 237
17 295
18 75
18 103
18 129
18 228
18 233
18 239
19 124
19 135
19 193
19 215
19 283
20 37
20 50
20 60
20 134
20 140
20 184
20 200
20 205
20 211
20 287
20 299
20 313
21 54
21 134
21 136
22 27
22 86
22 287
23 67
23 88
23 89
23 102
23 157
23 174
24 33
24 74
24 89
24 107
24 135
24 193
24 210
24 215
24 232
24 238
24 264
25 45
25 50
25 138
25 167
25 207
25 241
26 45
26 148
26 156
27 145
27 289
27 305
28 57
28 101
29 59
29 120
29 140
29 142
29 213
29 249
29 255
30 64
30 105
30 131
30 174
31 33
31 74
31 114
31 129
31 132
31 136
31 157
31 178
31 180
31 247
31 254
31 294
32 35
32 43
32 46
32 47
32 71
32 78
32 83
32 92
32 100
32 105
32 118
32 131
32 133
32 140
32 157
32 200
32 209
32 275
32 286
32 304
33 99
33 129
33 156
33 185
33 216
33 253
33 276
33 289
33 298
34 90
34 103
34 107
34 233
34 239
34 264
35 54
35 134
35 154
35 197
35 200
35 226
35 273
35 313
36 149
36 161
37 77
37 131
37 244
38 64
38 80
38 100
38 242
38 251
38 287
39 106
39 270
40 67
40 77
40 83
40 98
40 130
40 132
40 133
40 148
40 156
40 174
40 197
40 208
40 241
41 64
41 85
41 90
41 94
41 101
41 103
41 133
41 214
41 293
42 64
42 75
42 122
42 134
42 268
42 288
43 67
43 80
43 94
43 249
44 54
44 63
44 102
44 103
44 130
45 47
45 81
45 104
45 121
45 131
45 136
45 191
45 215
45 231
45 284
46 50
46 54
46 66
46 89
46 122
46 141
46 162
46 180
46 258
46 280
46 285
47 94
47 124
47 153
47 180
47 217
47 249
48 75
48 94
48 131
48 134
48 182
48 286
49 133
49 157
49 206
49 233
49 239
49 273
49 288
50 133
50 206
50 286
51 83
51 135
51 136
51 145
51 168
51 185
51 190
51 223
51 231
51 239
52 210
52 222
53 149
54 152
54 287
55 134
55 148
56 81
56 133
56 156
56 157
56 179
56 200
57 239
58 277
58 293
59 69
59 95
59 96
59 104
59 114
59 122
59 130
59 135
59 151
59 157
59 208
59 209
59 213
59 233
59 266
59 274
59 300
59 314
60 95
60 118
60 157
60 159
60 161
61 120
61 158
61 235
61 247
61 287
62 193
62 233
62 246
62 287
63 106
63 241
64 73
64 85
64 134
64 135
64 145
64 272
64 281
65 148
66 130
66 135
66 136
66 156
66 179
66 197
66 206
66 233
67 90
67 104
67 110
67 114
67 121
67 124
67 142
67 145
67 160
67 217
67 237
67 293
67 296
68 100
68 180
68 218
68 220
68 233
68 244
68 252
68 287
68 288
71 121
71 157
72 127
72 180
72 249
72 272
72 274
73 136
73 149
73 188
73 220
73 264
73 287
73 291
74 103
74 121
74 138
74 220
75 113
75 180
75 216
75 249
75 259
76 81
76 110
76 188
76 205
76 238
77 119
77 135
77 195
77 256
78 130
78 159
78 212
79 91
79 188
79 284
80 131
80 160
80 162
80 259
81 239
81 267
83 115
83 166
83 249
83 278
83 287
83 299
85 135
85 230
85 246
86 249
87 133
87 161
87 165
87 249
88 104
88 111
89 92
89 106
89 109
89 128
89 155
89 213
89 267
90 140
90 154
90 163
90 191
90 197
90 261
90 287
91 141
91 191
91 229
91 233
91 288
92 133
92 135
92 198
92 232
92 260
92 284
92 293
92 313
94 272
94 298
95 133
95 149
96 118
96 206
96 231
97 120
97 124
97 130
97 131
97 252
98 130
98 153
98 157
98 290
99 133
99 191
99 205
99 210
99 278
99 288
100 159
100 174
100 185
100 227
101 110
101 249
101 288
102 109
102 129
102 135
102 158
102 188
102 205
102 249
102 250
102 257
103 111
103 123
103 130
103 156
103 157
103 186
103 215
103 275
104 287
104 302
105 117
105 134
105 139
105 160
105 258
106 134
106 148
106 152
106 156
106 209
106 286
106 287
107 136
107 138
107 237
108 122
108 131
108 134
108 135
108 249
108 265
109 130
109 135
109 156
109 185
109 197
109 242
110 131
110 143
110 249
110 276
111 233
111 303
112 200
113 167
113 267
114 131
115 159
115 201
116 217
116 224
116 288
116 303
117 120
117 134
117 157
117 160
117 200
117 239
117 241
117 242
117 263
117 278
117 287
118 124
118 130
118 131
118 134
118 142
118 156
118 161
118 221
118 301
119 136
119 314
120 138
120 171
120 220
121 180
121 225
121 252
121 310
122 129
122 130
122 133
122 134
122 152
122 164
122 180
122 307
123 144
123 223
124 132
124 156
124 158
124 174
124 180
124 239
124 249
124 271
124 287
124 294
126 201
126 249
127 140
127 212
128 233
128 239
128 271
128 287
128 288
129 130
129 131
129 134
129 139
129 149
129 152
129 156
129 157
129 166
129 185
129 196
129 199
129 205
129 211
129 212
129 215
129 224
129 245
129 246
129 249
129 269
129 282
129 287
129 295
129 303
130 131
130 148
130 149
130 160
130 162
130 175
130 186
130 188
130 193
130 196
130 204
130 220
130 233
130 242
130 248
130 261
130 284
130 306
131 134
131 136
131 144
131 156
131 160
131 206
131 210
131 224
131 243
131 252
131 261
131 276
131 279
131 304
131 305
132 170
133 136
133 163
133 172
133 173
133 179
133 180
133 188
133 193
133 201
133 205
133 224
133 231
133 267
133 268
133 269
133 275
133 277
133 284
133 288
134 149
134 160
134 168
134 199
134 201
134 205
134 227
134 256
134 262
134 286
134 287
134 302
135 136
135 139
135 140
135 161
135 204
135 205
135 211
135 224
135 246
135 269
135 275
135 287
135 308
136 181
136 200
136 201
136 216
136 219
136 244
136 245
136 254
136 258
136 279
136 283
136 309
137 156
137 224
137 268
138 211
138 242
138 250
139 201
139 203
139 206
140 166
140 175
140 198
140 219
140 237
140 239
140 244
140 264
142 159
143 184
143 308
144 289
145 158
145 197
145 264
147 193
148 156
148 157
148 180
148 286
149 167
149 184
149 206
150 250
150 303
151 258
152 155
152 167
152 194
152 219
152 247
153 308
154 168
154 213
154 309
155 156
156 170
156 175
156 188
156 198
156 200
156 207
156 211
156 219
156 233
156 241
156 257
156 277
156 286
156 288
157 203
157 260
157 267
158 198
158 264
159 205
159 266
159 282
159 310
160 162
160 174
160 188
160 202
160 260
160 315
161 188
161 291
162 284
162 302
164 288
166 199
166 271
167 179
167 223
167 239
167 260
167 275
167 306
168 188
168 215
169 223
169 269
171 262
172 220
174 234
174 255
174 283
174 285
174 305
175 261
175 304
175 305
176 273
177 192
177 210
178 194
179 200
179 311
180 206
180 211
180 224
180 252
180 265
180 284
181 194
181 249
181 264
182 215
184 223
184 258
184 287
184 315
185 223
187 287
187 291
188 215
188 220
188 254
188 273
188 309
189 261
191 221
191 268
192 211
192 265
193 213
193 236
193 239
194 288
195 213
195 233
195 248
195 263
196 297
197 272
200 242
200 299
201 253
201 313
202 283
204 218
205 214
205 287
205 298
206 212
206 288
207 286
210 231
210 248
210 286
210 288
210 292
211 252
212 234
212 304
214 218
215 251
216 241
216 244
216 258
217 275
218 241
219 292
219 304
220 278
220 301
221 258
222 279
223 272
223 275
223 296
226 273
226 304
229 292
230 243
231 302
232 243
234 267
234 287
234 311
235 283
235 303
237 281
238 249
238 270
241 286
242 254
243 252
243 303
245 267
245 275
248 303
249 255
249 294
251 254
251 315
254 269
255 313
258 293
261 263
269 311
270 279
275 303
277 286
278 298
283 315
287 294
293 303
296 297
296 304
305 308
