0 29
0 50
0 95
0 131
0 231
1 103
1 200
1 261
1 280
1 304
2 4
2 9
2 12
2 19
2 34
2 35
2 45
2 46
2 55
2 72
2 73
2 88
2 89
2 103
2 104
2 118
2 126
2 130
2 156
2 168
2 175
2 196
2 236
2 256
2 267
2 275
2 298
3 14
3 265
4 142
4 266
4 293
5 42
5 55
5 167
5 200
5 214
5 232
6 145
6 285
7 23
7 51
7 61
7 72
7 87
7 107
7 129
7 133
7 136
7 148
7 149
7 160
7 216
7 231
7 238
7 239
7 265
7 272
7 273
7 284
8 19
8 25
8 35
8 47
8 97
8 114
8 128
8 134
8 184
8 193
8 204
8 208
8 286
8 287
8 293
8 295
9 32
9 97
9 110
9 121
9 130
9 134
9 140
9 311
10 96
10 100
10 131
10 206
10 263
10 295
11 129
11 135
11 142
12 33
12 45
12 46
12 78
12 112
12 115
12 210
12 286
12 306
13 14
13 77
13 96
13 123
13 129
13 134
13 135
13 237
13 258
13 303
14 42
14 50
14 98
14 131
14 133
14 164
14 206
14 217
14 250
14 269
14 272
14 286
15 110
15 138
15 145
15 156
15 197
15 229
16 32
16 49
16 66
16 89
16 127
16 134
16 138
16 140
16 148
16 153
16 164
16 167
16 192
16 210
16 213
16 218
16 222
16 235
16 265
16 284
16 288
17 58
17 165
17 213
18 32
18 33
18 34
18 40
18 66
18 88
18 118
18 154
18 173
18 185
18 200
18 258
19 209
20 36
20 54
20 59
20 70
20 75
20 118
20 130
20 134
20 138
20 182
20 188
20 202
20 249
20 250
20 253
21 33
21 95
21 164
21 187
21 207
21 229
21 240
21 270
21 314
22 37
22 84
22 144
22 161
22 170
22 174
23 25
23 72
23 134
23 137
23 138
23 211
24 50
24 61
24 134
24 161
24 305
25 95
25 145
25 203
25 298
25 315
26 48
26 51
26 86
26 107
26 133
27 130
27 217
27 263
28 31
28 99
28 115
28 129
28 130
28 173
28 291
29 68
29 129
29 135
29 136
29 188
29 205
29 231
29 261
29 283
29 288
30 67
30 122
30 133
30 227
30 242
31 65
31 156
31 200
31 210
31 213
31 215
31 275
31 287
31 288
31 311
32 51
32 85
32 159
32 167
32 179
32 252
32 268
32 283
32 304
33 45
33 63
33 74
33 76
33 77
33 114
33 129
33 130
33 134
33 154
33 200
33 220
33 224
33 259
33 266
33 283
33 308
34 66
34 99
34 142
34 160
35 94
35 206
35 303
36 64
36 68
36 69
36 150
36 186
36 249
36 283
37 156
37 163
37 182
38 103
38 153
38 282
38 283
39 73
39 105
39 159
39 233
39 239
39 295
39 310
40 129
40 130
40 145
40 162
40 209
40 235
40 242
40 286
40 287
41 118
41 160
41 167
41 174
42 77
42 86
42 90
42 235
42 272
42 288
43 76
43 92
43 167
43 210
43 217
43 252
43 301
44 96
44 97
44 152
45 51
45 61
45 67
45 118
45 130
45 134
45 149
45 185
45 188
45 218
45 231
45 235
45 262
45 303
45 310
46 76
46 104
46 105
46 131
46 135
46 175
46 220
46 297
47 55
47 56
47 129
47 138
47 152
47 156
47 161
47 218
47 288
48 95
48 130
48 161
48 200
49 128
49 129
49 130
49 287
50 87
50 124
50 135
50 138
50 156
50 179
50 220
50 271
50 284
51 80
51 129
51 130
51 171
51 238
51 286
51 303
51 305
52 60
52 284
53 278
54 229
54 301
54 311
55 86
55 97
55 101
55 122
55 124
55 129
55 134
55 157
55 200
55 233
55 257
56 60
56 133
56 134
56 188
56 303
57 92
57 183
57 219
58 144
58 265
59 88
59 121
59 122
59 131
59 133
59 164
59 171
59 180
59 185
59 239
59 243
59 268
59 285
59 286
60 124
60 130
60 133
60 154
60 156
60 210
60 211
60 267
60 284
60 307
61 96
61 131
62 129
62 135
62 136
62 185
62 200
62 218
62 263
62 264
63 124
63 130
63 161
63 287
63 315
64 85
64 97
64 299
65 108
65 133
65 156
65 219
67 107
67 130
67 149
67 154
67 166
67 191
67 226
67 289
67 312
68 134
68 173
68 200
68 206
68 234
68 265
68 288
69 134
69 136
69 150
69 167
69 173
69 235
70 97
70 121
70 180
70 242
71 129
71 275
72 93
72 130
72 185
72 223
72 238
73 129
73 130
73 134
73 140
73 175
73 257
73 276
74 129
74 135
74 171
74 193
74 197
74 220
74 221
74 231
74 242
74 282
74 305
75 159
75 179
75 192
75 224
75 238
75 311
76 136
76 145
76 287
77 160
78 135
78 136
78 249
78 283
78 298
79 148
79 220
79 224
79 302
80 85
80 118
80 129
80 211
80 216
80 275
80 286
81 171
81 180
82 195
83 131
83 156
83 215
84 168
85 94
85 193
86 108
86 115
86 231
86 239
87 91
87 97
87 133
87 140
87 148
87 167
87 267
87 286
87 289
87 309
88 109
88 125
88 148
88 149
88 152
88 180
88 235
88 295
89 130
89 203
89 220
89 225
89 227
89 241
89 242
90 95
90 104
90 105
90 180
90 181
90 211
90 274
91 182
91 200
91 275
91 292
92 101
92 103
92 159
92 180
92 210
92 243
92 287
93 158
93 201
94 109
94 133
94 148
94 164
94 197
95 122
95 155
95 233
95 242
95 267
96 101
96 175
96 206
96 211
96 255
97 101
97 102
97 133
97 135
97 156
97 160
97 198
97 210
97 256
98 102
98 105
98 106
98 127
98 134
98 145
98 153
98 174
98 185
98 273
98 305
99 128
99 188
99 249
100 117
100 167
100 185
100 200
101 148
101 156
101 222
101 241
101 266
101 272
102 140
102 145
102 148
102 152
102 159
102 255
102 266
102 293
103 109
103 110
103 130
103 133
103 138
103 210
103 275
103 288
104 107
104 127
104 179
104 188
105 167
105 224
105 249
105 279
105 284
106 158
106 219
106 235
106 238
106 280
106 283
107 180
107 223
107 278
108 148
108 208
108 216
108 299
109 130
109 142
109 157
110 133
110 136
110 154
110 219
110 234
110 282
111 121
111 135
111 148
112 183
112 231
112 272
113 135
113 136
113 242
113 273
114 130
114 206
114 275
115 139
115 152
115 172
115 183
115 220
115 315
116 135
117 156
117 157
117 179
117 244
117 249
118 129
118 130
118 177
118 210
118 224
118 257
118 278
119 134
119 162
119 167
120 252
121 133
121 236
121 268
121 286
122 133
122 140
122 180
122 206
122 217
122 285
122 298
124 142
124 149
124 161
124 174
124 201
124 204
124 238
124 239
124 252
124 258
124 294
124 310
126 130
126 230
127 242
128 187
128 215
128 232
128 239
129 130
129 131
129 136
129 168
129 187
129 210
129 231
129 260
129 268
129 285
129 288
129 305
130 133
130 134
130 135
130 165
130 169
130 180
130 188
130 201
130 205
130 210
130 218
130 233
130 267
130 271
130 286
130 287
130 288
130 293
130 309
130 312
131 133
131 134
131 136
131 148
131 159
131 175
131 180
131 185
131 195
131 220
131 241
131 288
132 142
133 134
133 136
133 149
133 150
133 173
133 181
133 190
133 200
133 224
133 239
133 258
133 265
133 266
133 273
133 295
133 301
134 135
134 152
134 156
134 178
134 188
134 231
134 238
134 240
134 241
134 270
134 294
134 297
134 298
135 136
135 138
135 146
135 185
135 188
135 197
135 214
135 224
135 245
135 248
135 249
135 275
135 276
135 286
135 288
135 301
136 184
136 201
136 206
136 257
136 295
137 214
137 217
137 249
138 157
138 175
138 205
138 209
139 287
140 149
140 150
140 152
140 160
140 181
140 202
140 210
140 215
140 245
140 275
140 294
141 205
141 272
142 153
142 249
145 183
145 233
145 241
145 252
146 215
147 156
147 244
147 284
148 169
148 174
148 180
148 205
148 229
148 232
148 242
148 253
149 178
149 188
149 192
149 240
150 196
150 204
152 172
152 200
152 258
152 269
152 274
153 206
154 157
154 162
154 185
154 272
154 286
155 205
156 162
156 168
156 182
156 195
156 207
156 210
156 211
156 231
156 261
156 285
156 286
156 287
157 162
157 169
157 188
157 190
157 205
157 213
157 258
157 287
159 171
159 186
160 163
160 177
160 241
160 267
160 278
160 284
160 286
160 305
161 210
161 263
161 292
162 171
163 269
163 305
164 233
164 274
165 245
166 265
167 172
167 180
167 185
167 190
167 193
167 195
167 261
167 288
167 292
168 226
169 274
170 255
171 242
172 246
173 287
174 211
174 217
174 238
174 304
174 305
174 309
174 311
175 247
175 263
177 179
177 249
179 257
179 298
179 304
180 185
180 210
180 217
180 238
180 244
180 247
180 272
181 285
182 188
182 249
182 288
183 305
184 185
184 221
184 265
185 258
187 314
188 192
188 200
188 211
188 239
190 312
191 199
191 200
191 227
191 287
191 288
192 224
192 240
193 204
193 218
193 232
193 241
193 274
193 275
193 301
193 303
193 313
195 202
196 210
196 287
197 284
198 269
198 288
200 203
200 206
200 220
200 274
200 286
200 301
200 306
201 210
202 293
203 242
203 293
205 216
205 230
205 249
205 273
206 210
206 287
207 221
208 279
208 285
209 273
210 244
210 249
210 267
210 286
210 302
211 241
211 286
212 223
212 260
214 285
214 299
215 245
215 281
215 308
216 252
217 231
218 272
221 238
221 247
222 230
223 251
224 243
224 269
224 285
225 304
227 233
227 287
231 291
231 293
232 278
232 301
233 258
234 286
235 248
235 274
237 288
238 287
238 293
239 249
240 279
241 278
242 275
242 287
243 272
244 272
249 285
249 293
250 287
250 305
255 269
256 288
258 286
258 287
258 315
260 270
260 291
266 267
266 282
267 280
267 285
268 288
269 288
269 305
270 303
273 277
274 285
274 303
280 299
284 310
285 287
286 291
286 298
286 303
288 302
292 307
294 301
296 300
299 306
308 309
