0 5
0 10
0 30
0 38
0 67
0 127
0 131
0 169
0 218
1 18
1 25
1 129
1 160
1 205
1 236
1 286
2 35
2 60
2 63
2 85
2 98
2 102
2 110
2 130
2 149
2 157
2 159
2 160
2 167
2 168
2 180
2 215
2 238
2 277
2 279
3 12
3 30
3 52
3 133
3 134
3 233
3 287
3 298
4 33
4 80
4 99
4 160
4 180
4 232
4 287
5 99
5 105
5 117
5 160
5 275
5 283
6 167
6 228
6 233
6 264
6 293
6 308
7 12
7 16
7 23
7 79
7 124
7 133
7 145
7 180
7 193
7 205
7 206
7 236
7 241
7 244
7 277
7 286
7 288
7 303
7 314
8 20
8 34
8 48
8 49
8 57
8 70
8 85
8 133
8 134
8 160
8 161
8 175
8 205
8 252
8 283
8 285
9 30
9 102
9 159
9 279
10 142
10 211
11 67
11 122
11 148
12 40
12 66
12 90
12 95
12 128
12 129
12 131
12 143
12 179
12 238
13 73
13 116
13 135
13 157
13 212
13 258
14 27
14 41
14 73
14 103
14 109
14 131
14 200
14 208
14 233
14 241
15 33
15 110
15 133
15 179
15 195
15 208
15 239
15 249
15 287
15 305
15 308
16 18
16 20
16 50
16 53
16 54
16 61
16 66
16 68
16 73
16 79
16 104
16 118
16 129
16 149
16 195
16 217
16 277
16 283
16 309
17 21
17 92
17 118
17 129
17 131
17 141
17 200
17 278
18 25
18 81
18 145
18 167
18 178
18 265
18 287
18 315
19 135
19 264
19 298
20 62
20 65
20 76
20 101
20 156
20 159
20 164
20 174
20 180
20 205
21 38
21 92
21 118
21 119
21 144
21 210
21 242
21 264
21 283
22 76
22 118
22 119
22 206
22 305
23 32
23 104
23 200
24 115
24 239
25 32
25 74
25 104
25 126
25 132
25 133
25 134
25 186
26 35
26 62
26 80
26 288
27 71
27 93
27 118
27 133
27 160
28 87
28 88
29 64
29 134
29 167
30 87
30 169
30 174
30 191
30 241
30 247
30 275
31 32
31 56
31 76
31 83
31 88
31 130
31 136
31 139
31 182
31 200
31 217
31 259
31 284
31 286
32 33
32 38
32 52
32 63
32 106
32 117
32 130
32 151
32 188
32 191
32 220
32 239
32 270
32 275
32 279
32 310
33 44
33 59
33 67
33 73
33 103
33 134
33 143
33 160
33 200
33 203
33 225
33 248
33 286
34 45
34 56
34 123
34 147
34 156
34 295
35 36
35 56
35 88
35 97
35 126
35 162
35 169
35 197
35 218
35 306
36 129
36 191
36 199
36 288
37 58
37 118
37 133
37 267
37 286
37 302
38 49
38 62
38 65
38 83
38 215
38 239
38 281
38 287
39 50
39 71
39 137
39 138
39 157
39 239
39 307
40 60
40 61
40 107
40 131
40 137
40 304
41 46
41 60
41 63
41 118
41 133
41 134
41 262
41 294
42 94
42 129
42 306
43 101
43 107
43 117
43 132
43 156
43 209
43 296
44 233
45 60
45 74
45 121
45 130
45 131
45 206
45 218
45 245
45 249
45 269
46 92
46 100
46 108
46 145
46 148
46 188
46 249
46 252
47 59
47 95
47 179
47 208
47 237
47 239
47 261
47 298
47 301
48 95
48 157
48 177
48 194
49 68
49 96
49 187
49 265
49 280
50 76
50 90
50 120
50 129
50 132
50 133
50 138
50 159
50 272
50 284
50 294
50 295
51 87
51 138
51 233
51 239
52 134
52 152
53 197
54 134
54 136
55 129
55 133
55 134
55 192
55 291
56 101
56 104
56 180
56 181
56 252
56 302
57 78
57 159
57 287
58 92
58 296
58 298
59 96
59 107
59 130
59 131
59 134
59 167
59 184
59 200
59 210
59 237
59 249
59 258
59 299
60 122
60 135
60 138
60 215
61 73
61 79
61 109
61 133
61 205
61 249
62 95
62 118
62 131
62 161
62 162
62 191
62 211
62 232
62 270
62 287
63 75
63 80
63 84
63 102
63 108
63 112
63 131
63 133
63 142
63 207
64 72
64 286
65 249
66 148
66 174
67 83
67 88
67 174
67 206
67 215
68 133
68 146
68 192
69 157
69 215
69 281
70 73
70 145
71 154
72 118
72 124
72 148
72 173
73 154
73 155
73 193
73 242
73 293
74 84
74 134
74 135
74 136
74 174
74 223
74 286
75 118
75 241
75 255
75 275
75 280
75 287
76 115
76 134
76 188
76 293
77 131
77 135
77 212
78 113
78 135
78 171
78 206
78 224
78 301
78 305
78 314
79 122
79 197
79 306
80 161
80 204
80 259
81 129
81 140
81 152
81 283
82 159
83 128
83 161
83 276
85 188
85 268
85 310
86 104
86 134
86 142
86 287
87 181
87 305
88 130
88 193
88 243
89 277
90 103
90 115
90 147
90 247
90 261
91 129
91 308
92 129
92 133
92 215
92 286
92 287
94 109
94 130
95 124
95 133
95 147
96 286
96 298
97 105
97 134
97 195
97 207
97 294
97 298
98 111
98 118
98 138
98 160
98 178
98 183
98 206
98 215
98 298
99 160
99 196
99 216
100 156
101 129
101 239
101 309
102 132
102 136
102 142
102 160
102 167
102 194
102 197
102 241
102 249
103 109
103 133
103 134
103 158
103 166
103 185
103 196
103 200
103 220
103 256
104 114
104 154
104 156
104 171
104 249
104 258
104 285
104 286
105 134
105 313
106 118
106 136
106 159
106 185
106 193
106 206
107 117
107 137
107 174
107 207
107 211
107 232
107 286
108 133
108 135
108 156
108 178
108 217
108 224
108 249
108 281
109 273
109 276
110 232
110 280
110 287
110 305
111 128
111 252
112 217
112 247
112 301
112 305
113 129
113 237
114 117
114 148
114 153
114 160
114 179
114 196
114 204
114 285
115 129
115 131
115 178
115 193
115 236
116 134
116 192
116 213
117 118
117 127
117 129
117 164
117 180
117 185
117 210
117 230
117 293
118 129
118 137
118 162
118 176
118 191
118 206
119 131
119 160
119 284
120 129
121 152
121 157
121 174
121 205
121 241
121 284
122 131
122 157
122 187
122 191
122 197
122 222
122 244
123 239
123 267
124 136
124 140
124 150
124 153
124 167
124 172
124 181
124 212
124 218
124 230
124 277
124 293
124 294
125 136
125 156
126 159
126 279
127 161
127 205
127 258
127 279
128 156
128 162
128 304
129 130
129 141
129 149
129 154
129 156
129 185
129 190
129 191
129 193
129 214
129 215
129 216
129 240
129 288
129 291
129 296
129 303
129 308
130 134
130 136
130 137
130 138
130 148
130 149
130 154
130 156
130 161
130 172
130 188
130 200
130 226
130 232
130 249
130 285
130 304
130 308
130 314
131 132
131 136
131 139
131 142
131 152
131 156
131 160
131 192
131 193
131 201
131 204
131 207
131 215
131 241
131 271
131 288
131 301
132 143
132 223
132 271
133 149
133 152
133 160
133 165
133 179
133 180
133 182
133 191
133 196
133 214
133 243
133 246
133 268
133 280
133 309
134 146
134 161
134 163
134 181
134 205
134 206
134 208
134 221
134 261
134 268
134 269
134 287
134 291
134 296
134 302
134 305
134 309
135 136
135 156
135 167
135 175
135 179
135 185
135 210
135 216
135 223
135 226
135 265
135 283
135 297
135 299
135 301
135 306
136 144
136 220
136 241
136 250
136 298
136 311
136 314
137 162
137 236
138 172
139 153
140 142
140 164
140 193
140 219
140 240
140 305
142 145
142 242
142 283
142 287
143 148
143 159
143 193
143 305
144 242
145 169
145 175
145 249
145 252
145 260
145 278
146 152
146 201
147 182
148 157
148 260
148 266
148 269
148 288
149 188
149 206
149 237
150 195
150 286
150 296
151 154
151 163
151 193
151 291
152 206
152 234
152 298
153 230
153 268
154 259
156 185
156 195
156 224
156 244
156 263
156 276
156 285
156 287
156 290
156 296
157 224
158 159
158 249
158 283
158 284
159 177
159 181
159 188
159 224
159 230
159 249
160 208
160 246
160 259
160 261
161 242
162 167
162 251
162 264
162 275
163 258
163 264
163 303
164 197
164 238
164 264
164 307
165 182
166 216
167 175
167 193
167 210
167 239
167 247
167 272
167 284
168 193
169 193
169 215
169 242
169 293
171 210
171 220
171 277
172 268
173 179
173 222
173 280
174 180
174 206
174 295
175 273
176 192
177 218
179 197
179 207
179 233
179 239
179 240
179 284
179 286
180 206
180 239
180 249
180 295
181 230
182 201
182 223
182 305
183 206
184 308
185 229
185 239
185 264
185 267
185 303
187 268
188 192
188 239
188 250
188 272
188 297
190 288
190 310
191 193
191 239
191 249
191 302
192 253
193 210
193 238
193 247
193 253
193 303
194 204
194 303
195 229
195 244
196 293
196 315
197 202
197 211
198 247
198 287
198 298
199 276
200 238
200 277
200 287
200 293
200 306
201 287
202 215
204 275
205 238
206 244
206 271
206 276
206 285
208 211
208 212
208 226
210 224
211 224
212 242
212 287
213 217
213 272
213 273
213 302
215 224
215 291
217 247
217 284
217 285
218 285
218 296
219 249
220 235
220 287
221 278
223 274
223 293
223 300
223 302
224 233
224 288
225 309
228 279
230 235
230 264
231 238
231 313
232 236
232 247
232 306
233 275
233 311
235 244
237 313
238 269
238 283
239 241
239 259
239 279
241 310
242 243
242 283
243 269
244 293
245 271
245 287
247 252
249 308
250 295
252 266
254 298
255 301
256 307
258 274
258 278
258 296
259 287
261 276
263 285
267 286
267 297
271 288
272 303
275 288
275 293
276 286
277 293
278 286
278 292
279 303
283 287
284 286
285 298
287 288
288 293
288 303
288 309
291 306
293 303
296 298
298 315
304 314
