0 51
0 94
0 173
1 23
1 55
1 104
1 134
1 221
1 301
2 6
2 34
2 104
2 124
2 128
2 130
2 133
2 134
2 141
2 160
2 207
2 242
2 285
3 61
3 122
3 137
3 149
4 60
4 76
4 92
4 129
4 175
4 206
4 286
5 17
5 33
5 45
5 77
5 87
5 89
5 98
5 142
5 159
5 199
5 240
5 303
6 12
6 23
6 94
6 98
6 116
6 133
6 193
6 213
6 236
6 241
7 25
7 30
7 48
7 54
7 79
7 89
7 103
7 118
7 137
7 142
7 148
7 156
7 172
7 181
7 264
7 281
7 285
7 314
8 18
8 31
8 47
8 130
8 140
8 148
8 160
8 179
8 194
8 202
8 269
8 286
8 299
9 74
9 111
9 224
9 258
9 304
10 32
10 152
11 130
11 148
11 162
11 206
11 305
12 18
12 43
12 51
12 56
12 76
12 89
12 241
12 279
12 286
13 33
13 50
13 113
13 130
13 135
13 196
13 243
13 292
14 75
14 102
14 129
14 136
14 200
14 282
15 19
15 121
15 180
15 218
15 237
15 239
15 257
15 278
15 285
15 298
16 24
16 50
16 67
16 68
16 74
16 94
16 106
16 130
16 133
16 134
16 180
16 191
16 207
16 224
16 231
16 241
16 274
16 285
16 292
17 74
17 196
17 305
18 73
18 74
18 238
19 63
20 53
20 78
20 81
20 119
20 133
20 148
20 149
20 234
20 238
20 241
20 309
21 32
21 56
21 131
21 134
21 152
21 192
21 193
21 215
21 217
21 288
23 60
23 99
23 219
24 134
24 142
24 150
24 188
25 68
25 92
25 96
25 102
25 105
25 156
25 230
25 256
25 266
26 59
26 281
27 30
27 54
27 117
27 122
27 130
27 137
27 164
27 167
27 229
28 133
28 156
28 252
28 287
29 36
29 89
29 104
29 239
29 288
30 80
30 131
30 164
30 182
30 219
30 220
30 239
30 313
31 130
31 132
31 133
31 135
31 210
31 233
31 269
31 273
31 315
32 35
32 98
32 130
32 131
32 162
32 172
32 201
32 215
32 229
32 232
32 239
32 265
32 305
33 52
33 79
33 130
33 188
33 256
33 293
34 41
34 200
34 233
34 240
34 249
35 41
35 124
35 133
35 154
35 284
35 291
35 294
36 103
36 104
36 193
36 263
36 271
37 137
37 231
37 249
37 275
37 276
38 88
38 223
39 110
39 124
39 128
39 136
39 248
39 288
39 298
40 47
40 66
40 83
40 131
40 139
40 267
40 285
41 131
41 210
41 290
42 73
42 102
42 121
42 122
42 124
42 129
42 142
42 173
42 255
43 103
43 188
43 217
43 220
43 221
43 236
43 246
43 296
44 51
44 166
44 220
45 56
45 106
45 120
45 133
45 134
45 232
45 263
45 281
46 109
46 131
46 157
46 173
46 179
46 224
47 60
47 77
47 99
47 129
47 133
47 134
47 218
48 67
48 129
48 230
48 313
49 100
49 109
49 128
49 132
49 156
49 234
49 237
49 300
49 307
50 117
50 125
50 133
50 134
50 168
50 267
50 279
51 103
51 117
51 121
51 135
51 208
51 210
51 217
51 248
51 290
51 296
52 81
52 82
52 129
52 180
52 222
52 264
52 275
54 118
54 133
54 160
54 162
54 211
54 310
55 80
55 129
55 200
55 201
55 295
55 304
56 99
56 131
56 149
56 162
56 191
56 213
57 255
57 293
59 63
59 75
59 87
59 95
59 103
59 124
59 154
59 161
59 220
59 233
59 242
59 268
59 285
60 128
60 131
60 142
60 179
60 188
60 214
60 242
60 252
60 287
61 108
61 134
61 156
61 166
61 217
61 219
61 266
62 96
62 136
62 142
62 184
62 204
62 287
63 118
63 149
63 206
63 247
63 255
64 102
64 106
64 215
64 272
64 286
64 287
65 80
65 135
65 191
65 289
66 182
67 77
67 110
67 133
67 134
67 180
67 281
67 288
68 121
68 133
68 200
68 214
69 98
69 101
69 178
69 232
69 249
69 288
70 129
70 156
71 160
71 166
71 210
71 220
72 73
72 130
72 188
72 210
73 75
73 95
73 102
73 105
73 109
73 134
73 191
73 224
73 227
73 244
73 296
73 315
74 130
74 188
74 193
74 201
74 206
74 247
74 265
75 77
75 117
75 131
75 145
75 156
75 188
75 217
75 315
76 182
77 92
77 124
77 131
77 173
77 217
77 235
77 297
78 157
79 102
79 104
79 108
79 122
79 156
79 212
79 232
80 147
80 149
80 174
80 238
80 258
80 272
80 286
81 129
81 210
81 225
81 264
81 279
82 87
82 129
82 249
83 101
83 123
83 130
83 220
83 272
83 309
84 152
85 110
85 131
85 134
85 138
85 200
85 244
86 134
86 288
87 89
87 91
87 124
87 135
87 160
87 167
87 177
87 230
87 239
87 275
87 286
88 107
88 108
88 127
88 151
88 194
88 202
88 204
88 307
89 142
89 146
89 216
89 249
90 146
90 156
90 158
90 283
91 133
91 152
91 303
92 98
92 118
92 129
92 130
92 239
92 242
93 135
93 167
93 287
94 135
94 156
94 202
95 119
95 175
96 98
96 115
96 129
96 131
96 162
96 200
96 210
96 305
97 134
97 171
97 233
97 234
97 240
97 269
97 296
97 313
98 123
98 179
98 200
98 212
98 218
98 308
99 129
99 304
100 106
100 259
101 136
101 138
101 178
101 245
101 249
101 259
101 295
101 309
102 103
102 131
102 154
102 177
102 269
102 287
103 108
103 135
103 191
103 201
103 210
103 249
103 258
103 263
103 288
104 117
104 138
104 156
104 174
104 202
104 206
104 283
105 135
105 159
105 288
106 131
106 200
106 215
106 218
106 245
107 187
107 200
108 133
108 135
108 192
108 201
108 247
108 252
109 110
109 118
109 131
109 218
109 274
110 111
110 118
110 143
110 145
110 156
110 171
110 201
110 241
110 242
110 288
110 303
111 129
111 192
111 200
111 314
112 160
112 204
113 156
113 258
114 118
114 134
114 157
114 286
114 307
115 124
115 287
115 314
117 129
117 136
117 138
117 164
117 232
117 243
117 244
117 285
118 133
118 156
118 180
118 185
118 188
118 217
118 218
118 257
118 279
119 215
120 130
120 134
120 191
121 146
121 217
121 258
121 275
121 281
121 305
122 136
122 148
122 224
122 264
122 286
123 133
123 189
124 149
124 150
124 172
124 188
124 192
124 204
124 206
124 210
124 239
124 249
124 273
124 275
125 210
126 211
126 231
127 169
128 133
128 162
128 235
128 273
129 135
129 140
129 145
129 148
129 149
129 153
129 156
129 167
129 168
129 173
129 185
129 232
129 238
129 252
129 264
129 268
129 278
129 280
129 283
129 285
129 288
130 131
130 133
130 134
130 135
130 142
130 156
130 158
130 193
130 246
130 250
130 258
130 260
130 275
130 284
130 296
130 299
131 157
131 164
131 167
131 170
131 182
131 188
131 193
131 200
131 208
131 227
131 244
131 247
131 250
131 267
131 268
131 269
131 273
131 278
131 285
131 288
131 304
131 313
131 315
132 157
132 202
132 302
133 149
133 152
133 167
133 180
133 193
133 200
133 210
133 226
133 267
134 172
134 173
134 188
134 208
134 210
134 249
134 275
134 286
134 287
134 290
135 136
135 159
135 182
135 185
135 193
135 213
135 220
135 232
135 236
135 241
135 269
135 273
135 288
135 294
136 156
136 161
136 193
136 201
136 217
136 248
136 272
136 290
137 149
137 265
138 142
138 153
138 313
139 147
139 179
139 195
139 252
140 156
140 158
140 168
140 213
140 286
140 287
141 284
142 201
142 299
143 256
144 269
145 177
145 210
145 266
148 195
148 204
148 205
148 229
148 235
148 249
149 191
149 245
152 162
152 174
152 241
152 287
153 244
154 157
154 219
154 220
156 179
156 200
156 207
156 209
156 213
156 230
156 232
156 246
156 255
156 260
156 279
156 286
156 298
156 303
157 160
157 174
157 188
157 190
157 191
157 207
157 212
157 286
157 288
158 160
158 193
158 205
158 220
158 286
158 291
158 295
159 181
159 215
159 260
160 167
160 188
160 212
160 249
160 258
161 190
162 178
162 262
163 303
164 198
164 201
164 287
165 178
165 272
166 242
167 180
167 215
167 220
167 225
167 229
167 231
167 232
167 257
167 278
167 287
167 288
167 309
168 223
170 211
171 226
172 278
173 176
173 205
173 238
173 255
174 180
174 301
175 219
176 222
177 249
178 295
179 180
179 245
179 257
180 200
180 208
180 212
180 222
180 248
180 258
181 215
181 266
181 286
181 292
181 298
183 277
184 205
184 210
184 233
184 258
184 287
185 247
185 256
185 280
187 210
188 222
188 250
188 252
188 287
188 288
190 192
190 243
190 302
193 211
193 232
193 241
193 249
193 252
193 287
193 292
195 205
195 213
195 221
195 272
197 205
197 262
200 224
200 266
200 267
200 283
200 299
201 251
201 283
201 288
202 296
204 243
205 211
206 220
208 270
208 284
209 213
209 237
209 269
209 284
209 286
210 219
210 288
210 302
210 311
211 299
212 234
212 239
214 249
215 238
215 279
216 248
216 255
217 238
217 258
217 286
218 242
219 257
219 288
220 227
220 269
220 295
220 305
222 303
224 284
225 232
229 259
229 287
230 248
231 239
231 287
232 268
236 294
239 258
239 271
239 290
241 246
241 271
241 304
242 288
244 297
246 288
247 273
247 286
249 261
250 252
250 284
250 305
251 268
255 275
258 267
258 309
264 268
266 307
268 315
269 299
271 286
271 296
273 292
286 291
288 298
288 301
288 309
290 309
293 304
304 310
313 315
