0 20
0 39
0 104
1 83
1 90
1 238
1 264
1 287
1 291
2 53
2 121
2 134
2 135
2 141
2 197
2 199
2 204
2 232
2 244
2 248
2 268
2 275
2 293
2 301
2 309
3 16
3 75
3 78
3 111
3 200
3 233
4 19
4 55
4 66
4 135
4 136
4 294
5 29
5 52
5 68
5 75
5 114
5 132
5 160
5 232
5 244
5 252
5 285
6 107
6 123
6 205
6 215
6 239
7 33
7 61
7 64
7 98
7 103
7 105
7 140
7 185
7 207
7 215
7 246
7 258
7 311
8 33
8 76
8 97
8 105
8 117
8 130
8 131
8 133
8 138
8 156
8 157
8 167
8 188
8 200
8 244
8 245
8 250
8 284
9 55
9 131
9 134
9 185
9 215
9 250
9 275
10 74
11 41
11 98
11 135
11 159
11 218
11 258
12 56
12 102
12 145
12 156
12 167
12 179
12 188
12 202
12 209
12 219
12 298
13 18
13 22
13 102
13 217
13 241
13 245
13 246
13 285
13 287
14 31
14 40
14 48
14 51
14 55
14 72
14 113
14 135
14 239
14 272
14 286
14 295
15 27
15 52
15 81
15 161
15 172
15 193
15 252
16 32
16 55
16 67
16 98
16 101
16 131
16 134
16 185
16 200
16 208
16 218
16 223
16 245
16 272
16 275
16 278
16 287
16 299
16 303
17 50
17 110
17 156
17 200
17 204
17 218
17 269
17 288
17 299
18 38
18 40
18 60
18 85
18 92
18 129
18 150
18 268
18 301
19 38
20 41
20 101
20 124
20 133
20 134
20 198
20 200
20 223
20 231
20 238
20 243
20 265
20 278
21 31
21 45
21 50
21 56
21 87
21 118
21 124
21 127
21 157
21 287
22 289
23 42
23 106
23 295
24 25
24 44
24 89
24 101
24 136
24 283
25 32
25 52
25 67
25 75
25 118
25 123
25 133
25 135
25 287
25 294
26 101
27 62
27 104
27 281
28 32
28 38
28 47
28 73
28 99
28 118
28 134
28 178
28 199
28 202
29 87
29 122
29 137
29 150
29 153
29 189
29 245
29 269
29 270
29 285
29 286
30 33
30 130
31 47
31 91
31 118
31 167
31 195
31 219
31 245
31 271
32 33
32 86
32 135
32 138
32 151
32 156
32 162
32 177
32 180
32 210
32 211
32 241
32 307
33 106
33 109
33 124
33 130
33 136
33 140
33 160
33 215
33 221
33 233
33 257
33 286
34 54
34 73
34 87
34 141
34 156
34 162
35 41
35 79
35 91
35 103
35 274
36 129
36 133
36 156
36 157
36 188
36 193
36 232
36 276
36 278
37 77
37 121
37 133
37 156
37 197
37 287
38 91
38 118
38 134
38 191
38 283
38 286
39 46
39 64
39 70
39 127
39 209
39 248
40 110
40 143
40 168
40 191
40 211
40 228
41 61
41 85
41 118
41 125
41 146
41 194
42 48
42 125
42 286
42 297
43 52
43 94
43 118
43 200
43 223
43 239
43 251
43 261
44 103
44 167
44 214
44 229
44 236
44 250
44 287
45 69
45 88
45 98
45 129
45 141
45 156
45 193
46 47
46 80
46 101
46 116
46 131
46 134
46 136
46 156
46 197
46 287
47 54
47 65
47 109
47 124
47 167
47 177
47 220
47 276
47 284
48 105
48 160
48 195
48 241
48 268
48 269
48 285
48 287
49 54
49 60
49 89
49 110
49 130
49 153
49 156
49 159
50 122
50 167
50 204
50 216
50 220
50 242
51 64
51 80
51 88
51 110
51 160
51 174
51 184
51 278
51 299
52 112
52 145
52 185
52 220
52 307
54 180
54 241
54 242
54 250
54 295
55 59
55 101
55 133
55 136
55 241
55 293
56 91
56 129
56 134
56 167
56 192
56 268
56 305
57 80
57 102
58 76
58 167
59 101
59 102
59 106
59 133
59 224
59 305
59 313
60 67
60 118
60 129
60 140
60 152
60 154
60 156
60 191
60 200
60 219
60 273
60 311
61 62
61 130
61 134
61 178
61 181
61 210
61 249
61 287
62 67
62 89
62 135
62 213
62 248
62 283
63 95
63 134
63 146
63 160
63 194
63 286
64 95
64 121
64 133
64 149
64 193
64 195
64 209
64 280
65 180
65 236
66 74
66 96
66 190
67 93
67 133
67 199
67 238
67 256
68 89
68 160
68 169
68 187
68 231
68 235
68 286
69 97
69 131
69 145
69 186
69 288
69 295
70 128
70 136
71 131
72 92
72 117
72 201
72 211
72 245
73 136
73 174
73 192
73 243
73 303
73 306
74 89
74 93
74 129
74 138
74 153
74 160
74 161
74 182
74 205
74 219
74 231
75 133
75 246
75 275
77 97
77 134
77 160
77 171
77 172
78 130
78 210
78 215
78 268
78 291
78 298
79 121
79 129
79 135
79 136
79 167
79 243
79 287
79 305
80 133
81 133
81 142
81 149
81 230
81 258
81 265
82 142
82 286
83 168
83 206
83 299
85 131
85 136
85 139
85 275
87 104
87 124
87 129
87 174
87 209
87 213
87 249
87 305
88 115
88 120
88 244
89 109
89 135
89 150
89 313
90 232
91 106
91 108
91 129
91 135
91 167
92 134
92 150
92 170
92 178
92 179
92 180
92 193
92 200
92 240
92 295
92 315
93 161
93 249
94 129
94 204
95 140
95 298
96 104
96 128
96 277
96 297
97 172
97 212
97 268
97 292
98 131
98 147
98 215
98 233
99 131
99 161
99 222
99 241
99 254
99 287
99 288
100 103
100 117
100 145
101 124
101 136
101 156
101 200
101 241
101 244
101 288
102 111
102 131
102 136
102 150
102 166
102 193
102 231
102 232
102 272
102 287
103 118
103 134
103 146
103 163
103 165
103 193
103 286
104 129
104 150
104 263
104 270
104 287
105 286
105 288
106 122
106 128
106 157
106 244
107 129
107 200
108 252
108 278
108 281
108 302
108 303
109 135
109 167
109 239
109 294
110 117
110 136
110 234
110 267
111 130
111 200
111 249
111 287
112 140
112 159
112 229
112 288
113 176
113 227
114 192
114 204
114 251
114 298
115 155
115 192
115 197
115 249
116 136
116 284
117 123
117 128
117 131
117 257
117 269
117 297
118 152
118 188
118 200
118 219
118 238
118 281
118 287
119 180
119 197
120 122
121 133
121 134
121 143
121 156
121 179
122 169
123 131
123 180
123 275
124 128
124 134
124 161
124 164
124 181
124 199
124 258
124 265
126 140
126 305
127 231
127 248
127 258
128 130
128 133
128 217
129 130
129 131
129 136
129 150
129 156
129 157
129 160
129 188
129 199
129 201
129 224
129 268
129 288
130 133
130 134
130 146
130 149
130 152
130 160
130 161
130 180
130 208
130 264
130 271
130 274
130 284
130 286
131 135
131 138
131 148
131 149
131 163
131 178
131 193
131 231
131 245
131 282
131 286
131 288
132 200
132 220
132 303
133 142
133 150
133 154
133 157
133 212
133 214
133 239
134 138
134 144
134 156
134 174
134 179
134 193
134 201
134 213
134 214
134 238
134 242
134 249
134 276
134 284
134 286
134 296
135 139
135 142
135 152
135 156
135 193
135 212
135 214
135 230
135 231
135 239
135 264
135 286
136 138
136 167
136 213
136 224
136 238
136 247
136 282
136 301
136 303
137 148
137 156
137 311
140 145
141 189
141 245
142 200
142 269
143 249
144 220
145 191
145 217
145 239
145 257
145 258
146 249
147 156
147 258
148 154
148 175
148 283
148 305
149 161
149 223
149 279
150 157
150 205
150 216
150 253
150 272
151 196
151 270
152 167
152 171
152 194
152 206
152 220
152 242
152 252
152 276
152 283
153 252
153 261
154 191
154 200
154 259
155 187
155 271
156 157
156 158
156 159
156 181
156 193
156 202
156 206
156 208
156 215
156 216
156 229
156 242
156 244
156 280
156 288
156 304
157 252
158 218
159 162
159 203
159 288
160 193
160 196
160 239
160 240
160 246
160 256
160 277
160 286
161 173
161 216
161 236
161 246
161 287
161 307
162 206
162 228
164 275
166 280
166 308
167 179
167 239
168 299
170 223
171 193
171 288
171 297
171 304
172 173
172 195
172 299
173 255
176 233
176 314
177 243
179 184
179 200
179 220
179 268
179 275
180 185
180 188
180 224
180 231
180 233
180 252
180 273
180 278
180 292
180 306
180 315
181 265
181 299
182 247
184 292
184 313
185 187
185 288
185 309
188 196
188 223
188 232
188 239
188 270
188 287
190 277
192 287
193 204
193 208
193 242
193 288
193 315
194 257
194 306
196 217
196 244
197 256
198 263
200 204
200 220
201 203
201 304
204 287
205 206
205 238
206 245
210 242
210 278
210 301
210 307
211 216
211 219
212 242
213 253
213 287
214 258
214 260
215 243
216 249
216 269
216 276
216 298
217 224
217 247
217 249
218 261
218 264
218 286
219 224
220 269
221 279
221 293
223 227
224 233
224 285
228 288
229 287
229 314
230 286
230 305
231 285
231 292
231 304
232 245
232 258
233 248
234 242
234 255
235 281
235 282
237 260
238 273
239 276
239 278
239 279
239 284
239 288
239 314
242 264
242 293
242 302
243 288
247 286
249 252
249 308
251 312
260 261
260 285
260 309
269 298
272 283
272 285
275 303
276 295
278 287
278 299
279 308
283 287
285 287
285 291
285 309
286 301
287 294
287 296
290 298
301 305
305 309
