0 170
0 260
1 31
1 44
1 74
1 153
1 167
1 179
1 258
1 291
2 10
2 30
2 33
2 56
2 68
2 80
2 102
2 123
2 144
2 152
2 153
2 179
2 210
2 241
2 263
2 278
2 292
2 293
2 311
3 110
3 180
3 213
3 261
3 274
3 287
4 16
4 57
4 122
4 127
4 130
4 132
4 160
4 216
4 273
5 80
5 89
5 94
5 132
5 145
5 167
5 182
5 200
6 69
6 124
6 135
6 180
6 295
7 12
7 39
7 55
7 69
7 77
7 121
7 129
7 130
7 135
7 156
7 157
7 200
7 201
7 240
7 241
7 260
7 266
7 283
7 303
8 32
8 39
8 54
8 60
8 76
8 87
8 92
8 101
8 131
8 148
8 152
8 180
8 181
8 215
8 224
8 231
8 242
8 285
8 304
9 28
9 30
9 40
9 83
9 87
9 97
9 108
9 129
9 131
9 142
9 268
10 19
10 32
10 55
10 96
10 159
10 243
11 31
11 96
11 130
12 45
12 47
12 97
12 118
12 127
12 130
12 135
12 154
12 156
12 167
13 75
13 106
13 128
13 164
13 171
13 173
13 194
13 206
13 220
13 260
13 280
14 44
14 50
14 52
14 85
14 99
14 129
14 192
14 249
14 264
15 31
15 66
15 92
15 129
15 135
15 162
15 217
15 218
16 19
16 46
16 49
16 68
16 78
16 81
16 87
16 101
16 103
16 129
16 140
16 145
16 153
16 168
16 184
16 193
16 212
16 215
16 216
16 239
16 259
16 273
16 279
16 285
16 288
17 22
17 45
17 102
17 133
17 288
18 120
18 185
18 201
18 209
18 260
19 56
19 64
19 302
20 31
20 59
20 84
20 118
20 133
20 165
20 208
20 219
20 287
20 305
21 36
21 229
21 311
22 102
22 118
22 124
22 194
23 32
23 46
23 224
23 270
24 29
24 50
24 135
24 156
24 277
25 36
25 130
25 143
25 164
25 201
25 202
25 222
25 252
26 33
26 291
27 249
27 267
28 32
28 78
28 87
28 111
28 127
28 131
28 233
28 236
28 259
28 283
29 57
29 60
29 75
29 109
29 137
29 148
29 195
29 237
29 283
29 311
30 123
30 130
30 131
30 157
30 214
31 32
31 49
31 102
31 142
31 154
31 180
31 220
31 232
31 271
31 296
31 314
32 35
32 41
32 65
32 111
32 128
32 135
32 149
32 152
32 156
32 167
32 200
32 203
32 210
32 211
32 229
32 248
32 287
32 288
32 304
33 36
33 104
33 122
33 135
33 164
33 274
33 283
34 62
34 88
34 103
34 169
34 180
34 191
34 215
34 257
35 62
35 130
35 134
35 263
36 151
36 238
36 278
37 42
37 92
37 135
37 220
37 298
38 79
38 168
38 174
38 245
39 69
39 176
39 181
39 200
39 213
40 98
40 105
40 121
40 129
40 130
40 133
40 134
40 160
40 175
40 232
40 267
40 271
40 285
40 292
41 72
41 80
41 124
41 136
41 206
41 219
41 314
42 130
42 287
43 49
43 94
43 127
43 154
43 161
43 188
44 135
44 156
44 188
44 205
44 257
44 290
45 67
45 133
45 134
45 136
45 201
45 286
45 298
45 302
46 58
46 63
46 81
46 87
46 93
46 118
46 131
46 135
46 136
46 142
46 210
46 309
47 50
47 62
47 63
47 122
47 134
47 136
47 184
47 188
47 240
47 297
47 302
48 56
48 58
48 62
48 103
48 153
48 162
48 164
48 258
49 62
49 99
49 135
49 145
49 151
49 159
49 200
49 230
49 248
49 249
49 287
50 104
50 148
50 231
50 241
50 244
50 258
51 129
51 131
51 218
51 242
51 258
52 133
52 268
52 288
53 131
53 133
53 179
53 308
54 92
54 118
54 122
54 134
54 219
54 273
54 286
55 194
55 196
56 102
56 134
56 222
57 252
58 161
58 211
58 212
59 85
59 128
59 130
59 140
59 156
59 158
59 193
59 194
59 217
59 232
59 282
60 121
60 135
60 143
61 193
61 225
61 233
62 129
62 136
62 180
62 223
62 286
62 298
63 267
63 288
64 73
64 83
64 130
64 179
64 213
65 75
65 120
65 130
65 158
65 287
66 122
66 130
66 131
66 206
66 237
67 68
67 81
67 108
67 110
67 130
67 136
67 140
67 142
67 150
67 179
67 187
67 218
67 224
68 69
68 74
68 131
68 154
68 293
69 200
70 141
71 241
71 272
72 118
73 119
73 123
73 192
73 202
73 231
73 284
74 83
74 88
74 129
74 139
74 189
74 204
74 231
74 255
74 266
74 314
75 135
75 216
75 300
75 315
76 131
76 139
76 170
76 244
78 98
78 136
78 238
79 80
79 103
79 156
80 90
80 111
80 130
80 137
80 179
80 221
80 233
80 241
80 252
80 286
80 288
81 87
81 89
81 107
81 134
82 288
82 314
83 106
83 114
83 156
83 197
83 280
83 312
84 98
84 181
84 206
84 221
85 133
85 156
85 231
86 95
86 156
86 193
86 249
86 267
86 286
87 101
87 128
87 129
87 133
87 135
87 179
87 288
87 303
88 123
88 135
88 184
88 266
88 292
89 108
89 118
89 122
89 124
89 133
89 134
89 145
89 232
89 267
90 120
90 152
90 195
91 107
91 236
91 242
92 129
92 144
92 206
92 291
92 315
94 128
94 257
95 105
95 117
95 129
95 134
95 180
97 154
97 244
97 263
97 270
97 276
98 103
98 124
98 144
98 169
98 172
98 196
98 197
98 200
98 211
98 231
99 134
99 135
99 149
101 103
101 135
101 147
101 189
101 197
101 209
101 230
101 268
101 272
101 279
102 132
102 220
102 293
103 118
103 134
103 156
103 160
103 167
103 200
103 210
103 238
103 293
104 132
104 142
104 242
104 244
105 120
105 156
105 168
105 200
105 215
105 233
105 236
105 244
105 287
106 130
106 138
106 147
106 207
106 298
107 119
107 133
107 164
107 279
107 287
108 109
108 135
108 148
108 164
108 193
109 121
109 124
109 205
109 231
109 245
110 129
110 130
110 131
110 179
110 195
110 258
110 276
112 120
113 233
114 134
114 143
114 169
114 201
116 131
117 185
118 129
118 195
118 274
118 305
120 185
120 266
121 128
121 135
121 136
121 236
121 286
122 124
122 130
122 157
122 247
122 285
122 304
123 124
123 218
124 131
124 156
124 180
124 239
124 261
124 287
125 130
126 137
127 256
128 129
128 233
129 130
129 152
129 157
129 172
129 193
129 199
129 210
129 231
129 249
129 279
129 281
129 286
130 133
130 136
130 142
130 152
130 159
130 160
130 167
130 174
130 178
130 200
130 257
130 275
130 288
130 297
130 298
130 311
131 137
131 145
131 159
131 191
131 198
131 200
131 223
131 241
131 242
131 246
131 252
131 258
131 260
131 266
131 272
131 277
131 285
131 299
132 209
132 252
133 134
133 167
133 174
133 199
133 207
133 209
133 224
133 239
133 249
133 251
133 267
133 295
134 135
134 156
134 172
134 188
134 196
134 197
134 203
134 208
134 210
134 214
134 215
134 217
134 220
134 238
134 249
134 272
134 277
134 284
134 287
134 311
135 156
135 157
135 158
135 172
135 177
135 180
135 192
135 204
135 216
135 218
135 220
135 239
135 242
135 256
135 265
135 283
135 307
136 151
136 218
136 219
136 220
136 223
136 235
136 272
136 286
136 292
137 313
138 176
138 217
138 218
138 236
138 285
138 298
139 157
139 194
140 164
140 210
140 249
140 288
141 202
141 292
142 178
142 247
142 258
142 276
142 304
144 149
145 230
146 148
147 179
147 287
148 156
148 200
148 211
148 242
148 265
148 288
149 184
149 249
149 286
149 287
150 233
150 247
151 227
151 295
152 164
152 216
153 158
153 228
153 258
153 283
154 156
154 182
154 196
154 217
154 250
154 283
155 273
156 168
156 200
156 208
156 209
156 269
156 272
156 279
156 295
156 310
157 158
157 181
157 196
157 215
157 267
157 286
157 298
157 313
158 205
158 282
159 167
159 244
159 287
160 165
160 180
160 210
160 223
160 240
160 265
160 288
161 210
161 282
161 284
162 194
162 310
163 179
164 166
164 287
165 279
166 197
167 181
167 238
167 248
167 255
167 267
167 285
167 287
167 309
168 288
169 224
170 287
171 188
172 179
172 205
172 294
172 295
173 220
173 231
173 245
173 292
174 204
174 314
175 265
177 278
178 188
179 243
179 299
180 194
180 206
180 210
180 213
180 235
180 249
180 266
180 315
181 193
185 232
186 205
186 287
188 230
188 266
188 267
188 278
189 305
191 198
191 294
191 298
193 271
195 274
196 216
196 279
198 269
198 305
200 228
200 250
201 314
202 240
203 309
204 258
204 267
204 269
205 234
205 298
206 224
206 272
206 277
206 281
206 288
208 286
209 271
209 287
210 285
211 300
211 311
213 242
213 259
213 287
215 251
215 263
215 288
216 305
217 218
217 253
217 282
217 307
218 279
218 285
218 287
218 294
219 225
219 244
219 291
220 249
220 267
222 255
223 242
224 240
224 261
224 286
224 304
225 304
231 257
232 304
233 241
234 292
234 311
237 275
238 267
238 288
239 288
241 301
241 311
242 254
242 271
245 303
246 268
247 272
249 275
249 292
249 301
252 298
264 269
264 278
273 275
276 283
276 288
278 312
280 287
281 287
284 288
285 287
285 299
286 287
287 298
293 295
293 296
293 309
298 311
307 314
310 313
