0 55
0 134
0 145
1 144
1 215
2 20
2 89
2 114
2 124
2 127
2 133
2 145
2 160
2 188
2 200
2 205
2 209
2 214
2 223
2 234
2 267
2 283
2 293
3 12
3 224
4 7
4 32
4 76
4 275
4 280
4 293
5 46
5 54
5 67
5 68
5 79
5 80
5 200
5 244
5 245
5 295
6 101
6 131
6 200
6 239
6 249
6 313
7 59
7 63
7 67
7 74
7 130
7 131
7 136
7 167
7 213
7 241
7 256
8 66
8 89
8 142
8 152
8 158
8 188
8 191
8 200
8 209
8 220
9 73
9 103
9 112
9 137
9 154
9 181
9 211
9 245
10 40
10 109
10 154
10 264
10 272
11 18
11 21
11 67
11 87
11 92
11 215
11 232
11 241
12 16
12 51
12 59
12 76
12 102
12 103
12 129
12 133
12 193
12 212
12 263
12 283
13 79
13 135
13 171
13 224
13 239
13 266
13 286
14 39
14 42
14 47
14 133
14 215
14 274
14 281
15 18
15 60
15 65
15 140
15 143
15 167
15 283
16 32
16 60
16 69
16 73
16 80
16 93
16 94
16 106
16 129
16 156
16 185
16 193
16 200
16 218
16 249
16 254
16 273
17 24
17 110
17 136
17 185
18 92
18 104
18 130
18 136
18 214
18 275
18 304
19 21
19 23
19 56
19 64
19 77
19 95
20 80
20 103
20 108
20 152
20 184
20 191
20 199
20 213
20 235
20 261
20 285
21 29
21 258
21 315
22 96
22 181
22 241
23 64
23 72
23 89
23 180
23 242
23 310
24 146
24 244
24 245
25 47
25 67
25 85
25 90
25 166
25 197
25 206
25 223
25 233
25 236
25 287
26 220
26 283
26 287
27 130
27 310
28 72
28 95
28 188
28 260
29 50
29 68
29 96
29 154
29 167
29 210
30 58
30 161
30 206
30 249
30 304
31 59
31 60
31 135
31 150
31 177
31 204
31 242
31 284
31 292
31 304
32 33
32 52
32 81
32 101
32 124
32 134
32 199
32 209
32 223
32 242
32 284
32 301
33 46
33 92
33 110
33 129
33 130
33 135
33 136
33 138
33 152
33 154
33 160
33 191
33 193
33 239
33 308
34 74
34 200
34 305
35 44
35 61
35 98
35 101
35 130
35 228
35 267
36 88
36 121
36 167
36 182
36 217
36 244
36 298
37 166
37 258
38 106
38 133
38 136
38 205
38 289
39 45
39 66
39 102
39 136
39 156
39 201
39 205
39 206
40 94
40 112
40 156
40 172
41 52
41 92
41 124
41 130
41 133
41 255
41 271
42 83
42 171
42 211
43 87
43 129
43 200
43 288
44 55
44 80
44 83
44 97
44 118
44 120
44 122
44 135
45 67
45 89
45 109
45 110
45 117
45 120
45 195
45 231
45 277
45 309
46 56
46 61
46 67
46 129
46 130
46 135
46 136
46 249
47 55
47 113
47 156
47 157
47 188
47 206
47 264
48 91
48 102
48 130
48 142
48 177
48 210
48 293
49 60
49 76
49 81
49 93
49 131
49 146
49 283
49 284
50 89
50 113
50 123
50 133
50 189
50 224
50 242
50 271
51 85
51 95
51 103
51 156
51 168
51 173
51 179
51 213
51 258
51 278
52 241
52 308
52 313
53 145
54 115
54 124
55 123
55 196
56 57
56 124
56 149
56 171
56 173
56 177
56 180
56 192
56 233
57 102
58 89
58 118
58 200
58 206
59 60
59 64
59 77
59 104
59 134
59 136
59 167
59 232
59 249
59 271
60 92
60 121
60 124
60 128
60 134
60 136
60 137
60 214
60 236
60 267
60 283
60 291
61 70
61 89
61 131
61 143
61 156
61 208
62 107
62 133
62 152
62 168
62 271
63 67
63 129
63 231
64 78
64 135
64 156
64 158
64 230
64 242
65 101
65 135
65 156
65 163
65 233
66 103
66 288
66 298
67 94
67 104
67 124
67 160
67 167
67 172
67 193
67 200
67 214
68 80
68 106
68 130
68 135
68 152
68 206
68 220
68 234
68 304
69 92
69 101
69 157
69 180
69 184
69 294
71 217
72 110
72 135
73 91
73 104
73 231
73 256
74 91
74 124
74 177
74 208
74 244
74 278
75 128
75 198
75 206
75 224
75 228
76 134
76 156
76 181
76 215
76 220
76 258
77 106
77 129
77 139
77 223
78 150
78 191
78 217
78 279
79 133
79 191
80 92
80 99
80 100
80 131
80 240
80 243
80 281
80 298
80 301
80 305
81 119
81 156
81 171
81 254
81 296
83 98
83 113
83 117
83 135
83 262
83 301
84 149
84 157
84 191
84 215
85 114
85 133
85 249
86 180
86 215
87 93
87 116
87 143
87 152
87 180
87 188
87 286
87 291
88 113
88 118
88 135
88 238
88 289
89 301
90 122
90 137
90 147
90 259
90 278
90 279
91 287
92 130
92 131
92 184
92 285
93 202
93 286
94 175
94 276
94 292
95 102
95 173
95 209
95 268
95 287
96 161
96 173
96 200
96 233
96 245
96 252
96 273
97 135
97 225
97 232
97 271
97 278
97 295
98 153
98 193
98 210
98 247
98 287
99 191
99 258
99 269
101 107
101 114
101 131
101 288
101 307
102 125
102 159
102 193
102 219
102 267
102 275
102 293
103 104
103 107
103 115
103 130
103 131
103 133
103 134
103 139
103 140
103 144
103 153
103 160
103 195
103 210
103 259
103 297
104 124
104 181
104 213
104 244
104 255
104 312
105 130
105 188
106 135
106 188
106 286
107 130
107 241
107 299
108 126
108 172
108 286
108 304
109 113
109 161
109 243
110 117
110 190
110 211
110 241
110 279
112 215
113 122
113 136
114 152
115 128
115 131
115 137
115 140
115 156
115 255
116 142
116 148
116 276
117 124
117 127
117 140
117 214
117 266
118 129
118 130
118 173
118 185
118 200
118 258
118 309
119 124
119 130
120 233
121 130
121 158
121 167
121 200
121 252
122 135
122 192
122 229
123 263
123 274
124 128
124 153
125 212
125 262
126 288
127 129
127 131
127 148
127 179
128 175
128 277
128 279
128 296
129 131
129 143
129 148
129 152
129 159
129 162
129 164
129 195
129 204
129 206
129 223
129 230
129 238
129 242
129 268
129 273
129 274
129 279
129 285
129 298
129 309
129 310
130 149
130 152
130 156
130 157
130 162
130 191
130 216
130 226
130 239
130 262
130 266
130 272
130 276
130 278
130 284
130 285
130 287
130 304
131 161
131 180
131 185
131 192
131 200
131 206
131 216
131 219
131 224
131 266
131 269
131 272
131 275
131 293
132 135
132 238
133 135
133 136
133 137
133 149
133 157
133 167
133 193
133 220
133 224
133 232
133 242
133 245
133 249
133 287
133 288
133 295
133 311
133 313
134 188
134 191
134 195
134 198
134 199
134 219
134 229
134 248
134 269
134 283
134 288
134 303
134 312
135 171
135 173
135 195
135 203
135 204
135 267
135 272
135 288
135 295
136 138
136 145
136 173
136 200
136 220
136 237
136 238
136 265
137 243
138 239
139 288
140 272
140 286
141 144
141 266
141 288
141 307
142 156
142 175
143 156
143 180
143 219
143 225
143 296
144 153
144 176
144 303
145 152
145 255
146 263
147 160
148 188
148 193
148 200
148 214
149 157
149 191
149 196
149 205
149 220
149 223
149 270
149 279
149 287
149 298
150 157
150 217
150 260
151 164
151 220
152 167
152 298
152 301
152 303
153 222
153 243
153 257
154 201
154 220
154 281
154 305
155 157
155 245
156 160
156 166
156 180
156 186
156 193
156 206
156 208
156 233
156 239
156 255
156 258
156 263
156 270
156 285
156 286
156 287
156 288
156 305
156 309
156 313
157 181
157 258
157 304
158 266
159 200
160 180
160 242
160 266
160 269
160 276
160 284
160 289
160 313
161 195
161 222
162 206
162 242
163 209
164 314
165 213
165 264
167 171
167 172
167 244
167 245
167 295
167 309
169 269
170 180
171 191
171 272
171 277
171 286
172 185
173 236
173 256
174 197
174 268
174 269
174 304
175 252
178 197
179 196
179 240
179 245
179 258
180 200
180 208
180 210
180 213
180 238
180 257
180 261
180 269
181 210
181 260
181 267
182 218
182 236
183 245
184 205
184 287
184 299
187 215
188 191
188 195
189 213
189 245
192 200
192 293
193 233
193 234
193 270
193 273
193 278
193 298
196 210
196 220
196 241
196 264
197 305
200 206
200 220
200 236
201 218
201 267
201 275
202 249
202 302
203 204
203 210
203 230
203 278
204 272
205 244
205 289
206 217
207 241
207 276
208 211
208 267
208 273
208 302
209 215
210 215
210 293
211 219
211 249
212 215
213 249
213 287
214 242
215 244
216 219
216 263
217 245
218 220
218 246
220 240
220 263
220 308
221 258
221 314
222 241
222 282
222 313
223 301
224 227
224 248
224 275
224 296
228 286
230 241
230 246
232 283
232 286
232 315
233 296
233 297
234 241
235 280
239 244
239 245
239 269
239 296
242 250
242 301
244 280
244 287
245 283
246 275
248 267
248 304
249 267
249 288
249 292
253 269
255 304
258 286
259 286
261 270
263 286
263 291
264 286
264 288
264 292
265 267
268 288
269 279
269 292
269 303
269 315
272 309
274 283
274 294
275 276
275 288
276 287
277 278
277 282
279 286
279 289
279 309
281 287
286 288
286 292
287 301
288 302
288 305
288 308
296 305
