0 5
0 27
0 131
0 179
0 221
0 245
0 279
1 13
1 132
1 138
1 150
1 188
2 131
2 133
2 148
2 156
2 207
2 218
2 228
2 240
2 295
2 298
3 8
3 21
3 59
3 140
3 268
4 77
4 140
4 157
4 239
5 25
5 34
5 59
5 81
5 124
5 135
5 157
5 177
5 219
5 222
5 247
5 266
6 32
6 66
6 87
6 149
6 184
6 194
6 244
6 288
7 30
7 44
7 51
7 56
7 89
7 90
7 122
7 167
7 241
7 293
7 310
8 17
8 89
8 102
8 121
8 133
8 135
8 159
8 164
8 193
8 197
8 207
8 233
8 265
8 280
8 283
8 286
8 288
8 305
9 41
9 94
9 173
10 102
10 118
11 85
11 99
11 101
11 216
11 219
12 59
12 67
12 130
12 131
12 133
12 157
12 185
12 278
13 33
13 45
13 70
13 129
13 130
13 143
13 301
13 305
14 35
14 81
14 133
14 199
14 200
14 249
14 258
14 286
14 298
15 20
15 65
15 112
15 145
15 148
15 193
16 18
16 30
16 46
16 81
16 84
16 89
16 98
16 108
16 117
16 130
16 139
16 149
16 201
16 205
16 245
16 249
16 265
16 273
16 279
17 33
17 47
17 115
17 118
17 154
17 167
17 224
18 20
18 41
18 47
18 51
18 56
18 157
18 213
18 252
18 256
18 272
19 43
19 79
19 103
19 130
20 44
20 56
20 79
20 113
20 136
20 140
20 145
20 156
21 109
21 136
21 167
21 212
21 267
22 28
23 110
23 134
23 185
23 302
24 33
24 68
24 74
24 129
24 130
24 179
24 184
24 208
24 212
24 249
24 280
25 45
25 69
25 98
25 124
25 131
25 186
26 131
26 275
28 130
28 149
28 179
28 239
28 244
28 258
28 296
28 299
28 301
29 35
29 78
29 102
29 108
29 129
29 193
29 215
29 273
30 75
30 102
30 286
31 33
31 45
31 103
31 109
31 120
31 127
31 131
31 135
31 136
31 153
31 156
31 169
31 200
31 252
31 259
31 301
32 33
32 39
32 47
32 64
32 67
32 118
32 122
32 129
32 130
32 132
32 148
32 205
32 210
32 218
32 224
32 258
32 273
32 274
32 292
33 37
33 49
33 50
33 69
33 83
33 93
33 98
33 104
33 107
33 134
33 136
33 161
33 239
34 130
34 163
34 166
34 208
34 215
34 222
34 236
34 276
34 288
35 39
35 40
35 46
35 135
35 180
35 210
35 233
35 239
36 85
36 130
36 258
36 267
37 44
37 56
37 79
37 233
37 247
38 70
38 94
38 134
38 180
38 183
38 227
39 99
39 208
39 313
40 46
40 47
40 54
40 74
40 103
40 132
40 180
40 188
40 200
41 56
41 162
41 177
42 59
42 76
42 99
42 100
42 129
42 153
42 180
42 232
43 56
43 60
43 78
43 92
43 102
43 124
43 135
43 148
43 285
44 130
44 167
44 172
44 213
44 218
44 219
44 258
44 304
45 62
45 73
45 132
45 156
45 167
45 208
45 237
45 258
45 283
45 301
46 53
46 62
46 86
46 128
46 129
46 139
46 140
46 171
46 174
46 209
46 258
46 278
46 288
46 311
47 67
47 92
47 284
47 314
48 51
48 98
48 130
48 182
48 200
48 242
48 245
48 260
49 74
49 97
49 98
49 150
49 212
49 233
50 129
50 130
50 134
50 135
50 216
50 224
50 250
51 92
51 109
51 193
51 205
51 218
51 229
51 266
51 283
51 304
52 113
52 206
52 255
53 108
54 114
54 133
54 174
54 268
54 287
54 297
55 84
55 134
55 149
55 260
56 104
56 160
56 192
57 156
58 115
59 67
59 68
59 104
59 116
59 123
59 130
59 133
59 155
59 157
59 180
59 200
59 219
59 243
59 246
59 312
60 74
60 84
60 130
60 180
60 193
60 220
60 271
61 79
61 315
62 84
62 130
62 237
62 239
63 110
63 117
63 129
64 99
64 122
64 132
64 167
64 211
64 224
64 247
65 76
65 122
65 130
66 86
66 130
67 73
67 74
67 100
67 102
67 145
67 146
67 231
67 268
67 275
67 304
68 87
68 89
68 135
68 156
68 160
68 185
68 252
68 311
69 98
69 130
70 74
70 101
70 287
71 193
72 80
72 179
72 211
72 233
72 278
73 125
73 143
73 211
74 75
74 130
74 135
74 191
74 200
74 206
74 208
74 209
74 314
75 105
75 122
75 131
75 156
75 224
75 241
75 254
75 274
75 275
76 92
76 143
76 284
77 124
77 129
77 134
77 135
77 197
77 200
77 209
77 259
78 148
78 157
78 158
78 200
79 117
79 142
79 144
79 218
80 148
80 154
80 188
80 215
80 218
80 242
80 261
80 269
80 270
81 135
81 164
81 180
81 193
81 239
81 243
81 248
81 284
81 311
83 173
83 218
84 87
84 109
84 133
84 297
85 147
86 102
86 134
86 208
86 218
86 266
87 105
87 137
87 162
87 180
87 183
87 193
87 246
87 295
88 135
88 173
88 193
89 104
89 110
89 130
89 148
89 200
89 245
89 254
89 272
89 288
90 154
90 184
90 185
90 210
91 129
91 133
91 252
91 274
92 157
92 158
93 159
93 293
94 207
94 264
95 108
95 129
95 187
95 206
95 208
95 216
95 303
96 128
96 236
97 129
97 134
97 205
97 206
98 103
98 135
98 209
98 233
98 241
98 249
98 259
98 261
98 269
99 134
99 135
100 135
101 180
101 249
102 154
102 156
102 157
102 171
102 205
102 242
102 252
102 278
102 294
102 298
102 305
103 115
103 129
103 133
103 135
103 160
103 167
103 233
103 242
103 270
104 135
104 156
104 157
104 172
104 179
104 200
104 239
104 243
104 275
104 286
105 130
105 162
105 193
105 220
105 236
106 145
106 188
106 193
106 234
106 245
106 308
107 117
107 122
107 125
107 234
107 239
107 267
107 293
108 140
108 251
108 314
109 113
109 118
109 172
109 195
109 243
109 263
110 129
110 130
110 172
110 174
110 188
110 192
110 214
110 220
110 303
111 187
111 255
111 309
112 135
112 219
112 232
112 283
112 287
114 127
115 145
115 191
117 119
117 134
117 197
117 212
117 285
118 129
118 130
118 134
118 156
118 167
118 193
118 221
118 227
118 273
118 282
118 284
119 202
120 138
120 153
120 188
120 200
120 214
120 257
120 271
120 277
121 177
121 249
122 164
122 242
122 249
122 252
122 272
122 298
123 129
123 133
124 153
124 178
124 180
124 203
124 206
124 247
124 271
124 303
125 144
125 177
126 145
127 132
127 136
127 191
127 259
128 134
128 149
128 193
129 130
129 131
129 136
129 139
129 140
129 150
129 152
129 156
129 157
129 181
129 212
129 219
129 226
129 244
129 262
129 269
129 292
129 298
130 167
130 200
130 234
130 258
130 272
130 284
130 288
130 299
131 134
131 136
131 149
131 150
131 154
131 155
131 156
131 172
131 188
131 200
131 224
131 236
131 237
131 242
131 250
131 272
131 279
131 287
131 297
132 154
132 156
132 184
132 294
133 148
133 177
133 179
133 208
133 212
133 213
133 237
133 283
133 290
133 315
134 154
134 155
134 158
134 171
134 180
134 188
134 208
134 217
134 219
134 237
134 242
134 246
134 258
134 276
134 294
134 298
135 144
135 145
135 150
135 167
135 185
135 187
135 190
135 239
135 249
135 278
135 313
136 143
136 173
136 174
136 216
136 218
136 239
136 241
136 263
136 278
136 283
136 294
137 188
138 182
138 243
139 144
139 278
139 288
140 192
140 229
140 315
141 304
141 307
142 172
142 184
142 249
143 220
143 230
143 299
144 234
144 288
145 249
145 258
147 186
148 181
148 188
148 220
148 239
148 279
148 283
148 286
148 291
148 298
149 160
149 193
149 208
149 233
149 238
149 298
150 298
151 172
151 193
151 251
152 175
152 214
152 302
152 304
154 211
154 213
154 249
155 157
156 164
156 167
156 185
156 188
156 191
156 230
156 255
156 284
156 285
156 298
156 301
157 204
157 252
157 260
158 180
158 218
159 213
159 234
160 167
160 229
160 247
160 257
160 276
160 287
161 200
161 204
161 265
161 275
162 179
162 186
162 210
166 188
166 229
167 177
167 183
167 197
167 210
167 215
167 224
167 273
167 275
168 210
172 295
173 243
174 207
174 262
174 286
175 220
175 302
176 287
177 204
177 315
178 188
179 197
179 269
179 289
180 188
180 261
180 283
180 304
180 315
181 200
181 206
181 246
181 274
182 242
184 224
184 285
185 239
187 274
188 252
188 255
189 284
191 200
191 217
191 271
191 292
192 202
193 206
193 211
193 249
193 250
193 259
193 272
193 307
195 248
197 249
200 215
200 217
200 220
200 241
200 292
201 242
204 252
204 281
204 296
205 231
205 244
206 235
206 239
206 268
206 287
207 216
208 242
208 243
209 230
209 247
209 279
210 228
210 235
213 251
214 249
214 310
215 287
216 279
216 286
216 302
217 232
217 286
217 312
218 278
218 307
219 224
219 264
219 287
220 313
221 242
221 283
222 304
223 244
223 305
223 310
224 270
226 307
227 287
227 303
230 254
231 286
231 304
232 242
232 248
232 267
233 298
233 304
234 276
234 302
237 262
238 251
239 286
239 295
239 314
240 305
242 249
242 258
242 311
243 272
243 293
245 293
246 307
247 251
247 315
252 294
256 283
258 275
258 281
258 285
260 309
261 269
261 273
265 270
265 298
267 287
268 304
269 282
269 299
271 284
272 288
272 305
275 298
283 307
285 303
286 303
287 292
287 311
288 300
288 304
288 315
292 314
295 315
305 315
