0 14
0 95
0 112
0 193
0 288
0 298
0 305
0 314
1 133
1 246
1 288
1 304
2 23
2 32
2 41
2 75
2 80
2 87
2 104
2 131
2 132
2 188
2 193
2 209
2 229
2 266
2 313
3 110
3 242
3 244
4 35
4 68
4 81
4 87
4 98
4 131
4 135
4 185
4 206
4 298
5 68
5 85
5 105
5 140
5 161
5 252
5 295
6 18
6 43
6 106
6 130
6 131
6 202
6 208
6 244
6 245
7 14
7 31
7 38
7 40
7 76
7 122
7 127
7 129
7 132
7 134
7 148
7 149
7 156
7 224
7 241
7 258
7 270
8 16
8 80
8 117
8 133
8 150
8 160
8 164
8 186
8 232
9 21
9 101
9 130
9 142
9 166
9 192
9 263
10 140
10 211
11 19
12 51
12 84
12 129
12 171
12 230
12 233
12 281
13 114
13 166
13 167
13 198
13 206
13 210
13 223
13 293
14 25
14 34
14 118
14 127
14 130
14 139
14 156
14 237
14 279
15 49
15 58
15 68
15 103
15 117
15 129
15 179
15 180
15 239
15 272
16 33
16 50
16 82
16 103
16 129
16 130
16 133
16 143
16 156
16 212
16 215
16 258
16 267
16 285
16 298
17 49
17 54
17 92
17 149
18 22
18 35
18 44
18 54
18 69
18 128
18 184
18 193
18 198
18 292
19 110
19 132
19 156
19 305
20 44
20 117
20 135
20 204
20 266
20 305
21 65
21 72
21 294
23 121
23 280
23 294
24 105
24 194
24 216
24 233
25 37
25 89
25 112
25 154
25 156
25 176
25 188
25 197
25 239
25 293
26 85
27 36
27 50
27 129
27 136
27 314
28 62
28 87
28 89
28 103
28 151
28 249
28 261
29 88
29 134
29 179
30 188
30 206
30 286
30 299
31 45
31 66
31 92
31 104
31 105
31 118
31 139
31 150
31 164
31 184
31 201
31 241
31 257
31 275
31 286
32 43
32 69
32 98
32 105
32 122
32 131
32 133
32 142
32 150
32 216
32 240
32 241
33 95
33 135
33 138
33 176
33 200
33 209
33 220
33 236
33 261
33 285
33 286
33 287
33 303
34 67
34 144
34 157
35 60
35 110
35 135
36 68
36 88
36 96
36 136
36 150
37 60
37 65
37 135
37 149
37 158
37 177
37 193
37 220
37 274
38 56
38 67
38 80
38 131
38 161
38 191
38 195
38 196
38 283
39 42
39 128
39 206
39 210
39 239
40 64
40 138
40 163
40 226
40 279
41 77
41 148
41 167
41 172
42 49
42 74
42 210
43 150
43 162
43 221
43 243
44 180
44 294
45 49
45 50
45 58
45 60
45 79
45 134
45 136
45 156
45 167
45 180
45 191
45 216
45 231
45 278
45 288
46 52
46 87
46 108
46 133
46 160
46 209
46 224
46 275
47 129
47 130
47 133
47 152
47 156
47 167
47 182
47 245
47 246
47 287
47 288
48 52
48 130
48 135
48 156
48 243
49 79
49 160
49 210
49 211
49 285
50 56
50 67
50 85
50 92
50 131
50 175
50 193
50 216
50 222
51 59
51 78
51 80
51 82
51 129
51 135
51 207
51 230
51 275
51 287
52 79
52 313
53 123
54 78
54 117
54 133
54 162
54 164
55 286
56 60
56 68
56 119
56 120
56 122
56 133
56 195
56 234
56 241
56 248
56 249
56 250
57 76
57 140
57 202
58 62
58 131
58 155
59 74
59 88
59 94
59 118
59 140
59 141
59 150
59 168
59 174
59 193
59 202
59 205
59 209
59 213
59 217
59 242
59 255
59 295
59 298
60 66
60 95
60 130
60 137
60 152
60 286
61 76
61 131
61 257
61 258
62 92
62 110
62 145
62 169
62 180
62 207
62 210
62 219
62 231
64 68
64 70
64 101
64 134
64 154
64 212
64 215
65 133
65 160
65 210
66 239
66 267
66 280
67 130
67 132
67 163
67 200
67 205
67 231
67 268
68 81
68 82
68 96
68 129
68 135
68 140
68 148
68 185
68 208
68 271
68 285
69 164
69 194
69 221
69 249
69 283
69 288
69 298
70 156
70 159
70 277
71 307
72 103
72 116
72 242
73 102
73 106
73 129
73 131
73 136
73 178
74 77
74 92
74 156
74 174
74 217
74 220
74 234
74 281
74 286
75 102
75 129
75 133
75 218
75 278
76 82
76 97
76 171
76 210
76 285
77 81
77 90
77 115
77 135
77 137
77 180
77 224
78 92
78 301
79 130
79 156
79 159
79 251
80 97
80 132
80 157
80 222
80 241
80 244
81 106
81 133
81 134
81 179
82 142
82 215
82 287
83 110
83 115
83 133
83 136
83 195
83 226
84 150
84 156
84 193
85 180
85 238
85 259
85 287
86 131
86 155
86 193
86 214
86 218
86 241
87 91
87 104
87 106
87 117
87 118
87 156
87 206
87 227
87 228
87 249
88 224
88 243
88 271
89 124
89 202
89 238
89 288
90 139
90 148
90 180
90 199
91 98
91 205
92 103
92 116
92 118
92 134
92 140
92 142
92 180
92 187
92 218
92 248
94 120
95 130
95 278
95 287
96 167
96 173
96 215
96 246
96 250
97 130
97 224
97 305
97 309
98 113
98 121
98 122
98 156
98 206
98 233
98 287
99 103
99 114
99 303
100 110
100 188
100 196
100 236
101 105
101 135
101 164
101 179
101 238
101 249
102 128
102 131
102 176
102 206
102 268
102 303
103 134
103 163
103 180
103 181
103 258
103 275
103 286
103 289
104 121
104 131
104 156
104 184
104 233
104 244
104 288
104 307
105 130
105 142
105 148
105 166
105 299
106 133
106 173
106 209
106 272
107 111
107 130
107 140
107 154
107 265
108 154
108 157
108 259
108 282
108 304
109 135
109 180
109 185
109 243
109 249
109 287
110 130
110 133
110 145
110 176
110 221
110 287
111 182
111 210
112 296
113 143
113 279
114 148
114 166
115 156
115 220
115 301
116 134
117 156
117 167
117 191
118 128
118 136
118 138
118 206
118 252
118 275
119 200
119 204
120 134
120 140
120 197
120 215
120 274
120 286
121 133
121 196
121 241
121 249
121 269
122 124
122 129
122 131
122 160
122 194
122 211
122 230
122 245
122 273
122 303
123 145
123 249
124 149
124 150
124 153
124 187
124 207
124 218
124 264
124 269
124 280
125 197
125 239
125 286
126 134
126 178
126 287
126 309
128 178
128 278
129 131
129 135
129 142
129 151
129 159
129 161
129 168
129 171
129 173
129 176
129 184
129 192
129 201
129 227
129 236
129 276
129 287
129 288
130 131
130 142
130 149
130 152
130 189
130 220
130 235
130 258
130 266
130 268
130 269
130 306
130 308
130 309
131 135
131 149
131 167
131 168
131 182
131 186
131 193
131 200
131 223
131 234
131 242
131 261
131 314
132 214
132 219
132 250
132 269
132 313
133 174
133 180
133 220
133 235
133 245
133 253
133 275
133 288
133 296
133 310
134 135
134 139
134 140
134 146
134 154
134 180
134 201
134 242
134 249
134 285
134 286
134 287
134 305
135 136
135 149
135 173
135 180
135 206
135 217
135 224
135 269
135 276
135 278
135 287
135 293
136 167
136 176
136 196
136 197
136 205
136 206
136 220
136 249
136 286
137 153
137 156
137 161
137 204
138 157
138 193
138 231
139 211
139 233
140 160
140 179
140 205
140 271
140 281
140 283
140 303
141 160
141 237
141 286
143 171
143 287
144 200
145 201
145 216
145 239
145 252
145 266
145 285
145 303
146 259
146 287
147 287
148 157
148 205
148 237
148 291
148 298
149 290
150 180
150 258
151 154
151 288
152 169
152 193
152 202
152 205
152 223
152 227
152 247
152 260
154 175
154 185
154 288
155 172
155 210
155 232
156 164
156 166
156 167
156 171
156 180
156 184
156 188
156 200
156 207
156 210
156 211
156 221
156 224
156 233
156 239
156 249
156 266
156 269
156 280
156 286
156 287
157 210
157 213
157 226
157 260
157 261
157 287
157 292
158 200
158 232
159 249
159 252
159 314
160 200
160 210
160 220
160 238
160 247
160 284
160 303
161 194
161 248
161 267
162 242
162 249
162 271
163 284
163 305
166 180
167 188
167 247
167 286
167 288
167 304
167 310
168 239
168 244
171 193
172 188
172 272
174 198
174 301
175 259
176 220
176 233
177 181
178 230
179 209
179 210
179 288
180 184
180 191
180 193
180 196
180 273
181 263
182 224
182 296
184 265
185 193
185 266
186 188
186 246
187 218
188 201
188 204
188 217
188 270
188 277
188 286
188 293
188 297
191 199
191 211
191 249
192 222
192 282
193 216
193 239
193 263
193 271
193 281
193 287
196 219
196 258
196 286
196 312
197 226
197 296
198 305
200 220
200 239
200 271
200 292
201 224
201 233
201 290
202 220
202 245
204 234
204 258
204 269
205 218
205 229
205 292
205 302
205 311
206 216
208 249
209 244
209 249
210 233
210 288
211 217
211 265
212 286
213 259
213 286
214 219
215 243
215 289
216 267
217 304
219 305
220 241
220 313
220 314
222 231
223 233
224 288
224 315
226 295
227 229
227 255
229 239
230 315
231 287
231 296
232 239
232 258
232 266
233 273
233 283
234 286
237 248
237 257
238 245
239 249
239 259
239 275
241 252
241 272
241 304
242 243
242 275
242 284
242 288
245 269
246 258
249 302
250 263
250 279
252 298
255 259
255 281
255 288
258 266
258 288
259 293
260 293
267 304
268 286
269 279
269 302
269 305
272 311
273 293
275 281
279 285
286 292
287 296
287 299
287 305
287 310
295 312
298 309
305 308
306 311
