0 50
0 92
0 204
0 280
1 9
1 87
1 95
1 130
1 200
1 293
2 43
2 54
2 64
2 94
2 109
2 123
2 130
2 132
2 133
2 134
2 138
2 149
2 172
2 301
3 135
3 136
3 212
4 101
4 104
4 136
4 214
4 249
5 59
5 67
5 76
5 175
5 215
5 233
5 238
5 285
5 304
6 117
6 138
6 156
6 157
6 206
6 211
6 278
7 14
7 88
7 92
7 94
7 102
7 105
7 164
7 188
7 200
7 242
8 46
8 50
8 51
8 130
8 135
8 156
8 157
8 196
8 219
8 244
8 286
8 287
8 297
9 31
9 88
9 159
9 199
9 255
9 263
10 34
10 49
10 57
10 122
10 249
11 31
11 96
12 32
12 40
12 50
12 59
12 194
12 200
12 239
12 244
12 279
13 92
13 129
13 133
13 134
13 242
13 279
14 15
14 16
14 20
14 29
14 52
14 64
14 77
14 89
14 131
14 138
14 180
14 287
14 293
15 24
15 77
15 91
15 103
15 184
16 24
16 40
16 53
16 56
16 96
16 102
16 103
16 104
16 121
16 129
16 137
16 142
16 155
16 157
16 185
16 196
16 216
16 219
16 231
16 283
16 288
17 33
17 59
17 67
17 110
17 118
17 255
17 271
18 118
18 188
18 197
18 251
19 106
19 252
19 288
19 290
20 22
20 97
20 101
20 246
20 258
20 271
20 288
21 48
21 148
21 174
21 185
22 24
22 32
22 307
23 32
23 47
23 129
23 133
23 276
24 45
24 51
24 89
24 149
24 180
24 201
24 210
24 215
24 293
25 41
25 46
25 131
25 156
25 207
25 220
25 238
25 255
25 272
25 287
26 104
26 129
26 200
26 220
26 305
27 62
27 160
27 225
27 233
27 249
28 118
28 130
28 152
28 162
28 206
28 215
28 287
29 56
29 201
29 241
29 244
29 252
30 103
30 269
30 284
30 287
31 32
31 42
31 75
31 80
31 94
31 131
31 135
31 136
31 148
31 149
31 152
31 156
31 161
31 172
31 193
31 218
31 278
31 281
31 286
31 299
31 311
32 33
32 51
32 63
32 129
32 130
32 134
32 137
32 153
32 160
32 172
32 193
32 196
32 197
32 218
32 220
32 233
32 237
32 243
32 295
33 36
33 138
33 151
33 155
33 180
33 186
33 202
33 215
33 285
34 40
34 51
34 62
34 106
34 108
34 148
34 258
35 41
35 75
35 118
35 134
35 180
35 201
35 213
35 215
35 258
36 160
36 258
37 68
37 133
37 208
38 151
38 159
38 239
38 265
38 275
39 106
39 134
39 140
39 199
40 154
40 157
40 271
40 274
41 134
41 209
41 254
41 279
41 305
42 60
42 135
42 136
42 282
42 303
43 83
43 94
43 109
43 117
43 288
43 301
43 309
44 131
44 235
44 287
44 313
45 80
45 96
45 124
45 129
45 134
45 136
45 180
45 266
45 282
45 293
45 305
45 309
46 95
46 102
46 104
46 114
46 130
46 133
46 142
46 236
46 295
46 296
47 56
47 91
47 98
47 119
47 122
47 135
47 138
47 141
47 145
47 156
47 157
47 279
48 130
48 140
48 239
48 283
49 83
49 157
49 179
49 219
49 272
49 278
49 291
50 59
50 64
50 91
50 117
50 148
50 213
51 60
51 86
51 134
51 179
51 186
52 288
53 109
53 113
53 199
53 313
54 59
54 220
54 262
55 78
55 94
55 135
55 196
55 220
56 65
56 118
56 156
56 188
56 236
57 157
57 238
57 291
58 260
59 85
59 89
59 110
59 133
59 167
59 196
59 224
59 243
59 260
59 267
59 276
59 286
59 288
60 62
60 96
60 102
60 132
60 136
60 232
60 258
61 130
61 135
61 166
62 89
62 114
62 123
62 213
62 310
63 88
63 108
63 130
63 131
63 148
64 77
64 93
64 103
64 131
64 135
64 139
64 150
64 153
64 167
64 174
64 200
64 206
64 221
64 268
64 286
66 74
66 104
66 134
66 136
66 148
66 176
66 224
66 229
66 275
67 89
67 118
67 133
67 189
67 218
67 224
67 235
67 288
67 309
68 273
68 304
69 85
69 129
69 142
69 145
69 305
71 129
72 130
72 272
73 74
73 110
73 130
73 206
73 280
73 287
73 302
74 135
74 172
74 195
74 196
74 249
74 263
74 287
75 79
75 107
75 114
75 139
75 150
75 154
75 158
75 213
75 259
75 275
75 288
75 315
76 156
76 239
76 301
77 81
77 86
77 135
77 157
77 204
77 298
77 309
78 169
78 217
78 244
78 283
79 134
80 95
80 97
80 121
80 129
80 147
80 155
80 180
80 200
80 202
80 210
80 284
81 97
81 185
81 210
83 134
83 135
83 279
83 293
84 130
85 118
85 154
85 157
85 258
85 314
86 130
86 200
87 92
87 110
87 152
87 184
87 244
87 250
87 275
87 286
88 159
88 173
88 257
88 293
89 101
89 193
89 264
90 188
90 267
91 103
91 197
92 130
92 134
92 153
92 164
92 241
92 247
93 128
94 101
94 113
94 134
94 149
94 164
94 188
94 250
94 309
95 156
95 220
95 224
95 315
96 118
96 124
96 130
96 149
96 225
96 289
96 292
97 130
97 197
97 288
98 157
98 200
98 204
98 225
98 231
98 286
99 117
99 261
101 119
101 127
101 130
101 134
101 139
101 199
101 260
101 267
101 271
101 288
102 129
102 220
102 239
102 255
102 283
102 286
102 305
103 118
103 148
103 201
103 239
103 246
103 314
104 125
104 129
104 134
104 135
104 191
104 200
104 207
104 216
104 224
104 287
105 133
105 154
105 168
105 214
105 275
106 136
106 177
106 196
106 243
106 289
107 131
107 180
108 175
108 296
109 118
109 129
110 128
110 129
110 233
110 270
110 306
111 166
112 136
112 195
114 179
114 205
114 275
114 305
115 131
115 233
115 253
115 273
116 131
116 134
117 134
117 138
117 156
117 184
117 204
117 314
118 145
118 174
118 202
118 215
118 242
118 288
119 240
120 131
120 172
121 129
121 130
121 156
121 166
121 206
121 210
122 129
122 130
122 135
122 216
122 242
123 133
123 202
123 237
123 286
123 301
124 131
124 151
124 161
124 167
124 185
124 198
124 206
124 210
124 217
124 258
124 277
125 249
125 287
126 159
126 179
126 182
126 204
126 244
127 156
127 214
127 245
128 149
128 156
128 239
128 301
129 133
129 138
129 149
129 154
129 156
129 187
129 188
129 195
129 199
129 200
129 204
129 207
129 215
129 222
129 240
129 276
129 284
129 286
129 288
129 296
129 305
130 132
130 135
130 136
130 166
130 185
130 188
130 200
130 212
130 224
130 233
130 239
130 248
130 263
130 277
130 283
130 287
130 288
131 135
131 166
131 180
131 188
131 200
131 213
131 241
131 264
131 271
131 275
131 287
131 288
131 298
132 135
133 134
133 135
133 136
133 140
133 159
133 199
133 225
133 229
133 250
133 252
133 286
133 300
134 160
134 223
134 232
134 236
134 239
134 245
134 259
134 265
134 287
134 293
134 305
135 136
135 149
135 156
135 179
135 188
135 193
135 196
135 213
135 214
135 224
135 263
135 287
135 299
135 305
136 148
136 149
136 180
136 220
136 246
136 288
137 175
138 160
138 246
138 267
138 268
138 286
139 200
139 228
140 223
140 245
140 255
140 285
140 313
141 215
142 207
142 258
143 286
143 290
144 154
144 200
145 285
145 287
145 298
146 193
146 275
147 251
148 152
148 167
148 175
148 213
148 270
148 288
149 262
149 287
149 303
150 184
150 210
150 232
150 237
150 301
150 309
151 241
152 167
152 184
152 199
152 210
152 284
152 303
153 201
153 235
153 259
153 298
154 221
154 232
154 233
154 267
155 204
155 244
155 275
156 162
156 177
156 187
156 196
156 223
156 226
156 244
156 249
156 281
156 287
156 303
157 179
157 185
157 244
157 246
157 264
157 265
157 279
157 288
158 218
158 286
158 287
159 303
160 179
160 206
160 227
160 232
160 299
161 224
161 315
162 193
162 201
163 180
164 209
164 269
165 167
165 232
166 208
167 193
167 200
167 251
167 258
167 313
168 193
168 311
169 258
172 193
172 194
172 250
173 179
173 193
173 285
174 251
174 266
174 288
175 313
179 250
180 193
180 200
180 210
180 261
180 264
180 270
180 288
181 275
181 313
182 204
183 294
184 224
184 239
185 215
185 224
185 293
188 241
188 246
189 315
190 304
192 193
193 199
193 204
193 207
193 221
193 241
193 244
193 297
194 291
195 214
196 224
196 264
197 203
197 206
197 211
197 232
197 309
200 206
200 244
200 269
200 277
200 293
200 314
201 258
201 286
202 205
202 210
202 287
204 217
204 241
205 224
205 298
206 210
206 299
206 303
208 292
209 219
209 269
209 276
210 228
210 266
210 296
211 246
211 271
211 303
212 233
213 298
214 217
214 244
214 250
215 243
215 245
215 291
215 314
218 223
220 293
224 260
227 308
229 287
230 280
231 252
231 308
232 276
233 242
233 257
234 288
238 241
238 275
239 259
241 269
241 293
242 264
245 249
247 279
247 288
249 284
249 298
249 303
249 305
252 257
252 280
252 281
255 303
258 285
258 301
262 298
263 301
264 281
268 296
269 273
269 287
269 306
271 272
271 276
275 310
276 284
286 288
286 315
287 301
299 304
