0 32
0 179
0 180
0 181
0 245
1 140
1 211
1 254
2 10
2 24
2 59
2 62
2 79
2 89
2 96
2 130
2 131
2 139
2 146
2 156
2 157
2 210
2 231
2 244
2 276
2 301
3 62
3 89
3 109
3 167
4 88
4 115
4 157
4 286
5 19
5 59
5 64
5 131
5 209
5 223
6 103
6 117
6 118
6 148
6 152
6 167
6 173
6 176
6 242
7 12
7 19
7 36
7 103
7 105
7 123
7 124
7 130
7 246
7 261
7 291
8 67
8 76
8 81
8 106
8 118
8 131
8 133
8 134
8 136
8 163
8 167
8 176
8 199
8 205
8 209
8 210
8 224
8 272
8 282
8 286
8 310
9 60
9 96
9 103
9 134
9 160
9 184
9 214
10 48
10 70
10 118
11 75
11 206
11 249
11 264
11 278
11 288
11 312
12 99
12 104
12 131
12 140
12 188
12 201
12 223
12 250
12 258
12 266
12 267
12 269
12 284
13 33
13 41
13 69
13 76
13 84
13 89
13 130
13 298
14 78
14 131
14 133
14 224
14 287
14 305
15 31
15 32
15 36
15 55
15 62
15 80
15 135
15 200
15 249
15 271
15 287
15 314
16 24
16 25
16 27
16 34
16 70
16 108
16 129
16 131
16 132
16 152
16 157
16 167
16 177
16 191
16 206
16 218
17 117
17 130
17 241
18 32
18 110
18 124
18 130
18 134
18 140
18 157
18 219
18 224
18 230
19 37
19 38
19 120
19 164
19 254
20 29
20 103
20 109
20 145
20 190
20 263
21 67
21 263
22 109
23 122
23 154
23 205
23 261
24 131
24 133
24 157
24 216
25 31
25 67
25 91
25 122
25 129
25 130
25 133
25 144
25 178
25 180
25 223
27 34
27 35
27 81
27 136
27 180
27 228
27 233
27 242
27 258
27 288
27 303
28 34
28 52
28 133
28 286
29 88
29 104
29 117
29 177
29 180
29 204
29 220
29 255
30 95
30 97
30 140
30 231
30 280
30 281
31 59
31 130
31 135
31 145
31 162
31 191
31 286
31 301
32 56
32 72
32 74
32 124
32 134
32 136
32 183
32 201
32 212
32 232
32 242
32 302
32 309
33 83
33 103
33 136
33 150
33 199
33 209
33 275
33 276
33 298
33 307
34 131
34 134
34 203
34 219
34 246
35 129
35 130
36 67
36 103
36 131
36 241
36 245
36 286
36 299
37 76
37 148
38 65
38 101
38 157
38 180
39 60
39 129
39 205
39 210
39 220
39 276
39 298
40 45
40 46
40 64
40 81
40 129
40 210
40 216
40 224
40 287
40 290
41 92
41 131
41 161
41 182
41 294
42 134
42 149
42 160
42 242
43 89
43 111
43 115
43 196
43 286
44 60
44 129
44 184
45 64
45 129
45 130
45 133
45 134
45 140
45 144
45 174
45 185
45 284
45 301
45 305
46 51
46 76
46 79
46 118
46 131
46 133
46 153
46 157
46 223
46 239
46 254
46 259
47 78
47 90
47 120
47 140
47 235
47 299
48 98
48 128
48 169
48 289
48 302
49 52
49 60
49 73
49 85
49 88
49 133
49 189
49 193
49 209
49 217
50 59
50 74
50 89
50 95
50 118
50 125
50 136
50 156
50 182
50 200
50 234
50 259
51 107
51 111
51 144
51 249
52 154
52 160
52 209
52 249
53 86
53 231
54 76
54 156
54 160
54 175
54 315
55 97
55 231
56 200
56 275
56 278
57 121
57 149
58 59
58 134
58 210
59 81
59 130
59 150
59 156
59 191
59 193
59 200
59 224
59 266
59 286
59 288
60 74
60 109
60 110
60 120
60 136
60 166
60 175
60 193
60 236
60 248
60 304
61 101
61 168
61 200
61 237
61 272
62 94
62 105
62 130
62 180
62 201
62 239
62 258
63 156
63 177
63 185
63 284
64 94
64 130
64 149
64 243
64 249
64 278
65 172
65 259
65 273
65 287
66 89
66 128
66 159
66 184
66 198
66 212
66 298
67 98
67 133
67 134
67 136
67 157
67 200
67 205
67 210
67 248
67 284
67 295
67 305
68 114
68 154
68 305
69 117
69 134
69 246
70 243
71 303
72 92
72 107
72 191
72 233
72 240
73 117
73 134
73 245
74 89
74 106
74 118
74 129
74 159
74 191
74 249
74 268
74 280
74 283
74 287
75 81
75 97
75 137
75 187
75 218
75 283
76 156
76 181
76 250
77 172
77 182
77 189
77 224
78 141
79 130
79 135
79 210
79 217
79 276
80 97
80 108
80 114
80 131
80 145
80 197
80 206
80 232
80 233
80 296
81 120
81 173
81 281
81 285
82 212
83 149
83 152
83 174
83 236
84 131
84 135
84 169
85 185
85 215
85 216
86 92
86 103
86 109
87 104
87 108
87 134
87 162
87 179
87 191
87 231
87 246
87 305
88 114
88 134
88 135
88 156
88 200
89 267
90 164
90 241
90 257
91 133
91 157
91 220
91 252
91 288
91 303
92 126
92 132
92 180
92 185
92 211
92 246
92 258
92 273
92 276
92 287
93 110
94 98
95 122
95 129
95 304
96 135
96 287
97 174
98 114
98 148
98 200
98 216
98 235
99 101
99 156
99 233
99 285
100 124
100 130
100 165
101 125
101 141
101 150
101 200
101 214
101 276
101 297
102 108
102 179
102 188
102 213
102 220
102 234
102 241
102 246
102 259
102 306
103 115
103 159
103 197
103 215
103 299
104 113
104 130
104 134
104 149
104 200
104 277
105 134
105 149
105 162
105 169
105 193
105 199
105 210
105 234
105 249
106 108
106 133
106 154
106 157
106 164
106 211
106 260
107 206
107 260
109 157
109 185
109 199
109 301
110 122
110 124
110 128
110 130
110 205
110 219
110 287
111 179
111 245
112 128
112 134
112 143
112 151
113 156
113 181
113 210
113 291
113 293
114 129
115 304
116 156
116 226
116 314
117 193
117 235
117 238
117 254
118 130
118 135
118 146
118 160
118 211
118 239
118 243
118 275
118 286
118 294
118 313
120 129
120 179
121 122
121 171
121 181
121 274
122 138
122 158
122 163
122 180
122 223
123 266
124 134
124 148
124 174
124 223
124 252
124 297
127 131
127 269
128 156
128 157
128 168
128 180
128 224
129 130
129 131
129 134
129 146
129 156
129 170
129 172
129 177
129 188
129 213
129 219
129 259
129 273
129 278
129 283
129 286
129 288
130 134
130 136
130 180
130 193
130 210
130 233
130 242
130 264
130 286
130 287
130 288
130 304
131 141
131 160
131 164
131 174
131 193
131 206
131 212
131 216
131 229
131 230
131 242
131 252
131 274
131 276
131 289
132 156
132 200
133 135
133 147
133 149
133 160
133 163
133 184
133 209
133 210
133 211
133 217
133 236
133 249
133 266
133 281
133 284
133 286
133 288
133 303
134 135
134 152
134 173
134 179
134 188
134 200
134 232
134 233
134 239
134 241
134 247
134 261
134 269
134 271
134 272
134 276
134 278
134 285
134 298
134 305
135 137
135 140
135 148
135 159
135 169
135 188
135 189
135 200
135 219
135 230
135 232
135 249
135 259
135 267
135 286
135 288
135 303
136 147
136 161
136 193
136 212
136 221
136 263
136 278
137 270
138 143
138 175
138 195
138 219
138 247
138 271
139 236
140 149
140 152
140 177
140 188
140 278
141 314
142 177
142 231
144 286
145 180
145 223
145 287
146 234
146 249
147 159
147 167
147 274
148 167
148 170
148 195
148 204
148 216
148 239
148 254
148 296
148 307
148 308
149 154
149 168
149 267
152 157
152 173
152 217
152 239
152 272
152 281
153 180
154 187
155 159
155 201
155 276
156 158
156 168
156 184
156 201
156 224
156 268
156 273
156 274
156 305
157 165
157 215
157 218
157 225
157 298
158 190
158 293
159 187
159 199
159 266
160 183
160 185
160 213
160 244
160 251
160 263
161 181
161 208
161 233
162 210
162 216
162 283
164 238
164 290
164 313
165 286
166 251
167 204
167 218
167 232
167 233
167 243
167 257
167 258
167 283
167 291
168 200
169 298
171 173
172 204
172 254
172 272
172 288
173 205
173 234
173 302
174 196
174 269
174 301
175 200
175 249
176 185
177 218
177 245
177 258
178 179
178 204
178 249
179 182
179 210
179 258
179 288
180 200
180 231
180 238
180 242
180 279
180 286
180 299
181 284
183 200
183 206
183 215
183 217
184 191
185 252
185 286
186 219
186 227
187 233
187 239
188 196
188 199
188 224
188 245
188 262
188 283
188 287
188 289
190 217
190 231
191 192
191 193
192 205
192 277
192 288
192 293
193 205
193 265
193 266
193 305
194 220
194 248
195 201
195 241
195 243
196 205
197 210
197 233
197 252
197 288
198 278
199 288
200 220
200 224
200 242
200 287
205 208
205 287
206 287
207 208
207 271
207 298
208 249
208 251
208 287
209 303
210 246
210 279
210 286
210 287
211 215
211 244
212 235
212 255
213 269
213 305
214 242
214 271
215 251
216 238
216 261
216 279
217 241
220 225
220 233
220 282
220 286
223 243
223 283
223 305
224 233
229 286
231 245
231 293
231 312
232 275
233 261
233 263
233 275
233 288
234 249
236 278
239 268
239 288
241 243
241 248
241 287
241 291
242 267
242 287
244 257
244 298
248 249
248 252
249 275
250 301
251 252
254 275
256 287
258 298
258 307
260 274
264 276
271 298
272 286
272 312
273 274
276 285
279 301
280 285
281 284
284 305
285 297
288 293
288 314
