0 98
0 129
0 134
0 188
1 45
1 60
1 106
1 161
1 167
1 188
1 215
1 311
2 28
2 65
2 123
2 133
2 134
2 140
2 154
2 156
2 159
2 191
2 200
2 204
2 220
2 229
2 231
2 267
2 285
2 313
3 131
3 136
3 215
3 225
3 249
3 277
4 7
4 15
4 27
4 161
4 249
4 258
4 285
5 29
5 42
5 50
5 118
5 135
5 162
5 182
5 204
5 276
6 96
6 118
6 122
6 130
6 133
6 134
6 136
7 10
7 36
7 48
7 54
7 60
7 62
7 87
7 114
7 129
7 156
7 180
7 230
7 249
7 255
7 258
7 263
7 269
7 287
7 292
7 314
7 315
8 45
8 60
8 85
8 87
8 104
8 105
8 133
8 196
8 206
8 224
8 244
8 305
9 75
9 94
9 135
9 141
9 218
9 302
10 75
10 81
10 134
11 218
12 49
12 67
12 102
12 109
12 153
12 193
12 288
13 28
13 39
13 59
13 287
14 109
14 118
14 160
14 161
14 207
14 244
14 267
15 56
15 96
15 118
15 133
15 214
15 254
15 283
16 21
16 24
16 25
16 31
16 41
16 68
16 72
16 78
16 81
16 97
16 130
16 180
16 184
16 195
16 204
16 222
16 241
16 268
16 271
17 118
17 130
17 131
17 135
17 219
17 227
18 23
18 53
18 60
18 72
18 104
18 124
18 133
18 135
18 193
18 197
18 200
18 210
18 247
18 263
18 287
19 23
19 49
19 232
19 245
19 261
20 34
20 62
20 96
20 98
20 149
20 157
20 175
20 204
20 208
20 269
20 278
20 282
21 34
21 97
21 180
22 31
22 56
22 60
22 103
22 224
22 296
23 45
23 51
23 99
23 117
23 167
23 269
24 64
24 67
24 131
24 272
24 298
24 303
25 45
25 59
25 74
25 133
25 188
25 195
25 199
25 252
25 287
25 308
26 30
26 223
27 61
27 101
27 144
27 156
27 160
27 216
28 45
28 106
28 111
28 129
28 213
28 244
28 269
28 277
28 303
29 45
29 101
29 124
30 192
30 212
30 297
31 39
31 40
31 46
31 48
31 70
31 138
31 160
31 164
31 188
31 210
31 243
31 268
31 269
31 270
31 281
32 46
32 59
32 123
32 124
32 127
32 131
32 132
32 134
32 135
32 136
32 145
32 159
32 160
32 167
32 168
32 172
32 195
32 213
32 215
32 216
32 240
32 242
32 258
32 266
32 268
32 272
32 283
32 286
33 48
33 83
33 103
33 131
33 179
33 200
33 238
33 239
33 244
33 255
33 278
33 287
33 313
34 41
34 61
34 67
34 81
34 84
34 88
34 138
34 140
34 147
34 167
34 217
34 265
35 127
35 134
35 151
35 179
35 210
35 230
36 56
37 238
38 98
38 145
38 146
38 149
38 206
38 233
39 56
39 68
39 105
39 114
39 213
39 247
40 47
40 124
40 133
40 146
40 152
40 288
41 50
41 92
41 96
41 103
41 124
41 130
41 132
41 143
41 169
41 268
42 154
42 171
42 214
43 216
44 98
44 131
44 133
44 161
44 208
44 254
44 304
44 309
45 74
45 81
45 84
45 123
45 132
45 193
45 299
46 58
46 79
46 123
46 134
46 144
46 159
46 185
46 272
46 284
46 285
47 78
47 110
47 131
47 145
47 205
48 56
48 63
48 131
48 191
48 232
48 289
49 78
49 101
49 130
49 131
49 135
49 168
49 172
49 195
49 224
49 247
49 269
49 287
50 56
50 103
50 105
50 197
51 98
51 130
51 147
51 179
51 200
51 201
51 210
51 284
52 212
52 249
52 276
53 258
54 139
54 145
54 148
55 98
55 176
55 294
55 296
56 83
56 140
56 156
56 195
56 292
57 73
57 159
57 232
58 314
59 63
59 103
59 115
59 133
59 136
59 145
59 164
59 188
59 200
59 243
59 272
59 287
59 288
60 69
60 87
60 129
60 156
60 214
60 222
60 279
60 307
60 311
60 312
61 84
61 106
62 118
62 131
62 149
62 156
62 210
63 133
63 239
63 265
64 69
64 131
64 135
64 167
64 180
64 184
64 197
64 241
64 243
64 285
65 79
65 133
65 154
65 166
66 175
66 179
66 206
66 269
67 129
67 136
67 149
67 151
67 200
67 224
67 230
67 276
67 298
68 80
68 98
68 288
69 225
69 252
70 145
70 250
70 272
70 287
71 274
72 98
72 129
72 131
72 166
72 182
72 268
72 288
73 131
73 133
73 224
73 239
73 266
73 302
74 80
74 101
74 130
74 141
74 160
74 200
74 210
74 211
75 80
75 159
75 190
76 103
76 259
77 134
77 145
77 207
77 234
77 291
78 95
78 140
78 152
78 249
78 287
79 193
79 264
79 291
80 268
80 315
81 104
81 124
81 160
81 204
81 249
81 302
81 314
82 103
83 118
83 171
83 212
83 263
83 284
83 287
83 301
84 129
84 131
84 276
84 286
85 134
85 140
85 180
85 216
85 287
85 308
86 129
86 136
86 157
86 234
86 258
87 102
87 121
87 140
87 149
87 157
87 185
87 230
87 233
87 258
87 288
88 133
88 140
88 181
88 196
88 200
88 235
89 97
89 109
89 112
89 129
89 134
89 158
89 197
89 258
90 124
91 244
91 305
92 107
92 110
92 129
93 215
94 102
94 118
94 129
94 135
94 160
94 193
94 215
94 260
95 129
95 169
95 202
95 210
96 105
96 131
96 195
97 249
97 283
97 296
98 133
98 146
98 158
98 197
98 224
98 242
98 280
99 130
100 133
100 280
101 171
101 220
101 243
101 288
101 301
102 126
102 167
102 197
102 220
102 286
102 301
103 135
103 188
103 237
103 247
103 251
103 285
103 287
104 117
104 118
104 122
104 130
104 140
104 146
104 209
104 221
104 245
104 256
104 265
104 283
105 117
105 211
105 232
105 257
106 117
106 129
106 133
106 135
106 158
106 204
106 266
106 279
107 136
107 254
108 147
108 158
108 224
108 258
108 302
109 110
109 129
109 135
109 145
109 302
110 130
110 134
110 222
110 266
111 118
111 143
111 172
111 283
112 129
112 287
113 237
114 212
114 244
115 185
115 226
115 270
116 270
117 128
117 132
117 171
117 205
117 206
117 239
117 302
118 131
118 161
118 164
118 167
118 210
118 224
118 239
118 242
118 263
118 268
118 285
118 299
119 130
119 235
120 164
120 197
120 220
120 225
121 180
121 186
121 249
122 130
122 133
122 138
122 140
122 148
122 185
122 200
122 208
122 297
123 150
123 157
123 162
123 206
123 287
124 136
124 171
124 177
124 242
124 287
125 221
126 232
126 279
127 154
127 193
127 201
128 132
128 246
128 261
129 130
129 135
129 146
129 148
129 152
129 156
129 157
129 173
129 174
129 197
129 200
129 215
129 218
129 220
129 257
129 271
129 275
129 287
129 292
129 313
130 134
130 136
130 138
130 141
130 156
130 157
130 158
130 169
130 182
130 184
130 216
130 233
130 271
130 275
130 281
130 286
130 287
130 292
130 296
130 298
130 307
131 137
131 154
131 157
131 187
131 196
131 202
131 215
131 249
131 255
131 272
131 285
131 287
131 302
132 136
132 156
132 272
132 288
133 134
133 152
133 157
133 180
133 181
133 188
133 193
133 207
133 215
133 216
133 264
133 279
133 287
133 288
133 305
133 308
134 143
134 152
134 171
134 182
134 188
134 195
134 205
134 215
134 224
134 249
134 266
134 270
134 274
134 276
135 160
135 165
135 191
135 196
135 201
135 204
135 210
135 234
135 254
135 309
136 164
136 172
136 174
136 182
136 218
136 220
136 231
136 239
136 249
136 293
136 296
137 287
137 305
138 156
138 246
139 239
140 159
140 224
140 302
142 156
142 163
142 188
142 217
142 233
145 159
145 212
146 195
146 206
148 165
148 167
148 201
148 230
148 233
148 244
149 200
149 210
149 238
149 297
150 157
150 196
150 248
151 310
152 212
152 269
153 234
154 218
154 229
154 255
154 266
154 286
155 200
156 159
156 161
156 244
156 257
156 274
156 310
157 175
157 213
157 220
157 224
157 286
157 309
158 288
158 293
159 210
159 231
159 242
159 244
159 272
160 184
160 200
160 210
160 240
160 241
160 275
161 238
161 268
162 193
162 245
163 204
163 238
163 286
164 180
164 181
167 179
167 180
167 219
167 223
167 229
167 238
167 246
167 302
168 174
168 288
169 172
169 295
171 188
172 184
172 197
172 238
173 238
173 249
173 255
173 286
173 313
174 200
174 223
174 280
174 312
177 206
178 233
179 232
179 267
179 281
180 188
180 234
180 271
180 304
181 214
182 219
182 245
182 258
184 239
184 241
184 242
184 264
185 208
185 239
185 285
187 260
187 293
188 206
188 286
190 210
191 200
191 205
192 287
193 215
193 230
193 244
193 288
193 296
195 199
200 208
200 219
200 228
200 249
200 267
200 279
202 263
203 221
205 215
205 232
205 273
205 275
206 269
209 265
210 213
210 220
210 240
210 261
210 275
210 305
210 309
211 224
211 247
212 246
214 225
214 286
214 308
215 216
215 260
215 293
216 220
217 218
217 301
218 244
219 280
220 302
221 239
223 240
224 263
231 269
232 275
235 297
238 281
238 315
239 282
239 298
239 304
241 281
241 287
242 274
244 286
246 252
249 278
249 292
249 313
250 264
251 260
251 269
252 284
258 302
259 279
259 303
259 313
260 285
261 290
264 271
264 276
265 288
266 276
267 305
268 287
268 311
269 288
271 279
272 283
276 283
276 284
284 287
285 304
287 292
287 294
287 308
288 314
293 294
