0 59
0 61
0 73
0 84
0 188
0 233
1 74
1 109
1 268
1 288
2 8
2 22
2 52
2 70
2 76
2 118
2 124
2 129
2 130
2 133
2 150
2 164
2 173
2 265
2 285
2 287
2 309
3 6
3 25
3 27
3 31
3 105
3 112
3 127
3 131
3 134
3 266
3 272
3 306
4 7
4 8
4 27
4 32
4 54
4 59
4 104
4 308
5 28
5 32
5 56
5 80
5 134
5 233
5 239
6 22
6 50
6 136
6 227
6 249
7 58
7 100
7 106
7 111
7 131
7 173
7 196
7 218
7 237
7 265
7 297
7 302
7 311
8 12
8 14
8 25
8 49
8 75
8 115
8 121
8 136
8 201
8 213
8 232
8 315
9 40
9 45
9 64
9 122
9 136
9 159
9 191
10 149
11 20
11 51
11 117
11 156
11 285
12 18
12 50
12 75
12 110
12 140
12 141
12 262
12 278
12 285
12 288
12 310
13 36
13 46
13 97
13 118
13 131
13 164
13 188
14 42
14 83
14 98
14 107
14 121
14 124
14 129
14 307
15 20
15 104
15 200
15 223
15 229
15 285
15 302
16 28
16 41
16 46
16 54
16 76
16 96
16 102
16 122
16 129
16 130
16 135
16 140
16 148
16 155
16 167
16 206
16 228
16 242
16 258
16 260
16 279
16 288
16 298
17 57
17 66
17 133
17 181
17 303
18 120
18 137
18 210
18 231
18 261
18 287
19 32
19 158
19 161
19 281
20 58
20 96
20 130
20 150
20 241
21 51
21 140
21 274
22 224
23 25
23 32
23 46
23 133
23 172
23 231
24 32
24 109
24 130
24 138
24 306
25 46
25 101
25 107
25 130
25 227
25 242
25 288
26 91
26 148
26 300
27 38
27 134
27 184
27 208
27 210
27 267
27 272
27 285
28 47
28 104
28 175
28 179
28 294
29 47
29 55
29 109
29 124
29 145
29 148
29 167
29 245
29 277
30 133
30 235
30 302
31 46
31 67
31 89
31 105
31 106
31 118
31 125
31 135
31 167
31 200
31 205
31 216
31 220
32 50
32 60
32 81
32 105
32 129
32 140
32 149
32 156
32 184
32 188
32 209
32 224
32 230
32 258
32 263
33 78
33 101
33 103
33 148
33 152
33 208
33 230
33 231
33 241
33 295
34 56
34 75
34 90
34 135
34 157
34 193
34 209
34 217
34 242
34 313
35 40
35 131
35 156
35 167
35 222
35 298
36 60
36 84
36 107
36 110
37 108
37 207
37 256
38 60
38 80
38 102
38 129
38 136
38 149
38 200
38 215
39 62
39 148
39 160
40 72
40 74
40 96
40 122
40 124
40 277
40 283
41 60
41 133
41 158
41 185
42 45
42 81
42 98
42 102
42 157
42 201
42 290
43 49
43 69
43 269
44 135
44 249
44 286
45 54
45 66
45 114
45 121
45 132
45 157
45 200
45 313
45 314
46 75
46 133
46 146
46 234
46 239
46 266
46 286
46 304
47 80
47 99
47 164
47 206
47 209
47 287
48 93
49 66
49 96
49 134
49 135
49 167
49 173
49 211
49 224
49 278
49 287
50 70
50 104
50 130
50 148
50 191
50 208
50 224
51 60
51 105
51 109
51 117
51 132
51 162
51 218
51 248
51 286
52 77
52 129
52 131
52 265
53 246
54 273
54 288
55 155
55 260
56 57
56 101
56 135
56 284
57 192
58 145
58 266
58 287
59 67
59 73
59 74
59 98
59 109
59 118
59 132
59 156
59 193
59 196
59 198
59 224
59 258
59 298
59 310
60 76
60 95
60 118
60 134
60 148
60 157
60 208
60 224
60 241
60 287
61 133
61 180
62 112
63 187
63 208
63 258
64 69
64 101
64 140
64 214
65 122
65 184
65 245
65 251
66 76
66 94
66 96
66 103
66 106
66 120
66 135
66 149
66 230
67 89
67 106
67 133
67 157
67 167
67 200
67 221
68 109
68 188
68 219
68 224
68 230
68 270
68 276
68 283
69 135
69 145
69 214
69 286
70 98
70 118
70 238
71 124
71 151
71 195
71 267
72 89
72 134
72 236
72 252
72 306
73 131
73 138
73 244
73 284
73 288
74 102
74 103
74 108
74 125
74 135
74 143
74 148
74 183
74 200
74 204
74 206
74 237
74 305
74 306
75 108
75 129
75 154
75 155
75 177
75 179
75 218
75 219
75 249
75 256
75 269
75 282
75 283
76 167
76 309
77 200
77 258
77 282
77 286
78 80
78 142
78 173
79 124
79 233
79 259
80 103
80 121
80 148
80 246
80 278
81 88
81 101
81 130
81 140
82 247
83 91
83 134
83 140
83 184
83 278
84 266
85 264
85 297
86 98
86 151
87 128
87 293
88 117
88 135
88 275
89 94
89 130
89 133
89 135
89 203
89 214
89 219
89 241
90 130
90 288
91 218
92 103
92 130
92 162
92 180
92 210
92 219
93 188
93 207
94 127
94 130
94 135
94 142
94 174
94 301
95 131
95 133
95 137
95 273
96 110
96 196
96 234
97 102
97 112
97 156
97 158
97 204
97 205
97 210
97 240
97 286
98 104
98 145
98 263
99 129
99 135
99 164
99 182
99 229
99 239
100 133
101 102
101 134
101 210
101 288
101 307
102 107
102 184
102 187
102 206
102 249
102 298
102 305
103 109
103 113
103 135
103 144
103 179
103 212
103 239
103 265
103 287
104 157
104 175
104 192
104 215
104 219
104 271
105 164
105 173
105 216
105 266
105 298
106 129
106 154
106 160
106 182
106 200
106 228
106 246
108 177
108 246
109 129
109 133
109 152
109 180
109 195
109 301
109 315
110 150
110 156
110 200
111 129
111 233
112 155
112 214
113 196
113 295
114 126
114 137
114 261
115 244
115 275
116 134
116 152
117 126
117 180
117 233
117 241
117 248
117 274
117 282
117 303
117 305
118 120
118 130
118 132
118 133
118 135
118 143
118 156
118 163
118 167
118 200
118 241
118 245
118 278
118 290
119 257
119 308
120 130
120 133
120 135
120 191
120 236
121 129
121 162
121 201
121 290
121 295
122 129
122 130
122 136
122 193
122 218
122 246
122 263
122 269
122 278
123 138
123 140
123 247
124 130
124 137
124 230
124 239
124 248
124 309
125 131
126 129
126 140
127 133
127 223
127 288
128 139
128 144
128 165
128 184
128 241
128 245
128 282
129 130
129 131
129 134
129 136
129 149
129 152
129 159
129 161
129 200
129 210
129 212
129 215
129 220
129 223
129 231
129 233
129 241
129 286
129 287
129 289
129 299
130 134
130 135
130 150
130 152
130 156
130 160
130 181
130 202
130 210
130 229
130 232
130 249
130 250
130 260
130 267
130 273
130 284
130 298
130 305
131 134
131 139
131 148
131 184
131 189
131 191
131 199
131 201
131 216
131 223
131 227
131 230
131 252
131 255
131 270
131 292
132 197
132 258
132 292
133 136
133 137
133 148
133 149
133 166
133 167
133 169
133 194
133 208
133 210
133 217
133 218
133 239
133 278
133 312
134 135
134 136
134 149
134 195
134 197
134 199
134 231
134 239
134 244
134 249
134 287
134 296
134 299
135 148
135 150
135 155
135 156
135 161
135 205
135 212
135 214
135 238
135 262
135 264
135 275
135 285
135 287
135 294
135 302
135 303
136 137
136 160
136 198
136 208
136 210
136 231
136 279
136 291
136 295
137 208
137 241
137 249
138 152
138 156
138 193
139 186
139 213
139 287
140 152
140 237
141 158
141 163
141 305
142 233
142 288
143 288
144 171
144 176
144 179
144 213
145 149
145 163
147 297
147 306
148 284
148 293
149 152
149 185
149 199
149 244
149 268
149 276
149 296
149 300
150 206
150 214
150 288
151 205
152 214
152 298
153 232
153 271
153 288
154 157
154 200
154 205
155 161
155 277
156 208
156 215
156 220
156 229
156 233
156 241
156 245
156 269
156 275
156 296
156 297
156 314
157 193
157 211
157 250
157 287
157 298
157 309
159 188
159 245
159 258
159 281
160 164
160 172
160 200
160 206
160 224
160 230
160 243
160 249
160 288
160 296
161 194
161 209
161 272
162 233
162 279
162 298
163 206
163 210
164 231
165 174
165 259
165 283
166 229
166 234
167 197
167 217
167 281
167 287
167 311
167 314
168 252
168 299
170 286
171 231
172 205
172 288
174 209
174 266
176 193
176 252
176 255
176 307
178 239
179 248
179 249
179 258
180 200
180 213
180 235
180 249
180 283
180 285
181 200
184 249
185 193
185 211
185 255
186 291
187 193
188 206
188 220
188 224
188 231
188 260
188 303
191 220
192 199
192 239
193 220
193 221
193 241
193 245
193 265
193 278
193 305
197 210
197 215
197 218
197 271
198 236
199 286
200 213
200 215
200 219
200 279
200 284
200 286
200 305
201 205
201 215
201 222
201 276
202 223
204 246
204 249
204 314
205 224
205 227
206 216
207 239
207 271
208 304
209 278
209 311
210 220
210 223
210 254
210 302
210 305
211 240
211 246
212 286
212 299
213 266
213 313
214 215
215 314
216 233
216 249
218 222
218 224
218 269
220 230
220 239
220 259
220 275
220 283
220 287
221 233
222 288
223 260
226 287
227 276
228 292
229 273
229 313
230 282
231 239
231 291
232 264
232 284
233 310
236 286
237 272
239 280
241 255
242 260
242 274
243 305
244 249
244 302
244 305
246 288
246 308
249 270
249 275
249 292
249 301
249 304
251 288
252 292
252 314
256 296
257 283
261 288
261 303
262 287
262 294
263 270
263 276
263 305
264 287
264 293
268 296
269 284
274 299
274 310
280 314
283 287
284 288
285 287
285 304
285 309
288 299
288 312
293 313
294 310
305 311
