0 20
0 68
0 122
0 131
0 134
0 167
0 179
0 188
1 60
1 129
1 208
1 276
1 292
2 27
2 32
2 35
2 60
2 134
2 200
2 249
2 286
2 287
2 304
2 311
3 181
4 24
4 83
4 103
4 126
4 128
4 185
5 74
5 99
5 105
5 133
5 135
5 161
5 162
5 193
6 7
6 17
6 31
6 36
6 45
6 54
6 103
6 134
6 139
6 162
6 173
6 305
7 21
7 29
7 33
7 96
7 99
7 100
7 102
7 161
7 185
7 188
7 206
7 210
7 220
7 245
7 305
8 9
8 17
8 59
8 75
8 96
8 115
8 130
8 133
8 136
8 152
8 161
8 167
8 180
8 193
8 197
8 205
8 212
8 240
8 265
8 294
9 42
9 73
9 129
9 134
9 136
9 168
9 215
9 238
9 274
9 302
10 33
10 134
10 140
10 236
11 16
11 137
11 159
11 222
12 27
12 36
12 61
12 107
12 108
12 124
12 135
12 215
12 216
12 220
12 247
12 249
12 283
13 32
13 59
13 72
13 168
13 184
13 209
13 250
13 264
13 269
13 278
14 47
14 103
14 197
14 200
14 258
14 266
14 272
15 95
15 120
15 167
15 171
15 239
15 267
15 278
15 291
16 74
16 78
16 80
16 110
16 118
16 124
16 142
16 200
16 211
16 239
16 276
16 279
16 291
17 104
17 231
17 257
18 20
18 28
18 31
18 50
18 129
18 219
18 220
18 224
18 285
18 287
19 249
20 24
20 33
20 70
20 122
20 133
20 148
20 188
20 221
20 276
21 62
21 298
22 73
22 83
23 105
23 135
23 157
23 167
23 261
23 265
23 299
24 59
24 130
24 189
24 211
24 231
25 134
25 135
25 136
25 157
25 168
25 215
25 251
25 287
25 296
26 64
26 90
26 135
26 210
26 214
27 44
27 80
27 133
27 134
27 139
27 218
27 241
28 75
28 131
28 311
29 100
30 40
30 56
30 133
30 167
30 180
31 67
31 121
31 130
31 149
31 172
31 247
31 269
31 287
31 294
32 56
32 67
32 68
32 82
32 87
32 102
32 104
32 109
32 127
32 156
32 180
32 204
32 215
32 223
32 283
32 287
32 288
32 303
33 39
33 51
33 59
33 69
33 89
33 101
33 102
33 109
33 130
33 134
33 177
33 195
33 286
33 299
34 69
34 74
34 125
34 179
34 228
34 257
35 41
35 148
35 152
35 164
35 185
35 231
35 232
36 113
36 122
36 145
36 168
36 180
36 260
37 78
37 96
37 106
37 287
38 63
38 167
38 204
39 133
39 186
39 224
39 287
39 313
40 109
40 167
40 204
40 245
40 272
40 305
41 59
41 117
41 159
41 173
41 200
41 269
42 72
42 81
42 114
42 156
42 249
42 273
42 289
43 46
43 118
43 147
43 206
43 249
44 133
44 134
44 144
44 243
44 277
45 134
45 181
45 182
45 198
45 208
45 215
46 62
46 76
46 107
46 108
46 135
46 193
46 274
46 287
46 294
47 74
47 101
47 117
47 156
47 180
47 202
47 220
47 224
47 287
47 303
47 307
48 75
48 133
48 136
48 171
48 192
48 248
48 275
49 130
49 131
49 277
50 83
50 121
50 126
50 134
50 206
50 228
50 239
50 276
50 299
51 122
51 135
51 174
51 186
51 191
51 266
52 200
52 213
54 114
54 122
54 129
54 193
54 249
54 269
54 279
54 286
55 89
55 231
55 312
56 65
56 133
56 220
56 278
56 284
56 305
56 315
57 129
57 136
58 140
58 212
59 101
59 103
59 123
59 131
59 134
59 150
59 162
59 193
59 220
59 237
59 242
59 249
59 298
59 304
60 64
60 286
60 288
61 64
61 80
61 159
61 299
62 124
62 138
62 193
62 247
62 266
62 271
62 284
62 287
63 66
63 67
63 98
63 107
63 266
64 109
64 124
64 158
64 175
64 196
64 210
64 258
64 275
65 98
65 117
65 178
66 108
66 118
66 120
66 129
66 130
66 302
67 92
67 266
67 275
67 287
67 304
68 108
68 120
68 178
68 179
68 193
68 203
68 255
69 266
69 285
70 81
70 135
70 149
70 209
70 267
70 282
72 75
72 230
72 293
73 74
73 129
74 140
74 162
74 215
74 264
74 276
74 288
74 303
75 133
75 134
75 136
75 215
75 219
75 234
75 239
75 286
75 303
76 129
76 188
76 304
77 133
77 157
77 245
78 127
78 151
78 208
78 249
78 256
79 129
79 138
79 156
80 104
80 134
80 135
80 188
80 193
80 204
80 272
80 292
81 130
81 144
81 188
81 232
81 268
81 272
82 129
82 157
82 185
83 132
83 179
83 258
83 286
84 159
84 301
85 133
85 164
85 167
85 188
85 230
85 297
85 304
85 309
86 134
86 180
86 310
87 232
87 295
88 102
88 121
88 129
88 212
88 221
89 129
89 133
89 193
89 206
89 232
89 238
89 279
90 302
91 131
91 157
91 217
92 102
92 202
92 205
92 212
92 215
92 218
92 265
93 132
93 133
94 126
94 231
94 291
95 118
95 184
95 185
95 190
95 224
96 192
96 210
97 153
97 160
98 135
98 238
99 203
99 227
100 129
101 105
101 130
101 285
101 307
102 108
102 110
102 130
102 152
102 156
102 159
102 190
102 196
102 301
102 312
103 104
103 114
103 128
103 148
103 149
103 157
103 180
103 184
103 247
104 113
104 130
104 142
104 182
104 191
104 194
105 141
105 149
105 188
106 120
106 140
106 259
107 124
107 157
108 156
108 159
108 167
108 244
109 177
109 200
109 242
109 252
109 264
110 152
110 161
110 164
110 220
110 247
110 275
110 293
111 288
113 200
114 167
114 181
115 133
116 134
116 136
116 237
117 130
117 132
117 188
117 193
117 201
117 215
117 220
117 259
118 122
118 131
118 135
118 136
118 143
118 167
118 179
118 200
118 215
118 230
118 247
118 292
119 148
119 209
120 139
120 201
121 124
121 130
121 180
121 197
122 130
122 159
122 242
122 287
123 200
123 222
123 228
123 250
124 167
124 202
124 215
124 233
124 238
124 258
124 311
127 148
127 187
128 139
128 144
128 287
128 309
129 134
129 135
129 138
129 139
129 141
129 151
129 152
129 156
129 173
129 215
129 239
129 251
129 273
129 281
129 311
130 134
130 157
130 160
130 173
130 179
130 204
130 205
130 211
130 214
130 219
130 223
130 279
130 290
130 315
131 132
131 147
131 164
131 184
131 196
131 208
131 211
131 213
131 215
131 231
131 249
131 255
131 267
131 283
131 284
131 285
131 287
131 296
131 307
132 217
133 138
133 140
133 144
133 145
133 167
133 185
133 193
133 200
133 206
133 209
133 219
133 228
133 229
133 259
133 272
133 285
133 286
133 301
134 139
134 145
134 156
134 171
134 176
134 192
134 200
134 202
134 205
134 241
134 249
134 271
134 272
134 275
134 287
134 303
134 304
134 305
135 136
135 156
135 162
135 212
135 221
135 228
135 249
135 252
135 268
135 288
135 290
135 314
136 161
136 213
136 229
136 253
136 260
136 286
136 309
137 167
137 220
138 162
138 193
138 305
139 157
139 200
139 216
140 157
140 167
140 249
140 271
141 288
143 166
144 286
145 234
145 266
145 270
146 148
146 176
147 243
148 174
148 184
148 231
148 238
148 249
148 279
148 285
148 286
148 290
148 291
148 302
149 192
149 211
149 224
149 239
150 156
151 243
151 288
152 192
152 286
152 313
153 154
153 163
153 193
153 194
153 286
153 288
154 170
155 210
156 157
156 167
156 180
156 185
156 210
156 211
156 218
156 242
156 251
156 267
156 278
156 291
156 305
157 242
157 284
158 174
159 161
159 167
160 177
160 194
160 276
161 164
161 193
161 195
161 201
161 202
161 224
161 234
161 247
161 268
162 218
162 221
163 196
163 219
164 305
167 193
167 224
167 231
167 275
167 287
167 291
168 185
168 193
168 215
168 282
171 209
171 220
171 233
172 200
172 201
172 206
172 224
172 278
173 276
174 179
174 192
174 272
174 283
176 182
176 264
177 287
178 277
179 194
179 205
179 274
180 220
180 232
180 247
180 252
180 275
180 286
180 287
180 288
182 277
184 214
184 232
184 241
185 188
185 241
187 289
188 242
188 252
188 285
188 305
189 258
192 258
193 249
194 227
195 298
195 305
196 200
196 221
196 239
197 250
197 272
197 309
200 219
200 249
200 252
200 283
200 284
200 286
200 303
201 224
203 215
204 215
205 212
206 288
207 267
208 212
208 216
208 285
208 302
209 304
210 232
210 278
210 313
210 315
211 233
213 249
213 271
213 287
214 258
214 304
215 216
215 232
215 239
215 280
216 303
218 281
219 304
220 260
220 286
220 312
221 295
224 268
224 287
224 303
225 261
225 296
227 286
228 242
229 233
230 296
231 239
231 252
232 257
232 272
233 309
236 305
238 288
239 251
239 276
239 279
239 288
239 293
239 304
242 269
242 305
244 266
244 305
246 305
247 278
248 287
249 252
249 255
249 297
249 298
250 304
251 278
254 275
256 272
263 290
263 302
267 271
268 275
271 287
275 298
276 293
284 303
286 287
287 295
287 302
287 305
293 299
296 304
298 303
298 307
