0 153
1 94
1 113
1 209
1 241
2 13
2 84
2 89
2 92
2 97
2 134
2 135
2 141
2 150
2 156
2 197
2 230
2 241
2 247
2 261
2 274
2 283
2 286
2 288
3 47
3 94
3 122
3 148
3 210
3 255
3 266
4 20
4 168
4 241
4 242
4 268
5 32
5 67
5 131
5 156
5 182
5 205
5 269
5 278
6 16
6 56
6 102
6 114
6 130
6 142
6 185
7 14
7 16
7 20
7 69
7 115
7 118
7 132
7 153
7 173
7 210
7 215
7 239
7 286
8 12
8 13
8 60
8 80
8 121
8 134
8 140
8 153
8 157
8 200
8 267
8 279
8 309
9 16
9 38
9 75
9 89
9 119
9 129
9 133
9 149
9 220
9 241
9 288
10 122
10 242
11 162
11 276
12 41
12 122
12 129
12 180
12 208
12 259
13 75
13 118
13 142
13 206
13 242
14 64
14 69
14 212
14 216
15 31
15 80
15 131
15 156
15 241
15 266
16 18
16 19
16 41
16 42
16 56
16 64
16 75
16 79
16 102
16 129
16 130
16 134
16 157
16 201
16 202
16 216
16 220
16 257
16 271
17 106
17 131
17 152
17 256
17 288
18 47
18 134
18 188
18 205
18 208
18 232
18 269
18 285
18 307
19 37
19 61
19 106
19 129
19 135
19 159
20 45
20 47
20 58
20 78
20 141
20 157
20 180
20 223
20 278
20 287
21 24
21 99
21 130
21 149
21 195
22 135
23 41
23 50
23 109
23 124
23 267
23 268
24 42
24 106
24 129
24 131
24 159
24 171
24 252
25 45
25 48
25 65
25 109
25 128
25 150
25 206
25 302
26 44
26 45
26 46
26 243
27 132
27 148
27 202
27 252
27 310
28 32
28 149
28 264
28 307
29 64
29 72
29 193
29 197
29 198
29 314
30 31
30 50
30 67
30 106
30 128
30 134
30 164
30 229
30 244
31 34
31 35
31 36
31 46
31 66
31 75
31 77
31 95
31 101
31 117
31 123
31 175
31 177
31 185
31 221
31 267
31 268
31 291
32 45
32 46
32 51
32 101
32 120
32 134
32 191
32 232
32 249
32 262
33 36
33 67
33 101
33 103
33 130
33 142
33 149
33 151
33 199
33 241
33 267
33 270
33 286
34 46
34 60
34 78
34 165
34 171
34 201
34 203
34 242
34 245
35 51
35 189
35 200
35 203
35 239
35 305
36 45
36 50
36 67
36 267
37 118
37 126
37 148
37 197
37 255
37 275
38 63
38 69
38 77
38 106
38 134
38 291
39 42
39 79
39 157
39 220
39 307
40 63
40 72
40 87
40 133
40 156
40 229
40 242
41 74
41 77
41 112
41 194
41 258
41 285
42 69
42 169
42 174
42 185
42 216
42 264
43 109
43 111
43 129
43 135
43 214
43 241
44 148
44 236
44 277
45 103
45 117
45 131
45 134
45 141
45 149
45 167
45 199
45 206
45 249
46 59
46 81
46 95
46 122
46 220
46 262
46 276
46 279
46 287
46 288
46 292
47 131
47 200
47 210
47 218
48 58
48 80
48 84
48 86
48 106
48 185
48 197
48 213
48 311
49 113
49 131
49 212
50 58
50 67
50 130
50 206
50 242
50 266
50 288
50 295
51 60
51 87
51 108
51 124
51 156
51 215
51 241
52 103
53 180
54 68
54 102
54 133
54 145
54 185
54 191
55 130
55 131
55 148
55 209
55 216
55 245
56 83
56 140
56 184
56 197
56 202
56 249
57 177
57 238
57 291
58 122
58 273
59 67
59 73
59 83
59 86
59 92
59 102
59 114
59 129
59 133
59 134
59 190
59 200
60 110
60 130
60 207
60 210
60 222
60 225
60 241
60 268
60 307
61 102
61 167
62 129
62 161
62 192
62 233
62 268
62 286
63 96
63 160
63 179
63 193
63 200
63 210
63 215
64 85
64 129
64 137
64 168
64 175
64 184
64 197
64 212
65 152
66 111
66 132
66 136
67 110
67 131
67 162
67 172
67 188
67 196
67 200
67 233
67 268
67 288
67 311
68 76
68 92
68 104
68 127
68 133
68 135
68 143
68 174
68 191
68 244
68 281
69 131
69 184
69 189
69 208
69 260
69 288
70 148
70 149
70 242
70 290
71 91
71 200
71 236
72 130
72 174
72 195
72 263
72 271
72 309
73 124
73 145
73 182
73 255
74 81
74 128
74 133
74 152
74 157
74 165
74 220
74 224
74 261
74 275
74 287
74 298
75 156
75 206
75 239
75 298
75 311
76 129
76 161
76 165
76 177
76 220
76 275
77 115
77 117
77 149
77 280
78 95
78 134
78 152
78 156
78 218
78 222
79 142
79 184
80 136
80 138
80 151
80 220
80 232
80 249
81 129
81 134
81 216
81 288
81 307
81 311
82 129
82 202
83 142
83 201
84 95
85 129
85 157
85 219
85 313
86 131
86 220
86 260
86 298
87 156
87 185
87 192
87 237
87 284
88 155
88 160
89 97
89 105
89 134
89 209
89 241
89 273
89 276
89 304
90 278
91 106
91 134
91 288
92 107
92 131
92 215
92 232
92 287
94 103
94 133
94 134
94 140
94 193
94 242
94 250
94 287
95 133
95 156
95 162
95 241
96 98
96 103
96 124
96 130
96 216
96 241
97 101
97 124
97 193
97 268
97 287
98 122
98 129
98 234
98 271
98 275
99 173
99 193
99 214
99 221
99 239
99 273
99 284
101 119
101 129
101 139
101 179
101 270
102 134
102 152
102 153
102 206
102 233
102 249
102 257
102 306
103 111
103 129
103 133
103 151
103 174
103 191
103 215
103 217
103 279
103 288
104 116
104 121
104 157
104 247
104 281
104 288
105 131
105 206
105 211
105 239
105 287
106 167
106 246
106 273
106 291
107 109
107 110
107 111
107 193
108 150
108 206
108 273
108 275
109 275
109 287
110 222
111 138
111 238
112 119
112 130
112 150
112 154
112 156
112 168
114 129
114 269
115 121
115 143
115 229
115 232
116 118
116 130
116 145
116 161
116 180
117 140
117 191
117 200
117 244
117 284
118 122
118 130
118 136
118 148
118 157
118 179
118 187
118 189
118 192
118 193
118 204
118 264
118 305
119 144
119 156
119 288
120 129
120 233
121 124
121 156
122 131
122 133
122 134
122 135
122 141
122 157
122 163
122 255
122 280
123 200
123 269
123 296
124 135
124 152
124 193
124 283
127 130
127 194
127 230
128 165
128 215
128 225
128 248
129 130
129 131
129 135
129 142
129 156
129 177
129 180
129 188
129 191
129 192
129 242
129 249
129 265
129 287
129 306
129 307
129 309
130 133
130 135
130 139
130 151
130 154
130 164
130 171
130 173
130 176
130 179
130 188
130 200
130 221
130 222
130 228
130 245
130 266
130 268
130 288
130 303
130 305
131 134
131 146
131 148
131 160
131 192
131 205
131 214
131 218
131 254
131 264
131 298
131 302
131 304
131 305
131 315
132 134
132 136
132 278
133 149
133 163
133 167
133 180
133 192
133 209
133 230
133 235
133 239
133 242
133 266
133 267
133 268
133 269
133 271
133 298
134 135
134 137
134 140
134 141
134 187
134 215
134 238
134 242
134 269
134 278
134 287
134 305
134 307
134 310
135 149
135 154
135 156
135 159
135 162
135 166
135 177
135 180
135 192
135 195
135 204
135 221
135 231
135 235
135 238
135 243
135 252
135 275
135 287
136 159
136 167
136 180
136 185
136 205
136 211
136 213
136 224
136 264
136 304
138 158
138 206
138 229
138 268
140 148
140 200
140 283
142 199
142 200
142 215
143 265
143 311
145 153
145 156
145 188
145 224
145 231
145 233
145 271
147 246
148 186
148 206
148 230
148 238
148 239
148 250
148 255
148 313
149 167
149 179
149 196
149 231
149 242
150 249
151 167
151 224
151 233
152 169
152 213
152 301
153 299
154 164
154 177
154 210
154 287
154 313
155 235
156 157
156 160
156 180
156 204
156 206
156 210
156 243
156 244
156 305
157 160
157 172
157 180
157 205
157 210
157 215
157 239
157 283
157 293
158 185
158 303
158 314
159 177
159 204
159 226
159 288
160 237
160 249
160 284
160 287
161 305
161 308
162 240
163 271
163 305
164 188
165 304
166 193
166 210
166 238
167 177
167 179
167 186
167 191
167 263
167 272
167 279
167 280
167 292
167 301
167 303
168 225
169 266
169 314
172 177
172 249
173 215
174 264
175 193
175 272
176 185
176 215
176 264
177 188
178 219
179 210
179 220
179 249
179 286
180 200
180 281
180 285
180 309
185 201
185 287
185 294
187 255
188 191
188 242
188 248
188 273
188 286
188 301
190 204
190 222
190 275
191 208
191 215
191 234
191 236
191 241
192 235
192 266
193 210
193 218
193 260
193 272
193 284
193 286
193 287
194 286
195 220
195 239
195 249
198 233
199 247
200 219
200 261
200 304
201 210
201 257
202 232
205 303
205 311
206 239
206 269
206 273
206 307
209 217
210 211
210 264
213 221
213 249
213 266
213 270
215 216
215 267
215 269
215 276
216 219
216 239
216 272
216 283
216 303
218 234
219 235
219 266
220 250
220 252
221 286
221 312
222 302
224 230
224 264
227 236
228 269
231 254
231 268
231 305
232 260
232 272
232 278
232 288
233 258
233 286
233 309
237 298
241 293
242 283
242 305
243 245
243 247
243 307
244 287
244 290
245 249
246 294
247 298
248 257
249 271
249 302
251 291
255 258
255 267
255 280
255 286
255 304
257 259
257 284
258 293
260 266
260 272
261 269
262 303
264 299
269 314
271 304
278 288
279 301
279 310
281 289
281 304
281 311
282 301
283 287
284 312
286 314
287 311
294 310
297 305
304 311
