0 4
0 26
0 86
0 135
0 201
0 287
1 31
1 59
1 129
1 157
1 174
1 209
2 32
2 62
2 85
2 94
2 104
2 148
2 157
2 159
2 164
2 195
2 232
2 243
2 255
2 258
2 271
2 314
3 18
3 30
3 184
3 196
4 14
4 29
4 68
4 130
4 155
4 156
5 14
5 75
5 109
5 217
5 248
6 24
6 114
6 130
6 157
6 176
6 231
6 249
7 18
7 34
7 40
7 73
7 92
7 103
7 110
7 128
7 131
7 135
7 156
7 167
7 193
7 276
7 278
7 293
7 305
8 39
8 42
8 61
8 67
8 97
8 109
8 130
8 156
8 221
8 223
8 304
9 34
9 38
9 59
9 63
9 80
9 102
9 115
9 129
9 179
9 188
10 32
10 207
11 24
11 38
11 73
11 115
11 131
12 46
12 118
12 133
12 167
12 196
12 215
12 232
12 298
13 14
13 46
13 130
13 287
14 32
14 93
14 97
14 133
14 135
14 188
14 242
14 302
14 305
15 51
15 69
15 123
15 131
15 148
15 162
15 216
15 261
15 280
16 20
16 27
16 28
16 32
16 59
16 95
16 104
16 118
16 144
16 145
16 174
16 188
16 193
16 205
16 206
16 220
16 236
16 245
16 255
16 271
16 272
16 309
17 130
17 267
18 31
18 35
18 49
18 84
18 122
18 157
18 180
18 200
18 206
18 221
18 247
18 286
18 293
19 103
19 184
19 276
20 40
20 59
20 75
20 94
20 99
20 140
20 145
20 173
20 290
21 27
21 144
21 162
21 172
21 179
22 185
22 216
22 236
23 145
23 156
23 229
24 48
24 67
24 80
24 197
24 206
24 249
25 69
25 94
25 96
25 109
25 160
25 208
25 223
25 305
26 51
26 168
26 206
27 49
27 59
27 73
27 80
27 152
27 180
27 196
27 220
27 281
28 89
28 103
28 120
28 128
28 130
28 156
29 45
29 110
29 129
29 130
29 189
29 218
30 37
30 121
30 167
30 193
30 200
30 258
31 37
31 72
31 110
31 118
31 131
31 134
31 145
31 167
31 184
31 205
31 206
31 239
31 250
32 33
32 49
32 74
32 102
32 103
32 124
32 160
32 182
32 194
32 206
32 208
32 222
32 279
33 39
33 97
33 129
33 133
33 191
33 200
33 201
33 229
33 231
33 232
33 271
33 283
33 286
34 48
34 50
34 77
34 84
34 130
34 132
34 136
34 138
34 178
34 185
34 204
34 206
34 216
34 241
35 40
35 102
35 124
35 135
35 288
36 45
36 87
36 156
36 168
36 188
36 205
36 283
36 293
36 305
37 104
37 105
37 152
37 178
37 193
37 285
37 303
38 95
38 208
39 64
39 200
39 213
39 268
40 64
40 83
40 101
40 106
40 129
40 131
40 150
40 234
40 237
40 240
40 287
41 46
41 57
41 128
41 131
41 156
41 230
42 92
42 157
42 168
42 200
42 206
43 129
43 134
43 159
43 255
44 51
44 124
44 130
44 275
45 51
45 59
45 96
45 102
45 126
45 154
45 175
45 204
45 217
45 221
45 239
45 285
45 286
45 308
45 314
46 51
46 59
46 60
46 138
46 158
46 250
46 287
46 311
47 72
47 85
47 98
47 131
47 187
47 196
47 199
47 208
47 260
48 68
48 73
48 74
48 129
48 131
48 146
48 168
49 76
49 104
49 128
49 148
49 275
50 90
50 109
50 129
50 130
50 156
50 159
50 170
50 180
50 214
50 220
50 234
50 305
51 85
51 108
51 129
51 134
51 195
52 129
52 135
52 158
53 131
53 135
54 154
54 165
55 62
55 80
55 185
55 267
55 287
56 82
56 144
56 149
56 193
56 225
56 275
57 223
57 293
58 167
58 304
59 64
59 67
59 83
59 97
59 102
59 131
59 252
59 258
59 267
59 298
59 303
59 305
60 123
60 133
60 145
60 152
60 179
60 197
60 243
60 276
60 286
61 239
62 118
62 233
62 255
63 130
63 238
63 272
63 304
64 77
64 92
64 176
64 181
64 208
64 220
64 302
65 85
65 103
65 125
66 73
66 165
66 226
67 75
67 105
67 129
67 136
67 138
67 149
67 171
67 180
67 207
67 279
67 287
68 75
68 81
68 124
68 137
68 145
68 167
68 200
68 225
68 276
68 287
69 101
69 133
69 156
69 256
69 275
69 298
70 86
70 167
70 178
70 193
70 217
70 286
71 136
71 222
72 134
72 152
72 231
73 133
73 269
73 287
74 75
74 80
74 89
74 100
74 133
74 134
74 154
74 159
74 161
74 169
74 194
74 196
74 278
75 126
75 148
75 149
75 152
75 188
75 193
76 89
76 134
76 212
76 283
77 83
77 117
77 123
77 285
78 82
78 183
78 211
78 216
79 261
80 102
80 130
80 168
80 180
80 192
80 233
80 286
80 292
80 302
82 192
82 214
82 242
82 274
83 89
83 207
83 240
83 276
84 95
84 139
84 167
84 206
84 286
85 129
85 138
85 149
85 264
86 141
86 197
87 110
87 130
87 135
87 149
87 156
87 205
87 283
88 156
88 157
88 160
88 189
88 200
88 266
88 267
89 90
89 95
89 264
90 100
90 148
90 159
90 212
90 279
91 153
91 231
91 288
92 124
92 127
92 156
92 159
92 160
92 161
92 199
92 223
92 224
93 193
93 285
94 109
94 118
94 134
94 240
94 249
94 270
94 295
95 134
95 167
95 298
96 133
96 152
96 193
96 215
96 224
96 249
96 289
97 144
97 215
97 224
97 235
97 244
97 258
98 129
98 133
98 134
98 167
100 127
100 166
101 135
101 179
101 185
101 288
101 309
102 130
102 162
102 190
102 217
102 273
102 307
103 117
103 135
103 193
103 232
103 272
103 287
103 289
103 291
103 299
104 135
104 142
104 193
104 200
104 215
104 257
104 269
104 285
104 287
105 124
105 130
105 264
105 286
105 287
105 295
105 302
106 118
106 133
106 148
106 159
106 226
106 249
106 309
107 109
107 115
107 135
107 157
107 193
107 222
107 224
107 233
108 112
108 127
108 185
108 186
108 243
109 123
109 129
109 160
109 201
109 242
109 273
110 129
110 165
110 168
110 222
110 238
110 252
111 121
111 197
112 205
112 246
113 130
113 199
113 207
114 129
114 131
114 220
115 156
115 200
115 209
115 258
117 131
117 219
117 220
117 272
117 275
117 286
118 123
118 124
118 149
118 157
118 179
118 188
118 200
118 220
118 234
118 305
119 131
119 245
120 133
120 304
121 129
121 206
121 275
122 197
122 288
122 313
123 200
124 130
124 147
124 156
124 157
124 171
124 196
124 201
124 206
124 210
124 249
124 304
124 314
125 233
127 212
127 279
128 129
128 196
128 204
128 258
128 290
128 298
129 149
129 156
129 166
129 203
129 212
129 220
129 224
129 226
129 231
129 233
129 246
129 251
129 269
129 272
129 286
130 131
130 133
130 136
130 141
130 148
130 154
130 167
130 171
130 184
130 188
130 195
130 201
130 246
130 285
130 287
130 288
131 132
131 136
131 156
131 195
131 206
131 231
131 255
131 266
131 271
131 281
131 284
131 288
132 134
132 263
132 305
133 134
133 136
133 164
133 197
133 199
133 200
133 209
133 231
133 233
133 242
133 288
133 303
133 305
134 136
134 149
134 157
134 159
134 173
134 192
134 197
134 202
134 206
134 208
134 220
134 232
134 239
134 249
134 258
134 263
134 274
134 287
134 288
134 312
135 138
135 147
135 154
135 156
135 179
135 218
135 236
135 241
135 246
135 249
135 251
135 287
135 295
135 302
135 304
136 145
136 147
136 149
136 156
136 164
136 165
136 180
136 224
136 287
136 310
137 148
138 157
138 167
138 211
140 205
140 224
140 226
140 254
140 267
141 180
141 287
142 286
143 147
143 200
143 286
144 210
144 220
145 160
145 184
145 239
145 254
146 167
146 219
146 278
146 281
147 151
147 235
148 180
148 188
148 215
148 287
148 296
149 176
149 249
149 258
150 220
150 283
152 172
152 197
153 220
153 232
154 181
155 157
155 161
156 157
156 162
156 172
156 195
156 206
156 220
156 223
156 230
156 244
156 271
156 272
156 302
156 314
157 182
157 184
157 194
157 218
157 219
157 249
157 286
157 296
158 180
159 204
159 263
160 214
160 231
160 259
160 279
160 309
161 210
161 249
161 288
162 173
162 188
162 220
162 264
163 176
166 305
167 206
167 218
167 231
167 257
167 272
167 280
167 297
167 301
167 303
167 308
168 230
168 234
168 249
169 287
171 276
171 309
172 180
172 234
173 188
174 239
174 305
175 208
175 239
177 185
177 186
177 188
177 249
177 259
179 189
179 253
179 278
180 214
180 305
181 247
181 272
181 276
181 298
182 249
184 205
184 285
185 259
187 313
188 196
188 197
188 205
188 211
188 215
188 217
188 220
188 229
188 233
188 242
188 310
191 289
193 209
193 211
193 231
193 264
193 289
193 306
195 233
195 242
197 200
197 238
197 288
200 212
200 216
200 224
201 275
202 258
202 283
204 241
204 303
205 271
205 280
205 287
205 298
206 252
206 279
206 315
207 295
209 236
209 305
210 246
210 267
211 216
211 264
211 269
212 217
212 223
212 247
212 292
213 288
214 283
215 244
215 272
216 233
216 313
220 226
220 233
220 263
220 311
222 305
223 252
224 257
224 285
224 290
224 301
226 287
226 292
227 267
230 235
230 239
231 247
232 260
233 272
236 272
237 253
237 285
237 308
239 247
240 255
242 279
242 287
245 248
245 262
246 296
247 279
249 278
249 279
249 285
249 301
250 255
252 278
252 283
255 279
258 286
258 288
268 278
268 291
269 288
281 286
284 288
286 287
286 309
287 299
288 293
288 297
290 303
293 303
301 308
