0 43
0 48
0 70
0 156
0 190
0 254
0 313
1 46
1 103
1 131
1 134
1 151
1 157
1 266
2 6
2 46
2 68
2 102
2 124
2 154
2 205
2 211
2 239
2 242
2 249
2 275
3 15
3 59
3 160
3 179
3 201
3 290
3 305
4 12
4 40
4 135
4 219
4 270
4 272
4 283
5 7
5 52
5 126
5 167
5 196
6 10
6 43
6 60
6 95
6 102
6 155
6 191
6 243
6 269
7 14
7 23
7 32
7 51
7 71
7 215
7 226
7 287
8 43
8 58
8 101
8 104
8 110
8 112
8 133
8 160
8 164
8 196
8 197
8 205
8 206
8 224
8 249
8 273
8 285
8 303
9 37
9 135
9 201
9 242
9 299
10 97
10 156
10 205
10 222
11 79
11 130
12 33
12 107
12 134
13 18
13 34
13 68
13 137
13 236
13 264
13 284
13 311
14 16
14 79
14 99
14 111
14 133
14 178
14 193
14 206
14 238
14 274
14 282
14 285
15 80
15 160
15 174
15 200
15 202
16 36
16 39
16 46
16 95
16 131
16 137
16 160
16 173
16 209
16 230
16 240
16 285
17 47
17 130
17 154
17 195
17 238
17 242
17 249
18 59
18 90
18 102
18 131
18 134
18 135
18 162
18 190
18 206
18 213
18 231
18 252
19 130
20 69
20 72
20 104
20 133
20 303
20 315
21 28
21 53
21 69
21 104
21 110
22 149
23 133
23 157
23 180
23 276
24 28
24 75
24 78
24 103
24 130
24 134
24 141
24 142
24 149
24 177
24 188
24 193
24 287
24 288
25 32
25 34
25 55
25 79
25 131
25 148
25 175
25 225
25 233
25 252
25 302
26 131
26 142
26 160
26 184
26 272
26 291
27 122
27 131
27 160
27 162
27 179
27 200
28 142
28 150
28 154
28 162
28 206
28 305
29 63
29 68
29 95
29 148
29 149
29 159
29 213
30 48
30 136
30 258
30 276
31 40
31 51
31 103
31 115
31 133
31 134
31 145
31 158
31 160
31 161
31 188
31 202
31 233
31 258
31 259
31 260
32 33
32 34
32 48
32 59
32 108
32 118
32 124
32 131
32 136
32 138
32 156
32 160
32 182
32 200
32 275
32 278
32 284
32 295
33 34
33 59
33 108
33 116
33 134
33 140
33 180
33 200
33 204
33 216
33 227
33 286
34 40
34 46
34 94
34 124
34 129
34 130
34 137
34 141
34 142
34 178
34 188
34 233
35 112
35 118
35 128
35 144
35 218
35 286
36 52
36 145
36 157
36 162
36 179
36 191
36 226
36 275
37 41
37 61
37 79
37 113
37 132
37 154
37 220
37 238
37 287
38 124
38 166
38 174
38 215
38 247
38 273
38 290
39 66
39 108
39 134
39 193
39 287
40 44
40 105
40 117
40 157
40 205
40 278
41 42
41 68
41 112
41 205
41 286
42 152
42 217
42 257
42 276
42 278
43 50
43 135
43 158
43 273
44 46
44 101
44 141
44 193
44 200
44 216
44 235
44 245
44 307
45 46
45 130
45 131
45 135
45 156
45 191
45 206
45 216
46 55
46 92
46 104
46 132
46 135
46 156
46 164
46 205
46 220
46 244
47 56
47 134
47 137
48 74
48 135
48 277
48 300
48 301
49 94
49 105
49 222
50 124
50 131
50 148
50 184
50 242
50 297
51 86
51 102
51 156
51 173
51 202
51 239
51 275
51 292
52 122
52 156
52 161
52 255
53 83
53 101
53 128
53 216
53 239
54 164
54 279
55 67
55 74
55 83
55 95
55 116
55 129
55 130
55 142
55 150
55 228
55 293
56 67
56 91
56 135
56 156
56 188
56 211
56 220
56 274
57 133
57 139
58 206
58 296
59 134
59 136
59 138
59 251
59 269
59 279
60 77
60 112
60 127
60 128
60 142
60 147
60 167
60 214
60 266
60 270
61 288
62 193
62 203
63 67
63 118
63 123
63 125
63 130
63 131
63 206
64 111
64 129
64 156
64 168
64 177
64 205
64 260
64 313
65 83
65 115
65 159
65 211
66 218
66 239
66 245
66 249
67 121
67 129
67 130
67 133
67 134
67 161
67 185
67 231
67 242
68 98
68 126
68 131
68 134
68 172
68 173
68 242
69 104
69 110
69 131
69 194
69 267
69 291
69 295
69 296
69 306
70 130
70 156
70 192
70 212
71 109
71 129
71 130
71 194
72 134
72 139
72 160
72 212
72 215
72 272
73 136
73 159
74 93
74 103
74 149
74 171
74 192
75 76
75 124
75 129
75 185
75 188
75 206
75 218
75 247
75 263
75 308
76 84
76 85
76 249
76 287
77 161
77 171
77 173
77 239
77 241
78 294
79 87
79 107
79 210
79 294
80 93
80 99
80 131
80 174
80 206
80 231
80 247
80 266
81 128
81 134
81 142
81 210
82 136
82 288
83 200
83 273
84 114
84 119
84 220
84 259
85 105
85 133
85 174
85 218
85 285
86 287
87 124
87 164
87 174
87 249
87 258
87 262
87 271
87 275
88 130
88 134
88 145
88 167
88 216
88 217
88 275
88 298
89 102
89 103
89 118
89 135
89 155
89 167
89 173
89 237
89 252
89 264
89 266
89 268
89 303
90 95
90 133
90 224
91 244
91 285
92 290
93 135
93 258
94 206
94 271
95 134
95 224
95 287
96 134
96 181
96 193
96 217
96 309
97 134
97 204
97 288
98 228
99 130
99 164
100 120
100 172
100 267
101 112
101 265
101 288
102 129
102 215
102 242
102 298
103 158
103 185
103 196
103 206
103 218
103 245
103 262
103 287
104 116
104 122
104 156
104 197
104 224
104 249
104 272
105 131
105 135
105 157
106 128
106 133
106 135
106 140
106 167
106 213
107 135
107 136
107 205
107 241
107 275
107 293
108 263
109 131
109 156
109 220
109 229
110 151
110 172
110 208
110 218
110 252
111 115
111 220
111 305
113 117
113 314
114 133
114 193
114 263
114 267
115 133
115 169
115 174
117 131
117 157
117 174
117 179
117 200
117 210
118 129
118 136
118 220
118 231
118 256
118 287
118 299
119 133
119 197
119 275
119 283
120 124
120 126
120 298
121 180
121 193
122 184
122 299
122 304
123 135
123 156
123 238
123 274
124 133
124 149
124 151
124 206
124 210
124 214
124 232
124 250
124 287
124 290
125 259
126 131
126 249
128 236
128 252
128 275
128 305
129 130
129 139
129 148
129 154
129 162
129 167
129 175
129 178
129 193
129 206
129 220
129 229
129 245
129 259
129 264
129 273
129 274
129 299
129 313
130 131
130 134
130 140
130 142
130 173
130 192
130 193
130 203
130 217
130 233
130 234
130 237
130 249
130 258
130 259
130 264
130 281
130 286
130 288
130 311
131 143
131 148
131 157
131 160
131 161
131 167
131 195
131 217
131 229
131 233
131 261
131 268
131 311
132 148
132 159
133 135
133 149
133 152
133 157
133 184
133 200
133 231
133 249
133 278
133 285
133 302
133 313
134 136
134 156
134 157
134 168
134 171
134 179
134 180
134 203
134 204
134 247
134 252
134 264
134 285
134 309
135 147
135 149
135 177
135 184
135 193
135 202
135 216
135 217
135 220
135 224
135 260
135 277
135 278
135 281
135 286
136 137
136 156
136 166
136 175
136 200
136 215
136 276
136 280
136 287
136 304
137 167
137 169
137 210
137 219
137 292
138 149
138 160
138 246
138 249
138 252
138 305
139 187
140 200
140 225
142 180
142 219
142 288
143 152
143 211
145 160
145 168
145 207
145 293
146 287
146 314
147 165
148 185
148 199
148 294
149 175
149 238
149 273
149 286
149 305
150 221
151 174
151 275
152 222
152 238
152 240
152 258
152 284
153 187
153 206
153 215
154 156
154 193
154 209
154 242
155 207
155 276
155 310
156 157
156 161
156 178
156 205
156 211
156 215
156 220
156 223
156 224
156 226
156 241
156 249
156 263
156 286
156 288
157 210
157 219
157 245
157 287
157 295
158 195
158 208
158 219
158 278
159 193
159 204
160 166
160 181
160 195
160 218
160 220
160 284
160 309
161 174
161 310
162 217
162 279
167 200
167 273
167 285
167 304
168 279
169 232
171 193
171 245
172 214
173 204
173 304
174 188
174 311
175 210
175 271
176 285
177 247
177 256
178 197
179 241
179 245
179 273
179 295
179 300
180 193
180 195
180 218
180 252
180 285
181 239
181 240
181 279
181 280
182 239
182 243
182 288
184 211
184 242
185 249
186 298
188 227
188 269
188 272
188 294
189 299
190 221
192 248
193 206
193 210
193 286
193 303
193 305
193 306
196 208
196 263
197 211
197 275
199 247
200 224
200 242
200 244
200 270
200 276
201 209
201 223
201 263
201 281
201 301
202 232
202 302
203 238
205 230
206 247
208 287
210 232
210 242
210 261
210 281
211 215
212 219
212 223
214 237
215 232
216 244
216 278
216 284
216 288
217 292
218 244
219 286
220 230
220 268
221 303
222 271
224 288
224 304
224 311
225 248
226 284
228 260
230 232
230 285
231 243
231 255
231 305
232 233
233 244
234 277
238 272
238 287
239 286
242 290
244 292
245 291
247 285
247 305
248 298
249 294
249 307
251 299
252 272
253 288
257 303
258 261
258 288
260 304
261 304
263 274
265 287
267 299
274 303
275 302
275 313
277 310
279 293
283 295
284 287
286 287
286 299
286 311
287 298
287 312
287 315
288 303
288 312
298 313
306 314
313 314
