0 27
0 33
0 76
0 102
0 131
0 133
0 140
0 156
0 201
0 309
1 40
1 45
1 54
1 60
2 13
2 15
2 17
2 31
2 33
2 60
2 74
2 129
2 130
2 204
2 213
2 223
2 227
2 246
2 252
2 256
2 279
3 61
3 110
3 133
3 185
3 288
4 19
4 24
4 48
4 53
4 123
4 283
4 288
5 31
5 41
5 48
5 107
5 123
5 175
5 185
5 228
6 108
6 118
6 134
6 251
6 267
6 287
6 314
7 21
7 22
7 29
7 44
7 51
7 67
7 105
7 110
7 115
7 129
7 133
7 177
7 250
7 255
7 273
7 279
7 287
7 305
8 18
8 19
8 55
8 79
8 125
8 155
8 179
8 181
8 194
8 196
8 272
8 285
9 48
9 109
9 112
9 130
9 149
9 160
9 167
9 224
9 248
9 255
9 267
9 287
9 303
9 309
10 136
10 206
11 107
11 131
11 288
11 304
12 65
12 130
12 131
12 177
12 210
12 275
13 18
13 23
13 37
13 40
13 75
13 138
13 213
14 32
14 68
14 69
14 70
14 88
14 103
14 119
14 133
14 150
14 160
14 205
14 206
14 210
14 217
14 252
14 260
14 277
14 278
14 290
14 305
15 74
15 87
15 118
15 131
15 160
16 30
16 42
16 47
16 60
16 108
16 129
16 131
16 140
16 144
16 154
16 157
16 158
16 191
16 205
16 271
16 275
17 179
17 315
18 89
18 129
18 156
18 203
18 248
18 269
18 313
19 60
19 124
19 227
19 277
20 115
20 135
20 149
20 160
20 172
21 31
21 64
21 285
22 35
22 133
22 295
23 38
23 120
23 233
23 234
23 314
24 42
24 49
24 129
24 165
24 210
24 287
25 33
25 44
25 98
25 110
25 135
25 139
25 173
25 180
26 210
26 293
27 30
27 121
27 164
27 169
27 239
27 277
27 296
28 124
28 148
28 193
28 304
29 46
29 47
29 95
29 136
29 242
29 313
30 42
30 65
30 102
30 117
30 164
30 174
30 287
31 50
31 82
31 110
31 129
31 134
31 137
31 148
31 149
31 159
31 188
31 196
31 258
31 260
31 280
31 288
32 33
32 41
32 75
32 98
32 100
32 107
32 118
32 130
32 131
32 133
32 137
32 142
32 156
32 169
32 175
32 211
32 241
32 249
32 279
32 288
32 296
33 40
33 45
33 75
33 94
33 101
33 160
33 200
33 266
33 273
34 103
34 106
34 118
34 145
34 167
34 197
34 235
35 117
35 135
35 145
35 172
35 210
36 122
36 178
36 191
36 266
37 210
38 69
38 124
38 130
38 166
38 245
38 249
38 287
38 296
39 48
39 54
39 123
39 129
39 135
39 233
40 69
40 109
40 167
40 232
40 275
41 80
41 131
41 157
41 245
41 272
41 308
42 131
42 184
42 206
42 249
42 287
42 288
42 307
43 67
43 133
43 157
43 159
43 212
43 242
43 285
43 307
44 129
45 89
45 107
45 131
45 134
45 135
45 142
45 148
45 156
45 171
45 255
46 49
46 55
46 62
46 84
46 102
46 117
46 126
46 130
46 150
46 173
46 195
46 196
46 220
46 233
46 244
46 264
46 273
46 296
47 56
47 74
47 81
47 105
47 106
47 117
47 124
47 205
47 223
47 275
48 118
48 156
48 243
48 244
48 264
49 74
49 79
49 134
49 206
50 92
50 161
50 198
50 214
50 269
50 288
50 302
51 80
51 97
51 118
51 122
51 135
51 200
51 206
51 220
51 236
51 240
51 285
52 105
52 240
52 251
52 276
52 287
53 105
53 188
53 219
53 221
53 293
54 68
54 216
54 237
55 226
55 315
56 124
56 194
56 258
56 288
57 102
59 85
59 89
59 103
59 104
59 123
59 134
59 146
59 160
59 172
59 173
59 177
59 178
59 188
59 212
59 232
59 239
59 249
59 258
59 275
59 293
60 69
60 85
60 133
60 151
60 201
60 210
60 219
60 285
61 101
61 162
61 282
62 81
62 96
62 118
62 156
62 286
63 108
63 118
63 156
63 162
63 239
63 285
64 92
64 131
64 148
64 152
64 168
64 224
64 233
64 241
64 245
64 287
65 156
65 167
65 220
66 85
66 104
66 133
66 141
66 159
66 288
67 76
67 96
67 124
67 129
67 132
67 145
67 164
67 174
67 187
67 208
67 229
67 230
67 231
67 268
67 287
68 100
68 120
68 180
69 153
71 132
71 182
71 200
72 156
72 173
72 232
72 239
73 144
73 268
73 287
73 292
73 304
74 110
74 120
74 124
74 134
74 147
74 217
74 242
74 249
74 252
74 261
74 279
74 285
74 288
75 128
75 131
75 147
75 212
75 293
75 310
76 123
76 162
77 156
77 204
78 103
78 207
78 287
79 110
79 130
79 197
79 224
79 255
79 275
80 90
80 149
80 200
80 249
80 294
80 298
80 309
81 134
81 141
81 163
81 202
81 264
81 280
81 281
81 288
81 304
82 94
82 149
83 181
83 212
83 249
83 295
84 188
84 190
84 281
85 129
85 132
85 157
85 188
85 198
85 288
86 109
86 136
86 142
87 103
87 142
87 148
87 200
87 210
87 256
87 286
87 303
88 133
88 135
88 167
88 215
88 249
88 270
88 293
89 97
89 102
89 112
89 159
89 184
89 216
89 223
89 231
89 249
89 286
90 134
90 136
91 249
91 285
92 96
92 109
92 133
92 194
92 269
92 272
94 133
94 134
94 149
94 200
94 285
95 138
95 140
95 165
95 204
95 211
95 230
95 261
95 292
95 306
96 118
96 122
96 139
96 150
96 157
96 213
96 260
97 117
97 145
97 156
97 167
97 168
98 103
98 185
98 206
98 214
98 272
98 273
98 305
99 102
99 215
100 166
101 157
101 204
101 215
101 286
102 108
102 130
102 134
102 188
102 272
102 274
103 130
103 184
103 206
104 105
104 149
104 194
104 267
105 124
105 134
106 107
106 110
106 125
106 131
106 185
106 209
106 214
107 112
107 276
108 177
109 138
109 219
109 240
109 249
109 272
109 280
110 141
110 200
110 205
110 247
110 252
111 135
112 134
112 136
113 124
114 129
114 185
115 238
115 249
115 305
117 154
117 167
117 171
117 191
117 217
117 279
118 152
118 184
118 192
118 217
118 231
118 237
118 242
118 270
118 302
119 136
119 148
119 283
120 156
121 178
121 197
121 239
121 242
121 255
122 129
122 138
122 156
122 164
122 205
122 208
122 252
122 260
123 136
124 140
124 178
124 180
124 272
126 217
127 144
127 205
127 242
127 279
127 305
127 308
128 174
128 185
128 205
128 213
128 256
128 301
129 133
129 149
129 160
129 166
129 168
129 174
129 177
129 200
129 208
129 235
129 244
129 259
129 265
129 269
129 285
129 287
129 300
130 145
130 222
130 238
130 242
130 249
130 272
130 290
130 293
130 298
130 302
130 315
131 134
131 149
131 150
131 188
131 212
131 217
131 221
131 223
131 247
131 258
131 283
131 287
131 303
132 133
132 198
132 200
133 134
133 152
133 156
133 160
133 177
133 178
133 192
133 202
133 210
133 232
133 238
133 239
133 256
133 260
133 279
133 284
133 289
133 294
133 295
134 136
134 142
134 146
134 148
134 156
134 162
134 196
134 208
134 269
134 288
134 295
134 298
134 306
134 307
134 313
135 152
135 167
135 188
135 199
135 200
135 206
135 215
135 222
135 232
135 234
135 242
135 276
135 305
136 196
136 201
136 215
136 311
137 180
138 148
138 156
138 158
138 171
138 248
138 287
138 298
139 217
140 213
140 283
141 239
141 277
141 297
142 153
142 224
142 258
143 151
143 285
144 277
145 260
146 213
147 283
147 287
148 160
148 167
148 179
148 202
148 207
148 293
148 301
149 154
149 220
149 249
151 213
151 215
151 245
152 164
152 216
152 244
152 256
154 193
155 210
155 228
155 287
156 200
156 239
156 271
156 275
156 286
156 304
156 307
156 313
157 161
157 164
157 185
157 193
157 237
157 284
159 231
159 288
160 179
160 204
160 212
160 215
160 247
160 260
161 185
161 222
162 172
162 180
162 234
163 184
164 188
164 217
167 186
167 242
167 260
167 304
167 311
167 313
171 223
171 236
172 210
173 243
173 255
173 260
174 310
175 193
175 220
177 271
177 293
178 214
179 250
179 252
179 272
179 287
180 181
180 232
180 242
180 272
180 292
180 305
181 215
181 247
182 240
184 268
185 188
185 273
185 284
185 308
188 217
188 294
188 298
190 191
190 262
191 209
191 258
191 278
192 279
193 205
193 258
193 261
193 267
193 296
193 307
194 276
195 305
196 204
196 276
197 231
197 241
197 257
199 221
200 215
200 219
200 271
200 272
200 301
201 220
201 249
201 290
202 211
202 269
204 207
204 245
204 299
205 208
205 212
205 231
205 260
205 272
206 218
206 222
206 286
207 295
208 216
209 220
210 249
210 286
210 288
211 253
211 277
211 286
212 287
213 272
214 241
214 313
216 277
216 281
217 231
217 293
219 230
220 223
220 265
220 269
220 273
221 302
223 230
224 287
225 293
228 307
230 265
230 303
231 241
231 258
232 233
232 242
233 237
233 266
233 285
233 288
233 296
236 287
238 283
238 300
239 240
239 295
240 266
241 280
242 286
243 269
244 261
244 264
246 283
249 252
249 275
249 287
249 294
249 305
250 267
252 287
257 279
258 282
258 286
258 299
262 284
265 267
265 294
269 313
271 275
272 288
272 303
273 275
281 293
285 295
286 288
293 298
