0 20
0 80
0 179
0 205
0 287
1 97
1 161
2 7
2 19
2 31
2 56
2 75
2 78
2 88
2 97
2 157
2 164
2 172
2 210
2 224
2 242
2 258
2 271
2 273
2 299
2 313
3 16
3 41
3 118
3 201
4 14
4 75
4 81
4 94
4 233
5 8
5 13
5 15
5 104
5 127
5 180
6 13
6 50
6 64
6 99
6 117
6 133
6 247
7 29
7 64
7 67
7 92
7 103
7 130
7 136
7 159
7 160
7 182
7 200
7 215
7 242
7 266
8 16
8 63
8 66
8 74
8 80
8 92
8 134
8 141
8 183
8 278
8 287
8 294
9 38
9 46
9 74
9 96
9 128
9 132
9 190
9 197
9 287
9 292
9 315
10 33
10 122
10 138
10 157
10 230
10 293
10 298
11 36
11 102
11 179
11 243
12 48
12 60
12 106
12 124
12 156
12 167
12 177
12 182
12 245
12 285
12 286
13 40
13 44
13 49
13 118
13 129
13 140
13 148
13 173
13 181
13 194
13 249
14 59
14 106
14 116
14 119
14 180
14 244
14 305
14 313
15 25
15 26
15 94
15 135
15 159
15 172
15 173
15 200
15 238
16 18
16 20
16 43
16 50
16 59
16 129
16 130
16 131
16 134
16 135
16 142
16 148
16 156
16 157
16 192
16 226
16 252
16 301
17 20
17 302
17 305
18 30
18 48
18 67
18 96
18 157
18 168
18 188
18 249
18 269
18 279
18 284
19 133
19 208
20 45
20 230
20 285
21 37
21 103
21 118
21 144
21 285
22 60
22 259
23 33
23 76
23 79
23 118
23 244
23 258
23 285
24 96
24 104
24 133
24 180
25 42
25 129
25 134
25 160
25 199
25 200
27 31
27 33
27 45
27 105
27 126
27 148
27 275
28 206
28 251
29 134
29 179
30 59
30 99
30 103
30 113
30 130
30 209
30 210
30 264
30 298
31 42
31 46
31 77
31 92
31 93
31 109
31 124
31 130
31 131
31 133
31 148
31 154
31 157
31 215
31 230
31 249
31 287
32 65
32 69
32 100
32 103
32 107
32 118
32 124
32 135
32 137
32 205
32 213
32 220
32 231
32 268
32 276
32 287
32 302
33 34
33 40
33 44
33 45
33 47
33 51
33 90
33 96
33 133
33 162
34 62
34 88
34 99
34 242
34 286
34 308
34 309
35 68
35 72
35 134
35 139
35 215
35 232
35 241
35 251
35 275
35 301
36 68
36 84
36 106
36 129
36 133
36 134
36 193
36 227
36 238
37 77
37 132
37 142
37 184
37 206
37 230
37 258
37 285
37 306
38 114
38 150
38 158
38 174
38 231
38 257
38 299
39 92
39 124
39 131
39 174
40 46
40 81
40 92
40 127
40 162
40 188
40 249
40 286
41 46
41 135
41 211
41 233
41 272
42 74
42 77
42 97
42 98
42 128
42 174
42 231
43 58
43 62
43 81
43 135
43 160
43 184
43 193
43 239
43 285
44 72
44 74
44 96
44 207
44 258
44 284
44 301
45 52
45 102
45 119
45 122
45 191
45 249
45 288
45 298
46 47
46 61
46 67
46 75
46 87
46 92
46 102
46 131
46 152
46 177
46 200
46 206
46 239
46 305
47 67
47 102
47 104
47 148
47 160
47 183
47 283
48 98
48 105
48 130
48 134
48 156
48 267
49 91
49 113
49 134
49 139
49 215
50 54
50 86
50 130
50 167
50 217
50 218
50 265
50 305
51 54
51 266
51 313
52 118
52 167
52 231
52 257
52 296
54 208
54 212
55 96
55 135
55 188
56 76
56 96
56 133
56 134
56 169
56 184
56 284
57 164
57 212
57 218
57 261
58 117
58 260
58 297
59 122
59 128
59 179
59 212
59 248
59 250
60 74
60 78
60 79
60 97
60 102
60 106
60 137
60 157
60 274
60 277
60 278
61 132
61 165
61 200
62 96
62 130
62 159
62 247
62 287
62 311
63 158
63 169
63 206
63 224
63 285
63 286
63 287
64 87
64 101
64 175
65 171
65 214
66 206
67 209
67 249
68 71
68 129
68 132
68 133
68 140
68 206
68 264
68 288
68 305
69 133
69 200
69 209
70 269
71 83
71 133
71 204
72 174
73 77
73 112
73 115
73 259
73 267
74 89
74 98
74 102
74 129
74 157
74 216
74 224
74 238
74 241
74 287
75 134
75 155
75 163
75 167
75 179
75 191
75 243
75 286
76 131
76 176
76 177
76 200
76 239
76 288
77 149
78 229
79 92
79 104
79 122
79 131
79 133
79 167
79 175
79 200
79 205
79 228
79 234
80 97
80 100
80 153
80 162
80 193
80 218
80 219
80 234
80 255
81 131
83 130
83 136
83 146
83 246
83 286
84 117
84 201
84 293
85 97
85 133
85 200
85 215
86 252
86 296
87 133
87 135
87 149
87 160
87 193
87 220
87 264
88 129
88 161
88 274
89 103
89 123
89 130
89 245
89 296
90 102
90 130
90 152
90 238
91 145
91 285
92 105
92 125
92 128
92 130
92 152
92 206
92 261
92 263
94 100
94 292
95 105
95 238
95 240
95 287
96 128
96 129
96 135
96 140
96 193
96 239
96 310
97 124
97 131
97 136
97 201
98 118
98 156
98 193
98 211
99 129
99 210
99 214
99 252
100 130
100 283
100 293
101 129
101 148
101 157
101 177
101 192
101 220
102 134
102 213
102 239
102 272
103 107
103 110
103 115
103 119
103 146
103 229
103 255
104 106
104 131
104 145
104 233
104 250
104 274
105 130
105 131
105 136
105 238
106 133
106 161
106 222
106 231
106 245
106 249
107 112
107 118
107 134
107 136
107 238
107 258
107 260
107 264
108 130
108 133
108 144
108 152
108 157
108 160
109 142
109 288
110 111
110 115
110 117
110 157
110 206
110 243
110 249
110 269
110 298
111 233
112 129
112 130
112 180
112 276
113 129
113 130
113 209
114 149
114 180
114 194
114 244
114 268
115 149
115 167
115 196
115 293
116 135
116 240
117 161
117 169
118 122
118 140
118 148
118 159
118 164
118 191
118 201
118 209
118 215
118 220
118 231
118 248
118 288
118 290
118 300
119 121
119 133
119 190
119 202
120 135
120 154
120 167
120 188
120 200
120 224
120 279
120 300
122 124
122 129
122 161
122 196
122 206
122 224
122 272
122 288
123 233
124 143
124 145
124 147
124 153
124 219
124 313
125 129
125 133
126 301
127 149
127 206
127 233
127 242
128 193
128 275
129 136
129 142
129 145
129 156
129 177
129 180
129 195
129 206
129 210
129 211
129 215
129 231
129 241
129 247
129 262
129 270
129 274
129 288
130 133
130 135
130 136
130 141
130 151
130 152
130 164
130 176
130 177
130 188
130 193
130 205
130 213
130 216
130 223
130 239
130 301
130 304
130 315
131 133
131 135
131 136
131 161
131 162
131 166
131 203
131 217
131 223
131 242
131 262
131 283
131 309
132 179
133 134
133 135
133 150
133 168
133 173
133 187
133 192
133 210
133 217
133 220
133 239
133 245
133 303
133 307
133 315
134 140
134 149
134 153
134 157
134 180
134 214
134 220
134 239
134 244
134 260
134 266
134 271
134 285
134 302
135 141
135 148
135 181
135 218
135 224
135 233
135 241
135 249
135 255
135 268
135 278
135 284
135 285
135 303
135 313
136 137
136 139
136 161
136 179
136 233
136 246
136 267
136 293
137 156
137 180
137 220
138 161
138 180
138 199
138 216
138 284
139 196
139 285
140 200
140 221
140 261
140 305
141 193
141 287
142 145
142 156
142 168
142 230
142 272
142 302
146 179
147 162
148 172
148 174
148 201
148 269
148 287
149 200
149 230
149 285
150 180
151 174
151 235
152 164
152 174
152 270
152 287
152 298
152 313
153 154
153 286
154 185
154 188
154 193
154 220
154 272
154 276
154 291
155 189
156 161
156 179
156 210
156 221
156 242
156 249
156 284
156 292
156 299
156 303
157 210
157 221
157 234
157 265
157 269
157 287
157 288
158 210
158 228
160 175
160 249
160 287
160 298
160 314
161 245
161 261
162 276
163 203
164 200
164 205
164 235
164 272
165 172
165 178
165 192
165 193
165 264
166 191
166 193
166 216
166 251
167 172
167 188
167 200
167 210
167 252
167 285
167 299
169 184
169 218
172 197
172 211
173 193
173 275
174 220
177 218
177 314
178 307
179 197
179 245
180 185
180 286
180 304
180 309
181 288
182 286
184 279
185 196
185 264
188 269
188 278
190 216
191 255
192 223
193 214
193 275
193 286
194 247
196 245
197 232
197 239
197 264
198 306
199 291
199 304
200 225
200 233
200 249
200 252
200 255
200 267
200 283
201 212
202 217
202 249
202 293
204 237
204 306
205 237
205 242
206 210
206 211
206 222
206 269
206 279
206 313
207 219
207 242
207 313
208 220
208 252
209 292
210 241
210 271
211 285
212 296
213 269
213 290
214 238
214 241
215 260
215 286
215 305
216 274
216 283
217 239
217 253
217 285
218 257
219 247
219 255
220 231
220 269
220 288
220 302
221 239
221 242
221 288
223 279
227 236
228 288
229 284
229 296
230 254
230 279
230 286
231 281
231 293
232 268
232 284
233 242
233 293
236 237
237 258
237 285
239 241
239 252
239 278
239 287
239 310
241 246
241 309
242 305
246 273
246 292
247 303
249 258
249 260
249 290
251 309
252 288
255 311
255 313
257 288
259 288
259 293
263 277
266 288
268 286
275 287
283 285
283 303
285 307
286 288
295 298
303 305
309 310
