0 4
0 16
0 21
0 55
0 118
0 135
0 288
1 43
1 134
1 182
2 7
2 33
2 110
2 135
2 160
2 172
2 201
2 224
2 294
2 295
2 299
3 59
3 73
3 110
3 152
3 267
3 295
4 106
4 130
4 158
4 287
5 50
5 118
5 119
5 128
5 137
5 147
5 169
5 239
6 38
6 40
6 57
6 131
6 145
6 157
6 171
6 213
6 289
7 10
7 23
7 52
7 98
7 102
7 130
7 131
7 132
7 145
7 148
7 183
7 220
8 60
8 106
8 131
8 134
8 135
8 180
8 197
8 261
8 286
8 292
8 298
9 52
9 60
9 130
9 188
9 241
9 272
9 279
9 284
9 287
9 292
9 303
9 305
10 56
11 15
11 20
11 43
11 188
11 286
11 287
11 295
11 298
11 315
12 51
12 88
12 89
12 92
12 102
12 142
12 152
12 213
12 250
12 305
13 117
13 209
13 215
13 281
14 51
14 164
14 175
14 259
15 35
15 75
15 134
15 136
15 156
15 173
15 249
15 268
16 36
16 41
16 42
16 45
16 74
16 80
16 85
16 97
16 122
16 131
16 134
16 135
16 139
16 148
16 156
16 218
16 220
16 239
16 241
16 272
16 288
17 128
17 134
17 206
17 275
18 73
18 102
18 129
18 130
18 135
18 148
18 159
18 175
18 210
18 231
18 272
18 288
19 142
19 156
19 291
20 44
20 50
20 135
20 154
20 213
20 216
20 231
20 232
20 265
21 36
21 45
21 285
21 303
22 51
22 63
22 122
23 174
23 180
24 44
24 106
24 133
24 298
25 40
25 89
25 104
25 130
25 139
25 202
25 234
26 122
26 171
26 195
26 221
26 250
27 78
27 142
27 209
27 230
27 248
28 83
28 196
28 313
29 179
29 200
29 236
29 239
30 85
31 43
31 68
31 118
31 131
31 159
31 164
31 167
31 233
31 242
31 285
31 308
32 60
32 73
32 78
32 117
32 118
32 122
32 123
32 181
32 241
32 247
32 275
32 314
33 75
33 97
33 107
33 118
33 127
33 135
33 205
33 242
33 248
33 265
34 45
34 65
34 72
34 129
34 131
34 132
34 134
34 206
34 244
35 95
35 117
35 129
35 135
35 253
36 84
36 106
36 156
36 193
36 203
37 90
37 117
37 227
37 267
38 44
38 129
38 200
39 62
39 66
39 79
39 89
39 91
39 143
39 188
40 68
40 81
40 97
40 99
40 134
40 159
40 195
40 204
40 286
41 45
41 56
41 102
41 134
41 204
42 45
42 131
42 136
42 284
43 69
43 131
43 134
43 135
43 178
44 107
44 115
44 168
44 216
44 269
45 59
45 110
45 133
45 158
45 195
45 196
45 197
45 200
45 263
45 273
46 66
46 89
46 121
46 130
46 131
46 133
46 136
46 147
46 156
46 160
46 219
46 269
46 276
46 292
47 97
47 105
47 115
47 118
47 205
47 232
47 255
47 261
48 124
48 136
48 148
48 149
48 152
48 180
48 302
49 70
49 135
49 201
49 210
49 287
49 305
50 54
50 115
50 190
50 199
50 205
50 258
50 275
50 291
51 78
51 124
51 134
51 135
51 156
51 172
51 185
51 258
51 264
52 69
52 139
52 157
52 158
52 304
53 97
53 129
54 121
54 156
54 216
55 99
55 133
55 273
55 283
56 60
56 130
56 139
56 148
56 156
56 187
56 197
56 287
57 206
58 130
58 153
58 286
59 70
59 74
59 90
59 93
59 98
59 104
59 138
59 156
59 180
59 207
59 213
59 217
59 252
59 273
59 288
59 290
59 294
59 313
60 99
60 262
60 314
61 113
61 131
61 138
61 158
61 260
61 268
61 305
62 76
62 85
62 109
62 133
62 134
62 149
62 167
62 186
62 197
62 200
62 245
63 74
63 200
64 93
64 124
64 129
64 140
64 188
64 197
64 209
65 138
65 204
66 152
66 170
66 201
67 81
67 142
67 158
67 160
67 180
67 182
67 200
67 238
67 241
67 263
67 286
67 298
67 299
67 303
68 129
68 158
68 193
68 216
68 259
68 291
69 105
69 130
69 154
69 266
69 281
69 285
70 130
70 134
70 161
70 188
70 238
71 87
71 159
71 261
72 102
72 148
72 206
72 313
72 315
73 116
73 130
73 145
73 185
73 213
73 305
74 84
74 114
74 119
74 185
74 255
75 96
75 138
75 166
75 241
75 250
75 258
75 276
75 277
76 167
76 288
77 98
77 139
77 206
77 292
78 106
78 126
78 133
78 156
78 211
78 220
78 236
79 103
79 152
79 286
80 81
80 105
80 124
80 129
80 133
80 135
80 180
80 181
80 210
80 314
81 84
81 136
81 148
81 260
81 296
82 161
83 113
83 124
83 189
84 276
85 120
85 156
86 112
86 124
87 133
87 134
87 136
87 210
87 239
87 287
87 314
88 103
88 133
88 181
88 185
88 193
88 210
88 287
89 142
89 172
89 181
89 205
90 229
91 92
91 133
91 138
91 287
92 124
92 132
92 135
92 288
93 133
93 245
94 110
94 122
94 124
94 154
94 246
95 99
95 101
95 136
95 268
96 98
96 113
96 157
96 179
96 218
96 304
97 119
97 180
97 206
98 159
98 160
98 167
99 159
100 180
101 155
101 219
101 249
101 258
101 268
102 116
102 122
102 128
102 170
102 215
102 249
102 292
103 108
103 122
103 129
103 135
103 167
103 171
103 216
103 232
103 240
103 264
103 284
103 287
104 130
104 218
104 223
104 233
104 238
104 275
104 287
105 135
105 160
105 162
105 202
106 124
106 131
106 233
106 243
106 287
106 288
107 152
107 168
108 157
108 211
108 273
109 129
109 131
109 239
109 287
110 186
110 282
110 287
110 299
111 298
114 160
114 179
114 229
115 196
115 206
115 301
115 307
117 131
117 136
117 167
117 205
117 209
117 212
117 276
117 309
118 124
118 129
118 134
118 153
118 156
118 167
118 182
118 200
118 210
118 211
118 214
118 217
118 219
118 236
118 239
118 281
118 291
118 309
119 176
120 174
121 129
121 192
121 232
121 287
122 136
122 156
122 216
122 243
122 257
122 295
122 314
123 156
123 157
123 194
124 135
124 184
124 237
124 258
124 288
126 199
126 290
127 241
128 131
128 191
128 193
128 246
128 249
129 130
129 131
129 134
129 149
129 156
129 174
129 184
129 192
129 200
129 208
129 226
129 245
129 260
129 266
129 287
129 294
129 298
130 131
130 133
130 134
130 138
130 142
130 149
130 152
130 156
130 157
130 162
130 165
130 179
130 180
130 191
130 209
130 234
130 240
130 288
131 133
131 136
131 140
131 167
131 188
131 200
131 210
131 231
131 235
131 250
131 269
131 274
131 309
131 312
132 134
132 135
132 162
133 134
133 155
133 156
133 160
133 161
133 162
133 169
133 171
133 176
133 177
133 179
133 197
133 200
133 237
133 238
133 239
133 246
133 252
133 262
133 271
133 287
134 145
134 149
134 153
134 192
134 197
134 201
134 215
134 224
134 232
134 236
134 237
134 239
134 242
134 255
134 284
134 288
134 296
134 301
134 311
135 151
135 152
135 157
135 160
135 179
135 200
135 206
135 212
135 239
135 242
135 263
135 275
135 283
135 292
135 298
135 307
136 145
136 147
136 176
136 212
136 227
136 241
136 309
136 315
137 231
138 236
138 286
138 287
139 182
139 210
139 276
139 295
140 207
142 156
142 242
143 151
143 157
144 241
145 213
145 249
145 302
145 307
146 174
146 277
147 200
148 157
148 200
148 218
148 223
149 163
149 167
149 230
149 245
149 269
150 163
150 233
151 156
151 271
152 158
152 162
152 196
152 198
152 233
152 234
152 274
153 159
153 226
155 213
156 165
156 167
156 193
156 202
156 211
156 225
156 273
156 276
156 286
156 288
157 204
157 217
157 230
157 242
157 243
157 272
158 218
158 231
158 263
158 288
159 160
159 170
159 221
159 284
159 287
160 164
160 191
160 265
160 287
160 290
160 301
160 314
161 195
161 228
161 269
162 231
164 200
164 220
164 304
165 197
166 217
167 212
167 215
167 235
168 172
168 276
170 180
170 310
171 193
171 195
171 276
172 201
173 214
174 239
174 286
175 222
175 242
176 189
176 285
178 215
179 180
179 232
179 233
179 236
179 249
179 286
179 287
179 291
179 292
180 210
180 212
180 231
180 301
181 313
182 206
182 220
182 233
182 298
182 313
184 192
184 226
184 239
184 240
185 188
185 220
186 285
187 206
187 224
188 204
188 205
188 229
188 252
188 259
188 288
190 267
191 205
191 215
191 248
191 298
192 233
192 262
193 296
193 297
193 305
194 305
195 211
195 239
195 267
197 211
198 200
200 245
200 257
200 275
200 276
200 286
200 289
200 291
200 305
200 313
200 314
202 247
205 212
205 272
205 312
206 238
206 243
206 288
206 309
208 224
209 246
209 248
209 287
210 230
210 284
211 268
212 299
214 263
214 272
215 221
215 240
215 285
215 293
215 301
216 236
216 269
216 297
217 243
217 263
218 227
218 283
219 224
219 258
219 287
220 227
220 231
220 261
220 275
220 283
221 241
222 239
224 249
224 252
224 314
225 244
226 264
226 286
227 272
227 290
230 287
231 285
231 308
232 286
233 242
233 265
233 285
233 308
234 288
238 309
239 279
239 286
239 302
240 285
241 307
242 252
242 286
243 275
244 284
246 287
247 266
247 275
249 254
249 304
252 279
252 281
252 305
256 289
256 298
260 310
261 283
264 265
264 283
264 288
265 278
266 275
266 288
268 281
271 284
272 283
273 288
276 290
276 305
277 304
281 297
284 290
285 315
286 305
286 307
286 308
288 298
291 298
291 310
303 305
308 313
