0 101
0 131
0 171
0 296
1 69
1 118
1 209
2 31
2 43
2 45
2 58
2 64
2 80
2 103
2 117
2 123
2 130
2 131
2 178
2 187
2 204
2 210
2 220
2 286
2 287
2 288
3 69
3 79
3 161
3 206
3 227
3 284
4 7
4 20
4 30
4 103
4 135
4 137
4 271
5 35
5 75
5 87
5 95
5 229
5 259
5 287
6 45
6 66
6 148
6 227
7 20
7 32
7 39
7 87
7 88
7 117
7 143
7 152
7 193
7 197
7 204
7 233
8 31
8 34
8 59
8 92
8 93
8 131
8 162
8 204
8 216
8 239
8 277
9 16
9 18
9 50
9 92
9 115
9 166
9 249
9 264
10 90
10 118
10 156
10 192
10 198
10 291
11 75
11 81
11 130
11 250
12 68
12 79
12 92
12 97
12 130
12 132
12 190
12 206
12 218
12 223
12 234
12 276
12 286
13 37
13 62
13 74
13 77
13 87
13 131
13 137
13 159
13 238
13 242
13 284
13 288
13 296
14 31
14 45
14 74
14 79
14 80
14 81
14 164
14 200
14 240
14 314
15 130
15 135
15 142
15 210
15 269
16 24
16 62
16 97
16 100
16 103
16 106
16 128
16 131
16 140
16 146
16 196
16 200
16 215
16 219
16 232
16 258
16 279
16 314
17 49
17 111
17 188
17 200
18 36
18 73
18 85
18 161
18 233
18 261
19 211
19 242
20 34
20 81
20 102
20 109
20 128
20 133
20 148
20 157
20 184
20 197
20 222
20 232
20 276
20 309
21 130
21 278
22 148
22 286
22 298
23 78
23 128
23 156
24 45
24 107
24 130
24 177
24 208
24 285
24 303
25 79
25 105
25 129
25 143
25 145
25 156
25 159
25 284
25 295
26 37
26 138
26 200
27 31
27 156
27 159
27 215
27 287
27 305
28 126
28 133
28 162
28 217
28 220
28 258
28 276
29 108
29 120
29 134
29 157
29 266
29 286
30 39
30 114
30 252
30 258
30 270
30 271
30 295
31 32
31 46
31 61
31 67
31 121
31 130
31 145
31 170
31 173
31 184
32 37
32 42
32 62
32 75
32 79
32 85
32 94
32 101
32 130
32 154
32 180
32 205
32 315
33 36
33 84
33 90
33 118
33 124
33 133
33 134
33 138
33 143
33 149
33 166
33 196
33 200
33 216
33 241
33 244
33 258
33 290
34 37
34 48
34 87
34 133
34 148
34 149
34 205
35 104
35 107
35 135
35 150
35 162
35 168
35 203
35 267
36 47
36 48
36 74
36 75
36 122
36 185
36 208
37 96
37 99
37 133
37 159
37 161
37 173
37 185
37 215
37 249
38 117
38 134
38 168
38 293
39 106
39 129
39 195
39 261
39 279
39 287
40 136
40 156
40 167
40 184
40 193
40 205
40 231
40 244
40 255
40 266
40 272
40 287
41 171
41 202
41 214
41 232
41 239
41 284
42 123
42 167
42 180
42 258
43 140
43 166
43 213
43 245
43 256
43 290
44 47
44 81
44 101
44 188
44 189
44 211
44 278
45 46
45 51
45 68
45 75
45 92
45 133
45 135
45 136
45 243
45 244
45 276
45 277
45 279
45 288
45 292
46 81
46 120
46 129
46 133
46 185
46 195
46 220
46 249
46 287
46 292
46 302
47 69
47 83
47 117
48 56
48 64
48 135
48 136
48 137
48 177
48 204
48 216
49 56
49 67
49 299
49 313
50 54
50 55
50 63
50 104
50 118
50 124
50 126
50 144
50 145
50 180
50 200
50 270
51 130
51 152
51 173
51 204
51 210
51 285
52 64
52 303
53 109
53 156
53 173
53 281
53 314
54 102
54 114
54 117
54 122
54 200
55 134
55 298
56 71
56 76
56 86
56 209
57 157
57 185
57 197
58 60
58 216
58 255
59 67
59 81
59 101
59 105
59 113
59 124
59 129
59 130
59 179
59 239
59 292
60 66
60 68
60 133
60 154
60 167
60 210
60 220
60 288
60 298
60 305
61 73
61 74
61 97
61 116
62 74
62 76
62 129
62 152
62 184
62 186
62 192
62 245
63 64
63 193
63 208
63 209
64 78
64 130
64 132
64 169
64 170
64 202
64 208
64 215
64 231
64 241
64 268
64 307
65 98
65 121
65 133
65 139
65 269
66 101
66 164
66 233
67 135
67 142
67 192
67 207
67 220
67 245
67 264
67 286
67 305
68 106
68 130
68 135
68 210
68 214
68 231
68 238
68 249
68 258
69 107
69 111
69 134
69 136
70 98
70 200
70 218
71 138
71 245
72 83
72 107
72 160
73 99
73 124
73 130
73 185
73 220
74 148
74 181
74 184
74 258
74 286
75 81
75 84
75 110
75 140
75 188
75 197
75 217
75 223
75 242
75 249
75 254
76 106
76 134
76 179
77 156
77 200
77 258
77 263
78 131
78 234
78 244
78 295
79 92
79 134
79 211
79 284
80 95
80 105
80 113
80 156
80 238
80 276
81 85
81 92
81 130
81 285
83 129
83 156
83 178
83 285
83 292
83 296
84 262
84 296
84 298
85 110
85 164
85 171
85 219
85 286
85 295
86 156
86 287
86 309
87 131
87 220
87 275
88 102
89 144
89 164
89 210
90 173
90 313
91 156
92 104
92 110
92 130
92 191
92 201
92 209
92 220
92 256
92 295
93 120
94 130
94 274
95 216
95 234
95 242
96 248
96 314
96 315
97 106
97 210
97 271
97 287
98 136
98 148
98 184
98 214
98 267
98 297
99 134
100 103
100 160
101 104
101 205
101 280
101 285
101 309
102 129
102 133
102 134
102 135
102 220
102 255
102 286
102 287
102 303
103 113
103 134
103 136
103 156
103 172
103 200
103 266
103 283
103 286
103 287
103 301
103 305
104 129
104 167
104 188
104 200
104 248
104 259
104 287
104 292
104 310
105 133
105 138
105 180
105 241
105 259
105 286
106 142
106 155
106 159
106 188
106 193
106 208
106 232
107 154
107 171
107 193
107 197
107 232
108 131
108 165
108 188
108 204
108 270
108 294
109 123
109 184
109 205
109 218
109 241
109 269
109 315
110 124
110 135
110 155
110 200
110 211
110 247
110 266
110 284
111 138
111 286
111 288
111 303
112 160
112 197
112 210
112 219
112 231
112 260
113 167
114 148
114 154
115 132
115 152
115 249
115 288
116 167
116 220
117 124
117 128
117 129
117 150
117 160
117 179
117 286
117 302
118 130
118 134
118 155
118 167
118 169
118 208
118 285
118 309
119 129
120 134
120 177
121 128
121 130
121 185
121 239
121 305
122 130
122 200
122 213
122 272
123 130
123 233
124 137
124 156
124 200
124 208
124 220
124 232
124 238
124 269
124 287
127 148
127 241
127 296
128 157
128 279
129 130
129 131
129 133
129 134
129 145
129 149
129 156
129 184
129 196
129 207
129 211
129 217
129 228
129 231
129 235
129 245
129 249
129 259
129 265
129 285
129 297
130 134
130 145
130 153
130 154
130 159
130 163
130 166
130 167
130 173
130 191
130 200
130 203
130 209
130 217
130 223
130 233
130 240
130 277
130 283
130 288
130 296
130 297
130 302
130 307
131 136
131 137
131 156
131 159
131 164
131 172
131 180
131 187
131 200
131 201
131 220
131 246
131 286
131 295
131 304
132 139
132 149
132 180
132 191
132 287
133 138
133 142
133 145
133 156
133 179
133 188
133 195
133 205
133 206
133 207
133 215
133 224
133 231
133 234
133 249
133 255
133 267
133 272
133 285
133 288
133 293
133 311
134 135
134 137
134 138
134 141
134 149
134 159
134 160
134 180
134 217
134 220
134 242
134 245
134 248
134 258
134 285
134 305
134 309
135 136
135 140
135 156
135 157
135 174
135 189
135 193
135 197
135 249
135 266
135 270
135 285
135 288
135 309
136 165
136 208
136 268
137 302
138 156
138 200
138 201
138 210
138 223
138 245
138 283
138 305
140 143
140 199
140 243
140 282
141 162
142 287
143 239
145 197
145 231
145 265
146 162
146 268
147 156
147 255
148 152
148 156
148 221
148 242
148 247
148 285
148 304
149 152
149 177
149 180
149 204
149 209
149 252
149 275
149 304
150 210
150 284
152 159
152 166
152 180
152 231
152 283
152 296
153 215
154 256
154 289
155 169
156 166
156 207
156 214
156 240
156 242
156 256
156 257
156 267
156 268
156 281
157 239
158 167
158 224
158 265
158 284
159 180
159 202
159 217
159 242
159 269
159 275
160 182
160 204
160 210
160 263
160 269
160 284
160 285
161 208
161 219
161 220
161 309
162 165
162 168
162 188
162 275
162 305
162 307
163 247
163 249
164 216
164 218
164 277
165 301
166 210
166 239
166 253
166 295
167 180
167 195
167 205
167 230
167 285
170 286
171 259
172 188
172 204
172 224
173 180
173 192
173 211
173 219
174 258
177 202
177 217
178 201
178 216
179 188
179 225
180 193
180 206
180 209
180 214
180 215
180 242
181 191
181 249
184 185
184 192
184 304
185 186
185 235
186 210
188 200
188 216
188 249
188 258
188 267
188 302
189 261
191 288
191 304
192 219
192 247
192 307
193 264
193 298
193 302
193 304
194 266
195 287
196 211
196 217
196 220
197 202
197 286
199 206
200 205
200 214
200 222
200 231
200 305
201 221
204 214
204 230
205 246
205 270
206 230
206 295
206 307
206 314
208 303
209 231
209 253
209 266
210 256
210 274
210 279
210 280
211 236
211 291
212 233
214 244
214 272
215 217
215 223
215 249
215 301
216 289
217 218
217 232
217 257
217 268
218 229
218 286
218 301
220 241
220 258
220 264
220 301
221 272
223 288
226 273
227 235
227 239
229 270
229 286
230 269
232 237
233 286
233 296
234 255
234 287
239 283
239 285
240 258
241 268
241 274
242 257
242 287
242 300
243 275
244 314
245 298
247 275
248 286
249 252
249 288
249 292
252 279
252 288
252 293
258 261
258 275
260 293
262 305
264 275
266 309
268 287
268 305
269 278
274 286
276 304
276 307
277 288
277 313
279 298
280 287
286 310
287 307
298 314
305 309
