0 2
0 133
1 34
1 68
1 85
1 94
1 101
1 131
1 136
1 200
2 16
2 33
2 34
2 35
2 43
2 45
2 62
2 76
2 83
2 95
2 99
2 118
2 122
2 129
2 182
2 193
2 210
2 258
2 281
2 287
2 288
3 10
3 22
3 27
3 46
3 123
3 208
3 268
4 42
4 56
4 59
4 115
4 217
4 248
5 15
5 16
5 51
5 66
5 217
5 230
5 285
6 94
6 104
6 130
6 157
6 236
6 241
7 9
7 15
7 32
7 39
7 45
7 67
7 85
7 88
7 92
7 101
7 126
7 134
7 149
7 193
7 231
7 287
7 291
7 298
8 17
8 29
8 45
8 51
8 87
8 107
8 129
8 130
8 133
8 156
8 188
8 230
8 235
8 276
8 286
8 287
8 298
8 303
9 21
9 50
9 74
9 267
11 40
11 130
11 191
11 222
12 32
12 36
12 74
12 102
12 167
13 33
13 39
13 42
13 80
13 133
13 151
13 181
13 211
13 231
13 240
13 246
13 301
14 32
14 46
14 83
14 133
14 136
14 141
14 142
14 149
14 180
14 197
14 248
14 250
14 260
14 274
14 286
14 287
15 32
15 42
15 89
15 101
15 108
15 110
15 133
15 180
15 246
15 249
16 25
16 45
16 46
16 64
16 66
16 88
16 105
16 116
16 145
16 159
16 160
16 208
16 214
16 215
16 218
16 224
16 286
16 297
16 299
17 134
17 153
17 156
17 182
17 211
17 255
18 32
18 49
18 54
18 92
18 103
18 129
18 134
18 204
18 261
19 166
19 264
20 28
20 241
20 284
20 288
20 294
21 39
21 180
22 44
22 117
22 131
22 134
22 167
22 215
23 57
23 193
24 46
24 97
24 117
24 122
24 130
24 180
24 210
24 211
24 236
24 294
25 47
25 54
25 59
25 106
25 122
25 133
25 160
25 188
25 208
25 210
25 295
25 308
26 71
26 184
27 134
28 64
28 215
28 283
28 291
28 312
29 118
29 142
29 275
30 34
30 39
30 42
30 45
30 82
30 206
30 217
30 231
30 287
31 48
31 78
31 97
31 103
31 106
31 112
31 114
31 125
31 134
31 135
31 154
31 185
31 283
31 301
32 70
32 72
32 81
32 86
32 96
32 103
32 104
32 116
32 121
32 130
32 133
32 156
32 163
32 167
32 174
32 178
32 205
32 213
32 226
32 276
32 287
32 288
32 305
32 308
32 310
33 49
33 63
33 87
33 143
33 162
33 212
33 215
33 248
34 46
34 78
34 123
34 192
34 200
34 213
34 290
35 41
35 59
35 67
35 109
35 129
35 160
35 185
35 192
35 260
35 273
35 303
36 74
36 122
36 167
36 204
36 250
36 275
36 276
37 59
37 130
37 149
37 152
37 188
37 242
37 260
37 274
38 39
38 64
38 77
38 81
38 115
38 149
38 188
38 206
38 264
39 60
39 114
39 126
39 133
39 138
39 153
39 175
39 191
39 210
40 87
40 133
40 136
40 162
40 204
40 232
40 243
41 59
41 76
41 77
41 102
41 131
41 171
41 190
42 128
42 200
42 217
43 45
43 59
43 63
43 73
43 108
43 181
43 211
43 227
44 117
45 74
45 115
45 130
45 133
45 150
45 186
45 191
45 229
45 238
45 249
45 259
45 272
45 288
46 71
46 87
46 113
46 124
46 131
46 157
46 160
46 249
46 269
47 64
47 79
47 171
47 238
47 296
48 92
48 167
48 181
48 219
48 222
48 287
49 73
49 96
49 215
50 59
50 67
50 113
50 130
50 167
50 243
50 245
51 104
51 147
51 199
51 233
51 239
51 242
51 287
51 295
52 164
52 233
52 255
52 287
53 141
53 196
54 60
54 84
54 93
54 185
54 232
54 234
54 239
54 285
55 64
55 131
56 134
56 135
56 156
57 136
57 142
58 83
59 68
59 74
59 94
59 99
59 134
59 156
59 162
59 182
59 215
59 305
60 155
60 210
60 212
60 252
60 287
60 294
61 106
61 168
61 245
62 107
62 124
62 131
62 212
62 249
62 269
63 133
63 143
63 288
64 66
64 104
64 123
64 158
64 179
64 272
65 81
66 122
66 161
66 209
66 219
66 265
66 267
66 309
67 78
67 93
67 122
67 127
67 143
67 155
67 162
67 274
68 98
68 101
68 216
68 228
69 75
69 134
69 163
69 217
70 108
70 117
70 160
70 206
70 239
70 240
71 143
71 180
71 208
71 273
72 282
73 74
73 117
73 129
73 291
73 314
74 76
74 130
74 168
74 224
74 238
74 242
74 266
74 267
74 289
75 101
75 133
75 145
75 152
75 281
76 98
76 107
76 158
76 206
76 234
76 237
77 83
77 123
77 165
77 249
77 253
77 276
78 80
78 133
78 135
79 100
79 135
79 200
79 215
79 218
80 129
80 148
80 276
80 288
81 111
81 183
81 194
81 198
83 86
83 102
83 134
83 231
83 274
85 89
85 127
85 210
85 212
85 255
86 89
86 129
86 161
86 216
86 244
87 107
87 135
87 165
87 204
87 232
88 200
88 220
88 224
88 298
89 130
89 148
89 160
89 202
89 233
90 188
90 252
90 258
91 239
92 122
92 135
92 190
92 217
93 148
94 191
94 213
95 134
95 188
96 179
96 193
96 244
96 283
97 103
97 114
97 117
97 130
97 158
97 162
97 234
98 121
98 135
98 136
98 148
98 156
98 165
98 170
98 207
98 278
98 284
98 296
100 126
100 283
100 293
100 299
101 140
101 143
101 149
101 243
101 269
101 299
102 117
102 135
102 204
102 226
102 267
102 315
103 130
103 137
103 143
103 156
103 167
103 173
103 174
103 192
103 271
103 275
103 281
103 283
103 286
104 124
104 129
104 130
104 214
104 241
104 271
104 296
105 258
105 283
106 129
106 131
106 160
106 206
106 231
106 239
106 292
106 310
107 130
107 148
107 149
107 205
107 224
107 228
107 238
107 243
107 299
108 200
108 218
108 281
109 135
109 188
109 281
110 120
110 134
110 159
110 196
111 129
111 205
112 134
112 242
112 278
113 265
113 272
113 298
114 133
114 158
114 197
114 291
114 304
115 227
115 279
116 159
116 167
116 287
117 122
117 124
117 142
117 153
117 221
117 239
117 243
117 299
118 123
118 133
118 142
118 160
118 181
118 193
118 206
118 210
118 211
118 245
118 284
118 293
120 134
120 210
120 216
121 123
121 156
121 259
122 129
122 135
122 147
122 188
122 230
122 233
122 286
122 298
123 197
123 226
123 295
124 130
124 145
124 153
124 189
124 213
124 252
124 263
124 276
124 298
125 218
126 149
126 179
127 136
127 201
127 254
127 278
128 242
128 266
129 130
129 134
129 135
129 136
129 138
129 146
129 149
129 159
129 175
129 180
129 188
129 196
129 220
129 224
129 237
129 261
129 266
129 276
129 287
130 134
130 140
130 142
130 148
130 178
130 185
130 200
130 204
130 218
130 225
130 239
130 243
130 247
130 249
130 266
130 268
130 273
130 279
131 135
131 145
131 148
131 172
131 193
131 204
131 213
131 223
131 242
131 246
131 273
131 275
131 284
132 134
132 241
132 258
133 136
133 138
133 142
133 156
133 159
133 167
133 168
133 188
133 206
133 244
133 255
133 269
133 278
133 293
133 298
133 314
134 135
134 136
134 143
134 152
134 157
134 160
134 172
134 190
134 205
134 217
134 219
134 224
134 296
135 141
135 143
135 158
135 182
135 209
135 219
135 241
135 266
135 272
135 283
135 286
135 287
135 312
136 161
136 180
136 252
136 258
136 267
136 305
137 156
137 158
137 222
138 156
138 275
140 252
140 298
140 310
143 186
143 288
143 309
145 152
145 286
146 193
146 287
147 236
147 285
148 218
148 284
148 286
148 296
149 174
149 220
149 303
150 162
150 221
150 223
151 179
151 274
152 163
152 170
152 235
152 248
152 249
152 309
153 238
153 287
153 305
154 167
154 205
154 209
154 265
154 302
154 314
156 157
156 188
156 199
156 206
156 208
156 222
156 250
156 290
156 305
156 310
157 188
157 193
157 207
157 233
157 310
158 199
158 232
158 281
159 160
159 168
159 201
159 234
159 244
160 218
160 237
160 238
160 239
160 244
160 284
161 203
161 218
161 222
161 231
161 279
162 164
162 188
162 200
162 246
164 185
164 216
164 270
165 271
165 305
166 280
167 188
167 201
167 209
167 215
167 216
167 239
167 241
167 260
167 275
167 281
168 231
168 284
169 231
169 242
171 204
171 210
171 249
171 280
173 201
173 304
174 185
174 215
175 198
175 301
176 233
177 224
178 189
178 208
179 188
180 194
180 239
180 243
180 269
180 287
180 297
181 296
182 286
184 205
184 210
184 234
185 233
185 284
186 198
187 213
187 286
188 239
188 242
188 258
188 278
188 281
188 285
188 301
188 315
189 258
192 206
192 222
193 196
193 315
195 227
196 280
197 200
197 246
197 249
197 287
198 273
199 215
199 283
200 248
200 260
200 287
200 293
202 250
202 278
203 229
206 217
206 272
206 278
208 213
210 220
210 240
210 301
210 305
211 288
213 247
214 218
214 249
215 220
215 249
215 275
215 287
215 301
216 232
217 242
217 279
217 287
219 285
220 231
220 242
220 254
220 262
220 264
220 303
220 305
220 309
222 261
224 285
224 305
227 268
229 232
229 300
230 284
232 245
233 255
233 302
236 287
238 286
239 276
239 280
241 278
241 283
242 258
242 266
242 285
243 284
243 287
244 261
244 294
245 303
247 252
248 281
248 287
248 292
249 271
249 278
249 297
249 312
252 278
256 294
257 287
264 285
266 267
268 275
269 276
269 302
271 305
278 305
279 287
280 287
282 287
285 297
287 302
288 300
294 302
301 304
304 311
