0 46
1 13
1 193
1 215
1 231
2 71
2 129
2 130
2 132
2 133
2 136
2 151
2 210
2 218
2 279
2 296
2 303
3 15
3 180
3 192
3 218
4 47
4 97
4 128
4 130
4 142
4 224
5 16
5 72
5 135
5 219
5 235
5 245
5 275
6 14
6 32
6 107
6 115
6 180
6 194
7 47
7 51
7 63
7 64
7 67
7 68
7 122
7 152
7 157
7 162
7 173
7 174
7 188
7 207
7 229
7 231
7 250
7 277
7 305
8 10
8 35
8 42
8 43
8 44
8 59
8 62
8 92
8 101
8 108
8 121
8 124
8 129
8 131
8 133
8 249
8 286
8 312
9 84
9 263
11 40
11 130
11 154
11 313
12 66
12 91
12 124
12 131
12 182
12 196
12 212
12 245
12 246
12 276
12 285
13 37
13 48
13 73
13 156
13 157
13 240
13 245
13 252
13 274
13 282
14 29
14 31
14 51
14 129
14 167
14 180
15 103
15 139
15 241
15 255
16 45
16 49
16 51
16 54
16 59
16 69
16 87
16 112
16 131
16 158
16 159
16 160
16 172
16 174
16 177
16 190
16 205
16 215
16 233
16 242
16 245
16 293
16 305
17 27
17 83
17 136
18 34
18 42
18 91
18 106
18 117
18 125
18 133
18 134
18 224
18 240
18 283
19 22
19 118
19 130
19 191
19 246
20 52
20 54
20 74
20 129
20 149
20 160
20 184
20 197
20 202
21 55
21 200
21 237
23 47
23 98
23 152
23 164
23 259
24 45
24 68
24 80
24 83
24 128
24 129
24 156
24 160
24 200
24 240
24 286
24 295
25 43
25 67
25 110
25 114
25 233
25 249
26 121
26 154
26 156
27 135
27 250
27 258
28 88
28 91
28 92
28 130
28 264
29 32
29 45
29 47
29 135
29 178
30 31
30 32
30 33
30 38
30 43
30 46
30 187
30 193
30 273
30 286
31 45
31 73
31 127
31 129
31 140
31 188
31 193
31 209
31 211
31 258
31 288
31 303
32 34
32 35
32 38
32 44
32 49
32 62
32 78
32 98
32 111
32 114
32 157
32 160
32 187
32 200
32 207
32 249
32 260
32 265
32 288
33 35
33 88
33 99
33 129
33 135
33 159
33 169
33 174
33 185
33 217
33 219
33 223
33 259
33 265
33 280
33 286
34 72
34 83
34 100
34 204
34 269
34 306
35 117
35 123
35 185
35 255
36 80
36 120
36 186
36 189
36 241
36 249
36 250
36 255
36 287
37 139
37 158
37 218
37 260
38 94
38 135
38 283
38 288
39 129
39 139
39 160
39 299
39 307
40 45
40 129
40 134
40 148
40 202
41 133
41 156
41 158
42 85
42 120
42 131
42 154
42 156
42 193
43 59
43 89
43 167
43 174
43 268
43 295
44 50
44 58
44 119
44 131
44 148
44 181
44 207
44 275
45 46
45 60
45 68
45 74
45 87
45 99
45 120
45 129
45 156
45 190
45 201
45 242
45 258
45 287
46 87
46 172
46 224
46 272
46 275
46 287
46 311
47 118
47 154
47 168
47 179
47 181
47 249
48 85
48 101
48 134
48 140
48 152
48 179
48 188
48 241
48 256
49 78
49 111
49 117
49 140
49 141
49 165
49 169
49 198
49 217
49 283
49 285
49 287
50 73
50 103
50 104
50 135
50 152
50 167
50 228
51 56
51 75
51 77
51 94
51 128
51 132
51 150
51 156
51 195
51 287
51 295
52 156
52 187
53 115
54 215
54 219
54 241
55 58
55 136
55 186
55 200
55 286
56 104
56 108
56 122
56 149
56 193
56 305
57 59
57 76
57 130
58 107
58 116
58 118
58 217
59 81
59 92
59 101
59 110
59 117
59 133
59 163
59 167
59 177
59 192
59 217
59 222
59 232
59 263
59 268
59 270
59 298
59 299
59 305
60 95
60 117
60 130
60 156
60 172
60 184
60 200
60 276
61 117
61 118
61 135
61 139
61 150
61 156
61 282
62 63
62 155
62 167
62 169
62 271
62 279
63 75
63 189
63 220
64 87
64 135
64 152
64 166
64 167
64 228
64 262
64 309
65 167
65 222
66 129
66 135
66 140
66 185
66 313
67 78
67 95
67 131
67 135
67 137
67 168
67 189
67 200
67 205
67 222
67 275
67 314
68 76
68 96
68 118
68 127
68 162
69 77
69 81
69 90
69 180
70 121
70 148
70 180
70 181
70 197
70 235
70 269
71 72
71 75
71 102
71 135
72 79
72 87
72 103
72 111
72 116
72 135
72 294
73 74
73 149
74 118
74 120
74 127
74 148
74 158
74 188
74 191
74 286
74 288
74 300
75 109
75 130
75 133
75 148
75 164
75 210
75 288
76 87
76 102
76 106
76 215
76 237
77 135
78 123
78 135
78 136
78 206
78 265
78 298
79 121
79 152
79 289
80 104
80 128
80 131
80 136
80 149
80 168
80 200
80 202
80 243
80 268
80 275
80 286
81 137
81 288
82 167
83 85
83 88
83 161
83 202
83 206
83 280
84 129
85 92
85 130
85 243
87 244
87 261
87 314
88 98
88 126
88 242
88 272
88 306
89 130
89 202
89 239
90 124
90 164
90 288
91 94
91 121
91 231
92 147
92 160
92 183
92 238
92 288
92 306
93 208
93 235
94 131
94 179
94 215
94 287
94 300
95 185
95 199
95 214
95 239
96 130
96 167
96 280
97 188
97 200
97 258
97 285
98 118
98 131
98 174
98 219
98 222
98 264
98 266
98 285
98 305
99 186
100 167
100 243
100 251
101 105
101 129
101 160
101 175
101 243
102 116
102 117
102 127
102 129
102 130
102 141
102 154
102 156
102 167
102 183
102 233
102 303
103 110
103 118
103 133
103 168
103 171
103 181
103 238
103 243
103 249
103 275
103 276
103 285
103 302
103 307
104 130
104 131
104 133
104 174
104 185
104 191
104 197
104 236
104 246
105 187
106 203
106 205
106 208
106 249
106 303
107 177
107 298
108 182
108 230
108 284
108 304
109 130
109 135
109 148
109 171
109 242
110 118
110 135
110 139
110 145
110 167
110 193
110 208
110 209
110 241
110 296
111 145
111 208
111 215
111 238
112 214
112 224
112 231
112 286
113 129
114 224
115 184
115 288
117 142
117 222
117 296
118 121
118 160
118 205
118 218
118 247
118 255
118 272
118 288
118 298
119 160
119 183
120 173
120 209
120 217
121 267
121 272
122 164
122 200
122 302
123 200
123 236
124 131
124 136
124 162
124 165
124 196
124 296
125 133
127 129
127 145
127 255
127 269
128 188
128 197
128 205
128 261
128 276
128 304
129 133
129 156
129 167
129 180
129 188
129 191
129 213
129 223
129 228
129 232
129 235
129 250
129 272
129 273
129 282
129 285
129 294
129 297
129 314
130 133
130 134
130 135
130 139
130 141
130 149
130 159
130 167
130 188
130 206
130 213
130 214
130 217
130 238
130 240
130 248
130 261
130 269
130 274
130 275
130 276
130 287
130 303
130 307
130 309
131 133
131 134
131 136
131 151
131 166
131 167
131 233
131 242
131 244
131 245
131 285
131 288
132 135
132 176
132 193
132 206
132 224
132 233
133 134
133 135
133 136
133 138
133 152
133 153
133 155
133 182
133 214
133 220
133 228
133 263
133 276
133 286
133 293
134 135
134 142
134 148
134 158
134 161
134 173
134 214
134 240
134 246
134 257
134 286
134 289
135 157
135 186
135 211
135 212
135 219
135 229
135 286
135 287
136 144
136 154
136 172
136 173
136 231
136 286
136 288
136 290
136 295
136 296
136 301
137 156
137 196
137 258
138 180
138 181
138 258
139 201
139 217
140 164
140 234
140 250
140 258
140 287
141 210
141 285
141 286
142 188
142 223
142 267
142 273
142 286
143 249
144 217
145 157
145 160
145 180
145 200
145 248
146 219
146 235
146 242
146 306
147 275
148 161
148 212
148 272
148 301
148 302
149 157
149 166
149 204
149 206
149 208
149 287
150 242
151 188
152 162
152 227
152 275
153 245
154 216
156 166
156 177
156 182
156 184
156 191
156 193
156 201
156 216
156 230
156 242
156 249
156 312
157 200
157 239
157 252
157 259
157 302
157 303
157 305
158 160
159 206
159 266
159 273
159 281
159 309
160 185
160 211
160 264
161 169
161 244
162 193
162 200
162 240
163 211
163 220
163 247
163 250
164 288
165 193
165 200
165 215
165 217
165 264
166 200
167 188
167 199
167 223
167 230
167 246
167 274
167 286
167 299
167 314
168 209
171 218
172 249
174 287
175 216
177 205
177 210
177 221
177 228
179 206
179 232
179 239
179 250
179 288
180 193
180 201
180 218
180 280
180 283
180 303
181 268
183 288
185 219
185 265
185 278
186 220
186 243
186 288
189 242
190 231
191 210
191 213
191 220
191 264
191 287
191 308
192 275
193 204
193 238
195 200
195 287
196 287
197 222
198 210
200 218
200 274
200 312
200 314
201 213
201 258
201 261
202 232
202 245
202 252
202 266
204 206
205 206
205 208
205 226
205 242
206 232
206 244
206 261
207 290
208 239
208 259
208 272
208 309
209 284
210 223
210 241
210 245
210 281
210 285
211 224
211 257
211 280
213 230
214 279
214 285
214 291
215 239
215 250
215 288
216 305
218 268
218 291
218 310
219 232
220 232
220 267
220 286
222 283
223 249
224 231
224 306
230 239
230 255
231 255
231 293
232 301
233 248
233 260
237 287
238 277
239 260
239 279
240 301
244 251
244 252
244 278
245 271
248 272
249 266
249 270
249 295
252 254
252 276
252 310
254 285
259 287
264 305
266 304
271 272
271 300
273 293
279 287
279 288
279 298
280 284
282 309
293 308
