0 54
0 59
0 85
0 131
1 42
1 224
1 251
1 283
1 304
2 15
2 18
2 35
2 45
2 87
2 96
2 122
2 134
2 138
2 156
2 159
2 160
2 181
2 218
2 287
2 304
3 122
3 131
3 135
3 136
3 152
4 35
4 87
4 102
4 130
4 167
4 209
4 286
4 288
4 303
5 74
5 157
5 218
5 279
5 295
6 39
6 78
6 92
6 154
6 187
6 193
7 19
7 34
7 36
7 54
7 87
7 98
7 110
7 129
7 136
7 141
7 144
7 178
7 202
7 205
7 218
7 222
7 242
7 249
7 311
8 40
8 48
8 49
8 75
8 101
8 124
8 157
8 180
8 185
8 197
8 214
8 215
8 218
8 224
8 288
8 314
9 11
9 19
9 89
9 151
9 185
9 223
9 235
10 14
10 16
10 26
10 39
10 111
10 117
10 156
10 260
11 27
11 64
11 94
11 282
11 286
12 29
12 89
12 129
12 146
12 186
12 193
12 290
12 304
13 28
13 43
13 102
13 157
13 264
14 59
14 67
14 88
14 109
14 133
14 152
14 160
14 217
14 229
14 239
14 275
15 42
15 53
15 133
15 134
15 205
15 224
15 267
16 32
16 90
16 98
16 106
16 130
16 138
16 150
16 155
16 156
16 205
16 221
16 233
16 234
16 239
16 266
16 292
16 305
17 111
17 156
17 275
18 28
18 31
18 34
18 68
18 81
18 118
18 160
18 205
18 215
18 219
19 39
19 156
19 176
20 25
20 29
20 74
20 114
20 115
20 141
20 152
20 161
20 242
20 261
20 287
20 299
21 117
21 130
21 193
22 45
22 287
23 74
23 176
23 231
24 28
24 31
24 39
24 74
24 81
24 180
25 32
25 109
25 129
25 135
25 138
25 188
25 217
25 239
25 245
26 129
27 82
27 86
27 94
27 129
27 210
27 234
28 49
28 105
28 188
28 268
29 42
29 61
29 133
29 191
29 195
29 267
30 61
30 80
30 129
30 130
30 307
31 47
31 59
31 62
31 81
31 130
31 131
31 136
31 158
31 188
31 196
31 219
31 220
31 238
31 254
31 271
31 283
31 286
31 302
32 66
32 74
32 76
32 94
32 97
32 98
32 112
32 119
32 130
32 135
32 154
32 167
32 203
32 256
32 264
33 55
33 130
33 140
33 148
33 255
33 265
33 267
33 304
34 69
34 98
34 104
34 140
34 148
34 242
35 80
35 127
35 130
35 240
36 47
36 103
36 177
37 38
37 89
37 102
37 106
37 150
38 72
38 94
38 109
38 136
38 144
38 149
38 156
38 200
38 220
39 46
39 104
39 130
39 155
39 180
39 238
39 262
39 292
39 309
39 315
40 70
40 107
40 245
41 83
41 119
41 121
41 129
41 229
41 243
42 66
42 110
42 160
42 179
42 209
42 289
43 133
43 142
43 156
43 197
43 235
44 205
44 276
45 97
45 142
45 152
45 188
45 191
45 211
45 219
45 232
45 260
45 283
45 289
46 110
46 115
46 134
46 138
46 156
46 161
46 166
46 188
46 193
46 197
46 198
46 248
46 255
46 265
47 49
47 55
47 59
47 68
47 134
47 156
47 167
47 215
47 242
47 258
48 101
48 135
48 211
48 305
49 101
49 114
49 120
49 148
49 160
49 187
49 249
50 101
50 102
50 112
50 151
50 210
50 217
50 249
51 59
51 78
51 109
51 135
51 204
51 205
51 210
51 217
51 270
51 288
51 302
52 106
52 210
52 224
53 191
54 72
54 142
54 159
54 219
54 266
54 280
55 96
55 261
56 70
56 107
56 133
56 173
56 175
57 72
57 102
59 61
59 97
59 126
59 169
59 208
59 232
59 257
59 264
59 287
60 88
60 98
60 167
60 216
60 242
60 267
61 167
61 194
62 92
62 122
62 177
62 185
62 188
62 198
62 297
63 131
63 133
63 159
63 166
63 242
63 268
63 302
64 102
64 103
64 133
64 135
64 229
64 299
65 129
65 135
65 200
65 268
66 99
66 137
66 149
66 232
66 288
67 133
67 138
67 158
67 206
67 262
67 287
67 305
67 308
68 83
68 125
68 130
68 135
68 152
68 199
68 285
70 131
70 173
70 174
71 73
71 239
72 74
72 149
72 152
72 284
73 133
74 78
74 91
74 124
74 127
74 176
74 180
74 208
74 232
75 103
75 131
75 140
75 216
75 222
75 274
75 301
76 102
76 157
76 219
76 233
76 247
76 285
76 298
77 188
77 313
78 107
78 129
78 172
78 193
78 239
78 245
78 314
78 315
79 102
79 139
79 187
79 188
79 245
79 272
80 115
80 164
80 219
80 239
80 315
81 86
81 126
81 130
81 133
81 153
81 210
81 234
81 267
81 287
82 102
82 209
83 97
83 130
83 160
83 172
83 249
83 295
83 315
84 124
86 113
86 131
86 135
86 157
86 231
86 308
87 135
87 145
87 172
87 205
87 210
87 275
87 290
88 156
88 201
89 115
89 131
89 133
89 134
89 149
89 242
89 272
89 304
90 112
90 130
90 167
90 253
90 267
90 290
90 297
91 134
91 152
91 246
91 284
92 110
92 122
92 126
92 129
92 191
92 230
92 238
93 156
93 301
94 130
94 152
94 191
94 240
94 264
95 98
95 144
95 156
95 207
95 244
95 301
96 120
96 134
96 135
96 204
96 278
96 283
97 103
97 112
97 153
97 164
97 192
97 213
97 219
97 249
98 114
98 122
98 157
98 160
98 180
98 243
98 249
98 304
100 130
100 133
101 120
101 166
101 197
101 207
101 278
102 114
102 130
102 179
102 189
102 220
102 236
102 240
102 249
102 297
103 118
103 130
103 160
103 232
103 249
103 262
103 265
103 286
104 129
104 156
104 180
104 224
104 258
104 275
105 136
105 156
105 218
105 292
106 167
106 202
106 210
106 246
107 171
107 220
108 114
108 124
108 133
108 149
108 156
108 257
108 271
109 117
109 151
109 296
110 118
110 131
110 167
110 200
110 222
110 247
110 260
110 268
110 309
111 287
113 134
113 148
113 155
113 245
114 133
114 152
114 185
114 263
114 286
115 190
116 130
116 132
116 162
116 223
116 255
117 130
117 266
117 286
117 303
118 128
118 129
118 138
118 193
118 220
118 269
118 276
119 143
120 133
120 160
120 180
120 188
120 200
120 218
120 224
121 151
121 180
121 270
122 148
122 174
122 190
122 200
122 301
123 126
123 263
124 130
124 143
124 157
124 179
124 181
124 229
124 246
124 255
124 276
124 298
124 304
125 145
126 129
126 194
127 152
127 180
127 245
127 287
127 290
128 135
128 239
128 243
129 130
129 135
129 152
129 179
129 180
129 205
129 255
129 273
129 288
129 290
129 292
129 298
129 302
129 314
130 131
130 132
130 146
130 152
130 172
130 173
130 180
130 193
130 205
130 213
130 220
130 259
130 292
130 303
130 309
131 132
131 140
131 145
131 206
131 207
131 232
131 247
131 275
131 312
132 158
132 217
132 238
132 275
133 137
133 139
133 145
133 149
133 152
133 156
133 159
133 160
133 172
133 179
133 187
133 196
133 197
133 200
133 202
133 206
133 242
133 243
133 249
133 256
133 258
133 260
133 282
133 287
133 291
133 310
134 135
134 156
134 180
134 185
134 241
134 255
134 274
134 277
134 295
134 304
134 312
135 150
135 155
135 156
135 157
135 176
135 181
135 195
135 205
135 206
135 223
135 265
135 276
135 295
135 301
135 313
136 151
136 162
136 180
136 184
136 194
136 230
136 250
136 258
136 262
136 276
136 285
136 298
137 141
137 167
137 175
137 217
138 206
138 211
138 250
138 258
138 268
139 188
139 220
140 156
140 159
140 305
140 309
141 180
141 185
141 188
142 172
142 229
143 217
144 159
145 196
145 197
145 231
145 249
145 257
148 153
148 157
148 231
148 248
148 287
149 181
149 215
149 229
149 267
150 287
150 298
152 167
152 181
152 258
153 266
153 303
154 177
156 161
156 199
156 200
156 205
156 213
156 239
156 280
156 285
157 188
157 199
157 249
158 278
159 232
160 167
160 195
160 208
160 216
160 264
160 283
160 287
161 179
161 249
161 275
162 223
162 257
162 286
163 210
164 202
164 283
165 305
166 201
167 200
167 204
167 206
167 258
168 223
168 260
168 286
168 288
172 256
173 264
173 275
174 175
174 184
176 200
177 196
179 193
179 274
179 281
180 203
180 239
180 252
180 286
180 287
180 288
180 291
181 201
184 246
184 255
184 269
184 286
185 193
185 217
185 252
185 292
185 294
186 216
186 263
188 197
188 201
188 269
188 275
188 283
191 208
191 220
191 238
191 284
191 288
192 213
192 241
192 261
192 277
193 205
193 219
193 229
193 258
193 287
193 288
193 302
193 307
195 209
195 244
195 277
195 305
196 296
197 217
197 228
197 279
198 216
199 224
199 260
199 269
200 206
200 233
200 242
200 245
200 258
200 313
202 245
202 286
202 298
204 274
204 283
204 288
205 231
206 209
206 231
206 255
206 256
206 261
206 297
208 275
209 287
210 272
210 284
211 271
211 276
213 242
213 262
213 310
214 275
215 219
215 220
215 263
215 272
215 276
215 293
216 281
217 227
217 280
217 302
218 220
218 260
218 273
219 235
220 229
220 232
220 252
220 284
220 293
220 301
221 305
223 224
223 285
223 288
223 298
223 301
224 239
224 268
226 303
229 251
230 248
231 285
231 287
232 271
232 304
233 249
233 285
234 276
234 286
234 287
235 262
236 311
239 284
239 305
240 284
242 298
242 303
245 294
246 272
247 302
248 285
248 307
249 289
249 309
252 280
258 272
260 286
263 288
265 289
265 309
266 285
266 304
268 304
270 291
271 305
272 287
272 296
272 298
272 299
272 304
273 292
279 287
284 295
286 293
287 305
292 304
293 306
298 301
302 304
