0 154
0 180
0 196
1 16
1 27
1 29
1 32
1 129
1 135
1 178
1 241
1 269
2 36
2 39
2 46
2 50
2 88
2 102
2 110
2 152
2 180
2 236
2 260
2 285
2 286
2 290
3 115
3 124
3 129
3 175
3 205
3 227
3 242
3 248
3 297
4 14
4 18
4 62
4 75
4 132
4 217
4 220
4 234
4 251
5 122
5 131
5 191
5 204
6 16
6 33
6 135
6 200
6 239
7 9
7 33
7 37
7 48
7 62
7 77
7 131
7 137
7 164
7 167
7 192
7 204
7 243
7 244
7 255
7 287
7 292
7 304
8 16
8 32
8 48
8 64
8 88
8 95
8 124
8 131
8 133
8 160
8 228
8 231
8 241
9 23
9 67
9 98
9 108
9 124
9 130
9 136
9 188
9 242
9 275
10 47
10 83
10 248
11 88
11 135
11 249
12 31
12 98
12 102
12 123
12 131
12 135
12 223
12 294
13 64
13 129
13 132
13 135
13 171
13 208
13 241
13 252
13 298
14 15
14 20
14 21
14 25
14 32
14 45
14 98
14 110
14 185
14 249
14 313
15 18
15 20
15 35
15 58
15 91
15 110
15 152
15 309
16 30
16 33
16 75
16 78
16 96
16 110
16 131
16 133
16 139
16 140
16 146
16 148
16 156
16 157
16 167
16 188
16 197
16 230
16 231
16 249
16 288
16 298
17 45
17 106
17 156
18 134
18 148
18 284
18 298
18 310
19 25
19 61
19 87
19 232
19 273
20 21
20 106
20 135
20 148
20 154
20 197
20 204
20 255
21 131
21 293
22 104
22 121
22 164
22 180
23 76
23 268
23 272
23 292
23 304
24 67
25 51
25 59
25 78
25 129
25 210
25 314
27 40
27 119
27 131
27 176
28 30
28 102
28 130
28 136
28 181
28 249
28 283
28 302
29 46
29 87
29 115
29 145
29 204
29 275
30 48
30 112
30 185
30 239
30 255
30 258
31 37
31 47
31 60
31 100
31 121
31 143
31 156
31 224
31 286
31 292
32 45
32 49
32 63
32 103
32 118
32 130
32 136
32 154
32 180
32 193
32 231
32 277
32 299
32 313
33 35
33 42
33 64
33 79
33 92
33 102
33 107
33 121
33 122
33 123
33 131
33 210
33 211
33 212
33 234
33 246
33 277
33 287
33 288
33 290
34 56
34 59
34 94
34 120
34 135
34 140
34 160
34 220
34 249
34 275
35 43
35 62
35 126
35 295
36 66
36 89
36 103
36 120
36 128
36 129
36 209
36 216
36 271
37 72
37 103
37 105
37 124
37 204
37 229
37 292
37 305
38 89
38 96
38 156
39 93
39 143
39 160
39 162
39 210
40 98
40 151
40 180
40 208
40 224
40 292
40 294
40 304
41 85
41 101
41 156
41 167
41 188
41 199
41 220
42 44
42 117
42 134
42 136
42 188
42 220
42 240
42 309
43 51
43 215
43 216
43 234
43 238
43 239
43 260
43 288
44 45
44 48
44 59
44 74
44 89
44 129
44 161
45 54
45 84
45 105
45 106
45 112
45 136
45 152
45 157
45 169
45 188
45 258
46 89
46 102
46 117
46 122
46 136
46 152
46 156
46 189
46 224
46 287
46 291
47 57
47 92
47 101
47 104
47 189
47 224
47 250
48 98
48 118
48 140
48 195
48 292
48 315
49 80
49 135
49 136
49 191
50 85
50 179
50 215
50 220
50 266
50 287
50 308
51 52
51 75
51 129
51 135
51 179
51 259
52 66
53 118
54 77
54 103
54 215
54 273
54 283
55 68
55 79
55 104
55 111
56 68
56 105
56 169
56 256
56 285
57 68
57 224
58 188
59 97
59 103
59 105
59 108
59 109
59 129
59 134
59 139
59 157
59 159
59 182
59 185
59 300
60 92
60 104
60 174
60 191
61 173
61 275
62 81
62 102
62 114
62 233
62 278
62 313
63 71
63 111
63 140
63 162
63 168
64 73
64 87
64 118
64 137
64 189
64 227
64 249
64 288
64 304
65 101
66 121
66 159
66 194
66 276
66 286
66 288
66 303
67 78
67 98
67 104
67 118
67 120
67 124
67 129
67 132
67 134
67 139
67 157
67 184
67 258
68 131
68 133
68 137
68 218
68 234
68 293
69 105
69 119
69 206
69 287
70 167
70 176
70 311
71 133
72 156
72 215
73 118
73 124
73 144
73 157
74 134
74 139
74 189
74 199
74 216
74 226
74 227
74 285
74 287
75 91
75 108
75 129
75 151
75 208
75 252
75 266
75 297
75 308
76 129
76 134
76 136
76 286
77 103
77 241
77 250
77 258
78 117
78 152
78 239
79 109
79 134
79 173
79 264
79 271
79 305
80 98
80 133
80 205
80 246
81 95
81 135
83 136
83 213
83 258
83 264
84 105
84 193
84 195
84 255
85 96
85 156
85 245
85 249
86 131
86 154
87 110
87 128
87 131
87 156
87 232
88 111
88 136
88 167
88 210
88 268
88 287
88 292
89 131
89 149
89 154
89 156
89 180
89 279
89 301
90 200
91 100
91 131
91 210
92 107
92 129
92 148
92 223
94 133
94 259
94 292
95 112
95 117
95 193
96 122
96 148
96 171
96 219
97 130
97 138
97 162
97 188
97 211
97 212
97 272
98 104
98 110
98 121
98 131
98 148
98 157
98 159
98 193
98 227
99 133
99 266
100 145
100 190
100 222
101 252
101 257
101 310
102 140
102 155
102 173
102 185
102 204
102 210
102 239
102 252
102 266
103 117
103 128
103 135
103 142
103 155
103 180
103 188
103 210
103 219
103 239
103 242
103 249
103 287
103 297
103 306
104 110
104 130
104 135
104 149
104 161
105 160
105 162
105 173
105 267
105 272
105 305
106 130
106 140
106 172
106 193
106 200
106 216
107 110
107 117
107 149
107 178
107 271
108 110
108 145
108 173
108 193
108 238
108 256
108 285
109 131
109 151
109 177
109 242
110 129
110 227
110 274
110 275
111 136
111 272
111 274
112 163
112 180
113 130
113 162
113 200
113 243
114 215
115 200
115 210
115 255
117 157
117 193
117 227
118 131
118 133
118 135
118 224
118 252
118 275
118 287
119 130
119 188
120 180
121 245
121 276
122 206
122 279
123 134
123 149
123 240
123 258
124 136
124 141
124 149
124 161
124 172
124 181
124 197
124 215
124 236
124 244
124 272
124 298
125 133
126 287
126 304
127 227
127 235
127 286
128 160
128 203
128 214
128 266
128 287
129 133
129 158
129 160
129 177
129 179
129 205
129 218
129 230
129 238
129 241
129 245
129 254
129 256
129 265
129 268
129 271
129 286
129 298
129 309
130 134
130 135
130 147
130 149
130 151
130 156
130 166
130 173
130 187
130 204
130 206
130 207
130 210
130 232
130 244
130 249
130 265
130 282
130 285
130 286
130 287
130 288
130 295
130 300
130 314
131 135
131 140
131 142
131 149
131 152
131 156
131 174
131 181
131 196
131 200
131 212
131 264
131 292
131 297
131 309
132 167
132 180
132 200
132 305
133 149
133 181
133 185
133 200
133 205
133 212
133 214
133 239
133 252
133 265
133 289
134 135
134 138
134 147
134 148
134 180
134 187
134 210
134 217
134 220
134 241
134 249
134 275
134 283
134 293
134 303
134 304
134 305
135 191
135 200
135 217
135 231
135 235
135 239
135 242
135 249
135 309
136 155
136 161
136 212
136 246
137 156
138 196
138 305
139 167
139 242
139 303
140 160
140 205
140 243
140 250
141 146
141 167
141 242
141 249
141 263
141 285
142 154
142 156
142 159
142 172
142 193
142 219
142 252
142 269
143 252
143 296
145 307
146 275
148 168
148 174
148 185
148 201
148 283
148 287
148 294
148 304
149 154
149 156
149 294
152 161
152 167
152 176
152 200
152 293
153 174
153 240
154 206
154 224
155 238
156 162
156 171
156 179
156 188
156 205
156 207
156 221
156 230
156 264
156 283
156 288
156 293
156 306
156 309
156 311
156 315
157 188
157 230
157 247
157 267
157 287
157 304
157 315
158 223
158 239
159 201
160 180
160 200
160 204
160 208
160 216
160 252
160 255
160 272
160 293
161 287
162 184
162 277
162 291
163 179
163 272
163 276
164 168
164 174
164 284
165 223
165 225
166 252
167 193
167 215
167 231
167 238
167 242
167 254
168 272
168 288
170 184
170 288
171 272
172 283
172 314
173 238
173 281
174 248
175 214
175 276
176 177
176 188
176 189
177 193
177 215
179 197
180 185
180 187
180 193
180 204
180 247
180 267
180 273
180 313
181 195
181 219
182 219
182 220
182 225
182 232
182 295
185 214
185 247
185 252
185 283
188 197
188 200
188 284
191 278
191 285
193 212
193 224
193 239
193 268
193 288
193 307
194 240
195 201
195 247
195 296
195 304
197 206
198 218
200 209
200 212
200 224
200 238
200 263
200 286
200 294
200 310
201 258
201 286
202 286
203 252
203 286
205 217
205 285
206 242
206 251
206 265
206 296
207 209
207 304
209 284
210 225
210 233
210 235
211 242
211 287
212 303
214 265
215 222
215 287
215 289
215 298
216 224
216 278
217 220
217 279
219 259
219 271
220 228
220 278
220 287
221 271
222 238
223 270
223 279
223 315
224 243
224 272
229 241
230 241
230 287
231 275
231 278
232 286
232 301
233 257
233 303
235 279
236 265
237 305
238 239
238 269
238 298
239 245
239 248
242 258
246 314
249 285
249 301
254 287
255 264
258 303
263 304
268 313
269 299
271 297
272 287
272 306
273 286
273 289
275 287
278 289
281 286
283 287
283 298
283 315
284 296
284 310
285 298
287 306
288 291
288 304
293 315
299 306
