0 2
0 67
1 47
1 54
1 56
1 68
1 94
1 134
1 188
2 19
2 34
2 59
2 80
2 102
2 121
2 136
2 137
2 214
2 232
2 249
2 266
2 285
2 297
2 298
2 305
3 15
3 28
3 272
4 15
4 67
4 131
4 159
4 179
4 200
4 214
5 64
5 80
5 128
5 131
5 134
5 135
5 281
6 33
6 55
6 103
6 156
6 167
6 169
6 192
6 242
6 244
6 283
7 15
7 19
7 54
7 62
7 77
7 91
7 111
7 131
7 134
7 242
7 271
7 297
8 25
8 31
8 42
8 81
8 85
8 118
8 130
8 134
8 136
8 150
8 188
8 211
8 285
9 15
9 25
9 134
9 195
9 204
9 210
9 214
9 215
10 19
10 249
10 299
11 18
11 45
11 168
11 256
11 273
12 33
12 76
12 218
13 105
13 120
13 156
13 193
13 194
13 309
14 23
14 31
14 89
14 103
14 104
14 131
14 179
14 243
14 246
15 45
15 89
15 118
15 149
15 292
15 303
16 47
16 48
16 113
16 114
16 118
16 130
16 138
16 140
16 152
16 156
16 182
16 205
16 219
16 231
16 269
16 314
17 64
17 92
17 132
17 192
17 239
17 267
18 97
18 115
18 124
18 130
18 133
18 136
18 173
18 303
19 27
19 91
19 188
19 315
20 21
20 33
20 69
20 74
20 99
20 186
20 191
20 239
21 34
21 134
21 299
22 231
23 74
23 118
23 169
23 194
23 210
23 224
23 301
24 40
24 134
24 156
24 286
25 37
25 55
25 59
25 89
25 90
25 180
25 249
26 89
26 130
26 215
27 105
27 135
27 285
28 29
28 47
28 81
28 87
28 157
28 206
28 217
28 220
29 46
29 48
29 63
29 67
29 110
29 133
29 157
29 224
30 135
30 151
30 153
30 215
30 259
31 40
31 77
31 82
31 97
31 102
31 118
31 121
31 148
31 150
31 172
31 179
31 245
31 299
31 306
32 35
32 59
32 101
32 116
32 118
32 122
32 123
32 125
32 131
32 135
32 208
32 303
33 76
33 130
33 133
33 134
33 136
33 155
33 156
33 228
33 242
33 244
33 252
33 263
33 275
34 43
34 95
34 97
34 109
34 131
34 138
34 165
34 196
34 224
34 293
34 303
35 134
35 234
35 257
35 290
36 62
36 224
36 288
37 157
38 74
38 118
38 236
39 134
39 240
40 60
40 97
40 156
40 178
40 218
40 266
41 45
41 70
41 104
41 175
41 205
41 297
41 312
42 45
42 46
42 103
42 134
42 171
42 210
42 213
42 225
42 239
42 279
43 75
43 121
43 131
43 180
43 216
43 265
43 286
44 118
44 124
45 47
45 68
45 96
45 104
45 118
45 139
45 145
45 153
45 218
45 224
45 293
46 67
46 73
46 148
46 153
46 221
46 249
46 262
46 292
46 313
47 58
47 74
47 92
47 110
47 133
47 166
47 218
47 282
47 288
47 293
48 64
48 115
48 201
48 272
48 287
49 92
49 96
49 118
49 135
49 142
49 148
49 296
50 84
50 85
50 106
50 124
50 142
50 214
50 241
51 67
51 78
51 121
51 133
51 197
51 206
51 232
51 272
51 278
52 138
52 221
53 94
53 287
54 63
54 68
54 92
54 141
54 198
55 276
56 78
56 137
56 150
56 179
56 244
56 252
56 303
57 88
57 252
58 103
58 104
58 130
58 206
58 284
59 99
59 100
59 101
59 115
59 134
59 148
59 149
59 154
59 191
59 206
59 287
59 296
59 308
60 80
60 102
60 106
60 133
60 185
60 217
60 246
60 307
61 87
61 122
61 155
61 222
61 264
62 77
62 89
62 117
62 204
62 295
62 306
63 156
63 200
63 231
64 98
64 112
64 118
64 123
64 130
64 136
64 148
64 264
64 283
64 304
66 72
66 188
66 193
66 210
66 230
66 264
67 87
67 106
67 123
67 152
67 225
67 240
67 268
68 200
68 235
69 85
69 102
69 249
69 303
70 138
70 241
71 193
71 211
71 245
71 286
71 303
72 96
72 122
72 131
72 180
72 240
72 278
73 174
73 240
74 87
74 134
74 168
74 200
74 208
74 210
75 76
75 142
75 204
75 205
75 249
75 312
76 87
76 140
76 262
77 98
77 101
77 107
77 208
77 210
77 236
78 131
78 179
78 222
78 249
79 137
79 239
80 114
80 124
80 130
80 206
81 131
81 154
81 160
81 167
81 219
83 154
83 191
83 225
84 130
84 285
85 98
85 133
85 148
85 156
85 166
85 177
85 193
85 213
85 242
86 130
86 180
86 187
87 129
87 150
87 303
88 90
88 134
88 135
88 180
88 194
88 220
88 275
88 288
89 157
89 211
90 137
90 150
91 157
91 214
91 245
91 286
92 107
92 128
92 149
92 174
92 179
92 234
92 283
92 307
93 180
93 310
93 315
94 109
94 116
94 188
94 246
94 258
94 286
95 121
95 165
95 177
95 208
95 214
95 263
96 118
96 130
96 131
96 156
96 167
96 197
96 223
96 239
96 275
96 293
97 121
97 133
97 149
97 154
97 184
97 194
97 242
97 272
97 276
98 102
98 238
98 246
98 258
98 281
98 303
99 129
99 131
99 157
99 252
100 152
100 252
101 135
101 210
101 237
101 240
102 111
102 135
102 192
102 199
102 237
103 105
103 116
103 118
103 119
103 130
103 134
103 145
103 151
103 160
103 195
103 205
103 225
103 234
103 301
103 313
104 133
104 235
105 133
105 179
105 259
105 283
106 194
106 200
106 272
106 287
106 288
107 130
107 162
107 172
107 194
107 284
108 140
108 314
109 192
109 216
109 233
109 241
110 120
110 136
110 180
110 187
110 195
110 216
110 236
110 248
110 276
111 141
111 217
112 182
112 249
113 130
113 140
113 148
113 285
113 305
114 131
114 191
114 310
115 128
115 151
115 159
115 180
115 301
116 148
117 128
117 156
117 191
117 200
117 209
117 225
117 232
117 257
117 269
117 288
117 313
118 127
118 133
118 135
118 169
118 204
118 210
118 217
118 218
118 242
118 279
119 210
120 133
121 173
121 212
121 241
121 258
122 143
122 196
122 224
122 235
122 249
122 264
122 310
123 130
123 141
123 167
124 126
124 130
124 136
124 143
124 149
124 220
124 243
124 252
126 156
126 164
126 198
127 287
128 172
128 173
128 181
128 296
128 304
129 133
129 134
129 136
129 160
129 162
129 167
129 180
129 182
129 204
129 215
129 218
129 219
129 220
129 244
129 246
129 272
129 287
129 311
129 313
130 131
130 134
130 157
130 160
130 177
130 187
130 194
130 218
130 224
130 228
130 244
130 258
130 264
130 269
130 273
130 276
130 279
130 289
130 299
130 301
130 303
131 133
131 157
131 173
131 182
131 205
131 206
131 208
131 218
131 233
131 238
131 254
131 272
131 273
131 287
131 303
132 208
132 227
132 249
133 135
133 148
133 157
133 195
133 196
133 206
133 215
133 218
133 250
133 255
133 259
133 265
133 288
133 304
134 149
134 159
134 196
134 204
134 205
134 218
134 220
134 294
134 296
135 142
135 155
135 187
135 193
135 267
135 276
135 279
135 288
135 292
135 303
135 311
136 180
136 192
136 201
136 205
136 213
136 245
136 277
138 141
138 156
138 193
138 224
138 230
139 235
141 197
142 232
142 242
143 153
143 173
143 208
143 247
145 152
145 200
145 246
145 258
145 284
145 290
145 305
146 252
146 258
147 210
148 156
148 215
149 162
149 199
149 204
149 232
149 234
149 279
149 307
151 156
152 164
153 218
154 234
154 299
155 165
155 218
156 160
156 171
156 188
156 197
156 210
156 271
156 279
156 285
156 295
157 207
157 239
157 247
157 286
157 287
157 298
157 313
158 181
158 191
158 211
158 230
159 174
159 181
159 200
159 235
159 258
159 259
159 266
160 206
160 220
160 263
160 271
160 283
161 180
161 196
161 234
162 239
164 165
164 197
164 200
165 305
166 239
167 220
168 217
168 281
169 258
169 276
169 305
171 177
172 191
172 193
172 215
172 218
173 215
173 247
173 283
173 284
174 181
174 187
174 275
174 303
177 183
177 300
179 210
179 231
179 251
179 252
180 193
180 205
180 220
180 251
180 258
180 269
180 298
180 299
181 193
181 200
181 241
181 305
182 193
182 284
184 197
185 221
185 245
187 229
187 248
188 273
188 276
190 250
191 233
191 236
191 249
191 252
191 283
191 290
192 210
193 219
193 253
193 289
193 294
193 302
194 222
194 252
196 215
196 284
196 288
197 211
197 257
197 284
197 288
199 269
199 271
200 224
200 249
200 282
200 305
201 232
201 249
201 307
202 215
204 295
205 251
205 266
205 287
205 302
205 307
206 220
206 284
206 302
206 303
206 311
207 257
207 285
207 312
208 219
208 258
209 250
210 258
210 288
210 298
210 314
213 249
213 276
213 298
214 298
215 241
215 261
215 303
215 315
217 249
217 287
218 242
219 276
220 225
220 241
220 249
220 285
222 224
222 271
222 305
224 286
226 277
231 277
231 298
232 273
232 295
233 234
233 276
233 304
234 251
236 309
239 269
239 275
241 263
241 278
242 243
242 244
242 262
242 309
246 249
248 314
250 268
250 309
252 254
252 287
254 269
255 264
258 299
258 301
260 287
263 287
264 267
264 298
266 270
266 292
267 287
268 283
268 305
269 272
270 284
271 313
273 296
273 305
275 305
276 300
276 314
277 298
278 287
278 303
279 280
283 286
283 298
286 287
286 288
286 303
287 298
288 305
296 310
303 308
