0 16
0 95
0 193
0 212
1 11
1 31
1 175
1 188
2 14
2 31
2 52
2 88
2 110
2 149
2 156
2 157
2 178
2 210
2 217
2 245
2 304
3 41
3 124
3 162
3 167
3 210
3 265
3 285
4 13
4 38
4 87
4 129
4 148
4 150
4 179
4 267
4 279
5 241
5 307
6 128
6 230
6 264
6 303
7 67
7 74
7 122
7 124
7 134
7 135
7 136
7 157
7 177
7 197
7 225
7 236
7 244
7 287
7 303
7 313
8 16
8 21
8 31
8 45
8 53
8 102
8 114
8 131
8 149
8 154
8 188
8 190
8 191
8 210
8 223
8 242
8 258
8 284
8 292
9 17
9 51
9 61
9 134
9 158
9 239
9 283
10 34
10 79
10 200
10 264
11 134
11 150
11 242
11 274
11 283
12 56
12 129
12 142
12 201
12 220
12 249
12 275
13 36
13 79
13 125
13 131
14 44
14 88
14 120
14 129
14 131
14 134
14 145
14 239
14 244
14 295
15 109
15 136
15 181
15 205
15 206
15 210
15 219
15 237
16 59
16 60
16 74
16 78
16 106
16 118
16 131
16 142
16 157
16 160
16 233
16 241
16 247
16 249
16 278
16 294
16 312
17 35
17 87
17 89
17 131
17 249
17 272
18 35
18 51
18 134
18 156
18 157
18 159
18 167
18 208
18 286
19 28
19 76
19 86
19 118
19 134
19 186
19 275
20 40
20 81
20 84
20 104
20 156
20 193
20 227
20 252
20 279
21 32
21 62
21 78
21 133
21 193
21 206
21 210
22 30
22 160
22 163
22 231
22 285
23 41
23 42
23 59
23 81
23 102
23 118
23 119
23 129
23 200
23 206
24 118
24 129
24 134
24 139
24 161
24 180
24 211
24 309
25 62
25 116
25 130
25 210
25 226
25 255
25 286
26 152
26 287
27 97
27 130
27 232
28 45
28 120
28 140
28 149
28 276
29 161
29 163
29 224
30 118
30 122
30 156
30 200
30 206
30 210
30 249
31 128
31 133
31 135
31 168
31 200
31 206
31 209
31 210
31 241
31 275
32 41
32 93
32 115
32 129
32 130
32 160
32 200
32 232
32 266
32 269
32 270
32 286
32 313
33 45
33 52
33 55
33 69
33 89
33 136
33 160
33 179
33 182
33 215
33 249
33 288
33 291
34 35
34 110
34 117
34 124
34 134
34 148
34 174
34 197
34 215
34 221
34 223
34 224
34 238
34 276
35 47
35 51
35 77
35 101
35 122
35 153
35 229
35 248
35 281
36 43
36 45
36 68
36 131
36 133
36 134
36 136
36 137
36 193
36 287
37 61
37 94
37 99
37 167
37 249
37 275
38 83
38 168
38 220
38 241
38 284
38 286
38 287
39 50
39 212
39 288
40 47
40 118
40 129
40 130
40 199
40 234
40 269
40 290
41 71
41 121
41 126
41 130
41 131
42 45
42 74
42 101
42 129
42 136
42 193
42 278
43 60
43 84
43 92
43 134
43 138
43 162
43 167
43 257
44 97
44 156
45 46
45 50
45 59
45 81
45 102
45 129
45 160
45 171
45 250
45 285
46 67
46 172
46 200
46 215
46 248
46 271
47 49
47 103
47 149
47 170
47 179
47 180
47 181
47 249
48 60
48 63
48 64
48 100
48 122
48 132
48 156
48 264
48 276
49 67
50 75
50 104
50 142
50 206
50 224
50 254
50 309
50 314
51 53
51 78
51 135
51 136
51 191
52 144
52 206
52 298
53 188
53 298
54 101
54 129
54 137
54 245
55 107
55 180
55 224
56 112
56 114
56 129
56 174
56 202
56 210
57 150
57 306
58 74
59 63
59 102
59 140
59 156
59 164
59 178
59 208
59 240
59 305
60 62
60 129
60 266
61 78
61 109
61 133
61 188
62 122
62 133
62 143
62 272
62 296
62 298
62 303
62 308
63 157
63 222
63 236
64 78
64 94
64 111
64 135
64 156
64 200
64 218
64 220
64 239
64 244
65 90
65 135
66 176
67 103
67 106
67 107
67 122
67 130
67 135
67 136
67 180
67 187
67 193
67 228
67 239
67 252
67 305
68 79
68 85
68 101
68 131
68 193
68 263
68 267
69 162
69 204
69 271
70 138
70 149
70 249
71 105
71 129
71 133
72 180
73 129
73 131
73 138
73 190
73 195
74 85
74 120
74 134
74 144
74 209
74 248
74 298
74 309
75 133
75 167
75 187
75 188
75 192
75 198
75 219
76 143
76 174
76 178
77 96
77 132
77 250
78 156
78 184
78 208
78 227
78 263
78 272
78 287
79 80
79 96
79 124
79 129
79 134
79 161
79 188
79 243
80 87
80 92
80 160
80 164
80 205
80 218
80 224
80 284
81 107
81 117
81 124
81 135
81 160
81 205
81 218
81 220
81 241
81 255
81 258
83 249
83 297
84 280
85 179
85 239
86 105
86 118
86 136
87 97
87 99
87 110
87 133
87 140
87 142
87 172
87 241
87 258
88 108
88 115
88 249
89 145
89 179
90 107
90 173
90 205
90 242
90 305
91 129
91 134
92 114
92 126
92 143
92 249
92 288
93 129
94 105
94 109
94 122
94 223
95 130
95 135
95 265
95 307
96 140
96 177
96 234
96 240
96 274
96 284
97 114
97 233
97 249
97 256
98 118
98 134
98 195
98 214
98 288
99 167
99 288
100 238
101 200
102 119
102 129
102 131
102 185
102 191
102 201
102 207
102 216
102 244
102 305
103 133
103 156
103 184
103 190
103 191
103 209
103 210
103 213
103 232
103 248
103 286
103 287
104 257
104 287
105 118
105 156
105 224
106 120
106 167
106 243
107 129
107 218
108 129
108 231
108 286
109 130
109 155
109 200
109 235
109 249
110 128
110 129
110 130
110 151
110 181
110 244
110 252
110 301
111 244
111 294
112 182
113 123
114 139
114 185
114 223
115 220
115 249
115 304
115 312
116 227
116 295
117 212
117 216
118 133
118 140
118 143
118 162
118 174
118 215
118 227
118 241
118 255
119 134
119 145
119 278
119 287
120 157
120 200
120 241
120 276
121 131
121 149
121 197
121 245
121 297
122 128
122 133
122 200
122 245
122 249
122 272
124 134
124 136
124 157
124 188
124 252
124 269
124 286
127 182
127 225
127 304
128 135
128 232
128 279
129 131
129 140
129 141
129 152
129 156
129 160
129 162
129 171
129 177
129 180
129 188
129 189
129 191
129 196
129 200
129 202
129 206
129 232
129 242
129 247
129 288
130 131
130 134
130 136
130 153
130 157
130 160
130 164
130 168
130 193
130 230
130 242
130 246
130 251
130 258
130 277
130 278
131 133
131 160
131 167
131 188
131 193
131 210
131 217
131 286
131 292
131 298
132 134
132 214
132 242
133 134
133 180
133 188
133 191
133 194
133 197
133 204
133 249
133 271
133 275
133 278
133 285
133 290
133 291
133 292
133 293
133 302
133 311
134 140
134 148
134 153
134 156
134 159
134 164
134 167
134 205
134 210
134 213
134 219
134 231
134 232
134 252
134 278
134 292
134 296
134 303
135 140
135 164
135 205
135 209
135 216
135 241
135 262
135 270
135 313
136 140
136 142
136 162
136 179
136 181
136 218
136 287
136 288
137 307
138 142
138 218
139 220
139 231
139 233
140 160
140 215
142 193
142 307
142 308
144 238
145 160
145 309
148 156
148 157
148 160
148 181
148 240
148 249
148 301
149 165
149 238
149 242
149 288
149 294
149 295
150 238
151 278
151 293
152 156
152 160
152 239
152 276
152 287
152 299
153 197
154 231
154 286
155 162
155 219
155 287
156 207
156 223
156 230
156 231
156 287
156 289
157 174
157 178
157 183
159 193
159 291
160 206
160 213
160 220
160 236
160 241
160 242
160 247
161 180
161 224
161 231
161 242
161 266
162 167
162 179
164 238
166 184
166 211
166 265
166 272
167 171
167 239
167 272
167 283
167 287
167 293
167 297
168 177
170 279
171 198
172 249
173 207
173 272
174 179
174 180
174 189
174 206
174 220
174 265
177 193
177 210
179 247
179 281
180 200
180 210
180 220
180 247
180 249
180 275
180 278
181 240
181 243
182 206
182 266
182 279
182 287
184 194
184 219
184 238
185 191
185 214
185 219
185 249
185 272
187 233
187 239
187 293
188 214
188 252
192 193
192 220
192 263
192 267
192 301
193 197
193 230
193 244
193 249
194 304
196 224
196 255
196 281
197 298
200 218
200 224
200 230
200 255
200 286
200 289
201 234
202 215
202 216
202 288
203 292
204 221
204 287
205 241
205 278
205 298
206 213
206 267
206 287
207 210
208 280
208 286
209 288
210 220
210 232
210 246
210 266
210 287
211 257
211 286
211 306
213 258
214 237
215 245
215 305
216 219
216 268
217 280
218 288
219 287
220 258
220 269
220 272
220 288
220 301
220 303
222 251
223 287
224 230
224 237
225 239
226 311
227 269
228 246
230 261
230 286
232 275
233 258
233 298
235 246
235 249
236 242
236 297
238 298
239 249
239 309
240 256
241 297
242 272
243 249
243 280
243 303
244 267
245 249
246 255
246 256
247 277
248 279
250 287
254 298
255 288
258 276
261 285
261 287
262 272
264 303
266 272
266 286
267 308
267 314
269 291
275 289
278 279
283 288
283 289
285 288
286 301
288 293
303 312
304 307
