0 33
0 236
0 270
0 272
1 33
1 40
1 80
1 129
1 179
1 278
1 281
1 287
1 293
2 4
2 11
2 23
2 63
2 88
2 126
2 134
2 138
2 179
2 281
2 304
2 310
3 13
3 63
3 97
3 98
3 153
3 160
3 200
3 248
4 35
4 77
4 130
4 136
4 157
4 161
4 162
4 305
4 308
5 63
5 96
5 101
5 156
5 168
5 200
5 266
6 36
6 124
6 130
6 315
7 17
7 39
7 46
7 47
7 116
7 117
7 133
7 134
7 136
7 141
7 157
7 221
7 232
8 22
8 38
8 86
8 104
8 124
8 129
8 216
8 288
9 33
9 104
9 200
9 206
9 278
9 288
10 133
10 136
10 288
12 96
12 130
12 202
12 278
12 285
13 54
13 102
13 117
13 134
13 136
13 140
13 184
14 67
14 83
14 99
14 167
14 184
14 209
14 216
15 33
15 34
15 35
15 78
15 80
15 129
15 184
15 193
15 288
16 21
16 32
16 33
16 41
16 46
16 58
16 67
16 77
16 102
16 113
16 124
16 160
16 169
16 180
16 212
16 263
16 288
16 293
16 297
17 59
17 71
17 80
17 200
17 210
17 227
17 286
18 27
18 29
18 44
18 48
18 68
18 80
18 107
18 136
18 138
18 220
18 245
18 277
18 278
18 302
18 312
19 32
19 92
19 120
19 127
19 135
19 248
19 300
20 29
20 36
20 40
20 48
20 80
20 101
20 103
20 106
20 131
20 157
20 195
20 217
20 218
20 224
20 233
20 249
20 255
21 51
21 62
21 133
21 134
21 180
21 181
21 188
21 233
21 281
21 282
22 107
23 96
23 167
23 204
23 287
24 25
24 38
24 122
24 144
24 155
24 224
25 75
25 87
25 130
25 133
25 143
25 160
25 186
25 188
25 197
25 220
25 249
25 252
26 41
26 242
26 287
27 102
27 140
27 160
28 46
28 64
28 130
28 131
28 149
28 193
28 200
28 211
28 215
28 220
29 109
29 191
29 283
30 54
30 101
30 164
30 252
30 268
30 293
31 48
31 50
31 68
31 70
31 80
31 109
31 122
31 129
31 137
31 142
31 156
31 162
31 177
31 195
31 212
31 246
31 258
32 46
32 110
32 121
32 129
32 135
32 214
32 215
32 237
32 268
32 288
32 314
33 37
33 45
33 46
33 49
33 54
33 55
33 56
33 58
33 69
33 117
33 122
33 130
33 134
33 148
33 162
33 166
33 167
33 173
33 176
33 180
33 188
33 197
33 220
33 249
33 263
33 269
33 291
33 305
34 130
34 134
34 135
34 172
34 220
34 224
34 287
35 38
35 75
35 130
35 167
35 177
35 182
35 198
35 225
36 129
36 286
37 152
37 180
37 287
37 312
38 131
38 179
38 180
38 209
39 134
39 135
39 208
39 279
40 73
40 78
40 193
40 285
40 288
40 296
41 105
41 149
41 156
41 219
41 285
42 138
42 157
42 160
42 288
43 108
43 156
43 238
43 283
43 296
44 110
44 129
44 131
44 133
45 51
45 58
45 101
45 114
45 201
45 230
45 249
45 315
46 50
46 72
46 117
46 136
46 148
46 179
46 197
46 248
46 263
46 272
47 59
47 68
47 85
47 120
47 129
47 136
47 153
47 181
47 188
47 249
47 279
47 305
48 63
48 110
48 210
48 215
48 223
48 259
49 102
49 135
49 138
49 173
49 216
49 218
49 249
49 284
49 315
50 64
50 107
50 129
50 156
50 160
50 214
50 222
50 229
50 233
50 286
50 313
51 98
51 102
51 134
51 180
51 279
51 287
52 104
52 134
52 136
52 293
53 96
53 110
54 105
54 108
54 146
54 148
54 228
54 290
55 65
55 122
56 89
56 130
56 133
56 278
57 131
57 136
58 157
58 286
59 67
59 104
59 105
59 106
59 134
59 139
59 211
59 229
59 278
59 308
60 89
60 135
60 136
60 156
60 166
60 178
60 202
60 209
60 215
60 267
61 251
62 106
62 121
62 129
62 132
62 160
62 224
62 299
62 305
63 92
63 176
64 124
64 130
64 174
64 239
64 245
64 252
65 160
66 129
67 85
67 114
67 130
67 133
67 148
67 181
67 188
67 190
67 233
68 103
68 104
68 134
68 135
68 147
68 173
68 182
68 193
68 284
68 286
69 95
69 175
69 185
70 96
70 175
70 216
70 250
71 109
72 122
72 288
73 95
73 101
73 124
73 168
74 80
74 86
74 235
74 249
74 266
74 287
74 288
75 77
75 111
75 117
75 129
75 188
75 196
75 220
75 286
75 287
75 307
76 127
76 136
76 157
76 249
76 279
76 298
77 108
77 109
77 129
77 140
77 210
77 242
77 310
78 144
78 211
79 162
80 110
80 133
80 134
80 142
80 148
80 162
80 179
80 180
80 200
80 206
80 228
81 133
81 258
81 271
82 229
82 287
83 92
83 103
83 108
83 133
83 212
83 229
84 241
85 133
85 168
86 98
86 122
87 116
87 134
87 201
87 213
87 288
87 294
87 304
88 98
88 131
88 135
88 157
88 180
88 186
88 187
88 258
88 265
89 103
89 134
89 135
89 149
89 192
89 204
89 212
89 255
89 295
90 132
90 196
90 275
90 297
91 110
91 130
91 180
92 95
92 167
92 171
92 174
92 230
92 281
92 306
94 103
94 136
94 147
94 228
94 264
94 301
95 130
95 167
95 219
95 222
95 265
95 303
96 136
96 227
96 252
97 129
97 131
97 134
97 139
97 140
97 149
97 279
98 103
98 224
98 245
98 295
99 129
99 163
100 129
101 105
101 124
101 134
101 136
101 212
101 254
102 115
102 133
102 135
102 149
102 205
102 210
102 223
102 226
102 244
102 266
103 114
103 130
103 138
103 161
103 187
103 195
103 210
103 239
103 247
103 315
104 124
104 135
104 136
104 141
104 143
104 157
104 167
104 220
105 108
105 145
105 201
105 205
105 215
105 298
106 134
106 137
106 296
107 131
107 148
107 180
107 188
107 239
107 257
108 129
108 135
108 192
109 155
109 180
109 305
110 130
110 288
111 150
111 249
113 157
114 124
114 129
114 157
114 169
114 269
114 271
114 298
115 268
115 277
116 210
116 247
117 130
117 136
117 307
118 131
118 136
118 186
118 214
118 241
119 122
120 130
120 307
121 134
121 195
121 213
121 218
121 220
121 233
121 268
122 134
122 145
122 174
122 193
122 212
122 231
122 232
122 258
122 287
122 295
123 148
123 150
123 168
123 205
123 273
123 283
123 287
124 130
124 142
124 160
124 161
124 188
124 189
124 230
124 233
124 288
124 303
124 315
125 208
126 186
126 237
127 168
127 287
128 133
128 136
128 156
128 180
128 202
128 287
129 131
129 133
129 146
129 160
129 173
129 175
129 205
129 229
129 268
129 270
129 308
130 131
130 136
130 137
130 157
130 160
130 172
130 185
130 195
130 197
130 200
130 207
130 219
130 226
130 233
130 239
130 269
130 276
130 286
130 291
131 135
131 136
131 147
131 150
131 159
131 160
131 174
131 180
131 200
131 203
131 249
131 265
131 272
131 305
132 133
132 135
132 136
132 159
132 210
132 217
132 220
133 158
133 162
133 184
133 188
133 204
133 208
133 210
133 219
133 249
133 269
133 276
134 135
134 148
134 156
134 160
134 162
134 174
134 187
134 197
134 205
134 220
134 234
134 243
134 247
134 248
134 252
134 271
134 275
134 276
134 278
134 284
134 304
134 313
135 136
135 145
135 151
135 152
135 156
135 160
135 161
135 163
135 187
135 191
135 197
135 200
135 210
135 231
135 248
135 258
135 264
135 287
135 295
135 301
136 156
136 158
136 195
136 246
136 247
136 255
136 275
136 314
138 181
138 304
138 305
139 173
139 229
139 258
140 156
140 167
140 192
140 234
140 257
140 266
140 270
141 174
141 291
141 299
142 175
142 265
142 276
142 301
144 239
145 273
145 276
145 299
146 217
147 177
147 250
147 307
147 313
148 184
148 190
148 193
148 200
148 220
148 229
148 304
149 193
149 224
149 225
149 227
149 229
149 249
149 258
149 298
150 184
150 200
150 228
150 311
151 241
152 154
152 163
152 185
152 207
152 283
153 288
154 180
154 182
154 236
154 249
155 264
156 173
156 198
156 238
156 271
156 276
156 285
156 286
156 303
156 311
157 166
157 174
157 200
157 215
157 218
157 224
157 247
157 259
157 278
158 167
158 239
159 274
160 195
160 197
160 277
160 287
160 304
161 168
161 210
161 224
161 244
161 263
162 181
162 193
162 238
162 248
163 233
163 306
165 181
165 242
166 186
166 193
167 172
167 181
167 188
167 232
167 309
168 201
169 249
171 257
172 241
173 220
173 233
174 206
174 208
174 242
174 247
174 277
177 195
178 279
179 200
179 230
180 185
180 233
180 242
181 188
181 195
181 229
183 263
185 291
186 250
188 241
189 220
190 216
191 210
191 239
192 271
192 286
192 288
193 195
193 215
193 292
193 296
193 301
193 302
195 204
195 244
195 261
196 206
196 258
199 216
200 215
200 217
200 218
200 239
200 252
200 276
200 285
200 291
201 253
204 206
204 293
205 272
206 234
206 298
208 232
208 313
209 307
210 214
210 258
210 272
210 274
210 276
211 232
211 238
212 230
212 249
212 296
213 273
214 238
214 245
215 229
215 248
215 252
215 288
215 293
216 275
217 273
218 284
220 245
220 257
220 287
220 295
220 301
223 309
224 236
224 287
226 279
227 240
230 250
230 285
230 287
232 240
232 288
233 260
233 304
233 307
234 308
236 275
236 307
237 288
239 296
239 312
240 293
241 310
242 244
242 260
243 249
243 269
243 302
245 281
246 286
246 287
249 265
249 270
250 287
252 281
255 258
255 272
255 315
256 294
257 284
257 298
258 260
258 288
258 315
260 296
261 304
267 298
268 278
268 292
272 295
273 307
275 287
275 309
276 303
278 305
284 286
286 315
287 294
287 312
292 304
293 298
