0 2
0 167
0 191
0 206
0 212
0 213
0 287
1 43
1 92
1 103
1 133
1 240
1 307
2 27
2 31
2 35
2 36
2 42
2 46
2 61
2 62
2 78
2 96
2 132
2 133
2 135
2 138
2 156
2 161
2 196
2 206
2 216
2 283
2 288
3 256
3 258
3 259
4 7
4 13
4 16
4 63
4 122
4 131
4 133
4 142
4 151
4 168
4 188
4 224
5 6
5 34
5 121
5 130
5 160
5 195
5 234
6 50
6 67
6 83
6 134
6 198
7 14
7 17
7 33
7 46
7 129
7 136
7 208
7 215
7 216
7 229
7 242
7 251
7 267
7 272
7 301
8 47
8 68
8 87
8 97
8 109
8 128
8 156
8 211
8 233
8 264
8 277
8 278
9 68
9 86
9 106
9 179
9 192
9 242
10 89
10 130
10 219
10 287
11 35
11 80
11 81
11 126
11 157
11 173
12 27
12 54
12 64
12 104
12 117
12 145
12 273
13 14
13 70
13 103
13 129
13 156
13 157
13 162
14 16
14 23
14 25
14 43
14 104
14 114
14 130
14 136
14 211
14 215
14 285
14 301
14 312
15 80
15 96
15 103
15 130
15 131
15 156
15 253
15 296
16 30
16 31
16 33
16 34
16 36
16 52
16 100
16 104
16 116
16 118
16 125
16 127
16 129
16 149
16 156
16 160
16 167
16 174
16 180
16 210
16 230
16 249
16 256
16 276
16 284
16 305
17 32
17 97
17 129
17 231
18 135
18 152
18 200
18 258
18 276
18 284
19 67
19 142
20 51
20 59
20 66
20 124
20 134
20 201
20 205
20 232
20 291
21 32
21 129
21 134
21 147
21 164
21 235
21 255
21 290
22 131
22 142
22 144
22 167
22 188
22 217
22 268
23 36
23 45
23 51
24 30
24 43
24 66
24 80
24 130
24 150
24 156
24 163
24 173
24 205
24 206
24 268
25 73
25 84
25 96
25 188
25 216
25 256
25 313
26 188
27 63
27 174
27 185
28 54
28 55
28 156
28 172
28 204
28 247
29 54
29 91
29 101
29 109
29 136
29 141
29 209
29 313
30 40
30 55
30 157
30 241
31 45
31 54
31 80
31 101
31 104
31 115
31 130
31 134
31 167
31 202
31 283
31 305
32 102
32 112
32 121
32 129
32 133
32 134
32 206
32 248
32 270
32 279
32 285
32 294
33 47
33 60
33 74
33 80
33 118
33 129
33 149
33 180
33 197
33 211
33 220
33 239
33 268
33 275
33 283
33 287
34 52
34 90
34 135
34 136
34 140
34 210
34 237
34 276
34 288
35 121
35 168
35 208
35 248
36 49
36 134
36 152
36 156
37 95
37 97
37 130
37 200
37 206
37 220
37 247
38 312
38 314
39 124
39 157
39 164
39 185
39 195
39 267
39 278
40 91
40 102
40 105
40 130
40 133
40 156
40 167
40 172
40 192
40 215
40 249
40 264
40 272
40 313
41 51
41 52
41 74
41 100
41 119
41 188
41 200
41 215
41 239
42 264
42 273
43 102
43 179
43 242
43 277
43 297
43 302
44 63
44 106
44 206
44 248
45 58
45 62
45 66
45 102
45 131
45 133
45 135
45 140
45 144
45 153
45 176
45 206
45 233
45 286
46 50
46 80
46 105
46 129
46 156
46 160
46 164
46 173
46 182
46 220
46 258
46 300
46 305
47 70
47 133
47 137
47 164
47 166
47 241
47 242
47 249
47 255
48 61
48 110
48 139
48 154
48 205
48 283
49 51
49 74
49 83
49 159
49 173
49 201
49 206
49 232
50 62
50 122
50 156
50 174
50 180
50 224
50 308
51 73
51 89
51 133
51 147
51 162
51 281
51 288
52 249
52 287
53 109
53 157
54 74
54 83
54 134
54 188
54 200
54 286
54 296
55 135
55 149
56 200
56 215
56 232
56 248
56 265
56 286
57 75
58 268
58 309
59 71
59 81
59 87
59 104
59 136
59 145
59 160
59 167
59 168
59 174
59 181
59 276
59 279
59 288
59 311
60 80
60 91
60 99
60 193
60 198
60 200
60 210
60 232
61 98
61 179
61 215
61 234
61 305
62 70
62 74
62 75
62 87
62 124
62 131
62 167
63 129
63 186
63 207
63 252
64 79
64 103
64 169
64 242
64 255
65 156
65 159
65 200
66 102
66 103
66 129
66 188
66 221
66 284
66 287
67 75
67 83
67 106
67 120
67 134
67 221
67 222
68 73
68 115
68 154
68 204
68 224
68 237
68 238
68 275
69 116
69 121
69 134
69 204
70 193
71 232
71 288
72 88
72 108
72 135
72 214
72 223
73 179
74 117
74 121
74 122
74 129
74 130
74 149
74 179
74 188
74 233
74 242
75 81
75 95
75 105
75 119
75 131
75 161
75 166
75 197
75 220
75 241
75 304
76 110
76 145
76 210
76 270
77 95
77 130
77 233
77 234
77 257
78 234
78 266
79 109
79 133
79 173
79 261
80 118
80 159
80 160
80 167
80 298
81 102
81 134
81 159
81 227
81 232
81 265
83 85
83 134
83 177
83 205
83 261
84 142
85 106
85 115
85 124
85 162
85 315
86 289
87 106
87 167
87 177
87 298
88 156
88 163
88 233
88 243
88 287
88 301
89 90
89 102
89 164
89 251
89 252
89 276
89 292
89 306
90 98
90 124
90 127
90 151
90 179
90 220
91 117
91 130
91 157
91 185
91 208
92 106
92 126
92 233
92 266
92 291
93 184
93 197
93 291
94 101
94 106
94 134
94 152
94 158
94 210
95 160
95 161
95 192
95 220
95 303
96 102
96 162
96 167
96 181
96 234
96 298
96 307
97 124
97 147
97 157
97 241
97 275
98 104
98 108
98 139
98 140
98 174
98 192
98 286
98 287
99 103
99 131
99 133
99 142
99 157
99 310
100 233
101 111
101 114
101 124
101 129
101 131
101 136
101 148
101 178
101 181
101 206
101 219
101 242
101 247
102 104
102 107
102 108
102 109
102 129
102 130
102 149
102 162
102 231
102 258
102 269
102 285
103 129
103 133
103 134
103 158
103 163
103 200
103 205
103 210
103 219
103 249
103 252
103 287
104 120
104 131
104 132
104 137
104 143
104 236
104 256
105 132
105 260
105 269
105 312
106 167
106 193
106 197
106 224
106 227
107 133
107 135
108 129
108 131
108 186
108 246
108 258
109 157
110 129
110 131
110 134
110 135
110 136
110 147
110 181
110 209
110 222
110 252
110 287
110 313
111 126
111 193
111 194
111 275
112 195
114 118
114 160
114 191
114 293
115 149
115 208
115 247
115 287
116 201
116 224
117 129
117 138
117 140
117 152
117 156
117 225
117 239
118 123
118 134
118 140
118 172
118 239
118 263
118 266
118 286
118 304
119 132
119 133
119 152
119 227
119 315
120 134
120 136
120 191
120 202
120 212
120 307
121 134
121 138
121 142
121 152
121 159
121 249
122 123
122 156
122 168
122 193
122 272
122 301
122 305
123 188
123 200
124 128
124 137
124 185
124 220
124 221
124 229
124 252
124 287
126 231
127 152
127 197
127 245
127 303
128 181
128 266
129 131
129 134
129 135
129 149
129 152
129 154
129 156
129 157
129 166
129 175
129 179
129 188
129 192
129 194
129 196
129 211
129 215
129 226
129 238
129 248
129 249
129 264
129 270
129 276
129 299
130 131
130 147
130 149
130 156
130 160
130 184
130 190
130 193
130 200
130 214
130 223
130 246
130 249
130 276
130 288
130 301
130 307
131 133
131 145
131 179
131 200
131 209
131 239
131 258
131 273
131 284
131 286
132 133
132 158
133 135
133 142
133 148
133 156
133 163
133 183
133 209
133 243
133 244
133 246
133 258
133 287
133 288
134 135
134 138
134 140
134 144
134 185
134 206
134 211
134 218
134 234
134 237
134 258
134 278
134 280
134 281
134 301
134 304
135 145
135 147
135 148
135 156
135 161
135 163
135 182
135 205
135 281
135 305
135 314
136 162
136 172
136 193
136 198
136 222
136 233
136 267
136 282
136 306
136 309
137 234
137 241
139 224
140 154
140 160
140 184
140 224
141 148
141 197
142 167
142 205
142 226
143 241
143 276
144 215
144 298
145 230
145 249
145 265
146 148
147 188
147 264
148 168
148 191
148 223
148 250
149 188
149 200
149 201
149 208
149 210
150 241
151 162
151 185
151 285
151 312
152 154
152 175
152 264
152 297
153 219
154 234
154 242
154 258
154 263
154 305
155 231
155 245
156 217
156 218
156 255
156 270
156 288
156 295
157 164
157 168
157 179
157 182
157 223
157 230
157 233
157 244
157 247
157 263
157 277
157 286
158 314
159 172
159 234
159 267
160 286
160 292
160 310
161 258
161 287
162 184
162 206
162 214
162 258
163 279
165 232
166 232
166 293
166 295
167 173
167 193
167 239
167 247
167 265
167 269
167 302
168 269
171 312
172 251
172 298
174 179
174 290
174 304
176 269
176 288
176 312
177 227
177 232
178 233
178 315
179 210
179 236
179 257
179 308
180 193
180 210
180 213
180 217
180 244
180 245
180 250
180 252
180 278
181 283
181 312
182 191
182 295
182 309
184 200
184 258
184 268
185 238
185 288
186 301
187 204
188 200
188 215
188 220
188 231
188 288
188 296
189 210
189 213
189 237
191 269
192 193
192 301
193 195
193 245
193 262
193 270
193 285
193 292
194 276
194 279
196 206
196 254
197 211
197 280
197 287
200 209
200 265
200 287
200 314
202 204
202 260
202 279
204 287
205 250
205 276
205 302
206 209
206 221
206 227
206 233
206 242
206 287
208 216
208 293
209 302
210 213
210 243
210 263
212 217
214 288
215 224
215 285
216 242
216 304
217 269
218 229
218 232
218 258
218 271
218 276
218 310
220 287
220 311
222 250
223 269
224 270
224 281
227 287
229 242
229 283
229 303
230 240
230 287
230 304
231 266
232 269
232 271
232 310
233 239
233 268
234 237
235 245
236 266
237 268
237 301
238 272
239 241
239 249
239 267
239 271
239 276
239 285
239 286
239 297
239 306
240 251
241 245
242 250
242 283
243 246
243 315
244 249
245 307
246 313
247 287
247 307
248 271
249 287
249 298
250 258
252 269
252 285
252 308
255 270
255 287
257 285
257 309
258 272
258 284
262 290
263 271
263 276
266 272
267 287
273 288
275 286
275 303
276 290
279 301
279 302
282 287
283 284
285 301
286 288
288 292
288 298
293 306
298 301
