0 45
0 52
0 75
0 124
0 152
0 174
0 199
1 72
1 237
1 288
1 292
2 7
2 40
2 41
2 90
2 103
2 121
2 133
2 134
2 156
2 159
2 196
2 206
2 215
2 224
2 254
2 275
2 296
2 301
2 315
3 25
3 109
3 134
3 138
3 206
3 234
4 37
4 56
4 168
4 178
4 220
4 273
5 32
5 49
5 75
5 118
5 131
5 133
5 232
5 279
6 118
6 149
6 156
6 268
7 15
7 56
7 59
7 64
7 82
7 118
7 124
7 131
7 135
7 136
7 154
7 161
7 177
7 180
7 191
7 193
7 273
8 33
8 34
8 98
8 105
8 128
8 129
8 133
8 156
8 171
8 242
8 287
8 288
9 29
9 31
9 54
9 122
9 133
9 140
9 210
9 218
9 301
10 133
10 134
10 196
11 95
11 154
11 156
11 201
11 268
12 28
12 34
12 46
12 103
12 122
12 129
12 132
12 148
12 161
12 177
12 195
12 205
12 304
13 18
13 101
13 118
13 130
13 134
13 135
13 136
13 160
13 205
13 237
14 23
14 61
14 87
14 123
14 131
14 200
14 232
15 16
15 41
15 55
15 134
15 140
15 291
16 29
16 45
16 46
16 90
16 107
16 110
16 124
16 126
16 133
16 154
16 185
16 200
16 241
16 243
16 258
16 286
17 31
17 32
17 40
17 74
17 129
17 134
17 140
17 150
17 274
17 294
18 22
18 40
18 115
18 202
18 239
18 257
18 260
18 281
18 291
18 303
18 305
19 119
19 181
19 210
20 46
20 130
20 145
20 149
20 200
21 41
21 129
21 157
21 234
21 249
22 107
23 119
23 160
23 213
24 106
24 114
24 133
24 146
24 171
24 197
24 258
24 286
25 28
25 40
25 41
25 93
25 109
25 131
25 135
25 167
25 237
25 292
26 50
26 59
26 98
27 55
27 198
27 200
27 287
28 34
28 35
28 37
28 63
29 33
29 98
29 128
29 129
29 151
29 205
29 209
29 255
29 273
30 50
30 55
30 95
30 141
30 159
30 215
31 46
31 130
31 162
31 181
31 185
31 195
31 276
31 287
31 288
32 43
32 60
32 80
32 88
32 99
32 101
32 107
32 118
32 133
32 134
32 135
32 156
32 178
32 241
32 279
33 86
33 107
33 118
33 148
33 149
33 183
33 211
33 215
33 219
33 225
33 238
33 239
33 275
34 43
34 61
34 88
34 127
34 130
34 148
34 278
35 106
35 129
35 133
35 149
35 157
35 185
35 195
35 266
36 83
36 91
36 115
36 253
36 279
37 74
37 108
37 162
37 233
38 156
38 200
38 210
39 140
39 258
40 83
40 85
40 122
40 133
40 190
40 275
41 152
41 161
41 179
41 202
41 270
42 51
42 62
42 95
42 188
42 193
42 248
43 61
43 156
43 186
43 216
43 239
43 268
43 312
44 45
44 138
44 171
45 56
45 67
45 95
45 102
45 111
45 121
45 135
45 151
45 217
45 230
45 255
45 269
46 96
46 106
46 133
46 185
46 193
46 200
46 258
46 265
46 279
46 287
46 309
47 77
47 103
47 120
47 128
47 134
47 156
47 181
47 193
47 199
47 204
47 232
47 259
47 277
47 286
47 287
47 293
47 296
48 67
48 74
48 92
48 110
48 112
48 135
48 306
49 106
49 292
50 74
50 89
50 97
50 136
50 164
50 167
50 172
50 209
50 258
50 284
51 62
51 131
51 135
51 139
51 191
51 206
51 215
51 267
52 72
52 75
52 230
52 265
53 291
54 64
54 135
54 142
54 243
54 288
55 143
55 149
55 231
55 315
56 112
56 130
56 174
56 182
56 196
56 216
56 249
56 252
56 283
56 313
57 78
57 122
58 243
58 284
59 118
59 121
59 122
59 131
59 136
59 154
59 180
59 200
59 233
59 242
60 74
60 156
60 214
60 245
61 75
61 149
61 258
62 67
62 71
62 73
62 95
62 103
62 133
62 136
62 231
62 232
62 305
63 64
63 74
63 87
63 115
63 214
64 80
64 117
64 209
64 269
64 309
65 168
65 267
66 131
66 174
66 194
66 217
66 220
66 249
67 74
67 85
67 103
67 117
67 131
67 132
67 133
67 175
67 257
67 272
68 73
68 122
68 130
68 200
68 261
68 293
69 117
69 180
70 86
70 121
71 220
72 92
72 175
72 217
72 265
73 156
73 240
74 89
74 121
74 134
74 140
74 157
74 165
74 167
74 188
74 229
74 233
74 245
74 248
74 266
75 122
75 132
75 168
75 180
75 200
75 257
75 287
76 112
76 140
76 155
77 131
77 134
77 139
77 210
78 86
78 148
78 153
78 159
78 197
78 220
78 249
78 272
78 276
79 150
79 209
79 276
79 291
79 293
80 95
80 130
80 135
80 145
80 150
81 287
81 302
82 112
82 135
82 299
83 129
83 130
83 173
83 212
83 219
83 233
83 249
83 286
84 284
84 288
85 89
86 135
86 298
87 136
87 167
87 176
87 216
87 252
88 136
88 158
88 179
88 241
88 249
89 131
89 227
89 242
90 95
90 156
91 130
92 118
92 160
92 197
92 245
92 306
94 130
94 204
95 107
95 252
96 129
96 241
97 127
97 133
97 150
97 157
97 215
97 264
97 313
98 117
98 131
98 135
98 156
98 160
98 177
98 224
98 234
98 284
99 153
100 129
100 256
100 276
101 128
101 133
101 136
101 277
101 287
102 107
102 131
102 133
102 134
102 175
102 181
102 188
102 231
102 242
103 110
103 129
103 133
103 134
103 149
103 157
103 167
103 193
103 246
103 252
103 278
103 283
103 313
104 124
104 134
104 220
104 268
104 305
105 262
106 113
106 205
106 215
106 240
107 118
107 138
107 154
107 157
108 121
108 129
108 154
108 242
108 285
108 306
108 309
109 122
109 129
109 167
109 227
109 249
109 278
109 291
110 129
110 160
110 209
110 252
111 210
111 248
111 266
112 134
112 157
112 207
112 239
112 275
113 206
113 254
113 258
114 131
114 134
114 188
114 232
115 167
115 213
116 122
116 292
116 304
117 127
117 135
118 136
118 180
118 188
118 258
118 305
119 124
119 131
119 133
119 272
120 134
120 164
120 185
121 151
121 239
121 272
122 130
122 206
123 135
123 177
123 235
123 257
123 258
124 142
124 156
124 206
124 220
124 286
124 291
126 135
126 140
127 167
127 189
128 130
128 153
128 157
128 173
128 248
129 130
129 135
129 140
129 150
129 159
129 180
129 188
129 193
129 206
129 241
129 267
129 272
129 274
129 276
129 285
129 287
129 304
129 311
130 134
130 135
130 145
130 148
130 157
130 159
130 161
130 167
130 185
130 210
130 214
130 219
130 220
130 232
130 235
130 252
130 262
130 265
130 274
130 276
130 288
130 303
131 133
131 152
131 160
131 162
131 168
131 171
131 172
131 178
131 179
131 185
131 200
131 201
131 210
131 211
131 237
131 265
131 275
131 285
131 307
132 136
132 158
132 159
132 266
132 277
132 286
133 135
133 138
133 139
133 140
133 149
133 154
133 160
133 181
133 184
133 188
133 200
133 204
133 206
133 208
133 211
133 217
133 273
133 287
133 298
134 140
134 179
134 184
134 194
134 199
134 241
134 257
134 259
134 274
134 278
134 287
134 305
134 307
135 136
135 156
135 167
135 170
135 178
135 181
135 188
135 193
135 195
135 202
135 210
135 211
135 216
135 248
135 266
135 284
135 293
135 302
136 181
136 195
136 203
136 265
136 305
137 249
138 186
139 142
139 220
139 261
140 156
140 200
140 205
140 217
140 242
140 248
140 281
142 214
142 220
142 234
142 285
143 180
143 192
143 252
144 156
145 191
145 264
145 303
145 307
147 290
148 159
148 161
148 182
148 198
148 200
148 227
148 233
148 271
148 275
149 175
149 193
149 196
149 200
149 224
149 230
149 248
149 294
150 226
150 268
152 156
152 215
152 242
152 283
154 162
154 258
154 274
154 280
155 180
156 158
156 161
156 167
156 173
156 177
156 182
156 189
156 193
156 196
156 217
156 232
156 243
156 248
156 302
156 310
157 173
157 185
157 230
157 280
157 281
157 287
157 290
157 303
157 313
158 252
159 167
159 242
159 249
160 161
160 223
160 242
160 256
160 278
160 287
161 184
161 208
162 171
162 233
163 233
163 247
164 212
166 213
167 185
167 204
167 206
167 217
167 220
167 287
167 298
168 205
168 220
168 244
168 282
168 288
169 273
169 298
171 217
172 249
172 282
174 209
174 241
174 284
174 298
175 184
175 293
176 288
178 220
179 180
179 181
179 241
179 269
179 304
180 263
180 273
180 288
181 185
181 255
181 267
181 288
182 246
182 247
182 257
184 215
185 278
186 286
187 200
188 206
188 255
188 286
188 304
189 271
190 202
191 213
191 290
191 314
192 283
192 288
193 232
193 240
193 301
195 210
195 238
196 304
197 251
197 273
199 210
200 208
200 210
200 224
200 226
200 265
200 295
200 296
200 304
200 315
201 239
201 248
202 224
205 231
205 288
205 301
206 207
206 238
206 288
206 301
208 223
208 286
209 210
209 238
209 286
210 305
211 224
211 290
215 217
215 287
216 263
216 265
216 288
216 306
217 260
217 267
217 286
219 287
220 223
221 278
221 282
223 300
223 303
224 232
224 267
224 288
226 314
229 239
229 249
229 266
229 315
231 244
231 292
232 303
233 240
233 241
233 249
234 286
237 296
238 267
239 251
240 286
241 287
242 252
242 286
242 294
243 244
243 249
243 287
243 299
244 245
244 247
244 311
244 314
245 255
248 278
249 282
249 287
249 314
250 305
252 283
252 287
252 290
252 301
252 311
257 313
258 294
263 266
266 311
268 298
268 309
272 288
275 277
276 311
277 287
278 313
281 282
281 291
281 310
283 287
285 286
287 308
301 309
305 308
307 314
310 315
