0 34
0 161
0 181
0 193
0 283
1 4
1 208
1 211
2 28
2 30
2 94
2 131
2 133
2 134
2 136
2 156
2 210
2 233
2 284
2 288
3 101
4 16
4 102
4 133
4 154
4 201
4 242
4 250
5 34
5 134
5 157
5 239
5 242
5 286
6 8
6 17
6 134
6 167
6 171
6 224
6 249
6 258
6 263
6 310
7 16
7 39
7 43
7 64
7 86
7 90
7 129
7 135
7 205
7 215
7 216
7 257
7 278
8 32
8 43
8 54
8 63
8 73
8 113
8 124
8 153
8 180
8 188
8 196
8 220
8 258
8 275
9 20
9 58
9 152
9 283
9 302
10 87
10 110
10 130
11 130
11 159
11 160
11 167
12 36
12 67
12 157
12 160
12 193
12 200
12 283
12 307
13 31
13 67
13 86
13 88
13 130
13 156
13 205
13 227
13 234
13 266
14 68
14 130
14 131
14 156
14 164
14 193
14 217
14 292
15 31
15 62
15 118
15 129
15 135
15 139
15 156
15 231
15 266
16 20
16 21
16 28
16 52
16 56
16 115
16 129
16 130
16 133
16 185
16 192
16 214
16 233
16 234
16 253
16 279
16 281
16 286
16 288
16 292
16 305
17 36
17 60
17 133
17 232
17 253
18 31
18 110
18 135
18 160
18 185
18 197
18 263
19 59
19 75
19 108
19 110
19 156
19 223
19 258
20 106
20 129
20 134
20 197
21 200
21 210
21 284
22 132
23 129
23 160
23 223
23 239
24 47
24 50
24 143
24 156
24 167
24 187
24 222
24 231
25 32
25 36
25 37
25 40
25 41
25 61
25 128
25 131
25 135
25 160
25 224
25 241
25 279
25 288
26 46
26 131
27 28
27 67
27 131
28 29
28 72
28 136
28 157
28 172
28 306
29 79
29 86
29 124
29 293
30 59
30 71
30 102
30 133
30 136
30 159
30 184
30 201
30 207
30 267
31 38
31 48
31 62
31 70
31 104
31 210
31 249
31 286
31 287
31 304
32 46
32 48
32 75
32 92
32 108
32 133
32 172
32 179
32 185
32 205
32 209
32 270
32 307
32 309
33 46
33 67
33 88
33 120
33 121
33 133
33 208
33 215
33 231
33 249
33 258
33 281
33 284
33 285
33 299
33 304
34 50
34 77
34 90
34 129
34 130
34 257
35 131
35 136
35 148
35 286
36 66
36 97
36 182
36 223
36 230
36 305
37 76
37 106
37 111
37 133
37 156
37 167
37 234
37 249
38 61
38 97
38 101
38 114
38 134
38 174
38 245
39 44
39 66
39 135
39 196
40 80
40 131
40 138
40 188
40 251
40 284
40 288
41 42
41 64
41 85
41 133
41 157
41 164
41 184
41 291
42 74
42 132
42 164
42 250
42 252
43 124
43 294
44 133
44 177
45 71
45 80
45 122
45 139
45 191
45 220
45 233
45 247
45 250
45 266
45 298
45 307
46 61
46 78
46 96
46 106
46 135
46 191
46 244
46 263
46 298
46 304
47 66
47 101
47 115
47 133
47 185
47 188
47 221
47 242
47 244
47 285
47 287
48 81
48 97
48 117
49 131
49 136
49 217
49 219
49 220
49 236
49 270
49 304
50 52
50 155
50 162
50 193
50 195
50 220
50 252
50 286
50 288
50 301
50 307
51 69
51 75
51 89
51 121
51 129
51 134
51 244
51 302
52 211
52 217
52 249
53 165
53 208
53 255
54 105
54 109
54 285
55 61
55 97
55 131
55 160
55 164
55 206
56 88
56 103
56 125
56 179
56 268
56 297
58 118
58 160
59 60
59 95
59 131
59 136
59 150
59 165
59 194
59 197
59 201
59 205
59 224
59 253
59 266
59 309
59 310
60 85
60 193
60 226
60 249
60 252
60 279
61 217
62 65
62 87
62 95
62 133
62 145
62 180
62 313
63 204
63 211
64 220
64 249
65 108
65 155
65 158
65 217
65 238
65 297
66 68
66 101
66 104
66 134
66 150
66 176
66 227
67 76
67 102
67 129
67 130
67 134
67 160
67 263
68 73
68 131
68 139
68 167
68 223
69 70
69 181
69 202
70 98
70 137
70 140
70 185
71 78
71 206
71 276
72 122
72 130
73 174
73 180
73 189
73 192
73 219
73 292
74 80
74 119
74 129
74 131
74 167
74 173
74 203
74 237
74 267
75 87
75 104
75 122
75 129
75 153
75 218
75 234
75 242
75 277
76 114
76 131
76 156
76 200
76 211
77 130
77 242
77 286
77 314
78 124
78 129
78 194
78 245
78 257
79 201
79 217
79 303
80 87
80 127
80 152
80 194
80 252
80 273
80 285
81 102
81 152
81 211
82 130
82 133
82 156
83 134
83 288
85 92
85 124
85 185
85 196
85 245
86 134
86 140
86 257
87 140
87 162
87 188
87 194
87 234
87 284
88 129
88 287
89 98
89 131
89 200
89 267
90 296
91 134
91 137
92 94
92 133
92 135
92 148
92 159
92 176
92 193
92 275
93 125
93 131
93 141
93 200
94 133
94 156
94 177
94 201
94 215
94 219
94 229
94 238
94 287
95 249
95 267
96 110
96 224
96 244
96 303
97 148
97 266
97 275
97 282
97 308
98 139
98 147
98 165
98 167
98 173
98 267
99 110
99 117
99 181
99 224
101 134
101 180
101 255
101 277
101 288
102 109
102 130
102 133
102 164
102 213
102 292
102 305
102 307
103 131
103 134
103 160
103 182
103 216
103 255
103 287
103 304
104 137
104 185
104 230
104 279
104 308
104 315
105 132
105 133
105 154
105 180
105 224
106 119
106 130
106 133
106 164
106 180
106 204
106 216
106 242
107 134
107 136
107 164
107 196
107 289
108 124
108 182
108 197
108 287
108 298
109 129
109 130
109 311
110 123
110 130
110 142
110 160
110 167
110 173
110 206
110 208
111 132
111 283
112 205
112 267
112 309
113 121
114 133
114 164
115 134
115 156
115 206
115 215
117 118
117 120
117 156
117 160
117 211
117 291
118 130
118 131
118 173
118 175
118 232
118 286
118 293
118 305
119 210
120 142
120 206
120 244
121 133
121 235
121 237
121 304
122 129
122 130
122 154
122 174
123 129
123 135
124 128
124 131
124 148
124 217
124 223
124 271
124 287
125 136
126 210
127 231
128 131
128 136
128 179
128 210
128 294
129 136
129 138
129 143
129 156
129 161
129 166
129 181
129 195
129 205
129 239
129 271
129 288
129 295
129 301
130 133
130 134
130 141
130 152
130 157
130 171
130 178
130 182
130 202
130 208
130 259
130 266
130 278
130 283
130 284
130 305
131 134
131 144
131 153
131 161
131 175
131 210
131 229
131 231
131 243
131 287
131 308
132 156
132 160
132 175
132 230
133 135
133 136
133 142
133 148
133 154
133 164
133 167
133 171
133 191
133 192
133 193
133 199
133 214
133 221
133 224
133 242
133 285
133 286
133 288
134 157
134 167
134 176
134 193
134 206
134 214
134 229
134 238
134 246
134 252
134 268
134 279
134 284
134 298
134 301
134 303
135 147
135 148
135 152
135 159
135 166
135 169
135 188
135 192
135 195
135 206
135 220
135 242
135 258
135 266
135 281
135 287
135 292
135 304
135 305
135 313
136 140
136 194
136 258
136 276
136 279
136 314
137 159
137 217
138 200
139 167
140 154
140 158
140 160
140 161
140 172
140 215
140 252
140 269
140 297
140 309
141 218
141 312
142 195
142 244
143 148
143 201
143 214
143 239
143 273
143 309
144 158
144 193
144 234
145 156
145 218
145 284
146 234
146 239
148 159
148 182
148 193
148 206
148 231
148 261
148 288
148 291
149 153
149 172
149 241
149 246
149 269
149 279
149 287
149 308
150 265
152 205
152 220
152 238
152 288
152 310
152 314
153 161
153 180
153 258
154 191
154 240
154 246
154 304
155 161
155 218
155 230
156 162
156 164
156 167
156 174
156 180
156 182
156 213
156 223
156 226
156 233
156 244
156 283
156 286
156 303
156 304
156 305
156 307
157 163
157 229
157 231
157 246
157 250
157 287
157 313
157 314
158 167
158 168
158 231
158 309
158 310
159 160
159 173
160 166
160 201
160 283
160 286
160 288
160 301
160 303
161 201
161 265
162 167
162 177
162 205
162 224
162 234
163 168
164 167
164 241
164 249
164 259
165 243
167 172
167 200
167 202
167 204
167 213
167 255
167 288
167 314
168 249
168 253
168 314
169 230
169 305
171 176
171 258
172 205
172 245
172 265
173 200
174 286
174 305
175 233
175 234
176 210
177 315
178 288
179 287
180 205
180 213
180 245
180 255
180 259
180 293
180 310
180 313
181 216
181 249
183 272
184 191
184 203
184 305
185 298
185 302
187 220
188 244
188 286
188 287
188 308
190 234
190 300
192 216
192 248
192 260
193 221
193 278
193 285
193 286
193 293
194 207
194 286
195 215
195 217
195 314
197 239
197 292
200 210
200 223
200 232
200 288
200 298
201 287
202 304
203 258
205 286
205 298
206 215
206 236
206 248
206 256
206 288
208 232
208 307
210 213
210 223
211 223
211 237
211 272
212 278
213 287
214 305
215 266
215 268
215 285
215 287
215 293
215 314
217 290
218 222
218 273
220 240
220 268
222 286
222 305
224 242
224 272
228 298
230 232
230 259
230 301
231 249
231 268
231 275
231 287
232 249
234 241
235 239
239 247
239 261
240 255
240 287
242 257
242 271
243 265
243 287
243 291
247 301
248 311
249 273
249 285
249 288
255 289
263 295
264 278
264 286
267 303
268 276
269 288
269 313
270 298
272 276
273 309
275 297
277 296
277 310
278 282
278 306
286 287
286 288
287 299
298 302
298 303
299 311
