0 16
0 60
0 64
0 76
0 208
1 12
1 16
1 56
1 287
1 313
2 7
2 8
2 16
2 18
2 34
2 85
2 107
2 123
2 135
2 156
2 193
2 201
2 234
2 268
2 290
2 292
2 308
3 31
3 35
3 68
3 124
3 212
3 233
4 76
4 172
4 201
4 210
4 220
4 231
4 252
4 277
5 31
5 101
5 129
5 142
5 160
5 197
5 201
5 283
6 45
6 66
6 69
6 73
6 74
6 133
6 177
6 193
6 275
6 281
6 313
7 31
7 48
7 51
7 53
7 74
7 133
7 134
7 138
7 150
7 200
7 243
7 285
7 291
8 18
8 34
8 38
8 46
8 47
8 67
8 72
8 75
8 135
8 158
8 193
8 200
8 216
8 309
8 312
9 47
9 69
9 75
9 79
9 131
9 229
10 136
10 221
11 39
11 50
11 122
11 140
11 158
11 231
11 240
12 60
12 68
12 87
12 99
12 129
12 134
12 157
12 188
12 198
12 230
12 288
13 19
13 29
13 31
13 35
13 39
13 98
13 149
14 108
14 150
14 158
14 162
14 207
14 258
14 260
15 46
15 122
15 130
15 134
15 145
15 149
15 193
15 200
15 206
15 240
15 243
15 275
16 30
16 45
16 74
16 79
16 80
16 119
16 135
16 144
16 157
16 200
16 215
16 220
16 224
16 232
16 256
16 287
17 130
18 33
18 47
18 50
18 64
18 74
18 121
18 129
18 201
18 206
18 214
18 223
18 266
18 303
19 154
20 82
20 103
20 133
20 191
20 266
20 275
21 27
21 28
21 57
21 152
21 231
21 240
21 288
22 47
22 191
22 225
23 62
23 74
23 133
24 69
24 133
25 90
25 134
25 185
25 257
26 130
26 168
27 38
27 59
27 110
28 36
28 67
28 94
28 110
28 123
28 232
28 240
28 267
28 269
28 287
28 295
28 315
29 111
29 117
29 130
29 134
29 156
30 33
30 42
30 59
30 83
30 95
30 123
30 127
30 168
30 184
30 305
31 47
31 60
31 78
31 134
31 140
31 157
31 206
31 242
31 272
32 54
32 96
32 118
32 152
32 192
32 222
32 234
32 266
32 268
32 287
32 305
33 40
33 43
33 46
33 92
33 102
33 117
33 134
33 158
33 181
33 242
33 255
33 268
33 287
33 309
33 312
34 42
34 125
34 129
34 130
34 131
34 203
34 207
35 41
35 133
35 200
35 210
35 216
35 293
36 90
36 134
36 218
36 219
36 258
36 305
37 97
37 135
37 145
37 206
37 242
37 249
38 47
38 156
38 249
38 280
39 50
39 129
39 216
40 111
40 135
40 158
40 161
40 230
40 266
41 140
41 169
41 200
41 205
41 215
41 295
42 83
42 167
43 44
43 62
43 81
43 130
43 143
43 174
43 261
43 273
44 261
45 49
45 83
45 97
45 129
45 186
45 210
45 294
46 56
46 59
46 122
46 180
46 183
46 226
46 278
46 285
46 286
46 303
47 106
47 147
47 174
47 200
47 201
47 213
47 217
47 219
47 222
47 240
47 279
47 287
47 303
47 305
48 60
48 77
48 102
48 173
48 205
48 290
48 292
49 94
49 131
49 133
49 206
49 268
49 305
50 77
50 83
50 109
50 116
50 129
50 154
50 185
50 208
50 242
51 52
51 76
51 130
51 131
51 149
51 167
51 257
51 268
51 273
51 296
52 184
52 291
54 156
54 202
55 210
55 238
56 102
56 129
56 156
56 160
56 206
56 210
56 249
56 292
57 128
57 129
57 131
57 185
57 296
58 305
58 313
59 61
59 92
59 130
59 156
59 157
59 277
60 73
60 118
60 133
60 158
60 187
60 210
61 118
61 131
61 163
62 135
62 152
62 304
63 181
64 73
64 121
64 199
65 130
65 156
65 182
65 265
66 154
66 204
66 226
67 68
67 73
67 83
67 106
67 129
67 130
67 131
67 145
67 303
68 73
68 97
68 117
68 231
69 93
69 102
69 171
70 131
71 285
72 98
72 124
72 129
72 148
72 224
72 250
73 95
73 124
73 137
73 221
74 98
74 99
74 101
74 129
74 130
74 131
74 134
74 135
74 142
74 146
74 148
74 156
74 158
74 194
74 215
74 251
74 264
74 279
74 288
74 290
75 172
75 238
75 268
76 118
76 122
76 131
77 131
77 143
77 286
78 171
79 191
79 213
80 82
80 93
80 97
80 131
80 134
80 148
80 156
80 160
80 221
80 248
81 96
81 118
81 277
81 286
81 287
82 206
82 277
82 315
83 109
83 147
83 154
83 178
83 198
83 266
83 307
84 94
84 119
84 156
84 216
85 192
85 265
85 272
85 298
86 180
86 224
87 129
87 140
87 151
87 153
87 224
87 242
87 273
87 286
87 296
87 313
88 100
88 193
88 267
88 269
89 120
89 129
89 134
89 188
89 217
89 249
90 104
90 130
91 188
91 233
92 96
92 193
92 211
92 220
92 296
92 302
93 167
94 123
94 235
94 249
94 296
95 249
95 260
95 283
96 151
96 204
96 218
96 221
96 233
96 266
96 303
97 130
97 133
97 179
97 188
97 232
97 242
97 306
98 104
98 185
98 208
98 224
98 241
98 272
98 305
99 101
99 109
99 130
99 134
99 194
99 204
99 283
100 140
101 129
101 134
101 139
101 281
101 287
102 114
102 142
102 157
102 166
102 189
102 199
102 219
102 231
102 242
102 264
102 296
102 305
102 308
103 122
103 135
103 165
103 185
103 215
103 224
103 231
103 233
104 130
104 133
104 224
104 287
105 108
105 149
106 145
107 148
107 245
107 264
107 293
108 118
108 145
108 258
108 286
109 140
109 217
109 236
110 127
110 135
110 142
110 168
110 245
110 287
111 131
111 167
111 231
112 159
112 174
112 228
112 249
113 136
113 188
113 193
113 215
114 159
114 208
115 133
115 283
117 168
117 279
117 285
118 128
118 133
118 135
118 136
118 152
118 205
118 209
118 293
119 167
119 255
119 305
120 133
120 149
120 278
120 287
121 125
121 133
121 184
121 239
121 314
122 216
122 227
122 245
122 273
122 294
123 131
123 167
124 142
124 151
124 167
124 191
124 222
124 231
124 246
124 255
124 273
124 303
125 236
125 287
127 167
127 216
128 133
128 151
128 158
128 258
128 279
128 285
129 134
129 135
129 156
129 159
129 180
129 192
129 197
129 221
129 256
129 299
129 302
130 131
130 134
130 135
130 138
130 157
130 160
130 166
130 180
130 187
130 196
130 223
130 233
130 258
130 259
130 273
130 283
130 288
130 296
130 299
130 303
130 306
131 137
131 140
131 179
131 190
131 233
131 238
131 283
131 285
131 288
131 309
132 167
132 303
133 134
133 135
133 136
133 140
133 156
133 167
133 168
133 174
133 177
133 179
133 184
133 200
133 210
133 231
133 232
133 272
133 287
133 297
133 298
133 301
133 303
133 305
134 135
134 136
134 138
134 154
134 156
134 180
134 184
134 186
134 206
134 213
134 215
134 216
134 219
134 236
134 242
134 244
134 249
134 262
134 281
134 288
134 303
135 143
135 145
135 161
135 178
135 182
135 184
135 218
135 222
135 244
135 252
135 255
135 258
135 259
135 280
135 283
135 294
135 305
136 156
136 159
136 161
136 164
136 167
136 193
136 210
136 275
136 280
137 157
138 298
139 179
139 223
140 160
140 217
140 249
141 160
141 166
141 272
142 235
142 306
144 241
145 265
145 288
145 311
146 156
146 173
146 179
146 254
147 191
147 283
147 305
148 149
148 181
148 191
148 213
148 217
149 215
149 240
149 249
149 272
150 176
150 247
151 285
152 169
152 206
152 248
152 296
154 158
154 169
154 180
154 207
154 243
155 233
155 286
155 291
156 167
156 185
156 191
156 196
156 199
156 206
156 214
156 237
157 219
157 234
157 240
157 242
157 249
157 251
157 305
158 177
159 206
159 208
159 222
159 280
159 292
160 167
161 201
161 283
162 275
164 276
164 314
165 188
165 305
166 241
167 196
167 204
167 216
167 219
167 286
167 291
168 314
172 250
174 178
174 274
174 302
176 219
176 310
177 276
177 311
178 224
178 242
179 182
179 267
179 283
180 188
180 206
180 255
180 259
180 283
180 290
180 299
180 308
181 311
182 290
184 211
184 239
184 267
184 284
185 237
185 255
185 270
186 197
186 210
187 188
188 194
188 239
188 263
188 279
188 287
188 292
188 298
191 220
191 230
191 269
191 283
191 289
191 295
192 200
192 212
193 198
193 239
193 276
193 295
195 299
197 222
197 299
198 298
200 232
200 260
200 312
201 239
202 304
203 309
204 208
205 215
205 233
205 279
205 286
205 287
206 272
206 286
207 237
208 241
209 308
210 218
210 225
210 245
210 255
210 258
210 278
211 311
212 214
212 231
213 218
213 241
213 249
214 233
215 231
215 255
215 287
216 249
216 275
218 244
218 285
219 258
220 276
221 248
221 275
222 293
223 246
223 315
224 239
224 301
226 255
226 283
229 260
229 276
230 231
230 240
231 297
232 252
232 276
233 261
233 298
233 313
233 314
235 245
238 286
239 245
239 298
239 305
243 304
243 314
244 288
244 302
247 264
247 280
248 279
249 298
252 263
252 273
252 276
255 266
258 272
258 295
262 287
265 271
268 286
268 313
269 285
269 293
273 286
275 278
275 287
283 309
286 287
286 293
286 299
287 292
287 294
287 295
287 311
288 299
288 303
291 292
298 309
299 305
