0 3
0 13
0 71
0 136
0 153
0 193
0 197
0 308
1 141
1 148
1 163
1 165
2 34
2 41
2 43
2 60
2 65
2 102
2 130
2 131
2 145
2 149
2 156
2 175
2 211
2 216
2 224
2 230
2 232
2 294
3 36
3 107
3 245
3 249
3 255
3 272
4 33
4 40
4 130
4 148
4 154
4 210
5 15
5 74
5 123
5 133
5 156
5 208
5 210
5 267
5 276
5 311
6 15
6 106
6 107
6 135
6 143
6 166
6 187
6 220
7 12
7 33
7 63
7 88
7 90
7 102
7 122
7 135
7 136
7 159
7 162
7 196
7 208
7 231
7 264
7 267
7 272
7 288
7 299
8 23
8 28
8 35
8 74
8 98
8 148
8 150
8 156
8 157
8 206
8 268
8 292
8 312
9 38
9 130
9 134
9 218
9 304
10 37
10 148
10 201
10 229
10 242
11 105
11 136
11 144
11 169
11 189
11 255
11 293
12 39
12 64
12 124
12 129
12 135
12 145
12 156
12 166
12 167
12 173
12 174
12 191
12 217
12 218
12 292
12 312
12 313
13 56
13 88
13 130
13 144
13 148
13 163
13 210
14 41
14 106
14 121
15 140
15 160
15 265
15 296
16 18
16 20
16 39
16 40
16 42
16 73
16 77
16 81
16 87
16 118
16 142
16 176
16 205
16 209
16 212
16 224
16 232
16 297
16 305
17 49
17 105
17 134
17 155
17 193
17 223
17 258
18 54
18 107
18 110
18 133
18 149
18 156
18 167
18 191
18 270
18 287
19 68
19 79
19 163
19 196
19 237
20 21
20 71
20 167
20 233
20 267
21 25
21 40
21 57
21 133
21 140
21 193
23 64
23 128
23 156
23 176
23 181
23 192
24 54
24 129
24 136
24 138
24 275
24 314
25 48
25 85
25 110
25 134
25 135
25 160
25 180
25 185
25 313
26 31
26 103
26 149
26 303
26 315
27 28
27 204
27 259
28 122
28 148
28 219
28 265
28 301
29 44
29 180
29 251
29 312
30 124
30 131
30 133
30 171
30 206
31 34
31 63
31 96
31 110
31 118
31 135
31 147
31 173
31 184
31 214
31 263
31 275
31 304
32 34
32 40
32 77
32 131
32 132
32 135
32 155
32 157
32 202
32 232
32 260
32 268
32 284
32 305
33 50
33 68
33 106
33 107
33 115
33 121
33 129
33 149
33 166
33 176
33 217
33 266
33 289
33 298
34 99
34 126
34 145
34 155
34 164
35 46
35 49
35 64
35 98
35 120
35 162
35 230
35 307
36 45
36 76
36 85
36 180
36 210
36 283
37 129
37 130
37 157
37 160
38 63
38 128
38 133
38 135
38 205
38 224
38 272
38 285
39 74
39 276
40 43
40 143
40 145
40 154
40 185
40 186
40 193
40 204
40 209
40 220
40 257
41 56
41 102
41 123
41 200
41 271
41 284
41 286
41 296
42 46
42 65
42 66
42 103
42 118
42 132
42 216
42 217
42 251
43 70
43 86
43 101
43 129
43 138
43 173
43 180
43 283
43 298
44 64
44 287
45 57
45 67
45 80
45 95
45 133
45 154
45 156
45 167
45 184
45 212
45 232
45 270
45 286
45 287
45 289
45 313
46 70
46 105
46 129
46 133
46 135
46 149
46 172
46 185
46 200
46 204
46 222
46 242
47 75
47 129
47 212
48 130
48 156
48 159
48 199
49 133
49 137
50 156
50 158
50 231
50 266
51 74
51 175
51 219
51 248
51 266
51 287
52 130
52 131
53 59
54 104
54 164
54 288
55 83
55 124
55 131
55 134
55 235
55 243
56 64
56 102
56 103
56 115
56 130
56 133
57 74
58 207
58 210
58 242
58 311
59 73
59 109
59 123
59 134
59 135
59 160
59 167
59 188
59 200
59 231
59 232
59 243
59 251
59 258
59 272
59 305
59 307
59 309
60 62
60 68
60 90
60 169
60 212
60 298
60 309
61 75
61 126
61 135
61 162
61 218
61 296
62 102
62 130
62 133
62 233
62 245
62 278
63 105
63 239
63 249
63 303
64 199
64 230
64 233
64 276
65 130
65 131
65 140
66 131
66 157
66 215
66 260
66 263
67 85
67 96
67 105
67 124
67 134
67 140
67 146
67 159
67 216
68 85
68 147
68 170
68 198
68 204
68 205
68 272
68 288
68 292
68 311
69 118
69 206
69 284
70 169
71 106
71 177
72 95
72 126
73 157
73 188
73 248
73 287
74 77
74 108
74 157
74 173
74 200
74 210
74 219
74 220
74 264
74 287
74 315
75 136
75 149
75 240
76 187
76 250
77 97
77 131
77 301
78 118
78 156
78 196
79 219
80 98
80 129
80 179
80 188
80 305
81 87
81 92
81 106
81 129
81 130
81 133
81 295
83 130
83 135
83 232
83 233
83 313
84 95
84 232
85 113
85 136
85 180
85 233
85 276
85 308
86 102
86 104
86 120
86 241
86 268
87 130
87 131
87 143
87 153
87 160
87 162
87 167
87 182
87 200
87 248
87 288
88 174
88 201
89 110
89 129
89 148
89 305
91 123
91 217
91 239
92 135
92 156
92 214
92 293
92 294
93 167
94 130
94 165
94 224
95 104
95 142
95 191
95 240
95 266
96 104
96 148
96 246
96 258
96 314
97 125
97 156
97 158
97 159
97 283
98 102
98 109
98 131
98 132
98 171
98 184
98 218
98 286
99 157
99 168
99 180
99 243
99 290
100 168
100 180
101 130
101 160
101 175
101 193
101 201
101 249
101 296
101 303
102 106
102 181
102 220
102 223
102 307
103 117
103 124
103 130
103 134
103 140
103 142
103 157
103 179
103 188
103 200
103 203
103 213
103 271
103 284
104 118
104 131
104 168
104 185
104 210
104 283
105 152
105 166
105 210
105 245
106 113
106 115
106 167
106 171
106 188
106 269
107 131
107 284
109 186
109 188
109 268
110 120
110 136
110 180
110 183
110 200
110 223
111 180
111 241
112 158
112 244
113 167
113 180
113 293
114 178
114 287
115 195
116 129
116 257
116 271
117 138
117 195
117 208
117 239
117 252
117 267
118 133
118 136
118 148
118 164
118 241
118 249
119 133
119 180
119 239
119 256
120 162
120 238
120 305
121 133
121 135
121 267
121 269
121 281
121 293
122 124
122 130
122 152
122 162
122 167
122 181
122 187
122 248
123 134
123 136
123 154
123 252
124 157
124 176
124 177
124 220
124 242
124 284
125 150
126 287
127 202
127 234
127 258
128 144
128 147
128 157
128 193
128 205
128 249
128 258
129 131
129 135
129 167
129 173
129 193
129 197
129 219
129 223
129 232
129 254
129 260
129 272
129 273
129 287
129 288
129 298
129 313
129 314
130 138
130 148
130 152
130 166
130 172
130 178
130 182
130 188
130 202
130 205
130 216
130 223
130 239
130 244
130 261
130 275
130 279
130 280
130 300
130 304
130 305
131 145
131 154
131 170
131 181
131 193
131 200
131 205
131 230
131 239
131 240
131 241
131 250
131 260
131 265
131 273
131 278
131 287
132 142
132 201
132 208
132 218
132 252
132 260
132 286
133 134
133 161
133 162
133 174
133 181
133 184
133 200
133 204
133 208
133 210
133 218
133 238
133 239
133 247
133 261
133 262
133 288
133 313
134 136
134 145
134 157
134 158
134 164
134 176
134 179
134 204
134 210
134 249
134 252
134 267
134 285
134 310
135 149
135 157
135 176
135 185
135 193
135 215
135 223
135 231
135 236
135 245
135 255
135 267
135 269
135 303
135 313
136 145
136 167
136 176
136 197
136 205
136 217
136 229
136 249
136 258
136 303
137 188
138 156
138 193
139 141
139 188
140 186
140 187
140 188
140 193
140 269
141 148
141 171
141 186
141 197
141 288
142 149
143 258
144 279
145 152
145 180
145 200
147 168
148 267
148 289
149 158
149 180
149 182
149 206
149 269
149 277
149 280
149 287
151 156
151 242
152 188
152 247
152 259
152 315
153 199
154 158
154 217
154 239
154 241
155 230
156 181
156 187
156 190
156 204
156 220
156 226
156 232
156 234
156 237
156 258
156 287
156 288
157 160
157 171
157 175
157 185
157 188
157 206
157 215
157 216
157 305
158 166
158 217
158 263
160 167
160 215
160 226
160 241
160 279
160 297
161 183
161 260
162 184
162 215
162 231
162 302
163 200
164 191
164 272
165 197
166 200
166 206
166 228
167 180
167 220
167 235
167 247
167 278
167 285
167 299
168 208
168 214
168 290
169 220
169 296
172 284
174 188
174 201
174 231
174 278
174 303
177 210
177 314
178 239
179 241
179 288
179 292
180 186
180 200
180 204
180 206
180 239
180 247
180 273
180 275
180 288
181 224
182 199
182 201
183 193
184 196
185 191
185 193
186 206
188 204
188 227
188 239
188 280
188 288
188 290
188 296
189 282
189 288
190 191
190 200
191 192
191 216
191 298
192 294
193 211
193 235
193 266
193 271
193 304
194 269
195 215
195 239
195 288
197 237
197 281
198 204
198 293
198 298
199 242
199 283
199 299
200 220
200 227
200 242
200 288
200 299
200 302
200 303
200 313
201 231
201 283
202 304
203 264
204 249
205 242
205 244
205 246
205 247
205 249
205 314
206 210
206 220
206 231
206 258
206 285
206 298
208 285
208 304
210 231
210 254
210 263
210 268
210 273
210 285
211 215
211 273
212 220
212 228
214 278
215 284
216 238
216 287
218 266
218 287
219 239
219 243
219 268
219 279
219 283
220 237
220 266
220 298
221 240
221 271
223 230
223 287
224 287
226 231
228 291
230 287
230 299
231 233
231 264
232 297
233 272
233 275
234 285
235 288
237 252
239 265
239 282
239 309
239 315
240 258
241 299
242 284
243 249
243 305
244 261
244 271
244 305
245 263
246 290
247 252
247 288
249 258
249 270
249 273
249 303
249 304
254 287
258 274
259 313
261 312
263 300
264 283
264 286
265 298
266 303
267 279
268 274
271 289
272 313
273 276
276 307
277 288
281 290
283 301
284 285
284 293
284 298
285 287
286 308
287 294
287 307
288 291
293 298
