0 177
0 207
0 210
0 287
1 61
1 107
1 167
1 180
1 193
1 195
1 210
1 287
2 18
2 39
2 50
2 59
2 77
2 80
2 81
2 96
2 110
2 130
2 133
2 134
2 181
2 182
2 210
2 227
2 250
2 255
2 258
2 268
2 269
2 274
2 286
2 308
3 58
3 104
3 195
3 247
3 252
3 284
3 286
3 305
4 16
4 20
4 25
4 89
4 92
4 150
4 177
4 286
4 292
4 309
5 96
5 135
5 167
5 275
5 298
5 315
6 91
6 129
6 156
6 167
6 171
6 186
6 218
6 232
6 263
6 286
7 32
7 46
7 55
7 97
7 130
7 153
7 160
7 215
7 231
7 268
7 271
7 276
7 290
7 291
7 297
7 306
8 48
8 49
8 76
8 86
8 103
8 120
8 142
8 148
8 156
8 172
8 173
8 203
8 269
9 33
9 47
9 54
9 74
9 87
9 92
9 135
9 149
9 170
9 209
9 273
10 56
10 160
10 222
11 26
11 58
11 157
12 19
12 34
12 55
12 81
12 105
12 134
12 167
12 181
12 189
12 200
12 207
12 210
12 213
12 222
12 293
13 39
13 41
13 89
13 131
13 134
13 230
13 288
14 56
14 87
14 156
14 280
14 287
15 16
15 37
15 47
15 58
15 75
15 133
15 206
15 252
15 298
15 312
16 39
16 45
16 46
16 61
16 67
16 103
16 121
16 136
16 142
16 156
16 157
16 174
16 191
16 199
16 200
16 231
16 233
16 258
16 266
16 272
16 287
16 303
16 313
17 105
17 119
17 124
17 129
17 157
17 230
17 306
18 40
18 51
18 75
18 129
18 133
18 140
18 156
18 182
18 256
19 72
19 131
19 231
20 29
20 38
20 50
20 69
20 87
20 135
20 272
20 287
20 289
21 124
21 125
21 140
21 157
21 302
22 48
22 96
22 105
22 287
23 28
23 97
23 130
23 136
23 210
23 280
24 25
24 45
24 60
24 85
24 134
24 135
24 278
25 49
25 67
25 118
25 122
25 145
25 164
25 167
26 134
26 148
26 167
26 181
26 287
27 45
27 77
27 197
27 313
28 33
28 47
28 67
28 123
28 134
28 152
28 156
28 160
28 206
28 234
28 242
28 267
28 303
29 37
29 87
29 168
29 205
29 288
30 140
30 232
31 46
31 77
31 127
31 129
31 160
31 204
31 215
31 224
31 309
32 35
32 36
32 54
32 69
32 79
32 87
32 129
32 130
32 149
32 158
32 159
32 244
32 287
33 92
33 101
33 111
33 112
33 130
33 135
33 142
33 148
33 200
33 206
33 210
33 232
33 281
33 291
33 295
34 80
34 129
34 136
34 160
34 164
34 242
34 287
34 312
35 41
35 161
35 184
35 282
35 297
36 60
36 110
36 131
36 136
36 188
36 206
36 223
36 255
36 261
36 278
36 298
37 67
37 110
37 206
37 267
37 293
38 56
38 97
38 135
38 171
38 176
38 286
39 134
39 210
40 44
40 103
40 129
40 131
40 156
40 209
40 242
41 67
41 104
41 118
41 122
41 195
41 205
41 304
42 54
42 130
42 269
42 288
43 47
43 64
43 173
44 83
44 84
44 247
45 46
45 62
45 117
45 131
45 135
45 293
46 48
46 94
46 131
46 163
46 210
46 219
46 220
46 249
46 305
47 157
47 164
47 244
48 80
48 86
48 123
48 135
48 174
49 53
49 95
49 243
49 247
49 296
49 302
50 61
50 74
50 108
50 131
50 133
50 134
50 145
50 177
50 181
50 201
50 240
50 263
50 286
51 103
51 131
51 133
51 134
51 157
51 201
51 315
52 61
52 204
52 312
54 63
54 76
54 269
54 287
55 94
56 135
56 144
56 258
56 268
57 249
58 223
59 63
59 123
59 129
59 131
59 134
59 142
59 160
59 163
59 187
59 213
59 249
59 257
59 286
59 301
60 129
60 130
60 134
60 220
60 258
60 273
60 293
61 120
61 129
61 133
61 191
61 234
61 263
61 269
61 285
62 90
62 112
62 154
62 244
62 280
62 289
63 74
63 108
63 160
64 95
64 101
64 110
64 142
64 170
64 180
64 201
64 239
65 106
65 117
65 221
65 273
66 118
66 159
66 188
66 217
66 220
66 242
67 76
67 129
67 130
67 200
67 268
67 287
67 293
68 106
68 133
68 148
68 188
68 232
68 305
69 143
69 154
69 245
70 248
71 233
72 204
72 228
72 259
72 298
73 88
73 122
73 129
73 161
73 239
73 248
73 249
73 258
74 80
74 118
74 134
74 135
74 156
74 174
74 195
74 205
74 215
74 249
74 286
75 103
75 104
75 112
75 134
75 136
75 148
75 258
75 266
75 283
76 94
76 130
76 132
76 134
76 161
76 174
76 200
76 245
77 117
77 159
77 239
78 89
78 103
78 141
78 188
78 305
79 135
79 241
80 96
80 102
80 128
80 151
80 180
80 185
80 208
80 258
80 283
81 97
81 104
81 135
81 152
81 167
81 248
82 217
82 247
83 149
83 160
83 197
83 215
83 258
83 274
83 288
84 129
84 266
85 134
85 309
86 101
86 135
86 176
87 130
87 131
87 191
87 196
87 249
88 206
88 281
88 296
89 96
89 103
89 133
90 103
90 124
90 133
90 157
90 172
90 180
90 208
91 97
91 98
91 114
91 128
92 127
92 128
92 162
92 202
92 258
92 280
92 284
92 287
94 135
94 161
94 181
94 199
95 135
95 154
96 106
96 129
96 130
96 264
96 285
96 304
97 148
97 221
97 222
97 242
97 250
97 264
97 296
98 135
98 281
99 123
99 242
99 277
100 108
100 112
100 131
100 305
101 130
101 210
102 108
102 117
102 133
102 142
102 157
102 204
102 271
102 294
103 122
103 131
103 173
103 184
103 196
103 206
103 224
103 245
103 253
103 267
103 303
104 129
104 200
104 204
104 285
104 298
104 308
105 112
105 275
106 110
106 135
106 136
106 156
106 157
106 160
106 193
106 221
106 271
107 148
107 150
107 242
107 302
108 193
108 264
109 170
109 176
109 229
109 287
110 180
110 188
111 133
111 154
111 266
112 134
112 233
113 128
113 135
114 121
114 130
114 133
115 134
115 193
116 150
116 159
117 125
117 133
117 220
117 268
118 128
118 131
118 136
118 137
118 142
118 145
118 152
118 200
118 220
118 273
118 287
118 293
118 305
119 209
119 303
120 129
120 138
121 232
121 265
122 129
122 133
122 231
122 249
122 258
122 283
123 159
123 250
123 252
124 154
124 193
124 238
124 246
124 258
124 270
124 293
125 148
126 134
126 231
127 129
127 240
127 303
128 134
128 135
128 140
128 148
128 154
128 205
128 214
128 218
129 140
129 143
129 145
129 148
129 155
129 194
129 220
129 239
129 272
129 285
129 286
129 287
129 307
130 131
130 132
130 134
130 148
130 151
130 157
130 179
130 180
130 224
130 237
130 241
130 266
130 270
130 275
130 279
130 286
131 134
131 145
131 152
131 154
131 156
131 160
131 167
131 201
131 205
131 217
131 238
131 269
131 283
131 304
131 311
133 135
133 136
133 171
133 172
133 179
133 180
133 188
133 193
133 206
133 209
133 220
133 239
133 244
133 272
133 285
133 287
133 312
134 138
134 154
134 164
134 182
134 196
134 197
134 220
134 222
134 237
134 238
134 242
134 247
134 258
134 265
134 288
134 314
135 136
135 142
135 148
135 158
135 191
135 194
135 197
135 201
135 220
135 236
135 245
135 246
135 276
135 287
135 288
135 310
136 140
136 180
136 217
136 220
136 224
136 232
136 280
136 287
136 288
136 303
137 148
137 154
137 200
137 242
137 297
138 201
138 231
138 242
138 278
139 156
139 269
139 305
140 167
140 309
142 156
142 276
143 156
143 232
144 197
145 156
145 207
145 231
145 304
146 179
148 152
148 191
148 209
148 214
148 259
148 265
148 273
148 285
148 288
150 200
150 208
150 231
150 283
152 156
152 214
152 278
152 288
153 213
154 286
154 305
155 182
155 188
155 288
155 298
156 174
156 208
156 217
156 225
156 258
156 311
157 170
157 171
157 194
157 200
157 206
157 215
157 245
157 273
157 287
158 238
158 254
159 180
159 215
160 167
160 185
160 200
160 222
160 301
162 236
162 281
163 216
163 291
164 240
165 169
165 181
165 209
165 219
166 268
167 173
167 176
167 196
167 202
167 288
167 305
168 193
168 311
169 207
171 248
171 258
172 188
172 190
172 239
172 250
174 192
175 232
176 259
176 286
177 188
178 182
179 185
179 188
179 223
179 290
179 310
180 242
180 271
180 284
180 305
181 252
182 239
182 242
185 231
187 222
188 193
188 224
188 227
188 267
188 285
189 241
190 201
191 260
191 298
193 218
193 236
193 249
195 255
196 249
196 286
196 288
196 301
197 250
197 272
197 282
197 309
199 210
199 271
200 220
200 243
200 284
200 286
200 287
200 296
200 301
200 304
201 238
202 223
202 233
202 250
204 205
204 283
205 305
206 216
206 238
206 298
207 242
207 286
208 301
209 234
209 250
210 215
210 234
210 285
210 301
211 219
212 215
212 247
212 249
212 264
213 261
213 278
214 267
215 239
215 258
215 276
215 280
215 284
215 293
215 304
216 287
218 233
218 235
218 239
218 242
219 241
219 249
220 242
220 249
220 263
220 271
220 279
220 285
221 249
223 247
223 262
224 313
227 302
228 301
229 239
231 305
232 245
232 268
232 315
234 294
236 242
238 249
238 290
239 241
239 252
239 291
242 247
242 252
244 256
244 283
245 254
245 269
247 265
249 265
249 302
250 315
253 266
254 284
256 271
257 303
258 287
260 287
261 301
263 264
264 298
265 298
267 269
269 272
271 310
272 295
274 287
286 298
287 298
288 299
288 301
288 305
292 301
299 303
304 305
