0 11
0 67
0 77
0 89
0 110
0 275
0 288
1 62
1 78
1 124
1 131
1 135
1 224
1 299
2 9
2 12
2 39
2 49
2 66
2 76
2 106
2 130
2 135
2 136
2 156
2 160
2 167
2 219
2 224
2 233
2 243
2 246
2 269
2 310
3 38
3 97
3 177
3 213
3 218
3 266
4 7
4 48
4 105
4 130
4 134
4 136
4 187
4 213
4 287
4 290
4 313
5 8
5 35
5 135
5 148
5 177
5 254
6 21
6 40
6 76
6 181
6 246
6 252
7 27
7 44
7 47
7 97
7 117
7 140
7 142
7 173
7 180
7 185
7 210
7 212
7 238
7 239
7 293
7 311
8 33
8 45
8 55
8 60
8 79
8 103
8 156
8 159
8 179
8 230
8 256
8 275
9 15
9 54
9 100
9 132
9 135
9 269
10 91
10 269
11 25
11 130
11 134
11 204
11 299
12 16
12 57
12 87
12 96
12 103
12 107
12 129
12 130
12 160
12 190
12 251
12 262
12 287
13 36
13 64
13 77
13 81
13 87
13 133
13 145
13 281
13 295
14 59
14 75
14 92
14 102
14 109
14 116
14 120
14 125
14 129
14 133
14 135
14 142
14 195
14 233
14 264
14 287
15 81
15 102
15 111
15 130
15 214
15 306
16 40
16 47
16 51
16 81
16 102
16 104
16 111
16 133
16 135
16 167
16 176
16 194
16 195
16 204
16 210
16 212
16 243
16 244
16 249
16 267
17 120
18 35
18 59
18 61
18 77
18 98
18 136
18 241
18 283
19 58
19 131
19 220
20 72
20 103
20 135
20 167
20 196
20 219
20 235
20 283
20 303
21 25
21 32
21 75
21 78
21 98
21 123
21 156
21 288
21 311
22 36
22 99
22 102
22 105
22 167
22 191
22 219
23 33
23 45
23 112
23 133
23 147
23 185
24 32
24 74
24 82
24 89
24 162
24 164
24 173
24 231
24 240
24 285
24 287
25 41
25 64
25 92
25 184
25 218
25 229
25 247
25 251
25 258
25 269
26 210
26 304
27 74
27 77
28 42
28 131
28 134
28 223
28 232
28 277
28 279
28 302
29 206
30 46
30 60
30 74
30 122
30 163
30 174
31 38
31 45
31 80
31 98
31 103
31 133
31 135
31 143
31 153
31 159
31 167
31 180
32 49
32 56
32 82
32 101
32 109
32 112
32 124
32 139
32 148
32 156
32 164
32 182
32 193
32 218
32 222
32 260
32 277
32 287
32 298
33 64
33 131
33 157
33 160
33 161
33 167
33 191
33 198
33 279
34 129
34 130
34 133
34 210
34 227
34 243
34 257
34 287
35 89
35 118
35 146
35 209
36 49
36 118
36 221
36 301
36 305
37 95
37 134
37 148
37 222
37 230
37 284
38 80
38 133
38 136
38 185
38 194
38 287
38 293
39 130
40 98
40 130
40 153
40 166
40 188
41 43
41 129
41 157
41 188
42 59
42 106
42 217
43 68
43 97
43 130
43 135
43 153
43 206
43 311
44 110
44 131
44 185
44 189
45 46
45 59
45 75
45 77
45 86
45 105
45 161
45 211
45 212
45 258
45 273
45 295
45 305
46 51
46 58
46 60
46 103
46 107
46 129
46 148
46 164
46 180
46 188
46 273
47 56
47 59
47 76
47 86
47 160
47 266
47 285
48 64
48 75
48 97
48 128
48 179
48 211
48 308
49 74
49 140
49 156
49 173
49 180
49 200
49 210
49 231
49 245
50 81
50 97
50 130
50 176
50 178
50 223
51 74
51 124
51 145
51 180
51 188
51 265
51 311
52 120
52 138
52 286
54 157
55 134
55 157
55 161
55 239
55 249
56 87
56 111
56 174
56 249
57 152
57 188
58 184
58 220
58 278
58 287
59 79
59 84
59 130
59 131
59 160
59 180
59 188
59 204
59 215
59 220
59 286
59 295
60 90
60 104
60 135
60 136
60 143
60 193
60 200
60 217
60 219
60 229
60 241
60 244
61 130
61 197
62 67
62 200
62 276
63 79
63 81
63 119
63 199
63 270
64 67
64 87
64 105
64 153
64 182
65 106
65 118
65 121
65 130
65 180
66 80
66 180
66 192
67 74
67 99
67 117
67 129
67 131
67 134
67 192
67 224
67 236
67 241
67 309
68 83
68 96
68 129
68 130
68 131
68 134
68 184
68 214
69 108
69 154
69 180
69 239
70 101
70 188
70 222
70 261
70 287
71 129
71 132
71 133
71 197
71 210
72 93
72 136
72 138
73 130
73 132
73 167
73 174
73 200
73 215
73 291
73 301
74 92
74 126
74 135
74 153
74 157
74 173
74 197
74 215
74 235
74 237
74 244
74 251
74 267
74 278
74 293
75 110
75 129
75 133
75 156
75 173
75 287
76 133
76 190
76 220
77 129
77 157
77 162
77 190
77 211
77 228
77 288
77 310
78 231
78 236
79 130
79 188
79 207
80 130
80 148
80 158
80 202
80 220
80 272
80 287
81 130
81 165
81 200
81 243
83 180
83 216
83 260
83 283
84 135
84 243
85 129
85 166
85 279
85 286
86 115
87 157
87 164
87 193
87 210
87 275
87 287
87 311
88 114
88 115
88 131
88 237
88 238
88 309
89 90
89 92
89 102
89 196
89 217
90 145
90 174
91 103
91 275
92 104
92 107
92 130
92 134
92 160
92 172
92 181
92 280
92 285
93 167
94 118
94 129
95 174
95 264
95 315
96 102
96 104
96 106
96 135
96 157
96 162
96 278
97 99
97 104
97 106
97 129
97 156
97 180
97 215
97 239
97 251
98 128
98 136
98 141
98 180
98 205
98 249
98 261
98 298
99 214
100 117
100 172
101 105
101 129
101 135
101 244
101 258
101 272
102 109
102 121
102 124
102 130
102 167
102 181
102 193
102 303
103 115
103 122
103 131
103 133
103 156
103 180
103 217
103 220
103 245
103 249
103 283
103 301
103 303
103 308
103 309
104 293
105 134
105 138
105 154
105 156
105 170
105 213
106 131
106 156
106 197
106 272
107 108
107 122
107 143
107 193
107 224
107 263
107 289
108 122
108 179
108 215
108 248
108 249
108 287
109 149
109 163
109 180
109 216
110 130
110 131
110 134
110 135
110 197
110 205
110 218
110 229
110 245
111 133
111 180
111 282
112 293
113 134
113 160
114 188
114 193
114 216
114 249
115 118
115 129
115 267
116 149
117 134
117 140
117 261
117 286
118 131
118 133
118 140
118 142
118 145
118 180
118 224
118 272
119 309
120 164
120 167
120 201
120 302
121 136
121 173
121 308
122 129
122 172
122 181
122 193
122 197
122 266
123 129
123 133
123 167
124 158
124 202
124 254
124 293
125 131
125 209
125 282
126 134
126 224
127 134
127 285
128 135
128 157
128 192
129 130
129 133
129 140
129 155
129 176
129 200
129 217
129 221
129 234
129 240
129 243
129 247
129 256
129 259
129 261
129 262
129 267
129 301
130 135
130 136
130 140
130 143
130 147
130 157
130 158
130 193
130 200
130 205
130 237
130 249
130 259
130 260
130 282
130 286
130 287
130 295
130 304
131 165
131 179
131 214
131 215
131 216
131 217
131 232
131 236
131 249
131 272
131 275
131 285
131 307
131 309
132 135
132 287
132 288
133 134
133 149
133 175
133 196
133 209
133 215
133 216
133 218
133 228
133 270
133 275
133 276
133 292
133 295
134 135
134 136
134 156
134 157
134 167
134 168
134 172
134 176
134 197
134 202
134 205
134 230
134 236
134 240
134 246
134 249
134 254
134 255
134 266
134 274
134 287
134 301
134 302
134 303
134 310
135 139
135 148
135 156
135 158
135 174
135 186
135 200
135 205
135 209
135 213
135 214
135 231
135 250
135 277
135 296
135 305
136 142
136 162
136 188
136 233
136 236
136 264
136 291
136 295
137 146
137 148
137 179
137 229
137 259
137 287
137 314
138 167
138 172
138 210
139 180
139 188
140 148
140 203
140 249
141 174
141 241
141 287
142 156
142 221
142 288
143 179
143 243
143 265
144 283
145 193
145 200
145 201
145 205
145 211
146 175
146 246
147 152
147 160
147 181
147 314
148 200
148 225
148 245
148 287
149 162
149 208
149 211
149 229
149 239
149 241
149 245
149 260
150 179
150 239
150 286
150 311
151 305
152 167
152 168
152 308
153 156
153 193
153 244
153 281
154 160
154 172
154 180
156 162
156 195
156 196
156 207
156 219
156 233
156 237
156 241
156 272
156 275
156 286
156 288
157 171
157 212
157 242
157 268
157 295
157 299
158 203
159 208
159 304
160 205
160 224
160 276
160 288
160 299
161 163
161 191
161 230
161 241
161 242
161 293
161 311
162 281
162 304
163 180
163 194
164 177
164 197
164 218
164 224
164 287
164 290
167 180
167 185
167 198
167 214
167 217
167 219
167 224
167 257
167 271
167 288
167 297
167 307
167 309
169 313
171 294
171 298
172 174
172 224
173 303
175 176
177 203
177 208
177 220
177 249
177 272
177 287
178 286
179 213
179 242
179 287
180 191
180 235
180 242
180 244
180 245
180 282
181 182
181 184
181 200
181 287
182 266
184 248
184 267
184 271
185 206
185 262
185 303
186 288
188 196
188 248
188 285
188 286
189 193
189 289
189 305
189 314
190 201
191 210
191 220
191 230
191 306
192 205
192 248
193 210
193 220
193 263
193 298
193 307
195 219
195 276
195 315
197 226
198 204
198 293
199 284
199 287
200 218
200 239
200 249
201 224
204 210
204 275
205 241
205 244
205 264
205 282
205 303
206 209
206 259
208 211
208 307
209 287
212 275
215 229
215 248
216 220
216 274
216 283
216 286
217 223
217 267
217 285
218 239
219 223
219 247
220 298
221 238
221 266
222 233
224 287
224 302
227 249
227 250
228 269
230 237
231 243
232 283
232 284
233 299
233 302
234 249
235 304
236 244
236 286
238 303
241 242
241 266
241 288
243 287
243 315
248 280
248 313
249 250
249 255
249 288
250 307
252 259
252 268
258 287
258 288
258 302
265 293
266 286
268 314
271 287
275 287
275 299
276 295
276 298
277 290
278 279
286 287
287 314
288 301
288 310
293 304
293 314
296 306
