0 11
0 101
0 131
0 288
1 249
2 103
2 118
2 132
2 134
2 153
2 162
2 167
2 179
2 219
2 220
2 286
2 288
2 305
3 67
3 169
3 238
4 56
4 62
4 129
4 136
4 169
4 258
4 259
5 47
5 62
5 145
6 34
6 192
6 288
7 40
7 74
7 84
7 104
7 133
7 134
7 153
7 159
7 160
7 167
7 181
7 188
7 243
7 265
7 313
8 9
8 31
8 62
8 64
8 76
8 103
8 105
8 154
8 161
8 188
8 192
8 194
8 211
8 238
8 279
8 281
8 298
9 13
9 33
9 50
9 106
9 129
9 143
9 197
9 310
10 49
10 50
10 94
11 48
11 75
11 94
11 177
11 217
11 233
11 264
11 287
12 81
12 151
12 156
12 158
12 164
12 280
12 289
12 304
12 309
13 108
13 124
13 134
13 206
13 223
13 288
14 29
14 85
14 87
14 95
14 156
14 249
14 296
15 28
15 32
15 97
15 103
15 133
15 158
15 215
15 246
15 283
15 287
16 26
16 31
16 35
16 46
16 49
16 60
16 68
16 71
16 73
16 74
16 78
16 116
16 117
16 120
16 131
16 145
16 154
16 156
16 158
16 172
16 200
16 220
16 248
17 75
17 76
17 92
17 136
17 207
17 220
18 31
18 128
18 130
18 135
18 148
18 160
18 161
18 180
18 259
18 283
18 287
18 304
19 34
19 49
19 131
19 258
19 286
20 34
20 39
20 41
20 77
20 133
20 135
20 150
20 151
20 169
20 210
20 220
20 238
20 241
20 250
20 287
21 60
21 133
21 156
21 284
21 285
21 310
22 51
23 32
23 116
23 154
23 156
23 195
23 315
24 74
24 98
24 109
24 131
24 134
24 180
24 301
25 60
25 129
25 167
25 215
25 218
25 265
25 283
25 287
25 311
26 44
26 186
26 212
27 45
27 204
27 218
28 56
28 160
28 213
28 215
28 277
29 161
29 213
29 241
30 129
30 131
31 53
31 59
31 103
31 124
31 140
31 160
31 185
31 197
31 208
31 231
31 238
31 252
31 273
32 90
32 129
32 131
32 150
32 191
32 193
32 212
32 231
32 245
32 269
32 287
32 296
33 36
33 47
33 49
33 74
33 129
33 157
33 205
33 239
33 260
33 287
33 288
33 298
33 305
33 311
34 103
34 164
34 179
34 204
34 213
34 226
35 119
35 124
35 133
35 172
35 255
36 62
36 114
36 130
36 199
36 205
36 206
36 252
37 45
37 171
38 43
38 46
38 193
38 195
39 156
39 160
39 173
39 276
40 63
40 75
40 104
40 117
40 145
40 176
40 233
40 285
40 302
40 310
41 48
41 114
41 306
42 67
42 72
42 75
42 134
42 135
42 206
42 217
42 261
42 273
42 274
43 103
43 167
43 293
44 124
44 130
44 191
44 231
45 68
45 130
45 133
45 181
45 226
45 235
45 261
46 79
46 129
46 135
46 152
46 156
46 176
46 195
46 214
47 154
47 185
47 233
47 245
48 89
48 109
48 151
48 176
48 183
48 265
48 278
48 304
49 129
49 136
49 189
49 215
49 241
49 277
49 311
49 315
50 95
50 118
50 156
50 195
50 251
50 265
50 306
51 130
51 135
51 172
51 185
51 201
51 233
51 286
51 288
52 67
52 135
52 220
52 231
52 305
54 62
54 75
54 76
54 104
54 134
55 102
55 176
56 129
56 130
56 131
56 133
56 174
56 197
56 215
56 249
56 298
57 133
57 188
57 287
58 288
59 64
59 73
59 74
59 126
59 150
59 157
59 162
59 201
59 206
59 220
59 252
59 254
59 271
60 91
60 133
60 136
60 139
60 205
60 238
60 241
60 288
61 128
61 136
61 202
61 286
62 133
62 145
62 167
62 183
62 200
62 303
63 135
63 160
63 219
63 270
63 310
63 314
64 140
64 285
65 162
65 288
67 98
67 124
67 127
67 149
67 221
67 261
68 77
68 129
68 169
68 240
69 152
69 242
69 271
70 75
70 144
70 157
71 269
72 79
73 110
73 125
73 130
73 152
73 185
74 79
74 103
74 113
74 224
74 242
74 282
74 288
75 92
75 135
75 242
75 244
75 261
75 287
76 97
76 103
76 115
76 121
77 139
77 158
77 193
77 223
77 251
78 133
78 181
78 234
78 299
79 156
79 233
79 258
80 117
80 124
80 134
80 141
80 213
80 242
80 252
81 118
81 135
81 157
82 268
83 115
83 162
83 204
84 302
85 135
85 145
85 234
85 259
85 283
86 249
87 123
87 129
87 148
87 167
87 279
87 286
88 117
88 129
88 142
88 171
88 184
88 242
88 276
89 146
89 179
89 180
89 287
90 97
90 100
90 133
91 123
91 128
91 131
91 297
92 122
92 188
92 205
92 257
92 268
93 133
94 200
94 286
94 287
95 128
95 263
96 102
96 121
96 136
96 160
96 188
96 260
96 267
97 131
97 157
97 239
97 271
98 110
98 122
98 123
98 135
98 174
99 129
99 174
99 193
100 126
100 129
101 114
101 129
101 133
101 136
101 160
101 180
101 222
101 274
102 134
102 136
102 149
102 153
102 190
102 286
102 289
102 307
102 310
103 124
103 130
103 135
103 149
103 208
103 227
103 293
104 133
104 142
104 155
104 199
104 205
105 131
105 148
105 160
105 193
105 242
105 260
105 301
106 111
106 131
106 176
106 216
106 230
106 260
107 124
107 142
107 145
107 217
107 219
108 112
108 127
108 129
108 131
108 159
108 277
109 120
109 131
109 135
109 188
109 207
109 220
109 241
109 250
109 270
110 129
110 148
110 162
110 193
110 195
110 206
110 213
110 224
110 226
110 256
110 271
111 149
111 178
112 133
112 266
112 305
113 130
113 239
114 220
114 249
115 117
115 133
115 140
115 152
115 211
115 249
115 261
116 133
116 239
116 248
116 297
117 138
117 196
117 221
117 240
117 286
117 287
118 120
118 135
118 167
118 174
118 210
118 220
118 249
118 274
118 285
119 210
120 133
120 159
120 172
120 215
120 244
121 203
121 260
121 284
122 145
122 196
122 198
122 229
122 264
123 135
123 156
123 279
123 290
124 129
124 134
124 160
124 180
124 182
124 188
124 209
124 249
124 310
126 201
127 158
127 305
128 129
129 130
129 135
129 139
129 156
129 170
129 180
129 182
129 192
129 193
129 198
129 217
129 221
129 224
129 232
129 235
129 238
129 245
129 248
129 264
129 275
129 284
129 287
129 288
130 133
130 136
130 140
130 143
130 156
130 159
130 162
130 170
130 171
130 195
130 197
130 200
130 208
130 231
130 233
130 243
130 265
130 276
130 286
130 302
131 145
131 148
131 169
131 178
131 181
131 188
131 208
131 213
131 214
131 218
131 219
131 222
131 261
131 279
131 285
131 292
131 298
131 314
132 138
132 161
132 174
132 265
132 288
133 134
133 135
133 136
133 160
133 167
133 192
133 193
133 218
133 258
133 260
133 263
133 265
133 267
133 285
133 286
133 296
134 137
134 143
134 152
134 156
134 159
134 160
134 162
134 175
134 194
134 196
134 198
134 206
134 216
134 223
134 237
134 249
134 251
134 252
134 285
134 287
135 159
135 167
135 200
135 202
135 216
135 222
135 231
135 242
135 249
135 260
135 270
135 286
135 288
135 293
135 314
136 145
136 180
136 188
136 193
136 249
136 262
136 278
136 285
136 296
136 298
137 179
137 196
137 241
137 297
138 190
138 290
138 309
139 310
140 145
140 168
140 248
141 252
141 298
142 204
142 239
142 249
142 299
142 314
143 156
143 296
144 206
144 262
145 158
145 220
145 263
145 270
145 286
145 293
145 294
146 172
146 193
146 267
146 307
147 204
148 179
148 287
149 188
149 239
149 247
149 249
150 152
150 171
150 288
151 192
151 284
152 201
152 303
153 156
153 294
154 156
154 171
154 231
155 156
155 294
155 297
156 185
156 207
156 210
156 216
156 231
156 287
156 296
156 302
157 158
157 181
157 290
158 167
158 180
158 214
158 283
159 282
160 162
160 169
160 171
160 234
160 283
161 167
161 186
161 215
161 288
162 167
162 249
162 286
162 305
164 234
164 302
164 309
165 279
166 268
166 276
166 298
167 169
167 285
167 288
168 169
168 221
168 276
169 200
169 247
172 249
172 280
172 310
173 182
173 222
173 231
174 249
174 313
176 287
177 208
177 219
177 241
177 264
177 287
178 203
178 296
179 201
179 268
179 293
179 307
180 202
180 212
180 269
180 286
180 298
182 303
184 199
184 242
185 193
187 261
188 209
188 252
190 298
191 227
191 307
193 200
194 208
194 212
194 215
194 233
195 200
195 204
195 242
197 208
197 213
197 300
198 264
200 249
200 265
200 286
200 293
200 311
201 234
201 248
203 233
204 283
205 210
205 229
205 270
208 277
209 285
209 287
210 231
210 238
210 269
210 284
211 264
214 240
214 284
214 290
216 287
217 242
217 254
217 288
217 304
218 232
218 273
219 244
219 286
219 288
219 307
220 258
220 260
223 242
223 276
224 261
224 268
224 293
224 305
224 311
226 260
228 234
228 249
231 271
231 277
231 288
232 272
232 303
233 287
233 303
234 288
235 286
237 260
239 258
239 293
240 288
242 269
242 284
242 292
245 252
246 268
248 249
249 271
249 297
250 288
251 258
251 292
252 275
252 277
254 291
255 272
256 286
257 269
258 285
261 274
264 284
264 285
264 297
267 287
269 313
270 275
278 280
278 290
284 287
285 303
287 315
298 315
304 307
