0 2
0 54
0 126
0 129
0 233
0 288
1 30
1 232
1 314
2 9
2 31
2 64
2 68
2 73
2 133
2 134
2 156
2 211
2 232
2 270
3 64
3 129
3 151
4 15
4 55
4 131
4 133
4 134
4 137
4 138
4 191
4 245
5 32
5 34
5 68
5 87
5 90
5 124
5 134
5 220
5 272
6 25
6 71
6 76
6 148
6 149
6 204
6 221
7 16
7 20
7 24
7 33
7 39
7 72
7 130
7 132
7 156
7 180
7 188
7 200
7 225
7 242
7 247
7 283
8 14
8 17
8 31
8 63
8 68
8 104
8 108
8 117
8 134
8 143
8 166
8 180
8 217
8 273
8 288
8 313
9 15
9 147
9 295
10 62
10 92
10 129
10 131
10 147
10 215
10 271
11 16
11 160
11 278
12 63
12 156
12 167
12 171
12 286
12 314
13 23
13 106
13 124
13 167
13 179
13 184
13 211
14 21
14 34
14 89
14 101
14 154
14 175
14 239
14 309
15 49
15 200
15 207
16 31
16 39
16 92
16 104
16 106
16 114
16 127
16 130
16 157
16 159
16 179
16 185
16 204
16 211
16 232
16 238
16 283
16 288
16 310
17 56
17 62
17 104
17 186
17 200
18 43
18 45
18 74
18 156
18 157
18 191
18 193
18 210
18 249
18 276
18 309
19 46
19 269
20 33
20 51
20 53
20 106
20 132
20 133
20 135
20 160
20 173
20 200
20 285
20 301
21 254
22 223
23 53
23 174
23 220
23 275
24 38
24 180
24 197
24 213
24 309
25 64
25 74
25 96
25 114
25 156
25 162
25 228
25 243
25 271
26 38
26 129
27 31
27 87
27 99
27 134
27 231
28 55
28 59
28 103
28 120
29 31
29 77
29 92
29 105
29 136
29 218
29 241
30 56
30 75
30 101
30 104
30 218
30 221
31 39
31 45
31 48
31 87
31 124
31 131
31 134
31 135
31 193
31 200
31 215
31 269
31 272
32 33
32 37
32 41
32 102
32 129
32 183
32 188
32 200
32 245
32 249
32 265
32 296
33 40
33 46
33 56
33 70
33 77
33 92
33 97
33 100
33 103
33 110
33 119
33 129
33 149
33 152
33 167
33 184
33 217
33 245
33 255
33 315
34 110
34 142
34 162
34 184
34 224
34 231
34 250
34 272
35 43
35 59
35 134
35 210
35 212
35 218
35 260
35 271
35 288
36 87
36 118
36 248
36 270
36 297
37 57
37 109
37 130
37 180
38 51
38 99
38 157
38 185
38 278
39 118
39 146
39 161
39 167
39 172
39 220
39 234
39 304
40 134
40 156
40 177
40 193
40 204
41 74
41 130
41 133
41 134
41 157
41 175
41 227
41 266
41 276
42 133
42 134
42 171
42 223
43 54
43 68
43 140
43 143
43 162
43 233
43 283
44 46
44 101
44 144
44 206
44 217
44 220
44 224
44 292
44 308
45 51
45 134
45 150
45 169
45 214
45 230
45 232
45 240
45 246
45 287
46 95
46 102
46 104
46 130
46 186
46 210
46 220
46 224
46 229
46 298
46 300
47 50
47 71
47 83
47 87
47 92
47 103
47 160
47 180
47 200
47 251
47 263
48 62
48 68
48 101
48 103
48 135
48 161
48 164
48 225
48 231
48 307
49 58
49 164
49 188
49 287
50 83
50 130
50 134
50 149
50 197
50 244
50 249
50 303
51 56
51 64
51 80
51 104
51 131
51 163
51 180
51 195
51 272
52 83
52 134
52 155
52 303
53 177
54 104
54 105
54 137
54 201
54 231
54 258
54 304
55 60
55 136
55 156
55 160
55 226
56 197
58 59
58 87
58 156
58 287
58 296
59 100
59 113
59 118
59 133
59 144
59 149
59 162
59 165
59 188
59 200
59 215
59 238
59 258
60 101
60 288
60 292
61 88
61 133
62 129
62 133
62 286
63 114
63 136
64 102
64 134
64 188
64 233
65 167
66 124
66 177
66 302
67 73
67 97
67 122
67 131
67 133
67 140
67 148
67 160
67 193
67 206
67 233
67 239
67 290
68 122
68 127
68 134
68 159
68 179
68 189
68 231
68 288
69 249
71 78
71 105
72 102
72 131
72 236
72 303
73 75
73 89
73 133
73 156
73 250
73 315
74 75
74 99
74 130
74 147
74 150
74 157
74 167
74 199
74 200
74 265
74 291
74 309
75 98
75 105
75 106
75 109
75 129
75 195
75 196
75 214
75 271
76 92
76 95
76 105
76 134
76 160
76 299
77 133
77 135
78 96
78 167
78 195
78 233
79 129
79 213
79 214
79 294
80 97
80 149
80 162
80 217
80 233
81 90
81 110
81 130
81 162
81 179
81 187
81 210
81 249
81 252
81 305
82 144
82 308
83 110
83 121
83 129
83 130
83 220
83 233
83 246
83 254
85 131
85 135
85 136
85 148
85 192
85 233
85 287
85 297
86 107
86 123
86 130
87 110
87 124
87 134
87 135
87 149
87 270
87 284
88 129
88 258
88 261
89 91
89 96
89 134
89 138
89 162
89 210
89 275
90 124
90 220
90 266
90 311
91 149
91 166
92 107
92 117
92 136
92 236
92 239
92 305
93 134
93 249
94 117
94 228
94 272
95 110
95 157
95 239
95 258
95 268
95 276
96 128
96 145
96 208
96 217
96 291
96 313
97 111
97 143
97 206
98 124
98 135
98 175
98 211
98 234
98 293
99 100
99 128
99 243
99 263
99 293
100 131
100 133
101 182
101 258
101 287
102 193
102 242
102 247
102 290
103 122
103 134
103 138
103 143
103 148
103 158
103 191
103 192
103 205
103 206
103 218
103 239
103 242
103 246
103 261
103 275
104 130
104 160
104 193
104 210
104 273
105 158
105 159
105 210
105 220
105 273
105 288
106 133
106 134
106 167
106 217
106 245
106 268
106 271
107 137
107 157
107 213
108 201
108 215
108 288
109 126
109 149
109 156
109 162
109 181
109 193
109 199
109 202
110 114
110 148
110 152
110 156
110 218
110 290
111 129
111 143
112 205
113 125
114 133
114 149
114 156
115 133
115 193
115 200
115 224
115 264
115 292
115 304
116 307
117 136
117 198
117 314
118 130
118 135
118 156
118 167
118 174
118 219
118 220
118 258
118 261
118 273
118 288
119 188
119 212
119 220
121 180
122 129
122 130
122 189
122 204
122 210
122 252
122 258
122 267
122 313
123 304
123 315
124 129
124 130
124 132
124 134
124 143
124 162
124 167
124 248
124 267
124 287
124 303
126 200
126 269
126 274
126 284
126 307
127 179
127 190
127 192
128 179
128 209
128 210
129 130
129 131
129 135
129 137
129 152
129 157
129 167
129 168
129 174
129 191
129 194
129 217
129 219
129 242
129 286
129 287
129 301
130 133
130 134
130 135
130 142
130 152
130 210
130 213
130 242
130 244
130 249
130 262
130 281
130 286
130 304
131 133
131 134
131 135
131 149
131 191
131 208
131 240
131 258
131 268
131 271
131 285
131 287
131 300
131 312
132 180
133 134
133 135
133 137
133 149
133 156
133 168
133 178
133 183
133 187
133 209
133 224
133 233
133 234
133 247
133 255
133 266
133 288
134 145
134 156
134 157
134 159
134 167
134 179
134 193
134 200
134 205
134 206
134 209
134 217
134 219
134 233
134 234
134 237
134 250
134 271
134 276
134 285
134 295
134 314
134 315
135 148
135 152
135 156
135 157
135 160
135 173
135 177
135 191
135 193
135 195
135 200
135 207
135 214
135 215
135 233
135 239
135 242
135 278
135 286
135 287
136 207
136 210
136 215
136 232
136 279
136 287
137 206
137 215
138 256
139 209
139 273
140 162
140 167
140 180
140 242
140 248
141 246
141 249
142 160
142 180
142 181
142 285
143 148
143 181
143 221
143 233
145 156
145 247
145 310
147 231
147 264
148 163
148 180
148 188
148 190
148 230
148 284
148 298
149 190
149 223
149 298
150 158
150 161
151 166
151 287
151 311
152 243
152 283
154 192
154 269
156 171
156 196
156 216
156 229
156 263
156 289
156 315
157 180
157 210
157 239
157 251
157 300
158 276
159 193
159 249
159 284
159 309
160 171
160 195
160 196
160 264
160 286
160 288
160 299
161 191
161 249
161 280
162 168
162 198
162 232
162 281
164 180
164 212
164 220
165 283
165 299
166 276
166 303
167 196
167 200
167 201
167 206
167 208
167 220
167 224
167 263
167 281
167 296
167 305
168 193
169 174
169 200
169 208
169 224
169 233
169 247
171 174
171 246
171 248
171 278
171 286
172 184
172 191
172 229
172 246
173 180
173 204
173 223
173 233
175 197
175 200
176 255
177 258
177 308
178 208
178 293
179 230
179 296
180 190
180 192
180 200
180 227
180 235
180 259
180 285
180 303
180 305
182 238
182 242
182 288
184 238
184 295
184 302
185 276
188 201
188 224
188 264
188 271
188 280
189 275
190 260
190 288
191 220
191 304
192 243
192 287
193 224
193 232
193 249
194 206
194 239
194 255
196 215
197 292
199 244
199 256
199 312
200 218
200 221
200 287
200 293
202 203
202 286
202 287
202 308
205 219
205 285
205 287
206 215
206 230
206 273
206 287
206 315
207 310
208 239
208 284
209 261
210 247
210 281
211 242
211 258
212 227
212 268
213 245
213 264
213 276
213 292
214 240
214 249
214 250
215 216
215 305
216 231
216 234
216 247
216 302
217 218
217 305
217 307
218 227
219 285
222 266
222 294
223 297
231 273
232 246
233 239
233 288
234 265
234 272
234 284
238 275
238 283
238 293
238 314
239 244
241 265
241 302
242 269
242 299
242 303
248 262
249 266
249 288
249 305
252 264
258 293
263 291
265 292
269 286
269 310
271 306
271 308
272 287
273 276
273 296
275 287
275 291
275 312
276 287
278 286
278 309
287 296
298 304
