0 7
0 152
0 153
0 202
0 287
0 299
1 70
1 136
1 209
1 272
1 273
2 6
2 14
2 31
2 44
2 81
2 102
2 106
2 130
2 131
2 133
2 136
2 149
2 159
2 162
2 172
2 193
2 204
2 215
2 261
2 286
2 290
2 295
3 54
3 62
3 80
3 103
3 108
3 124
3 131
3 216
3 243
3 278
4 101
4 133
4 136
4 161
4 220
4 293
4 297
5 8
5 15
5 131
5 202
5 214
5 220
5 242
5 267
5 287
5 292
6 21
6 117
6 118
6 129
6 130
6 182
6 226
6 243
6 268
6 285
6 301
7 28
7 54
7 104
7 122
7 136
7 179
7 210
7 216
7 220
7 249
7 304
7 315
8 9
8 14
8 60
8 61
8 67
8 78
8 106
8 115
8 121
8 130
8 136
8 144
8 156
8 193
8 196
8 208
8 218
8 244
8 270
8 288
8 302
9 48
9 91
9 140
9 219
9 228
9 272
9 274
9 286
10 24
10 185
10 308
11 249
12 25
12 69
12 75
12 101
12 103
12 104
12 138
12 147
12 219
13 103
13 130
13 193
13 268
13 292
14 16
14 25
14 63
14 78
14 148
14 165
14 185
14 205
14 217
14 241
14 286
15 82
15 117
15 118
15 121
15 131
15 208
15 245
15 275
15 315
16 29
16 31
16 34
16 41
16 46
16 50
16 53
16 54
16 90
16 122
16 123
16 142
16 163
16 181
16 193
16 236
16 259
16 271
16 272
16 287
16 288
16 303
17 18
17 51
17 134
17 140
17 156
17 309
18 33
18 45
18 92
18 96
18 117
18 125
18 219
18 245
18 247
18 250
18 271
18 285
19 99
19 103
20 31
20 56
20 83
20 127
20 224
20 230
20 235
20 259
21 47
21 73
21 92
21 185
21 220
21 301
22 128
22 129
22 205
22 252
23 97
23 167
23 243
24 89
25 56
25 242
25 263
25 270
25 303
26 71
26 102
26 139
27 43
27 58
27 149
27 277
27 292
28 34
28 104
28 128
28 130
28 154
28 175
28 246
28 266
28 277
28 292
29 30
29 39
29 56
29 102
29 194
29 287
30 130
30 156
30 157
30 188
30 229
30 304
31 32
31 34
31 46
31 49
31 66
31 110
31 129
31 130
31 146
31 193
31 217
31 275
31 287
32 67
32 74
32 75
32 87
32 88
32 104
32 128
32 197
32 210
32 219
32 249
32 273
32 276
32 290
33 74
33 103
33 110
33 129
33 130
33 135
33 136
33 149
33 217
33 220
33 228
33 257
33 276
33 313
34 41
34 102
34 110
34 118
34 141
34 153
34 200
34 236
34 248
34 287
35 109
35 118
35 123
35 127
35 200
35 234
35 287
36 118
36 134
36 161
36 252
36 288
37 214
37 216
38 80
38 120
38 172
38 287
39 134
40 52
40 104
40 114
40 124
40 130
40 134
40 237
40 275
41 46
41 188
41 239
42 179
42 198
42 208
42 229
43 106
43 173
43 174
43 180
43 185
43 252
43 294
44 45
44 85
44 97
44 107
44 131
44 215
44 303
45 73
45 90
45 92
45 104
45 114
45 123
45 126
45 130
45 138
45 271
45 294
46 72
46 92
46 103
46 118
46 130
46 131
46 133
46 157
46 197
46 204
46 206
46 238
46 304
47 61
47 69
47 174
47 205
47 215
47 267
47 313
48 56
48 103
48 145
48 150
48 286
49 110
49 117
49 153
49 159
49 204
49 231
49 260
49 282
49 288
49 301
49 315
50 114
50 200
50 204
50 210
51 76
51 80
51 97
51 100
51 101
51 117
51 193
52 117
52 273
52 304
53 103
54 131
54 132
54 239
55 148
56 60
56 64
56 97
56 103
56 176
56 180
56 220
56 297
56 305
58 59
58 73
58 106
58 200
58 245
59 83
59 103
59 110
59 124
59 152
59 162
59 192
59 200
59 266
59 274
59 286
59 296
59 305
60 87
60 211
61 165
61 174
61 268
62 102
62 134
62 152
62 185
62 312
63 148
63 258
63 270
64 114
64 115
65 241
66 86
66 196
66 280
66 302
67 105
67 138
67 142
67 157
67 205
67 269
67 291
68 97
68 105
68 143
68 227
69 205
70 160
70 240
70 254
70 287
70 292
70 305
71 267
72 129
72 130
72 143
72 264
73 128
73 157
74 75
74 82
74 189
74 278
74 283
75 98
75 129
75 159
75 162
75 180
75 186
75 196
75 197
75 217
75 231
76 103
76 134
76 148
76 168
76 288
77 156
77 157
77 161
77 191
77 193
77 195
77 204
77 269
77 288
78 118
79 287
79 304
80 92
80 96
80 105
80 109
80 136
80 140
80 173
80 200
81 83
81 101
81 105
81 305
83 102
83 133
83 136
83 156
83 209
83 275
84 200
84 220
84 285
85 148
85 190
85 232
85 286
85 301
86 136
86 311
87 110
87 129
87 205
87 257
87 264
88 103
88 129
88 154
88 222
88 272
89 128
89 133
89 218
89 252
89 284
90 118
90 121
90 134
90 239
90 249
90 271
91 121
91 219
91 231
91 245
92 103
92 128
92 162
92 240
92 245
92 247
92 249
92 281
92 308
94 128
94 131
94 137
94 145
94 202
94 309
95 106
95 124
95 218
96 98
96 103
96 116
96 129
96 133
96 134
97 122
97 123
97 134
97 156
97 233
97 239
97 260
98 136
98 193
98 200
98 274
98 287
99 129
99 160
99 192
99 288
100 121
100 197
100 307
101 115
101 124
101 149
101 214
101 222
101 224
102 106
102 131
102 162
102 209
102 228
102 263
103 118
103 124
103 154
103 185
103 219
103 241
103 265
103 271
103 290
104 130
104 131
104 156
104 197
104 242
104 247
104 283
105 108
105 159
105 160
105 210
105 216
105 223
105 224
105 261
106 131
106 133
106 134
106 178
106 205
107 131
107 149
107 241
107 258
107 276
108 115
108 131
108 261
108 290
109 127
109 217
109 305
110 124
110 199
110 242
110 249
110 264
110 308
111 165
111 238
112 136
112 167
112 188
112 276
113 122
113 130
113 254
114 129
114 270
115 305
117 130
117 157
117 167
117 177
117 195
117 278
118 156
118 202
118 249
118 272
118 309
118 310
118 315
119 160
119 208
120 245
120 258
120 269
121 151
121 193
121 232
121 234
122 130
122 133
122 136
122 143
122 188
122 215
122 219
122 279
122 304
122 309
123 128
123 130
123 134
123 156
123 233
124 131
124 148
124 158
124 178
124 182
124 243
124 279
125 130
125 145
125 188
125 231
126 164
126 232
126 280
127 131
128 148
128 153
128 156
128 182
128 201
128 296
129 130
129 131
129 133
129 135
129 153
129 156
129 164
129 168
129 180
129 189
129 198
129 207
129 208
129 215
129 269
129 298
129 304
129 305
130 131
130 136
130 137
130 154
130 156
130 162
130 180
130 187
130 206
130 221
130 228
130 242
130 243
130 245
130 264
130 268
130 272
130 288
130 301
131 134
131 135
131 145
131 164
131 181
131 200
131 201
131 202
131 221
131 233
131 236
131 245
131 246
131 252
131 263
131 284
131 288
131 293
131 311
132 150
132 176
132 206
132 249
133 134
133 135
133 154
133 156
133 160
133 172
133 192
133 193
133 200
133 208
133 210
133 214
133 226
133 239
133 269
133 274
133 287
134 138
134 149
134 160
134 162
134 176
134 214
134 239
134 241
134 255
134 269
134 270
134 288
135 148
135 162
135 163
135 180
135 189
135 193
135 194
135 213
135 215
135 219
135 232
135 245
135 268
135 270
135 287
135 302
135 304
136 157
136 215
136 224
136 238
136 242
136 258
137 154
137 162
137 293
138 158
138 160
138 277
138 313
140 182
140 271
140 311
141 147
142 214
142 222
142 252
142 266
142 288
143 156
143 227
143 229
143 241
143 272
144 186
144 193
145 160
145 243
145 249
145 252
145 293
146 259
147 239
148 211
148 287
148 296
149 154
149 159
149 161
149 179
149 208
149 224
149 233
149 287
149 305
150 156
150 157
150 300
150 307
152 153
152 169
152 200
152 284
152 285
152 287
153 296
154 270
154 312
155 160
155 221
155 242
155 250
155 286
156 164
156 172
156 180
156 197
156 205
156 206
156 220
156 252
156 253
156 269
157 161
157 180
157 182
157 191
157 200
157 220
157 221
157 250
157 275
157 278
157 286
158 245
159 203
160 168
160 181
160 185
160 228
160 257
160 286
160 288
161 180
161 260
161 268
161 283
162 202
162 293
163 167
163 188
164 219
165 295
166 168
166 239
167 172
167 179
167 185
167 193
167 194
167 211
167 215
167 238
167 286
167 303
168 204
169 232
171 202
172 262
173 209
173 261
173 287
174 193
174 292
175 187
175 287
176 193
176 217
176 309
177 204
179 204
179 206
179 212
179 271
179 275
180 184
180 189
180 190
180 278
180 309
181 305
185 200
185 305
188 220
188 222
188 224
188 244
188 249
188 269
188 273
192 200
192 206
193 268
193 314
195 200
196 200
196 218
196 279
197 233
197 270
198 275
200 202
200 220
200 231
200 275
200 287
200 288
202 204
202 306
203 264
203 281
205 270
206 224
207 304
210 242
210 244
210 254
210 273
210 300
211 242
212 231
213 311
214 261
214 311
215 271
215 292
215 304
218 244
219 239
219 281
220 249
220 286
220 287
224 249
224 285
224 288
225 271
229 272
230 231
230 251
230 304
231 233
231 254
231 288
232 235
232 269
232 310
233 267
235 256
235 287
236 241
238 286
239 245
239 286
239 287
239 293
239 296
240 250
240 268
241 272
241 305
242 247
242 255
243 274
243 278
244 287
244 298
245 264
245 282
246 291
246 304
246 307
248 283
248 293
249 286
249 289
255 288
257 276
260 264
260 271
260 279
262 268
263 266
263 286
267 299
277 313
278 288
279 305
285 311
287 305
288 290
288 296
289 302
298 315
301 312
302 309
303 305
