0 8
0 33
0 106
0 140
0 147
0 304
1 85
1 98
1 117
1 136
1 182
2 16
2 25
2 32
2 75
2 81
2 113
2 129
2 135
2 148
2 164
2 180
2 188
2 197
2 204
2 285
2 287
3 6
3 99
3 164
4 26
4 68
4 104
4 156
4 185
4 296
4 304
5 8
5 30
5 87
5 88
5 128
5 134
5 142
5 244
5 259
5 273
6 43
6 101
6 136
6 302
7 13
7 22
7 24
7 61
7 101
7 115
7 124
7 130
7 139
7 205
7 221
7 223
7 233
8 67
8 103
8 129
8 152
8 182
8 224
8 241
8 258
8 292
8 293
8 315
9 32
9 83
9 134
9 224
9 235
10 39
10 97
10 118
10 122
10 124
10 167
10 242
10 283
11 96
11 133
12 135
12 161
12 192
12 250
12 259
12 269
12 306
13 59
13 60
13 110
13 133
13 150
13 169
13 177
14 15
14 49
14 62
14 65
14 133
14 134
14 220
14 250
14 262
14 291
14 296
14 311
15 56
15 127
15 133
15 134
15 169
16 35
16 44
16 73
16 76
16 129
16 134
16 156
16 213
16 215
16 218
16 284
16 293
17 59
17 69
17 131
17 191
18 47
18 69
18 83
18 92
18 98
18 103
18 105
18 135
18 156
18 193
18 219
18 245
20 74
20 97
20 152
20 180
20 275
20 310
21 105
21 106
21 122
21 157
22 164
23 131
23 195
23 251
23 255
24 47
24 74
24 79
24 80
24 94
24 111
24 135
24 156
24 224
24 271
24 275
25 28
25 54
25 92
25 124
25 136
25 202
25 242
25 263
25 276
26 83
26 123
26 210
26 286
27 68
27 97
27 135
27 139
27 150
27 156
27 185
27 267
28 32
28 76
28 80
28 103
28 110
28 133
28 201
28 204
28 234
29 85
29 130
29 193
30 32
30 136
30 157
30 223
31 67
31 83
31 103
31 174
31 179
31 192
31 195
31 200
31 202
31 204
31 234
31 273
31 275
31 285
32 75
32 76
32 78
32 108
32 121
32 124
32 133
32 135
32 137
32 154
32 194
32 239
32 249
32 270
32 275
32 302
33 59
33 86
33 106
33 117
33 127
33 129
33 131
33 134
33 171
33 178
33 183
33 184
33 188
33 191
33 207
33 216
33 221
33 259
33 270
33 283
34 39
34 125
34 153
34 232
34 290
34 298
34 315
35 67
35 195
35 205
36 51
36 78
36 121
36 138
36 157
36 167
36 219
36 287
37 88
37 134
37 210
37 214
37 218
37 248
38 133
38 140
38 149
38 157
38 191
38 195
39 47
39 83
39 102
39 131
39 205
39 209
40 92
40 103
40 162
40 165
40 172
40 193
40 240
40 260
41 75
41 206
41 271
41 287
42 47
42 160
42 173
42 177
42 195
42 220
42 234
42 249
43 51
43 60
43 92
43 134
43 145
43 238
43 286
44 127
44 195
44 287
44 306
45 98
45 102
45 130
45 135
45 156
45 171
45 281
45 311
46 61
46 74
46 123
46 124
46 128
46 133
46 137
46 138
46 139
46 150
46 156
46 164
46 169
46 205
46 212
46 232
46 249
47 61
47 88
47 118
47 135
47 152
47 287
47 288
48 99
48 136
48 148
48 190
48 200
48 209
48 218
49 50
49 87
49 133
49 167
49 210
50 80
50 124
50 136
50 142
50 156
50 158
50 167
50 174
50 220
51 77
51 85
51 207
51 230
51 231
52 131
52 208
52 272
53 123
53 130
53 161
54 60
54 85
54 128
54 157
54 214
54 287
54 311
55 74
55 83
55 134
55 201
56 130
56 228
57 106
57 109
58 60
58 91
58 131
58 294
58 304
59 94
59 103
59 124
59 130
59 149
59 157
59 160
59 191
59 242
59 273
59 306
59 308
60 81
60 129
60 130
60 134
60 135
60 145
60 217
60 218
60 230
61 87
61 108
61 218
61 239
61 311
62 88
62 97
62 109
62 123
62 156
62 198
62 216
62 255
62 262
62 288
63 131
64 119
64 130
64 147
64 156
64 162
64 164
64 188
64 209
64 276
65 96
65 106
65 206
65 305
66 74
67 118
67 145
67 208
67 216
67 238
67 239
67 241
67 247
67 252
67 265
67 304
68 98
68 122
68 192
68 269
69 159
69 204
69 242
69 281
70 97
70 131
70 153
70 180
71 180
71 295
72 249
73 80
73 82
73 180
73 231
74 89
74 129
74 134
74 156
74 184
74 205
74 209
74 217
74 260
74 288
75 135
75 177
75 180
75 197
75 219
75 224
75 247
75 298
76 82
76 110
76 146
76 217
76 227
76 266
76 276
77 133
77 134
77 181
77 231
77 232
77 237
77 242
78 195
78 253
78 280
78 311
79 110
79 155
79 156
79 245
80 122
80 131
80 160
80 165
80 180
80 187
80 227
80 276
80 291
81 91
81 286
82 287
83 218
84 184
84 249
85 104
85 176
85 288
85 290
86 109
86 148
86 250
87 110
87 156
87 210
87 217
87 239
87 266
87 305
88 97
88 134
88 210
89 110
89 118
89 132
89 177
89 240
89 266
89 292
90 136
90 288
91 261
91 263
91 284
92 93
92 131
92 152
92 155
92 218
92 220
92 231
92 252
94 135
94 177
94 283
94 309
95 116
95 131
95 153
95 230
95 268
96 129
96 240
97 103
97 106
97 115
97 124
97 128
97 130
97 132
97 149
97 162
97 222
97 255
97 257
97 286
97 288
98 101
98 105
98 107
98 180
98 191
98 206
98 234
98 255
98 258
98 314
99 104
99 142
99 212
99 231
99 294
99 304
101 135
101 136
101 154
101 269
101 275
101 287
102 135
102 152
102 180
102 232
103 133
103 192
103 235
104 152
104 171
104 204
104 209
104 257
105 130
105 133
105 161
105 168
105 206
105 243
106 219
106 275
106 287
107 126
107 242
107 285
107 313
108 134
108 143
108 174
108 260
108 269
108 283
109 156
109 170
109 233
109 252
109 305
110 129
110 135
110 246
110 260
110 267
112 156
112 252
113 127
113 258
113 315
114 129
114 133
114 156
115 162
115 167
115 174
116 156
116 157
116 167
117 130
117 156
117 169
117 219
117 293
118 135
118 140
118 160
118 205
118 217
118 248
118 266
119 130
119 206
120 131
120 150
120 279
120 303
121 132
121 134
121 149
121 215
121 252
122 158
122 206
122 231
122 308
123 129
123 133
123 141
123 142
123 156
123 200
123 298
123 305
124 157
124 162
124 167
124 173
124 180
124 197
124 224
124 314
125 213
126 180
128 133
128 242
129 133
129 135
129 144
129 154
129 156
129 165
129 174
129 179
129 180
129 187
129 193
129 215
129 218
129 224
129 229
129 230
129 231
129 232
129 239
129 287
129 290
129 299
129 304
129 311
129 313
130 131
130 148
130 156
130 157
130 177
130 209
130 211
130 264
130 269
130 282
130 287
130 292
131 133
131 137
131 154
131 157
131 174
131 195
131 219
131 222
131 243
131 280
131 303
132 143
132 192
133 137
133 141
133 142
133 146
133 154
133 159
133 175
133 195
133 205
133 212
133 222
133 223
133 245
133 272
133 284
134 148
134 159
134 209
134 242
134 267
134 315
135 142
135 148
135 149
135 155
135 175
135 179
135 191
135 193
135 217
135 219
135 223
135 229
135 236
135 242
135 243
135 258
135 296
135 303
135 305
136 141
136 148
136 167
136 174
136 175
136 185
136 245
136 258
136 284
137 175
138 258
138 286
139 252
140 150
140 165
141 210
141 267
142 148
142 230
142 248
143 156
143 165
145 156
145 172
145 219
145 241
147 229
148 245
148 257
149 150
149 154
149 162
149 181
149 232
149 275
150 162
150 313
151 188
152 232
152 237
152 239
152 246
152 292
153 157
153 301
154 283
155 214
156 168
156 274
156 288
156 297
156 305
156 307
157 173
157 249
158 215
159 173
159 215
159 234
159 245
159 286
159 308
160 210
160 286
161 222
161 238
163 208
163 217
163 271
163 313
164 298
165 218
167 185
167 197
167 220
167 258
167 267
167 304
169 232
171 287
172 207
172 247
173 219
173 245
173 266
174 187
174 229
175 241
175 290
176 207
176 251
177 205
177 304
179 200
179 232
179 283
179 303
180 187
180 197
180 257
180 266
180 287
180 288
181 188
181 219
181 290
184 238
185 218
185 235
188 206
188 220
188 226
188 305
189 255
192 221
192 241
192 272
193 233
193 296
193 297
193 303
194 209
195 232
196 202
196 231
196 280
196 314
197 223
199 204
199 287
200 205
200 215
200 239
200 299
201 219
201 284
203 315
204 290
204 313
205 206
205 243
205 286
206 260
206 265
206 281
206 287
206 292
208 224
208 309
209 224
210 212
210 219
210 275
211 258
211 260
212 217
212 234
213 266
215 269
215 298
217 219
218 238
218 286
220 305
224 276
230 258
231 305
232 290
234 245
235 259
238 239
238 272
238 283
240 267
242 272
243 296
244 288
244 290
246 258
247 307
250 287
252 269
256 294
257 275
258 271
258 288
258 305
259 308
262 285
263 290
266 267
272 288
275 306
277 307
279 303
280 297
284 291
284 304
284 314
286 295
286 296
287 307
289 303
304 305
