0 31
0 85
0 143
0 158
0 167
0 313
1 80
1 147
1 187
1 195
2 97
2 142
2 146
2 148
2 150
2 157
2 158
2 193
2 205
2 219
2 220
2 248
2 305
3 10
3 163
4 61
4 156
4 219
4 220
4 271
5 59
5 135
5 142
6 53
6 81
6 134
6 174
6 210
6 278
7 27
7 52
7 55
7 63
7 77
7 125
7 134
7 197
7 205
7 258
7 262
7 281
7 291
8 13
8 16
8 43
8 69
8 92
8 131
8 136
8 161
8 168
8 173
8 193
8 240
8 268
8 287
8 288
8 298
9 136
9 142
9 150
9 156
9 215
9 263
9 286
9 312
10 134
10 164
10 186
10 294
11 197
11 267
11 309
12 32
12 69
12 99
12 118
12 129
12 133
12 156
12 157
12 180
12 188
12 200
12 219
12 239
12 293
13 75
13 96
13 109
13 193
13 220
13 287
13 305
14 46
14 92
14 101
14 129
14 131
14 180
14 188
14 195
14 219
14 305
15 16
15 35
15 36
15 74
15 118
15 150
15 185
15 288
16 25
16 32
16 36
16 50
16 68
16 129
16 134
16 154
16 173
16 179
16 180
16 206
16 245
16 248
16 258
16 260
16 283
16 294
16 309
17 103
17 255
17 275
18 24
18 51
18 66
18 71
18 101
18 107
18 131
18 135
18 177
18 254
19 122
19 193
19 219
20 38
20 134
20 191
20 218
20 220
20 240
20 266
20 305
21 93
21 112
21 120
21 123
21 143
21 160
21 215
21 287
22 117
22 180
23 31
23 62
23 69
23 157
23 298
24 31
24 81
24 143
24 151
24 157
24 220
24 233
25 37
25 40
25 67
25 130
25 149
25 218
25 286
26 45
26 49
26 89
26 134
26 188
26 195
26 307
27 46
27 124
27 180
27 295
28 31
28 41
28 67
28 95
28 131
28 160
28 201
28 207
28 212
28 225
29 106
29 129
29 172
29 269
29 283
29 285
30 68
30 79
30 98
30 101
30 241
30 247
30 296
31 59
31 67
31 118
31 129
31 130
31 134
31 135
31 188
31 196
31 205
31 220
31 228
31 242
31 249
31 289
31 315
32 81
32 83
32 108
32 134
32 154
32 156
32 206
32 210
32 294
33 76
33 129
33 131
33 133
33 173
33 191
33 193
33 205
33 219
33 231
33 238
33 248
33 283
33 304
34 65
34 73
34 129
34 196
34 200
34 212
35 78
35 102
35 106
35 133
35 140
35 157
35 193
35 199
35 288
36 56
36 67
36 129
36 142
36 144
36 159
37 186
37 221
38 44
38 121
38 247
38 295
39 55
39 129
39 130
39 178
39 188
39 191
40 43
40 61
40 113
40 134
40 188
40 221
40 242
40 264
40 265
41 52
41 133
41 314
42 111
42 112
42 218
42 252
42 278
43 74
43 256
43 288
43 303
44 160
44 243
45 60
45 75
45 130
45 131
45 193
45 204
45 239
45 286
45 288
46 96
46 114
46 127
46 129
46 130
46 134
46 152
46 161
46 209
46 210
46 216
46 266
46 295
47 52
47 102
47 121
47 131
47 134
47 167
47 187
47 206
47 258
47 269
48 117
48 161
48 206
48 239
48 258
49 80
49 91
49 161
49 279
49 303
50 95
50 106
50 130
50 165
50 238
50 247
50 284
50 308
51 67
51 129
51 167
51 186
51 194
51 196
51 236
51 238
51 276
51 297
52 60
52 133
52 218
52 229
54 62
54 97
54 103
54 140
54 161
54 286
54 307
55 73
55 80
55 109
55 193
55 264
55 265
55 282
56 101
56 156
57 145
57 268
57 278
57 282
58 134
58 135
58 205
58 298
58 310
59 76
59 107
59 133
59 146
59 154
59 176
59 208
59 211
59 227
59 282
60 81
60 144
60 145
60 157
60 210
60 232
60 236
60 295
61 103
61 213
62 130
62 142
62 216
62 254
63 177
63 220
64 97
64 135
64 180
64 249
64 271
64 272
64 286
66 181
66 185
66 237
66 289
67 80
67 156
67 174
67 176
67 177
67 215
67 219
67 246
67 258
67 263
67 289
67 314
68 89
68 124
68 142
68 195
68 196
68 283
69 83
69 231
69 272
70 149
70 275
70 298
71 118
71 173
71 301
72 201
72 285
73 237
73 288
74 88
74 110
74 121
74 131
74 178
74 200
74 220
74 237
74 238
74 282
74 308
74 311
75 81
75 89
75 97
75 104
75 118
75 196
75 205
75 288
76 131
76 206
76 224
77 136
77 260
78 121
78 134
78 230
79 193
79 287
80 149
80 200
80 201
81 129
81 131
81 134
81 161
81 193
81 277
81 281
83 89
83 221
83 263
84 118
84 220
85 133
85 215
85 249
86 205
86 245
87 131
87 157
88 105
88 258
88 281
88 286
89 156
89 166
89 188
89 234
89 264
89 308
90 127
90 144
91 115
91 128
92 114
92 118
92 154
92 196
92 213
92 219
92 231
92 272
94 129
94 182
94 255
95 156
95 271
95 290
95 303
96 148
96 227
96 255
96 295
96 309
96 313
97 129
97 135
97 205
97 268
97 298
98 121
98 133
98 162
99 136
100 280
100 303
101 131
101 136
101 157
101 179
101 265
101 292
101 302
102 108
102 109
102 128
102 147
102 167
102 173
102 217
102 244
102 245
102 263
102 287
102 312
103 106
103 114
103 133
103 146
103 151
103 269
103 309
104 113
104 115
104 156
104 180
104 262
104 267
105 115
105 134
105 148
105 208
105 258
105 299
106 136
106 145
106 217
107 132
107 174
108 131
108 157
108 221
109 111
109 129
109 167
110 147
110 156
110 260
110 275
110 276
110 287
111 240
111 242
112 156
112 209
112 286
113 249
114 193
114 197
114 205
115 122
115 135
115 159
115 227
116 212
117 156
117 181
117 222
118 131
118 133
118 136
118 173
118 175
118 182
118 205
118 211
118 223
118 224
118 234
118 264
118 286
119 137
119 230
119 246
120 145
120 181
120 239
121 193
121 285
122 149
122 195
122 232
124 135
124 148
124 157
124 177
124 200
124 249
124 287
124 291
125 160
126 129
126 177
126 195
126 197
128 159
128 279
129 130
129 131
129 132
129 135
129 170
129 172
129 214
129 219
129 238
129 281
129 285
129 288
129 296
129 298
130 131
130 134
130 135
130 136
130 156
130 195
130 205
130 209
130 213
130 241
130 246
130 249
130 252
130 255
130 258
130 269
130 273
130 279
130 287
130 297
130 305
130 315
131 134
131 152
131 157
131 169
131 170
131 173
131 174
131 191
131 205
131 234
131 248
131 252
131 269
131 283
131 287
131 290
131 296
131 303
132 239
133 134
133 154
133 156
133 157
133 164
133 171
133 172
133 181
133 182
133 202
133 219
133 223
133 234
133 249
133 263
133 276
133 288
133 301
133 309
133 314
134 135
134 147
134 149
134 150
134 160
134 167
134 171
134 174
134 181
134 187
134 189
134 202
134 216
134 235
134 241
134 242
134 246
134 259
134 285
134 287
134 292
135 141
135 144
135 179
135 185
135 203
135 206
135 217
135 235
135 249
135 263
135 286
135 287
135 298
135 310
136 148
136 159
136 163
136 178
136 181
136 184
136 214
136 217
136 285
136 296
137 159
138 305
139 157
139 292
140 148
140 223
140 225
140 258
140 266
140 286
142 154
142 156
142 214
142 285
143 167
143 176
145 179
145 205
145 239
147 202
148 162
148 237
148 243
148 260
148 268
148 276
148 282
148 286
148 291
149 172
149 174
149 206
149 211
149 213
149 229
149 251
149 271
149 286
149 287
150 169
150 266
150 295
152 164
152 182
152 191
152 259
153 281
154 159
154 233
155 180
156 162
156 172
156 175
156 181
156 217
156 239
156 240
156 241
156 257
156 263
156 269
156 270
156 275
156 296
156 300
156 305
156 314
157 200
157 230
157 268
157 271
158 178
158 193
159 224
159 236
159 288
160 166
160 180
160 215
160 279
161 266
162 203
162 275
162 304
163 204
164 167
164 245
164 267
165 171
165 272
166 174
166 233
166 260
167 205
167 228
167 268
167 279
167 289
168 242
168 285
169 204
172 220
172 268
172 285
172 298
173 287
174 206
174 249
174 252
174 306
175 180
175 240
175 263
175 284
175 287
176 247
177 200
177 206
177 241
177 258
177 272
178 288
179 222
179 281
180 198
180 206
180 219
180 227
180 248
180 250
180 270
181 242
182 258
182 268
182 288
184 187
184 216
184 241
184 279
184 285
184 286
185 242
185 272
186 205
186 301
187 258
188 242
188 249
189 281
191 296
192 200
192 272
192 283
192 287
193 264
193 272
194 304
195 222
196 197
196 286
196 304
197 205
197 283
197 286
199 239
200 215
201 238
201 242
201 276
204 210
205 244
205 273
206 260
208 287
210 255
210 275
210 285
210 287
210 303
211 223
211 283
211 284
212 232
212 261
212 307
212 313
214 231
215 220
215 222
215 252
215 254
216 261
216 308
217 287
217 294
220 239
220 241
220 268
220 269
221 287
222 257
222 298
223 224
224 246
224 283
224 284
224 315
229 240
231 286
231 313
233 242
233 288
233 289
233 305
234 282
234 299
237 267
238 267
239 258
239 268
239 283
242 287
242 304
243 244
244 309
246 309
248 266
248 281
248 296
250 286
250 287
252 283
256 288
257 276
258 272
260 275
263 290
263 308
264 287
266 267
266 287
266 295
271 313
272 275
272 291
273 286
274 286
275 307
281 284
283 298
285 298
285 304
287 291
