0 20
0 67
0 105
0 129
0 163
1 49
1 101
1 106
1 117
1 156
1 200
1 258
1 264
2 45
2 60
2 102
2 110
2 122
2 130
2 133
2 134
2 180
2 193
2 200
2 210
2 217
2 218
2 219
2 233
2 236
2 278
2 299
2 311
3 89
4 112
4 218
4 229
4 239
4 242
5 31
5 32
5 36
5 70
5 103
5 204
5 290
6 13
6 78
6 86
6 87
6 124
6 206
6 249
7 30
7 68
7 95
7 97
7 102
7 129
7 135
7 136
7 200
7 210
7 219
7 236
8 16
8 22
8 35
8 59
8 70
8 86
8 110
8 131
8 145
8 158
8 163
8 181
8 217
8 229
8 233
9 16
9 103
9 167
10 200
10 247
11 15
11 97
11 131
11 168
12 18
12 77
12 83
12 95
12 99
12 122
12 134
12 144
12 176
12 212
12 223
13 34
13 56
13 119
13 136
13 224
13 228
13 241
14 35
14 62
14 112
14 118
14 131
14 215
15 74
15 127
15 137
15 156
15 229
15 232
15 248
15 269
16 74
16 75
16 87
16 89
16 98
16 106
16 136
16 146
16 157
16 176
16 194
16 200
16 204
16 205
16 206
16 209
16 231
16 255
16 270
16 287
17 26
17 49
17 233
17 279
18 31
18 51
18 177
18 185
18 206
19 89
19 220
20 69
20 102
20 121
20 150
20 164
20 227
20 304
21 39
21 54
21 88
21 224
21 287
21 311
22 245
22 275
23 37
23 133
23 137
23 152
23 209
23 231
23 244
23 315
24 28
24 29
24 45
24 55
24 60
24 74
24 136
24 156
24 219
24 231
25 62
25 89
25 140
25 192
25 208
26 34
26 95
26 146
26 169
27 45
27 68
27 71
27 159
27 200
27 217
27 287
27 295
28 39
28 51
28 69
28 74
28 88
28 195
28 278
29 58
29 191
29 305
30 32
30 37
30 258
31 74
31 134
31 162
31 173
31 177
31 201
31 234
31 235
31 287
31 291
31 309
32 46
32 75
32 87
32 117
32 124
32 128
32 130
32 132
32 135
32 150
32 156
32 159
32 200
32 206
32 231
32 244
32 272
32 310
33 38
33 48
33 64
33 90
33 94
33 102
33 114
33 129
33 130
33 135
33 144
33 164
33 200
33 236
33 246
33 268
33 295
33 306
34 73
34 106
34 124
34 273
34 280
35 77
35 92
35 145
35 164
35 167
35 237
36 214
36 217
36 238
36 314
37 60
37 178
37 197
37 286
38 47
38 49
38 56
38 103
38 104
38 117
38 135
38 167
38 215
38 217
38 281
38 283
38 303
39 135
39 187
39 231
40 67
40 77
40 79
40 121
40 128
40 130
40 131
40 167
40 173
40 212
41 80
41 116
41 124
41 134
41 233
41 241
42 69
42 114
42 143
42 179
43 94
43 137
43 150
43 211
43 268
44 56
44 181
45 129
45 130
45 157
45 175
45 239
45 254
45 270
46 131
46 133
46 135
46 136
46 148
46 193
46 205
46 207
46 213
46 218
46 220
46 245
46 249
46 251
46 288
47 56
47 92
47 105
47 130
47 185
47 301
48 106
48 125
48 131
48 157
48 239
48 277
49 97
49 130
49 133
49 154
49 165
49 193
49 195
49 197
49 234
49 259
50 67
50 129
50 149
50 265
50 268
50 302
51 58
51 85
51 129
51 131
51 134
51 149
51 157
51 234
52 54
52 122
52 130
52 160
52 166
53 119
54 77
54 106
54 288
55 189
55 238
56 69
56 75
56 78
56 92
56 166
56 206
56 234
56 279
57 134
58 80
58 117
58 131
58 186
58 244
59 64
59 121
59 133
59 149
59 233
59 314
60 61
60 67
60 98
60 99
60 121
60 129
60 136
60 252
61 78
61 121
61 253
62 73
62 86
62 95
62 117
62 130
62 276
62 286
63 110
63 118
63 167
63 233
64 122
64 132
64 204
64 235
64 240
64 249
65 129
65 167
65 193
65 255
65 268
66 97
66 118
66 142
66 215
67 74
67 78
67 85
67 123
67 136
67 161
67 240
67 263
67 288
68 73
68 119
68 129
68 182
68 195
68 293
69 142
69 262
70 220
70 285
70 293
72 103
72 129
72 133
72 193
72 206
72 250
72 251
72 266
72 267
74 80
74 108
74 128
74 134
74 198
74 202
74 224
74 233
74 239
74 263
74 278
74 298
75 111
75 131
75 149
75 160
75 163
75 180
75 211
75 239
75 249
75 252
75 287
75 305
76 83
76 130
76 159
76 180
76 276
76 291
76 301
77 157
77 211
78 86
78 97
78 135
78 162
78 189
79 224
79 241
79 284
80 83
80 111
80 129
80 136
80 223
80 224
80 242
81 128
81 134
81 214
81 238
82 104
82 133
82 288
83 130
83 205
84 97
84 129
84 162
84 185
84 272
85 96
85 130
85 138
85 152
85 185
85 279
85 298
86 133
87 231
87 271
87 276
87 298
87 301
88 167
88 258
88 266
88 298
88 314
89 92
89 98
89 173
89 286
90 212
90 241
91 134
91 164
91 201
91 232
92 103
92 148
92 156
92 239
92 242
92 286
92 287
93 132
93 235
94 101
94 205
94 224
94 236
95 136
95 180
95 214
95 304
96 103
96 130
96 148
96 154
96 156
96 232
96 273
96 288
96 303
97 98
97 107
97 111
97 131
97 148
97 152
98 102
98 177
98 249
98 269
98 296
98 315
99 193
99 303
100 104
100 128
101 129
101 136
101 181
101 242
101 258
102 130
102 131
102 133
102 136
102 172
102 174
102 224
102 315
103 115
103 136
103 162
103 180
103 200
103 223
103 250
103 305
104 123
104 160
104 209
104 287
105 158
105 238
106 109
106 129
106 134
106 179
106 306
106 314
107 134
107 177
107 298
108 132
108 185
108 206
108 231
108 305
109 117
109 156
109 211
110 135
110 209
110 214
110 286
111 118
111 304
112 200
112 258
114 119
114 129
114 143
114 171
114 215
114 240
114 281
114 304
115 134
115 263
115 296
116 157
116 168
116 210
116 285
117 140
117 195
117 266
117 301
118 129
118 180
118 206
118 215
118 230
118 231
118 233
118 277
118 287
119 215
119 228
120 314
121 157
121 239
122 129
122 130
122 135
122 137
122 170
122 171
122 301
123 135
123 280
124 133
124 135
124 139
124 143
124 198
124 201
124 220
124 229
124 259
124 286
124 287
125 275
126 127
126 180
127 223
127 245
127 266
128 131
128 133
128 146
128 172
128 185
128 234
129 134
129 135
129 140
129 156
129 176
129 205
129 206
129 209
129 214
129 220
129 222
129 232
129 236
129 245
129 252
129 258
129 264
129 268
129 275
129 296
129 301
130 131
130 134
130 139
130 149
130 154
130 167
130 173
130 177
130 189
130 195
130 206
130 220
130 242
130 249
130 295
130 309
131 133
131 144
131 149
131 153
131 156
131 212
131 214
131 219
131 227
131 230
131 239
131 250
131 286
131 288
131 298
131 305
132 140
132 154
132 162
132 235
133 145
133 150
133 153
133 154
133 157
133 159
133 160
133 179
133 184
133 205
133 229
133 258
133 276
133 277
133 281
133 287
133 288
133 307
133 309
134 135
134 148
134 157
134 160
134 177
134 212
134 219
134 220
134 236
134 240
134 249
134 255
134 258
134 272
134 286
134 298
134 308
135 140
135 156
135 219
135 231
135 247
135 268
135 284
135 287
135 301
135 302
136 148
136 160
136 168
136 195
136 224
136 247
136 249
136 270
136 284
136 288
136 311
137 152
137 286
138 184
138 223
139 156
139 220
140 148
140 156
140 217
140 270
140 287
141 148
141 270
142 156
142 188
142 242
143 206
144 193
145 179
145 261
145 303
146 201
147 149
148 156
148 157
148 162
148 226
148 242
148 248
148 252
148 301
149 188
149 202
149 302
150 243
152 169
152 175
152 187
152 215
152 295
153 170
153 206
153 249
154 231
154 299
154 307
155 180
156 168
156 191
156 195
156 206
156 214
156 229
156 231
156 239
156 251
156 263
156 265
156 267
157 196
157 222
157 223
157 260
158 168
158 264
158 273
159 177
159 200
159 259
159 288
160 193
160 194
160 258
160 287
160 288
160 298
161 188
161 265
161 278
162 208
162 212
162 213
162 244
162 248
162 252
162 275
164 168
164 288
164 310
165 207
166 193
166 196
166 197
167 193
167 206
167 272
167 283
167 301
168 190
169 239
169 252
171 286
172 266
173 287
173 289
174 217
174 291
174 305
175 187
175 212
175 244
177 210
177 290
178 287
179 188
179 204
179 245
179 276
179 288
180 194
180 197
180 224
180 245
180 248
180 287
181 269
183 224
184 221
184 303
188 242
188 258
188 285
189 208
189 292
191 272
191 284
192 234
192 237
193 217
193 222
193 246
193 265
193 268
193 294
194 225
194 287
194 314
195 209
195 238
196 219
196 220
196 241
196 281
196 282
197 277
200 307
201 204
201 270
202 283
203 219
204 245
204 257
204 287
205 236
205 276
205 315
206 233
206 315
209 231
209 266
210 248
210 249
210 272
210 287
210 296
211 215
211 298
212 244
212 279
213 242
214 308
215 223
215 236
215 271
215 307
216 270
217 287
218 244
218 271
218 285
219 271
220 242
220 301
220 304
220 313
223 256
224 241
225 241
227 243
229 235
230 289
231 241
231 242
231 260
231 287
234 274
235 249
235 252
236 288
238 265
239 289
241 242
242 298
243 290
243 296
244 309
246 284
246 287
247 266
248 264
249 286
249 288
249 311
252 293
258 264
259 276
260 296
261 272
263 302
267 278
267 304
269 281
269 287
269 305
271 287
272 298
273 308
274 287
285 313
287 290
287 294
287 295
287 297
289 304
292 314
294 301
295 298
299 305
