0 16
0 90
0 92
0 110
0 129
1 31
1 85
1 180
1 210
1 217
1 258
1 297
1 301
2 16
2 82
2 105
2 119
2 129
2 134
2 145
2 160
2 185
2 220
2 231
2 260
2 262
2 284
2 299
2 305
3 129
3 134
3 156
3 241
3 265
3 305
4 27
4 29
4 54
4 76
4 134
4 160
4 166
4 177
4 195
5 59
5 167
5 204
5 206
5 223
5 284
6 74
6 88
6 91
6 111
6 135
6 146
6 188
6 229
7 8
7 22
7 45
7 66
7 74
7 137
7 142
7 155
7 160
7 218
7 234
7 284
7 286
7 287
8 9
8 13
8 19
8 25
8 29
8 41
8 51
8 79
8 106
8 133
8 151
8 160
8 206
8 217
8 219
8 239
8 242
8 247
8 267
8 313
9 41
9 43
9 47
9 279
10 67
10 74
10 112
10 126
10 131
11 13
11 37
11 44
11 55
11 56
11 62
11 74
11 102
11 103
11 133
11 172
11 185
11 243
11 275
12 51
12 74
12 109
12 131
12 135
12 157
12 258
12 280
12 301
13 25
13 161
13 251
14 16
14 18
14 167
14 245
14 255
14 273
14 284
14 293
15 53
15 74
15 126
15 160
15 165
15 188
15 210
15 253
15 283
16 20
16 24
16 55
16 75
16 84
16 106
16 115
16 118
16 149
16 162
16 180
16 196
16 223
16 234
16 239
16 240
16 242
16 243
16 258
16 303
16 310
17 31
17 105
17 134
17 135
17 249
17 264
18 78
18 96
18 97
18 188
18 200
18 201
18 206
18 222
18 244
18 313
19 170
20 31
20 120
20 130
20 133
20 142
20 144
20 215
20 269
21 110
21 131
21 141
21 159
22 214
22 249
23 60
23 147
24 27
24 40
24 64
24 118
24 148
24 160
24 195
24 245
24 305
25 39
25 85
25 128
25 159
25 199
25 200
25 250
25 271
26 32
26 81
26 161
26 275
27 43
27 120
27 130
27 153
28 64
28 104
28 124
28 136
28 177
28 209
28 211
28 220
28 227
28 261
28 305
29 117
29 187
29 220
29 269
30 76
30 88
30 130
30 200
30 258
30 285
31 46
31 107
31 119
31 131
31 174
31 197
31 209
31 233
31 295
31 298
31 313
32 72
32 122
32 124
32 133
32 158
32 161
32 175
32 188
32 219
32 286
32 292
32 298
33 34
33 64
33 75
33 78
33 129
33 133
33 135
33 158
33 180
33 182
33 192
33 206
33 219
33 247
33 267
34 175
34 268
35 133
35 140
36 56
36 128
36 129
36 131
36 231
36 305
36 306
37 102
37 105
37 108
37 131
37 149
37 215
37 216
37 220
37 269
38 144
38 201
38 218
39 40
39 47
39 70
39 103
39 108
39 191
39 238
39 249
39 269
39 280
39 282
40 67
40 103
40 156
40 160
40 227
40 289
40 301
41 50
41 103
41 157
41 161
41 164
42 109
42 129
42 199
43 161
43 201
43 220
43 227
43 309
44 85
44 118
44 156
44 167
44 180
45 121
45 129
45 146
45 156
45 220
45 268
46 51
46 104
46 129
46 130
46 224
46 230
46 265
46 269
46 273
46 293
46 310
47 63
47 69
47 83
47 95
47 133
47 134
47 149
47 180
47 279
48 58
48 68
48 76
48 120
48 129
48 134
48 135
48 175
48 286
48 304
49 81
49 133
49 216
49 217
49 239
49 284
50 56
50 150
50 180
50 196
50 224
50 247
50 292
51 79
51 90
51 98
51 103
51 117
51 292
51 303
53 188
54 103
54 307
55 122
55 128
55 133
55 156
55 157
55 181
55 205
55 209
56 71
56 102
56 106
56 142
56 148
56 245
56 268
56 312
57 113
57 135
57 136
57 159
58 94
58 95
58 136
58 166
58 260
58 301
59 61
59 68
59 74
59 98
59 104
59 130
59 134
59 135
59 208
59 234
59 239
59 281
59 292
59 296
60 110
60 112
60 129
60 133
60 139
60 224
60 230
60 238
60 269
60 271
60 303
60 313
61 69
61 75
61 134
61 205
61 265
61 277
62 74
62 80
62 96
62 111
62 131
62 171
62 242
62 251
62 287
62 303
63 69
63 104
63 193
64 94
64 98
64 198
64 218
64 270
65 74
65 117
65 145
65 212
66 188
66 250
67 114
67 134
67 156
67 185
67 200
67 206
67 257
68 103
68 140
68 180
68 201
68 209
68 222
68 284
68 292
68 301
69 86
69 124
69 137
69 162
69 188
70 82
70 220
70 256
72 133
72 171
73 233
73 237
73 286
74 87
74 118
74 119
74 124
74 135
74 148
74 185
74 272
74 279
74 287
75 193
75 214
75 215
75 218
75 244
75 269
76 92
76 128
76 135
76 154
76 179
76 183
76 190
76 296
77 104
77 129
77 133
77 166
77 308
78 86
78 154
78 165
78 166
78 172
78 181
78 252
79 129
79 131
79 136
79 242
80 111
80 133
80 272
81 133
81 153
81 184
81 210
81 286
83 106
83 124
83 135
83 178
83 291
83 306
85 108
85 109
85 115
85 130
85 133
85 136
85 160
85 238
85 292
86 134
86 205
86 208
86 211
87 133
87 215
87 234
87 288
88 129
88 147
88 204
88 306
89 133
89 134
89 148
89 155
89 156
90 138
90 214
91 164
91 217
92 106
92 128
92 156
92 159
92 227
93 130
93 250
93 255
93 284
94 134
94 139
94 167
95 156
95 219
95 288
95 302
95 303
96 118
96 160
96 205
96 244
97 131
97 193
97 311
98 102
98 113
98 132
98 136
98 149
98 184
98 296
99 130
99 131
99 133
99 171
100 133
100 174
101 107
101 110
101 133
101 138
101 145
101 224
101 260
102 110
102 160
102 193
102 213
102 249
102 252
102 292
103 122
103 153
103 155
103 157
103 160
103 164
103 168
103 230
103 258
103 286
104 129
104 135
104 156
104 210
104 276
104 287
104 303
104 311
105 130
105 160
105 232
105 237
105 307
106 121
106 123
106 161
106 168
106 212
106 256
106 302
107 131
107 173
107 286
107 309
108 118
108 148
108 179
108 180
108 210
108 239
109 168
109 177
109 209
109 284
109 307
110 178
110 239
110 244
110 287
110 314
111 193
111 231
111 285
111 303
112 129
112 203
113 129
113 171
113 265
114 131
114 193
114 220
115 129
115 215
115 230
115 284
116 292
117 129
117 156
117 157
117 204
117 208
117 218
117 290
117 303
118 161
118 168
118 236
118 242
119 180
119 261
119 302
120 211
121 129
121 130
121 140
121 203
121 286
122 133
122 134
122 136
122 167
122 239
122 260
122 309
123 129
123 145
123 173
123 233
124 131
124 136
124 165
124 208
124 220
124 286
125 130
125 133
126 231
126 249
127 162
127 242
127 243
128 131
128 133
128 157
128 180
128 298
129 130
129 133
129 134
129 136
129 148
129 152
129 153
129 156
129 162
129 173
129 200
129 220
129 243
129 278
129 286
129 291
130 133
130 142
130 147
130 160
130 169
130 180
130 193
130 206
130 215
130 218
130 249
130 277
130 284
130 288
130 309
130 312
131 147
131 153
131 162
131 167
131 171
131 173
131 181
131 193
131 197
131 199
131 206
131 220
131 222
131 231
131 242
131 258
131 268
131 304
131 313
131 315
133 134
133 140
133 160
133 174
133 196
133 197
133 210
133 216
133 220
133 256
133 271
133 272
133 273
133 281
133 293
133 305
134 135
134 140
134 148
134 157
134 167
134 175
134 179
134 232
134 264
134 265
134 286
134 291
134 293
134 310
135 141
135 142
135 160
135 188
135 200
135 210
135 224
135 233
135 252
135 276
135 296
135 299
136 156
136 218
136 233
137 220
137 236
138 162
138 217
138 220
138 285
139 149
139 156
140 149
140 159
140 200
140 216
140 252
140 265
141 238
141 249
141 288
142 180
142 182
142 203
142 241
142 250
143 167
145 158
145 162
145 181
145 185
145 239
145 252
145 255
145 292
148 161
148 180
148 249
148 256
148 273
148 287
149 164
149 200
149 215
149 224
149 264
152 156
152 157
152 241
153 224
154 158
155 193
155 307
156 193
156 215
156 216
156 263
156 266
156 282
156 286
156 287
157 167
157 185
157 221
157 261
157 264
157 279
157 293
157 315
158 191
158 214
159 286
160 184
160 205
160 231
160 232
160 258
160 278
161 180
161 191
161 210
161 232
161 236
161 251
162 191
162 219
162 249
164 167
164 246
164 283
164 289
166 234
167 211
167 244
167 248
167 276
167 287
167 307
168 250
170 220
172 177
173 188
173 197
173 263
173 291
174 193
175 230
176 233
176 260
176 276
177 202
177 215
177 258
179 262
179 304
180 188
180 252
180 260
181 201
181 306
185 224
185 249
185 299
186 218
186 242
188 238
188 244
188 258
188 286
191 255
192 241
192 289
193 213
193 230
193 233
193 239
193 242
193 273
193 288
193 299
193 309
194 231
194 233
195 235
196 206
197 313
198 208
199 229
199 258
200 220
200 232
200 238
200 252
200 265
201 272
203 232
203 261
204 255
205 213
205 224
206 266
206 268
206 285
206 296
208 246
208 276
209 299
210 222
210 273
210 282
210 291
210 292
210 304
210 309
212 249
212 305
213 279
215 252
215 278
217 279
217 283
217 303
218 220
218 298
219 284
219 288
220 238
220 249
220 270
220 273
220 289
220 298
220 311
223 295
223 307
224 246
224 284
225 313
227 231
228 273
228 281
229 287
230 304
231 258
231 283
231 303
232 287
232 315
234 247
235 297
236 263
238 266
238 312
239 296
241 245
241 290
241 301
241 303
242 268
242 275
242 283
242 285
244 255
244 275
244 295
245 248
247 267
248 257
248 271
249 280
249 288
250 258
250 288
250 296
250 305
252 271
254 272
255 277
255 287
255 288
255 292
259 286
264 295
267 309
268 309
271 311
272 274
272 313
274 296
275 282
275 294
275 297
275 304
277 313
285 301
286 294
286 298
286 303
287 291
288 294
