0 59
0 64
0 124
0 129
0 265
1 8
1 15
1 25
1 56
1 83
1 169
1 211
1 215
1 284
1 287
2 31
2 41
2 58
2 59
2 77
2 123
2 128
2 129
2 130
2 169
2 172
2 193
2 212
2 234
2 271
2 287
2 292
2 310
2 311
2 315
3 28
3 47
3 130
4 55
4 135
4 249
4 308
5 104
5 131
5 133
5 189
5 232
6 55
6 64
6 74
6 111
6 124
6 127
7 16
7 29
7 42
7 50
7 67
7 98
7 134
7 157
7 188
8 24
8 35
8 47
8 49
8 52
8 95
8 110
8 125
8 130
8 157
8 184
8 219
8 243
8 267
8 305
9 37
9 43
9 54
9 89
9 122
9 276
9 293
10 17
10 50
10 96
10 133
10 159
10 167
11 54
11 197
11 209
12 103
12 106
12 122
12 147
12 208
12 217
12 242
13 20
13 31
13 118
13 153
13 172
13 220
13 287
13 314
14 73
14 76
14 106
14 118
14 130
14 243
14 291
14 294
15 24
15 34
15 35
15 91
15 276
15 287
15 311
16 27
16 31
16 37
16 42
16 51
16 91
16 92
16 134
16 137
16 157
16 168
16 187
16 188
16 220
16 223
17 77
17 217
17 232
17 278
17 305
18 49
18 50
18 134
18 135
18 137
18 147
18 185
18 197
18 200
18 201
18 283
19 56
19 122
19 129
19 173
19 282
19 283
20 32
20 130
20 135
20 157
20 196
20 214
20 216
20 244
20 260
21 22
21 96
21 167
21 240
22 191
23 38
23 57
23 135
23 220
23 281
24 46
24 131
24 180
24 183
25 249
25 303
26 106
26 261
27 29
27 47
27 54
27 222
27 244
28 33
28 90
28 124
28 175
28 278
28 303
28 314
29 161
29 181
29 193
29 204
29 222
29 258
30 33
30 128
30 193
30 222
31 39
31 43
31 125
31 146
31 149
31 188
32 33
32 56
32 121
32 125
32 131
32 139
32 141
32 149
32 168
32 218
32 231
32 249
33 57
33 90
33 133
33 136
33 158
33 185
33 210
33 224
33 269
33 278
33 283
33 293
33 305
34 105
34 156
34 175
35 48
35 89
35 197
35 310
36 46
36 110
36 123
36 148
36 158
36 174
36 245
36 306
36 310
37 151
37 240
38 71
38 83
38 104
38 128
38 130
38 146
38 161
38 239
38 293
39 49
39 57
39 59
39 102
39 122
39 133
39 156
39 166
39 192
39 197
39 285
40 100
40 102
40 118
40 133
40 155
40 167
41 95
41 96
41 169
41 220
41 234
42 51
42 89
42 95
42 122
42 135
42 302
42 311
43 44
43 98
43 104
43 129
43 133
43 134
43 273
44 75
44 121
44 129
44 130
44 181
45 78
45 94
45 96
45 122
45 127
45 131
45 136
45 151
45 184
45 188
45 224
45 270
46 73
46 75
46 77
46 89
46 133
46 136
46 137
46 172
46 177
46 180
46 193
46 234
46 237
46 290
46 302
47 68
47 133
47 135
47 156
47 185
47 271
48 101
48 133
48 215
48 242
48 246
48 301
49 131
49 207
49 299
50 52
50 129
50 135
50 143
50 145
50 170
50 206
50 217
51 156
51 161
51 287
51 288
52 106
52 174
53 134
54 154
55 59
55 132
55 138
55 145
55 156
56 106
56 134
56 135
56 179
56 209
56 312
58 136
58 180
58 286
59 101
59 111
59 118
59 135
59 220
59 239
59 309
59 310
59 315
60 76
60 113
60 124
60 131
60 140
60 178
60 183
60 242
60 302
61 140
61 218
61 239
61 262
62 215
64 79
64 129
64 134
64 179
64 184
64 189
64 241
64 313
65 116
65 314
66 122
67 82
67 157
67 164
67 179
67 197
67 205
67 243
67 278
67 294
67 312
68 124
68 131
68 156
68 185
68 217
68 279
69 118
69 140
69 272
70 192
71 136
72 112
72 162
72 196
72 211
72 241
72 276
72 289
73 120
73 131
73 137
73 275
74 133
74 162
74 303
74 309
75 124
75 144
75 200
75 217
75 233
75 257
77 96
77 148
77 156
77 192
77 277
78 130
78 160
78 192
79 157
79 196
79 213
79 281
80 87
80 101
80 102
80 143
80 167
80 185
80 200
80 208
80 219
80 220
80 224
80 244
80 255
80 266
80 292
80 295
80 302
81 82
81 130
81 158
81 229
82 161
82 237
83 96
83 110
84 96
84 146
84 147
84 156
84 293
85 103
85 133
85 162
85 168
85 208
86 108
86 224
86 257
86 287
86 314
87 126
87 132
87 233
87 238
87 239
87 242
87 249
87 288
88 92
88 125
89 212
89 230
89 259
90 105
90 124
91 130
91 287
92 96
92 111
92 129
92 156
92 193
92 232
92 279
93 124
93 157
94 149
94 180
94 239
94 245
95 129
95 130
95 145
95 162
95 210
95 242
95 249
95 255
95 258
96 104
96 218
96 235
97 112
97 161
97 164
97 185
97 206
97 287
98 140
98 156
99 106
99 156
99 207
100 219
100 275
101 102
101 124
101 211
102 103
102 104
102 150
102 155
102 204
102 219
102 229
102 234
102 235
102 242
102 267
102 281
103 122
103 129
103 188
103 206
103 238
103 242
103 266
103 301
104 115
104 130
104 135
104 184
104 188
104 193
104 199
104 200
104 286
104 303
105 135
105 148
105 160
105 182
105 239
105 286
106 133
106 160
107 118
107 133
107 157
107 160
107 162
107 165
107 170
107 250
107 287
107 291
108 131
108 145
108 194
108 199
108 215
108 287
108 290
108 297
109 133
109 177
109 220
110 141
110 200
110 208
110 249
110 250
110 259
110 296
111 122
111 129
111 148
111 185
111 221
112 141
112 152
112 269
113 129
113 135
113 220
114 130
115 116
115 244
116 304
117 123
117 131
117 136
117 142
117 166
117 218
118 130
118 134
118 140
118 142
118 150
118 166
118 182
118 188
118 237
118 244
119 205
119 228
121 134
121 226
122 131
122 156
122 157
122 185
122 216
123 131
123 153
123 167
123 218
124 129
124 141
124 158
124 159
124 162
124 244
124 245
124 266
126 129
127 131
127 133
127 159
128 135
128 164
128 204
128 211
128 213
128 254
128 288
128 296
128 313
129 130
129 132
129 133
129 148
129 152
129 154
129 188
129 217
129 218
129 233
129 239
129 242
129 244
129 245
129 259
129 262
129 267
129 276
129 279
129 288
130 138
130 191
130 193
130 206
130 216
130 220
130 280
130 287
130 298
130 303
130 307
131 134
131 135
131 139
131 143
131 156
131 201
131 202
131 205
131 252
131 258
131 271
131 288
131 292
132 161
132 174
132 224
132 239
133 135
133 140
133 156
133 174
133 178
133 200
133 233
133 237
133 240
133 245
133 257
133 292
133 309
133 310
133 313
134 171
134 172
134 190
134 193
134 206
134 216
134 220
134 223
134 233
134 237
134 274
134 275
134 296
134 301
135 166
135 175
135 193
135 239
135 248
135 266
135 270
135 288
136 160
136 162
136 204
136 211
136 221
136 239
136 242
136 249
136 258
137 180
137 193
137 238
137 245
137 271
138 145
138 159
138 233
138 260
139 206
139 249
140 157
140 176
140 276
140 287
140 306
141 142
141 165
141 245
142 285
142 315
143 195
143 259
144 153
144 167
145 188
145 203
145 214
145 230
145 233
146 239
147 157
147 161
147 206
147 242
148 157
148 196
148 244
148 245
148 252
148 288
148 315
149 153
149 176
149 180
149 233
149 234
150 268
151 167
151 220
151 237
152 161
152 230
152 233
152 258
152 286
152 287
153 232
153 278
154 242
154 268
154 285
156 160
156 173
156 176
156 180
156 194
156 200
156 210
156 234
156 243
157 169
157 171
157 173
157 215
157 283
157 295
158 180
158 238
158 296
159 222
159 231
160 161
160 168
160 195
160 246
160 297
161 162
161 220
161 247
161 263
161 282
162 174
162 237
162 272
163 272
164 249
164 273
164 276
166 172
166 276
166 307
167 184
167 193
167 241
167 243
167 256
167 276
167 309
168 301
171 218
171 288
172 294
172 303
173 261
173 288
174 182
174 205
174 285
174 287
174 302
177 270
180 206
180 212
180 271
180 272
180 286
181 205
182 277
184 288
185 309
186 212
188 195
188 220
188 239
188 245
188 267
190 313
191 204
191 207
191 234
191 295
192 304
193 258
193 261
193 280
193 287
193 303
193 307
193 309
194 206
197 200
197 267
200 223
201 268
201 307
201 309
204 205
204 249
205 210
205 215
205 293
206 211
206 249
206 264
206 265
206 278
206 297
208 215
209 269
210 233
210 249
210 275
210 307
213 220
213 227
213 240
213 293
214 287
215 219
216 271
218 243
218 312
220 264
220 282
220 307
221 233
222 277
222 282
222 288
224 272
224 279
226 233
226 288
228 266
232 268
232 289
232 298
233 239
233 286
234 243
234 285
236 258
239 303
242 279
242 291
242 293
243 250
243 287
246 304
246 309
248 252
258 274
258 303
266 296
267 295
269 293
271 294
272 287
274 275
277 307
278 287
284 287
285 287
286 302
288 305
291 308
294 305
299 303
