0 39
0 73
0 148
0 287
1 105
1 130
1 180
2 3
2 7
2 14
2 46
2 50
2 56
2 79
2 100
2 114
2 135
2 193
2 200
2 215
2 242
2 245
2 251
2 285
2 295
3 32
3 69
3 149
3 224
4 9
4 60
4 67
4 78
4 133
4 271
4 287
5 15
5 34
5 86
5 101
5 136
5 156
5 164
5 186
6 33
6 51
6 58
6 118
6 124
6 129
6 131
6 135
6 156
6 201
6 246
6 248
6 272
7 35
7 51
7 73
7 77
7 106
7 114
7 134
7 135
7 159
7 180
7 220
7 258
7 264
8 28
8 46
8 75
8 86
8 134
8 153
8 156
8 188
8 210
8 218
8 250
8 280
9 13
9 59
9 81
9 102
9 184
9 257
9 286
10 150
10 189
10 203
10 288
11 48
11 59
11 121
11 130
11 134
11 252
12 46
12 60
12 61
12 67
12 99
12 118
12 129
12 142
12 149
12 167
13 45
13 46
13 68
13 83
13 136
13 139
13 156
13 157
13 281
13 293
14 31
14 42
14 46
14 174
14 179
14 184
14 187
14 224
14 276
14 285
14 304
15 49
15 177
15 209
15 287
16 65
16 74
16 75
16 94
16 108
16 112
16 137
16 143
16 168
16 209
16 213
16 220
16 245
16 276
16 305
17 28
17 102
17 103
18 25
18 49
18 72
18 74
18 85
18 156
18 181
18 202
18 247
18 301
18 315
19 28
19 83
19 129
19 146
19 156
19 213
20 43
20 114
20 133
20 147
20 176
20 200
20 287
21 75
21 120
22 38
22 148
23 30
23 45
23 52
23 103
23 106
23 121
23 136
23 179
24 42
24 81
24 91
24 94
24 128
24 131
24 172
24 200
24 232
24 268
24 304
24 309
25 77
25 96
25 97
25 121
25 129
25 155
25 175
25 184
25 201
25 210
25 247
26 314
27 177
27 288
28 31
28 41
28 46
28 72
28 75
28 114
28 151
28 206
28 212
28 241
28 286
29 45
29 59
29 136
29 152
30 121
30 149
30 153
30 180
30 213
31 47
31 65
31 95
31 133
31 179
31 192
31 241
31 243
31 258
31 287
31 303
32 33
32 59
32 80
32 83
32 106
32 109
32 150
32 202
32 207
32 249
32 287
32 301
33 34
33 61
33 103
33 106
33 124
33 131
33 140
33 147
33 149
33 187
33 285
33 294
34 62
34 89
34 99
34 100
34 130
34 133
34 152
34 173
34 181
34 193
34 314
35 90
35 95
35 106
35 118
35 132
35 247
35 249
35 281
36 122
36 134
36 135
36 141
36 234
36 266
36 278
37 59
37 136
37 215
37 275
37 283
37 296
38 95
38 161
39 88
39 149
39 200
39 217
39 238
39 255
39 267
40 85
40 97
40 108
40 131
40 220
40 258
41 103
41 129
41 159
41 275
42 59
42 111
42 239
42 256
43 115
43 142
43 156
43 236
43 262
44 145
44 149
44 158
44 177
44 232
44 242
45 47
45 54
45 95
45 130
45 134
45 148
45 168
45 169
45 180
45 218
45 305
46 61
46 64
46 67
46 72
46 85
46 118
46 127
46 129
46 167
46 179
46 255
46 287
47 102
47 110
47 150
47 200
47 205
47 215
47 298
48 49
48 139
48 210
48 234
49 50
49 95
49 97
49 117
49 274
50 51
50 193
50 287
51 87
51 131
51 180
51 185
51 189
51 206
51 269
52 88
52 128
53 81
53 165
53 286
54 69
54 75
54 84
55 231
56 80
56 129
56 135
56 136
56 220
56 265
56 288
57 135
57 156
57 188
58 218
58 247
58 299
59 85
59 128
59 129
59 131
59 142
59 156
59 193
59 195
59 200
59 226
59 263
59 281
59 285
60 65
60 104
60 118
60 124
60 197
60 212
61 138
61 188
61 212
62 74
62 107
62 134
62 139
62 174
62 180
62 234
62 292
63 131
63 196
64 74
64 96
64 118
64 220
64 245
64 303
65 73
65 171
66 87
66 91
66 129
66 200
66 224
66 241
66 289
67 80
67 101
67 118
67 124
67 134
67 188
67 190
67 197
67 262
68 78
68 91
68 142
68 220
68 228
68 240
68 258
69 104
69 107
69 313
70 131
71 130
71 169
71 180
72 108
72 154
72 194
72 202
73 104
73 129
73 135
73 137
73 180
73 281
74 89
74 101
74 134
74 141
74 151
74 161
74 177
74 200
74 230
74 247
74 249
74 261
74 272
74 305
75 126
75 133
75 176
75 185
75 191
75 215
75 244
75 260
76 135
76 164
76 229
76 245
76 249
76 258
76 285
77 79
78 133
78 166
78 233
78 249
79 117
79 118
79 285
79 293
79 295
80 110
80 120
80 128
80 135
80 152
80 214
80 230
80 275
80 296
81 116
81 161
81 248
81 264
81 278
82 84
82 163
82 255
83 91
83 130
83 154
83 161
83 188
83 270
83 272
84 135
85 128
85 204
85 275
85 285
86 135
86 157
87 111
87 124
87 130
87 173
87 257
88 131
88 204
88 275
88 300
89 135
89 144
89 145
89 201
89 217
89 238
90 107
90 118
91 135
92 103
92 149
92 156
92 160
93 266
93 269
94 102
94 167
94 179
94 188
94 269
94 288
95 117
95 128
95 161
95 240
95 292
96 118
96 129
96 136
96 180
96 236
96 249
97 124
97 133
97 169
97 204
98 118
98 128
98 133
98 210
98 252
98 255
98 285
99 129
99 157
99 188
99 292
100 107
100 145
100 156
100 167
100 284
101 140
101 232
101 287
101 288
101 293
102 107
102 127
102 162
102 177
102 215
102 224
102 227
102 266
102 313
103 131
103 134
103 140
103 156
103 157
103 167
103 188
103 216
103 245
103 247
103 270
104 116
104 132
104 167
104 180
104 219
104 272
104 275
104 311
104 312
105 133
105 144
105 192
105 235
105 260
105 287
106 152
106 174
106 193
106 219
106 266
106 298
107 139
107 247
108 157
108 286
108 287
109 118
109 133
109 156
109 164
109 187
109 197
109 296
110 124
110 140
110 157
110 160
110 244
110 273
111 245
111 270
112 131
112 133
112 287
113 241
114 285
115 136
115 205
115 236
116 285
117 118
117 191
117 212
117 217
117 249
118 120
118 157
118 195
118 200
118 212
118 239
120 128
120 134
120 135
120 238
120 285
121 137
121 148
121 211
121 249
121 258
121 287
122 131
122 161
122 210
122 264
122 270
123 129
123 133
123 156
123 211
123 287
124 176
124 181
124 237
124 239
124 261
124 264
124 288
124 302
127 148
128 129
128 134
128 179
128 290
129 132
129 139
129 143
129 149
129 177
129 179
129 183
129 185
129 192
129 200
129 206
129 216
129 217
129 219
129 220
129 250
129 253
129 297
129 314
130 133
130 134
130 135
130 153
130 161
130 165
130 176
130 210
130 220
130 234
130 246
130 255
130 270
130 288
130 299
130 304
130 309
131 133
131 134
131 136
131 148
131 156
131 164
131 174
131 180
131 220
131 221
131 229
131 267
131 304
131 309
133 164
133 172
133 180
133 204
133 206
133 211
133 234
133 258
133 267
133 269
133 272
133 288
133 292
133 304
134 136
134 137
134 139
134 140
134 160
134 168
134 171
134 177
134 206
134 217
134 219
134 221
134 230
134 231
134 239
134 242
134 249
134 263
134 264
134 271
134 295
134 307
135 136
135 138
135 162
135 184
135 212
135 214
135 215
135 230
135 231
135 241
135 284
136 174
136 182
136 184
136 188
136 218
136 244
136 263
136 268
136 285
138 158
138 215
139 229
139 230
140 206
140 240
140 258
142 230
142 284
143 146
143 160
143 305
145 172
145 193
145 232
145 241
145 258
148 185
148 188
148 210
148 217
148 298
148 304
149 272
149 279
149 303
150 310
152 156
152 179
153 196
153 244
153 307
154 288
155 284
155 285
156 172
156 173
156 193
156 200
156 220
156 222
156 224
156 249
156 258
156 266
156 286
157 174
157 185
157 192
157 256
157 287
158 206
158 288
158 295
159 162
159 164
159 219
159 305
160 180
160 213
160 239
160 255
160 268
160 298
161 315
162 172
162 200
162 233
162 284
164 174
164 199
164 232
166 175
166 193
166 242
167 205
167 206
167 207
167 210
167 232
167 246
167 252
167 263
167 266
168 243
168 257
168 258
169 238
169 287
172 208
172 218
172 234
172 287
172 311
173 307
174 204
174 210
174 221
174 264
174 270
174 288
174 292
175 272
176 228
177 199
177 227
178 279
178 289
179 232
179 292
180 200
180 206
180 208
180 210
180 212
180 220
180 244
181 187
181 191
181 232
181 286
182 202
182 239
182 285
184 215
184 288
185 208
185 255
185 258
185 263
185 264
185 295
187 198
188 205
188 245
188 315
190 289
190 304
191 257
191 308
193 210
193 239
193 248
193 249
193 252
195 307
195 308
196 200
196 242
196 294
197 210
197 262
197 273
197 302
199 269
199 284
200 203
200 205
200 209
200 224
200 227
200 240
200 243
200 292
201 238
201 242
201 287
202 288
203 232
204 288
205 215
205 287
206 218
206 230
206 256
207 238
208 220
208 242
208 273
209 218
210 223
210 225
210 255
212 256
214 242
214 307
215 230
215 232
215 270
215 288
216 217
216 287
217 220
217 288
218 260
219 286
219 303
220 249
221 238
221 285
224 238
224 267
224 278
224 312
225 266
227 239
227 249
227 287
227 313
231 252
231 283
232 241
232 279
232 285
232 288
233 287
238 251
239 284
241 242
243 283
243 288
245 263
245 264
246 296
247 286
248 260
249 295
249 302
249 304
251 314
256 288
258 287
258 292
258 296
262 265
262 313
264 286
266 306
275 285
279 282
279 286
283 290
283 299
284 315
285 310
286 293
286 303
286 304
286 311
287 295
288 305
290 293
292 305
305 307
