0 96
0 105
0 214
0 298
1 33
1 156
1 174
1 244
1 262
1 287
2 16
2 33
2 38
2 74
2 79
2 124
2 131
2 136
2 156
2 167
2 174
2 217
2 220
2 241
2 258
2 266
2 298
3 20
3 59
3 101
3 106
3 162
4 9
4 128
4 250
5 69
5 130
5 148
5 208
5 260
6 7
6 44
6 68
6 138
6 167
6 242
6 249
6 278
6 305
7 16
7 18
7 21
7 27
7 36
7 37
7 90
7 131
7 149
7 202
7 257
7 293
8 10
8 16
8 56
8 83
8 128
8 156
8 193
8 215
8 220
8 234
8 249
8 286
8 296
9 54
9 129
9 148
9 154
9 210
9 232
10 140
11 25
11 130
11 157
11 217
11 261
11 286
11 307
12 101
12 106
12 121
12 157
12 167
12 241
12 265
12 285
13 28
13 30
13 47
13 178
13 194
14 62
14 76
14 86
14 148
14 171
14 235
14 287
15 40
15 67
15 129
15 177
15 180
15 243
15 270
16 23
16 24
16 43
16 45
16 52
16 56
16 59
16 64
16 74
16 75
16 80
16 96
16 105
16 116
16 134
16 142
16 150
16 172
16 193
16 212
16 215
16 220
16 229
16 231
16 234
16 239
16 282
16 287
16 293
16 301
16 309
17 103
17 174
17 216
18 60
18 121
18 218
18 240
19 150
19 265
20 49
20 98
20 122
20 153
20 156
20 186
20 216
20 249
20 279
21 57
21 156
21 158
21 195
21 206
21 215
21 268
22 86
22 107
22 115
22 258
23 95
23 179
23 206
23 231
24 50
24 124
24 133
24 153
24 188
24 287
25 79
25 81
25 125
25 135
25 164
25 167
25 193
25 201
25 217
25 242
25 284
26 78
26 103
26 249
26 292
27 34
27 66
27 130
28 50
29 58
29 72
29 104
29 122
29 145
29 167
29 194
29 305
30 52
30 59
30 66
30 104
30 124
30 129
30 131
30 165
30 166
30 180
30 286
31 38
31 55
31 68
31 124
31 140
31 156
31 157
31 158
31 167
31 175
31 278
31 307
31 309
32 43
32 46
32 59
32 64
32 97
32 107
32 114
32 122
32 129
32 132
32 156
32 174
32 205
32 218
32 234
32 239
32 303
33 35
33 45
33 127
33 156
33 212
33 224
33 239
33 275
33 285
34 69
34 75
34 129
34 217
34 246
34 262
34 271
34 302
35 68
35 117
35 127
35 249
36 62
36 65
36 131
36 193
36 219
37 102
37 110
37 130
37 252
37 279
37 297
38 107
38 133
38 135
38 155
39 41
39 63
39 140
39 148
39 149
39 156
40 76
40 134
40 140
40 177
40 193
40 214
40 224
40 245
41 54
41 106
41 117
41 154
41 177
41 200
41 252
41 260
41 268
42 135
42 219
42 259
42 263
43 65
43 86
43 120
43 138
43 154
43 172
43 202
44 58
44 152
44 156
44 171
44 211
44 252
45 55
45 92
45 101
45 112
45 118
45 122
45 204
45 205
45 209
45 240
45 286
45 288
46 74
46 87
46 129
46 135
46 200
46 203
46 216
46 252
46 254
46 307
47 99
47 102
47 133
47 146
47 148
47 193
47 261
47 284
48 148
48 163
48 174
48 261
48 269
48 298
49 129
49 138
49 162
49 179
49 231
49 311
50 74
50 131
50 156
50 179
50 217
50 261
50 279
50 286
50 287
51 64
51 76
51 129
51 167
51 194
51 238
51 279
52 133
52 205
52 244
52 287
53 175
54 59
54 70
54 108
54 148
54 149
54 160
55 79
55 92
55 118
55 133
55 167
55 204
56 62
56 118
56 250
56 306
56 315
57 59
57 67
58 67
58 202
58 273
58 286
59 88
59 115
59 153
59 156
59 172
59 283
60 75
60 129
60 154
60 168
60 192
60 210
60 242
60 281
60 287
60 288
60 305
61 80
61 128
61 133
61 220
61 279
61 305
61 312
62 68
62 118
62 150
62 152
62 154
62 157
62 179
62 182
62 200
62 216
62 229
62 255
62 286
63 68
63 71
63 123
63 130
63 176
64 224
64 283
64 287
65 95
65 158
65 260
65 283
65 284
65 287
66 231
66 249
66 288
67 130
67 168
67 180
67 193
67 215
67 255
67 303
68 96
68 108
68 122
68 133
68 159
68 258
69 74
69 96
69 134
69 152
69 175
69 181
69 185
70 86
70 275
70 276
71 142
71 160
72 83
72 134
72 234
72 287
72 288
73 97
73 118
73 188
74 98
74 124
74 138
74 162
74 188
74 225
74 227
74 285
74 302
75 92
75 116
75 124
75 134
75 141
75 145
75 157
75 158
75 249
75 255
75 274
76 131
76 159
76 312
77 148
77 157
77 286
78 145
78 215
78 235
78 267
78 287
79 195
79 248
80 123
80 204
80 236
81 110
81 121
81 135
81 286
82 133
82 168
83 101
83 134
83 172
83 251
83 270
83 287
83 310
84 138
84 219
85 162
85 261
85 269
86 122
86 195
87 92
87 124
87 293
88 166
89 106
89 131
89 148
89 251
89 253
89 269
89 287
89 288
90 129
90 167
90 196
90 220
91 175
91 313
92 98
92 122
92 172
92 177
92 200
92 278
93 167
93 233
94 167
94 200
94 204
95 129
95 131
95 133
95 136
95 218
95 227
95 233
96 101
96 117
96 131
96 152
96 212
96 243
96 249
96 287
96 295
96 304
97 131
97 205
97 295
98 103
98 108
98 124
98 135
98 188
98 269
98 287
99 275
100 130
100 259
100 275
101 142
101 180
101 206
101 227
101 230
101 231
101 268
101 277
101 278
102 120
102 129
102 133
102 149
102 156
102 160
102 167
102 200
102 205
102 208
102 214
102 243
102 249
102 275
102 293
102 313
103 104
103 116
103 123
103 160
103 163
103 219
103 258
103 268
103 285
103 292
104 139
104 142
104 243
104 244
104 258
104 287
104 303
105 130
105 204
105 241
105 301
105 304
106 129
106 157
106 175
106 179
106 218
106 223
106 287
107 134
107 201
107 214
108 211
108 214
108 241
108 249
109 131
109 149
109 215
109 271
109 277
110 129
110 130
110 186
110 206
110 276
112 134
112 149
112 154
113 290
114 168
114 216
114 297
115 134
115 142
115 157
115 275
115 284
116 185
116 279
117 119
117 131
117 135
117 258
118 152
118 193
118 200
118 231
118 240
118 288
118 296
118 301
118 313
119 250
121 230
121 233
121 293
122 135
122 168
122 200
122 252
122 303
123 192
123 257
123 309
124 132
124 135
124 167
124 193
124 198
124 233
124 255
124 259
124 287
124 293
125 249
126 240
127 130
127 217
127 221
128 133
128 139
128 156
128 193
128 266
128 287
128 315
129 131
129 133
129 135
129 148
129 152
129 160
129 169
129 173
129 181
129 191
129 196
129 229
129 237
129 241
129 242
129 245
129 249
129 258
129 287
129 288
129 304
130 132
130 133
130 152
130 168
130 190
130 204
130 207
130 210
130 214
130 217
130 226
130 247
130 250
130 251
130 287
130 307
131 142
131 143
131 150
131 157
131 160
131 184
131 200
131 208
131 216
131 220
131 232
131 266
131 283
131 286
131 298
131 305
131 315
132 152
132 239
133 134
133 136
133 138
133 140
133 148
133 156
133 166
133 167
133 176
133 193
133 200
133 206
133 213
133 215
133 264
133 292
133 308
133 309
133 311
134 136
134 156
134 176
134 195
134 202
134 228
134 229
134 236
134 266
134 299
134 301
134 303
134 305
134 309
135 136
135 156
135 206
135 217
135 223
135 241
135 250
135 256
135 257
135 273
135 286
135 303
135 306
136 160
136 184
136 185
136 192
136 193
136 205
136 212
136 263
136 277
136 284
136 286
137 182
137 273
138 208
138 267
139 286
139 310
140 167
140 172
140 255
140 277
141 242
141 256
142 270
142 311
143 286
145 191
145 220
146 206
148 179
148 230
148 233
148 303
148 304
149 151
149 155
149 177
149 179
149 206
149 249
150 215
152 204
152 220
152 232
152 241
152 247
153 285
154 224
154 225
154 233
154 249
155 174
155 276
156 157
156 165
156 167
156 195
156 199
156 200
156 209
156 210
156 218
156 224
156 234
156 249
156 272
156 288
156 299
156 303
157 173
157 207
157 210
157 215
157 247
157 273
157 288
157 293
158 180
158 210
158 287
159 184
159 242
160 162
160 167
160 206
160 218
160 230
161 224
162 167
162 172
162 205
162 241
162 282
162 288
163 299
164 287
164 288
165 249
166 208
166 252
167 168
167 184
167 193
167 232
167 312
168 249
169 200
171 209
172 233
172 249
173 283
175 207
175 295
177 234
178 200
179 182
179 241
179 268
179 304
180 181
180 182
180 189
180 205
180 246
180 258
180 266
180 269
180 302
182 215
182 265
184 233
184 258
184 287
185 193
185 249
185 265
188 191
188 206
188 233
188 248
188 288
188 311
191 284
191 287
191 288
191 293
192 193
192 205
192 264
193 199
193 201
193 232
193 246
193 251
193 281
193 290
195 303
196 200
196 205
196 216
197 231
198 211
198 233
199 269
200 307
201 210
201 231
201 283
202 203
202 220
204 221
204 232
204 287
204 295
205 216
205 220
205 231
205 278
205 279
206 226
206 301
208 210
208 215
208 279
208 291
209 233
209 295
210 217
210 220
210 239
210 282
210 295
210 297
210 303
210 304
210 309
211 220
211 261
211 287
213 218
213 299
213 308
214 231
215 231
215 286
215 305
215 314
216 228
217 255
217 294
218 307
219 269
219 287
220 233
220 286
220 293
220 309
221 303
222 259
224 229
224 279
225 279
225 307
227 308
229 232
230 258
232 288
232 301
237 241
238 265
238 304
239 249
239 260
239 269
239 271
239 278
239 301
241 274
241 303
242 272
243 258
244 298
245 286
245 287
245 305
246 269
246 287
247 302
248 275
248 287
249 268
249 274
249 278
252 254
252 272
252 303
255 259
255 279
258 265
260 297
261 284
263 307
264 305
265 271
265 295
266 287
266 307
267 279
268 277
271 288
271 312
276 298
278 303
279 290
279 298
279 299
284 287
284 288
286 298
286 301
287 296
288 298
290 307
304 309
