0 74
0 133
0 135
0 147
0 207
1 16
1 30
1 36
1 108
1 151
1 195
1 211
2 8
2 31
2 46
2 81
2 92
2 136
2 145
2 162
2 167
2 215
2 258
2 272
2 274
2 310
3 138
3 158
4 57
4 87
4 106
4 162
4 209
4 239
4 245
4 258
5 123
5 157
5 167
5 191
5 258
5 263
5 271
6 32
6 124
6 156
6 163
6 190
6 192
6 208
6 214
6 231
6 258
6 261
6 291
7 24
7 28
7 89
7 97
7 102
7 128
7 134
7 145
7 186
8 20
8 27
8 31
8 33
8 43
8 47
8 94
8 118
8 121
8 145
8 152
8 156
8 170
8 173
8 185
8 206
8 222
8 242
8 267
8 272
8 278
8 304
9 25
9 33
9 59
9 115
9 135
9 189
9 214
9 249
9 255
10 61
10 134
10 142
10 303
11 14
11 54
11 66
11 67
11 80
11 113
11 134
11 196
11 208
12 36
12 45
12 71
12 91
12 93
12 148
12 157
12 159
12 291
13 32
13 245
13 246
14 134
14 167
14 177
14 180
14 195
14 234
14 287
15 18
15 45
15 60
15 75
15 205
15 221
15 264
15 287
16 76
16 113
16 118
16 132
16 133
16 135
16 138
16 161
16 206
16 279
17 53
17 129
17 202
17 209
17 261
17 266
18 74
18 79
18 107
18 154
18 159
18 161
18 180
18 224
18 271
18 302
19 58
20 85
21 106
21 151
21 305
22 133
23 32
23 39
23 63
23 75
23 128
24 60
24 148
24 158
24 227
24 288
25 33
25 41
25 49
25 129
25 159
25 168
25 207
25 227
25 234
26 40
26 112
26 149
27 35
27 41
27 64
27 80
28 29
28 41
28 53
28 78
28 88
28 104
28 127
28 136
28 206
28 244
28 287
29 32
29 121
29 130
29 177
29 200
29 216
29 284
30 97
30 104
30 120
30 122
30 148
30 174
30 187
31 40
31 47
31 49
31 95
31 124
31 191
31 234
31 288
31 304
32 67
32 72
32 74
32 95
32 127
32 131
32 133
32 180
32 234
32 313
33 80
33 96
33 130
33 177
33 187
33 194
33 208
33 216
33 218
34 128
34 149
34 158
34 291
34 313
35 43
35 103
35 133
35 289
36 63
36 77
36 130
36 133
36 135
36 164
36 189
36 191
36 195
36 240
37 45
37 95
37 103
37 105
37 134
37 154
37 156
37 234
37 269
38 61
38 92
38 93
38 264
38 267
39 45
39 59
39 79
39 135
39 149
39 199
39 287
40 45
40 64
40 124
40 129
40 179
40 218
40 229
41 114
41 207
41 212
41 215
41 239
42 74
42 80
42 93
42 129
42 160
42 193
42 227
42 249
42 268
42 284
42 286
42 309
43 47
43 62
43 162
44 86
44 104
45 69
45 102
45 110
45 116
45 122
45 129
45 142
45 145
45 188
45 224
45 249
45 296
45 314
46 92
46 96
46 103
46 138
46 192
46 217
46 258
47 103
47 133
47 135
47 202
47 226
47 241
47 295
48 89
48 130
48 193
48 234
48 250
48 308
48 311
49 130
49 184
49 263
49 298
50 135
50 168
50 188
50 193
50 212
50 293
50 305
51 102
51 103
51 106
51 117
51 154
51 176
51 186
51 190
51 206
51 219
51 220
51 243
51 252
51 258
51 287
51 315
52 167
52 242
52 294
53 102
53 133
54 62
54 81
54 123
54 255
55 139
55 143
55 156
55 270
56 77
56 85
56 101
56 117
56 129
56 186
56 233
56 268
56 281
57 131
57 188
57 198
57 293
58 223
59 78
59 103
59 115
59 128
59 131
59 133
59 152
59 156
59 183
59 201
59 232
59 257
59 258
59 267
59 269
59 283
59 287
60 65
60 128
60 130
60 179
60 192
60 277
60 303
61 136
61 214
61 241
61 284
61 288
62 121
62 175
63 124
63 135
63 140
63 169
63 171
63 275
64 79
64 104
64 115
64 129
64 142
64 219
64 259
64 298
64 304
65 135
65 242
65 278
66 87
66 135
66 159
66 192
66 263
67 142
67 157
67 240
67 288
67 305
68 130
68 132
68 167
68 177
68 252
68 309
69 135
69 167
69 180
69 215
69 219
71 136
72 90
72 123
72 215
72 217
72 231
73 98
73 184
73 240
73 249
74 81
74 115
74 129
74 148
74 181
74 200
74 231
74 267
74 285
75 149
75 162
75 231
75 249
76 88
76 108
76 121
76 174
76 269
76 278
76 286
77 124
77 160
78 104
78 178
78 184
78 193
78 239
78 286
79 120
79 136
79 172
79 191
79 307
79 308
80 105
80 130
80 150
80 175
80 193
80 196
80 220
81 108
81 116
81 133
81 149
81 151
81 156
81 157
81 159
81 179
81 206
81 222
81 249
81 257
81 279
82 159
82 232
83 96
83 132
83 143
83 211
83 249
84 227
85 147
85 197
85 237
85 249
85 263
86 160
86 230
87 134
87 160
87 184
87 189
88 249
89 131
89 170
89 215
89 315
90 167
90 185
91 219
92 121
92 140
92 196
92 214
93 205
94 118
94 130
94 188
94 256
95 118
95 191
95 222
95 239
96 234
96 258
96 297
97 149
97 197
97 201
97 213
97 311
98 148
98 156
98 188
98 189
98 219
98 261
99 286
99 303
100 103
100 133
100 135
100 215
101 124
101 136
101 167
101 219
101 227
101 247
102 111
102 135
102 140
102 164
102 196
102 206
102 265
102 310
103 129
103 160
103 173
103 235
103 283
103 307
104 145
104 179
104 181
104 220
104 248
104 309
105 129
105 180
105 198
105 202
105 212
105 218
105 235
106 129
106 130
106 131
106 142
106 208
106 242
106 287
107 144
107 193
107 230
107 281
108 129
108 135
108 156
108 237
108 283
108 288
109 127
109 148
109 152
109 206
110 129
110 133
110 140
110 160
110 163
110 264
110 268
111 131
112 129
112 206
112 296
113 156
113 197
114 129
114 134
114 179
114 210
114 216
115 212
115 222
115 224
115 277
115 291
115 292
115 298
115 308
116 288
116 305
117 131
117 144
117 166
117 227
117 242
117 252
117 284
117 286
117 298
118 148
118 172
118 200
118 216
118 287
118 300
119 242
119 285
120 132
120 154
120 284
121 131
122 133
122 134
122 156
122 210
122 239
122 249
122 257
122 287
122 305
122 311
123 134
123 288
124 131
124 148
124 156
124 168
124 221
124 287
124 306
126 135
126 159
127 159
127 218
127 298
127 307
128 131
128 162
128 165
128 231
128 260
129 130
129 133
129 140
129 151
129 152
129 156
129 165
129 180
129 185
129 186
129 192
129 193
129 208
129 215
129 234
129 240
129 258
129 291
129 297
130 133
130 135
130 138
130 160
130 164
130 201
130 206
130 218
130 258
130 273
130 279
130 284
130 285
130 286
130 287
130 314
131 133
131 134
131 135
131 136
131 146
131 166
131 167
131 174
131 179
131 180
131 210
131 212
131 225
131 233
131 243
131 258
131 283
131 287
131 295
131 304
131 305
131 307
131 311
132 168
132 200
133 148
133 161
133 164
133 196
133 218
133 220
133 227
133 242
133 303
133 304
133 308
134 157
134 184
134 200
134 206
134 227
134 242
134 245
134 261
134 286
134 296
135 172
135 174
135 180
135 186
135 224
135 246
135 274
135 279
135 309
136 150
136 152
136 182
136 192
136 199
136 200
136 205
136 211
136 219
136 288
136 298
137 185
137 206
137 231
137 307
138 193
138 214
138 260
139 210
139 274
140 158
140 209
140 212
140 286
140 293
140 296
141 175
141 282
141 287
142 157
142 174
142 249
142 265
142 274
142 288
143 215
143 234
145 156
145 157
145 200
146 204
146 208
146 249
147 205
147 259
148 167
148 180
148 212
148 248
148 267
149 157
149 269
149 287
149 309
150 193
150 210
150 304
151 159
152 166
152 191
152 259
152 272
152 291
152 296
153 193
153 234
154 164
154 167
154 174
154 219
155 294
156 160
156 179
156 194
156 202
156 216
156 272
156 299
156 300
156 310
157 205
157 285
158 207
158 299
159 188
159 238
160 167
160 184
160 192
160 233
160 247
160 281
161 165
161 225
161 269
162 176
162 179
162 242
162 273
163 199
163 249
164 247
164 287
165 255
165 290
166 182
166 201
166 209
166 281
167 172
167 198
167 206
167 208
167 214
167 233
167 245
167 299
168 181
168 251
168 276
168 287
169 271
172 193
172 252
172 292
173 200
174 180
174 219
174 287
175 232
175 243
176 230
177 287
178 192
180 205
180 235
180 258
181 243
181 285
182 200
182 238
182 261
183 283
184 216
184 298
185 239
185 285
185 287
186 241
187 211
188 221
188 244
188 263
188 273
188 275
188 286
188 314
189 210
190 229
190 269
190 298
191 192
191 208
191 239
191 268
191 285
192 207
192 255
192 307
193 210
193 245
193 272
193 278
193 279
193 288
194 219
194 305
195 296
196 209
196 244
196 264
196 278
197 208
197 224
197 245
199 270
200 203
200 205
200 216
200 241
200 255
200 266
200 273
200 287
200 293
200 309
201 279
201 287
201 311
202 210
202 306
206 233
206 244
206 265
206 284
207 232
208 239
209 296
210 269
210 287
214 237
215 247
215 249
215 302
216 240
216 244
216 245
217 269
218 245
219 286
219 288
220 232
220 244
221 260
221 279
222 277
224 233
224 275
226 283
229 305
230 283
231 238
231 241
231 255
231 267
231 285
231 287
232 238
232 269
233 263
233 276
233 288
234 251
234 307
236 285
238 273
239 254
239 263
240 287
241 270
242 284
242 290
243 302
244 248
244 303
245 279
247 261
248 286
249 254
249 287
249 288
249 303
249 305
252 258
252 278
253 275
253 287
258 296
258 303
260 266
262 287
263 278
264 269
264 278
265 266
265 269
265 281
266 275
266 305
267 269
267 273
271 288
272 283
272 287
272 305
275 284
275 287
278 287
279 302
281 287
282 304
284 285
285 296
285 303
286 303
286 306
287 290
289 315
292 300
301 315
305 306
307 314
