0 5
0 28
0 31
0 218
0 293
0 299
1 18
1 46
1 79
1 106
1 137
1 161
1 234
2 7
2 43
2 46
2 54
2 80
2 99
2 124
2 188
2 193
2 241
2 304
3 18
3 41
3 136
3 304
4 24
4 75
4 98
4 129
4 130
4 153
4 209
4 308
5 14
5 29
5 60
5 65
5 135
5 148
5 157
5 224
5 276
5 288
5 301
6 60
6 130
6 134
7 8
7 11
7 38
7 45
7 60
7 102
7 104
7 131
7 133
7 134
7 149
7 153
7 154
7 157
7 165
7 193
7 285
7 290
7 304
8 12
8 27
8 45
8 54
8 63
8 103
8 104
8 116
8 133
8 185
8 207
8 258
8 279
9 14
9 130
9 265
9 276
9 315
10 28
10 32
10 35
10 164
10 255
10 281
11 85
11 103
11 110
11 194
11 268
11 285
12 15
12 27
12 28
12 30
12 36
12 45
12 82
12 134
12 265
12 286
12 287
13 56
13 89
13 156
13 260
13 303
13 304
14 24
14 83
14 85
14 102
14 107
14 131
14 134
14 175
14 233
14 278
14 288
14 303
15 46
15 93
15 105
15 242
16 32
16 72
16 74
16 89
16 99
16 103
16 135
16 136
16 149
16 160
16 166
16 171
16 180
16 184
16 219
16 220
16 243
16 286
17 130
17 240
18 63
18 207
18 213
18 224
18 249
18 285
18 312
19 224
19 274
20 63
20 116
20 124
20 135
20 206
21 75
21 129
21 265
21 267
21 296
22 68
22 129
22 160
22 200
23 77
23 118
23 135
24 48
24 95
24 130
24 142
24 171
24 209
24 212
24 305
24 311
25 71
25 98
25 101
25 127
25 148
25 233
25 239
25 264
25 304
26 60
26 128
26 258
27 31
27 200
28 129
28 156
29 64
29 123
29 296
30 32
30 51
30 131
30 140
30 150
30 211
31 32
31 46
31 64
31 73
31 94
31 104
31 123
31 130
31 167
31 184
31 247
31 263
31 286
31 287
31 303
32 49
32 51
32 57
32 60
32 102
32 135
32 136
32 155
32 156
32 161
32 202
32 209
32 220
32 232
32 270
32 298
33 44
33 49
33 84
33 101
33 102
33 103
33 112
33 121
33 122
33 124
33 133
33 160
33 180
33 210
33 215
33 240
33 284
33 286
33 287
34 83
34 114
34 135
34 303
35 48
35 49
35 75
35 118
35 229
35 302
36 102
36 128
36 131
36 135
36 148
36 287
37 118
37 179
37 208
37 267
38 116
38 123
38 159
38 210
38 223
38 284
39 96
39 98
39 299
39 304
40 98
40 113
40 128
40 163
41 54
41 133
41 191
41 193
41 276
41 291
42 45
42 81
42 167
42 171
43 83
43 102
43 122
43 140
43 171
43 188
43 216
43 220
43 230
43 265
43 273
44 98
44 124
44 157
44 220
44 224
44 301
44 304
45 110
45 148
45 167
45 180
45 201
45 242
45 249
45 282
45 286
46 73
46 74
46 107
46 113
46 135
46 154
46 157
46 179
46 191
46 217
46 249
46 271
47 54
47 66
47 109
47 134
47 174
47 288
48 58
48 96
48 119
48 174
48 180
48 299
49 50
49 70
49 95
49 105
49 139
49 156
49 174
49 191
49 200
49 210
49 286
49 298
49 304
50 83
50 138
50 184
50 230
50 244
51 80
51 107
51 145
51 255
51 287
52 66
54 111
54 131
54 134
54 135
54 141
54 188
54 309
55 100
55 118
55 124
55 149
55 230
55 234
56 59
56 69
56 84
56 111
56 135
56 156
56 200
56 230
56 280
56 287
57 59
57 251
58 78
58 103
58 116
58 130
58 223
58 285
58 303
59 80
59 101
59 102
59 103
59 119
59 122
59 130
59 131
59 154
59 188
59 224
59 231
59 246
59 288
60 63
60 137
60 188
60 224
60 233
61 179
61 252
61 283
62 131
62 145
62 152
62 158
62 200
62 210
62 224
62 256
63 131
63 272
63 304
64 66
64 73
64 80
64 120
64 129
64 130
64 135
64 150
64 152
64 186
64 191
64 210
64 242
64 279
65 133
66 123
66 131
66 179
66 257
66 278
66 296
67 106
67 126
67 133
67 136
67 160
67 197
67 218
67 222
67 293
68 140
68 261
68 271
69 219
70 133
70 148
70 187
71 166
71 246
71 270
72 82
72 98
72 120
72 286
73 101
73 140
73 278
74 79
74 82
74 90
74 103
74 108
74 130
74 134
74 135
74 156
74 168
74 254
74 275
74 298
74 309
74 315
75 94
75 129
75 134
75 135
75 136
75 162
75 174
75 184
75 193
75 217
75 263
75 277
76 98
76 150
76 161
76 169
76 200
76 247
76 259
77 135
77 174
77 185
77 217
77 244
77 255
77 288
78 129
78 148
78 161
78 204
78 231
79 129
79 284
80 137
80 164
80 181
80 188
80 240
80 265
80 293
81 95
81 102
81 105
81 239
81 248
81 261
82 83
83 119
83 261
83 298
84 134
85 179
85 285
85 288
86 110
86 128
86 176
86 220
87 90
87 101
87 118
87 129
87 156
87 287
88 102
88 291
88 310
89 135
89 232
89 269
89 280
90 171
90 175
90 214
90 272
92 110
92 129
92 162
92 179
92 191
92 216
92 218
92 249
92 285
92 286
93 131
94 140
94 196
94 219
94 227
94 239
95 113
95 114
95 129
95 135
96 131
96 134
96 220
96 285
97 103
97 104
97 105
97 109
97 132
97 139
97 148
97 180
97 182
97 247
97 252
98 110
98 125
98 140
98 147
98 220
99 100
99 122
99 140
100 102
100 142
101 134
101 158
101 162
101 219
101 233
101 263
101 264
102 131
102 154
102 169
102 187
102 215
102 231
102 255
102 257
102 287
103 104
103 125
103 143
103 156
103 180
103 210
103 233
103 238
103 275
103 287
104 136
104 187
104 211
104 221
104 233
104 239
104 283
104 287
105 201
105 263
105 278
105 287
105 288
106 127
106 137
106 164
106 195
106 239
106 251
106 265
106 306
107 135
107 136
107 204
108 183
108 244
109 215
110 188
110 265
110 296
110 313
111 246
111 269
111 309
112 156
113 122
115 136
115 216
115 263
115 287
116 144
117 194
117 216
117 233
117 268
118 129
118 154
118 193
118 197
118 242
118 247
118 251
118 283
119 234
119 276
120 134
120 161
120 197
120 272
121 149
121 215
121 218
121 232
121 288
121 315
122 138
122 147
122 163
122 188
122 216
122 269
123 130
123 167
123 277
123 288
124 133
124 135
124 206
124 210
124 231
124 237
124 238
124 275
124 307
125 141
127 180
127 231
127 239
127 280
128 259
129 134
129 135
129 160
129 171
129 177
129 211
129 212
129 213
129 222
129 263
129 264
129 285
129 293
129 298
130 131
130 133
130 137
130 141
130 148
130 149
130 156
130 160
130 162
130 189
130 210
130 211
130 238
130 242
130 243
130 250
130 260
130 275
130 276
130 286
130 288
130 305
131 140
131 157
131 167
131 188
131 206
131 211
131 234
131 246
131 247
131 249
131 276
131 286
131 298
131 306
132 234
133 145
133 147
133 148
133 191
133 204
133 224
133 226
133 230
133 232
133 233
133 242
133 250
133 272
133 287
133 305
134 135
134 137
134 145
134 161
134 163
134 164
134 166
134 174
134 178
134 179
134 190
134 194
134 215
134 220
134 223
134 224
134 235
134 242
134 243
134 249
134 273
134 278
135 140
135 156
135 170
135 176
135 180
135 192
135 206
135 209
135 210
135 215
135 220
135 242
135 249
135 271
135 279
135 281
136 152
136 160
136 193
136 220
136 221
136 235
136 249
136 252
136 273
137 147
137 179
137 277
137 279
137 310
138 209
138 215
138 288
139 239
139 264
139 287
139 288
140 174
140 197
140 222
140 241
140 287
140 292
141 188
144 152
145 261
145 284
145 305
146 286
147 252
148 152
148 164
148 167
148 215
148 288
149 218
149 249
150 162
152 203
152 299
154 204
154 283
154 287
156 157
156 168
156 210
156 218
156 233
156 235
156 239
156 249
156 255
156 284
156 286
156 288
157 196
157 212
157 215
157 272
157 287
158 287
159 206
159 249
159 287
160 263
160 307
161 203
161 311
162 216
162 266
162 271
162 310
163 210
163 273
164 277
164 283
166 213
166 244
167 169
167 178
167 197
167 208
167 213
167 241
167 285
167 313
168 193
168 234
168 252
169 271
170 206
170 239
170 252
171 291
172 195
172 294
173 188
173 204
173 222
174 252
177 181
179 297
180 205
180 249
180 259
180 264
180 287
181 255
183 221
184 188
184 213
185 217
186 226
188 209
188 221
188 251
188 294
188 295
191 200
191 220
191 239
191 283
192 244
192 251
192 252
193 218
193 219
193 248
193 273
193 287
194 309
195 262
195 286
196 309
197 206
197 208
197 220
197 287
199 242
200 210
201 209
202 209
202 219
202 238
204 301
205 223
205 238
205 310
206 249
206 286
206 287
207 233
208 250
208 285
210 233
210 237
210 269
210 283
211 238
211 257
211 310
213 242
213 274
214 268
215 285
215 298
215 305
216 242
216 250
217 237
220 224
220 268
220 301
221 267
222 272
222 301
225 237
226 272
228 238
228 249
231 234
231 267
231 276
231 287
232 280
232 299
233 283
234 287
236 278
236 305
237 243
239 241
239 287
240 255
240 288
241 266
242 267
242 272
244 261
244 269
245 255
245 311
247 264
249 252
249 269
249 303
251 298
252 266
252 279
255 287
255 304
258 279
259 272
260 307
261 307
264 268
268 296
269 272
269 283
275 286
277 304
278 291
281 288
282 286
283 287
286 302
286 313
287 298
298 303
302 303
