0 80
0 118
0 133
0 138
0 197
0 272
1 6
1 103
1 124
1 134
1 147
1 194
2 33
2 51
2 101
2 103
2 104
2 118
2 131
2 136
2 148
2 152
2 155
2 162
2 179
2 209
2 233
2 276
2 287
3 34
3 273
4 29
4 37
4 117
4 121
4 131
4 177
4 193
4 232
5 16
5 104
5 107
5 130
5 133
5 162
5 273
5 276
6 48
6 78
6 131
6 236
7 31
7 35
7 40
7 48
7 57
7 103
7 131
7 133
7 136
7 157
7 167
7 184
7 190
7 234
7 248
8 25
8 95
8 102
8 103
8 123
8 129
8 134
8 135
8 136
8 156
8 167
8 177
8 197
8 224
8 239
8 243
8 249
8 267
8 287
8 297
9 55
9 84
9 129
9 130
9 134
9 135
9 177
9 305
10 42
10 79
10 117
10 246
11 130
11 134
11 138
11 180
12 30
12 95
12 134
12 221
12 249
12 263
12 279
12 301
13 130
13 133
13 156
13 187
13 205
13 215
13 301
14 41
14 56
14 77
14 102
14 137
14 148
14 179
14 191
14 224
14 258
14 267
14 287
14 295
15 18
15 133
15 136
15 145
15 184
15 188
15 200
15 257
16 32
16 35
16 83
16 84
16 87
16 96
16 118
16 123
16 130
16 131
16 133
16 189
16 191
16 197
16 201
16 249
16 250
16 251
16 258
16 264
16 265
16 295
16 306
17 27
17 110
17 140
17 149
17 206
18 67
18 71
18 75
18 79
18 127
18 129
18 133
18 157
18 188
18 200
18 218
18 255
18 263
18 276
20 87
20 108
20 109
20 213
20 289
21 67
21 71
21 215
21 255
22 26
22 48
22 75
22 129
22 230
23 67
23 74
23 239
23 272
24 75
24 157
24 234
25 98
25 124
25 131
25 133
25 155
25 284
26 53
26 191
26 275
27 75
27 79
27 130
28 73
28 78
28 104
28 153
28 161
28 167
28 197
28 245
28 269
28 276
29 130
29 133
29 152
29 158
29 210
30 99
30 130
30 131
30 140
30 149
30 285
30 287
31 40
31 51
31 55
31 60
31 75
31 122
31 134
31 180
31 181
31 213
31 232
31 287
31 293
31 305
32 45
32 59
32 103
32 134
32 148
32 156
32 180
32 182
32 193
32 238
32 249
32 268
32 294
32 308
33 49
33 98
33 103
33 149
33 157
33 160
33 233
33 249
33 267
33 271
33 285
33 286
34 40
34 47
34 108
34 220
35 51
35 92
35 103
35 130
35 156
35 176
35 210
36 191
36 200
37 206
37 219
37 264
37 302
38 42
38 164
38 175
38 244
38 258
38 294
39 66
39 272
40 41
40 47
40 120
40 156
40 277
40 297
41 131
41 205
41 252
42 107
42 131
42 242
43 74
43 161
43 232
44 69
44 133
44 197
44 242
45 85
45 105
45 129
45 138
45 158
45 167
45 214
45 285
46 98
46 105
46 126
46 129
46 133
46 135
46 156
46 228
46 315
47 56
47 117
47 136
47 149
47 179
47 243
47 275
47 276
48 123
48 131
48 133
49 79
49 130
49 140
49 230
49 266
50 103
50 128
50 130
50 133
50 194
50 214
50 261
51 53
51 69
51 95
51 98
51 135
51 153
51 167
51 184
51 210
51 233
51 251
52 121
53 111
53 124
53 220
54 174
55 85
55 104
55 142
55 145
55 216
55 265
56 62
56 66
56 133
56 149
56 156
56 184
56 274
58 205
58 297
58 298
59 64
59 86
59 108
59 121
59 133
59 134
59 138
59 155
59 162
59 217
59 220
59 252
59 255
59 275
59 298
60 104
60 111
60 121
60 136
60 202
60 213
60 285
60 286
60 287
60 290
61 76
61 113
61 135
61 172
62 69
62 111
62 114
62 143
62 191
62 270
62 271
63 218
64 97
64 124
64 140
64 149
64 152
64 156
64 220
64 284
65 206
65 239
66 145
66 148
66 200
66 239
67 129
67 130
67 134
67 167
67 201
67 249
67 304
68 160
68 215
68 258
69 104
69 165
69 250
70 95
70 108
70 168
71 83
71 130
71 287
72 116
72 287
72 301
73 118
73 156
73 249
74 84
74 109
74 131
74 133
74 134
74 139
74 192
74 201
74 220
74 267
74 269
74 302
75 77
75 133
75 139
75 156
75 157
75 160
75 200
75 211
75 239
75 248
75 259
75 273
75 280
75 286
76 86
76 112
76 154
77 83
77 108
77 197
77 200
77 220
77 231
78 94
78 135
78 223
79 129
79 130
79 131
79 134
79 191
80 109
80 134
80 288
81 101
81 157
81 193
82 136
82 275
83 140
83 213
84 112
84 135
84 191
84 287
85 94
85 124
85 134
85 156
85 170
85 182
85 227
86 212
87 116
87 122
87 131
87 136
87 167
87 216
87 245
87 288
88 118
88 193
88 257
89 108
89 138
89 197
89 220
89 254
90 200
90 231
91 130
91 213
91 269
92 103
92 129
92 134
92 200
92 209
92 210
92 246
93 214
94 130
94 152
94 188
94 200
94 269
94 285
94 309
95 133
95 140
95 148
95 206
96 103
96 136
96 223
96 255
96 286
96 289
97 133
97 157
97 180
97 188
98 115
98 131
98 133
98 134
98 172
98 188
98 280
99 211
100 216
101 118
101 133
101 154
101 159
101 188
101 285
102 118
102 140
102 160
102 193
102 222
102 232
102 235
102 280
102 288
103 133
103 167
103 168
103 247
103 252
104 133
104 136
104 148
104 157
104 159
104 276
105 167
105 269
105 287
106 169
106 299
107 138
107 158
107 166
108 130
108 134
108 143
108 156
108 184
108 272
109 201
109 261
110 115
110 131
110 133
110 148
110 159
110 163
110 167
110 207
110 221
110 309
111 128
111 167
111 200
112 129
112 135
112 167
112 206
112 224
112 239
113 185
113 205
114 173
114 179
114 233
114 267
114 273
114 279
115 191
115 193
115 208
116 127
116 148
116 182
116 255
117 120
117 134
117 135
117 147
117 167
117 201
117 234
117 236
117 276
117 299
118 122
118 129
118 133
118 134
118 188
118 241
118 276
118 310
119 133
120 215
121 167
121 177
121 296
121 298
122 129
122 164
122 192
122 213
122 249
122 284
122 301
123 156
124 130
124 134
124 142
124 150
124 179
124 181
124 217
124 220
124 272
124 284
124 287
125 180
125 258
126 220
126 283
127 142
127 154
127 200
127 232
127 291
128 140
128 223
128 258
129 133
129 134
129 140
129 155
129 169
129 180
129 190
129 212
129 215
129 216
129 225
129 227
129 241
129 244
129 246
129 286
130 133
130 135
130 145
130 150
130 158
130 160
130 182
130 192
130 200
130 205
130 214
130 238
130 241
130 248
130 250
130 276
130 286
130 287
131 133
131 149
131 156
131 157
131 160
131 172
131 173
131 214
131 222
131 224
131 243
131 246
131 247
131 301
132 217
132 264
132 267
133 150
133 152
133 154
133 162
133 174
133 192
133 204
133 206
133 238
133 284
133 292
133 295
134 135
134 138
134 152
134 153
134 156
134 160
134 182
134 194
134 205
134 209
134 213
134 220
134 231
134 233
134 245
134 249
134 261
134 276
134 287
134 292
134 293
134 305
135 172
135 180
135 183
135 184
135 196
135 214
135 219
135 224
135 239
135 242
135 252
135 257
135 284
135 286
135 287
135 288
135 289
135 308
136 138
136 140
136 152
136 188
136 197
136 218
136 220
136 234
136 246
136 249
137 199
137 214
138 181
138 270
140 160
140 188
140 205
140 224
140 275
140 287
141 302
142 190
142 192
142 272
143 217
143 231
143 295
144 254
144 270
145 146
145 225
146 215
146 299
147 204
147 304
148 191
148 197
148 258
149 150
149 188
149 245
149 272
149 276
149 289
150 269
150 286
151 205
151 215
152 180
152 181
152 207
152 210
152 258
153 293
154 200
154 220
154 229
154 305
156 193
156 195
156 196
156 206
156 232
156 281
156 304
157 164
157 176
157 177
157 180
157 267
157 287
159 288
159 301
160 167
160 193
160 224
160 269
160 272
160 285
160 301
161 162
161 231
162 173
162 238
163 180
163 233
164 293
167 172
167 239
167 276
167 287
167 301
168 200
168 271
169 220
169 310
171 188
171 210
171 249
171 258
171 295
172 218
173 200
173 255
173 287
175 224
177 188
177 293
178 215
178 243
178 270
179 213
180 192
180 201
180 231
180 249
181 204
181 227
181 231
181 238
181 272
181 286
181 287
181 303
182 266
184 185
184 222
184 249
184 283
185 187
187 193
187 296
188 197
188 207
188 219
188 239
188 249
188 285
188 289
189 224
189 249
191 200
191 235
191 239
191 261
192 211
192 295
193 215
193 241
193 256
193 280
193 313
194 273
195 230
196 255
196 295
197 200
197 206
197 224
197 284
198 220
198 252
199 298
200 286
201 287
204 206
205 215
205 238
206 214
206 218
206 258
206 283
207 208
208 237
210 272
210 304
211 222
211 235
212 233
212 245
212 290
214 285
215 271
216 257
216 290
216 298
218 221
218 276
218 292
218 312
219 246
220 244
220 292
220 303
221 245
223 315
224 283
226 268
226 293
228 249
228 298
229 240
229 290
229 292
231 239
232 242
232 265
232 313
233 268
233 269
233 277
233 287
235 286
238 275
239 255
241 269
241 303
242 249
245 282
245 294
245 314
247 255
247 260
247 275
248 256
249 283
249 288
249 305
250 295
252 299
256 292
256 294
258 260
261 271
261 291
263 271
263 293
266 272
266 307
268 272
268 287
268 299
269 277
270 281
275 279
276 278
279 304
279 311
283 304
285 303
286 298
288 297
293 308
296 314
