0 8
0 95
0 147
0 161
0 239
0 295
0 301
1 20
1 77
1 133
1 140
1 155
1 275
2 4
2 7
2 26
2 30
2 50
2 81
2 84
2 88
2 120
2 130
2 132
2 133
2 135
2 140
2 151
2 154
2 155
2 156
2 175
2 197
2 220
2 223
2 231
2 247
2 252
2 260
2 263
2 283
2 311
3 49
3 74
3 83
3 135
3 161
3 218
3 288
4 61
4 124
4 129
4 156
4 220
4 279
5 108
5 223
5 230
5 276
5 287
6 10
6 81
6 153
6 288
7 13
7 18
7 20
7 74
7 110
7 131
7 134
7 278
7 298
7 299
7 303
8 20
8 45
8 60
8 62
8 65
8 74
8 91
8 92
8 130
8 143
8 148
8 160
8 162
8 193
8 198
8 239
8 286
8 287
9 20
9 31
9 62
9 117
9 145
11 33
11 46
11 51
11 68
11 110
11 136
11 151
11 156
12 101
12 188
12 192
12 242
12 286
12 291
13 99
13 134
13 135
13 173
14 40
14 66
14 92
14 102
14 125
14 137
14 142
14 154
14 188
14 214
14 245
14 269
15 83
15 103
15 144
15 166
15 303
16 55
16 104
16 135
16 138
16 148
16 180
16 193
16 204
16 239
16 286
17 148
17 206
17 263
17 275
18 41
18 94
18 98
18 115
18 146
18 148
18 194
18 205
18 218
18 308
19 215
20 63
20 79
20 134
20 135
20 158
20 179
20 188
20 193
20 276
20 283
20 287
20 291
21 45
21 46
21 54
21 95
21 110
21 134
21 188
21 278
22 253
23 36
23 86
23 92
23 96
23 103
23 122
23 130
23 224
23 240
24 40
24 80
24 104
24 118
24 136
24 245
24 287
25 40
25 114
25 157
25 185
25 228
25 232
25 266
25 275
25 286
26 67
26 145
26 238
27 148
27 179
27 288
28 51
28 61
28 140
28 167
28 213
28 307
29 66
29 80
29 100
29 134
29 266
29 300
30 42
30 141
30 156
31 50
31 80
31 101
31 109
31 133
31 138
31 147
31 156
31 179
31 239
31 269
31 270
31 283
31 284
31 305
32 49
32 57
32 59
32 60
32 67
32 87
32 105
32 132
32 134
32 181
32 197
32 259
32 272
32 313
33 35
33 40
33 41
33 84
33 121
33 134
33 135
33 158
33 216
33 241
34 38
34 47
34 86
34 91
34 109
34 110
34 124
34 140
34 288
35 47
35 49
35 85
35 106
35 123
35 139
35 165
35 219
35 242
35 297
36 45
36 131
36 160
36 287
37 45
37 188
37 228
37 241
37 275
38 150
38 249
39 68
39 118
39 122
40 61
40 66
40 77
40 96
40 133
40 179
41 126
41 129
41 237
42 130
42 156
42 174
42 223
43 47
43 129
43 275
43 284
44 46
44 63
44 77
44 101
44 136
44 162
44 287
44 313
45 51
45 103
45 130
45 132
45 136
45 160
45 164
45 252
45 304
46 47
46 56
46 88
46 96
46 105
46 118
46 128
46 205
46 239
47 218
47 220
47 279
47 307
48 152
48 221
49 106
49 150
49 238
49 248
49 257
49 278
50 59
50 95
50 102
50 136
50 159
50 217
50 247
50 298
51 115
51 247
51 264
52 66
52 112
52 130
52 216
52 239
53 138
53 181
53 210
53 211
54 85
54 87
54 136
54 156
54 220
54 239
54 251
54 260
54 268
55 103
55 156
55 198
55 212
55 273
56 103
56 145
56 206
56 249
56 261
56 273
57 89
57 138
57 172
57 211
59 60
59 64
59 85
59 86
59 92
59 109
59 124
59 129
59 149
59 150
59 157
59 171
59 200
59 249
59 260
60 114
60 130
60 131
60 165
60 176
60 185
60 205
60 217
60 290
61 191
61 260
61 272
61 282
62 106
62 200
62 266
63 159
63 165
63 226
63 268
63 272
64 73
64 75
64 82
64 129
64 130
64 160
64 191
64 230
64 231
64 240
65 118
65 129
65 272
65 286
66 140
66 234
66 249
66 301
67 85
67 166
68 101
68 122
68 128
68 173
68 288
68 293
68 309
69 115
69 117
69 148
69 149
69 220
70 123
70 179
70 293
71 130
72 171
72 287
73 102
73 105
73 107
73 109
73 191
73 304
74 107
74 125
74 156
74 222
74 243
74 285
75 127
75 139
75 145
75 148
75 162
75 230
75 234
75 314
76 112
76 118
76 129
76 251
77 102
77 121
77 122
77 210
78 128
78 210
78 266
79 96
79 108
79 197
79 272
79 313
80 93
80 103
80 115
80 118
80 126
80 157
80 209
80 242
81 140
81 195
81 267
81 272
82 272
83 92
83 124
83 290
84 95
84 163
85 123
85 129
85 134
85 204
85 214
85 256
85 315
86 143
86 154
86 158
87 122
87 148
87 188
87 245
87 304
88 133
88 136
88 179
88 188
88 272
88 279
89 104
89 134
89 304
90 249
90 287
90 306
92 96
92 101
92 134
92 246
92 267
92 287
92 301
93 131
93 233
94 99
94 101
94 130
94 195
95 131
95 315
96 123
96 144
96 185
96 233
96 305
97 152
97 218
97 241
97 254
97 286
98 105
98 121
98 129
98 239
98 260
98 266
98 272
98 273
99 102
99 123
99 125
99 133
99 160
99 180
99 210
100 104
100 148
100 186
101 102
101 124
101 129
101 130
101 159
101 184
101 188
101 249
101 273
101 278
101 293
102 129
102 135
102 151
102 154
102 197
102 203
102 216
102 230
102 244
102 249
102 260
103 118
103 123
103 124
103 126
103 132
103 134
103 139
103 162
103 200
103 233
103 271
103 286
103 296
103 299
103 314
104 106
104 169
104 209
105 205
105 290
106 128
106 129
106 134
106 149
106 158
106 161
106 171
106 198
106 213
106 244
106 268
107 134
107 160
107 197
107 200
107 214
107 270
108 129
108 149
108 190
108 193
108 221
109 162
109 200
109 214
109 269
110 112
110 127
110 156
110 286
111 135
111 164
111 193
111 266
112 151
112 211
113 265
114 143
114 231
114 268
115 188
115 204
117 134
117 149
117 210
117 244
117 286
118 134
118 161
118 167
118 188
118 193
118 206
118 248
118 278
118 285
119 133
119 148
119 160
120 134
120 299
121 122
121 126
121 134
121 135
121 159
121 179
121 220
121 262
122 124
122 142
122 180
122 220
122 285
122 297
123 139
123 145
123 164
123 283
123 307
124 130
124 180
124 244
124 261
124 279
124 284
124 299
125 193
125 285
126 199
126 233
126 264
127 130
127 193
128 129
128 148
128 249
128 304
129 133
129 136
129 148
129 156
129 173
129 179
129 192
129 202
129 211
129 238
129 241
129 243
129 249
129 252
129 281
129 287
129 291
130 134
130 138
130 149
130 157
130 162
130 166
130 170
130 173
130 195
130 223
130 249
130 263
130 265
130 267
130 288
130 299
131 152
131 156
131 165
131 176
131 182
131 210
131 215
131 220
131 249
131 264
131 287
131 310
131 313
132 173
132 193
132 309
133 134
133 135
133 138
133 148
133 188
133 193
133 201
133 228
133 231
133 249
133 263
133 291
133 296
134 135
134 149
134 156
134 180
134 200
134 204
134 212
134 215
134 216
134 220
134 239
134 269
134 274
134 279
134 286
134 296
134 302
135 149
135 157
135 168
135 181
135 191
135 192
135 196
135 205
135 215
135 228
135 234
135 235
135 286
135 287
135 299
136 155
136 167
136 169
136 172
136 191
136 305
137 283
138 152
138 188
138 215
138 268
138 289
139 239
139 275
139 310
140 154
140 181
140 187
140 307
141 166
141 171
141 206
142 188
142 230
142 233
143 242
145 148
145 156
145 208
145 243
145 276
145 278
145 313
146 173
146 191
146 236
147 266
148 154
148 188
148 193
148 197
148 212
148 239
148 267
149 171
149 184
149 252
150 243
150 288
151 263
151 293
152 288
154 283
155 224
156 199
156 209
156 221
156 226
156 241
156 244
156 245
156 249
156 261
156 267
156 268
156 275
156 278
156 287
156 301
156 314
157 159
157 160
157 212
157 246
157 258
157 272
158 184
159 215
159 222
159 303
159 304
160 164
160 213
160 245
160 254
160 260
160 284
160 291
160 298
161 210
161 257
161 263
162 182
162 190
162 210
162 284
163 217
163 249
164 292
165 209
165 221
165 264
167 173
167 211
167 220
167 239
167 249
167 252
168 208
169 240
171 222
173 273
174 220
174 305
175 267
176 180
176 232
176 284
178 200
178 273
178 309
179 245
179 277
180 206
180 219
181 185
181 192
181 241
182 210
184 239
185 239
185 263
186 225
187 199
188 233
188 298
189 193
191 261
193 196
193 216
193 234
193 288
193 311
193 315
194 267
195 233
195 245
195 284
196 200
197 241
197 287
199 204
199 212
199 267
200 206
200 231
200 249
200 263
200 271
201 232
204 231
204 232
205 268
205 287
205 293
205 299
206 241
207 225
207 304
209 245
209 311
210 211
210 258
210 274
211 295
213 223
213 235
214 215
216 264
217 220
217 229
217 249
218 219
220 241
220 310
221 269
222 232
222 293
223 241
223 252
224 314
226 298
229 291
230 270
231 239
231 269
231 287
232 258
232 298
233 271
233 304
234 295
238 254
238 257
238 308
238 311
239 283
239 291
239 293
241 268
242 249
244 286
246 263
249 269
249 297
249 301
249 303
249 311
249 315
255 307
258 272
258 284
260 263
267 308
269 281
269 312
270 273
270 286
272 277
273 288
273 310
279 303
279 305
281 298
281 314
282 312
283 284
283 314
285 293
285 309
287 288
287 292
287 298
288 303
288 305
293 313
