0 12
0 67
0 182
0 305
1 25
1 40
1 46
1 70
1 101
1 134
1 196
1 209
1 215
2 7
2 16
2 32
2 42
2 46
2 70
2 98
2 160
2 194
2 244
2 255
2 298
2 305
2 311
3 131
3 146
3 150
3 180
4 14
4 44
4 75
4 89
4 134
4 135
4 188
5 65
5 79
5 156
5 266
5 288
6 49
6 55
6 65
6 96
6 103
6 106
6 140
6 180
6 239
7 40
7 103
7 105
7 126
7 160
7 166
7 210
7 214
7 224
7 249
7 279
7 287
8 19
8 33
8 55
8 88
8 118
8 121
8 122
8 179
8 185
8 220
8 221
8 247
8 288
9 129
9 138
9 242
9 297
10 270
11 133
12 43
12 143
12 199
12 216
12 220
13 107
13 160
13 222
13 288
14 74
14 87
14 94
14 103
14 106
14 131
14 133
14 159
14 167
14 191
14 232
14 233
15 74
15 134
15 148
15 152
15 210
15 233
16 24
16 36
16 39
16 45
16 46
16 57
16 65
16 81
16 83
16 87
16 96
16 98
16 107
16 110
16 119
16 121
16 141
16 154
16 156
16 157
16 158
16 162
16 165
16 180
16 181
16 182
16 191
16 214
16 225
16 286
16 313
17 26
17 46
17 77
17 132
17 136
17 234
18 25
18 73
18 95
18 135
18 149
18 160
18 304
19 122
19 134
20 33
20 89
20 110
20 135
20 151
20 167
20 180
21 95
21 157
21 210
21 224
21 232
22 31
22 32
22 86
22 206
23 117
23 227
23 249
24 31
24 139
24 157
24 188
24 252
25 28
25 40
25 103
25 129
25 133
25 135
25 158
25 161
25 205
25 263
26 120
26 233
27 92
27 101
27 162
27 193
27 213
27 217
27 281
27 309
28 34
28 98
28 104
28 136
28 156
28 278
28 285
29 87
29 106
29 132
29 193
29 298
30 34
30 43
30 74
30 158
30 216
30 286
31 40
31 77
31 86
31 128
31 129
31 133
31 191
31 200
31 215
31 251
31 287
32 64
32 69
32 98
32 118
32 124
32 129
32 135
32 148
32 191
32 216
32 240
33 45
33 46
33 128
33 177
33 180
33 243
33 247
33 249
33 302
34 88
34 104
34 115
34 180
34 231
34 242
35 55
35 119
35 136
35 239
35 278
36 130
36 133
36 138
36 148
36 186
36 279
37 130
37 136
37 157
37 230
38 42
38 62
38 91
38 114
38 121
38 149
38 150
38 284
38 312
39 81
39 133
39 193
39 295
40 72
40 98
40 110
40 134
40 136
41 118
41 283
42 56
42 103
42 131
42 218
42 308
43 81
43 103
43 108
43 162
43 221
43 239
43 286
44 115
44 122
44 173
44 206
44 215
45 57
45 72
45 79
45 94
45 101
45 104
45 124
45 161
45 257
45 305
46 78
46 104
46 136
46 145
46 156
46 202
46 248
46 284
46 312
47 51
47 77
47 79
47 118
47 139
48 217
48 231
48 273
49 103
49 104
49 105
49 133
49 135
49 169
49 239
50 118
50 129
50 152
50 157
50 180
50 203
50 216
50 220
50 234
50 261
50 266
50 287
51 148
51 174
51 218
51 226
51 241
51 252
51 298
51 299
52 118
52 167
52 215
53 247
53 255
53 263
54 73
54 77
54 88
54 105
54 124
54 134
54 136
54 221
54 241
55 110
55 127
55 129
55 208
55 211
55 298
56 83
56 102
56 130
56 131
56 135
56 214
56 215
56 249
56 288
57 58
57 177
58 213
59 60
59 95
59 112
59 124
59 144
59 145
59 199
59 212
59 224
59 258
59 282
59 299
60 85
60 120
60 138
60 247
60 269
60 283
61 76
61 93
61 102
61 156
61 164
61 188
61 192
62 193
63 86
63 129
63 156
64 86
64 129
64 134
64 267
64 287
64 288
65 96
65 132
66 129
66 238
67 88
67 98
67 145
67 161
67 208
67 245
67 275
68 124
68 164
68 200
68 219
68 220
68 232
68 237
69 75
69 111
69 133
69 224
70 79
70 133
70 134
71 86
71 165
72 97
72 134
72 188
72 206
72 220
73 78
73 144
73 154
73 181
74 123
74 131
74 133
74 136
74 157
74 178
74 179
74 224
74 239
74 249
74 279
74 283
75 134
75 158
75 184
75 201
75 247
75 273
75 287
75 304
76 104
76 135
76 158
76 160
76 210
77 102
77 129
77 131
77 193
77 202
77 280
78 118
78 287
79 130
79 212
79 233
79 299
79 313
80 131
80 180
80 216
80 241
80 284
81 107
81 115
81 134
81 197
81 219
81 256
82 182
82 197
82 272
82 315
83 224
83 283
84 102
84 136
84 293
85 98
85 193
85 273
86 241
87 125
87 129
87 156
87 171
87 191
87 256
87 315
88 131
88 149
88 260
88 277
89 111
89 188
89 217
89 261
90 133
90 150
90 188
90 214
90 224
90 252
90 259
91 111
91 240
92 97
92 167
92 174
92 190
92 233
92 286
93 110
93 162
93 200
94 130
94 148
94 185
94 239
94 256
95 102
95 104
95 124
95 162
95 193
95 255
96 124
96 130
96 137
96 156
96 187
96 244
97 104
97 130
97 135
97 155
97 220
97 245
97 260
97 279
98 106
98 112
98 155
98 157
98 179
98 185
98 214
99 101
99 287
100 136
100 180
101 130
101 131
101 142
101 224
101 240
101 288
102 104
102 133
102 157
102 172
102 209
102 218
102 301
103 117
103 130
103 133
103 134
103 156
103 157
103 158
103 178
103 206
103 220
103 257
103 266
103 269
103 272
103 282
104 118
104 141
104 158
104 188
104 193
104 197
104 207
104 273
104 281
105 129
105 214
105 273
105 286
106 133
106 156
106 160
106 173
107 129
107 131
107 191
107 288
107 303
108 132
108 133
108 159
108 180
108 208
108 263
108 285
109 134
109 135
109 154
109 180
109 258
109 283
110 181
110 206
110 224
110 233
111 135
111 155
111 205
111 282
112 230
112 313
113 117
113 130
113 263
113 282
114 117
114 204
115 197
115 289
116 245
116 279
116 288
117 134
117 156
117 258
117 287
118 133
118 161
118 188
118 210
118 222
118 224
118 237
118 238
118 246
119 220
120 166
120 286
121 122
121 130
121 131
121 182
121 183
121 264
122 180
122 211
122 231
122 266
123 156
123 220
124 134
124 136
124 156
124 231
124 274
126 138
127 135
127 136
127 174
127 242
128 132
128 156
128 261
129 135
129 148
129 152
129 158
129 163
129 175
129 180
129 193
129 205
129 208
129 241
129 243
129 270
129 273
129 288
129 293
129 298
129 311
129 314
130 134
130 135
130 137
130 143
130 145
130 159
130 160
130 163
130 167
130 184
130 185
130 187
130 188
130 194
130 195
130 210
130 217
130 219
130 224
130 230
130 232
130 242
130 285
130 291
130 293
130 309
131 133
131 134
131 142
131 151
131 156
131 157
131 165
131 180
131 210
131 242
131 264
131 266
131 275
131 286
131 288
131 292
131 296
131 314
132 135
132 136
132 274
133 134
133 135
133 148
133 159
133 164
133 171
133 177
133 191
133 197
133 205
133 211
133 221
133 229
133 234
133 252
133 268
133 269
134 162
134 172
134 176
134 185
134 211
134 233
134 237
134 261
134 275
134 298
134 307
134 311
135 138
135 148
135 150
135 171
135 188
135 199
135 212
135 244
135 245
135 249
135 271
136 161
136 164
136 172
136 210
136 211
136 216
136 230
136 233
136 238
136 239
136 272
136 287
137 152
137 277
137 308
138 145
138 167
138 239
139 157
140 181
140 207
140 315
141 177
142 149
142 224
142 243
142 261
142 264
142 290
143 193
143 289
144 159
145 155
145 184
145 247
145 287
146 209
146 252
146 315
147 185
148 202
148 206
148 219
148 276
148 286
149 206
150 226
151 283
152 167
152 215
152 301
152 304
154 160
154 167
154 242
154 288
156 167
156 173
156 180
156 187
156 189
156 199
156 200
156 205
156 220
156 224
156 237
156 239
156 248
156 286
156 288
156 301
157 252
157 257
157 263
157 283
158 164
158 174
158 249
159 275
159 288
161 194
161 239
161 245
162 238
162 266
162 286
163 166
163 212
163 239
163 305
164 168
164 197
164 217
164 288
165 177
165 181
165 211
166 266
167 168
167 293
167 303
168 200
169 183
171 179
171 202
171 298
172 287
172 308
173 179
174 238
174 244
175 270
176 218
176 272
177 278
179 180
179 224
179 249
179 291
180 193
180 208
180 213
180 241
180 261
180 297
180 298
181 243
181 275
184 194
184 244
185 205
185 206
185 252
185 287
188 220
188 284
188 286
191 239
192 222
193 231
193 242
194 239
197 213
200 215
200 229
200 239
200 241
200 258
200 280
200 284
201 276
201 286
201 287
201 298
204 208
205 231
205 244
205 264
205 296
206 258
206 273
206 286
206 303
207 283
208 229
209 213
209 278
210 280
210 291
211 238
211 309
212 287
214 264
214 273
215 245
215 279
215 285
217 271
218 223
219 238
219 313
220 262
220 279
220 291
220 310
222 296
223 269
224 268
224 287
224 288
224 313
225 286
226 269
227 229
227 265
228 287
229 288
231 249
231 252
231 266
231 279
232 233
232 266
232 270
239 242
240 275
241 278
242 287
243 295
244 297
248 287
252 287
253 284
253 313
255 296
257 307
261 284
263 266
266 287
267 273
267 306
268 282
268 283
271 291
272 287
274 298
275 287
275 302
277 291
278 279
278 296
281 288
281 313
283 288
284 286
286 288
287 298
287 305
288 302
298 309
