0 37
0 69
0 81
0 105
0 167
0 175
0 246
0 276
0 285
0 291
1 233
2 13
2 18
2 33
2 45
2 63
2 88
2 97
2 98
2 134
2 136
2 145
2 215
2 231
2 239
3 19
3 32
3 64
3 73
3 157
3 200
3 271
3 295
4 12
4 20
4 34
4 71
4 117
4 134
4 135
4 215
4 230
5 40
5 60
5 101
5 104
6 16
6 59
6 70
6 113
6 152
6 193
6 218
6 220
6 296
7 52
7 69
7 80
7 98
7 103
7 105
7 118
7 133
7 167
7 176
7 182
7 191
7 200
7 218
7 220
7 266
7 268
7 310
8 47
8 49
8 90
8 135
8 188
8 258
8 292
8 301
8 307
9 121
9 160
9 192
9 215
9 220
10 64
10 66
10 74
10 79
10 131
10 287
11 38
11 55
11 148
11 272
11 288
12 28
12 44
12 115
12 133
12 200
12 210
12 212
12 215
12 239
12 249
12 259
12 272
12 279
13 32
13 79
13 135
13 136
13 291
13 305
14 35
14 117
14 195
14 233
15 74
15 104
15 149
15 158
15 289
15 309
16 32
16 33
16 36
16 40
16 86
16 96
16 102
16 111
16 130
16 134
16 145
16 149
16 150
16 161
16 186
16 204
16 211
16 213
16 214
16 218
16 220
16 247
16 267
16 304
16 311
17 59
17 122
17 136
17 188
17 244
18 51
18 80
18 133
18 152
18 156
18 205
18 225
18 274
18 303
19 67
19 185
20 42
20 46
20 117
20 131
20 179
20 191
20 196
20 220
20 231
20 240
20 259
21 68
21 92
21 95
21 173
21 233
22 49
23 102
23 124
23 193
23 195
24 34
24 74
24 106
24 128
24 130
24 191
25 45
25 124
25 132
25 133
25 136
25 210
25 290
26 82
26 88
26 103
26 118
27 43
27 153
27 174
27 231
27 252
28 44
28 198
28 267
28 269
28 271
29 87
29 102
29 103
29 130
29 156
29 213
29 217
29 220
29 249
30 32
30 87
30 130
30 157
30 178
30 241
31 118
31 130
31 131
31 133
31 134
31 165
31 168
31 213
31 218
31 277
31 288
31 298
32 36
32 108
32 128
32 131
32 135
32 156
32 188
32 206
32 208
32 229
32 267
32 279
32 301
33 43
33 47
33 54
33 56
33 136
33 138
33 200
33 239
33 250
33 262
33 286
33 305
34 52
34 76
34 94
34 123
34 171
34 197
34 209
34 218
34 264
34 271
34 286
35 56
35 161
35 241
35 249
35 304
36 74
36 79
36 116
36 118
36 148
36 152
36 181
36 301
37 74
37 114
37 148
37 180
37 185
37 196
37 220
37 231
37 293
38 90
38 109
38 188
38 276
39 70
39 167
39 223
40 49
40 52
40 129
40 130
40 136
40 180
40 233
40 247
41 68
41 109
41 133
41 135
41 148
41 226
42 113
42 123
42 129
42 135
42 191
42 286
43 64
43 98
43 288
44 60
45 50
45 67
45 129
45 150
45 258
45 285
45 287
46 59
46 76
46 129
46 130
46 134
46 179
46 192
46 303
47 51
47 74
47 89
47 98
47 120
47 140
47 184
47 188
47 222
47 278
47 305
48 82
48 122
48 157
48 177
48 237
48 240
49 131
49 133
49 193
49 216
50 52
50 61
50 99
50 124
50 131
50 134
50 139
50 194
50 233
50 249
51 106
51 139
51 215
51 220
51 272
52 62
52 122
52 133
54 75
54 80
54 167
54 177
54 194
54 233
55 193
55 249
56 96
56 118
56 252
56 255
56 257
57 131
57 197
58 292
58 308
59 64
59 114
59 133
59 143
59 180
59 187
59 195
59 197
59 201
59 210
59 216
59 247
59 277
59 286
59 314
60 110
60 130
60 134
60 151
60 158
60 229
60 237
60 276
60 286
61 129
61 193
61 276
61 278
61 298
62 74
62 124
62 264
63 76
63 81
63 92
63 127
63 134
63 219
64 76
64 98
64 134
64 206
64 277
64 309
65 180
65 271
65 303
66 81
66 136
66 168
66 174
66 231
67 117
67 155
67 179
67 217
67 226
67 263
67 310
68 82
68 98
68 130
68 136
68 174
69 74
69 76
69 85
69 134
69 179
70 197
70 287
71 212
71 265
72 128
72 176
72 214
72 221
73 134
73 168
73 178
73 220
73 249
73 258
74 99
74 101
74 110
74 115
74 131
74 148
74 154
74 200
74 293
75 89
75 110
75 118
75 133
75 136
75 288
75 303
76 121
76 275
76 276
77 151
77 208
78 131
78 149
78 162
78 181
78 197
78 247
79 197
79 257
79 265
80 102
80 136
80 146
80 156
80 175
80 210
80 287
80 304
81 134
81 188
81 239
81 288
82 132
83 111
83 252
83 291
83 300
83 314
85 97
85 148
86 284
86 291
87 88
87 177
87 212
87 214
87 230
87 286
87 288
88 124
88 129
88 156
88 200
89 109
89 161
89 193
89 204
90 148
90 218
90 231
90 286
91 156
91 212
91 242
91 250
91 301
92 122
92 129
92 133
92 156
92 160
92 288
92 298
92 309
94 103
94 131
94 297
95 97
95 102
95 134
95 156
96 123
96 129
96 134
96 171
96 199
96 229
97 109
97 144
97 157
97 188
97 196
97 224
97 234
97 250
98 131
98 160
98 167
98 210
98 229
98 241
98 286
98 307
99 128
99 129
99 218
99 230
99 243
99 249
99 310
100 130
100 218
100 224
101 123
101 160
101 173
101 211
101 281
102 104
102 109
102 130
102 175
102 180
102 239
103 137
103 176
103 179
103 205
103 214
103 267
103 306
104 148
104 179
104 276
104 286
105 128
105 130
105 213
105 270
106 134
106 191
106 304
107 131
107 152
107 200
107 237
107 284
108 191
108 233
108 246
109 148
109 149
109 153
109 292
110 133
110 158
110 200
110 245
111 121
111 201
111 220
111 243
112 242
114 156
115 173
116 130
116 180
116 182
116 286
116 292
117 133
117 148
117 152
117 196
117 197
117 198
117 201
117 202
117 205
118 133
118 156
118 159
118 238
118 242
118 255
118 288
120 129
120 198
120 267
121 164
121 241
121 249
121 258
122 135
122 140
122 184
122 197
122 249
122 308
123 131
123 136
124 130
124 133
124 180
124 191
124 206
124 243
124 267
124 287
124 307
126 150
128 133
128 235
128 250
129 130
129 133
129 164
129 188
129 196
129 209
129 217
129 218
129 223
129 247
129 249
129 258
129 272
129 274
129 310
130 132
130 139
130 148
130 150
130 160
130 165
130 193
130 245
130 258
130 273
130 278
130 283
130 286
130 303
130 311
131 133
131 134
131 145
131 152
131 154
131 162
131 174
131 184
131 197
131 200
131 202
131 223
131 230
131 249
131 283
131 287
131 289
131 298
132 249
133 134
133 135
133 136
133 145
133 148
133 151
133 180
133 209
133 215
133 231
133 235
133 238
133 259
133 266
133 297
133 301
134 148
134 154
134 167
134 174
134 188
134 191
134 214
134 231
134 262
134 271
134 293
135 141
135 145
135 146
135 163
135 165
135 166
135 172
135 193
135 226
135 239
135 267
135 276
135 286
135 287
135 290
136 137
136 167
136 171
136 180
136 208
136 242
136 248
136 256
136 295
136 296
137 218
137 305
138 179
138 191
138 303
139 144
139 161
139 162
139 202
139 223
140 146
140 205
140 224
140 246
140 266
140 308
141 216
142 152
142 156
142 194
142 210
142 214
142 270
142 277
142 288
143 200
143 235
145 154
145 157
145 167
145 262
145 271
145 313
146 156
146 281
147 193
147 206
147 232
147 243
148 167
148 226
148 229
149 188
149 206
149 211
149 271
149 274
149 295
150 160
150 228
150 291
152 223
152 238
154 206
155 187
155 188
155 197
156 231
156 239
156 241
156 242
156 275
156 276
157 163
157 171
157 180
157 200
157 219
157 244
157 286
158 259
158 273
159 193
160 178
160 180
160 193
160 231
160 249
160 270
160 287
160 288
161 206
162 171
162 193
162 230
164 168
164 181
164 210
164 217
166 256
166 263
167 193
167 201
167 216
167 233
167 251
167 273
168 172
169 181
169 287
171 232
171 296
171 304
172 193
172 249
172 287
173 206
173 269
174 215
176 238
178 218
178 287
179 255
179 288
180 227
180 229
180 232
180 239
180 249
180 255
180 282
182 223
185 188
185 287
186 219
186 223
188 194
188 223
188 261
188 287
190 219
191 193
191 200
191 239
192 216
193 277
193 286
195 269
196 249
199 229
200 204
200 209
200 215
200 297
201 263
204 307
205 255
206 211
206 249
206 293
206 315
208 235
209 284
209 285
209 305
210 217
210 228
210 256
210 268
210 293
211 227
212 274
212 283
213 301
214 242
214 276
215 278
215 295
216 234
216 240
217 299
218 236
218 284
219 275
220 239
220 286
220 294
220 307
220 308
221 247
221 298
222 233
222 247
223 252
223 305
224 240
224 303
225 241
230 243
233 249
234 264
235 286
235 305
239 247
239 249
239 270
239 306
240 249
240 306
241 255
241 258
241 287
241 306
242 272
242 296
242 308
242 309
245 288
246 247
248 279
248 287
249 287
249 315
252 278
252 290
256 276
256 287
258 277
261 286
261 305
263 269
263 283
264 283
267 268
270 286
272 278
272 287
272 291
275 286
275 287
279 294
283 289
284 294
285 286
285 304
287 288
291 304
296 314
298 310
