0 103
0 134
0 148
0 150
0 173
0 236
0 303
1 8
1 76
1 89
1 129
1 156
1 161
1 217
1 233
1 279
2 29
2 46
2 48
2 54
2 55
2 124
2 129
2 141
2 157
2 202
2 216
2 232
2 247
2 260
2 261
2 287
2 309
3 31
3 103
3 157
3 203
3 260
3 261
3 287
4 46
4 81
4 139
4 171
4 224
5 16
5 50
5 160
5 202
5 241
5 270
6 32
6 35
6 47
6 50
6 59
6 149
6 177
6 288
7 32
7 33
7 44
7 54
7 59
7 61
7 65
7 66
7 97
7 121
7 123
7 129
7 152
7 239
7 282
8 16
8 35
8 46
8 72
8 110
8 163
8 192
8 257
8 307
8 313
9 118
9 161
9 181
9 192
9 275
10 64
10 105
10 201
10 287
10 302
11 33
11 181
11 315
12 17
12 23
12 67
12 84
12 101
12 103
12 118
12 124
12 130
12 133
12 137
12 156
12 232
13 75
13 104
13 148
13 231
14 15
14 19
14 60
14 75
14 94
14 119
14 130
14 140
14 150
14 198
14 214
14 224
14 263
14 272
14 287
15 108
15 127
15 129
15 159
15 182
15 195
15 198
15 238
15 291
15 305
16 28
16 31
16 56
16 60
16 71
16 88
16 103
16 117
16 133
16 142
16 154
16 160
16 164
16 180
16 184
16 190
16 239
16 242
16 252
16 290
16 300
17 99
17 134
17 156
17 162
17 218
17 307
18 21
18 28
18 49
18 55
18 73
18 98
18 112
18 129
18 156
18 182
18 200
18 205
18 288
19 31
19 72
19 120
19 200
19 215
19 294
19 314
20 45
20 50
20 97
20 129
20 132
20 193
20 208
20 220
20 266
21 132
21 297
22 168
23 34
24 59
24 115
24 136
24 228
24 233
24 286
24 305
24 308
25 94
25 131
25 173
25 194
25 208
25 259
25 278
25 301
26 54
26 60
26 152
26 216
27 127
27 210
27 241
27 296
28 51
28 81
28 97
28 135
28 145
28 239
28 311
29 123
30 51
30 99
30 122
30 139
30 146
30 268
31 32
31 43
31 91
31 102
31 103
31 129
31 175
31 179
31 200
31 201
31 233
31 234
31 248
31 269
31 272
31 283
31 303
32 34
32 39
32 64
32 68
32 83
32 102
32 120
32 130
32 138
32 146
32 210
32 219
32 230
32 263
32 267
32 269
32 287
33 44
33 46
33 59
33 66
33 81
33 105
33 127
33 135
33 161
33 196
33 224
33 229
33 249
33 252
33 285
33 298
34 61
34 63
34 102
34 222
34 231
34 268
34 286
35 41
35 75
35 133
35 135
35 204
35 217
35 304
36 40
36 117
36 141
36 191
36 206
36 210
36 298
37 75
37 188
37 302
38 95
38 103
38 169
39 45
39 49
39 95
39 114
39 136
39 145
39 186
39 304
40 59
40 65
40 74
40 129
40 136
40 138
41 55
41 74
41 117
41 129
41 135
41 176
41 234
41 263
41 270
41 286
42 88
42 128
42 134
42 149
42 216
43 46
43 52
43 56
43 92
43 118
43 135
43 152
43 197
43 275
43 285
44 81
44 129
44 136
44 168
44 288
45 47
45 75
45 101
45 122
45 135
45 140
45 162
45 212
45 216
45 260
45 275
45 288
45 304
46 142
46 156
46 159
46 161
46 167
46 218
47 132
47 134
47 153
47 155
47 210
47 212
47 252
47 279
47 287
48 74
48 130
48 133
48 135
48 167
48 312
49 75
49 133
49 142
49 156
49 201
49 204
49 267
50 133
50 160
51 130
51 134
51 135
51 156
51 180
51 200
51 215
51 228
51 285
52 117
52 131
52 138
52 193
52 201
53 129
53 197
54 87
54 129
54 167
54 191
54 249
54 267
54 269
54 283
54 285
55 221
55 244
56 129
56 209
56 241
56 276
57 222
57 224
58 60
58 134
58 249
58 272
59 62
59 101
59 103
59 129
59 207
59 244
59 249
59 256
59 282
59 287
60 72
60 111
60 173
60 184
60 193
60 239
61 159
61 211
61 269
62 263
62 276
62 298
62 304
63 74
63 106
63 129
63 130
63 171
63 202
63 210
63 211
63 296
64 79
64 84
64 98
64 132
64 138
64 268
65 237
65 239
66 127
66 130
66 137
66 206
66 271
66 278
67 108
67 148
67 160
67 177
67 179
67 201
67 283
68 74
68 77
68 80
68 167
68 200
68 202
69 98
69 148
69 303
70 103
70 175
72 132
72 203
72 220
72 221
73 129
73 188
73 258
74 77
74 87
74 109
74 110
74 133
74 137
74 148
74 183
74 184
74 201
74 214
74 249
74 275
74 287
75 92
75 160
75 197
75 216
75 223
75 288
76 77
76 138
76 159
77 124
77 136
77 142
77 143
77 167
77 216
77 255
77 287
78 103
79 174
79 200
80 84
80 91
80 92
80 98
80 104
80 129
80 134
80 135
80 242
80 252
80 283
80 285
81 121
81 134
81 148
81 200
81 217
81 222
81 288
83 96
83 154
83 185
83 233
84 103
84 129
85 131
85 200
85 213
85 304
86 131
86 157
86 163
86 171
86 213
86 244
87 97
87 154
87 179
87 215
87 237
87 304
88 131
88 258
89 114
89 124
89 129
89 149
89 157
89 185
89 201
89 209
89 288
89 298
90 218
90 306
91 108
91 172
91 188
91 230
91 260
92 134
92 222
92 238
93 240
94 96
94 120
94 238
94 262
95 114
95 135
95 152
95 241
95 266
95 278
96 97
96 167
96 203
96 224
96 307
96 313
97 159
97 180
97 240
97 271
98 133
98 180
98 278
98 295
99 114
99 129
99 133
99 152
99 233
100 179
101 116
101 124
101 155
101 244
101 309
102 133
102 156
102 205
102 210
102 279
102 293
102 310
103 115
103 118
103 129
103 131
103 193
103 210
103 224
103 242
103 276
103 286
103 298
103 304
104 115
105 106
105 130
105 188
105 283
106 143
106 156
106 284
107 157
107 204
107 288
108 128
108 130
109 129
109 131
109 135
109 181
109 209
109 243
109 272
110 129
110 130
110 184
110 192
110 212
110 219
110 276
110 286
110 288
110 308
111 133
111 173
111 179
111 204
111 290
112 114
112 284
112 287
113 159
113 220
113 309
114 118
114 137
115 216
115 233
117 139
117 168
117 263
117 291
118 182
118 200
118 215
118 217
118 223
118 249
118 260
118 295
119 136
119 167
119 221
120 165
121 126
121 135
121 160
121 200
121 212
121 224
121 286
121 287
122 206
123 136
123 156
124 126
124 140
124 157
124 220
124 224
124 232
124 266
124 288
125 258
126 166
126 170
127 239
128 156
128 188
129 130
129 134
129 154
129 156
129 157
129 159
129 179
129 192
129 198
129 235
129 236
129 238
129 268
129 286
129 287
129 288
129 298
129 310
130 131
130 137
130 156
130 167
130 178
130 184
130 193
130 203
130 207
130 210
130 212
130 215
130 231
130 251
130 255
130 258
130 278
130 284
130 302
131 133
131 142
131 149
131 153
131 155
131 175
131 184
131 195
131 210
131 214
131 222
131 258
131 268
131 270
131 271
131 272
131 281
131 304
131 305
131 312
132 220
132 264
132 298
132 303
133 136
133 156
133 192
133 213
133 221
133 226
133 235
133 239
133 247
133 253
133 259
133 296
134 157
134 158
134 159
134 169
134 179
134 186
134 202
134 221
134 233
134 241
134 287
134 292
134 303
135 137
135 149
135 156
135 183
135 193
135 244
135 263
135 273
135 282
135 284
135 296
136 144
136 145
136 169
136 257
136 286
137 239
138 156
138 165
138 193
138 219
138 271
139 227
139 264
140 144
140 214
140 219
141 211
141 282
142 184
142 234
142 304
143 148
143 194
143 216
143 248
145 203
145 218
145 243
145 276
145 295
145 313
146 166
146 223
147 149
147 152
147 312
148 167
148 180
148 191
148 218
148 256
148 266
148 276
149 154
149 207
149 231
150 241
151 190
151 312
152 185
152 206
152 211
152 296
153 212
153 239
154 166
154 275
156 161
156 167
156 169
156 206
156 218
156 222
156 242
156 250
156 285
156 286
156 287
156 308
156 309
157 165
157 181
157 200
157 202
157 234
160 172
160 191
160 200
160 233
160 269
160 287
160 296
160 305
161 219
161 284
162 205
162 216
162 232
163 219
163 276
164 191
164 215
164 278
164 304
165 180
165 279
166 286
166 293
167 178
167 180
167 220
167 246
167 285
168 309
168 311
169 186
169 275
170 205
171 255
172 201
172 210
172 216
172 234
173 270
173 287
174 176
174 219
174 224
174 239
174 244
174 250
174 278
176 177
176 246
177 209
178 288
179 245
179 249
179 266
180 203
180 206
180 215
180 249
180 305
181 309
182 259
184 204
184 233
184 237
185 303
186 266
187 287
188 201
188 215
188 236
188 312
190 248
191 298
191 305
192 193
192 212
192 275
193 206
193 255
193 258
193 266
194 222
195 258
197 249
197 311
198 249
198 285
200 206
200 210
200 247
200 258
200 264
200 280
200 283
200 287
202 213
203 275
203 292
204 226
204 241
204 258
205 298
205 304
207 212
207 220
208 307
210 267
210 290
211 231
211 296
212 220
212 273
214 244
214 301
215 273
215 275
215 300
216 224
216 231
216 243
217 220
217 268
217 287
218 257
218 269
218 296
220 235
220 255
220 261
220 286
220 297
220 298
220 299
220 313
220 315
222 284
222 287
223 275
224 252
224 258
224 287
224 305
225 315
231 246
231 271
231 296
231 309
232 261
232 287
232 298
233 255
233 264
233 287
233 295
233 305
233 307
233 312
234 249
235 267
238 277
238 315
241 272
242 269
242 283
244 276
245 269
245 282
245 286
246 271
248 283
249 258
249 268
249 269
249 289
257 273
257 304
258 263
258 287
258 299
258 303
258 313
259 303
264 287
267 273
268 275
272 287
273 288
275 293
276 284
277 287
280 306
283 284
285 292
287 288
293 295
295 312
298 302
303 315
