0 160
0 301
1 25
1 84
1 123
1 131
1 141
1 200
2 20
2 23
2 56
2 60
2 66
2 81
2 104
2 105
2 109
2 110
2 130
2 131
2 135
2 156
2 167
2 206
2 208
2 220
2 252
2 255
2 273
2 276
3 33
3 133
3 137
3 152
3 206
4 9
4 16
4 31
4 130
4 133
4 193
4 195
4 208
4 304
5 80
5 118
5 133
5 196
5 252
5 285
6 32
6 38
6 42
6 242
7 56
7 75
7 105
7 121
7 123
7 124
7 130
7 131
7 212
7 268
7 272
7 288
7 305
8 14
8 22
8 29
8 33
8 74
8 77
8 87
8 103
8 133
8 156
8 168
8 185
8 206
8 223
8 231
8 242
8 261
8 310
8 314
9 42
9 127
9 132
9 147
9 156
9 175
9 211
9 260
10 73
10 155
10 174
10 229
10 304
11 48
11 103
11 133
12 19
12 44
12 92
12 134
12 156
12 239
12 256
12 268
12 297
13 173
13 197
13 209
13 287
14 16
14 55
14 78
14 86
14 131
14 279
14 287
15 33
15 118
15 130
15 133
15 162
15 200
15 214
15 218
15 233
15 255
15 287
16 32
16 38
16 69
16 74
16 94
16 101
16 103
16 108
16 129
16 130
16 131
16 139
16 231
16 277
16 304
17 45
17 72
17 81
17 249
17 283
18 32
18 41
18 58
18 76
18 126
18 142
18 184
18 185
18 193
18 196
18 212
18 261
18 267
19 32
19 47
19 79
19 91
19 252
20 107
20 130
20 131
20 148
20 173
20 178
20 209
20 220
20 266
21 191
23 46
23 60
23 68
23 139
23 154
23 188
23 220
24 97
24 129
24 190
24 217
24 305
25 60
25 79
25 104
25 106
25 138
25 150
25 151
25 167
25 199
25 251
26 38
26 47
26 50
26 74
26 136
26 263
26 268
27 130
27 133
27 135
27 152
27 197
27 304
28 33
28 36
28 48
28 55
28 62
28 189
28 210
28 232
28 265
29 44
29 67
29 104
29 179
29 253
30 50
30 112
30 118
30 135
30 138
30 156
30 213
30 272
30 303
31 156
31 160
31 163
31 208
32 34
32 65
32 81
32 94
32 116
32 135
32 138
32 149
32 151
32 161
32 182
32 241
32 255
32 272
33 45
33 75
33 134
33 197
33 224
33 255
33 258
33 275
33 278
34 54
34 122
34 129
34 142
34 164
34 218
34 223
34 290
35 42
35 164
35 196
35 245
36 148
36 149
36 298
37 102
37 131
37 203
37 295
38 129
38 130
38 135
38 137
38 169
38 181
38 209
38 210
39 73
39 130
39 135
39 154
40 53
40 129
40 134
40 135
40 213
40 296
41 90
41 97
41 101
41 131
41 140
41 171
42 89
42 101
42 180
42 312
43 65
43 77
43 111
43 117
43 122
43 169
43 198
43 200
43 210
44 67
44 171
44 188
44 235
45 46
45 55
45 76
45 108
45 111
45 130
45 164
45 174
45 254
45 255
45 261
45 286
45 303
45 304
45 305
45 307
46 51
46 66
46 110
46 126
46 129
46 186
46 216
46 239
46 273
46 277
47 101
47 172
47 224
47 288
47 302
48 49
48 65
48 112
48 145
48 220
48 231
48 292
49 133
49 210
49 291
50 107
50 122
50 128
50 164
50 176
50 179
50 180
50 210
50 216
50 242
51 54
51 62
51 89
51 152
51 157
51 212
51 228
51 271
51 285
51 291
51 315
52 122
52 130
52 157
52 214
52 252
53 197
54 266
55 65
55 103
55 130
55 131
55 200
55 222
55 250
55 314
56 182
56 228
56 234
56 239
57 137
57 151
58 99
58 217
58 308
59 101
59 131
59 133
59 134
59 152
59 156
59 177
59 220
59 241
59 261
60 67
60 87
60 192
60 200
60 220
60 275
60 303
61 104
61 309
62 79
62 80
62 83
62 129
62 141
63 104
63 239
63 303
64 81
64 106
64 123
64 131
64 135
64 187
64 251
65 136
65 148
66 94
66 131
66 152
66 199
67 99
67 129
67 135
67 167
67 177
67 220
67 227
67 287
68 94
68 97
68 104
68 131
68 152
68 172
68 205
68 217
68 263
69 75
69 78
69 136
69 196
69 214
69 216
69 309
70 79
70 108
70 280
71 129
71 131
71 240
72 112
72 135
73 207
74 91
74 92
74 122
74 159
74 275
74 310
75 89
75 104
75 308
76 83
76 113
76 131
76 276
76 281
76 286
77 164
77 232
77 283
77 293
78 111
78 118
78 133
78 144
79 124
79 145
79 211
80 134
80 157
80 180
80 193
80 220
80 224
80 275
81 104
81 130
81 168
81 288
81 300
82 302
83 87
83 110
83 134
83 173
83 287
85 98
85 131
85 180
85 218
87 130
87 287
88 89
88 288
89 132
89 135
89 149
89 174
89 180
89 249
90 108
90 161
90 184
90 250
91 92
91 129
91 174
91 191
91 200
92 102
92 135
92 169
92 236
92 307
93 198
93 283
94 106
94 153
94 174
94 249
94 261
94 268
94 277
94 292
94 296
95 130
95 131
95 134
95 149
95 152
95 163
95 207
95 305
96 102
96 130
96 135
96 166
96 233
96 271
97 124
97 136
97 157
97 192
97 195
98 124
98 135
98 149
98 167
98 217
98 249
98 253
98 277
99 136
99 179
99 235
99 245
99 284
100 150
100 159
100 180
100 233
101 180
101 255
101 275
102 106
102 111
102 131
102 156
102 171
102 255
102 269
102 315
103 109
103 131
103 148
103 152
103 193
103 231
103 239
103 258
103 301
104 133
104 145
104 161
104 162
104 233
104 261
104 266
104 285
104 305
105 187
105 193
105 195
105 271
105 303
105 304
106 129
106 207
106 252
106 255
106 284
107 110
107 263
107 301
107 310
108 118
108 135
108 154
108 204
108 232
108 276
108 300
109 161
109 162
109 179
109 191
109 219
109 220
109 224
109 233
109 287
110 113
110 150
110 157
110 179
110 194
110 196
110 211
110 228
110 285
110 315
111 130
111 133
111 167
111 210
112 206
112 303
113 206
114 131
114 159
114 200
115 133
115 177
115 206
116 198
117 133
117 156
117 187
117 193
117 204
118 134
118 162
118 183
118 193
118 204
118 212
118 219
118 234
118 269
118 288
118 299
119 134
119 150
119 224
119 232
120 131
120 152
121 135
121 223
121 287
122 130
122 134
122 206
122 249
123 134
123 136
123 200
124 134
124 167
124 185
124 188
124 200
124 215
124 241
124 286
124 287
124 288
125 148
126 282
127 133
127 167
127 200
128 168
128 192
128 234
128 301
129 130
129 134
129 145
129 157
129 167
129 176
129 229
129 230
129 248
129 252
129 260
129 283
129 286
129 287
129 295
129 315
130 131
130 135
130 140
130 145
130 172
130 185
130 193
130 198
130 217
130 224
130 244
130 247
130 260
130 268
130 287
130 288
130 314
131 160
131 162
131 180
131 195
131 200
131 213
131 215
131 223
131 226
131 245
131 249
131 268
131 295
132 149
132 156
133 136
133 148
133 149
133 157
133 199
133 202
133 234
133 255
133 257
133 287
133 288
134 135
134 136
134 145
134 147
134 152
134 153
134 156
134 164
134 185
134 188
134 193
134 196
134 202
134 233
134 248
134 253
134 278
134 290
134 301
134 310
135 149
135 156
135 160
135 174
135 176
135 184
135 211
135 224
135 260
135 270
135 286
135 287
135 292
135 298
135 305
136 141
136 149
136 162
136 215
136 231
136 235
136 240
136 245
136 295
136 296
136 303
138 159
138 191
138 279
138 287
138 298
138 314
139 170
139 220
140 157
140 193
140 216
140 244
140 286
140 301
141 181
141 285
142 195
142 210
142 218
143 172
143 249
144 179
145 200
145 202
145 224
145 278
146 219
148 157
148 184
148 192
148 207
148 249
148 273
148 285
148 287
149 150
149 156
149 179
149 242
149 249
149 252
149 308
150 157
151 165
151 180
152 155
152 157
152 164
152 195
152 214
152 224
153 162
154 158
154 202
154 252
155 195
155 249
155 273
156 168
156 170
156 180
156 188
156 198
156 224
156 227
156 236
156 243
156 246
156 258
156 281
156 306
157 236
157 245
157 298
158 264
158 288
159 249
159 259
160 194
160 215
160 220
160 229
160 286
160 288
160 313
161 267
162 167
162 205
163 244
166 258
167 176
167 209
167 216
167 239
167 275
169 288
170 197
170 244
170 283
170 306
171 181
171 202
171 205
171 260
172 259
172 278
173 204
175 258
175 268
175 304
178 287
178 292
179 193
179 196
179 206
179 230
179 245
179 269
180 224
180 242
180 286
180 304
181 277
181 283
182 237
184 210
184 220
184 231
188 196
188 232
190 268
190 283
191 249
192 198
192 208
192 284
193 200
193 219
193 283
193 286
193 296
195 289
196 205
196 224
196 249
197 231
197 288
197 298
198 223
199 305
200 223
200 269
201 207
204 265
205 249
205 286
205 287
206 214
206 219
207 229
208 248
209 249
209 272
210 266
210 288
210 310
211 219
212 272
212 276
214 215
214 287
214 292
215 221
215 225
215 234
215 305
217 278
217 305
219 220
219 306
219 310
220 235
220 259
220 275
220 287
221 286
221 288
221 290
222 232
222 283
223 281
224 255
224 286
230 238
232 235
232 245
232 266
233 247
233 287
235 255
235 266
238 280
238 291
239 241
239 303
240 287
241 281
241 286
242 272
242 283
242 288
242 305
244 301
245 252
245 275
246 301
249 286
249 304
249 306
252 258
252 284
252 298
252 299
252 313
252 314
254 264
257 272
263 278
264 304
265 279
266 275
268 287
269 285
270 287
271 305
272 302
274 283
275 294
275 307
276 281
276 293
279 294
287 298
287 309
288 293
292 309
293 298
304 308
