0 74
0 131
0 138
0 140
0 288
1 59
1 60
1 68
1 79
1 130
1 156
1 179
1 287
1 305
2 25
2 34
2 97
2 109
2 117
2 118
2 179
2 188
2 199
2 220
2 249
2 252
2 282
2 287
3 59
3 90
3 156
3 160
3 193
3 223
3 242
3 244
3 298
4 7
4 45
4 49
4 72
4 101
4 148
4 160
4 179
4 210
4 229
4 236
4 287
5 10
5 12
5 50
5 92
5 106
5 116
5 120
5 134
5 156
6 67
6 84
6 88
6 108
6 139
6 162
7 13
7 112
7 113
7 160
7 162
7 172
7 173
7 204
7 271
7 287
7 290
8 29
8 53
8 63
8 73
8 104
8 106
8 128
8 135
8 193
8 201
8 220
8 266
8 269
9 102
9 117
9 131
9 149
9 188
9 220
9 258
9 287
10 31
10 118
10 221
11 61
11 254
12 34
12 36
12 91
12 98
12 129
12 134
12 135
12 150
12 156
12 172
12 185
12 224
12 263
12 285
12 293
13 47
13 77
13 106
13 130
13 165
13 234
13 297
14 16
14 20
14 33
14 46
14 64
14 65
14 88
14 99
14 134
14 194
14 197
14 270
14 288
15 130
15 136
15 279
15 298
16 22
16 25
16 32
16 44
16 46
16 50
16 51
16 68
16 94
16 106
16 107
16 129
16 155
16 156
16 159
16 210
16 263
16 269
16 292
16 295
17 129
17 134
17 159
17 187
17 249
17 269
17 298
18 30
18 51
18 64
18 107
18 110
18 133
18 167
18 168
18 206
19 79
19 127
19 137
19 140
19 230
20 29
20 44
20 68
20 73
20 80
20 102
20 120
20 148
20 191
20 238
20 287
21 29
21 132
21 173
21 210
21 266
22 52
24 41
24 50
24 56
24 61
24 114
25 32
25 105
25 168
25 218
25 220
25 260
25 290
26 95
26 133
27 72
27 191
27 213
27 242
28 29
28 120
28 174
28 175
28 177
28 243
29 35
29 94
29 101
29 128
29 172
29 185
29 218
29 268
29 287
30 106
30 118
30 128
30 239
30 287
30 314
31 50
31 55
31 97
31 101
31 135
31 156
31 185
31 200
31 216
31 233
31 243
31 249
31 253
31 299
32 40
32 46
32 59
32 66
32 131
32 193
32 219
32 241
32 249
32 268
32 286
33 60
33 71
33 98
33 161
33 180
33 208
33 224
33 238
33 258
33 260
33 290
33 293
33 301
34 55
34 83
34 118
34 156
34 233
34 288
34 302
35 56
35 104
35 152
35 173
36 41
36 103
36 284
37 103
37 134
37 142
37 162
37 252
38 64
38 89
38 130
38 157
39 74
39 78
39 157
39 197
39 212
39 314
40 43
40 62
40 119
40 133
40 167
40 287
40 294
41 76
41 173
41 200
41 241
41 280
42 45
42 82
42 122
42 157
42 209
42 216
43 133
43 188
43 303
44 63
44 101
44 105
44 188
44 244
44 268
44 287
45 47
45 75
45 78
45 92
45 95
45 109
45 129
45 131
45 141
45 188
45 192
45 229
45 232
45 246
45 276
45 281
45 309
46 49
46 74
46 98
46 99
46 133
46 140
46 155
46 158
46 162
46 205
46 219
46 224
46 245
46 250
46 252
47 51
47 67
47 73
47 103
47 153
47 164
47 185
47 204
47 205
47 248
47 285
48 77
48 131
48 135
48 180
48 205
48 221
48 240
48 278
48 296
49 79
49 95
49 97
49 131
49 135
49 140
49 247
49 283
50 114
50 169
50 193
50 205
50 211
50 250
50 283
50 298
51 92
51 132
51 136
51 143
51 180
51 236
52 66
52 124
52 131
52 195
54 108
54 133
54 169
54 185
54 193
54 217
55 191
55 241
56 136
56 143
56 205
56 216
56 268
57 112
57 135
57 206
59 89
59 95
59 115
59 122
59 137
59 157
59 163
59 167
59 200
59 235
59 244
59 273
59 282
59 291
59 292
60 179
60 188
60 200
60 248
60 275
60 288
60 295
61 80
61 143
61 170
61 273
62 151
62 197
62 233
62 264
62 315
63 75
63 99
64 136
64 158
64 204
64 249
64 271
64 285
65 130
65 218
65 312
66 77
66 154
66 193
66 197
66 216
66 297
67 70
67 85
67 97
67 129
67 152
67 159
67 181
67 223
67 227
67 242
67 286
67 287
68 126
68 130
68 133
68 206
68 233
68 247
69 74
69 124
69 205
69 232
69 279
70 116
70 181
70 188
70 191
70 201
70 249
71 90
71 211
72 130
72 133
73 75
73 88
73 133
74 82
74 87
74 110
74 192
74 237
74 292
75 79
75 86
75 104
75 117
75 130
75 140
75 158
75 169
75 182
75 216
75 290
76 308
77 136
77 178
77 185
77 188
77 193
77 200
78 133
78 156
78 167
79 98
79 112
79 145
79 258
79 305
80 87
80 92
80 94
80 104
80 110
80 121
80 154
80 156
80 188
80 207
80 210
80 219
80 259
80 267
80 278
81 120
81 133
81 164
81 286
81 295
82 277
83 86
83 102
83 129
84 134
84 171
84 185
84 281
85 102
85 103
85 124
86 151
87 91
87 96
87 105
87 108
87 130
87 152
87 161
87 192
87 196
87 258
87 290
87 312
88 218
88 286
89 133
89 143
89 145
89 160
89 180
90 297
91 131
92 154
92 181
92 224
92 255
92 292
92 313
93 104
93 130
93 149
94 103
94 133
94 140
94 156
94 275
94 285
95 131
95 148
95 262
95 303
96 102
96 105
96 118
96 205
96 239
96 241
96 286
96 301
96 305
97 120
97 293
97 306
97 308
98 120
98 152
98 156
98 168
98 208
98 211
98 286
99 148
99 200
100 174
100 179
101 130
101 167
101 230
101 249
101 258
101 286
102 135
102 156
102 191
102 236
102 286
102 309
103 109
103 129
103 130
103 133
103 134
103 136
103 190
103 210
103 216
103 231
103 257
103 261
103 271
103 296
104 109
104 129
104 130
104 137
104 139
104 149
104 153
104 156
104 236
105 149
105 171
105 183
105 196
105 220
105 308
106 133
106 273
106 288
106 315
107 147
107 303
108 130
108 131
108 140
108 156
108 252
108 269
108 293
109 268
109 272
110 130
110 268
111 147
112 157
112 171
112 185
113 128
113 157
113 273
114 122
114 143
114 271
115 117
115 134
116 160
116 191
116 287
117 124
117 131
117 140
117 171
117 188
117 257
118 124
118 131
118 156
118 168
118 248
118 254
118 298
118 299
120 137
120 207
120 262
120 283
121 233
121 288
122 131
122 136
122 157
122 212
122 215
122 230
122 249
122 272
123 145
123 148
123 253
123 272
124 133
124 137
124 180
124 181
124 204
124 231
124 248
124 257
124 266
124 270
124 275
125 131
125 287
126 131
126 298
127 130
127 286
127 303
128 130
128 149
128 209
128 244
128 267
129 131
129 134
129 135
129 149
129 155
129 156
129 185
129 205
129 217
129 225
129 242
129 244
129 248
129 286
129 287
129 288
129 292
130 134
130 148
130 173
130 174
130 184
130 192
130 200
130 217
130 227
130 234
130 243
130 264
130 286
130 288
130 304
130 310
130 315
131 138
131 148
131 156
131 168
131 171
131 220
131 243
131 258
131 269
131 289
131 308
131 310
132 169
132 229
132 232
133 136
133 152
133 156
133 161
133 179
133 193
133 194
133 200
133 218
133 233
133 264
133 274
133 292
134 157
134 161
134 171
134 180
134 188
134 213
134 214
134 221
134 239
134 243
134 249
134 261
134 287
134 301
134 304
135 139
135 163
135 164
135 185
135 191
135 205
135 222
135 223
135 232
135 239
135 240
135 301
136 148
136 160
136 184
136 224
136 244
136 265
136 301
137 156
137 180
137 295
138 152
140 150
140 184
140 201
140 267
140 280
141 180
141 286
142 271
143 181
143 191
143 298
144 185
144 260
145 180
145 233
145 249
146 151
147 210
148 157
148 160
148 161
148 177
148 180
148 282
149 209
149 211
149 239
149 250
149 283
149 291
150 151
152 206
152 279
152 280
153 279
154 203
154 244
154 308
154 311
156 188
156 206
156 244
156 249
156 266
156 282
156 283
157 201
157 210
157 271
157 288
158 210
158 215
158 250
158 257
158 299
159 182
159 191
159 204
159 258
159 272
160 200
160 241
160 294
161 199
161 312
162 280
163 234
164 224
164 249
167 200
167 216
167 272
167 284
167 303
168 270
171 180
172 271
172 292
173 180
173 241
174 193
174 216
174 290
175 215
175 247
176 239
177 210
177 305
178 210
178 276
179 180
179 264
179 275
179 284
180 181
180 213
180 244
180 267
180 286
180 311
181 264
183 200
185 205
185 221
188 195
188 280
188 287
189 294
191 197
191 237
191 263
191 269
192 210
192 275
193 219
193 260
193 288
194 214
194 258
195 200
195 234
195 288
196 242
196 249
197 290
198 204
199 287
200 229
200 232
200 242
200 260
200 292
200 305
201 279
202 206
204 233
204 279
204 299
205 206
205 221
205 224
205 275
207 304
209 237
210 213
210 220
210 239
210 304
211 220
211 265
211 304
212 241
212 249
214 233
214 304
215 249
215 263
215 281
218 239
218 251
218 269
218 286
220 244
220 253
220 272
220 273
220 287
221 298
222 286
223 281
224 252
225 244
225 287
226 296
227 278
230 256
230 258
231 264
231 270
231 273
231 304
232 276
233 243
233 246
233 277
233 286
234 237
234 301
236 278
238 242
238 305
239 286
239 301
239 305
240 270
241 305
242 290
242 295
243 313
244 288
245 249
246 285
247 249
249 267
249 268
257 286
260 301
260 313
262 287
263 273
263 283
265 272
265 294
266 276
266 279
269 286
271 287
271 311
272 312
275 282
276 285
278 308
279 286
281 298
284 305
285 301
286 295
286 299
288 312
299 304
301 313
