0 88
0 103
0 130
0 182
0 228
0 265
0 268
0 273
0 283
1 32
1 55
1 88
1 97
1 135
1 201
1 284
2 16
2 34
2 41
2 98
2 99
2 117
2 130
2 154
2 188
2 224
2 276
2 286
2 303
3 45
3 258
3 278
3 295
4 266
4 281
5 20
5 74
5 79
5 85
5 101
5 106
5 131
5 289
6 56
6 95
6 131
6 135
6 143
6 206
6 284
7 28
7 30
7 34
7 40
7 75
7 102
7 103
7 122
7 136
7 173
7 175
7 188
7 263
7 266
8 12
8 16
8 19
8 40
8 47
8 67
8 71
8 84
8 89
8 118
8 136
8 138
8 224
8 259
9 13
9 14
9 16
9 43
9 75
9 79
9 85
9 110
9 129
9 156
9 184
9 232
9 235
9 281
9 284
10 60
10 130
10 149
10 157
10 273
11 48
11 144
12 32
12 129
12 131
12 154
12 182
12 208
12 219
12 255
13 14
13 30
13 46
13 51
13 86
13 231
14 17
14 33
14 46
14 111
14 122
14 130
14 215
14 286
14 303
15 50
15 59
15 109
15 110
15 130
15 131
15 133
15 159
15 187
15 201
15 231
15 249
15 295
16 29
16 79
16 81
16 99
16 128
16 132
16 144
16 149
16 157
16 161
16 177
16 209
16 218
16 230
16 239
16 267
16 285
16 288
17 94
17 98
17 222
17 233
17 271
17 308
18 108
18 134
18 136
18 144
18 176
18 206
18 234
18 243
18 266
18 283
18 289
19 37
19 156
20 50
20 98
20 136
20 169
20 217
20 292
20 304
21 50
21 135
21 201
21 279
22 131
22 206
23 70
23 129
24 44
24 164
24 231
24 263
25 49
25 50
25 55
25 108
25 118
25 131
25 132
25 152
25 234
25 251
25 268
26 130
27 79
27 131
27 133
27 191
27 206
27 252
28 49
28 62
28 107
28 130
28 142
28 191
28 213
28 224
28 239
28 265
29 33
29 45
29 49
29 120
29 174
29 181
29 212
30 80
30 113
30 208
30 239
31 32
31 45
31 128
31 133
31 147
31 149
31 205
31 208
31 300
32 59
32 60
32 67
32 87
32 101
32 103
32 104
32 129
32 130
32 132
32 134
32 140
32 149
32 159
32 162
32 212
32 217
33 65
33 121
33 129
33 206
33 229
33 245
33 255
34 68
34 77
34 188
34 209
34 259
35 50
35 61
35 89
35 134
35 158
35 299
36 129
36 238
36 249
36 264
37 41
37 48
37 65
37 98
37 131
37 145
37 284
37 297
38 97
38 209
38 311
39 46
39 102
39 267
40 43
40 69
40 80
40 85
40 89
40 117
40 127
40 129
40 140
40 149
40 159
40 188
40 286
40 313
41 56
41 80
41 86
41 100
41 107
41 158
41 203
41 220
41 223
41 249
42 47
42 130
42 134
42 167
42 266
42 287
43 46
43 80
43 96
43 130
43 152
43 206
43 215
43 220
43 249
43 284
43 286
44 49
44 128
44 133
44 151
44 163
45 51
45 83
45 98
45 129
45 133
45 187
45 267
46 50
46 56
46 80
46 114
46 129
46 130
46 141
46 150
46 152
46 173
46 201
46 213
46 229
46 287
47 109
47 129
47 130
47 200
47 223
47 249
47 306
48 64
48 75
48 117
48 129
48 266
49 103
49 148
49 162
49 245
49 264
49 302
50 162
50 200
50 209
50 227
50 245
50 272
51 101
51 103
51 110
51 156
51 157
51 160
51 193
53 67
53 244
54 67
54 87
54 152
54 214
54 217
55 117
55 144
55 233
56 63
56 74
56 79
56 80
56 150
56 173
56 239
56 271
57 124
57 270
58 189
58 193
58 269
59 62
59 80
59 137
59 187
59 191
59 208
59 211
59 249
59 283
59 285
59 304
60 118
60 124
60 128
60 129
60 138
61 78
61 132
61 152
61 160
61 185
61 209
61 311
62 124
62 129
62 130
62 185
62 270
63 111
63 113
63 135
63 138
63 239
63 242
63 288
63 294
64 75
64 182
64 216
64 228
64 284
64 286
65 277
66 197
66 267
66 272
67 92
67 118
67 162
67 200
67 242
67 245
68 78
68 97
68 111
68 126
68 133
68 224
68 303
69 104
69 105
71 131
72 79
72 275
72 285
72 292
73 110
73 118
73 121
73 154
73 160
73 249
73 278
74 97
74 118
74 124
74 135
74 157
74 167
74 195
75 110
75 129
75 133
75 136
75 167
75 175
75 176
75 185
75 197
75 199
75 210
75 258
75 261
75 265
75 276
75 291
76 145
76 160
76 193
76 269
76 304
77 81
77 101
77 156
77 258
78 156
78 279
79 205
79 217
80 86
80 91
80 103
80 134
80 195
80 205
80 217
81 129
81 280
82 148
82 159
82 240
82 247
83 118
83 133
83 224
83 250
84 121
85 241
85 252
85 269
86 152
86 241
86 278
86 292
87 129
87 130
87 131
87 134
87 193
87 210
87 260
87 276
87 310
88 130
88 133
88 160
88 287
88 304
89 114
89 136
89 148
89 174
89 180
89 298
90 105
90 110
90 117
90 129
90 133
90 141
90 219
90 287
92 101
92 102
92 106
92 206
92 214
92 278
92 298
93 134
93 174
93 252
93 275
94 97
94 167
94 205
94 213
94 215
94 218
94 220
94 245
94 299
94 309
96 106
97 103
97 154
97 179
97 219
98 118
98 124
98 134
98 135
98 140
98 147
98 210
98 222
98 240
98 242
99 119
99 202
99 247
99 249
99 287
100 239
100 297
101 136
101 160
102 129
102 149
102 176
102 180
102 200
102 258
102 286
103 167
103 184
103 246
103 248
103 275
103 294
103 310
103 312
104 131
104 249
104 259
104 287
105 108
105 117
105 127
105 134
105 148
105 219
105 252
105 261
105 286
106 134
106 135
106 136
106 159
106 161
106 180
106 257
106 302
107 117
108 130
108 145
108 200
108 244
108 272
109 154
110 133
110 137
110 140
110 148
110 150
110 173
110 200
110 209
110 237
110 257
110 264
110 270
110 273
110 278
110 283
111 208
112 303
113 238
114 167
114 279
115 265
116 195
116 210
116 282
117 142
117 180
117 197
117 204
117 304
118 132
118 133
118 148
118 152
118 214
118 220
118 232
118 263
118 280
118 311
119 241
119 303
119 305
120 134
120 188
121 189
121 241
121 304
122 129
122 130
122 136
122 156
122 265
122 287
122 294
122 311
124 136
124 142
124 147
124 296
124 313
126 133
126 192
127 134
127 147
128 255
128 263
128 271
129 131
129 133
129 135
129 142
129 155
129 180
129 229
129 266
129 268
129 277
129 284
129 286
129 302
129 309
129 313
130 131
130 143
130 155
130 157
130 177
130 179
130 193
130 206
130 210
130 237
130 252
130 258
130 261
130 272
130 287
130 313
131 148
131 156
131 230
131 238
131 248
131 255
131 273
131 285
131 286
131 301
132 179
132 310
133 134
133 136
133 144
133 157
133 158
133 160
133 196
133 200
133 211
133 221
133 241
133 261
133 283
133 284
133 285
133 287
134 135
134 137
134 176
134 180
134 185
134 188
134 195
134 200
134 211
134 224
134 241
134 285
134 309
135 149
135 154
135 156
135 158
135 160
135 173
135 179
135 180
135 191
135 223
135 270
135 287
135 290
135 314
135 315
136 141
136 156
136 160
136 183
136 192
136 210
136 211
136 217
136 261
136 268
136 298
136 311
137 191
137 220
138 152
138 156
138 172
138 269
139 148
139 167
139 180
140 157
140 167
140 169
140 173
140 181
140 188
140 222
140 231
142 148
142 230
142 233
142 273
142 280
143 232
144 313
145 209
146 249
147 156
147 249
148 156
148 165
148 188
148 208
148 231
148 243
148 269
148 283
148 306
149 172
149 179
149 193
149 211
149 242
149 261
151 200
151 281
152 205
152 211
152 224
152 275
153 279
154 180
154 219
154 224
156 157
156 172
156 210
156 249
156 251
156 271
156 281
156 287
156 301
156 302
157 191
157 193
157 202
157 213
157 216
157 252
157 255
157 269
157 278
158 178
158 181
158 235
158 311
159 169
159 217
159 239
159 258
159 280
159 296
160 175
160 229
161 217
161 218
161 245
161 287
161 288
161 309
162 195
162 239
162 247
163 165
165 204
165 286
167 186
167 216
167 228
167 234
167 239
167 245
167 272
167 279
167 291
167 298
168 286
171 264
172 200
172 202
172 250
172 310
173 249
175 288
176 304
178 287
179 184
179 206
179 214
179 249
179 287
179 292
179 304
180 226
180 258
180 304
181 187
181 188
182 242
184 206
185 300
186 242
188 238
188 288
191 195
193 238
193 249
193 260
193 277
193 312
195 206
195 250
195 258
195 272
196 205
199 314
200 219
200 232
200 287
200 304
201 249
202 238
204 242
204 248
204 298
205 208
205 212
205 268
206 211
206 220
206 244
206 298
207 298
210 220
210 237
210 245
210 258
210 293
211 276
211 314
212 264
212 295
213 285
213 286
213 306
214 276
215 234
216 286
216 303
217 285
218 289
219 258
219 298
220 251
220 274
222 287
222 309
223 264
223 305
224 255
226 293
228 273
229 241
231 244
231 247
232 280
233 238
233 267
233 273
235 299
237 269
237 277
238 244
238 252
238 254
238 268
239 244
239 250
240 242
240 264
241 273
241 287
241 288
242 288
243 275
244 287
245 249
245 268
245 311
248 249
249 258
249 287
249 297
250 281
250 302
252 267
254 292
255 297
258 288
258 301
260 302
263 276
266 273
268 315
269 288
271 283
276 288
278 305
284 286
284 310
285 290
286 287
286 288
293 312
293 314
294 303
294 314
305 315
