0 9
0 37
0 66
0 157
0 184
0 205
0 305
1 110
1 136
1 148
1 155
1 162
1 233
1 272
1 283
2 11
2 56
2 129
2 133
2 134
2 201
2 206
2 210
2 239
2 250
3 6
3 129
3 156
3 165
3 206
4 16
4 44
4 88
4 90
4 103
4 108
4 131
4 206
5 50
5 60
5 133
5 181
5 216
5 217
5 230
5 237
5 272
6 48
6 130
6 149
6 200
6 249
7 16
7 42
7 45
7 60
7 67
7 77
7 81
7 82
7 105
7 107
7 134
7 144
7 145
7 152
7 174
7 249
7 287
8 11
8 21
8 46
8 79
8 85
8 108
8 113
8 128
8 130
8 156
8 210
8 232
8 242
8 271
8 286
9 95
9 103
9 188
9 220
9 276
9 281
9 293
10 32
10 200
10 258
11 88
11 93
11 124
11 129
11 268
11 273
12 14
12 43
12 50
12 156
12 159
12 160
12 218
12 231
12 239
13 79
13 96
13 131
13 156
13 192
13 231
13 277
13 312
14 110
14 136
14 137
14 176
14 180
14 293
15 41
15 87
15 105
15 134
15 145
15 209
15 232
16 25
16 46
16 65
16 68
16 92
16 134
16 161
16 166
16 200
16 206
16 230
16 239
17 47
17 103
17 159
17 167
17 213
18 146
18 207
18 221
18 224
18 287
19 124
19 129
19 141
19 271
20 50
20 53
20 118
20 133
20 191
20 205
20 278
20 286
20 296
21 33
21 60
21 130
23 147
23 217
23 232
24 62
24 63
24 66
24 94
24 146
24 157
24 219
24 273
24 293
25 33
25 47
25 107
25 123
25 154
25 200
25 266
26 133
27 28
27 83
27 107
27 133
27 180
28 36
28 83
28 193
28 231
28 287
29 46
29 134
29 150
30 141
30 161
30 309
30 310
31 32
31 44
31 72
31 80
31 82
31 92
31 117
31 131
31 133
31 135
31 143
31 151
31 181
31 198
31 200
31 261
31 283
31 303
31 304
32 50
32 98
32 124
32 130
32 157
32 167
32 176
32 191
32 197
32 240
32 252
33 47
33 62
33 98
33 102
33 192
33 204
33 230
33 244
33 288
33 295
34 89
34 101
34 105
34 156
35 36
35 42
35 99
35 134
35 136
35 140
35 160
35 178
35 216
35 244
35 254
35 297
35 315
36 152
36 195
36 280
37 90
37 167
37 273
37 287
37 315
38 59
38 67
38 128
38 154
38 157
38 175
38 176
38 222
39 63
39 74
39 96
39 109
39 129
39 146
39 153
39 205
39 305
40 71
40 100
40 142
40 143
40 165
40 268
40 276
41 46
41 88
41 124
41 129
41 131
41 145
41 195
41 232
42 81
42 106
42 131
42 136
42 160
42 208
42 269
43 79
43 145
43 156
43 160
43 205
43 297
44 74
44 138
44 244
44 270
45 108
45 134
45 147
45 166
45 178
45 250
46 74
46 110
46 121
46 127
46 131
46 134
46 135
46 150
46 237
46 269
46 272
46 309
47 101
47 154
47 167
47 216
47 218
47 268
47 286
48 122
48 296
49 74
49 172
49 265
49 288
50 72
50 79
50 117
50 128
50 167
50 172
50 215
50 231
50 286
50 288
51 104
51 129
51 135
51 136
51 299
52 99
52 185
53 56
53 232
54 155
55 105
55 192
55 287
56 101
56 129
56 134
56 173
56 286
57 233
58 203
58 287
59 111
59 116
59 148
59 152
59 156
59 157
59 239
59 249
59 255
59 264
59 270
59 303
60 103
60 130
60 161
60 181
60 213
61 67
62 64
62 97
62 158
62 159
63 191
63 286
63 311
64 98
64 130
64 134
64 156
64 206
64 214
64 233
64 299
65 78
65 99
65 205
66 97
66 135
66 200
66 224
66 249
66 258
67 109
67 128
67 130
67 138
67 153
67 184
67 210
67 215
68 118
68 130
68 133
68 149
68 160
68 182
68 223
68 246
68 250
68 269
68 301
68 303
69 80
69 87
69 224
70 140
70 288
71 142
71 193
71 234
72 267
73 115
73 188
73 222
74 98
74 133
74 135
74 136
74 181
74 190
74 197
74 205
74 214
74 231
74 232
74 278
74 287
74 315
75 80
75 97
75 122
75 124
75 140
75 200
75 219
75 254
76 135
76 149
76 220
77 87
77 121
77 181
77 200
77 216
77 219
78 103
78 174
78 206
79 105
79 159
79 195
79 272
79 298
80 140
80 143
80 203
80 236
80 237
80 258
81 118
81 136
81 181
81 259
81 261
82 292
83 98
83 107
83 110
83 136
83 138
83 167
84 130
84 135
85 134
85 188
85 219
85 262
85 291
86 130
86 188
86 249
86 288
87 97
87 130
87 136
87 287
89 145
89 205
89 206
89 308
90 100
90 124
90 135
91 134
91 226
91 283
92 131
92 133
92 239
92 260
93 125
93 218
94 100
94 110
94 166
94 200
94 242
94 287
94 294
95 104
95 105
95 219
96 97
96 132
96 144
96 160
96 169
96 185
96 202
96 211
96 265
96 282
96 311
97 103
97 127
97 211
97 224
97 247
98 106
98 156
98 217
99 135
99 239
99 242
99 287
100 126
100 156
100 241
101 111
101 127
101 130
101 134
101 136
101 180
101 254
102 154
102 188
102 222
102 224
102 239
102 268
102 288
103 133
103 136
103 154
103 171
103 198
103 239
103 249
103 251
103 285
103 308
104 116
104 152
104 193
104 205
104 215
104 242
104 248
104 303
105 114
105 142
105 231
105 287
105 295
106 107
106 115
106 197
106 233
106 286
106 299
106 305
107 148
107 288
107 301
108 180
108 199
108 285
109 193
109 197
109 305
110 129
110 208
110 235
110 296
110 303
111 115
111 138
111 178
111 286
112 117
112 203
112 204
112 219
113 119
113 156
113 249
113 258
113 298
114 226
114 248
115 200
115 224
115 269
116 129
116 197
117 124
117 131
117 138
117 149
117 218
117 239
117 264
117 287
118 130
118 133
118 134
118 136
118 205
118 213
118 298
119 164
119 200
119 276
120 145
120 236
121 122
121 130
121 131
121 138
121 154
121 218
121 231
122 150
122 152
122 305
123 135
123 160
123 255
123 287
124 148
124 159
124 162
124 180
124 216
124 223
124 282
124 283
125 143
125 284
126 132
126 276
128 181
128 200
128 249
129 131
129 164
129 192
129 200
129 201
129 244
129 293
129 314
130 133
130 134
130 149
130 159
130 163
130 164
130 239
130 255
130 268
130 286
131 138
131 140
131 149
131 166
131 167
131 182
131 183
131 188
131 197
131 215
131 224
131 244
131 252
131 270
131 272
131 285
131 297
131 298
132 139
132 197
132 215
132 261
133 134
133 154
133 157
133 160
133 164
133 167
133 188
133 193
133 216
133 222
133 239
133 242
133 249
133 275
133 279
133 280
133 292
133 302
133 309
134 150
134 152
134 156
134 157
134 160
134 162
134 167
134 173
134 174
134 181
134 193
134 217
134 222
134 251
134 286
134 287
134 288
134 293
134 295
134 298
134 309
135 136
135 146
135 157
135 162
135 177
135 182
135 209
135 239
135 247
135 259
135 260
135 264
135 272
136 175
136 177
136 180
136 188
136 191
136 195
136 224
136 242
136 257
136 278
136 284
136 309
137 208
137 315
138 159
138 169
138 171
138 177
138 241
138 278
138 293
138 309
139 192
139 271
140 167
140 198
140 285
140 288
141 142
141 208
142 176
142 211
142 267
142 269
143 209
143 212
143 255
144 173
144 306
145 200
145 231
145 298
147 233
147 286
148 151
148 152
148 153
148 157
148 185
148 211
148 213
148 215
148 231
148 258
149 159
149 162
149 181
149 220
149 233
149 255
149 288
150 185
152 208
152 267
154 180
156 157
156 160
156 166
156 182
156 234
156 276
156 287
157 238
157 240
157 244
157 305
158 263
159 191
159 201
160 185
160 200
160 206
160 209
160 225
160 272
160 303
161 239
161 267
162 174
162 210
162 220
162 239
162 287
164 249
164 251
165 193
167 200
167 224
167 246
167 259
167 291
167 304
169 203
169 295
171 288
172 261
172 278
173 303
174 205
175 224
175 252
177 218
178 231
178 243
179 181
179 209
179 214
179 220
179 235
179 244
179 253
179 267
179 275
179 314
180 189
180 219
180 224
180 276
180 280
180 286
181 208
182 229
184 193
184 269
185 249
185 258
187 189
187 287
188 196
188 210
188 252
188 278
188 292
191 264
191 274
192 215
192 276
193 210
193 219
193 224
193 239
193 247
193 310
193 311
193 315
194 214
195 274
196 205
196 241
196 249
198 297
200 239
200 242
200 249
200 263
200 287
200 304
201 214
203 220
203 262
204 244
205 231
206 220
206 232
206 275
206 280
206 301
206 313
207 285
209 238
209 288
210 232
210 252
210 288
211 249
211 305
214 240
214 268
215 227
215 255
215 297
215 304
215 308
215 313
218 222
218 229
218 278
218 309
220 224
220 242
220 250
221 239
221 286
223 224
223 245
224 232
225 287
226 260
227 285
229 249
229 285
231 262
231 277
231 303
234 269
235 238
236 258
236 285
239 242
239 245
239 252
239 279
240 275
240 305
241 260
241 299
242 276
243 305
244 288
245 279
245 293
246 272
248 252
248 279
249 259
252 261
252 291
254 258
255 294
257 265
257 279
257 304
258 284
260 291
268 275
268 298
270 298
275 288
277 278
278 285
283 298
284 298
286 292
287 305
288 295
292 307
296 307
303 314
