0 13
0 55
1 6
1 33
1 87
1 105
1 132
1 135
1 153
1 157
1 296
2 42
2 48
2 55
2 59
2 70
2 79
2 117
2 156
2 161
2 198
2 215
2 232
2 239
2 245
2 280
2 282
2 291
3 4
3 132
3 182
3 210
3 213
3 231
4 76
4 130
4 149
4 286
5 135
5 239
6 65
6 121
6 128
6 279
6 298
7 34
7 40
7 46
7 51
7 52
7 63
7 79
7 80
7 86
7 129
7 132
7 133
7 160
7 185
7 218
7 220
7 278
7 287
7 308
7 314
8 24
8 29
8 35
8 38
8 54
8 106
8 115
8 124
8 178
8 201
8 258
8 268
8 275
8 287
9 29
9 32
9 40
9 46
9 51
9 124
9 188
9 239
9 261
9 263
9 275
9 280
9 307
10 29
10 220
11 22
11 87
11 144
11 221
12 14
12 35
12 46
12 67
12 107
12 121
12 152
12 223
12 230
12 249
13 31
13 103
13 134
13 144
13 243
14 18
14 21
14 53
14 66
14 67
14 74
14 82
14 142
14 200
14 211
14 218
15 31
15 77
15 122
15 134
15 194
15 196
15 214
16 25
16 30
16 59
16 60
16 74
16 76
16 86
16 110
16 124
16 131
16 132
16 133
16 184
16 219
16 270
16 277
16 288
17 163
17 233
18 88
18 104
18 105
18 117
18 118
18 129
18 190
18 220
18 224
18 249
19 135
19 165
19 168
20 59
20 72
20 133
20 156
20 159
20 161
20 171
20 188
20 217
20 219
20 230
20 268
20 270
20 292
21 32
21 41
21 180
22 213
22 248
23 70
23 111
23 129
23 131
23 132
23 270
24 29
24 78
24 87
24 105
24 115
24 122
24 129
24 228
25 64
25 80
25 83
25 117
25 131
25 134
25 212
25 264
25 288
25 294
26 81
27 98
27 129
28 89
28 167
28 214
28 224
29 59
29 140
29 269
29 279
30 49
30 59
30 70
30 283
30 288
31 76
31 77
31 81
31 86
31 103
31 130
31 204
31 208
31 210
31 217
31 233
31 271
31 286
31 291
32 103
32 108
32 129
32 131
32 133
32 148
32 164
32 207
32 210
32 264
32 272
32 276
32 294
32 305
32 309
33 68
33 74
33 85
33 107
33 109
33 117
33 122
33 131
33 136
33 156
33 200
33 238
33 276
33 287
34 50
34 81
34 91
34 135
34 147
34 156
34 200
34 208
34 210
34 304
35 98
35 108
35 130
35 157
35 242
35 281
36 46
36 104
36 131
36 136
36 149
36 172
36 173
36 220
36 224
36 239
36 249
37 86
37 117
37 210
37 285
38 55
38 89
38 106
38 177
38 247
38 272
39 50
39 103
39 181
39 218
40 72
40 79
40 130
40 142
40 254
40 295
41 47
41 59
41 131
41 146
41 286
41 292
42 80
42 201
42 262
42 281
43 52
43 104
43 152
43 191
43 223
43 249
43 251
44 103
44 134
44 139
44 140
45 81
45 92
45 135
45 175
45 206
45 219
45 245
45 311
46 76
46 104
46 133
46 148
46 185
46 224
46 251
46 260
46 287
46 313
47 120
47 229
48 60
48 65
48 95
48 100
48 146
48 174
48 233
48 278
49 66
49 102
49 110
49 130
49 132
49 160
49 161
49 207
49 239
50 51
50 162
50 188
50 205
50 255
50 298
50 311
51 64
51 87
51 89
51 105
51 130
51 140
51 200
51 210
51 272
51 286
52 92
52 136
53 88
53 118
54 69
54 156
54 206
54 215
55 68
55 70
55 287
56 61
56 80
56 108
56 117
56 121
56 134
56 213
56 294
57 59
57 103
57 238
57 290
59 72
59 79
59 81
59 103
59 122
59 134
59 135
59 143
59 200
59 227
59 305
60 97
60 136
60 143
60 159
60 291
60 304
61 203
61 275
62 87
62 150
62 192
62 205
62 250
62 265
62 288
62 295
62 314
63 131
63 135
64 129
64 133
64 134
64 136
64 152
64 176
64 239
64 242
66 81
66 107
66 219
67 124
67 223
67 232
67 234
67 238
67 247
68 87
68 113
68 117
68 131
68 135
68 142
68 195
68 201
68 242
68 284
68 305
68 313
69 108
69 242
70 134
70 148
70 160
70 166
70 173
71 131
71 156
71 243
72 120
72 127
72 173
72 252
73 79
73 180
73 239
73 241
73 254
73 278
73 303
74 75
74 79
74 132
74 133
74 156
74 180
74 193
74 200
74 215
74 239
74 263
74 269
74 297
75 79
75 89
75 124
75 164
75 171
75 172
75 180
75 191
75 206
75 293
76 129
76 140
76 161
76 305
77 107
77 136
77 213
77 272
78 103
78 131
78 172
78 202
78 261
78 286
78 287
79 81
79 129
79 209
79 212
80 102
80 107
80 134
80 188
80 200
80 231
80 249
81 147
81 286
82 168
83 175
83 233
83 266
84 136
84 227
85 97
85 203
85 277
86 124
86 291
87 121
87 124
87 156
87 223
87 226
87 231
87 234
87 242
87 298
88 136
88 161
88 168
88 220
89 115
89 118
89 131
89 152
89 264
89 290
90 107
90 117
91 194
92 109
92 131
92 133
92 135
92 179
92 234
93 144
93 193
94 96
94 118
94 128
94 200
94 308
95 105
95 160
95 180
96 187
96 239
96 258
96 278
96 301
97 277
98 103
98 105
98 164
98 184
98 187
98 219
98 241
98 286
99 103
99 131
99 172
99 231
99 265
100 291
101 123
101 130
101 131
101 133
101 157
101 193
101 197
102 126
102 135
102 156
102 241
102 256
102 265
102 272
103 106
103 124
103 129
103 131
103 135
103 137
103 201
103 240
103 256
103 286
103 298
103 304
103 305
104 141
104 227
104 251
104 252
105 131
105 198
105 228
105 270
106 129
106 250
106 274
107 114
107 220
107 283
108 153
108 185
108 221
108 241
109 124
109 154
109 294
110 123
110 148
110 154
110 220
110 238
110 245
111 192
111 205
111 288
112 150
112 261
113 133
114 152
114 221
115 131
115 164
115 244
116 172
116 195
116 231
116 287
117 130
117 131
117 167
118 129
118 133
118 152
118 167
118 239
118 242
118 257
118 272
118 274
118 310
119 133
119 239
119 249
120 130
121 143
121 146
121 236
122 124
122 156
122 269
122 296
123 148
123 151
123 154
123 302
123 315
124 143
124 169
124 231
124 259
125 130
126 269
126 288
127 129
127 149
127 286
128 157
128 218
128 245
128 249
128 258
128 264
128 304
129 131
129 133
129 152
129 158
129 161
129 179
129 188
129 189
129 197
129 206
129 208
129 220
129 227
129 230
129 237
129 254
129 284
130 131
130 135
130 138
130 156
130 166
130 167
130 174
130 194
130 197
130 198
130 201
130 205
130 210
130 233
130 245
130 255
130 268
130 272
130 283
130 296
130 307
131 134
131 135
131 138
131 167
131 182
131 200
131 214
131 220
131 291
131 303
132 144
132 172
132 293
133 134
133 158
133 159
133 171
133 178
133 197
133 200
133 206
133 239
133 244
133 284
133 310
134 136
134 156
134 162
134 179
134 200
134 206
134 215
134 219
134 235
134 241
134 279
134 287
134 313
135 137
135 160
135 164
135 206
135 216
135 239
135 271
136 137
136 148
136 149
136 159
136 169
136 182
136 205
136 214
136 249
136 272
136 275
136 286
136 304
137 140
137 207
138 160
138 165
138 180
138 194
138 242
139 217
139 293
140 242
140 244
140 270
140 290
142 229
142 293
143 173
143 180
143 239
145 173
145 188
145 261
146 242
146 288
147 162
147 200
148 268
148 292
149 161
149 163
149 192
149 204
149 264
150 188
151 246
152 159
152 164
152 210
152 238
152 267
152 305
152 313
153 180
153 247
154 200
154 252
154 308
155 193
156 173
156 197
156 218
156 232
156 240
156 276
156 279
156 287
156 288
156 303
156 306
157 192
157 193
157 200
157 259
157 284
158 206
159 171
159 200
159 207
159 216
159 241
159 286
160 188
160 196
160 216
160 220
160 249
160 252
160 278
160 298
161 219
161 264
162 172
162 175
162 196
162 222
164 280
164 286
165 300
166 287
167 206
167 210
167 242
167 244
169 293
170 184
171 216
172 181
172 215
172 223
172 302
173 239
173 286
174 263
174 273
174 276
175 222
175 245
175 287
177 191
177 231
177 286
177 287
177 299
177 309
179 242
179 287
180 185
180 214
180 215
180 225
180 236
180 255
180 276
180 291
181 249
181 252
182 219
182 249
182 252
182 286
182 307
183 190
183 288
184 200
184 239
184 252
185 217
187 232
187 248
187 258
188 196
188 228
188 239
188 249
188 264
188 279
188 287
191 193
191 258
192 249
192 293
193 220
193 224
193 255
193 269
194 285
194 296
195 272
196 287
197 224
197 267
197 272
197 285
199 215
200 216
200 232
200 273
200 287
200 293
200 305
201 212
201 218
201 231
201 245
201 263
201 279
202 210
202 260
202 261
204 285
204 296
205 219
205 220
205 248
205 249
205 287
206 232
206 243
206 261
206 292
207 232
208 224
208 232
208 288
208 309
209 220
209 283
209 314
210 241
210 315
211 311
212 309
213 215
214 242
214 275
214 287
215 222
215 230
216 278
217 239
217 249
217 252
217 269
217 286
217 288
218 259
218 272
219 249
219 250
219 285
220 250
220 296
221 251
221 279
223 248
223 294
225 313
229 273
230 285
231 238
231 249
231 260
231 266
232 243
232 248
237 238
237 257
237 303
238 247
238 248
238 288
239 258
239 307
245 277
247 249
247 286
249 255
249 268
249 303
250 311
257 287
260 261
261 279
261 285
261 296
262 305
264 287
266 280
268 286
268 303
269 308
272 275
276 303
286 294
286 309
287 314
288 293
292 304
293 295
293 304
298 299
303 309
