0 7
0 15
0 16
0 287
1 67
1 73
1 86
1 104
1 120
1 258
2 16
2 34
2 47
2 59
2 61
2 74
2 185
2 200
2 246
2 287
2 296
3 20
3 32
3 67
3 148
3 161
3 305
4 73
4 95
4 132
4 136
4 286
5 42
5 117
5 129
5 210
5 304
6 27
6 55
6 103
6 213
7 17
7 33
7 35
7 131
7 135
7 167
7 208
7 224
7 230
7 234
7 253
7 262
7 275
7 289
8 13
8 45
8 81
8 99
8 133
8 215
8 223
8 247
8 285
8 288
9 15
9 92
9 118
9 128
9 135
9 139
9 174
9 213
9 281
10 129
10 148
11 51
11 90
11 94
11 157
12 45
12 109
12 130
12 134
12 137
12 142
12 148
12 156
12 158
12 168
12 244
12 247
12 256
12 278
12 296
13 68
13 134
13 152
13 158
13 162
13 167
13 187
13 200
13 224
13 285
13 286
14 119
14 122
14 130
14 148
14 173
14 208
14 277
14 287
15 49
15 202
15 255
15 311
16 18
16 55
16 68
16 83
16 87
16 102
16 113
16 118
16 134
16 138
16 150
16 152
16 157
16 174
16 185
16 192
16 208
16 220
16 304
17 36
17 37
17 131
17 160
17 302
18 71
18 99
18 101
18 130
18 148
18 152
18 177
18 210
18 242
18 261
18 271
18 312
20 28
20 68
20 150
20 167
20 239
20 311
21 67
21 72
21 106
21 112
22 92
22 167
22 242
23 130
23 219
24 25
24 107
24 131
24 210
24 246
24 277
24 304
25 51
25 73
25 129
25 133
25 140
25 143
25 152
25 298
25 310
26 64
27 33
27 79
27 102
27 184
27 223
27 241
27 266
27 285
27 315
28 62
28 72
28 102
28 137
28 146
28 219
28 275
29 62
29 74
29 101
29 109
29 152
29 157
29 205
29 215
29 239
29 245
30 32
30 33
30 45
30 59
30 65
30 67
30 103
30 185
30 193
30 264
30 302
30 307
31 32
31 54
31 62
31 67
31 72
31 77
31 148
31 160
31 167
31 177
31 205
31 208
31 213
31 231
31 256
31 274
31 276
32 35
32 56
32 62
32 67
32 68
32 76
32 108
32 121
32 126
32 131
32 151
32 164
32 171
32 206
32 210
32 245
32 285
32 288
32 305
33 48
33 89
33 98
33 100
33 103
33 130
33 135
33 137
33 157
33 185
33 188
33 216
33 257
33 276
33 297
34 106
34 161
34 285
34 315
35 94
35 128
35 133
35 135
35 255
36 131
37 46
37 58
37 68
37 79
37 200
37 224
38 131
38 238
38 258
38 297
39 42
39 115
39 129
39 184
39 211
39 249
40 79
40 103
40 130
40 133
40 134
40 158
40 160
40 166
40 212
40 213
40 224
40 305
41 84
41 89
41 117
41 172
41 296
42 54
42 87
42 96
42 286
42 296
43 50
43 97
43 129
43 130
43 131
43 264
43 288
44 80
44 210
44 255
45 70
45 73
45 86
45 98
45 129
45 138
45 156
45 201
45 206
45 242
45 249
45 267
45 295
45 305
45 309
46 149
46 188
46 215
46 286
46 288
46 305
47 67
47 117
47 148
47 167
47 188
47 232
47 268
47 279
47 313
48 55
48 81
48 118
48 145
48 151
48 199
49 128
49 171
49 267
49 312
50 91
50 92
50 111
50 205
50 209
50 212
50 286
51 73
51 75
51 97
51 101
51 150
51 188
51 200
51 245
51 271
51 279
51 309
52 124
52 200
52 252
53 133
54 78
54 98
54 124
54 130
54 148
54 229
54 274
54 307
55 128
55 157
55 179
55 210
55 238
56 135
56 142
56 157
56 217
56 220
56 278
56 286
56 292
57 188
58 61
58 135
58 150
58 158
59 60
59 131
59 161
59 174
59 177
59 190
59 198
59 205
59 235
59 276
59 279
60 62
60 69
60 92
60 103
60 129
60 175
60 210
60 220
61 117
61 173
61 240
62 66
62 129
62 179
62 180
62 192
62 195
62 215
62 234
62 279
62 299
63 64
63 299
64 85
64 133
64 174
64 177
64 196
64 215
65 166
65 212
65 219
65 313
66 188
66 220
66 272
67 72
67 185
67 191
67 199
67 200
67 286
67 288
68 156
68 160
68 200
69 169
69 208
69 293
70 177
70 228
70 255
71 273
72 124
72 156
72 159
72 280
73 79
73 89
73 112
74 102
74 115
74 130
74 134
74 219
74 240
74 278
75 130
75 156
75 157
75 177
75 224
75 242
75 257
75 276
76 122
77 87
77 116
77 304
78 82
78 83
78 134
78 185
78 249
79 80
79 130
79 171
79 178
79 219
79 286
79 293
80 83
80 88
80 92
80 122
80 149
80 166
80 172
80 193
80 224
80 252
81 126
81 134
81 207
81 219
83 121
83 135
83 157
83 230
83 235
83 245
83 309
84 120
84 242
84 293
85 130
85 135
85 173
86 89
86 129
86 131
86 150
86 171
86 215
87 133
87 136
87 218
87 294
88 102
88 211
88 232
88 279
89 110
89 129
89 209
89 283
89 285
89 286
90 133
90 145
90 220
91 232
92 115
92 136
92 156
94 124
94 133
94 135
94 139
94 285
95 99
95 129
95 160
95 261
95 282
95 287
95 300
96 130
96 160
96 192
97 131
97 133
97 154
97 181
97 206
98 110
98 120
98 131
98 157
98 293
99 178
100 108
100 110
100 135
100 304
101 114
101 135
101 193
101 210
101 220
101 261
102 103
102 104
102 111
102 114
102 117
102 166
102 179
102 181
102 193
102 201
102 288
103 104
103 131
103 136
103 152
103 213
103 286
104 110
104 157
104 200
104 239
104 309
105 134
105 162
105 234
106 130
106 131
106 134
106 141
106 215
106 223
106 255
107 109
107 131
107 143
107 287
108 156
108 170
108 203
108 251
108 269
109 122
109 135
109 188
109 243
109 279
110 131
110 149
110 200
110 214
111 304
111 308
112 133
112 232
112 283
113 130
113 214
113 238
113 287
114 129
114 134
114 159
114 160
114 239
114 291
115 180
115 218
115 272
116 192
116 205
116 249
117 121
117 124
117 164
117 193
117 197
117 200
117 242
117 246
117 270
117 285
117 288
117 292
118 140
118 218
118 226
118 239
118 247
118 252
119 131
119 134
119 145
119 275
120 122
120 160
120 252
120 309
121 122
121 124
121 129
121 230
121 238
121 303
122 134
122 158
122 245
122 275
123 167
123 275
124 128
124 129
124 130
124 132
124 156
124 167
124 184
124 203
124 205
124 210
124 263
125 286
126 219
127 130
127 240
128 141
128 142
128 192
128 247
128 288
129 130
129 133
129 134
129 135
129 136
129 148
129 206
129 220
129 223
129 242
129 248
129 272
129 277
129 287
129 296
129 302
129 303
129 305
129 315
130 131
130 133
130 149
130 152
130 161
130 180
130 191
130 194
130 206
130 216
130 217
130 219
130 223
130 231
130 236
130 260
130 275
130 276
130 286
130 294
130 313
131 133
131 153
131 156
131 180
131 216
131 249
131 252
131 268
131 280
131 301
132 133
132 134
133 142
133 149
133 156
133 160
133 164
133 166
133 167
133 168
133 176
133 200
133 212
133 215
133 240
133 244
133 248
133 271
133 285
133 308
134 149
134 152
134 156
134 157
134 168
134 197
134 218
134 223
134 227
134 242
134 263
134 266
134 276
134 287
134 291
135 137
135 145
135 147
135 157
135 172
135 183
135 188
135 206
135 220
135 224
135 238
135 242
135 275
135 287
136 139
136 140
136 148
136 156
136 159
136 173
136 194
136 200
136 206
136 215
136 235
136 243
136 306
138 180
138 188
138 202
138 264
139 148
139 203
139 259
140 154
140 210
140 220
140 246
140 275
140 277
140 286
141 274
142 217
143 151
143 181
143 221
145 219
147 191
147 197
147 200
148 166
148 196
148 209
148 243
148 302
149 249
149 307
150 168
150 210
150 261
150 293
152 162
152 285
152 287
153 215
153 305
154 157
154 172
154 221
154 242
154 258
155 181
155 292
156 160
156 167
156 172
156 185
156 204
156 210
156 213
156 234
156 242
156 252
156 267
156 287
156 297
156 302
157 159
157 260
157 269
157 282
157 285
157 315
158 266
159 199
159 258
159 298
160 180
160 198
160 212
160 223
160 296
160 305
160 313
160 315
161 233
161 286
162 208
162 249
162 278
162 299
164 185
164 268
164 295
165 199
165 217
166 200
167 189
167 205
167 277
168 209
171 197
171 267
173 280
174 224
174 267
175 200
176 246
177 197
179 206
179 293
180 200
180 205
180 278
181 194
181 238
181 288
182 217
182 288
184 266
184 313
188 214
188 215
188 216
188 247
188 250
188 268
189 193
189 205
189 258
190 241
191 209
191 210
192 204
192 289
193 210
194 214
195 258
195 259
195 293
196 210
197 292
198 224
199 271
200 219
200 224
200 311
201 266
201 279
201 286
201 306
204 231
204 285
204 309
205 210
205 239
206 234
206 287
207 260
207 304
208 233
209 220
209 252
209 279
210 223
210 232
214 221
215 226
216 221
216 250
216 278
216 285
216 295
218 228
219 226
219 241
219 258
220 231
220 257
220 296
220 301
223 258
224 264
224 275
224 287
228 286
228 303
229 283
230 239
230 289
231 244
231 311
232 284
232 305
233 304
234 300
234 301
235 272
236 252
236 254
239 244
239 271
239 284
239 305
240 271
241 261
241 288
242 255
242 287
242 304
243 249
243 287
243 292
244 253
244 258
244 284
245 258
245 312
248 271
249 288
249 299
249 309
250 313
251 263
251 284
251 310
252 258
252 270
252 296
252 304
255 285
258 304
258 314
259 273
260 313
264 287
266 288
266 292
268 298
269 274
269 304
272 310
274 303
276 279
278 283
278 301
283 309
285 297
286 292
286 305
287 304
288 291
288 306
298 305
299 304
303 311
304 313
