0 102
0 108
0 124
0 131
1 2
1 41
1 232
1 255
2 8
2 21
2 25
2 32
2 50
2 55
2 59
2 73
2 94
2 111
2 134
2 135
2 188
2 215
2 232
2 246
2 250
2 258
2 269
2 282
2 287
2 288
3 124
3 135
3 162
3 258
3 273
4 12
4 60
4 61
4 105
4 118
4 129
4 149
4 154
4 194
4 211
4 288
4 293
5 100
5 109
5 131
5 136
6 8
6 16
6 114
6 130
6 148
6 156
6 157
6 198
6 273
6 291
7 9
7 34
7 45
7 59
7 74
7 77
7 95
7 131
7 140
7 162
7 188
7 189
7 200
7 211
7 232
7 242
7 301
7 304
8 86
8 129
8 139
8 152
8 167
8 168
8 173
8 195
8 208
8 238
8 240
8 264
9 102
9 120
9 184
9 272
9 283
10 80
10 81
10 90
10 115
10 120
10 220
11 15
11 77
11 80
11 124
11 134
11 141
11 189
11 199
12 24
12 35
12 68
12 130
12 157
12 180
12 188
12 198
12 204
12 208
12 238
13 102
13 142
13 156
13 191
13 197
13 218
13 234
13 238
13 276
14 40
14 67
14 73
14 125
14 150
14 156
14 165
14 167
14 174
14 184
14 197
14 213
14 250
14 252
14 299
14 300
15 19
15 45
15 118
15 157
15 247
16 37
16 38
16 47
16 88
16 96
16 104
16 107
16 118
16 131
16 149
16 173
16 197
16 204
16 215
16 223
16 225
16 256
16 291
16 296
17 60
17 80
17 130
17 131
17 134
17 232
17 288
18 32
18 33
18 74
18 109
18 117
18 179
18 216
19 47
19 68
19 216
19 223
19 272
20 45
20 61
20 135
20 137
20 172
20 222
20 245
20 286
20 287
20 304
21 59
21 129
21 141
21 188
23 156
23 188
23 196
24 103
24 107
24 166
24 242
24 304
25 47
25 59
25 78
25 131
25 180
25 192
25 242
25 271
25 276
25 283
26 157
27 209
27 227
27 264
27 285
28 83
28 117
28 135
28 142
28 219
28 293
28 305
29 44
29 221
29 315
30 31
30 57
30 86
30 106
30 161
30 172
30 192
30 244
30 258
30 279
30 287
31 32
31 50
31 52
31 57
31 102
31 132
31 135
31 173
31 174
31 193
31 242
31 305
32 68
32 83
32 87
32 102
32 129
32 160
32 178
32 179
32 191
32 197
32 281
32 301
33 46
33 64
33 79
33 80
33 102
33 116
33 124
33 129
33 135
33 141
33 160
33 186
33 213
33 224
33 242
33 278
33 307
34 41
34 46
34 58
34 124
34 151
34 179
34 269
35 68
35 155
35 180
35 242
35 255
35 286
36 156
36 180
36 212
37 56
37 82
37 130
37 188
37 231
37 252
37 261
37 281
37 308
38 68
38 135
38 148
38 220
39 64
39 68
39 130
39 152
39 180
39 191
39 205
40 43
40 129
40 142
40 188
40 193
40 288
41 47
41 134
41 136
41 197
41 233
42 121
42 123
42 143
42 179
42 210
42 260
42 284
42 303
43 210
43 268
44 115
44 181
44 255
45 89
45 103
45 117
45 157
45 174
45 195
45 198
45 287
46 52
46 73
46 172
46 173
46 185
46 197
46 241
46 252
46 291
46 305
47 98
47 136
47 179
47 249
48 62
48 80
48 110
48 122
48 133
48 134
48 136
48 223
48 232
48 265
48 291
49 108
49 132
49 134
49 185
49 229
49 276
50 64
50 102
50 108
50 127
50 134
50 196
50 258
51 102
51 131
51 150
51 200
51 237
52 130
52 179
52 195
52 288
53 55
53 140
54 80
54 229
54 244
55 95
55 185
56 59
56 180
56 200
56 209
56 215
56 304
57 58
57 258
58 97
58 134
58 138
59 67
59 68
59 97
59 105
59 123
59 133
59 135
59 206
59 272
59 285
59 287
60 95
60 96
60 129
60 134
60 139
60 177
60 219
62 64
62 113
62 140
62 167
62 218
62 270
62 286
63 65
63 72
63 158
64 65
64 70
64 80
64 106
64 118
64 131
64 135
64 264
65 160
65 250
65 281
66 102
66 134
66 185
66 200
67 87
67 92
67 103
67 133
67 144
67 167
67 173
67 215
67 224
67 234
67 235
67 263
67 289
67 308
68 103
68 109
68 118
68 130
68 184
68 273
68 298
69 124
69 133
69 143
70 74
70 164
70 261
71 161
71 217
72 197
72 201
72 212
73 75
73 94
73 95
73 118
73 130
73 200
73 210
73 230
73 286
73 298
74 128
74 134
74 140
74 146
74 156
74 197
74 205
74 232
75 120
75 219
75 245
76 129
76 131
76 138
76 187
76 202
76 292
77 134
77 251
77 288
78 103
78 105
78 106
79 130
79 138
79 151
79 179
79 223
80 249
81 142
81 167
81 269
83 118
83 133
83 172
83 231
84 143
84 315
85 94
86 193
86 210
87 95
87 135
87 200
87 223
87 274
87 276
87 303
88 96
88 128
88 131
88 197
88 309
89 118
89 132
89 156
89 239
89 285
89 304
90 106
90 224
91 151
92 122
92 148
92 248
92 311
93 100
93 133
94 129
94 161
95 133
95 145
95 204
95 210
95 292
96 103
96 156
96 157
96 176
96 216
97 129
97 131
97 134
97 249
97 250
97 283
97 288
98 118
98 192
98 200
98 203
98 233
98 244
98 248
98 255
98 290
99 131
99 135
99 210
99 243
99 285
100 103
100 294
101 117
101 166
101 222
101 258
102 117
102 124
102 149
102 156
102 157
102 177
102 239
102 275
102 313
103 133
103 152
103 153
103 194
103 210
103 233
103 235
103 255
103 258
103 284
103 287
103 288
103 310
104 131
104 188
104 219
104 275
105 138
105 149
105 313
105 314
106 118
106 124
106 132
106 133
106 156
106 197
106 200
106 213
106 305
106 314
107 118
107 134
107 211
107 217
107 270
108 239
109 112
109 129
109 168
109 203
109 234
109 280
109 304
110 130
110 202
110 219
110 313
111 247
111 274
112 135
112 143
112 157
112 200
112 288
112 305
113 232
113 298
114 131
114 188
114 189
114 269
114 286
115 129
115 198
115 206
115 280
115 299
116 145
116 156
116 184
116 197
116 279
117 130
117 150
117 193
117 200
118 121
118 128
118 129
118 135
118 136
118 171
118 175
118 197
118 238
118 261
118 270
119 124
119 184
120 160
120 278
121 138
121 217
121 227
121 255
122 135
122 207
122 264
122 280
123 130
123 220
123 231
123 287
124 130
124 133
124 179
124 205
124 268
124 285
124 287
124 288
125 140
126 156
126 233
127 245
128 135
129 130
129 134
129 137
129 143
129 157
129 167
129 174
129 191
129 192
129 194
129 200
129 206
129 224
129 231
129 242
129 247
129 249
129 287
129 303
130 134
130 140
130 142
130 145
130 154
130 188
130 191
130 196
130 197
130 200
130 222
130 227
130 238
130 252
130 267
130 293
131 134
131 137
131 138
131 156
131 177
131 185
131 215
131 227
131 239
131 241
131 264
131 294
131 305
131 314
132 144
132 300
132 305
133 142
133 156
133 204
133 215
133 229
133 241
133 287
133 314
134 163
134 165
134 173
134 180
134 181
134 184
134 190
134 207
134 212
134 231
134 245
134 261
134 279
134 287
134 288
134 299
134 304
135 147
135 161
135 166
135 174
135 184
135 212
135 215
135 227
135 233
135 236
135 237
135 266
135 275
135 288
135 296
136 145
136 161
136 163
136 205
136 208
136 219
136 233
136 258
136 266
136 279
136 281
136 304
137 148
137 203
138 229
138 242
138 255
139 156
139 204
140 200
140 245
140 288
140 296
140 306
141 160
141 206
141 208
141 232
141 265
142 156
142 209
142 223
142 275
142 288
142 296
144 161
144 303
145 241
146 193
147 166
148 161
148 193
148 197
148 200
148 209
148 230
148 266
148 267
148 283
148 287
148 288
148 305
149 160
149 164
149 179
149 232
149 273
150 201
150 302
151 205
152 156
152 163
152 171
152 233
152 241
152 248
152 298
153 266
154 304
155 215
156 160
156 174
156 180
156 193
156 200
156 206
156 220
156 237
156 253
156 284
157 225
157 275
158 191
158 193
158 199
158 269
158 305
159 177
159 233
159 248
160 285
160 315
161 197
161 205
161 296
162 188
162 193
162 205
162 284
163 248
165 215
165 216
165 220
165 272
166 242
166 287
167 191
167 196
167 205
167 220
167 222
167 256
167 276
168 215
168 269
168 303
171 301
173 210
173 284
174 213
174 227
175 185
177 273
178 205
179 204
179 218
179 267
179 276
179 293
180 206
180 218
180 263
180 285
180 290
181 199
181 217
181 240
181 283
184 185
184 210
184 247
184 307
185 224
185 288
186 217
186 252
187 225
188 204
188 271
188 298
188 301
190 204
191 203
191 245
191 258
192 226
192 313
193 210
193 217
193 277
194 248
195 240
195 274
197 241
199 271
200 249
200 259
201 205
201 239
202 222
202 227
204 269
204 311
205 287
206 285
206 286
207 304
208 276
209 284
209 285
210 240
211 213
212 255
212 258
212 298
213 258
213 304
214 285
215 239
215 269
215 287
215 314
216 276
216 285
216 315
217 233
217 259
217 305
217 311
218 249
218 286
218 288
219 220
219 230
220 221
220 264
222 223
222 239
223 287
224 244
224 252
224 288
225 303
227 245
228 304
229 279
230 285
231 271
231 292
231 306
232 287
232 298
233 238
233 266
233 284
233 288
233 293
235 243
239 248
239 275
241 287
241 299
244 275
244 278
244 299
245 304
249 252
249 284
252 287
252 305
255 261
258 281
268 300
270 297
271 304
272 311
273 295
278 307
279 287
281 285
283 284
284 288
286 302
287 310
287 314
288 299
291 298
291 311
294 305
299 303
