0 7
0 79
0 209
0 214
0 263
0 286
1 99
1 129
1 131
1 204
1 211
1 274
2 12
2 38
2 48
2 69
2 86
2 102
2 103
2 129
2 133
2 134
2 135
2 145
2 174
2 200
2 271
2 296
3 8
3 65
3 89
3 104
3 163
3 167
3 220
3 235
3 275
4 61
4 106
4 112
4 149
4 198
5 55
5 69
5 80
5 130
5 188
5 247
5 250
5 258
5 267
6 30
6 40
6 55
6 63
6 117
6 150
6 188
6 193
6 205
7 14
7 17
7 29
7 47
7 58
7 66
7 74
7 98
7 103
7 104
7 130
7 136
7 210
7 213
7 219
7 243
7 252
7 258
7 264
7 312
8 23
8 25
8 34
8 66
8 87
8 103
8 136
8 144
8 153
8 189
8 196
8 202
8 276
9 89
9 108
9 193
10 156
11 45
11 126
11 139
11 150
11 157
12 13
12 62
12 73
12 172
12 174
12 182
12 220
12 224
12 261
13 38
13 145
13 154
13 288
14 16
14 45
14 193
14 244
14 254
14 304
15 57
15 65
15 109
15 131
15 156
15 160
15 234
15 288
15 302
15 308
16 17
16 20
16 32
16 37
16 45
16 46
16 103
16 117
16 131
16 145
16 151
16 152
16 156
16 160
16 181
16 197
16 199
16 220
16 231
16 233
16 256
16 271
16 275
16 288
16 291
16 306
17 135
17 188
17 200
17 202
17 215
17 264
18 39
18 45
18 75
18 138
18 161
18 252
18 267
18 287
18 288
19 65
19 137
19 162
19 260
20 48
20 67
20 80
20 100
20 106
20 112
20 118
20 131
20 186
20 232
20 290
20 305
21 60
21 189
21 285
22 50
22 204
23 77
23 151
23 167
23 288
24 84
24 113
24 162
24 204
24 287
25 33
25 46
25 128
25 135
25 232
25 283
25 285
25 309
26 45
27 54
27 129
27 241
28 31
28 52
28 68
28 128
28 173
28 210
28 287
29 32
29 77
29 156
29 215
29 258
29 272
29 273
30 129
30 132
30 232
30 311
31 73
31 79
31 89
31 141
31 171
31 201
31 215
31 247
31 279
31 293
31 298
32 46
32 52
32 74
32 104
32 105
32 129
32 135
32 136
32 154
32 156
32 179
32 210
32 215
32 224
32 245
32 256
32 263
32 287
32 294
33 46
33 47
33 74
33 81
33 110
33 124
33 130
33 134
33 145
33 164
33 167
33 205
33 218
33 246
33 285
34 130
34 220
34 297
35 220
35 265
35 269
36 101
36 124
36 130
36 222
37 99
37 101
37 103
37 135
37 167
37 185
37 224
37 303
38 129
38 223
38 286
39 133
39 137
39 189
39 206
39 268
40 80
40 96
40 103
40 117
40 139
40 161
40 167
41 59
41 91
41 133
41 134
41 135
41 162
41 168
41 215
41 276
42 81
42 128
42 148
42 159
42 182
42 183
42 252
42 291
43 50
43 150
43 185
43 238
43 315
44 61
44 78
44 149
44 174
44 258
44 288
44 308
45 50
45 80
45 133
45 136
45 200
45 220
45 263
45 287
46 102
46 131
46 133
46 179
46 206
46 214
46 232
46 242
46 311
47 51
47 75
47 109
47 124
47 132
47 133
47 157
47 169
47 240
47 281
47 289
47 302
48 107
48 156
48 265
49 119
49 129
49 136
49 140
49 187
49 219
49 234
49 249
50 103
50 121
50 131
50 136
50 148
50 221
50 230
50 233
50 234
51 131
51 166
51 176
51 279
51 296
54 135
54 273
55 78
55 173
55 220
55 250
56 61
56 74
56 120
56 130
56 131
56 153
56 221
57 131
57 133
57 148
57 231
58 192
58 273
59 80
59 111
59 129
59 133
59 136
59 140
59 148
59 156
59 157
59 182
59 188
59 204
59 231
59 233
59 249
59 273
60 67
60 121
60 124
60 127
60 208
60 313
61 97
61 128
62 124
62 130
62 168
62 180
62 188
62 260
62 284
63 71
63 92
63 148
63 159
63 167
63 184
63 189
63 196
63 272
64 98
64 103
64 131
64 133
64 139
64 251
64 272
64 287
65 132
65 136
66 129
66 148
66 288
67 93
67 134
67 150
67 200
67 209
67 214
67 234
67 249
67 274
67 305
68 70
68 71
68 77
68 307
69 75
69 92
69 131
69 174
70 80
70 188
70 200
70 296
71 135
71 148
71 185
71 217
71 222
72 136
73 133
73 149
73 272
74 97
74 159
74 182
74 188
74 212
74 287
74 314
75 104
75 135
75 196
75 258
75 275
76 104
76 130
76 167
76 180
76 213
76 252
76 287
77 123
77 294
78 96
78 169
79 96
79 117
79 249
79 258
80 129
80 133
80 135
80 160
80 209
80 239
80 249
80 259
80 260
80 285
80 307
81 134
81 205
81 220
81 268
82 87
82 135
82 256
83 124
83 131
83 149
83 185
83 188
83 249
84 130
84 136
84 162
85 154
87 133
87 142
87 236
87 241
87 247
87 286
87 287
88 105
88 215
89 118
89 120
89 131
89 192
89 205
89 232
89 287
89 303
90 110
90 129
90 160
90 174
90 242
91 131
91 133
91 174
91 263
91 287
92 102
92 130
92 154
92 158
92 208
92 215
92 283
93 265
94 185
94 193
94 292
95 211
96 135
96 265
97 131
97 203
97 249
98 105
98 126
98 179
98 180
98 287
98 301
99 130
99 133
99 254
100 156
101 102
101 103
101 145
101 154
101 211
101 220
101 230
102 142
102 163
102 180
102 276
103 133
103 134
103 137
103 156
103 159
103 168
103 172
103 222
103 224
103 278
103 288
104 161
104 169
104 205
104 207
104 252
104 301
104 314
105 110
105 124
105 212
105 224
105 241
105 275
105 310
106 111
106 130
106 131
106 133
106 156
106 182
106 188
106 193
106 196
106 242
106 287
106 312
107 118
107 226
107 239
107 267
107 269
108 200
109 129
109 133
109 252
110 130
110 171
110 200
110 288
110 291
111 131
112 270
113 136
113 179
113 219
114 156
114 222
114 271
114 272
114 299
115 135
115 281
116 239
117 189
117 286
118 120
118 129
118 133
118 146
118 157
118 284
119 182
119 206
119 273
120 150
120 193
121 123
121 139
121 167
121 175
121 218
121 261
121 288
122 134
122 146
122 150
122 156
122 173
122 185
122 255
122 266
122 281
123 131
123 156
123 215
123 279
124 130
124 134
124 136
124 139
124 172
124 191
124 228
124 249
124 303
125 220
126 193
126 311
127 130
127 131
127 153
127 164
127 166
127 218
128 142
128 207
128 212
128 263
128 287
128 296
129 134
129 135
129 142
129 147
129 167
129 172
129 179
129 194
129 209
129 216
129 217
129 249
129 260
129 270
129 272
129 277
129 284
129 310
130 133
130 134
130 135
130 136
130 137
130 145
130 150
130 156
130 158
130 185
130 193
130 220
130 221
130 223
130 232
130 239
130 282
130 287
130 290
131 138
131 164
131 180
131 190
131 214
131 220
131 244
131 287
131 288
131 291
131 308
132 152
132 156
132 167
132 287
133 148
133 224
133 237
133 239
133 244
133 270
133 275
133 287
133 291
134 135
134 136
134 138
134 162
134 174
134 180
134 197
134 200
134 207
134 238
134 242
134 244
134 250
134 286
134 299
134 309
135 158
135 160
135 164
135 187
135 188
135 205
135 210
135 220
135 232
135 239
135 261
135 271
135 275
135 298
135 303
136 137
136 180
136 206
136 242
136 265
136 287
136 302
137 236
137 314
138 204
139 157
139 281
140 152
140 185
140 220
140 224
140 287
141 174
141 217
142 171
142 191
142 257
142 278
142 286
142 291
145 171
145 173
145 176
145 268
145 276
145 302
147 154
147 271
147 298
148 157
148 205
148 212
148 216
148 291
149 167
149 193
149 233
149 276
150 216
150 223
151 157
152 193
152 197
152 201
152 206
152 239
152 263
154 156
154 168
154 201
154 217
154 260
155 266
156 157
156 173
156 184
156 195
156 201
156 214
156 215
156 250
156 252
156 265
156 275
156 276
156 287
156 288
156 293
156 296
156 301
156 312
156 315
157 265
157 272
157 285
158 171
158 229
158 252
159 238
159 268
160 191
160 208
160 301
161 210
161 220
161 287
162 233
162 234
162 249
162 283
164 193
164 215
164 240
164 288
165 220
165 239
166 205
167 216
167 255
168 237
169 287
171 193
171 224
171 246
171 263
172 176
172 238
172 279
173 204
173 210
173 270
174 189
174 272
174 287
174 303
175 207
175 253
177 204
177 218
177 234
177 288
179 185
179 200
179 268
179 270
179 304
180 191
180 197
180 204
180 212
180 216
180 249
180 255
180 287
180 288
180 292
180 298
181 229
181 286
184 206
184 208
184 209
184 217
184 231
184 300
185 273
186 188
187 196
187 211
188 200
188 258
188 282
188 301
188 303
191 224
191 233
193 216
193 299
194 294
195 210
197 239
197 249
197 288
198 288
198 315
199 233
200 220
200 227
200 239
200 262
200 273
201 210
201 224
201 242
201 283
201 288
204 224
208 287
209 276
210 225
210 231
210 240
210 258
210 286
210 287
210 296
211 252
212 309
212 315
213 273
213 287
213 288
215 264
216 220
217 258
217 262
217 278
217 287
219 262
219 283
220 234
220 287
220 288
220 299
220 307
221 233
221 272
221 276
221 288
222 229
222 232
224 255
226 255
228 246
228 265
228 299
232 264
232 281
232 291
232 314
233 235
233 260
233 292
234 239
238 242
238 247
238 272
239 275
240 244
241 242
242 256
245 263
247 258
248 279
249 279
249 280
249 283
252 304
255 265
256 283
258 260
258 276
258 296
258 299
259 275
260 311
263 288
264 266
264 300
264 307
265 275
266 287
267 302
271 295
275 287
276 287
276 288
276 309
276 312
278 284
280 287
283 299
286 295
286 313
287 313
287 314
294 303
297 298
299 305
305 310
