0 188
0 208
0 287
0 309
1 15
1 20
1 38
1 43
1 98
1 100
1 191
1 244
2 7
2 10
2 42
2 46
2 71
2 74
2 110
2 131
2 215
2 239
2 249
2 304
3 15
3 19
3 30
3 34
3 87
3 112
3 188
3 245
3 287
4 31
4 59
4 94
4 103
4 117
4 122
4 124
4 134
4 192
4 301
4 303
5 94
5 129
5 134
6 78
6 164
6 172
6 247
7 31
7 45
7 55
7 57
7 60
7 69
7 74
7 92
7 107
7 108
7 120
7 130
7 135
7 148
7 149
7 169
7 178
7 205
7 223
7 224
7 251
7 287
8 42
8 58
8 61
8 107
8 117
8 126
8 142
8 157
8 179
8 181
8 200
8 201
8 211
8 313
9 10
9 157
9 176
9 220
9 232
9 234
9 265
9 269
9 294
10 62
10 63
11 37
11 49
11 130
11 136
11 188
11 298
12 110
12 135
12 185
12 216
12 234
12 292
13 68
13 130
13 133
13 135
13 224
13 241
13 303
13 310
14 16
14 135
14 249
14 271
14 305
15 92
15 107
15 162
15 205
15 288
16 28
16 32
16 60
16 64
16 75
16 103
16 109
16 129
16 133
16 134
16 149
16 156
16 159
16 160
16 166
16 181
16 205
16 244
16 266
16 271
16 278
16 285
16 288
16 298
16 303
17 19
17 128
18 96
18 129
18 161
18 208
18 222
18 292
19 92
19 108
19 129
19 215
20 25
20 35
20 67
20 109
20 154
20 167
21 53
21 87
21 129
21 159
21 216
21 258
21 302
22 242
23 66
23 68
23 74
23 91
23 108
23 129
23 200
23 232
23 250
23 290
23 305
24 35
24 72
24 78
24 128
24 129
24 158
24 196
24 229
24 301
25 126
25 148
25 159
26 50
26 130
26 299
27 158
27 239
27 297
28 34
28 43
28 47
28 64
28 91
28 92
28 130
28 165
28 167
28 221
29 68
29 118
29 145
29 287
29 313
30 131
30 133
30 142
30 172
31 38
31 45
31 85
31 133
31 135
31 177
31 184
31 210
31 223
31 230
31 240
31 312
32 33
32 41
32 54
32 129
32 156
32 161
32 188
32 197
33 40
33 54
33 56
33 57
33 75
33 78
33 130
33 131
33 133
33 140
33 167
33 193
33 248
33 258
33 260
33 266
33 283
33 310
34 123
34 201
35 305
36 42
36 108
36 118
36 130
36 293
36 298
37 54
37 65
37 75
37 144
37 146
38 92
38 110
38 120
38 132
38 136
38 137
38 269
39 95
39 108
39 129
39 154
39 209
39 242
39 275
39 308
40 62
40 118
40 157
40 287
41 98
41 169
41 206
41 234
41 281
41 295
41 305
42 45
42 53
42 91
42 131
42 182
43 92
43 118
43 215
43 232
43 276
43 286
43 294
44 159
44 182
45 89
45 110
45 128
45 129
45 148
45 189
46 102
46 118
46 134
46 156
46 167
46 193
46 204
46 283
46 284
47 59
47 62
47 80
47 102
47 103
47 167
47 193
47 243
48 80
48 106
48 108
48 131
48 181
49 156
49 179
49 218
49 230
49 272
49 287
49 311
50 56
50 88
50 110
50 131
50 137
50 168
50 180
50 192
50 255
51 57
51 113
51 140
51 217
51 226
51 275
51 308
52 60
52 67
52 77
52 117
52 134
52 210
52 223
53 131
54 64
54 82
54 116
54 299
55 216
55 287
56 61
56 80
56 132
56 156
56 187
56 223
56 269
57 136
57 200
57 244
58 100
58 152
58 285
58 305
59 67
59 89
59 98
59 129
59 130
59 131
59 135
59 164
59 180
59 185
59 190
59 219
59 307
59 312
60 131
60 206
60 264
60 288
60 301
61 112
61 160
61 288
61 303
62 77
62 95
62 130
62 137
62 157
62 193
63 101
63 113
63 130
63 154
63 174
63 185
63 242
64 89
64 113
64 124
64 129
64 134
64 138
64 149
64 212
64 226
64 275
65 110
65 129
65 156
65 181
65 209
66 129
66 155
66 240
67 89
67 110
67 184
67 191
67 212
67 246
67 262
67 268
67 305
67 314
68 75
68 102
68 180
68 224
68 229
68 262
68 264
68 309
69 134
69 157
69 179
69 272
69 287
69 294
70 208
70 288
71 123
71 177
71 180
71 276
72 101
72 154
72 173
73 157
73 219
73 273
73 281
73 286
73 301
74 97
74 108
74 128
74 156
74 169
74 176
74 193
74 211
74 216
74 230
74 271
74 274
74 309
75 129
75 156
75 205
75 211
75 215
75 222
75 305
76 124
76 149
76 180
76 249
77 82
77 150
77 239
78 121
78 131
78 133
78 231
79 93
79 130
79 131
79 209
79 214
79 301
80 98
80 149
80 166
80 193
80 227
80 285
80 310
81 94
81 135
81 149
81 193
81 209
81 241
82 198
83 104
83 131
83 134
83 232
83 278
84 157
84 185
84 213
85 131
85 174
85 215
86 98
86 156
86 180
86 305
87 130
87 133
87 173
87 188
87 193
87 198
87 219
88 130
88 233
88 249
88 265
88 286
88 287
88 315
89 102
89 131
89 235
90 172
90 214
91 229
91 249
92 129
92 130
92 227
93 129
93 287
94 132
94 133
94 136
94 200
94 214
94 237
95 136
95 147
95 170
96 98
96 134
96 206
96 288
96 291
97 100
97 138
97 139
97 272
97 299
98 121
98 123
98 129
98 131
98 134
98 182
98 218
98 272
99 214
99 295
100 128
100 312
101 116
101 124
101 134
101 211
101 225
102 130
102 131
102 155
102 157
102 193
102 220
102 234
102 243
102 269
102 279
102 284
103 128
103 129
103 130
103 153
103 193
103 283
103 292
104 124
104 129
104 180
104 200
104 220
104 221
104 283
104 284
105 110
105 155
105 158
105 241
105 288
106 109
106 163
106 165
106 205
106 218
106 239
106 266
106 268
106 276
106 286
107 211
107 221
108 114
108 130
108 249
109 129
109 143
109 249
109 293
110 182
110 187
110 239
110 287
111 133
111 134
111 214
112 118
112 131
112 206
113 209
113 232
113 293
114 237
114 242
114 245
115 130
115 161
115 315
116 131
117 135
117 152
117 197
117 249
117 253
117 257
118 185
118 208
118 240
118 287
118 299
119 174
120 130
120 145
120 312
121 133
121 138
121 156
121 160
121 184
121 205
121 208
121 220
121 247
121 287
121 298
121 308
122 129
122 162
122 214
122 303
122 311
123 130
123 134
123 158
123 164
123 170
123 174
123 214
124 129
124 156
124 160
124 162
124 188
124 287
125 173
125 245
126 188
126 245
127 143
127 193
127 199
128 130
128 148
128 288
129 130
129 131
129 133
129 134
129 136
129 137
129 156
129 160
129 178
129 188
129 218
129 232
129 233
129 239
129 249
129 278
129 292
130 131
130 133
130 143
130 149
130 152
130 159
130 171
130 186
130 197
130 205
130 251
130 269
130 286
130 288
130 303
130 314
131 136
131 156
131 160
131 177
131 193
131 219
131 220
131 235
131 242
131 249
131 268
131 273
131 276
131 279
131 299
131 301
132 157
132 298
133 142
133 146
133 180
133 184
133 185
133 220
133 221
133 234
133 249
133 258
133 263
133 271
133 283
133 286
133 304
133 313
134 135
134 143
134 156
134 157
134 214
134 239
134 274
134 281
134 290
135 167
135 168
135 184
135 215
135 232
135 239
135 246
135 260
135 287
135 294
135 300
136 172
136 180
136 188
136 201
136 213
136 239
136 272
137 210
137 233
137 285
138 247
138 264
140 165
140 180
140 188
141 305
142 203
143 301
145 150
145 178
145 263
145 286
145 309
146 165
146 285
147 182
147 204
148 168
148 180
148 189
148 204
148 305
148 311
149 152
149 164
149 197
149 259
149 266
149 271
149 288
149 289
150 164
150 166
150 180
150 286
150 302
150 312
151 313
152 169
152 215
152 257
152 278
153 277
154 210
154 241
154 267
156 157
156 167
156 169
156 171
156 177
156 180
156 205
156 223
156 227
156 249
157 167
157 203
157 205
157 211
157 219
157 240
157 268
157 286
157 301
158 250
158 310
159 236
160 180
160 229
160 300
161 304
162 181
162 206
164 182
164 249
164 272
164 278
164 293
164 298
165 215
165 246
166 173
166 217
167 210
167 234
167 238
167 280
167 298
167 305
167 309
168 245
168 246
168 258
168 287
171 286
171 294
172 287
172 301
173 269
174 185
175 299
176 244
179 200
179 229
179 230
180 188
180 200
180 201
180 249
180 266
181 234
181 243
181 272
181 279
182 305
183 210
184 238
185 206
185 216
185 231
186 205
187 285
187 286
188 192
188 210
188 217
188 290
188 313
193 264
193 273
193 303
194 217
194 253
195 208
195 210
195 279
195 291
196 236
196 278
197 246
197 261
197 287
199 204
199 248
200 285
201 231
201 249
201 296
202 269
202 296
202 309
203 229
203 232
205 231
205 243
205 309
206 236
208 239
209 241
210 215
210 227
211 245
211 272
212 248
212 257
213 218
213 298
213 312
214 218
214 220
215 230
216 276
216 279
216 307
217 287
218 260
220 231
220 232
220 242
220 247
220 283
221 239
221 255
224 288
224 294
227 302
229 288
230 273
231 242
231 258
231 299
232 233
233 268
233 288
233 291
239 249
241 276
241 284
243 286
244 258
245 252
245 298
246 273
247 275
247 296
249 253
249 266
249 269
249 287
249 291
249 303
250 293
254 282
255 272
255 302
256 286
258 271
258 299
259 279
266 315
267 303
269 276
271 313
272 296
276 305
278 303
283 288
283 293
284 303
286 304
286 315
287 293
287 295
301 304
309 312
