0 31
0 35
0 128
0 217
1 10
1 94
1 110
1 131
1 158
1 215
1 238
1 288
1 299
1 301
2 15
2 40
2 48
2 77
2 103
2 108
2 125
2 134
2 153
2 185
2 220
2 272
2 288
2 302
3 131
3 142
3 162
3 178
3 206
3 231
4 55
4 60
4 108
4 286
5 7
5 11
5 14
5 130
5 195
5 273
6 130
6 131
6 134
6 215
6 286
6 287
7 16
7 38
7 45
7 64
7 71
7 85
7 89
7 94
7 130
7 156
7 180
7 188
7 247
7 292
7 315
8 9
8 41
8 49
8 50
8 59
8 64
8 72
8 77
8 129
8 197
8 206
8 249
8 260
8 290
9 27
9 38
9 152
9 160
9 184
9 194
9 255
9 296
10 15
10 56
10 70
10 131
10 167
10 193
10 200
10 258
10 262
11 31
11 72
11 129
11 172
11 177
11 181
11 231
11 243
12 97
12 122
12 130
12 156
12 208
12 242
12 305
13 18
13 24
13 33
13 37
13 44
13 64
13 123
13 135
13 142
13 252
13 273
13 298
14 16
14 78
14 81
14 94
14 103
14 117
14 128
14 277
14 288
15 67
15 83
15 113
15 128
15 137
15 193
15 210
15 230
16 29
16 31
16 39
16 48
16 52
16 54
16 59
16 64
16 94
16 102
16 139
16 168
16 202
16 204
16 210
16 230
16 246
16 256
16 263
16 314
17 59
17 73
17 88
17 170
17 202
18 32
18 35
18 50
18 130
18 138
18 180
18 215
18 269
18 291
18 311
19 25
19 59
19 200
19 249
19 258
20 76
20 84
20 275
20 293
20 302
20 303
20 304
21 34
21 51
21 86
21 92
21 135
21 140
21 156
21 249
21 268
22 38
22 131
23 76
23 127
23 141
23 174
23 292
23 301
24 26
24 59
24 67
24 103
24 110
24 142
24 188
24 274
24 287
25 51
25 80
25 92
25 104
25 117
25 133
25 134
25 152
25 211
25 217
25 227
25 231
25 252
25 265
26 132
27 47
27 108
27 185
27 206
27 215
27 237
28 45
28 61
28 84
28 123
28 136
28 138
28 152
28 155
28 173
28 185
28 224
28 269
29 148
29 200
29 294
30 41
30 103
30 109
30 110
31 45
31 66
31 67
31 73
31 78
31 100
31 102
31 136
31 192
31 200
31 206
31 275
31 305
32 43
32 50
32 128
32 129
32 134
32 145
32 192
32 215
32 238
32 242
32 272
32 285
33 41
33 64
33 74
33 133
33 134
33 152
33 167
33 179
33 192
33 206
33 207
33 215
33 217
33 224
33 283
33 287
34 45
34 46
34 67
34 129
34 134
34 168
35 42
35 49
35 76
35 79
35 136
35 287
35 306
36 74
36 136
36 168
36 231
36 261
36 288
37 58
37 131
37 134
37 255
38 59
38 130
38 287
39 44
39 134
39 200
39 285
39 286
39 290
40 124
40 156
40 177
40 210
40 246
40 277
41 129
41 197
41 220
41 229
41 244
41 270
41 288
42 56
42 64
42 112
42 122
42 135
42 162
42 184
42 243
43 48
43 95
43 103
43 135
43 163
43 206
43 213
43 277
43 287
43 292
44 66
44 98
44 130
44 193
44 202
45 132
45 153
45 157
45 189
45 205
45 233
45 243
45 292
45 299
46 64
46 102
46 118
46 133
46 162
46 167
46 179
46 193
46 201
46 211
46 243
46 304
47 67
47 68
47 110
47 116
47 153
47 162
47 288
48 81
48 103
48 140
48 148
48 179
48 241
48 252
48 271
48 286
49 53
49 124
49 138
49 180
49 250
49 313
50 54
50 103
50 124
50 130
50 132
50 133
50 200
50 233
50 249
51 129
51 193
51 204
51 249
51 310
52 101
52 161
54 69
54 130
54 157
55 138
55 200
56 60
56 98
56 124
56 135
56 156
56 197
56 246
57 135
57 283
58 238
58 297
59 63
59 102
59 123
59 129
59 136
59 172
59 185
59 188
59 217
59 231
59 234
59 239
60 87
60 90
60 135
60 156
60 157
60 174
60 233
60 239
60 267
60 313
61 118
62 68
62 81
62 94
62 114
62 120
62 124
62 153
62 216
62 287
63 74
63 156
63 193
63 296
64 86
64 121
64 134
64 154
64 158
64 160
64 193
64 224
64 236
64 260
64 268
64 285
65 92
65 232
65 263
66 130
66 157
66 166
66 258
67 72
67 99
67 102
67 103
67 111
67 118
67 140
67 149
67 152
67 156
67 157
67 164
67 167
67 215
67 295
68 108
68 116
68 117
68 123
68 128
68 129
68 130
68 134
68 172
68 188
68 232
69 130
69 212
70 213
70 266
70 298
71 131
71 163
71 179
71 297
72 140
72 157
72 281
73 129
73 144
73 182
73 273
74 77
74 109
74 134
74 189
74 239
74 287
74 304
74 309
75 102
75 129
75 136
75 143
75 149
75 156
75 158
75 172
75 260
75 281
75 293
76 78
76 130
76 162
76 167
76 180
76 200
76 275
77 145
77 272
77 288
78 124
78 142
78 149
78 265
78 288
78 299
79 103
79 176
79 188
80 98
80 103
80 132
80 200
80 215
80 308
81 112
81 131
81 179
81 286
82 129
82 241
83 121
83 131
83 133
83 140
83 160
83 202
83 217
83 232
84 131
84 291
85 87
85 118
85 196
86 130
87 100
87 103
87 136
87 192
87 231
87 269
88 92
88 94
88 129
88 130
88 246
89 130
89 197
89 276
90 245
90 278
91 102
91 132
91 160
91 184
91 275
92 98
92 138
92 185
92 239
92 257
93 103
93 136
94 106
94 110
94 165
94 203
94 260
94 287
95 185
96 146
96 156
96 285
96 301
97 140
97 185
97 197
97 198
97 206
97 252
98 99
98 131
98 149
98 170
98 215
98 276
98 287
99 129
99 136
99 145
99 150
99 188
99 228
100 206
100 311
101 127
101 211
101 223
101 295
102 111
102 121
102 133
102 140
102 149
102 156
102 159
102 219
102 242
102 251
102 266
102 287
102 301
102 304
103 129
103 131
103 134
103 136
103 150
103 151
103 195
103 199
103 216
103 276
103 293
104 118
104 124
104 135
104 167
104 292
104 315
105 115
105 129
105 157
105 227
105 242
105 249
105 287
105 292
106 121
106 129
106 156
106 200
106 210
106 232
106 275
107 131
107 145
107 200
107 267
107 293
108 122
108 130
108 136
108 140
108 203
108 302
109 122
109 128
109 142
109 213
109 295
110 124
110 129
110 133
110 137
110 242
111 118
111 150
111 224
114 160
114 206
114 268
115 118
117 192
117 217
117 287
118 129
118 167
118 193
118 224
118 276
119 192
119 218
119 220
120 156
120 210
120 219
121 134
121 184
121 214
121 283
122 130
122 179
122 202
122 283
123 287
124 148
124 149
124 152
124 167
124 190
124 266
124 292
125 157
126 193
126 218
126 255
126 269
127 143
127 274
128 145
128 149
128 184
128 193
128 197
128 215
128 219
128 267
129 132
129 144
129 149
129 156
129 171
129 177
129 180
129 185
129 193
129 194
129 206
129 208
129 220
129 223
129 229
129 230
129 231
129 232
129 239
129 241
129 252
129 263
129 264
129 273
129 294
129 308
130 131
130 143
130 145
130 157
130 164
130 167
130 172
130 176
130 182
130 198
130 205
130 233
130 239
130 249
130 272
130 284
130 288
130 303
131 140
131 154
131 156
131 161
131 177
131 190
131 205
131 207
131 219
131 232
131 238
131 241
131 276
131 284
131 287
131 294
131 295
132 167
133 134
133 136
133 163
133 172
133 173
133 192
133 201
133 205
133 213
133 218
133 244
133 258
133 263
133 276
133 287
133 296
133 301
133 314
134 135
134 136
134 152
134 157
134 162
134 163
134 177
134 179
134 182
134 217
134 245
134 250
134 254
134 275
134 287
134 290
134 302
135 154
135 161
135 167
135 179
135 190
135 199
135 212
135 236
135 240
135 241
135 247
135 256
135 263
135 270
135 298
135 307
136 138
136 140
136 159
136 160
136 179
136 181
136 192
136 216
136 218
136 258
136 277
136 295
136 302
136 315
137 233
138 211
138 276
139 155
140 156
140 276
140 283
141 214
142 149
142 287
142 296
143 201
143 270
145 148
145 160
145 216
145 236
145 271
145 309
145 312
146 227
146 232
147 171
147 309
148 149
148 216
148 234
148 249
148 288
149 181
149 185
149 259
149 267
149 287
149 301
150 314
151 220
152 165
152 179
152 292
154 177
154 179
154 192
154 211
154 287
154 297
155 268
155 306
156 165
156 168
156 174
156 194
156 196
156 201
156 204
156 256
156 275
156 278
156 292
156 303
157 182
157 188
157 192
157 200
157 216
157 242
157 281
157 285
157 303
157 314
158 185
158 305
159 174
159 265
159 275
160 188
160 200
160 219
160 231
160 249
160 255
160 286
161 200
161 206
161 227
162 181
162 314
163 193
163 217
164 220
166 181
167 223
167 267
168 206
168 216
168 288
169 196
169 200
170 278
173 193
173 277
173 288
173 302
174 267
174 291
177 191
178 309
179 191
179 230
180 188
180 202
180 249
180 260
180 301
181 232
181 252
181 304
182 196
184 247
185 200
185 205
186 233
187 295
188 278
189 248
191 208
191 239
191 251
192 213
193 206
193 207
193 213
193 266
193 273
193 277
193 292
193 313
194 259
194 280
195 239
195 299
196 215
196 230
197 211
197 276
197 310
198 245
200 204
200 219
201 224
201 242
201 249
201 260
201 310
203 223
204 252
204 279
204 298
204 311
205 221
205 223
205 232
205 258
206 212
206 257
206 269
207 210
207 211
207 274
208 212
208 286
209 245
209 269
210 245
211 234
211 245
212 223
212 243
214 252
214 286
214 304
215 264
215 270
216 232
216 261
217 225
217 263
218 287
219 278
219 292
220 264
223 267
224 242
224 275
228 285
229 275
230 276
231 232
231 242
231 271
231 272
232 288
232 292
233 280
233 286
234 279
235 272
236 281
239 241
239 261
239 301
241 243
242 249
242 298
243 284
244 277
244 287
246 278
249 275
249 281
249 314
252 294
255 281
255 284
256 281
257 305
263 286
267 292
269 286
269 311
271 272
273 309
274 295
275 293
276 305
280 283
283 285
285 298
286 315
287 309
288 303
298 313
