0 7
0 193
0 214
0 226
0 244
0 275
0 286
1 46
1 61
1 73
1 138
1 210
2 29
2 83
2 108
2 112
2 124
2 142
2 149
2 160
2 185
2 205
2 213
2 214
2 219
2 247
3 14
3 24
3 37
3 112
3 130
3 133
3 135
3 149
3 180
3 294
4 101
4 102
4 113
4 135
4 137
4 142
4 180
4 297
5 24
5 33
5 75
5 105
5 131
5 162
5 200
5 205
5 245
6 20
6 114
6 162
6 171
6 249
6 255
6 256
6 258
6 276
6 298
7 31
7 60
7 97
7 104
7 105
7 114
7 119
7 120
7 131
7 138
7 155
7 171
7 180
7 245
7 249
7 286
7 293
8 17
8 63
8 71
8 118
8 130
8 131
8 162
8 206
8 215
9 18
9 138
9 142
9 192
9 218
10 31
10 164
10 274
10 295
11 129
11 167
11 266
12 47
12 97
12 106
12 121
12 122
12 171
12 183
12 211
12 230
12 238
12 298
12 303
12 305
12 306
12 315
13 32
13 138
13 248
13 285
14 78
14 129
14 131
14 288
15 104
15 196
15 202
15 259
15 268
15 312
16 25
16 31
16 40
16 80
16 85
16 98
16 103
16 110
16 117
16 162
16 174
16 177
16 185
16 191
16 193
16 206
16 209
16 215
16 272
16 274
16 290
17 54
17 120
18 43
18 45
18 118
18 125
18 145
18 167
18 175
18 189
18 191
18 284
18 302
18 305
18 307
19 34
19 87
20 21
20 30
20 55
20 79
20 85
20 92
20 139
20 167
20 179
20 200
20 249
20 255
20 295
21 46
21 54
21 61
21 105
21 156
21 219
21 233
21 285
21 286
21 303
22 130
22 309
23 88
23 102
23 148
23 179
23 206
23 216
23 236
24 28
24 31
24 42
24 140
24 193
24 242
24 249
24 252
24 287
24 294
25 80
25 131
25 133
25 242
26 31
26 36
26 227
27 112
27 151
27 193
27 223
27 264
28 67
28 76
28 124
28 139
28 148
28 200
28 211
28 278
28 303
29 49
29 89
29 122
29 124
29 130
29 184
29 213
29 294
30 104
30 116
30 212
30 286
31 73
31 92
31 103
31 129
31 134
31 135
31 137
31 148
31 204
31 207
31 218
31 225
31 266
31 269
31 286
31 288
31 301
31 302
32 50
32 59
32 84
32 87
32 88
32 117
32 142
32 156
32 174
32 206
32 218
32 230
32 287
32 288
32 292
32 300
32 306
32 310
33 46
33 78
33 80
33 131
33 143
33 180
33 202
33 206
33 268
33 273
33 303
33 315
34 109
34 117
34 124
34 219
34 269
34 272
34 291
35 115
35 206
35 224
35 258
36 49
36 64
36 94
36 101
36 117
36 131
36 136
36 288
37 194
37 211
37 224
37 231
37 237
37 252
37 266
37 307
38 46
38 76
38 159
38 185
38 249
38 266
39 64
39 75
39 89
39 130
39 140
39 276
40 80
40 215
40 232
40 288
40 295
41 103
41 106
41 137
41 140
41 159
41 219
41 248
41 286
41 290
42 101
42 135
42 136
42 167
42 245
42 283
43 87
43 219
43 220
43 259
44 72
44 209
44 253
45 66
45 67
45 74
45 103
45 105
45 108
45 133
45 136
45 137
45 157
45 175
45 188
45 199
45 200
45 245
46 60
46 131
46 136
46 157
46 200
46 283
46 296
46 299
46 303
47 51
47 65
47 73
47 98
47 100
47 115
47 122
47 130
47 139
47 145
47 211
47 255
47 286
48 101
48 105
48 130
48 259
48 285
49 124
49 132
49 136
49 205
50 130
50 163
50 167
50 180
50 205
50 255
50 314
51 89
51 100
51 178
51 188
51 206
51 213
51 230
51 286
52 96
52 97
52 99
53 80
54 99
54 133
54 180
54 279
55 131
55 134
55 219
55 272
56 104
56 124
56 134
56 180
56 200
56 221
56 224
57 60
57 180
58 123
58 130
58 135
59 80
59 106
59 114
59 133
59 134
59 135
59 148
59 184
59 201
59 230
59 232
59 287
60 67
60 131
60 135
60 156
60 179
60 231
60 232
60 233
60 247
61 150
61 206
61 208
62 73
62 102
62 148
62 239
62 241
62 271
62 287
62 302
63 127
63 149
63 179
63 187
63 230
63 235
63 284
63 294
64 66
64 134
64 179
64 188
64 211
64 271
65 174
65 245
66 67
66 80
67 69
67 95
67 106
67 131
67 149
67 181
67 257
67 303
67 308
68 152
68 202
68 223
68 232
69 99
69 159
69 288
70 168
70 210
70 260
71 232
71 238
72 130
72 142
72 176
72 195
72 224
72 233
73 160
73 165
73 188
73 202
74 103
74 108
74 161
74 162
74 242
74 315
75 136
75 149
75 178
75 241
75 298
75 307
76 84
76 145
76 148
77 179
77 180
77 210
77 288
78 206
78 239
78 273
78 286
79 127
79 131
79 132
79 193
79 206
79 212
80 140
80 156
80 158
80 281
81 102
81 129
81 135
81 200
81 233
81 275
81 292
83 148
83 251
83 254
83 265
83 277
83 286
83 289
84 104
84 160
85 218
85 230
85 239
86 106
86 129
86 131
86 149
87 211
87 214
87 293
88 134
88 148
89 136
89 151
89 196
89 243
89 279
89 287
90 133
91 123
91 180
92 99
92 200
92 212
93 118
93 129
93 138
93 260
94 135
94 200
94 206
94 267
94 272
95 157
96 110
96 120
96 134
96 217
96 244
96 286
96 302
97 117
97 142
97 145
97 191
97 200
97 211
97 232
98 131
98 200
98 281
98 287
98 293
99 130
99 163
99 268
100 101
100 131
100 306
101 142
101 205
101 271
102 122
102 129
102 130
102 152
102 153
102 215
102 255
102 256
103 133
103 136
103 153
103 156
103 213
103 263
104 136
104 153
104 167
104 200
104 210
104 218
104 260
105 156
105 211
106 200
106 204
106 211
106 231
106 304
106 314
107 210
107 238
107 275
107 277
108 118
108 158
108 179
108 218
108 299
109 110
109 131
109 134
109 140
109 276
110 131
110 133
110 136
110 152
110 207
110 212
110 224
110 232
111 133
111 277
111 304
111 312
112 135
112 213
112 246
113 145
113 267
113 304
114 126
114 214
114 242
114 307
114 310
115 188
116 311
117 124
117 185
117 210
117 276
117 310
118 138
118 147
118 152
118 164
118 200
118 212
118 229
118 232
118 238
118 286
118 287
118 289
118 305
119 164
119 194
119 285
120 122
120 128
121 180
121 221
122 140
122 157
122 188
122 212
122 278
123 143
123 195
124 128
124 129
124 156
124 167
124 249
124 252
124 266
124 281
124 306
125 130
126 157
126 160
127 224
127 288
127 299
128 133
128 145
128 152
128 230
128 247
129 133
129 136
129 157
129 162
129 188
129 205
129 209
129 210
129 218
129 241
129 242
129 252
129 260
129 263
129 266
129 288
129 292
129 305
129 309
130 140
130 157
130 160
130 169
130 214
130 220
130 243
130 251
130 279
130 284
131 166
131 174
131 210
131 218
131 225
131 231
131 239
131 241
131 287
131 289
132 152
132 205
132 234
133 135
133 156
133 187
133 188
133 205
133 211
133 217
133 231
133 234
133 237
133 249
133 273
133 276
133 294
133 315
134 135
134 156
134 162
134 179
134 182
134 193
134 204
134 210
134 219
134 244
134 249
134 268
134 272
134 279
134 296
134 310
134 315
135 136
135 142
135 156
135 161
135 191
135 202
135 208
135 210
135 239
135 249
135 269
135 278
135 287
135 298
136 149
136 160
136 173
136 185
136 188
136 200
136 201
136 217
136 249
136 255
136 269
137 162
137 229
138 260
138 293
139 142
139 193
139 210
139 271
140 192
140 220
140 266
140 314
141 180
141 219
142 209
142 210
142 223
142 238
142 261
142 265
142 279
143 288
145 173
145 230
145 271
146 286
147 193
147 248
147 252
148 180
148 234
149 174
149 255
149 271
149 285
150 164
150 205
150 252
150 303
150 310
151 180
152 167
152 184
152 249
152 258
152 260
152 281
152 299
153 284
153 288
154 231
154 248
154 286
154 296
154 299
156 157
156 167
156 185
156 188
156 217
156 222
156 228
156 249
156 276
156 287
156 290
157 172
157 188
157 224
157 236
157 237
157 310
159 166
159 233
159 240
159 271
159 275
160 239
160 308
160 312
161 163
161 233
161 291
162 275
164 185
164 302
164 309
164 315
165 200
165 206
165 289
166 180
166 264
166 293
166 294
167 209
167 220
167 265
168 275
168 287
168 307
169 244
169 286
171 212
171 304
172 215
173 211
173 220
174 215
174 233
176 193
177 259
177 288
179 201
179 233
179 285
179 288
180 184
180 207
180 229
180 259
180 261
180 275
180 298
181 255
181 287
184 197
184 200
185 196
185 205
185 233
185 260
185 270
186 287
187 263
188 198
188 204
188 227
188 269
188 287
189 249
189 308
190 200
190 270
191 193
191 204
192 215
192 242
192 293
193 231
194 231
194 239
195 201
195 288
198 212
199 271
200 217
200 252
201 236
202 208
202 220
202 258
203 220
204 288
205 235
206 208
206 238
206 288
206 293
208 249
210 211
210 242
210 277
210 292
211 224
213 292
214 224
214 305
215 249
215 258
217 246
217 275
217 288
218 257
218 302
219 222
219 266
219 278
220 299
220 304
222 242
222 271
223 225
223 257
224 249
224 258
224 287
224 298
227 288
228 272
228 279
229 295
231 255
231 272
232 252
232 285
232 293
235 243
235 287
236 268
239 287
239 295
241 249
241 258
243 278
244 277
247 248
249 271
252 259
252 270
256 296
257 283
257 304
258 288
258 289
260 272
262 286
267 305
269 293
269 297
270 297
275 309
279 288
284 292
286 287
293 295
298 309
302 307
