0 30
0 130
0 167
0 215
1 102
1 104
1 107
1 163
2 25
2 59
2 62
2 99
2 110
2 130
2 156
2 173
2 219
2 224
2 233
2 241
2 271
2 276
2 286
2 288
2 303
2 304
2 309
3 193
3 224
3 250
3 313
4 8
4 122
4 135
4 173
4 210
4 224
5 34
5 44
5 117
5 129
5 130
5 137
5 178
5 192
5 211
5 218
5 257
5 288
6 7
6 30
6 42
6 59
6 76
6 130
6 135
6 193
6 204
6 206
6 303
7 11
7 18
7 20
7 43
7 129
7 184
7 200
7 245
7 279
7 286
7 304
8 36
8 47
8 48
8 107
8 113
8 116
8 122
8 154
8 156
8 165
8 173
8 193
8 205
8 212
8 218
8 234
8 249
8 267
8 287
8 306
9 43
9 133
9 160
9 167
9 231
9 232
9 279
10 80
10 179
10 218
10 258
10 287
10 298
11 130
11 138
11 156
11 218
11 234
11 271
12 48
12 135
12 136
12 200
12 304
13 30
13 58
13 103
13 149
13 281
13 288
13 302
13 309
14 28
14 37
14 89
14 94
14 156
14 238
14 260
15 43
15 50
15 85
15 88
15 152
16 18
16 28
16 35
16 47
16 51
16 62
16 96
16 103
16 121
16 122
16 129
16 130
16 144
16 167
16 185
16 188
16 204
16 235
16 242
16 309
17 108
17 156
18 59
18 75
18 150
18 167
18 174
18 187
18 284
19 67
19 134
19 135
19 188
19 241
20 61
20 62
20 68
20 115
20 129
20 140
20 221
20 241
20 249
20 302
20 311
21 87
21 129
22 105
22 205
22 268
23 69
23 74
23 271
23 287
24 39
24 48
24 125
24 156
24 215
25 38
25 42
25 59
25 88
25 95
25 135
25 157
25 188
25 212
25 248
25 314
26 122
26 124
26 175
26 180
26 298
26 309
27 129
27 145
27 174
27 193
28 36
28 140
28 149
28 157
28 163
28 201
28 216
28 234
28 258
28 287
29 78
29 118
29 124
29 130
29 144
29 179
29 188
29 233
29 260
30 35
30 63
30 156
30 193
30 214
30 223
30 246
30 260
31 68
31 78
31 81
31 83
31 109
31 128
31 130
31 134
31 164
31 205
31 229
31 238
31 303
32 41
32 87
32 98
32 121
32 124
32 150
32 180
32 215
32 304
33 37
33 67
33 81
33 86
33 130
33 179
33 188
33 275
33 276
33 285
33 311
34 75
34 122
34 181
34 184
34 211
34 276
35 44
35 56
35 64
35 131
35 132
35 249
36 74
36 104
36 105
36 129
36 133
36 138
36 160
36 267
37 45
37 60
37 140
38 98
38 100
38 108
38 135
38 143
38 213
38 216
39 52
39 118
39 150
39 179
39 226
39 292
40 78
40 133
40 167
40 184
40 238
40 283
41 47
41 101
41 118
41 131
41 140
41 258
42 60
43 45
43 58
43 106
43 129
43 185
43 207
43 279
43 288
44 89
44 109
44 136
44 138
45 61
45 152
45 156
45 177
45 185
45 202
45 223
45 224
45 238
45 283
45 303
46 51
46 78
46 87
46 105
46 129
46 131
46 137
46 148
46 167
46 184
46 214
46 224
46 286
47 52
47 89
47 99
47 136
47 158
47 236
47 245
47 260
47 279
47 292
47 314
48 150
48 223
48 301
49 98
49 224
49 241
50 103
50 133
50 219
51 106
51 149
51 174
51 188
51 191
51 198
51 238
51 259
51 288
52 157
53 189
53 200
54 60
54 125
54 167
54 202
54 277
54 286
55 80
55 134
55 188
55 298
56 152
56 168
57 122
57 129
57 315
58 136
58 281
59 88
59 102
59 103
59 105
59 110
59 133
59 134
59 169
59 192
59 214
59 218
59 224
59 233
59 258
59 283
59 306
59 311
60 110
60 121
60 129
60 148
60 158
60 161
60 164
60 167
60 231
60 278
61 86
61 130
61 135
62 64
62 73
62 74
62 129
62 200
62 224
63 133
63 135
64 103
64 130
64 150
64 171
64 285
64 287
65 87
65 138
66 104
66 229
67 74
67 83
67 102
67 122
67 157
67 161
67 191
67 224
67 248
67 258
67 289
68 72
68 73
68 114
68 121
68 134
68 179
68 236
68 255
68 276
68 286
68 305
69 102
69 156
69 218
69 237
69 303
70 80
70 104
70 244
70 303
71 114
71 155
71 156
72 208
73 74
73 128
73 188
74 100
74 116
74 135
74 136
74 166
74 239
74 294
75 92
75 94
75 102
75 112
75 134
75 188
75 189
75 200
76 102
76 130
76 148
76 153
76 172
76 191
76 264
77 102
77 124
77 209
77 243
78 85
78 103
78 146
78 205
78 224
78 242
79 118
79 299
80 83
80 131
80 133
80 135
80 153
80 206
80 310
81 133
81 140
81 156
81 206
81 288
81 296
83 97
83 137
83 265
83 272
83 302
84 144
85 101
85 138
85 156
85 188
85 213
85 249
86 133
86 193
86 239
86 244
87 116
87 215
87 239
87 285
88 133
88 148
88 184
89 90
89 134
89 168
89 278
89 285
90 133
90 149
91 192
91 207
91 235
92 129
92 135
92 156
92 181
92 234
92 288
93 231
93 288
94 111
94 129
94 131
94 133
94 188
95 231
95 235
95 260
96 97
96 129
96 224
96 292
97 107
97 122
97 201
98 134
98 135
98 205
98 239
98 249
99 108
99 156
99 239
100 142
100 179
101 112
101 132
101 148
101 152
101 177
101 236
101 270
101 291
102 103
102 134
102 137
102 166
102 202
102 227
102 256
103 152
103 156
103 160
103 184
103 206
103 231
103 233
103 241
104 173
104 185
104 242
104 260
104 281
105 129
105 131
105 136
105 202
106 122
106 147
106 220
106 230
106 264
106 308
107 131
107 204
108 131
108 141
108 156
108 182
108 185
108 202
108 206
108 220
108 272
109 136
109 156
109 272
110 129
110 133
110 135
110 159
110 179
110 210
110 213
110 249
110 270
110 283
110 294
110 297
110 312
111 132
111 159
111 186
111 255
111 287
112 140
112 160
113 122
113 140
113 286
113 289
114 218
115 231
115 238
115 286
116 121
116 167
116 258
117 130
117 131
117 193
118 131
118 134
118 135
118 167
118 188
118 206
118 278
118 312
119 145
119 156
119 245
119 252
120 123
120 140
120 151
120 242
120 309
121 133
121 205
121 287
121 305
122 128
122 132
122 135
123 183
123 204
124 136
124 157
124 190
124 248
124 249
124 278
126 129
126 164
127 265
127 273
127 286
128 156
128 224
128 265
128 287
129 133
129 134
129 149
129 154
129 158
129 186
129 193
129 200
129 220
129 229
129 234
129 245
129 258
129 276
129 282
129 285
129 286
129 287
129 288
129 311
130 133
130 142
130 149
130 167
130 168
130 187
130 200
130 210
130 224
130 226
130 229
130 232
130 238
130 256
130 279
130 288
130 313
131 133
131 167
131 185
131 186
131 193
131 206
131 207
131 208
131 215
131 239
131 286
131 290
131 292
131 310
131 314
132 193
132 210
132 216
132 272
133 134
133 136
133 156
133 157
133 160
133 184
133 206
133 218
133 232
133 237
133 238
133 245
133 255
133 262
133 265
133 275
133 303
134 136
134 143
134 156
134 160
134 174
134 192
134 201
134 212
134 218
134 245
134 252
134 287
134 293
134 308
135 138
135 143
135 153
135 161
135 188
135 191
135 218
135 238
135 251
135 257
135 258
135 259
135 260
135 281
135 287
136 154
136 157
136 160
136 161
136 247
136 276
136 282
136 292
137 220
137 227
137 301
138 217
138 224
139 191
139 231
139 244
140 162
140 195
140 223
140 279
140 301
141 199
142 174
142 215
143 229
143 233
143 266
143 285
145 149
145 156
145 167
145 242
145 244
145 273
145 288
145 307
146 156
147 177
148 188
148 240
148 301
149 176
149 233
149 238
149 267
149 280
149 299
149 301
150 197
150 218
152 217
153 195
153 276
155 157
156 162
156 180
156 201
156 208
156 210
156 232
156 242
156 286
156 293
157 161
157 241
157 249
158 248
158 297
160 167
160 205
160 229
160 301
160 303
161 172
161 220
161 244
161 279
162 210
162 232
162 278
162 305
162 307
163 303
164 188
164 191
164 254
164 279
165 259
167 179
167 188
167 196
167 200
167 230
167 255
168 171
168 200
168 301
169 231
169 274
171 200
171 303
172 242
173 299
174 243
174 271
174 288
176 308
178 238
179 193
179 264
179 268
180 193
180 195
180 207
180 218
180 241
180 262
180 308
181 242
181 295
182 217
182 298
184 268
185 205
185 238
188 220
188 232
188 239
188 241
188 285
188 288
188 297
188 307
188 314
189 201
191 200
191 208
191 216
191 315
192 196
192 286
192 293
193 286
193 288
194 293
196 215
196 276
198 255
199 270
200 212
200 222
200 233
200 308
204 212
204 262
205 254
205 288
206 211
206 215
206 218
206 232
206 285
206 299
208 217
208 237
208 277
208 297
209 223
210 218
210 238
211 272
212 291
214 229
214 236
215 257
215 272
215 276
215 313
216 269
216 301
218 221
218 233
218 241
218 285
219 252
220 242
220 254
220 257
223 299
224 232
224 266
225 288
226 230
228 309
231 239
231 247
231 305
232 283
232 290
232 308
236 288
237 239
237 294
237 311
238 285
238 301
238 315
239 242
239 297
239 308
240 264
240 287
243 282
244 286
245 280
246 287
247 264
248 299
249 272
250 264
255 269
256 293
257 298
258 311
259 275
259 286
260 285
261 263
263 305
264 281
268 295
271 309
272 277
272 286
272 291
272 306
273 303
274 287
275 285
276 313
279 307
286 300
291 298
