0 75
0 208
0 282
0 291
1 25
1 114
1 130
1 184
1 210
1 212
1 242
1 257
2 18
2 28
2 41
2 62
2 75
2 76
2 93
2 99
2 121
2 130
2 205
2 206
2 233
2 234
2 259
2 265
2 276
2 285
2 287
3 36
3 101
3 185
3 194
3 285
4 64
4 188
5 46
5 50
5 134
5 136
5 200
5 224
5 276
6 228
6 239
6 269
7 24
7 89
7 97
7 102
7 124
7 134
7 136
7 148
7 162
7 180
7 215
7 233
7 234
7 292
7 306
8 9
8 92
8 98
8 99
8 118
8 131
8 133
8 139
8 148
8 157
8 159
8 180
8 193
8 219
8 267
8 270
8 287
8 307
8 308
8 314
9 92
9 103
9 128
9 142
9 156
9 176
10 54
10 111
10 157
10 162
11 17
11 33
11 283
12 63
12 101
12 103
12 146
12 200
12 210
12 212
12 239
12 298
12 301
13 73
13 117
13 129
13 151
13 194
13 210
14 59
14 92
14 106
14 110
14 129
14 149
14 179
14 212
14 287
14 288
15 68
15 97
16 110
16 121
16 122
16 130
16 136
16 138
16 139
16 142
16 161
16 178
16 234
16 264
16 291
17 154
17 169
17 206
18 59
18 115
18 122
18 133
18 247
18 288
19 38
19 75
19 78
19 98
19 115
19 133
19 135
19 153
20 31
20 33
20 37
20 89
20 107
20 130
20 140
20 220
21 35
21 62
21 73
21 120
21 129
21 134
21 283
21 286
22 33
22 87
22 174
23 39
23 75
23 96
23 102
23 154
23 225
23 291
23 296
24 104
25 35
25 43
25 135
25 287
26 142
26 147
26 163
26 220
27 43
27 75
27 78
27 287
28 51
28 117
28 229
29 39
29 66
29 133
29 238
29 259
30 32
30 54
30 59
30 92
30 94
30 106
30 140
30 176
30 191
31 46
31 78
31 81
31 94
31 95
31 101
31 130
31 134
31 152
31 160
31 179
31 188
31 194
31 211
31 232
31 264
31 269
32 77
32 94
32 124
32 129
32 130
32 136
32 154
32 167
32 188
32 206
32 234
32 249
32 250
32 256
32 264
32 266
32 279
32 303
33 50
33 55
33 126
33 134
33 135
33 140
33 152
33 166
33 231
33 288
34 135
34 154
34 156
34 206
34 213
34 265
34 284
35 41
35 63
35 68
35 124
35 136
35 159
36 77
36 94
36 130
36 167
36 238
36 242
36 287
37 59
37 64
37 75
37 134
37 148
37 203
37 249
38 79
38 169
38 283
39 67
39 94
39 136
39 288
40 56
40 110
40 124
40 130
40 136
40 139
40 197
40 218
40 233
40 241
41 98
41 101
41 119
41 130
41 200
41 224
41 249
42 140
42 149
42 208
43 156
43 200
43 210
44 88
44 102
44 103
44 130
45 57
45 59
45 60
45 101
45 140
45 207
45 227
45 243
45 260
45 283
45 284
46 49
46 57
46 60
46 87
46 104
46 134
46 135
46 154
46 156
46 260
46 269
46 286
46 288
47 54
47 94
47 107
47 108
47 156
47 231
47 292
48 139
48 188
48 211
48 252
48 286
48 290
48 309
49 135
49 151
50 75
50 89
50 95
50 107
50 154
50 160
50 162
50 168
50 171
50 252
50 272
51 62
51 92
51 114
51 132
51 133
51 143
51 152
51 239
52 80
52 131
52 167
52 225
53 156
54 59
54 156
54 285
55 67
55 313
56 144
56 184
56 279
56 298
56 304
57 91
58 102
58 134
58 243
59 73
59 113
59 135
59 152
59 159
59 164
59 174
59 208
59 233
59 241
59 257
59 261
59 264
59 267
60 120
60 121
60 122
60 124
60 140
60 142
60 280
60 287
61 160
61 234
62 133
62 155
62 193
62 201
63 105
63 156
63 180
63 276
63 292
64 68
64 122
64 138
64 143
64 156
64 221
64 307
65 128
65 133
66 74
66 108
66 159
67 101
67 124
67 130
67 131
67 133
67 134
67 167
67 218
67 258
67 263
67 285
67 286
68 136
68 180
68 243
68 273
68 288
68 302
69 135
70 160
70 235
70 285
71 111
71 148
71 287
72 186
72 205
73 91
73 180
73 315
74 135
74 145
74 156
74 250
74 310
75 107
75 119
75 128
75 157
75 163
75 195
75 211
75 239
76 124
76 197
76 287
77 135
77 142
77 156
77 157
77 216
77 242
78 87
78 88
78 166
78 231
78 278
79 137
79 154
79 166
79 188
80 99
80 128
80 161
80 166
80 228
80 234
80 249
80 293
81 132
81 167
81 181
81 194
81 285
82 244
82 272
83 108
83 133
83 167
83 202
83 288
84 158
84 215
84 285
85 133
85 183
85 254
86 104
86 109
86 128
86 129
86 134
86 152
87 106
87 292
88 99
88 124
88 129
88 132
88 142
88 293
89 109
89 130
89 148
89 156
89 201
89 241
90 134
91 184
91 185
91 258
92 132
92 140
92 180
92 182
92 211
92 269
92 275
92 287
92 303
93 264
93 314
94 106
94 129
94 133
94 156
94 271
94 287
95 134
95 298
95 307
96 117
96 130
96 149
96 150
96 157
96 206
97 160
97 180
99 160
99 230
99 239
99 301
100 133
100 196
101 130
101 147
101 156
101 205
101 234
102 133
102 149
102 156
102 162
102 167
102 174
102 188
102 206
102 259
102 272
102 292
103 129
103 133
103 134
103 154
103 157
103 175
103 179
103 205
103 241
103 305
104 124
104 130
104 137
104 171
104 200
104 275
104 283
105 132
105 134
105 139
105 275
105 287
106 131
106 145
106 218
106 231
106 238
106 266
106 275
107 124
107 135
107 213
107 270
108 160
108 178
108 179
109 115
109 136
109 148
109 207
109 297
110 130
110 171
110 192
110 197
110 256
110 269
110 286
111 180
111 255
112 136
113 287
114 124
114 135
114 152
114 156
114 243
114 293
114 296
115 149
115 193
115 233
115 238
117 129
117 215
117 261
117 266
117 288
118 156
118 159
118 238
118 242
118 273
118 276
118 298
118 305
119 185
119 199
120 162
121 135
121 138
121 141
121 218
121 305
122 133
122 216
122 220
122 258
122 294
123 160
123 181
123 204
123 230
123 254
124 131
124 192
124 272
124 275
125 249
125 282
126 129
126 305
127 130
127 131
127 235
127 237
127 305
128 146
128 160
128 187
128 214
128 249
128 291
129 135
129 138
129 167
129 169
129 173
129 179
129 192
129 215
129 218
129 236
129 243
129 265
129 275
129 288
129 295
130 133
130 134
130 135
130 157
130 160
130 180
130 196
130 210
130 219
130 220
130 232
130 237
130 264
130 269
130 280
130 287
130 290
130 291
130 292
130 305
131 134
131 162
131 176
131 181
131 188
131 200
131 211
131 216
131 230
131 261
131 270
131 272
131 310
132 263
133 148
133 152
133 157
133 165
133 178
133 200
133 210
133 215
133 219
133 238
133 242
133 284
133 285
133 293
133 304
134 160
134 167
134 171
134 175
134 185
134 193
134 197
134 218
134 220
134 232
134 233
134 237
134 239
134 243
134 245
134 249
134 269
134 275
134 287
134 290
134 302
134 307
135 136
135 154
135 202
135 212
135 229
135 271
135 287
136 184
136 195
136 210
136 247
136 249
136 255
136 262
136 275
136 298
137 151
138 258
138 285
138 311
139 185
139 216
140 149
140 216
140 295
140 308
140 313
141 200
142 143
142 164
142 187
142 206
142 219
142 261
142 265
142 267
142 270
143 145
143 156
143 179
143 290
145 153
145 224
145 233
146 201
146 258
147 228
147 295
148 157
148 247
148 254
149 181
149 197
149 287
149 315
150 156
150 161
150 210
151 276
152 183
152 216
152 218
152 259
152 291
152 310
153 167
154 269
155 200
155 214
155 239
156 164
156 166
156 209
156 213
156 216
156 223
156 225
156 235
156 263
156 287
156 298
156 304
157 162
157 195
157 224
157 246
159 179
159 264
159 286
160 200
160 259
160 288
160 305
161 211
161 219
162 179
162 217
162 249
163 248
164 219
164 224
166 177
166 197
166 218
166 267
167 182
167 188
167 210
167 222
167 232
167 254
167 303
167 305
168 200
168 265
168 302
169 212
169 287
170 271
173 275
174 250
175 193
176 234
176 238
177 206
177 208
179 218
179 248
179 272
180 249
180 261
180 307
181 191
182 185
182 209
182 299
184 193
185 193
185 239
187 220
188 236
188 286
188 288
190 239
190 258
190 303
191 287
192 298
192 304
192 311
193 198
193 202
193 231
193 244
193 249
194 263
195 219
195 229
195 231
196 281
197 238
198 284
199 303
200 239
200 241
200 245
200 249
200 265
200 282
200 285
200 287
201 208
201 240
201 252
201 295
203 224
203 287
204 251
204 288
205 257
206 224
207 246
207 248
208 219
208 239
208 246
208 260
208 261
208 293
208 312
209 235
209 255
209 287
210 213
210 239
210 269
210 287
210 292
210 297
211 218
211 241
211 248
212 220
212 224
213 241
215 258
215 286
215 291
216 222
216 250
217 222
217 279
218 220
218 249
218 287
218 302
219 252
219 281
219 287
219 288
220 295
220 304
223 242
223 248
223 249
224 266
224 267
224 291
226 234
226 287
229 234
231 258
231 293
232 233
233 285
234 239
234 288
239 240
239 308
240 285
241 255
241 268
241 285
241 290
242 273
243 258
243 298
247 274
247 276
249 282
249 288
255 314
260 296
264 280
267 301
267 304
268 287
268 288
269 287
273 277
279 287
285 294
286 301
286 303
286 304
286 307
288 298
291 293
293 298
298 305
