0 40
0 111
0 134
0 145
0 217
0 220
0 310
1 102
1 135
1 221
1 240
1 288
2 14
2 44
2 46
2 62
2 118
2 119
2 130
2 149
2 188
2 193
2 200
2 240
2 260
2 264
2 267
2 287
3 147
3 272
3 285
4 133
4 149
4 205
4 286
4 305
5 32
5 58
5 122
5 133
5 179
6 13
6 118
6 173
7 16
7 31
7 36
7 85
7 87
7 129
7 219
7 224
7 287
7 309
8 32
8 36
8 43
8 80
8 97
8 103
8 105
8 110
8 131
8 134
8 135
8 168
8 195
8 206
8 299
8 304
9 95
9 98
9 118
9 134
9 268
9 301
9 304
10 33
10 279
11 67
11 131
11 135
11 240
11 263
12 36
12 46
12 50
12 68
12 106
12 130
12 153
12 156
12 249
12 286
12 287
13 111
13 155
13 184
13 231
13 269
13 304
14 58
14 60
14 101
14 118
14 122
14 130
14 192
14 212
14 220
15 94
15 215
15 244
15 286
16 51
16 97
16 98
16 124
16 135
16 142
16 165
16 172
16 182
16 196
16 209
16 217
16 250
16 264
16 284
17 41
17 74
17 94
17 134
17 193
18 38
18 86
18 101
18 133
18 224
18 233
18 234
18 260
18 276
18 284
18 287
19 296
20 40
20 114
20 120
20 134
20 137
20 200
20 211
20 219
20 245
20 273
20 285
21 83
21 136
21 162
21 197
22 282
23 135
23 155
23 208
24 33
24 55
24 64
24 145
24 152
24 164
24 167
24 211
24 276
25 31
25 62
25 114
25 157
25 205
25 227
25 237
25 283
26 131
26 206
27 156
27 205
27 307
28 45
28 77
28 89
28 133
29 33
29 41
29 76
29 118
29 133
29 220
29 232
29 258
29 259
29 293
30 48
30 68
30 75
30 80
30 132
30 142
30 181
30 188
30 279
31 33
31 41
31 56
31 72
31 81
31 90
31 105
31 133
31 134
31 145
31 177
31 193
31 208
31 213
31 219
31 248
31 258
31 265
32 55
32 118
32 130
32 133
32 134
32 156
32 180
32 197
32 211
32 242
32 287
32 302
33 38
33 41
33 45
33 59
33 67
33 94
33 95
33 124
33 134
33 159
33 284
33 288
33 289
33 296
34 46
34 49
34 77
34 118
34 119
34 130
34 135
34 239
35 68
35 78
35 117
35 121
35 131
35 159
35 197
35 271
36 52
36 133
36 220
37 134
37 163
37 164
37 242
37 252
37 255
38 59
38 61
38 156
39 304
39 305
40 59
40 131
40 134
40 136
40 177
40 205
40 216
40 286
41 124
41 130
41 133
41 152
41 201
41 241
42 57
42 81
42 89
42 103
42 124
42 179
42 242
42 286
43 87
43 128
43 159
43 200
43 239
43 260
43 282
44 66
44 149
44 179
44 211
44 242
45 134
45 145
45 206
45 269
45 304
45 315
46 85
46 167
46 249
46 264
46 304
47 67
47 129
47 131
47 217
48 80
48 137
48 148
49 51
49 108
49 117
49 130
49 141
49 157
49 173
49 212
49 285
50 88
50 103
50 156
50 160
50 218
50 252
50 255
50 265
51 129
51 178
51 205
51 314
52 164
52 209
53 179
54 99
54 127
54 139
54 169
54 216
54 227
54 239
54 284
55 72
55 115
55 174
56 104
56 130
56 176
56 184
56 243
56 262
56 275
56 289
56 303
57 131
57 232
58 96
58 109
58 164
58 273
58 315
59 75
59 134
59 135
59 168
59 185
59 202
59 218
59 223
60 78
60 109
60 130
60 210
60 214
60 276
60 289
60 292
61 101
61 115
61 131
61 159
61 182
61 208
61 233
62 81
62 89
62 104
62 116
62 134
62 156
63 104
63 215
63 258
64 139
64 160
64 181
64 215
64 253
64 283
64 287
64 295
65 249
66 268
67 104
67 124
67 149
67 156
67 160
67 161
67 171
67 179
67 244
67 271
68 91
68 109
68 138
68 197
68 202
68 269
69 74
69 80
69 220
70 135
70 210
70 223
71 136
71 138
71 156
71 269
71 297
72 208
72 249
72 282
73 98
74 94
74 117
74 132
74 135
74 145
74 157
74 193
74 194
74 239
74 291
75 102
75 123
75 124
75 136
75 140
75 148
75 149
75 223
75 265
75 275
75 281
76 77
76 173
76 234
77 172
77 189
78 131
78 134
78 140
78 302
79 108
79 109
80 88
80 150
80 151
80 210
80 211
80 275
80 279
80 284
80 293
81 84
81 87
81 120
81 121
81 136
81 193
81 204
81 287
82 197
83 177
83 208
84 244
85 103
85 129
85 130
85 167
85 232
85 305
86 133
86 135
86 156
86 177
87 124
87 163
87 269
88 172
88 224
88 227
89 103
89 238
90 142
90 279
91 135
91 160
91 180
91 280
91 292
92 94
92 102
92 171
92 180
92 197
92 241
92 272
92 290
93 233
94 121
94 156
94 166
94 232
94 275
95 102
95 129
95 131
96 133
96 149
96 214
96 242
96 303
97 180
97 234
97 254
97 262
98 114
98 148
98 193
98 305
98 315
99 135
100 103
100 130
100 145
100 305
101 124
101 134
101 157
101 160
101 257
101 307
102 106
102 130
102 135
102 152
102 189
102 206
102 215
102 272
102 277
102 284
103 118
103 129
103 133
103 152
103 173
103 194
103 207
103 243
103 263
103 271
103 277
103 286
103 287
103 303
103 308
103 309
104 131
104 135
104 138
104 158
104 172
104 188
104 205
104 239
104 286
104 287
104 302
104 307
105 121
105 133
105 166
106 136
106 148
106 174
106 177
106 234
107 130
107 141
107 228
107 233
108 130
108 188
108 200
108 211
108 263
109 117
109 130
109 131
109 134
109 164
109 197
109 222
109 287
110 118
110 129
110 135
110 156
110 255
110 290
110 310
111 180
112 131
112 133
112 139
112 150
112 154
112 156
112 264
113 235
114 122
114 124
114 159
114 166
114 287
114 305
115 133
115 140
117 131
117 157
117 206
117 210
117 310
118 130
118 136
118 148
118 182
118 200
118 210
118 237
118 243
118 247
118 249
120 260
121 283
121 287
122 136
122 162
122 178
122 245
122 287
122 293
123 136
123 165
123 294
123 298
124 134
124 150
124 168
124 286
125 286
126 301
127 129
127 173
127 252
128 157
128 167
128 172
128 195
128 259
128 309
129 130
129 148
129 153
129 159
129 162
129 184
129 186
129 192
129 200
129 205
129 210
129 215
129 232
129 241
129 284
129 287
129 298
129 303
130 134
130 136
130 143
130 148
130 156
130 157
130 164
130 184
130 200
130 215
130 217
130 223
130 244
130 249
130 254
130 267
130 268
130 272
130 286
130 305
131 133
131 145
131 151
131 157
131 175
131 181
131 193
131 210
131 219
131 230
131 249
131 259
131 287
131 305
131 308
131 309
132 167
132 289
132 299
133 135
133 171
133 177
133 181
133 200
133 205
133 249
133 266
133 276
133 284
133 285
133 286
133 303
133 314
134 135
134 148
134 161
134 163
134 167
134 187
134 198
134 200
134 212
134 219
134 223
134 251
134 281
134 287
134 290
135 173
135 174
135 180
135 200
135 201
135 202
135 204
135 206
135 238
135 239
135 243
135 257
135 293
135 302
136 142
136 156
136 173
136 177
136 188
136 217
136 222
136 240
136 247
136 288
136 297
136 302
136 306
137 172
137 276
137 288
138 147
138 177
140 162
140 190
141 243
141 277
141 298
142 191
142 208
142 252
142 296
142 301
145 156
145 216
145 232
145 234
145 288
145 303
146 179
146 255
147 201
147 210
147 303
148 151
148 155
148 165
148 180
148 184
148 185
148 193
148 197
148 260
148 283
148 287
148 301
149 182
149 224
149 267
149 287
149 312
151 210
151 305
152 156
152 242
152 271
152 294
153 172
153 201
153 248
154 179
154 185
154 239
154 258
154 279
155 210
155 215
155 273
156 180
156 182
156 206
156 220
156 252
156 260
156 267
156 275
156 284
156 287
156 297
157 185
157 199
157 202
157 219
157 227
157 265
157 271
157 289
157 305
158 179
158 244
158 259
158 284
158 298
159 165
159 216
159 218
159 224
159 231
159 245
159 275
159 287
159 313
160 167
160 208
160 235
160 293
161 213
161 225
161 232
161 250
161 290
162 305
163 202
163 269
163 314
164 272
164 285
164 308
167 173
167 252
167 281
167 301
171 180
172 180
172 193
172 303
172 304
172 314
173 177
173 180
173 224
173 299
174 224
176 215
177 188
177 264
177 268
179 271
179 314
180 197
180 204
180 249
180 288
180 295
180 303
181 252
182 285
183 281
185 191
185 233
187 193
187 195
187 275
188 192
188 243
189 287
191 193
191 287
191 294
192 210
192 281
193 224
193 309
193 315
195 241
196 288
197 242
197 309
198 273
199 249
200 204
200 290
200 295
200 305
201 213
204 219
204 230
204 232
204 299
204 304
205 236
205 299
206 215
206 217
206 218
206 232
206 238
207 270
207 287
208 219
208 240
209 277
210 224
210 267
210 275
210 279
212 298
214 269
214 295
215 272
215 305
216 221
218 246
218 271
218 290
219 234
220 229
220 251
220 292
221 229
222 276
223 227
223 230
223 233
224 272
224 284
226 249
229 312
231 281
231 283
231 304
232 288
232 313
233 249
233 252
236 295
237 282
239 283
240 264
240 277
240 295
241 287
243 309
244 284
245 259
246 254
249 288
250 287
252 304
257 274
258 284
264 272
264 276
265 279
266 272
267 296
268 285
271 298
275 301
276 303
277 310
281 296
282 286
283 285
285 288
286 287
287 291
287 293
288 291
