0 15
0 25
0 77
0 102
0 167
0 200
0 215
0 268
0 285
1 25
1 216
1 261
2 7
2 11
2 12
2 21
2 28
2 47
2 51
2 133
2 149
2 156
2 170
2 192
2 210
2 213
2 234
2 266
2 283
2 306
3 6
3 29
3 50
3 118
3 172
3 246
3 269
3 296
4 12
4 21
4 140
4 156
4 166
5 74
5 129
5 142
5 208
5 220
5 243
6 10
6 24
6 102
6 118
6 120
6 135
6 167
6 223
6 270
7 16
7 23
7 28
7 31
7 39
7 78
7 91
7 106
7 133
7 158
7 186
7 212
7 215
7 257
8 98
8 130
8 131
8 149
8 156
8 211
8 287
9 31
9 68
9 129
9 130
9 188
9 193
9 271
10 132
10 134
10 136
11 97
11 99
11 213
12 16
12 51
12 69
12 78
12 89
12 119
12 131
12 142
12 206
12 214
12 231
12 264
12 269
12 272
12 298
13 24
13 55
13 122
13 138
13 143
13 197
13 271
14 25
14 32
14 87
14 98
14 110
14 118
14 123
14 128
14 131
14 154
14 162
14 196
14 264
14 286
14 295
15 32
15 60
15 148
15 205
15 214
16 30
16 39
16 56
16 67
16 87
16 123
16 129
16 130
16 148
16 155
16 158
16 206
16 267
16 278
16 281
17 87
17 190
17 309
18 20
18 103
18 117
18 149
18 182
18 193
18 206
18 268
18 293
19 28
19 37
19 41
19 109
19 167
19 241
19 285
19 297
19 308
20 38
20 75
20 128
20 130
20 156
20 157
20 198
20 214
20 276
21 49
21 55
21 130
21 134
21 208
21 287
21 307
22 33
22 167
22 242
23 104
23 118
23 149
23 154
23 159
23 279
23 282
24 27
24 51
24 62
24 110
24 234
25 64
25 81
25 87
25 129
25 200
25 227
25 235
25 247
26 145
26 158
26 167
26 209
27 28
27 33
27 180
27 220
27 301
28 59
28 77
28 103
28 137
28 214
28 231
28 239
28 272
29 61
29 135
29 194
29 287
30 60
30 95
30 98
30 122
30 133
30 157
30 213
30 218
30 227
30 288
30 290
30 304
31 51
31 59
31 66
31 68
31 127
31 149
31 207
31 281
31 293
32 40
32 67
32 73
32 85
32 102
32 116
32 125
32 129
32 136
32 166
32 206
32 231
32 258
32 299
33 60
33 93
33 101
33 124
33 130
33 135
33 216
33 273
33 284
34 78
34 93
34 104
34 264
34 298
35 80
35 103
35 129
35 130
35 131
35 154
35 188
35 189
35 249
35 269
36 103
36 110
36 135
36 167
36 231
36 244
36 286
37 45
37 96
37 117
37 129
37 152
38 95
38 110
38 111
38 156
38 248
39 141
39 246
39 276
40 63
40 128
40 130
40 159
40 167
40 202
41 135
41 145
41 177
42 56
42 98
42 179
42 191
42 206
42 218
43 50
43 67
43 80
43 85
43 134
43 135
43 143
43 200
43 295
44 49
44 133
44 265
44 270
45 60
45 81
45 130
45 149
45 188
45 216
45 220
45 224
45 251
45 271
45 275
46 64
46 99
46 122
46 136
46 291
46 298
47 67
47 94
47 135
47 150
47 156
47 166
47 237
47 249
47 254
47 284
48 313
49 51
49 78
49 141
49 167
49 169
49 185
49 204
50 90
50 115
50 171
50 218
50 232
50 269
51 90
51 100
51 118
51 149
51 165
51 179
51 193
51 215
51 284
51 314
52 236
52 312
53 83
54 134
54 293
55 129
55 130
55 133
55 149
55 188
55 233
56 83
56 124
56 133
56 135
56 157
56 169
56 269
56 273
56 286
56 288
57 116
58 264
58 273
59 71
59 74
59 97
59 152
59 154
59 193
59 257
60 156
60 186
60 188
60 207
60 285
60 288
60 296
61 152
61 244
61 262
61 272
61 303
62 85
62 136
62 143
62 156
62 215
62 220
62 303
62 305
63 112
63 118
63 122
63 135
64 89
64 103
64 129
64 131
64 169
64 172
64 210
64 232
64 236
66 86
66 151
66 191
66 224
67 128
67 133
67 167
67 205
68 73
68 136
68 220
68 239
68 248
68 267
69 249
69 309
70 135
70 139
70 140
70 288
71 106
71 201
71 252
71 255
71 288
72 110
72 129
72 136
72 156
72 173
72 179
73 124
73 130
73 131
73 167
73 179
73 195
73 249
73 252
74 104
74 111
74 129
74 131
74 133
74 134
74 135
74 136
74 147
74 162
74 193
74 241
74 268
74 276
74 284
74 287
75 84
75 141
75 159
75 196
75 210
75 249
75 258
75 272
75 314
76 131
76 157
76 266
76 296
76 310
77 145
77 242
78 135
78 237
78 309
79 106
79 107
79 131
79 213
79 307
80 90
80 100
80 133
80 136
80 153
80 205
80 239
80 288
81 85
81 106
81 131
81 157
81 167
81 287
81 309
82 133
83 129
83 166
83 167
84 133
85 87
85 96
85 102
85 130
85 133
86 129
86 130
86 177
86 290
87 100
87 152
87 158
87 163
87 181
87 200
87 206
87 220
87 244
87 255
87 285
88 100
89 103
89 156
89 180
89 200
89 242
89 258
90 195
91 119
91 218
91 225
91 273
91 299
92 102
92 110
92 111
92 131
92 140
92 221
93 157
93 185
94 126
94 288
95 118
95 230
95 262
95 267
96 112
96 118
96 128
96 134
96 148
96 156
96 160
96 167
96 245
96 249
97 106
97 179
97 264
98 173
98 185
98 249
98 252
99 130
99 157
99 174
99 185
99 186
99 230
100 249
101 103
101 147
101 148
101 156
101 161
101 210
101 233
101 236
102 124
102 130
102 143
102 185
102 220
102 251
103 125
103 132
103 160
103 182
103 197
103 271
104 150
104 156
104 161
104 179
104 227
104 272
105 233
105 287
106 124
106 154
106 163
106 219
106 243
106 254
106 303
107 157
107 242
107 301
108 191
108 208
108 260
108 277
108 301
109 124
109 176
109 203
109 267
109 314
110 156
110 215
110 258
110 304
113 134
113 219
113 232
113 308
114 119
114 167
114 180
114 183
115 120
115 131
115 133
115 169
115 214
115 285
116 136
117 129
117 215
117 238
117 240
117 311
118 130
118 133
118 135
118 156
118 165
118 168
118 171
118 179
118 200
118 252
118 275
119 143
119 156
119 178
119 206
119 244
119 293
120 135
120 278
121 129
121 132
121 143
121 166
122 131
122 147
122 180
122 210
122 212
122 241
123 201
123 312
124 160
124 169
124 180
124 193
124 202
124 206
124 220
124 224
124 226
124 242
124 259
124 283
125 156
126 297
127 249
127 263
127 272
127 305
128 224
128 242
128 261
128 296
129 130
129 133
129 142
129 162
129 167
129 172
129 185
129 195
129 200
129 209
129 213
129 224
129 229
129 239
129 250
129 266
129 269
129 273
129 283
129 287
130 133
130 136
130 154
130 156
130 167
130 184
130 196
130 206
130 225
130 243
130 246
130 248
130 249
130 286
130 287
130 288
130 305
131 138
131 140
131 155
131 161
131 191
131 195
131 206
131 211
131 215
131 223
131 224
131 231
131 236
131 243
131 252
131 254
131 276
131 277
131 288
131 310
132 220
132 238
132 299
132 300
133 149
133 160
133 162
133 180
133 189
133 193
133 195
133 204
133 210
133 221
133 222
133 241
133 242
133 252
133 257
133 276
133 302
133 308
133 312
134 156
134 160
134 185
134 190
134 193
134 195
134 205
134 216
134 217
134 231
134 283
134 288
135 153
135 158
135 159
135 160
135 190
135 204
135 206
135 209
135 220
135 252
135 258
135 269
135 279
135 308
136 200
136 210
136 219
136 225
136 243
136 276
136 298
136 315
137 148
137 156
137 216
137 239
137 275
137 297
138 156
138 252
139 218
140 162
140 206
140 210
142 230
142 232
142 278
143 191
143 193
144 193
144 287
145 288
145 301
146 215
146 296
147 234
148 174
148 179
148 224
149 156
149 157
149 193
149 214
149 219
149 260
151 156
151 212
151 249
152 162
152 179
152 193
152 258
152 281
152 305
153 239
154 216
154 239
155 210
155 215
156 171
156 173
156 196
156 200
156 210
156 245
156 247
156 252
156 255
156 269
156 278
156 283
157 175
157 279
158 197
158 222
158 296
159 179
159 180
159 188
159 278
159 310
160 173
160 219
160 271
161 193
161 230
161 260
161 266
162 215
162 221
162 296
162 303
163 170
163 260
163 269
164 204
164 222
164 241
165 278
165 295
166 202
166 226
167 169
167 180
167 197
167 250
167 277
167 287
168 205
168 285
171 270
171 287
172 285
173 191
173 242
173 296
174 216
174 251
174 275
174 308
176 216
176 272
177 229
177 257
177 309
178 200
178 259
179 207
180 183
180 242
180 267
180 269
180 280
180 285
181 193
181 288
184 204
184 249
184 307
185 200
185 211
185 297
186 229
186 250
187 273
188 206
188 251
188 311
189 266
192 195
192 208
192 286
192 291
192 298
193 206
193 245
193 269
194 310
195 197
195 314
196 199
196 260
196 268
196 286
197 200
197 277
197 287
199 219
199 252
200 219
200 233
200 247
200 287
200 304
202 271
204 258
204 299
205 218
205 288
206 220
206 222
206 238
206 263
206 288
208 244
208 272
208 288
208 299
209 237
210 217
210 230
210 231
210 274
210 276
210 283
210 301
212 236
213 232
213 280
213 287
214 249
214 299
215 236
215 257
215 295
217 287
218 235
218 258
218 278
219 258
219 288
219 313
220 241
220 255
220 259
221 263
221 288
224 258
224 286
225 227
225 287
227 249
231 286
232 234
232 268
233 246
233 266
233 269
233 310
237 305
238 291
240 298
241 264
241 266
241 295
242 249
242 298
243 288
244 296
245 246
245 268
247 313
249 266
249 279
254 293
255 306
257 298
259 298
261 262
262 287
263 264
267 287
269 274
270 292
272 275
272 285
272 313
276 287
277 304
278 303
279 298
283 303
287 292
287 302
287 311
289 307
290 293
290 297
293 307
296 302
