0 5
0 43
0 73
0 98
0 214
0 315
1 95
1 108
1 129
1 130
1 131
1 156
1 177
1 303
2 35
2 44
2 51
2 56
2 79
2 86
2 108
2 131
2 138
2 189
2 245
2 263
2 283
2 288
3 38
3 74
3 96
3 206
3 211
3 287
4 127
4 283
4 287
5 64
5 80
5 87
5 112
5 160
5 276
6 74
6 78
6 134
6 156
6 269
6 296
7 8
7 9
7 47
7 60
7 61
7 89
7 92
7 93
7 99
7 108
7 156
7 167
7 170
7 180
7 213
7 251
7 261
7 285
7 288
7 306
8 19
8 51
8 131
8 133
8 135
8 188
8 197
8 231
8 245
8 268
8 275
8 286
9 106
9 134
9 161
9 219
9 266
11 139
11 140
12 31
12 79
12 133
12 155
13 97
13 130
13 167
13 239
13 279
14 77
14 87
14 107
14 162
14 167
14 210
14 220
14 239
14 296
14 303
15 18
15 37
15 46
15 135
15 190
15 195
15 204
15 211
15 215
15 236
15 249
16 31
16 38
16 43
16 73
16 98
16 102
16 124
16 138
16 140
16 149
16 156
16 230
16 240
16 291
16 303
16 310
17 45
17 105
17 131
17 235
17 239
18 31
18 55
18 91
18 102
18 170
18 205
18 219
19 130
19 131
19 137
19 148
19 167
19 179
19 196
20 25
20 43
20 71
20 118
20 135
20 193
20 203
20 281
21 129
21 141
21 164
21 209
21 217
21 293
22 61
22 87
22 285
23 75
23 193
23 212
23 308
24 25
24 133
24 146
24 150
25 47
25 51
25 133
25 134
25 135
25 150
25 155
25 200
25 210
25 256
25 272
25 287
25 289
25 298
26 38
26 167
26 178
27 59
27 94
27 199
28 47
28 73
28 129
28 135
28 160
28 185
28 213
28 271
28 304
29 62
29 63
29 118
29 156
29 214
29 274
30 47
30 144
30 258
30 274
31 32
31 35
31 38
31 42
31 68
31 98
31 136
31 272
31 285
32 46
32 68
32 98
32 142
32 179
32 269
32 285
32 304
33 72
33 104
33 112
33 131
33 149
33 161
33 220
33 233
33 244
33 249
33 313
34 72
34 109
34 117
34 134
34 187
34 200
34 215
34 247
34 255
34 285
35 48
35 103
35 107
35 145
35 167
35 185
35 208
35 219
35 249
35 255
35 286
36 94
36 185
36 229
36 242
37 60
37 81
37 232
38 50
38 60
38 72
38 95
38 106
38 215
38 287
38 305
39 156
39 200
39 232
39 238
39 295
40 47
40 89
40 92
40 158
40 161
40 172
40 200
40 208
40 231
40 247
40 250
41 75
41 78
41 130
41 135
41 145
41 152
41 158
41 180
42 45
42 90
42 130
42 196
42 286
43 133
43 161
43 204
43 206
43 231
44 98
44 116
44 149
44 167
44 288
44 314
45 98
45 102
45 118
45 148
45 156
45 159
45 188
45 229
45 267
45 269
45 287
46 75
46 79
46 118
46 129
46 134
46 156
46 157
46 210
46 213
46 252
46 280
47 63
47 67
47 79
47 111
47 133
47 148
47 149
47 162
47 292
48 96
48 108
48 124
48 144
48 148
48 149
48 172
48 211
48 269
48 282
48 285
49 103
49 105
49 117
49 295
50 67
50 129
50 130
50 178
50 179
50 204
50 206
50 213
50 261
51 83
51 135
51 136
51 148
51 149
51 157
51 160
51 217
51 245
52 60
52 133
52 221
52 265
54 126
54 175
54 179
54 195
54 200
54 265
55 109
55 130
55 131
55 143
55 167
55 210
55 220
55 257
55 285
56 59
56 103
56 130
56 167
56 287
56 314
57 218
58 81
58 106
59 113
59 121
59 133
59 142
59 161
59 167
59 200
59 205
59 213
59 217
59 262
59 283
59 286
59 288
59 309
60 61
60 108
60 124
60 129
60 188
60 205
60 248
60 251
60 266
60 279
61 63
61 80
61 130
61 170
61 233
61 287
62 69
62 75
62 113
62 179
62 200
62 240
63 127
63 133
63 180
64 68
64 94
64 111
64 146
64 181
64 188
64 232
64 249
64 303
65 73
65 200
66 125
66 156
66 157
66 179
67 133
67 184
67 218
67 245
67 255
67 300
68 157
68 160
68 162
68 243
68 298
69 85
69 213
69 233
70 89
70 193
70 200
71 75
71 274
72 75
72 284
72 296
73 94
73 304
74 90
74 133
74 135
74 143
74 154
74 157
74 189
74 197
74 290
75 106
75 131
75 192
75 204
75 223
75 224
75 260
75 292
76 118
76 131
76 146
77 90
77 136
77 180
78 106
78 144
78 145
78 181
78 224
79 161
79 180
80 103
80 118
80 159
80 197
80 206
80 220
80 238
80 308
83 232
83 258
84 121
85 102
85 130
85 133
85 188
85 277
85 294
86 149
87 126
87 129
87 131
87 191
87 193
87 233
87 249
88 105
88 188
88 304
89 118
89 134
89 167
89 232
89 307
90 191
91 92
91 135
91 140
91 145
92 108
92 145
92 192
92 202
92 262
92 275
92 285
94 99
94 102
94 110
94 167
94 258
94 278
94 296
95 104
95 107
95 220
95 286
95 287
96 108
96 130
96 132
96 134
96 219
96 286
97 109
97 129
97 156
98 110
98 119
98 135
98 149
98 193
98 208
98 218
98 224
98 264
99 194
99 219
99 234
99 240
99 244
99 290
100 129
101 135
101 136
101 137
101 156
101 258
102 103
102 212
102 224
102 263
102 274
102 288
103 128
103 130
103 135
103 206
103 209
103 229
103 292
103 310
104 118
104 149
104 160
104 192
105 114
105 156
106 133
106 146
106 156
106 164
106 257
106 268
106 287
106 291
107 149
107 196
107 232
108 156
108 176
108 220
108 281
109 129
109 130
109 135
109 156
109 231
109 239
109 255
109 256
110 133
110 180
110 249
110 252
110 273
111 309
112 115
112 134
113 162
113 196
114 129
114 134
114 301
115 174
115 180
115 218
115 272
115 276
116 168
116 254
118 122
118 129
118 135
118 156
118 157
118 159
118 167
118 185
118 273
118 287
119 131
119 214
119 286
120 156
120 214
120 259
121 140
121 168
121 173
121 200
122 127
122 128
122 204
122 224
122 233
122 240
122 249
122 266
122 270
123 145
123 185
123 267
124 146
124 181
124 184
124 193
124 202
124 293
124 298
125 191
127 139
127 202
127 216
127 286
128 220
128 301
128 302
129 130
129 131
129 136
129 139
129 140
129 149
129 156
129 180
129 182
129 194
129 203
129 212
129 215
129 220
129 222
129 234
129 239
129 242
129 249
129 252
129 259
129 294
130 142
130 153
130 188
130 193
130 203
130 247
130 254
130 263
130 265
130 271
130 275
130 276
130 287
130 292
130 307
130 310
130 313
131 133
131 140
131 180
131 187
131 188
131 206
131 223
131 249
131 264
131 269
131 286
131 287
131 295
131 298
131 312
132 164
132 166
132 229
133 138
133 152
133 172
133 177
133 179
133 181
133 201
133 204
133 235
133 276
133 279
134 149
134 180
134 181
134 188
134 194
134 210
134 215
134 217
134 227
134 242
134 251
134 281
135 144
135 149
135 155
135 156
135 164
135 193
135 215
135 233
135 239
135 261
135 281
135 296
135 305
135 308
136 235
136 239
136 258
136 272
136 287
136 297
137 206
137 255
138 298
139 191
140 158
140 197
140 256
140 265
141 287
142 145
142 243
142 257
142 263
143 149
143 200
143 294
144 244
144 284
144 287
145 161
145 179
145 239
145 256
148 156
148 177
148 192
148 209
148 287
148 289
148 297
149 163
149 263
150 288
151 156
151 195
151 209
151 221
151 233
151 292
152 171
152 188
152 205
152 220
152 252
152 277
153 238
154 158
154 167
155 164
155 216
156 180
156 191
156 215
156 220
156 230
156 234
156 260
156 275
156 278
156 291
156 296
156 302
156 303
157 163
157 172
157 177
157 200
157 285
157 288
158 287
159 216
159 227
159 237
159 288
159 303
160 230
160 286
160 302
160 308
161 163
161 211
161 231
161 277
162 182
162 191
162 206
162 226
162 246
163 232
163 280
163 285
164 198
164 240
165 212
167 174
167 211
167 245
167 252
167 275
167 287
167 293
167 310
167 314
172 195
172 207
172 233
173 232
173 264
175 210
175 310
176 307
178 210
179 200
179 264
179 310
180 188
180 193
180 204
180 220
180 236
180 249
180 260
180 285
180 312
181 292
184 280
185 258
186 287
188 201
188 202
188 213
188 286
188 298
188 306
189 261
190 247
191 205
191 238
191 279
192 229
192 242
193 210
193 235
193 266
193 274
193 285
194 287
195 204
195 233
195 249
196 244
197 200
197 209
199 284
200 216
200 220
200 279
200 283
200 287
200 307
200 309
201 211
201 282
205 218
206 207
206 210
206 230
206 251
207 220
209 224
209 249
209 255
209 264
210 218
210 231
210 264
210 277
211 217
211 220
211 293
212 303
214 296
215 221
215 303
216 218
216 243
217 295
217 314
218 226
218 287
218 311
219 220
220 233
220 261
220 268
220 286
220 315
222 224
222 242
222 288
222 307
224 249
225 235
226 305
227 233
227 235
229 270
229 276
230 241
230 308
235 304
239 249
239 258
239 285
239 302
242 258
242 310
243 255
245 285
246 303
247 268
249 279
249 283
249 304
249 305
250 313
256 310
258 305
264 265
266 283
267 288
268 304
270 287
271 296
272 285
272 296
273 289
275 286
276 287
284 288
285 303
286 305
295 313
296 314
304 311
307 313
307 314
