0 44
0 148
0 267
0 272
0 310
1 5
1 121
1 129
1 131
1 142
1 239
1 241
2 16
2 20
2 22
2 60
2 81
2 102
2 110
2 136
2 157
2 232
2 233
2 279
2 303
3 40
3 77
3 226
4 7
4 94
4 135
4 167
4 180
4 249
4 250
4 284
5 35
5 134
5 140
5 195
5 200
5 212
5 224
5 255
5 278
6 32
6 87
6 121
6 134
6 280
7 57
7 87
7 92
7 129
7 152
7 154
7 164
7 168
7 210
7 248
7 263
7 304
7 307
8 24
8 32
8 33
8 34
8 36
8 46
8 53
8 100
8 130
8 134
8 149
8 156
8 173
8 175
8 214
8 219
8 271
8 287
8 299
9 13
9 27
9 33
9 142
9 174
9 207
9 215
9 231
9 247
10 148
10 163
10 186
10 197
10 231
11 50
11 83
11 233
11 238
12 23
12 42
12 60
12 89
12 106
12 109
12 205
12 231
12 314
13 59
13 80
13 96
13 114
13 116
13 118
13 136
13 167
13 235
13 302
13 307
14 43
14 61
14 129
14 130
14 138
14 272
14 284
14 300
15 34
15 55
15 221
15 252
15 286
16 17
16 20
16 57
16 62
16 64
16 65
16 101
16 118
16 135
16 140
16 157
16 163
16 202
16 206
16 209
16 292
16 303
17 50
17 134
17 194
17 251
17 272
17 286
18 33
18 38
18 87
18 122
18 128
18 129
18 133
18 135
18 137
18 140
18 184
18 188
18 201
18 213
18 297
19 135
19 222
19 252
19 286
20 33
20 102
20 206
20 208
20 313
21 118
21 209
22 83
22 288
23 96
23 127
23 308
24 123
24 156
24 206
24 292
24 299
25 47
25 140
25 188
25 192
25 242
25 247
25 249
26 162
27 78
27 167
27 175
27 299
28 121
28 130
28 131
28 134
28 232
29 110
29 133
29 172
29 214
29 250
29 300
29 303
30 114
30 121
30 154
30 217
30 265
31 40
31 42
31 53
31 75
31 102
31 133
31 157
31 178
31 286
32 33
32 59
32 62
32 81
32 86
32 121
32 134
32 153
32 192
32 200
32 220
32 224
32 241
32 242
32 271
32 281
32 287
32 304
32 308
33 54
33 59
33 73
33 74
33 83
33 96
33 104
33 129
33 130
33 131
33 141
33 143
33 158
33 184
33 205
34 58
34 118
34 122
34 135
34 157
34 204
34 220
34 265
34 269
35 37
35 102
35 152
35 177
35 210
35 238
35 252
35 303
36 47
36 64
36 75
36 109
36 130
36 133
36 134
36 179
36 234
36 283
36 293
37 86
37 89
37 118
37 121
37 143
37 177
37 303
38 124
38 130
38 133
38 135
38 160
38 171
38 189
38 242
38 264
39 49
39 68
39 77
39 233
39 282
40 101
40 131
40 133
40 140
40 177
40 184
40 242
40 249
40 265
40 309
40 310
41 43
41 58
41 135
41 211
41 244
42 60
42 117
42 130
42 152
42 169
43 44
43 75
43 77
43 129
43 136
43 212
43 246
43 288
44 68
44 75
44 241
45 59
45 64
45 87
45 89
45 104
45 108
45 134
45 149
45 157
45 177
45 185
45 217
45 248
45 268
45 278
46 63
46 103
46 122
46 135
46 157
46 159
46 164
46 176
46 188
46 220
46 239
46 262
46 264
46 288
46 293
46 301
47 54
47 59
47 64
47 201
47 247
47 274
47 278
48 75
48 164
48 192
48 210
49 81
49 118
49 189
49 205
50 102
50 106
50 114
50 117
50 130
50 135
50 154
50 314
51 106
51 156
51 180
51 191
51 206
51 263
51 315
52 59
52 124
52 152
52 193
53 110
54 122
54 133
54 306
55 223
55 279
56 66
56 68
56 108
56 131
56 140
56 193
56 196
56 241
56 242
56 273
57 247
58 131
59 71
59 102
59 130
59 134
59 140
59 159
59 183
59 308
60 124
60 149
60 180
61 98
61 108
61 111
61 188
61 249
61 288
62 122
62 123
62 124
62 129
62 131
62 133
62 156
62 159
62 177
62 188
62 217
62 269
62 272
62 275
63 163
63 167
63 182
63 252
64 94
64 102
64 106
64 109
64 110
64 133
64 134
64 167
64 205
64 252
64 304
65 71
65 133
65 239
65 249
65 261
66 116
66 131
66 134
66 204
66 241
67 94
67 98
67 120
67 124
67 133
67 153
67 167
67 179
67 197
67 231
67 272
67 285
68 110
68 129
68 188
68 191
68 250
68 275
68 287
68 307
69 113
69 134
69 144
69 173
70 288
71 79
71 128
72 157
72 159
72 244
72 247
72 288
73 75
73 82
73 103
73 117
73 224
74 76
74 87
74 118
74 133
74 145
74 184
74 204
74 239
74 252
74 287
75 88
75 95
75 118
75 155
75 156
75 231
75 237
76 134
76 180
76 206
76 239
77 192
77 260
77 309
78 125
78 152
79 80
80 131
80 173
80 174
80 220
80 224
80 265
80 288
81 118
81 140
81 199
81 261
81 277
81 299
82 106
82 275
83 134
83 157
83 232
83 258
85 89
85 308
87 157
87 176
87 180
87 189
87 215
87 287
88 92
88 107
88 148
88 209
88 224
88 258
88 285
89 133
89 174
89 218
90 110
90 220
91 149
91 210
91 278
92 94
92 96
92 101
92 223
92 231
92 298
92 312
93 301
94 129
94 133
94 211
94 218
94 307
95 96
95 110
95 209
96 131
96 134
96 150
96 235
96 301
97 108
97 129
97 133
97 134
97 187
97 205
97 206
97 224
97 276
97 285
98 110
98 119
98 129
98 136
98 248
99 117
100 272
100 284
101 121
101 129
101 157
101 172
101 181
101 255
101 283
102 129
102 138
102 156
102 180
102 206
102 231
102 282
102 283
103 122
103 135
103 143
103 233
103 249
103 294
104 166
104 233
104 268
104 275
105 117
105 130
105 136
105 148
105 230
105 287
106 133
106 136
106 192
106 218
106 272
106 287
107 131
107 135
107 156
107 157
107 169
107 260
107 268
107 283
107 288
107 299
108 122
108 223
108 224
108 266
108 306
109 110
109 130
109 181
109 191
109 229
109 255
109 271
110 143
110 153
110 159
110 180
110 185
110 200
110 205
110 307
111 152
111 179
111 233
111 272
112 140
112 149
112 180
112 311
114 129
114 184
114 234
115 156
115 275
115 303
115 310
116 133
116 136
116 153
116 204
117 120
117 129
117 152
117 196
117 288
118 129
118 210
119 185
120 129
120 171
121 130
121 140
121 201
121 205
122 129
122 133
122 143
122 195
122 217
122 311
123 135
123 206
124 131
124 160
124 161
124 167
124 199
124 239
124 249
124 275
125 129
125 193
127 268
128 137
128 153
128 211
128 243
128 249
128 285
129 136
129 137
129 148
129 161
129 167
129 185
129 193
129 206
129 238
129 242
129 264
129 293
130 177
130 180
130 187
130 206
130 217
130 219
130 220
130 263
130 269
130 291
130 292
130 293
130 299
130 302
131 133
131 149
131 161
131 172
131 173
131 213
131 220
131 221
131 225
131 230
131 233
131 239
131 251
131 270
131 279
131 284
131 285
131 288
131 303
131 305
132 136
132 171
133 134
133 142
133 145
133 152
133 153
133 156
133 159
133 164
133 180
133 188
133 195
133 198
133 200
133 235
133 241
133 288
133 298
133 310
134 138
134 140
134 150
134 157
134 180
134 182
134 186
134 188
134 191
134 193
134 225
134 228
134 231
134 239
134 240
134 242
134 243
134 244
134 254
134 271
134 276
134 293
134 298
134 315
135 151
135 152
135 156
135 168
135 188
135 197
135 201
135 205
135 216
135 233
135 239
135 240
135 241
135 249
135 263
135 310
136 149
136 156
136 175
136 224
136 244
136 255
137 216
138 159
138 266
138 289
140 150
140 238
140 271
140 282
141 258
142 219
143 184
144 145
144 180
144 196
145 154
145 287
146 249
147 313
148 157
148 264
148 292
149 196
149 242
149 265
149 266
149 286
149 306
150 211
151 162
152 181
152 201
152 283
153 154
153 264
153 293
154 193
154 213
154 233
154 234
154 236
154 249
154 250
156 160
156 176
156 181
156 184
156 196
156 200
156 215
156 231
156 232
156 238
156 255
156 276
156 283
156 288
156 301
157 160
157 188
157 191
157 193
157 203
157 210
157 239
157 240
157 283
158 179
158 193
158 284
159 245
159 269
160 187
160 212
160 238
160 286
160 294
161 247
161 275
162 214
163 194
163 267
163 278
164 239
165 249
165 252
166 314
167 171
167 181
167 200
167 206
167 292
167 314
168 179
170 210
170 224
171 172
172 206
172 220
172 232
172 275
173 202
173 239
173 240
174 303
175 210
175 211
177 202
179 228
179 249
179 286
179 291
180 191
180 231
180 276
181 212
181 282
182 287
184 233
184 239
185 195
185 200
185 211
185 223
185 232
185 233
185 286
185 309
188 195
188 239
193 218
193 250
193 286
194 205
195 284
195 312
196 245
196 292
197 203
197 204
197 249
200 224
200 250
201 269
202 210
202 258
205 217
205 258
206 286
207 272
207 276
208 232
208 269
209 242
209 266
210 244
212 264
215 251
215 287
215 293
216 288
217 239
217 288
217 310
218 287
218 294
219 263
219 264
219 269
219 288
220 222
223 268
224 276
225 288
226 285
228 311
231 237
232 255
233 278
234 289
234 315
237 241
239 295
242 248
245 290
246 263
246 309
247 303
249 255
249 286
249 302
249 305
254 276
256 285
258 287
260 286
261 313
264 275
265 301
265 306
266 282
269 275
271 285
274 276
279 313
283 299
286 314
287 288
287 301
288 304
291 292
292 298
