0 94
0 160
0 196
1 60
1 64
1 134
1 135
1 137
1 147
1 148
1 219
1 314
2 49
2 52
2 85
2 87
2 106
2 134
2 156
2 160
2 242
2 266
2 288
4 5
4 72
4 122
4 195
4 244
4 302
4 305
5 33
5 95
5 118
5 129
5 134
5 293
6 45
6 49
6 51
6 89
7 29
7 47
7 60
7 93
7 148
7 162
7 180
7 210
7 223
7 305
8 12
8 20
8 38
8 60
8 64
8 75
8 118
8 146
8 157
8 209
8 210
8 217
8 241
8 242
8 249
8 264
8 293
8 304
9 15
9 28
9 63
9 174
9 185
9 206
9 272
10 239
11 130
11 133
11 314
12 19
12 24
12 82
12 99
12 123
12 133
12 240
12 266
12 280
13 78
13 97
13 132
13 140
13 167
13 174
13 182
13 188
13 215
13 249
13 301
14 39
14 87
14 106
14 110
14 129
14 135
15 167
15 181
15 207
15 278
16 25
16 31
16 44
16 47
16 67
16 81
16 118
16 130
16 131
16 134
16 135
16 142
16 148
16 167
16 179
16 181
16 213
16 215
16 301
16 315
17 32
17 96
17 129
17 142
17 215
17 222
17 225
18 54
18 72
18 79
18 268
19 33
19 163
19 239
20 23
20 33
20 50
20 68
20 70
20 83
20 87
20 104
20 110
20 131
20 140
20 150
20 153
20 197
20 252
20 269
20 284
21 109
21 131
21 184
21 186
21 266
21 299
22 102
22 213
22 305
23 51
23 103
24 49
24 63
24 68
24 69
24 73
24 119
24 153
24 202
24 295
25 85
25 89
25 104
25 133
25 167
25 204
25 244
25 276
26 103
26 134
27 180
27 233
28 32
28 53
28 129
28 131
28 208
28 260
28 283
28 303
28 305
29 38
29 65
29 85
29 133
29 206
29 239
29 263
29 276
29 298
30 144
30 173
30 194
30 238
31 43
31 130
31 144
31 217
31 224
31 241
31 272
32 33
32 35
32 55
32 87
32 106
32 152
32 156
32 160
32 182
32 189
32 211
32 231
32 232
32 233
32 285
32 286
32 288
33 50
33 67
33 119
33 131
33 132
33 149
33 150
33 162
33 172
33 201
33 215
33 233
33 238
33 276
33 296
33 297
34 101
34 131
34 138
34 144
34 152
34 241
34 286
34 315
35 38
35 59
35 81
35 95
35 192
35 207
36 74
36 123
36 133
36 208
36 212
37 59
37 62
37 92
37 102
37 162
37 230
37 256
37 295
38 44
38 51
38 138
38 142
38 149
38 214
38 302
39 130
39 132
39 199
39 246
40 92
40 170
40 174
41 74
41 103
41 156
41 169
41 200
41 301
42 44
42 102
42 130
42 131
42 156
42 210
42 217
42 240
42 252
42 258
42 313
43 60
43 117
43 124
43 129
43 160
43 188
43 262
45 60
45 180
45 287
45 311
46 50
46 60
46 64
46 88
46 110
46 131
46 134
46 167
46 179
46 252
46 257
46 266
46 269
46 293
46 302
46 307
47 54
47 59
47 85
47 136
47 160
47 219
47 242
47 286
48 84
48 85
48 104
48 158
48 205
48 247
48 283
49 74
49 97
49 122
49 130
49 165
49 287
50 77
50 85
50 124
50 274
50 279
50 289
50 293
51 95
51 135
51 148
51 220
51 227
51 232
51 288
52 100
52 131
52 200
52 246
53 185
53 283
53 305
54 214
54 220
54 249
54 284
56 157
56 166
57 60
57 108
57 130
57 133
58 196
58 292
59 76
59 129
59 156
59 206
59 215
59 243
59 267
59 268
59 269
59 275
60 70
60 80
60 86
60 98
60 173
60 184
60 201
60 244
61 163
61 252
61 299
61 315
62 118
62 130
62 173
62 220
62 285
63 86
63 135
63 157
63 179
63 180
63 210
63 233
63 279
63 292
64 106
64 131
64 133
64 160
64 169
64 182
64 197
64 216
64 309
65 109
65 128
65 149
65 286
65 291
66 73
66 122
66 135
66 153
66 172
66 194
66 200
66 245
67 100
67 118
67 131
67 133
67 142
68 75
68 77
68 162
68 231
69 122
69 234
69 245
69 248
70 101
71 188
71 289
72 88
72 127
72 184
72 207
72 210
73 98
73 135
73 191
73 223
73 261
73 289
74 133
74 142
74 179
74 186
74 200
74 210
74 211
74 251
74 252
75 94
75 143
75 181
75 197
75 201
75 218
75 222
76 129
76 131
76 191
76 206
76 288
77 225
78 157
79 130
79 136
79 233
79 297
79 302
80 87
80 98
80 130
80 200
80 202
80 215
80 287
81 131
81 152
81 180
81 201
81 209
81 271
81 272
81 287
82 168
82 242
82 310
83 89
83 98
83 120
83 129
83 148
83 299
84 133
84 239
85 101
85 259
85 303
86 135
86 197
86 220
87 123
87 135
87 156
87 200
87 211
87 224
87 288
88 117
88 131
88 136
88 250
88 265
89 121
89 133
89 181
89 219
89 248
89 287
90 118
90 134
90 152
90 255
90 302
90 310
91 123
91 157
91 232
92 129
92 134
92 138
92 242
93 283
94 131
94 167
94 191
95 144
95 164
95 196
95 234
95 252
95 270
95 271
96 127
97 130
97 136
97 153
97 207
98 102
98 104
98 114
98 157
98 163
98 178
98 220
98 267
99 286
99 310
100 157
101 104
101 124
101 131
101 234
101 241
102 103
102 107
102 130
102 131
102 132
102 133
102 143
102 232
102 243
102 255
103 104
103 125
103 130
103 133
103 150
103 152
103 156
103 168
103 176
103 196
103 212
103 246
103 272
103 278
103 288
103 305
104 130
104 180
104 216
104 239
104 248
104 312
105 135
105 180
105 182
105 244
105 272
105 283
105 294
106 131
106 142
106 200
106 229
106 241
106 245
106 249
107 130
107 247
107 259
108 118
108 134
108 138
108 145
108 152
108 192
108 264
108 273
109 118
109 217
109 230
109 274
110 129
110 131
110 148
110 175
110 208
110 233
110 292
111 140
111 148
112 194
112 239
112 279
113 133
113 181
114 129
114 133
114 142
115 130
116 200
117 121
117 132
117 174
117 220
117 230
117 235
117 240
117 258
117 265
117 267
118 129
118 145
118 148
118 150
118 154
118 157
118 231
118 233
118 245
118 251
118 253
118 269
118 282
118 308
119 180
119 227
120 156
121 206
121 305
122 133
122 152
122 233
122 242
122 259
122 263
123 133
123 188
124 131
124 134
124 153
124 177
124 181
124 191
124 196
124 200
124 224
124 246
124 249
124 258
125 232
126 157
126 288
127 247
127 249
127 287
128 156
128 219
128 231
128 242
129 133
129 152
129 161
129 180
129 187
129 220
129 227
129 232
129 245
129 257
129 284
129 286
129 289
129 307
130 131
130 133
130 136
130 140
130 142
130 176
130 188
130 191
130 200
130 210
130 215
130 230
130 242
130 283
130 287
130 294
130 302
130 313
131 133
131 135
131 136
131 139
131 145
131 157
131 158
131 165
131 176
131 187
131 188
131 193
131 204
131 205
131 215
131 220
131 230
131 244
131 257
131 273
131 283
131 286
131 287
131 301
132 156
132 279
133 134
133 140
133 141
133 142
133 156
133 167
133 173
133 180
133 185
133 188
133 199
133 206
133 220
133 225
133 239
133 247
133 306
133 314
134 135
134 137
134 148
134 156
134 190
134 198
134 200
134 217
134 233
134 252
134 283
134 295
134 314
135 137
135 154
135 156
135 157
135 161
135 205
135 211
135 227
135 236
135 238
135 249
135 250
135 260
135 267
135 272
135 274
135 301
135 303
135 304
136 144
136 150
136 173
136 218
136 238
136 275
136 287
137 180
138 140
138 166
138 196
138 231
138 238
139 160
139 210
139 229
139 281
140 216
141 156
142 164
142 184
142 224
142 296
142 314
143 156
143 180
143 271
143 305
145 179
145 224
145 242
145 249
148 155
148 156
148 168
148 179
148 208
148 227
148 232
148 261
148 264
148 275
149 159
149 285
149 301
150 224
150 271
152 159
152 182
152 193
152 287
153 156
154 156
155 213
156 160
156 166
156 188
156 191
156 193
156 210
156 218
156 249
156 303
156 305
156 308
156 315
157 159
157 174
157 182
157 184
157 216
157 217
157 220
157 231
157 285
158 191
158 224
158 262
159 216
159 229
159 301
160 208
160 219
160 230
160 232
160 258
160 281
160 287
160 296
160 315
161 216
162 311
163 287
164 273
167 232
167 268
167 280
167 304
169 230
170 232
171 220
171 255
172 210
172 273
173 239
174 213
174 265
175 192
175 195
175 218
176 282
176 288
178 289
179 219
180 266
180 272
180 288
183 197
184 219
184 262
184 267
185 200
185 297
186 191
187 211
187 288
188 200
188 205
188 285
188 309
190 197
190 293
191 242
191 259
192 242
192 313
193 258
193 291
194 276
195 220
195 288
195 304
196 234
197 210
197 288
198 298
200 216
200 217
200 260
200 261
200 286
201 239
201 286
204 304
205 231
205 275
206 230
206 240
209 233
209 275
210 236
211 243
211 260
212 249
212 269
214 287
215 236
216 248
216 305
217 305
218 239
218 300
219 234
219 249
219 314
220 249
220 258
220 288
220 313
222 267
223 241
224 241
224 267
224 303
225 255
227 292
230 269
231 266
231 279
232 242
232 279
232 287
233 286
235 304
236 282
238 242
238 274
240 299
241 249
241 297
241 298
242 258
242 259
242 295
244 278
244 309
246 249
246 269
246 285
247 272
247 301
248 287
249 296
249 298
252 299
252 310
255 301
262 297
266 281
269 292
270 272
272 285
273 278
275 287
275 306
276 288
279 301
286 292
288 303
291 303
292 302
297 305
