0 35
0 67
0 92
0 133
0 215
0 249
0 276
0 287
1 41
1 130
1 136
1 239
1 245
2 7
2 16
2 24
2 26
2 50
2 51
2 60
2 106
2 128
2 129
2 136
2 187
2 212
2 218
2 262
2 269
2 288
2 307
3 34
3 65
3 119
3 178
3 229
3 287
4 88
4 128
4 136
4 154
4 174
4 232
4 241
4 259
4 270
4 304
5 75
5 84
5 162
5 200
5 205
5 266
5 310
6 122
6 190
6 208
6 240
7 68
7 77
7 97
7 111
7 117
7 135
7 148
7 201
7 212
7 227
7 258
7 276
8 24
8 88
8 112
8 134
8 160
8 188
8 263
9 16
9 150
9 244
10 103
10 294
11 67
11 69
11 75
11 133
12 103
12 156
12 191
12 197
12 218
12 224
12 231
12 237
12 270
12 284
13 66
13 208
13 267
13 272
13 296
14 54
14 76
14 92
14 129
14 131
14 135
14 217
14 246
14 284
15 66
15 87
15 95
15 100
15 161
15 185
15 220
15 296
16 33
16 44
16 48
16 60
16 61
16 80
16 94
16 103
16 122
16 129
16 130
16 142
16 145
16 153
16 184
16 195
16 209
16 217
16 232
16 294
17 21
17 73
17 279
18 32
18 35
18 55
18 65
18 72
18 106
18 215
18 231
18 232
18 238
18 259
18 271
18 309
19 42
19 102
20 28
20 43
20 81
20 90
20 109
20 131
20 135
20 220
20 239
20 252
20 271
20 278
20 279
20 288
21 61
21 117
21 157
21 289
22 134
22 193
23 32
23 104
23 167
23 211
23 246
24 62
24 83
24 122
24 134
24 140
24 156
24 157
24 179
24 246
24 305
25 80
25 133
25 184
25 208
25 312
26 160
26 224
27 39
27 46
27 129
27 135
27 140
27 148
28 47
28 86
28 200
28 249
28 254
29 127
30 69
30 249
30 265
31 46
31 92
31 108
31 122
31 132
31 135
31 140
31 156
31 162
31 173
31 174
31 188
31 224
31 294
32 46
32 72
32 81
32 105
32 118
32 132
32 134
32 135
32 241
32 259
32 286
32 287
33 62
33 77
33 102
33 133
33 136
33 140
33 164
33 169
33 179
33 181
33 188
33 193
33 234
33 239
33 269
33 281
33 303
34 134
34 156
34 181
35 134
35 143
35 288
36 40
36 64
36 75
36 87
36 130
36 132
36 136
36 162
36 296
37 130
37 134
37 258
37 270
38 49
38 76
38 113
38 135
38 167
38 255
39 74
39 96
39 202
40 59
40 130
40 133
41 67
41 89
41 121
41 134
41 213
41 231
41 245
41 285
41 305
42 89
42 133
42 134
42 181
42 258
43 98
43 103
43 107
44 48
44 118
44 131
44 159
44 283
45 121
45 133
45 134
45 142
45 152
45 156
45 167
45 195
45 219
45 239
45 241
45 266
45 281
45 287
45 288
46 86
46 110
46 130
46 131
46 145
46 148
46 152
46 156
46 162
46 181
46 241
46 258
46 287
46 290
46 293
47 135
47 242
47 244
47 287
47 295
48 57
48 129
48 171
48 175
48 211
48 241
48 269
49 62
49 87
49 103
49 122
49 253
50 61
50 99
50 101
50 184
50 185
50 234
50 242
50 310
51 76
51 131
51 179
51 269
51 303
52 66
52 313
53 87
53 288
54 59
54 129
55 101
55 133
55 135
55 156
55 157
55 162
55 167
55 210
55 232
55 245
56 57
56 85
56 92
56 129
56 133
56 180
56 185
56 197
56 266
56 288
58 280
59 87
59 98
59 101
59 166
59 185
59 188
59 191
59 205
59 229
59 232
59 244
59 245
59 258
59 292
59 303
59 304
60 96
60 97
60 129
60 134
60 242
60 288
61 80
61 145
61 188
61 200
62 109
62 136
62 268
63 74
63 78
63 118
63 134
63 145
64 73
64 75
64 91
64 134
64 135
64 249
65 286
66 145
66 299
66 300
67 74
67 105
67 140
67 156
67 243
68 205
68 216
68 244
68 308
69 108
69 167
69 258
70 121
70 137
70 164
70 222
70 239
71 180
72 107
72 129
72 131
72 135
72 224
72 304
73 93
73 185
73 239
73 243
73 257
73 288
74 81
74 120
74 134
74 139
74 144
74 154
74 156
74 179
74 212
74 274
75 188
75 204
75 206
75 211
75 224
75 268
75 283
75 292
75 296
76 134
76 156
76 168
76 193
76 229
76 249
76 272
76 283
76 287
77 267
77 268
78 156
78 181
78 213
78 258
78 266
78 305
79 122
79 127
79 134
79 136
79 209
80 87
80 113
80 118
80 122
80 135
80 272
80 275
80 284
81 107
81 110
81 134
81 135
81 136
81 174
81 179
81 191
81 224
81 299
81 312
82 157
82 167
83 117
83 188
83 293
84 185
84 209
85 88
85 96
85 103
85 104
85 115
85 136
85 259
85 285
86 121
86 291
87 107
87 119
87 287
87 298
88 116
88 131
88 146
88 157
88 200
88 267
88 288
89 113
89 172
89 193
89 242
89 269
89 292
89 301
89 315
90 168
90 212
90 240
91 174
91 285
92 97
92 101
92 118
92 131
92 135
92 156
92 214
92 232
92 247
92 283
93 154
94 101
94 134
94 156
94 232
94 260
94 278
95 130
95 134
95 138
95 207
96 109
96 110
96 124
96 131
96 136
96 156
96 160
96 191
97 115
97 129
97 130
97 143
97 270
98 102
98 148
98 157
98 170
98 200
98 207
98 214
98 271
99 101
99 133
99 211
99 304
100 101
100 104
101 130
101 134
101 147
101 222
101 232
101 235
101 264
101 282
102 104
102 127
102 128
102 131
102 135
102 180
102 204
102 209
102 212
102 231
102 259
103 117
103 128
103 129
103 131
103 134
103 153
103 154
103 161
103 206
103 249
103 261
103 265
104 121
104 127
104 130
104 156
105 200
105 242
105 293
105 303
106 122
106 152
106 156
106 167
106 184
106 191
107 230
108 150
108 272
109 118
109 129
109 232
109 257
109 315
110 156
110 180
110 195
110 204
110 271
110 287
111 156
111 169
111 220
112 122
112 129
112 131
112 161
112 255
113 148
114 131
114 154
114 167
115 138
115 204
115 258
116 132
116 135
117 130
117 262
117 268
118 134
118 156
118 167
118 191
118 224
118 242
118 249
119 130
119 134
119 135
120 131
120 135
122 128
122 133
122 135
122 202
122 205
122 233
123 178
123 180
123 288
124 133
124 149
124 154
124 185
124 201
124 259
124 275
126 200
126 263
128 130
128 132
128 179
128 180
128 188
128 205
129 130
129 135
129 136
129 138
129 144
129 152
129 173
129 181
129 184
129 193
129 199
129 200
129 206
129 212
129 245
129 258
129 266
129 269
129 272
129 278
129 291
129 305
130 134
130 148
130 159
130 173
130 175
130 215
130 219
130 240
130 252
130 255
131 135
131 154
131 162
131 165
131 193
131 208
131 233
131 258
131 265
131 272
131 292
131 294
132 162
132 175
133 134
133 136
133 162
133 166
133 173
133 189
133 214
133 219
133 222
133 225
133 254
133 272
133 281
133 286
133 287
133 298
133 299
133 310
134 138
134 139
134 179
134 206
134 224
134 258
134 269
134 307
134 313
135 150
135 152
135 161
135 164
135 165
135 181
135 193
135 197
135 200
135 203
135 204
135 207
135 220
135 232
135 248
135 268
135 296
135 303
135 305
136 149
136 154
136 173
136 192
136 214
136 287
137 249
140 149
140 187
140 189
140 246
140 285
141 246
142 151
142 182
142 281
142 315
143 301
143 310
144 309
145 174
145 220
145 255
148 152
148 201
148 218
148 220
148 224
148 308
149 187
149 188
149 214
149 215
149 239
149 272
150 257
150 315
151 258
152 181
152 227
152 249
153 252
153 313
154 193
154 213
156 167
156 188
156 196
156 206
156 220
156 227
156 232
156 238
156 293
156 296
156 303
156 306
157 160
157 171
157 180
157 185
157 187
157 213
158 180
158 205
158 273
158 276
159 234
159 288
159 296
160 190
160 260
160 278
160 286
160 298
162 287
163 263
164 214
164 263
165 224
167 208
167 216
167 218
167 283
168 180
168 310
169 229
169 297
171 217
172 204
172 219
173 214
173 282
174 257
174 260
174 272
175 216
176 275
177 262
177 285
177 291
178 224
179 301
180 193
180 216
180 247
180 249
181 184
181 210
181 237
181 244
181 249
181 264
181 270
181 297
182 254
183 266
184 298
185 258
185 296
185 305
188 210
188 240
188 288
188 301
188 307
190 294
191 204
191 263
191 269
192 300
192 311
193 234
193 249
193 299
193 303
193 305
195 300
197 237
198 215
199 258
200 215
200 248
200 285
200 286
200 293
200 297
200 298
202 263
203 279
205 226
205 232
205 274
205 308
206 219
206 241
206 242
206 252
206 271
206 286
206 287
206 309
208 220
208 228
208 239
208 258
209 215
209 294
210 282
210 306
211 245
213 247
213 308
214 215
214 249
214 287
215 231
215 238
215 259
215 283
215 291
215 302
216 266
216 291
217 267
218 292
220 241
220 271
220 284
221 232
222 278
223 246
224 249
224 258
224 269
225 288
228 287
229 270
230 232
231 248
231 292
233 240
233 249
235 292
236 245
238 249
238 257
238 303
239 288
240 266
240 267
241 278
241 288
242 286
242 291
242 294
242 305
243 263
244 286
244 302
246 258
246 313
247 283
248 249
249 258
249 269
249 283
249 311
257 282
257 287
258 285
262 286
265 315
269 271
271 288
276 280
276 287
276 307
278 280
278 288
278 305
278 308
278 314
281 292
287 310
288 297
292 303
293 305
298 305
298 306
304 305
