0 64
0 139
0 152
1 12
1 136
1 167
1 188
1 192
2 10
2 19
2 28
2 74
2 83
2 118
2 135
2 142
2 175
2 185
2 196
2 220
2 231
2 241
2 257
2 258
2 272
2 286
3 41
3 49
3 188
3 198
3 288
4 23
4 98
4 106
4 124
4 148
4 162
4 167
4 181
4 247
4 304
5 40
5 56
5 110
5 191
6 15
6 120
6 242
6 247
6 278
7 17
7 30
7 45
7 47
7 48
7 51
7 56
7 74
7 75
7 88
7 102
7 130
7 134
7 135
7 136
7 156
7 166
7 224
7 269
7 272
7 287
8 12
8 34
8 54
8 59
8 69
8 72
8 106
8 107
8 111
8 124
8 133
8 134
8 156
8 285
8 293
8 299
9 21
9 94
9 120
9 134
9 135
9 288
9 304
9 312
10 86
10 168
10 173
11 12
11 86
11 111
11 136
11 218
11 243
11 258
12 31
12 85
12 87
12 143
12 191
12 200
12 210
12 265
12 309
13 16
13 50
13 87
13 162
13 166
13 174
13 219
13 272
14 46
14 160
14 210
14 287
15 24
15 135
15 138
15 148
16 20
16 40
16 75
16 80
16 99
16 108
16 131
16 140
16 149
16 179
16 208
16 209
16 233
16 242
16 269
16 307
17 140
17 246
18 46
18 69
18 88
18 124
18 130
18 135
18 215
18 219
18 242
18 258
18 265
19 92
19 130
19 148
19 262
19 287
20 55
20 56
20 68
20 103
20 173
20 209
20 231
20 288
20 292
21 34
21 47
21 80
21 85
21 156
21 233
21 287
22 24
22 84
22 127
22 187
23 131
23 258
24 59
24 61
24 108
24 138
24 228
25 39
25 106
25 121
25 131
25 209
25 285
26 124
27 34
27 102
27 158
27 200
27 287
28 48
28 74
28 130
28 140
28 200
28 204
28 210
28 219
28 236
29 67
29 118
29 120
29 124
30 69
30 84
30 91
30 134
30 161
30 291
31 82
31 96
31 104
31 130
31 131
31 133
31 158
31 161
31 169
31 180
31 189
31 191
31 209
31 267
31 300
32 41
32 50
32 75
32 79
32 85
32 94
32 111
32 122
32 124
32 129
32 135
32 152
32 209
32 272
32 273
33 47
33 57
33 59
33 62
33 69
33 79
33 124
33 136
33 146
33 177
33 220
33 223
33 241
33 266
33 269
33 276
34 40
34 167
34 174
34 279
34 283
35 42
35 50
35 55
35 61
35 135
35 313
36 45
37 158
37 196
37 210
37 218
37 241
38 69
38 197
38 213
39 140
39 145
40 52
40 131
40 158
40 205
40 279
40 304
41 131
41 154
41 175
41 227
41 247
42 44
42 96
42 130
42 166
42 181
42 206
42 207
42 276
42 305
43 74
43 95
43 133
43 272
44 51
44 62
44 90
44 121
44 174
44 201
44 215
45 46
45 85
45 98
45 224
45 230
45 252
45 258
45 274
45 283
45 298
46 56
46 84
46 106
46 107
46 110
46 122
46 145
46 199
46 224
46 248
46 269
46 285
46 315
47 59
47 87
47 95
47 102
47 118
47 133
47 136
47 140
47 193
47 231
48 120
48 134
48 269
48 310
49 130
49 131
49 146
49 148
49 156
49 239
50 57
50 75
50 83
50 97
50 117
50 134
50 150
50 156
50 157
50 164
50 177
50 242
50 264
51 61
51 105
51 106
51 135
51 208
51 286
52 102
53 290
54 104
54 106
54 110
54 129
54 133
54 224
54 258
55 212
55 252
56 109
56 134
56 287
56 313
58 136
58 241
59 67
59 95
59 104
59 133
59 136
59 160
59 181
59 234
59 245
59 287
59 311
60 130
60 143
60 160
60 174
60 217
61 64
61 74
62 67
62 86
62 103
62 109
62 120
62 133
62 260
62 292
63 120
63 194
63 201
63 266
64 115
64 175
64 179
64 271
65 203
66 167
66 243
66 272
67 79
67 109
67 110
67 118
67 134
67 137
67 249
67 283
67 293
67 306
68 109
68 110
68 122
68 129
68 134
68 177
68 224
68 258
68 299
70 158
70 232
70 280
71 147
71 188
71 306
72 94
72 204
73 98
73 107
73 128
73 145
73 258
74 96
74 103
74 133
74 143
74 144
74 173
74 177
74 196
74 283
74 293
75 76
75 118
75 130
75 135
75 182
75 189
75 208
75 275
75 277
75 279
75 296
75 304
75 315
76 102
76 108
76 130
76 158
76 185
76 211
76 217
76 234
77 142
77 157
77 249
77 273
78 91
78 130
78 157
78 161
78 189
78 205
78 273
78 285
78 286
78 305
79 134
79 158
79 239
80 105
80 114
80 118
80 129
80 157
80 200
80 288
80 299
80 301
80 313
81 87
81 89
81 106
81 145
81 185
81 210
81 285
81 290
82 102
82 144
82 159
83 124
83 156
83 244
83 276
84 196
84 233
85 92
85 231
85 259
86 103
86 104
86 112
86 141
86 198
86 314
87 144
87 233
87 242
87 250
88 141
88 205
88 245
89 129
89 130
89 206
89 241
90 115
90 148
90 194
92 117
92 118
92 200
92 205
92 239
92 278
92 286
92 287
94 116
94 130
94 134
94 210
94 218
94 315
95 110
95 124
95 158
95 209
95 276
95 286
95 299
96 97
96 134
96 167
96 172
96 218
96 241
96 288
97 123
97 167
97 193
97 252
97 268
98 134
98 136
98 178
98 187
99 285
101 130
101 152
101 156
101 160
101 249
101 255
101 269
101 284
101 287
101 290
102 129
102 156
102 174
102 175
102 178
102 181
102 210
102 249
102 270
102 293
102 303
103 130
103 156
103 177
103 220
103 255
103 275
104 130
104 156
104 160
104 162
104 174
104 217
104 235
104 261
105 276
105 314
106 135
106 177
106 205
106 210
106 220
107 134
107 143
107 145
107 180
107 205
108 180
108 200
108 233
108 252
108 271
109 196
109 218
109 279
111 181
111 203
112 221
113 142
113 213
113 242
114 164
114 180
114 189
114 220
114 255
114 266
115 131
115 287
116 197
117 134
117 147
117 156
117 201
117 265
117 270
117 300
118 124
118 129
118 133
118 135
118 151
118 156
118 167
118 179
118 181
118 216
118 224
118 250
118 272
118 282
118 285
118 291
119 171
120 129
120 153
120 157
121 132
121 136
121 208
122 130
122 137
122 208
122 215
122 235
122 252
122 267
122 288
122 307
123 129
123 231
123 247
123 278
124 131
124 134
124 136
124 138
124 147
124 191
124 200
124 204
124 208
124 295
126 180
128 135
128 252
128 275
129 133
129 162
129 191
129 207
129 220
129 269
129 273
129 285
129 287
129 288
130 133
130 140
130 154
130 156
130 167
130 193
130 230
130 245
130 269
130 283
131 133
131 136
131 139
131 143
131 168
131 207
131 231
131 241
131 271
131 287
131 292
132 179
133 134
133 135
133 142
133 154
133 156
133 164
133 177
133 179
133 180
133 185
133 188
133 196
133 200
133 204
133 244
133 252
133 266
133 279
133 294
133 301
134 135
134 143
134 149
134 150
134 166
134 179
134 181
134 199
134 220
134 223
134 234
134 237
134 255
134 257
134 259
134 260
134 265
134 269
134 273
134 293
135 149
135 172
135 179
135 191
135 193
135 214
135 218
135 258
135 299
135 302
135 314
136 156
136 188
136 191
136 210
136 213
136 216
136 220
136 248
136 290
137 156
137 216
137 237
137 239
137 246
137 286
137 299
139 145
139 156
139 278
140 158
140 233
140 250
140 279
143 302
144 150
144 276
145 156
145 158
145 193
145 249
145 269
146 278
148 149
148 156
148 178
148 179
148 208
148 270
148 298
149 162
149 176
149 185
149 209
149 213
149 255
150 156
151 286
152 160
152 193
152 222
152 250
153 157
154 171
154 261
154 286
154 296
156 160
156 167
156 169
156 179
156 193
156 199
156 214
156 216
156 275
156 294
157 159
157 205
157 209
157 211
157 249
157 287
157 302
158 176
159 160
159 167
159 206
159 222
160 174
160 205
160 230
162 233
164 287
165 253
166 292
166 307
167 178
167 202
167 203
167 212
167 216
167 283
167 314
168 171
169 195
169 267
170 263
170 286
171 185
171 315
172 201
172 266
172 309
173 278
174 224
174 234
174 256
174 315
175 261
176 244
176 284
177 200
177 218
177 255
179 193
179 210
179 230
179 269
180 186
180 198
180 205
180 216
180 307
181 215
182 223
182 258
184 249
184 260
184 273
184 280
185 217
185 286
185 309
188 245
188 260
188 286
188 300
188 301
189 271
190 260
192 245
192 276
192 292
193 199
193 250
193 285
194 231
195 284
196 290
197 206
197 233
197 305
198 215
199 231
199 288
200 239
200 243
200 285
200 298
200 313
200 315
201 222
201 242
201 279
203 287
204 217
204 231
204 241
205 276
205 289
205 313
206 227
206 252
206 285
206 287
207 296
208 281
209 231
210 211
210 215
210 292
210 296
212 265
213 229
213 234
215 221
215 224
215 264
217 224
218 232
218 272
218 304
218 308
219 259
219 272
220 259
220 297
220 307
222 258
223 275
224 286
224 301
225 265
226 259
226 269
226 305
228 310
229 241
229 278
229 292
229 313
231 261
231 303
233 312
234 242
237 245
237 285
238 243
238 284
239 246
239 291
242 275
242 282
242 288
246 266
246 278
246 283
247 310
249 271
249 272
249 287
249 294
249 295
249 303
254 268
261 266
263 287
263 309
269 288
271 305
272 287
272 292
273 285
275 285
275 287
281 287
281 301
285 288
286 305
287 288
287 298
287 304
288 300
309 310
