0 14
0 107
0 131
0 133
0 200
0 238
0 272
1 45
1 79
1 101
1 105
1 144
1 229
1 279
1 281
2 3
2 11
2 13
2 16
2 46
2 59
2 97
2 103
2 105
2 133
2 159
2 169
2 181
2 229
2 232
2 244
2 264
2 276
2 298
3 11
3 64
3 187
3 302
4 36
4 38
4 136
4 149
4 287
5 122
5 136
5 153
5 220
5 241
5 252
5 255
6 36
6 41
6 67
6 135
6 177
6 185
7 34
7 74
7 75
7 114
7 118
7 129
7 152
7 159
7 263
7 296
8 34
8 47
8 74
8 92
8 95
8 128
8 148
8 158
8 174
8 232
8 233
9 74
9 81
9 133
9 156
9 171
9 202
9 213
9 240
9 255
9 287
10 106
10 161
10 213
10 236
11 23
11 40
11 101
11 287
11 314
12 28
12 45
12 67
12 97
12 107
12 212
12 230
12 268
13 31
13 60
13 78
13 156
13 217
13 262
13 269
14 69
14 94
14 117
14 154
14 188
14 191
14 219
14 231
14 287
14 304
15 30
15 50
15 75
15 117
15 129
15 157
15 269
16 47
16 54
16 75
16 77
16 80
16 112
16 119
16 130
16 134
16 142
16 174
16 175
16 200
16 231
16 278
16 281
16 310
17 18
17 211
17 212
17 293
17 304
18 21
18 27
18 86
18 111
18 157
18 229
18 275
18 283
18 284
19 160
19 161
20 31
20 56
20 133
20 179
20 180
20 245
20 285
20 287
20 305
20 308
21 122
21 137
21 157
21 207
21 252
21 272
21 309
22 115
23 128
23 188
24 104
24 108
24 205
24 213
24 239
25 31
25 32
25 58
25 65
25 97
25 122
25 129
25 179
25 253
25 272
26 32
26 68
26 298
27 135
27 189
27 206
27 304
28 73
28 87
28 98
28 107
28 130
28 134
28 156
28 193
28 249
29 157
29 288
30 45
30 87
30 114
30 130
31 72
31 131
31 136
31 156
31 160
31 179
31 187
31 188
31 216
31 264
31 268
31 275
31 309
32 38
32 44
32 88
32 103
32 134
32 148
32 161
32 180
32 230
32 243
32 276
32 298
33 40
33 43
33 45
33 51
33 138
33 148
33 161
33 186
33 254
33 285
34 57
34 68
34 92
34 127
34 128
34 157
34 171
34 182
34 199
34 204
35 81
35 210
36 41
36 98
36 127
36 131
36 157
36 159
36 305
37 96
37 157
37 188
37 194
37 220
37 242
37 297
38 58
38 64
38 102
38 136
38 146
38 156
38 268
38 271
39 43
39 124
39 130
39 131
39 210
39 215
40 108
40 130
40 148
40 149
40 223
41 75
41 131
41 134
41 188
41 214
41 272
42 65
42 135
42 146
42 205
42 214
42 288
43 95
43 102
43 131
43 134
43 179
43 191
43 197
43 206
43 288
44 101
44 131
44 159
44 207
45 81
45 102
45 109
45 123
45 129
45 133
45 134
45 211
45 309
46 55
46 77
46 90
46 156
46 211
46 217
46 226
46 267
46 279
46 310
47 69
47 70
47 82
47 102
47 107
47 131
47 193
47 235
47 241
47 299
48 73
48 87
48 92
48 109
48 287
48 315
49 133
49 150
49 156
50 103
50 139
50 150
50 174
50 239
50 249
51 124
51 134
51 174
51 209
51 227
51 288
52 129
52 193
52 313
53 111
53 267
54 124
54 125
54 157
54 298
55 234
56 65
56 77
56 103
56 122
56 140
56 145
56 180
56 248
56 257
58 118
58 137
58 159
59 75
59 79
59 136
59 153
59 171
59 239
59 244
59 252
59 290
59 302
60 109
60 130
60 151
60 258
60 264
60 273
61 117
61 162
61 245
61 265
61 276
61 285
62 130
62 197
62 279
62 285
62 287
63 114
63 206
64 72
64 87
64 99
64 157
64 207
64 210
64 220
64 241
64 253
64 277
65 165
65 167
65 285
66 106
66 130
66 246
67 72
67 96
67 106
67 126
67 199
67 220
68 91
68 133
68 134
68 135
68 188
68 210
68 229
68 241
69 131
69 159
70 122
70 124
70 133
70 151
71 78
71 238
72 180
72 258
73 77
73 106
73 171
73 180
74 106
74 124
74 136
74 157
74 167
74 168
74 174
74 175
74 193
74 205
74 227
74 239
74 251
74 293
74 302
75 145
75 157
75 160
75 178
75 228
75 239
75 273
75 298
76 276
77 80
77 94
77 162
77 288
78 130
78 134
78 137
78 181
79 105
79 107
79 122
79 136
79 195
79 301
80 130
80 131
80 134
80 193
80 232
80 258
81 140
81 164
81 179
81 214
81 215
81 288
82 263
82 286
83 87
83 92
83 132
83 162
83 184
83 258
83 303
84 215
84 239
85 155
85 184
85 247
86 153
86 194
87 180
87 233
87 239
87 251
88 154
88 167
88 255
88 258
88 304
89 104
89 122
89 150
89 199
89 204
89 283
90 103
90 146
90 179
90 261
91 133
91 148
91 210
92 110
92 130
92 134
92 143
92 156
92 164
92 254
92 279
94 134
94 149
94 181
95 175
95 185
95 204
96 159
96 163
96 188
96 231
97 106
97 122
97 127
97 134
97 136
97 149
97 150
97 160
97 185
97 238
97 272
98 119
98 134
98 248
98 252
98 287
99 213
99 289
100 160
100 229
101 102
101 104
101 108
101 109
101 128
101 137
101 167
101 206
101 231
101 238
102 118
102 129
102 185
102 209
102 266
102 272
102 276
102 281
103 109
103 127
103 132
103 178
103 193
103 247
103 286
103 287
103 289
103 310
104 114
104 130
104 145
104 157
104 173
104 200
104 224
104 231
104 239
105 117
105 211
106 111
106 139
106 157
106 206
106 213
107 122
107 237
107 287
108 131
108 180
108 204
108 229
109 133
109 159
110 113
110 130
110 189
110 234
110 259
111 242
111 301
112 241
113 156
113 255
114 157
115 133
115 161
115 191
116 167
116 271
117 133
117 167
117 195
117 220
117 296
118 128
118 130
118 215
118 218
118 229
118 254
119 130
120 145
120 167
120 172
122 129
122 149
122 193
122 239
122 266
122 315
124 131
124 148
124 149
124 156
124 200
124 205
124 228
124 232
124 252
124 307
125 131
125 256
128 129
128 233
128 298
129 135
129 138
129 148
129 156
129 157
129 165
129 166
129 167
129 171
129 176
129 199
129 203
129 214
129 230
129 233
129 248
129 284
129 293
129 302
130 133
130 134
130 142
130 154
130 156
130 164
130 167
130 198
130 201
130 205
130 208
130 239
130 240
130 285
130 304
130 307
131 133
131 134
131 136
131 138
131 144
131 196
131 211
131 217
131 220
131 240
131 268
131 313
132 218
132 231
132 262
132 273
133 136
133 146
133 148
133 161
133 170
133 172
133 174
133 177
133 200
133 201
133 204
133 213
133 214
133 252
133 267
133 276
133 298
134 135
134 146
134 148
134 154
134 156
134 158
134 181
134 194
134 198
134 220
134 225
134 240
134 258
134 279
134 293
134 298
135 138
135 140
135 148
135 158
135 161
135 164
135 167
135 188
135 195
135 230
135 238
135 252
135 263
135 275
135 314
136 148
136 159
136 167
136 174
136 180
136 192
136 229
136 270
136 288
136 297
137 193
137 242
138 288
138 304
140 149
140 198
140 211
140 217
140 250
141 153
141 174
141 185
141 292
141 305
142 286
142 296
143 278
144 179
145 150
145 244
145 258
146 156
148 150
148 179
148 193
148 200
148 206
148 229
148 283
148 310
149 210
149 243
149 265
149 308
150 188
151 278
152 167
152 179
152 200
152 208
152 305
153 247
154 200
154 265
155 209
155 243
155 282
156 157
156 230
156 261
156 286
156 287
156 293
156 303
157 171
157 174
157 193
157 242
157 278
157 285
157 292
159 193
159 278
160 161
160 193
160 205
160 221
160 229
160 276
160 285
161 188
161 210
162 167
164 204
164 235
164 286
164 297
165 279
166 287
167 181
167 184
167 197
167 198
167 247
167 255
167 257
167 287
168 241
171 177
172 173
172 257
173 209
174 230
174 303
175 224
176 255
177 220
177 252
178 257
179 193
179 225
179 241
179 250
179 274
179 287
180 181
180 192
180 201
180 233
180 250
180 276
180 288
180 302
180 305
180 307
181 206
181 216
181 258
182 193
182 259
182 268
182 280
182 303
184 185
184 224
184 239
185 285
185 314
188 222
188 249
188 270
188 286
189 274
190 219
190 247
191 243
191 249
192 287
192 303
193 223
193 285
193 300
194 223
195 239
196 241
196 247
196 261
196 280
197 228
197 239
199 299
200 210
200 242
200 250
200 277
200 280
200 282
200 293
201 215
201 224
202 218
204 252
204 304
205 229
205 237
205 247
206 219
206 228
206 233
206 288
208 268
209 214
210 215
210 269
210 278
210 286
211 233
211 314
212 214
213 274
215 220
215 227
215 249
215 296
215 309
216 219
216 251
216 268
217 287
218 249
218 305
219 278
219 305
220 239
220 270
220 309
221 254
221 286
222 279
223 233
223 287
223 311
224 235
224 272
225 272
229 242
232 245
233 262
234 249
238 286
238 303
239 288
241 285
241 287
241 291
241 293
242 288
242 292
243 273
244 259
245 285
245 296
248 308
249 255
249 283
249 315
250 256
251 288
252 268
252 286
255 287
255 310
259 279
259 287
261 288
263 270
264 266
265 304
267 292
269 304
277 312
282 293
288 295
289 306
303 304
303 306
305 315
