0 6
0 92
0 162
0 246
0 287
1 48
1 92
1 249
2 8
2 50
2 58
2 103
2 120
2 133
2 134
2 138
2 142
2 148
2 210
2 263
2 286
2 292
3 25
3 136
3 157
3 236
3 307
4 117
4 132
4 237
5 8
5 36
5 79
5 164
5 283
5 285
5 291
6 45
6 174
6 193
6 220
7 15
7 32
7 37
7 68
7 109
7 132
7 134
7 152
7 171
7 223
7 231
7 242
7 251
7 255
7 279
7 283
7 287
7 288
7 308
8 25
8 76
8 81
8 87
8 105
8 110
8 129
8 156
8 208
8 210
8 215
8 220
8 224
8 242
8 285
8 287
9 109
9 118
9 168
9 217
10 35
10 92
10 116
10 210
10 249
11 46
11 135
11 136
11 182
11 208
12 73
12 81
12 96
12 129
12 149
12 185
12 197
12 213
12 240
12 249
13 130
13 134
13 135
13 149
13 160
13 175
13 283
14 31
14 50
14 122
14 247
14 288
14 304
14 313
15 17
15 59
15 66
15 69
15 129
15 156
15 264
16 27
16 28
16 32
16 67
16 72
16 78
16 87
16 102
16 103
16 105
16 106
16 110
16 117
16 124
16 129
16 135
16 174
16 193
16 210
16 214
16 234
16 235
16 240
16 252
16 297
16 305
17 87
17 106
17 129
17 138
17 149
17 252
18 21
18 110
18 117
18 158
18 181
18 188
18 245
18 285
19 124
19 129
19 190
19 233
19 280
19 287
20 33
20 35
20 40
20 45
20 78
20 193
20 224
20 285
20 303
21 69
21 131
22 83
22 193
23 157
23 161
23 163
23 265
23 276
23 286
24 58
24 71
24 136
24 160
24 179
24 231
25 54
25 87
25 120
25 124
25 139
25 182
25 214
26 130
26 283
27 124
27 134
27 163
28 155
28 157
28 160
28 209
28 228
28 231
29 76
29 99
29 108
29 158
30 46
30 69
30 71
30 91
30 131
30 196
30 269
30 314
31 63
31 94
31 111
31 120
31 122
31 130
31 200
31 213
31 275
32 45
32 69
32 92
32 118
32 164
32 167
32 178
32 205
33 45
33 73
33 78
33 80
33 95
33 104
33 111
33 123
33 131
33 143
33 167
33 196
33 220
33 223
33 244
33 250
33 277
34 45
34 75
34 200
34 284
35 172
35 188
35 208
35 258
35 287
36 131
36 134
36 182
36 276
36 284
36 313
37 78
37 103
37 169
37 180
37 220
38 96
38 122
38 131
38 167
38 247
39 127
39 131
39 180
39 251
39 291
40 42
40 101
40 124
40 290
41 56
41 173
41 208
41 286
42 83
42 131
42 134
42 156
43 49
43 122
43 136
43 142
43 168
44 141
44 148
44 225
45 101
45 118
45 121
45 124
45 141
45 156
45 157
45 184
45 185
45 204
45 221
45 235
45 255
45 287
45 294
45 296
46 51
46 62
46 67
46 80
46 85
46 133
46 134
46 138
46 144
46 167
46 172
46 180
46 235
46 246
46 296
46 309
47 83
47 123
47 130
47 131
47 180
47 214
47 234
48 59
48 176
48 216
48 224
48 231
49 114
49 130
49 145
49 167
49 231
49 242
49 246
50 120
50 122
50 133
50 152
50 191
51 131
51 132
51 133
51 180
51 195
52 131
53 59
54 86
54 139
54 167
54 172
54 179
55 91
55 140
56 110
56 121
56 151
56 224
56 240
56 271
56 292
57 135
57 204
57 215
58 167
59 87
59 131
59 174
59 239
59 259
59 278
60 66
60 107
60 133
60 200
60 233
60 287
61 133
61 154
62 89
62 103
62 110
62 133
62 156
62 223
62 304
63 110
63 167
63 298
64 95
64 98
64 131
64 143
64 147
64 233
64 249
64 252
64 277
64 284
64 313
65 129
66 84
66 103
66 133
66 247
66 262
67 80
67 106
67 114
67 131
67 216
67 218
67 231
67 233
68 70
68 119
68 129
68 130
68 148
68 201
68 215
68 231
68 292
68 315
70 124
70 155
70 193
70 314
71 177
71 192
72 150
72 160
73 89
73 124
73 131
73 145
73 191
74 99
74 103
74 134
74 157
74 182
74 185
74 219
75 86
75 130
75 133
76 94
76 115
76 149
76 260
77 89
77 123
77 140
77 142
77 156
77 163
77 285
78 120
78 129
78 220
78 269
78 304
79 133
79 249
79 286
80 87
80 137
80 150
80 189
80 279
80 283
80 284
80 287
81 106
81 121
81 181
81 220
81 244
81 259
81 286
82 136
82 206
83 110
83 129
83 134
83 200
83 209
83 210
83 232
83 285
84 148
85 121
85 193
85 239
86 148
86 157
86 285
87 110
87 193
87 215
87 224
87 271
87 288
88 116
88 152
88 157
88 210
88 215
88 288
89 102
89 135
89 140
89 180
89 205
89 217
89 233
89 234
90 149
90 199
90 239
91 224
91 305
92 128
92 134
92 277
92 285
93 161
93 273
94 148
94 286
94 298
95 207
95 287
96 120
96 124
96 149
96 157
96 179
96 249
96 271
97 133
97 234
98 123
98 148
98 157
98 180
98 213
98 218
99 296
99 303
101 112
101 119
101 133
101 137
101 163
101 287
102 138
102 148
102 164
102 170
102 175
102 176
102 192
102 230
102 250
102 275
102 287
102 298
103 106
103 124
103 135
103 156
103 233
103 303
103 306
104 111
104 118
104 123
104 156
104 206
104 256
105 130
105 131
105 134
105 141
105 153
105 208
105 273
106 130
106 135
106 136
106 145
106 149
106 190
106 230
106 231
106 250
107 119
107 129
107 232
107 244
107 287
108 156
108 298
109 110
109 130
109 157
109 164
109 166
109 167
109 179
109 193
109 234
110 123
110 167
110 172
110 193
110 206
110 256
110 269
110 271
111 129
112 130
112 210
113 129
113 286
114 119
114 124
114 130
114 145
114 156
114 159
114 227
114 291
115 124
115 131
115 233
115 268
115 288
116 287
117 129
117 288
117 290
117 307
118 128
118 129
118 130
118 131
118 148
118 177
118 180
118 184
118 192
118 273
118 287
118 313
119 238
119 244
120 191
120 195
120 210
120 218
120 244
120 272
122 129
122 139
122 152
122 160
122 180
122 220
122 247
123 135
123 166
123 210
124 134
124 145
124 210
124 219
124 223
124 245
124 314
125 209
127 138
127 220
127 232
128 131
128 191
128 245
128 296
129 131
129 134
129 149
129 157
129 158
129 164
129 171
129 172
129 174
129 180
129 217
129 229
129 242
129 243
129 244
129 250
129 263
129 265
129 288
130 131
130 140
130 142
130 149
130 150
130 155
130 160
130 171
130 174
130 181
130 190
130 195
130 202
130 210
130 214
130 251
130 269
130 285
130 287
130 293
131 133
131 134
131 140
131 152
131 156
131 185
131 200
131 215
131 219
131 226
131 258
131 281
131 286
131 287
131 305
131 311
131 313
132 141
132 166
132 210
132 246
133 135
133 137
133 139
133 145
133 152
133 157
133 197
133 206
133 239
133 243
133 245
133 246
133 248
133 260
133 277
133 279
133 286
133 296
133 303
133 311
134 137
134 147
134 156
134 159
134 164
134 167
134 186
134 211
134 215
134 217
134 238
134 239
134 255
134 258
134 278
134 284
134 285
134 287
134 293
135 143
135 157
135 167
135 181
135 239
135 244
135 245
135 252
135 261
135 287
135 288
135 305
136 186
136 206
136 258
136 260
136 288
137 171
137 187
137 220
137 249
138 215
139 220
140 160
140 201
140 210
140 299
141 238
141 315
142 167
142 198
142 200
142 284
143 187
143 285
143 292
143 297
144 217
145 152
145 180
145 208
145 248
145 272
146 258
146 313
147 248
148 167
148 193
148 205
148 206
148 210
148 220
148 229
148 258
148 265
148 283
148 288
148 301
149 151
149 183
149 188
149 197
149 200
149 205
149 249
149 262
150 156
150 180
150 197
150 227
151 234
152 158
152 166
152 182
152 193
152 285
152 292
152 315
153 299
154 182
154 276
154 285
155 157
155 208
156 161
156 188
156 204
156 211
156 213
156 255
156 312
157 200
157 210
157 217
157 233
157 249
157 288
158 288
159 221
159 294
160 166
160 232
160 276
160 286
160 299
161 267
161 285
161 302
161 304
162 233
162 249
162 252
162 286
163 283
164 241
164 257
164 266
164 314
166 207
167 173
167 220
167 232
167 244
167 305
168 206
171 229
172 213
172 286
173 231
174 189
175 239
175 240
176 199
176 285
178 261
179 197
180 185
180 194
180 239
180 243
180 257
180 304
181 192
181 193
181 305
182 184
182 185
185 188
185 195
187 192
187 248
188 209
188 268
188 291
188 293
191 205
191 286
191 305
192 272
193 211
193 272
194 215
195 287
196 283
198 201
198 207
198 276
199 218
200 204
200 208
200 213
200 227
200 255
200 260
200 287
200 299
201 286
202 238
204 209
204 227
204 229
205 272
206 280
206 304
207 306
208 277
208 293
208 296
209 245
210 225
210 239
210 278
210 283
211 219
211 233
215 237
216 220
216 241
216 266
216 285
218 249
218 255
219 301
220 247
220 258
220 273
223 260
224 230
224 272
224 285
226 262
229 276
231 255
232 237
232 272
232 295
233 239
233 312
234 269
234 278
234 300
237 286
239 245
239 255
239 261
239 272
239 287
239 293
239 305
240 275
240 290
242 278
242 285
242 298
243 298
244 277
244 279
244 282
245 305
246 286
247 250
249 264
249 286
249 291
249 307
249 310
250 282
252 307
256 262
256 265
257 273
258 296
258 300
258 302
260 288
263 310
265 270
266 287
266 295
266 297
267 293
269 286
269 305
270 288
273 288
275 276
276 283
276 313
277 287
284 287
287 305
287 307
294 307
296 312
