0 60
0 136
0 183
0 239
1 8
1 79
1 94
1 103
1 112
1 152
1 301
2 13
2 45
2 75
2 76
2 84
2 90
2 133
2 154
2 192
2 242
2 245
2 249
2 299
3 31
3 129
3 232
3 266
4 74
4 77
4 131
4 179
4 252
5 12
5 31
5 45
5 63
5 73
5 133
5 134
5 135
5 152
5 167
5 255
5 286
5 305
6 89
6 129
6 137
6 287
7 32
7 46
7 48
7 67
7 81
7 96
7 129
7 131
7 134
7 138
7 196
7 215
7 225
7 274
7 298
8 24
8 31
8 95
8 103
8 121
8 125
8 129
8 186
8 208
8 232
8 238
8 249
8 261
8 266
9 54
9 128
9 156
9 180
9 210
9 273
10 59
10 118
10 285
11 16
11 59
11 86
11 89
11 208
11 210
11 252
12 42
12 49
12 67
12 74
12 89
12 97
12 129
12 173
12 180
12 206
12 223
12 260
12 270
12 273
13 29
13 31
13 32
13 33
13 74
13 97
13 220
13 249
13 285
14 37
14 45
14 51
14 130
14 156
14 195
14 212
15 37
15 48
15 80
15 97
15 195
15 208
15 210
15 220
16 31
16 32
16 49
16 64
16 73
16 79
16 104
16 129
16 132
16 136
16 148
16 185
16 196
16 202
16 212
16 241
16 311
18 19
18 43
18 52
18 59
18 80
18 84
18 102
18 110
18 124
18 131
18 176
18 201
18 220
18 241
19 29
19 307
20 32
20 92
20 105
20 245
21 45
21 46
21 101
21 130
21 135
21 167
21 215
21 221
21 288
21 303
22 164
22 219
23 77
23 84
23 133
23 279
24 105
24 110
24 135
24 205
24 224
24 267
24 288
25 27
25 103
25 115
25 120
25 167
25 225
25 255
25 266
26 67
26 68
26 129
27 50
27 67
27 92
27 142
27 148
27 181
27 209
27 288
28 129
28 172
28 201
28 249
29 39
29 66
29 68
29 74
29 100
29 118
29 167
29 273
30 134
30 138
30 150
30 167
30 206
30 288
30 298
31 45
31 73
31 83
31 99
31 102
31 138
31 153
31 188
31 213
31 218
31 245
31 275
32 45
32 47
32 70
32 79
32 81
32 97
32 104
32 133
32 134
32 137
32 148
32 174
32 200
32 205
32 218
32 231
32 264
32 274
32 297
32 309
33 34
33 41
33 42
33 56
33 61
33 79
33 110
33 118
33 123
33 131
33 134
33 160
33 180
33 200
33 238
33 249
33 286
33 287
33 291
34 50
34 83
34 94
34 129
34 149
34 152
34 156
35 67
35 134
35 172
35 306
36 59
36 169
37 148
37 167
37 200
37 220
38 130
38 221
38 239
39 85
39 91
39 95
39 267
40 68
40 167
40 178
40 249
40 261
40 292
41 129
41 142
41 156
41 200
41 210
41 252
41 313
42 63
42 67
42 135
42 145
42 148
42 215
42 227
42 264
42 272
43 131
43 135
43 205
44 130
44 133
44 188
44 220
44 288
44 292
45 80
45 131
45 134
45 241
45 258
45 308
46 56
46 105
46 113
46 117
46 169
46 211
46 224
46 287
47 171
47 239
47 249
48 63
48 105
48 150
48 193
48 222
48 241
48 259
48 314
49 54
49 59
49 120
49 124
49 136
49 249
50 56
50 60
50 64
50 129
50 178
50 179
50 267
50 298
51 57
51 118
51 164
51 195
51 201
52 121
52 140
53 227
54 117
54 133
54 135
54 162
54 272
54 287
55 110
55 128
55 233
56 107
56 111
56 181
56 195
56 243
56 257
56 258
56 293
57 62
57 145
58 135
58 188
58 211
58 219
59 99
59 110
59 118
59 130
59 131
59 157
59 195
59 251
59 278
59 291
60 75
60 80
60 83
60 131
60 149
60 156
60 167
60 223
60 229
60 245
60 249
60 273
61 138
61 148
61 189
61 199
61 244
61 273
62 87
62 129
62 130
62 131
62 133
62 134
62 136
62 142
62 180
62 188
63 134
63 158
64 136
64 160
64 200
64 235
65 127
65 138
65 151
66 98
66 114
66 129
66 130
66 140
66 156
67 77
67 92
67 107
67 108
67 129
67 139
67 161
67 286
68 89
68 124
68 128
68 167
68 193
68 221
68 270
68 285
69 101
69 129
69 134
69 152
69 177
69 232
70 133
70 232
71 95
71 288
71 310
72 127
72 136
72 184
72 220
73 118
73 136
73 262
74 79
74 105
74 106
74 145
74 152
74 174
74 180
74 244
74 249
74 287
74 305
75 156
75 168
76 134
76 185
76 279
77 80
77 106
77 168
77 295
77 298
78 110
78 131
78 232
78 310
79 151
79 184
79 261
79 263
79 306
80 96
80 132
80 193
80 206
80 232
80 247
80 305
81 120
81 133
81 188
81 232
81 295
82 130
83 92
83 139
83 206
83 218
83 232
83 298
84 101
84 103
85 89
85 136
85 210
85 240
85 264
85 278
85 282
86 124
86 268
87 131
87 137
87 193
87 220
87 255
87 287
88 101
88 119
88 124
88 173
88 224
89 125
89 129
89 200
90 147
90 160
90 307
91 122
91 130
91 134
91 156
92 94
92 205
92 251
92 298
93 118
93 200
93 212
93 236
94 127
94 131
94 164
94 167
94 208
95 104
95 152
95 191
95 205
96 106
96 133
96 157
96 205
96 220
96 286
97 124
97 131
97 139
97 179
97 211
97 288
98 110
98 130
98 179
98 193
98 206
98 278
99 130
99 193
101 145
101 157
101 185
101 242
101 288
101 307
102 135
102 156
102 179
102 184
102 198
102 216
102 292
103 117
103 130
103 136
103 137
103 153
103 156
103 183
103 200
103 208
103 210
103 222
103 239
103 253
103 255
103 269
103 288
104 124
104 131
104 220
104 242
105 135
105 142
105 157
105 184
105 188
105 192
105 232
106 123
106 133
106 149
106 156
106 214
106 236
106 300
107 121
107 190
107 191
107 236
107 239
107 241
108 126
108 133
108 135
108 154
108 210
108 239
108 288
109 145
109 193
109 276
109 302
110 131
110 205
110 218
110 285
111 271
112 133
112 136
112 167
112 200
112 245
112 284
113 185
114 122
114 129
114 156
115 148
115 160
115 163
115 252
116 162
116 180
116 193
116 206
116 272
117 129
117 138
117 193
117 204
117 217
117 269
117 270
117 278
118 129
118 147
118 192
118 211
118 238
120 172
120 175
120 288
120 298
121 154
121 200
121 201
121 261
121 264
121 287
122 135
122 154
122 159
122 171
122 200
122 213
122 283
122 285
122 288
123 133
123 208
123 216
124 127
124 213
124 224
124 305
126 152
126 272
127 180
127 251
128 134
128 174
128 193
128 202
128 275
128 284
129 144
129 145
129 148
129 152
129 153
129 156
129 157
129 171
129 180
129 196
129 209
129 213
129 240
129 258
129 261
129 274
129 281
129 286
129 287
129 288
129 291
129 306
130 141
130 162
130 167
130 182
130 188
130 191
130 204
130 209
130 218
130 220
130 231
130 251
130 258
130 263
130 276
130 284
130 288
130 290
130 303
130 305
131 135
131 136
131 152
131 160
131 175
131 180
131 188
131 213
131 222
131 226
131 234
131 269
131 275
131 282
131 290
131 299
131 309
132 177
132 280
132 304
133 140
133 148
133 156
133 177
133 180
133 192
133 193
133 220
133 232
133 249
133 250
133 260
133 268
133 272
133 298
133 305
133 306
133 308
133 313
134 152
134 168
134 184
134 204
134 210
134 237
134 249
135 167
135 184
135 187
135 191
135 203
135 210
135 214
135 231
135 239
135 275
136 148
136 193
136 203
136 231
136 255
136 284
136 313
137 288
138 157
138 265
139 140
139 175
139 209
140 265
141 201
141 287
142 160
142 180
142 223
142 304
143 215
143 219
144 233
144 237
145 173
145 200
145 216
147 239
147 287
148 157
148 188
148 190
148 259
148 266
148 269
148 286
148 288
149 200
149 204
149 210
149 232
149 272
149 283
149 310
150 189
150 211
150 213
150 220
151 190
151 216
151 232
152 160
152 181
152 182
152 186
152 217
152 222
152 287
152 304
153 302
153 315
154 273
154 301
155 200
156 160
156 164
156 179
156 188
156 194
156 202
156 217
156 227
156 238
156 257
156 258
156 277
156 315
157 159
157 163
157 200
157 215
157 266
157 279
157 284
157 287
158 202
158 249
158 287
159 161
159 171
159 205
160 180
160 252
160 267
161 200
162 188
162 197
162 206
162 215
162 275
163 180
163 287
164 179
164 196
164 238
166 258
166 292
167 179
167 242
167 249
167 258
167 260
167 278
167 296
167 304
168 171
169 294
171 249
171 258
172 230
172 294
173 176
173 211
174 213
177 193
177 224
177 246
178 283
179 271
179 298
180 206
180 229
181 191
181 220
182 220
185 275
186 247
187 263
188 228
188 237
188 304
189 216
190 197
190 206
191 247
191 279
191 297
192 227
192 263
193 200
193 202
193 208
193 214
193 249
193 302
195 200
196 287
196 295
197 231
197 301
198 287
199 217
200 209
200 239
200 283
200 287
200 301
201 208
201 209
201 211
201 308
202 210
204 233
204 305
205 238
205 240
205 286
205 294
206 275
206 287
206 298
206 314
209 287
210 224
210 239
210 278
210 294
210 306
210 307
211 223
211 248
211 278
213 255
213 288
214 217
214 256
215 231
215 232
215 249
215 258
215 297
215 299
217 257
217 306
218 269
218 301
220 231
220 232
220 241
220 261
220 283
220 303
223 224
224 248
224 266
226 295
228 291
229 249
232 269
232 285
233 242
233 249
234 242
234 295
234 296
234 303
237 287
239 248
239 301
239 305
240 261
240 267
241 299
241 305
242 260
242 265
242 271
242 287
244 287
245 309
246 287
248 261
249 275
249 282
249 301
250 287
251 304
254 286
255 258
256 283
258 284
262 289
265 287
266 279
266 303
266 304
267 275
267 288
269 304
271 287
272 285
273 307
274 284
276 283
276 307
277 288
280 305
280 315
282 283
284 297
284 307
285 289
285 311
286 287
286 296
287 290
287 295
288 304
288 308
292 305
