0 2
0 29
0 45
0 147
0 149
0 249
0 287
1 32
1 45
1 220
2 12
2 29
2 30
2 45
2 47
2 67
2 98
2 105
2 118
2 135
2 136
2 156
2 163
2 211
2 232
2 241
2 254
2 303
2 306
3 12
3 217
4 40
4 180
4 201
4 209
4 260
4 287
5 36
5 56
5 88
5 103
5 121
5 249
6 39
6 94
6 107
6 165
6 195
6 288
6 308
6 310
7 34
7 47
7 62
7 63
7 64
7 108
7 113
7 130
7 188
7 238
7 245
7 266
7 308
8 9
8 35
8 42
8 102
8 106
8 111
8 118
8 134
8 149
8 179
8 181
8 205
8 223
8 232
9 12
9 39
9 82
9 89
9 131
9 216
10 12
10 34
10 74
10 137
10 152
10 200
10 202
10 304
11 45
11 61
11 94
11 194
12 20
12 74
12 76
12 132
12 137
12 156
12 222
12 291
13 29
13 72
13 75
13 188
13 249
13 314
14 121
14 134
14 135
14 156
14 160
14 168
14 258
15 28
15 55
15 62
15 64
15 67
15 85
15 105
15 181
15 211
15 252
15 263
15 287
16 43
16 49
16 50
16 59
16 92
16 95
16 99
16 110
16 124
16 142
16 153
16 156
16 162
16 167
16 195
16 210
16 212
16 241
16 242
16 280
16 291
17 35
17 54
17 124
17 208
17 223
18 31
18 45
18 46
18 65
18 66
18 78
18 87
18 129
18 133
18 136
19 34
19 55
19 75
19 86
19 133
19 136
19 156
19 164
19 167
19 227
19 232
19 286
20 26
20 30
20 46
20 131
20 224
20 275
21 31
21 62
21 124
21 135
21 168
21 176
21 213
22 47
22 66
22 71
22 104
22 224
23 34
23 130
23 134
23 159
23 272
23 288
23 309
24 32
24 152
24 180
24 206
24 269
24 276
24 286
25 29
25 54
25 70
25 74
25 136
25 156
25 181
25 210
25 218
25 279
25 280
25 285
25 296
26 158
26 298
27 47
27 130
27 147
28 46
29 129
29 132
29 135
29 145
29 167
30 68
30 69
30 130
30 179
30 217
31 127
31 134
31 136
31 189
31 309
31 311
32 41
32 44
32 62
32 67
32 101
32 117
32 130
32 149
32 166
32 220
32 233
33 49
33 54
33 73
33 77
33 86
33 95
33 98
33 133
33 154
33 185
33 193
33 279
33 280
34 129
34 131
34 180
34 235
35 62
35 105
35 117
35 139
35 220
36 86
36 103
36 133
36 135
36 144
36 149
36 216
36 227
36 282
36 284
37 60
37 134
37 144
37 286
38 49
38 50
38 130
38 166
39 131
39 133
39 188
39 224
40 55
40 119
40 129
40 131
40 134
40 135
40 159
40 252
40 263
40 265
40 287
40 291
41 45
41 58
41 60
41 65
41 83
41 95
41 192
41 205
41 208
41 304
42 74
42 129
42 148
42 152
42 160
42 197
42 202
43 44
43 64
43 111
43 131
43 135
43 155
43 214
43 217
44 79
44 174
45 83
45 129
45 134
45 200
45 210
45 239
45 302
46 59
46 114
46 144
46 157
46 162
46 180
46 220
46 247
46 249
46 271
46 282
47 61
47 63
47 90
47 130
47 134
47 148
47 245
47 276
48 109
48 130
48 154
48 160
48 239
49 124
49 152
50 119
50 130
50 136
50 155
50 159
50 167
50 258
50 281
50 305
51 109
51 267
52 157
52 200
52 297
54 120
54 130
54 233
55 64
55 145
55 162
55 167
55 300
56 60
56 110
56 130
56 179
56 237
56 257
57 133
58 238
59 68
59 108
59 123
59 124
59 128
59 130
59 134
59 136
59 148
59 167
59 179
59 188
59 192
59 201
59 223
59 249
59 272
59 287
59 299
59 309
60 77
60 129
60 135
60 148
60 231
61 174
61 298
62 71
62 154
62 233
62 241
63 209
64 81
64 107
64 140
64 177
64 204
64 248
65 131
65 179
65 293
66 143
67 73
67 92
67 97
67 145
67 148
67 153
67 156
67 217
67 266
67 267
67 281
68 130
68 134
68 167
68 179
68 180
68 218
68 232
68 262
68 293
69 107
69 135
69 156
69 188
70 120
70 131
70 135
70 232
70 308
71 200
71 208
72 243
72 267
72 273
73 106
73 236
73 306
74 134
74 145
74 154
74 166
74 181
74 221
74 298
75 130
75 140
75 156
75 160
75 164
76 117
76 131
76 142
76 200
76 256
76 305
77 126
77 135
77 216
78 81
78 193
78 211
78 258
78 269
79 95
79 130
79 133
79 142
79 185
79 268
79 287
80 105
80 116
80 291
81 91
81 205
81 216
81 260
82 118
82 138
83 108
84 130
84 166
84 172
84 286
84 298
85 105
85 131
85 256
85 284
85 301
86 210
87 88
87 128
87 249
87 267
88 134
88 169
88 188
88 219
88 286
89 152
89 188
89 226
89 245
89 285
90 197
91 259
92 115
92 157
92 294
93 179
94 129
94 301
95 130
95 133
95 158
95 274
95 305
96 97
96 100
96 130
96 180
96 241
96 274
96 287
97 109
97 130
97 249
97 303
98 130
98 131
98 138
98 147
98 285
99 240
99 269
100 118
101 123
101 180
101 221
101 307
102 120
102 162
102 167
102 174
102 182
102 193
102 236
103 115
103 118
103 122
103 134
103 135
103 165
103 171
103 201
103 239
103 242
103 249
103 254
103 257
103 267
104 124
104 130
104 136
104 162
104 197
104 203
104 298
105 114
105 129
105 165
106 118
106 131
106 153
106 204
106 231
106 252
106 280
106 292
107 149
107 191
108 171
108 247
108 263
108 290
109 135
109 174
109 298
109 313
110 149
110 192
110 239
110 243
110 248
110 302
111 166
111 167
111 204
111 222
112 124
112 131
112 135
112 137
112 167
112 220
112 247
112 265
113 224
114 210
114 260
115 188
115 239
115 301
116 227
117 121
117 130
117 135
117 156
117 184
117 197
117 200
117 269
117 290
118 130
118 140
118 156
118 164
118 218
118 224
118 233
118 238
118 263
118 271
118 301
119 129
120 167
120 201
120 223
120 287
121 124
121 129
121 131
121 134
121 138
121 160
121 232
122 127
122 129
122 130
122 133
122 134
122 167
122 219
122 220
122 264
123 273
123 288
124 130
124 131
124 135
124 140
124 180
124 186
124 211
124 212
124 231
125 260
126 136
126 157
126 206
127 152
127 230
127 255
127 302
128 134
128 156
128 164
129 130
129 131
129 135
129 140
129 148
129 149
129 160
129 193
129 244
129 252
129 261
129 264
129 269
129 278
129 287
129 299
129 304
130 133
130 137
130 164
130 182
130 189
130 202
130 206
130 211
130 220
130 222
130 231
130 242
130 261
130 263
130 264
130 271
130 275
130 276
130 278
130 285
130 286
130 288
131 134
131 136
131 156
131 171
131 188
131 210
131 221
131 233
131 237
131 253
131 266
131 275
131 288
131 305
132 148
132 157
132 162
132 164
132 167
132 179
132 286
133 134
133 135
133 140
133 149
133 156
133 157
133 159
133 160
133 163
133 181
133 205
133 229
133 239
133 252
133 302
133 313
133 315
134 135
134 136
134 156
134 182
134 185
134 188
134 191
134 208
134 245
134 246
134 259
134 261
134 265
134 286
134 302
135 136
135 141
135 149
135 164
135 167
135 168
135 171
135 191
135 193
135 205
135 222
135 224
135 252
135 284
135 312
136 139
136 151
136 169
136 193
136 200
136 206
136 212
136 239
136 262
136 275
136 278
136 283
136 312
137 152
137 292
138 167
138 171
138 188
138 276
138 309
139 220
139 288
140 168
140 187
140 218
140 222
140 226
140 227
140 247
140 301
141 288
142 252
142 270
142 273
142 287
143 287
144 157
145 188
145 209
145 214
145 288
146 159
146 244
148 156
148 166
148 209
148 216
148 217
148 285
148 286
149 167
149 195
149 213
149 234
149 245
149 286
150 252
150 285
150 286
151 167
152 167
152 181
152 193
152 220
152 252
152 294
153 287
153 293
154 204
154 218
154 310
155 218
156 157
156 159
156 160
156 187
156 188
156 208
156 217
156 242
156 245
156 264
156 265
156 266
156 272
156 287
156 294
156 304
156 306
157 163
157 167
157 180
157 217
157 241
157 285
157 293
160 169
160 197
160 215
160 220
160 235
161 253
161 303
162 216
162 228
162 242
162 288
163 188
163 201
163 287
166 180
166 227
166 238
166 252
167 171
167 270
168 234
168 255
168 269
169 215
171 257
172 231
172 263
173 249
174 180
174 222
174 310
175 274
176 181
176 218
176 244
177 295
178 249
178 281
179 221
180 210
180 218
180 219
180 225
180 263
180 286
180 305
181 215
181 314
182 215
182 249
182 313
183 191
184 238
184 264
185 268
185 290
185 304
187 201
188 211
188 213
188 215
188 230
188 241
188 248
188 249
188 264
188 279
189 276
191 206
191 232
191 235
191 278
192 287
193 197
193 223
193 286
193 292
195 238
195 287
196 216
197 218
199 288
200 218
200 278
200 287
200 288
200 292
200 301
201 286
201 298
202 242
203 217
203 275
205 233
206 255
206 284
206 298
208 285
209 241
210 232
210 266
211 287
212 301
213 238
213 281
215 216
215 244
216 239
216 295
216 296
219 283
220 227
220 279
222 269
222 287
222 298
222 303
223 284
224 258
224 273
224 285
224 309
230 236
231 294
232 266
232 267
232 272
232 295
232 315
233 295
234 308
236 305
238 293
238 311
239 249
239 267
240 254
240 265
242 286
243 278
245 301
245 305
246 274
247 310
248 293
249 274
249 281
249 286
249 288
252 310
254 266
254 287
258 280
262 288
263 294
266 278
269 276
271 287
272 306
275 309
276 283
279 311
279 314
281 298
284 287
284 288
287 309
296 305
305 306
305 315
