0 7
0 34
0 36
0 38
0 48
0 135
0 145
0 286
0 305
1 56
1 74
1 121
1 122
1 124
1 129
1 152
2 62
2 79
2 132
2 157
2 160
2 188
2 200
2 204
2 242
2 249
2 270
3 64
3 121
3 129
3 130
3 185
3 189
4 32
4 50
4 149
4 243
4 292
5 11
5 27
5 45
5 67
5 129
5 313
6 74
6 148
7 32
7 51
7 116
7 218
7 248
7 285
7 287
7 315
8 20
8 25
8 30
8 41
8 48
8 98
8 118
8 121
8 127
8 150
8 151
8 165
8 169
8 179
8 185
8 231
9 17
9 31
9 102
9 119
9 131
9 134
10 72
10 101
10 129
10 139
10 227
10 255
10 282
11 18
11 41
11 68
11 105
11 134
12 78
12 87
12 102
12 103
12 110
12 131
12 135
12 180
12 274
12 293
12 308
13 24
13 81
13 117
13 133
13 314
14 31
14 96
14 98
14 172
14 181
14 193
14 200
14 205
14 263
14 293
14 313
15 101
15 134
15 157
15 158
15 164
15 165
15 188
15 200
15 275
15 290
16 28
16 36
16 37
16 39
16 64
16 78
16 86
16 102
16 107
16 132
16 133
16 157
16 171
16 200
16 224
16 239
16 241
16 243
16 246
16 268
16 276
16 313
17 41
17 153
17 187
17 292
18 32
18 37
18 59
18 68
18 93
18 104
18 105
18 131
18 194
18 205
18 238
18 269
19 152
19 160
20 35
20 59
20 67
20 95
20 156
20 178
20 242
20 251
20 304
20 305
21 68
21 131
22 80
23 57
23 265
24 64
24 78
24 280
25 46
25 81
25 118
25 121
25 131
25 134
25 146
25 188
25 249
25 258
26 171
26 222
27 130
27 162
27 183
28 68
28 89
28 108
28 143
28 147
28 154
28 155
28 156
28 167
28 206
28 210
28 286
28 287
29 36
29 55
29 133
29 179
29 180
30 88
30 95
30 130
30 221
30 266
31 42
31 55
31 126
31 131
31 145
31 195
31 231
31 239
31 255
31 286
31 296
32 74
32 89
32 102
32 114
32 122
32 142
32 157
32 198
32 224
32 231
32 240
32 252
32 286
32 295
33 34
33 59
33 68
33 94
33 101
33 131
33 143
33 148
33 156
33 162
33 167
33 168
33 210
33 241
33 310
34 49
34 69
34 102
34 191
34 249
34 261
34 266
35 67
35 68
35 89
35 131
35 190
35 242
35 283
36 105
36 205
36 305
37 56
37 97
37 129
37 159
37 179
37 185
37 214
37 287
38 95
38 118
38 142
38 198
38 288
39 121
39 167
39 224
39 244
39 284
40 107
40 118
40 163
41 77
41 152
41 240
42 107
42 122
42 181
42 303
43 134
43 146
43 224
43 277
43 285
44 160
44 222
44 273
45 52
45 95
45 129
45 139
45 150
45 157
45 163
45 167
45 193
45 195
45 247
45 249
45 313
46 79
46 89
46 122
46 132
46 139
46 200
46 220
46 255
46 298
47 102
47 109
47 126
47 127
47 131
47 163
47 175
47 182
47 192
47 197
47 220
47 241
47 245
47 272
47 278
48 67
48 75
48 101
48 134
48 136
48 160
48 193
48 251
49 94
50 65
50 92
50 115
50 143
50 155
50 156
50 258
51 74
51 100
51 112
51 265
52 102
52 149
53 191
54 136
54 295
56 61
56 69
56 149
56 258
57 98
57 114
57 134
57 307
58 105
58 154
58 176
59 106
59 107
59 115
59 191
59 196
59 214
59 255
59 267
59 287
59 291
59 302
59 304
59 308
60 89
60 104
60 108
60 111
60 137
60 212
60 215
60 264
61 81
61 142
61 195
61 287
62 143
62 156
62 161
62 195
62 209
62 217
62 258
62 303
63 204
63 206
63 220
64 104
64 105
64 117
64 133
64 137
64 158
64 211
64 236
65 100
65 162
65 195
65 200
66 288
67 94
67 99
67 129
67 134
67 135
67 218
67 243
67 292
67 298
68 132
68 134
68 140
68 148
68 160
68 201
69 133
70 129
70 182
70 210
71 200
72 109
72 156
72 212
72 276
73 76
73 153
73 210
73 211
73 220
73 235
74 86
74 97
74 98
74 101
74 132
74 133
74 134
74 145
74 149
74 156
74 188
74 200
74 207
74 231
74 234
74 280
74 283
74 308
75 110
75 158
75 173
75 203
76 131
76 222
76 252
77 107
77 128
77 131
77 148
77 156
77 171
77 281
77 288
77 297
78 104
79 152
79 203
79 216
80 89
80 108
80 162
80 166
80 210
80 241
80 303
81 135
81 166
81 194
81 218
81 269
81 305
83 180
83 186
83 188
83 220
83 307
84 195
85 210
85 240
86 131
86 156
86 278
86 296
87 118
87 130
87 208
87 283
88 233
88 288
89 122
89 132
89 142
89 208
89 288
90 110
90 130
90 200
90 231
90 266
90 283
91 127
91 129
91 148
92 118
92 229
92 271
92 286
93 109
93 234
93 248
93 284
94 133
94 148
94 298
95 106
95 134
95 135
95 153
95 180
95 286
95 315
96 156
96 209
96 210
97 103
97 198
97 233
98 157
98 180
98 195
98 299
99 129
99 130
99 209
99 277
99 309
100 285
101 132
102 134
102 209
102 308
103 121
103 129
103 130
103 131
103 134
103 189
103 252
103 256
103 267
103 275
103 279
103 296
104 133
104 135
104 149
104 173
104 180
104 191
104 209
104 223
104 248
104 272
104 287
105 128
105 129
105 135
105 143
105 154
105 180
105 207
105 217
105 305
106 107
106 159
106 269
106 288
107 134
107 244
108 175
108 212
108 217
108 252
108 266
108 304
108 305
109 130
109 144
109 152
109 156
109 281
109 287
110 131
110 176
110 193
110 200
110 241
110 272
111 174
111 273
111 286
111 298
112 149
112 168
113 121
113 130
113 200
113 305
114 157
114 245
114 301
115 116
115 133
115 218
116 122
116 203
117 145
117 160
117 258
117 262
117 282
118 121
118 127
118 131
118 133
118 148
118 235
118 272
118 276
118 293
119 131
119 287
120 135
120 157
120 230
121 172
121 302
122 156
122 167
122 173
122 201
123 158
124 135
124 136
124 157
124 165
124 205
124 292
125 165
125 192
125 282
128 131
128 157
128 205
128 220
128 257
128 272
129 133
129 134
129 136
129 164
129 168
129 180
129 185
129 197
129 200
129 204
129 205
129 209
129 216
129 222
129 223
129 242
129 247
129 248
129 307
130 133
130 150
130 160
130 162
130 173
130 184
130 185
130 186
130 197
130 205
130 211
130 213
130 214
130 218
130 237
130 284
130 286
131 133
131 134
131 147
131 156
131 220
131 233
131 241
131 249
131 252
131 258
131 260
131 267
131 276
131 280
131 290
131 293
131 309
132 160
132 188
132 200
132 273
132 299
133 136
133 139
133 162
133 172
133 180
133 181
133 185
133 189
133 210
133 238
133 242
133 247
133 273
133 282
133 288
133 298
133 303
134 138
134 142
134 145
134 161
134 166
134 193
134 201
134 205
134 210
134 249
134 272
134 273
134 286
134 287
134 296
134 303
135 162
135 180
135 185
135 192
135 200
135 215
135 217
135 218
135 221
135 232
135 245
135 249
135 254
135 258
135 265
135 269
135 272
135 276
135 281
135 285
135 287
135 292
135 297
136 145
136 161
136 176
136 182
136 184
136 187
136 209
136 231
136 286
136 288
136 305
137 200
137 304
138 164
138 193
138 195
138 245
139 171
139 258
140 141
140 145
140 180
140 230
140 236
140 243
140 294
141 239
142 188
143 164
143 286
144 235
145 262
145 307
146 243
147 180
148 241
148 244
148 278
149 154
149 197
149 219
149 232
149 239
149 240
150 174
150 202
150 215
150 220
150 239
150 302
151 255
151 280
151 286
151 288
151 303
152 267
152 288
152 314
153 159
153 193
154 231
155 238
156 160
156 167
156 169
156 174
156 193
156 220
156 225
157 158
157 167
157 168
157 179
157 244
158 246
158 309
159 160
159 302
160 220
160 241
160 253
161 213
162 245
162 248
163 228
163 312
164 250
164 303
165 287
165 289
166 193
166 283
167 197
167 200
167 233
167 255
167 283
167 291
168 185
168 215
168 306
169 220
169 223
172 275
172 303
173 210
173 241
173 270
174 193
174 210
174 235
175 205
177 242
177 303
177 305
177 314
178 287
179 204
179 298
179 315
180 195
180 204
180 218
180 239
180 252
180 269
181 182
181 206
182 242
182 272
184 185
184 202
184 266
185 258
188 211
189 285
191 215
191 233
193 215
193 227
193 274
193 287
196 261
197 296
198 263
199 286
200 220
200 231
200 248
200 298
202 281
202 315
203 210
204 214
204 243
205 240
205 244
205 249
205 298
206 219
206 281
206 286
209 242
209 301
210 285
211 224
212 214
212 235
212 282
212 287
212 303
213 275
214 233
214 254
216 239
216 304
217 286
217 290
217 300
218 231
218 249
218 250
218 286
219 305
220 229
220 234
220 245
220 252
220 275
220 297
221 288
224 230
224 243
224 249
224 255
228 271
229 234
229 273
230 251
231 297
231 305
232 265
232 301
234 239
234 287
237 245
238 243
239 243
240 242
240 248
240 279
240 285
241 284
242 311
243 286
244 310
246 267
247 258
248 266
249 288
249 298
250 268
250 301
251 298
252 277
254 261
255 294
261 304
262 268
264 270
264 297
265 274
267 291
270 281
270 291
271 292
278 279
278 305
285 286
285 296
287 307
288 303
