0 46
0 121
0 160
0 305
1 2
1 57
1 148
2 3
2 9
2 15
2 25
2 52
2 56
2 74
2 80
2 99
2 148
2 171
2 179
2 224
2 274
2 278
2 279
2 287
2 303
3 49
3 94
4 94
4 279
5 12
5 40
5 89
5 158
5 286
6 73
6 88
6 156
6 214
6 220
7 8
7 21
7 28
7 33
7 85
7 87
7 117
7 131
7 133
7 135
7 148
7 160
7 171
7 233
8 33
8 58
8 62
8 105
8 124
8 131
8 135
8 157
8 167
8 191
8 193
8 249
9 20
9 37
9 78
9 107
9 131
9 156
9 196
9 207
9 227
9 311
10 232
11 213
11 246
12 67
12 78
12 105
12 113
12 219
12 245
12 263
12 286
13 46
13 85
13 110
13 155
14 20
14 36
14 64
14 67
14 87
14 186
14 206
14 265
14 277
14 281
14 283
14 286
14 310
15 109
15 134
15 152
15 184
15 216
15 280
15 283
15 287
16 17
16 32
16 77
16 107
16 124
16 129
16 134
16 149
16 162
16 193
16 199
16 201
16 205
16 206
16 209
16 224
16 233
16 261
16 269
16 283
16 287
16 293
16 310
16 315
17 25
17 27
17 60
17 138
17 142
17 144
17 175
17 196
17 205
17 230
17 312
18 87
18 114
18 124
18 173
18 185
18 188
18 193
18 267
19 20
19 103
19 108
19 130
19 131
19 133
20 24
20 46
20 75
20 97
20 131
20 144
20 156
20 157
20 175
20 204
20 258
20 294
20 303
20 304
21 45
21 95
21 97
22 63
22 104
22 224
23 41
23 56
23 117
23 133
23 148
23 156
23 261
24 131
24 135
24 184
24 213
25 98
25 134
25 137
25 196
25 212
26 79
27 102
27 180
27 187
28 38
28 59
28 61
28 136
28 142
28 231
28 237
28 238
28 305
29 36
29 50
29 101
29 131
29 159
29 291
29 296
30 118
30 295
31 46
31 56
31 74
31 89
31 130
31 131
31 133
31 143
31 180
31 193
31 209
31 249
31 261
31 279
32 46
32 56
32 94
32 98
32 101
32 114
32 139
32 143
32 152
32 181
32 202
32 231
32 304
33 55
33 107
33 129
33 130
33 133
33 134
33 157
33 165
33 178
33 197
33 244
33 258
33 284
33 307
34 42
34 62
34 68
34 96
34 110
34 130
34 135
34 136
34 235
35 69
35 118
35 133
35 146
35 156
35 167
35 205
35 224
35 247
35 248
36 117
36 133
36 137
36 145
36 182
36 194
36 205
36 209
36 210
36 230
36 269
36 298
36 303
37 66
37 87
37 90
37 103
37 133
37 187
37 229
37 248
37 274
38 46
38 59
38 74
38 114
38 115
38 205
38 238
38 249
39 90
39 103
39 173
39 235
39 264
40 50
40 54
40 103
40 105
40 140
40 154
40 161
40 209
40 304
41 81
41 130
41 156
41 167
41 191
41 210
41 303
42 96
42 121
42 135
42 210
42 252
43 142
43 187
43 229
43 239
44 46
44 71
44 129
44 210
44 313
45 106
45 135
45 154
45 164
45 194
45 202
45 247
45 283
45 293
45 307
46 58
46 99
46 109
46 129
46 160
46 222
46 258
46 267
46 288
47 129
47 131
47 138
47 148
47 157
47 205
47 250
48 157
48 209
48 228
48 266
49 106
49 124
49 136
49 145
49 149
49 215
50 63
50 64
50 87
50 97
50 118
50 120
50 129
50 188
50 200
50 210
50 231
50 235
50 293
50 311
51 60
51 69
51 72
51 75
51 77
51 136
51 215
51 222
51 269
52 68
52 171
52 272
52 293
53 159
54 78
54 234
55 192
55 284
56 126
56 157
56 165
57 309
58 109
58 285
59 90
59 101
59 102
59 105
59 122
59 127
59 185
59 231
59 314
60 67
60 69
60 101
60 128
60 137
60 182
60 218
60 304
61 68
61 133
61 250
62 98
62 118
62 304
63 113
63 127
63 148
63 152
64 78
64 83
64 96
64 130
64 136
64 139
64 141
64 187
64 200
64 264
64 286
65 96
65 166
65 241
66 89
66 198
67 74
67 118
67 142
67 153
67 202
67 286
68 106
68 154
68 156
68 176
68 253
68 287
69 129
69 141
69 161
69 173
69 180
69 217
70 114
70 130
70 279
71 287
72 139
72 183
72 287
73 296
74 104
74 157
74 173
74 236
74 252
74 287
74 292
74 305
75 89
75 92
75 148
75 161
75 206
76 133
76 135
76 271
77 122
77 158
77 212
78 133
79 87
79 177
79 264
79 276
79 287
79 309
80 134
80 135
80 181
80 269
80 279
80 288
81 97
81 156
81 157
81 185
81 201
81 213
81 266
81 271
81 298
82 136
83 132
83 157
83 288
84 165
85 105
85 124
85 130
85 133
85 148
85 156
85 206
86 105
86 110
86 286
86 288
87 89
87 173
87 224
87 242
87 261
87 286
88 102
88 157
88 164
89 106
89 124
89 131
89 133
89 141
89 152
89 173
89 181
89 188
89 219
89 305
89 311
90 92
90 139
90 157
91 196
91 224
91 257
92 131
92 196
92 287
92 296
93 157
93 188
94 124
94 133
94 135
94 156
94 168
94 265
94 289
94 293
95 134
95 245
95 283
96 180
97 140
97 272
97 279
97 286
98 142
98 148
98 188
98 193
98 229
98 269
99 116
99 139
100 102
100 124
101 102
101 129
101 138
101 191
101 220
102 156
102 244
102 263
102 266
102 301
103 134
103 135
103 136
103 148
103 184
103 242
103 278
104 106
104 136
104 216
104 297
104 303
105 130
105 135
105 210
105 278
105 287
106 136
106 181
106 223
107 130
107 176
107 180
107 207
108 114
108 210
108 220
108 312
109 118
109 124
109 158
109 184
109 193
109 200
109 208
109 218
109 220
110 152
110 198
110 217
110 239
111 117
111 150
112 157
112 209
112 213
112 287
113 161
113 313
114 226
115 134
115 209
115 267
115 268
115 309
116 151
116 254
117 129
117 140
117 156
117 197
117 261
117 305
118 129
118 136
118 150
118 161
118 164
118 180
118 188
118 216
118 222
118 229
118 230
118 252
118 254
118 267
118 304
119 200
120 145
121 131
121 138
121 160
121 171
121 227
121 311
122 134
122 156
122 201
122 206
122 212
122 252
122 291
122 303
123 266
124 135
124 149
124 154
124 203
124 220
126 131
126 152
126 237
127 213
127 249
127 287
128 129
128 156
128 180
128 203
128 209
128 229
128 283
128 306
129 131
129 135
129 136
129 143
129 154
129 157
129 167
129 178
129 180
129 196
129 200
129 205
129 210
129 214
129 220
129 243
129 286
129 289
129 304
129 313
130 137
130 156
130 162
130 167
130 176
130 193
130 196
130 197
130 207
130 215
130 227
130 239
130 269
130 286
130 293
131 134
131 136
131 137
131 139
131 149
131 156
131 157
131 160
131 180
131 191
131 193
131 200
131 217
131 244
131 245
131 259
131 270
131 273
131 277
131 299
131 303
132 185
132 188
132 220
132 305
133 135
133 138
133 146
133 147
133 150
133 152
133 156
133 171
133 196
133 214
133 224
133 227
133 255
133 264
133 286
133 313
134 155
134 161
134 173
134 175
134 186
134 187
134 204
134 210
134 233
134 239
134 281
134 285
134 288
135 156
135 158
135 180
135 218
135 220
135 239
135 248
136 149
136 188
136 219
136 235
136 272
136 278
137 197
138 160
138 180
138 249
139 238
139 256
140 153
140 176
140 204
141 188
141 287
142 269
143 211
143 285
144 241
144 283
145 195
145 286
146 160
146 244
146 255
148 156
148 157
148 168
148 174
148 182
148 193
148 200
148 207
148 219
148 242
148 280
149 204
149 241
149 242
149 279
149 284
149 288
149 295
150 185
151 230
151 284
152 167
152 172
152 214
152 263
152 282
152 307
152 312
154 288
154 295
156 157
156 167
156 181
156 188
156 195
156 210
156 234
156 241
156 242
156 271
156 276
157 167
157 220
157 238
157 242
157 260
157 275
158 161
158 188
158 232
158 275
159 284
159 289
159 301
159 305
160 193
160 210
160 224
160 275
161 174
162 279
162 287
163 188
164 199
164 298
164 302
166 192
166 196
166 270
167 240
167 254
168 243
168 266
171 184
171 240
171 271
171 272
172 249
172 314
173 242
173 264
174 214
174 234
174 287
175 211
175 283
177 272
178 287
179 213
179 218
180 200
180 216
180 227
180 231
180 239
180 249
180 268
180 276
180 287
181 185
181 231
181 259
182 277
184 239
185 219
185 231
186 307
187 249
187 251
187 267
187 283
188 192
188 219
188 234
188 266
188 286
188 307
191 200
191 214
191 216
192 215
192 218
193 219
193 299
196 224
196 307
197 206
197 288
197 295
198 214
200 215
200 221
200 226
200 231
200 239
200 241
200 249
200 269
200 282
201 215
201 224
201 231
201 271
202 275
203 223
204 239
205 231
205 278
205 299
206 232
206 281
207 259
208 301
209 270
209 279
210 221
210 257
210 285
211 213
212 215
212 222
213 268
213 275
213 307
214 239
215 220
215 260
216 219
216 227
216 286
216 288
217 265
217 288
219 265
220 273
220 285
220 286
220 304
220 314
221 224
221 246
221 266
223 242
224 270
224 298
224 303
225 276
227 265
228 287
230 263
230 264
231 235
231 239
232 275
232 278
232 284
232 288
233 260
233 275
233 294
234 294
235 275
235 305
236 261
237 288
238 246
241 285
241 286
242 279
245 305
246 303
248 288
249 250
249 269
249 296
249 303
257 304
258 261
261 283
263 278
264 275
264 286
269 278
271 302
272 275
272 276
272 303
272 308
276 304
280 309
286 309
287 315
289 294
293 308
