0 7
0 79
0 165
0 207
1 7
1 12
1 15
1 31
1 172
2 18
2 69
2 74
2 85
2 101
2 103
2 107
2 115
2 129
2 134
2 156
2 194
2 230
3 4
3 23
3 28
3 66
3 110
3 145
3 152
3 187
3 216
4 35
4 39
4 61
4 162
4 163
4 184
4 209
4 234
4 258
4 260
4 288
5 13
5 31
5 44
5 94
5 157
5 169
5 193
5 213
6 29
6 32
6 41
6 76
6 118
6 135
6 173
6 179
6 181
6 249
6 271
6 293
7 9
7 46
7 51
7 56
7 74
7 83
7 86
7 98
7 105
7 122
7 129
7 140
7 143
7 215
7 243
8 41
8 51
8 89
8 98
8 106
8 112
8 133
8 134
8 135
8 138
8 156
8 165
8 179
8 203
8 234
8 252
8 256
8 258
8 286
9 28
9 39
9 111
9 193
9 249
9 271
9 304
10 107
10 146
10 155
10 222
10 266
11 160
11 288
11 304
11 314
12 15
12 63
12 108
12 121
12 133
12 157
12 180
12 181
12 224
12 242
13 80
13 124
13 130
13 133
13 140
13 167
13 251
13 264
14 24
14 67
14 106
14 122
14 130
14 131
14 133
14 179
14 259
14 279
14 296
15 88
15 130
15 136
15 248
15 303
16 25
16 34
16 42
16 47
16 103
16 121
16 123
16 130
16 133
16 168
16 188
16 206
16 212
16 220
16 247
16 265
16 295
17 55
17 180
17 248
17 252
17 283
17 302
18 60
18 67
18 89
18 207
18 210
18 224
18 238
18 241
18 249
18 252
18 294
18 305
19 41
19 297
20 45
20 48
20 61
20 74
20 87
20 135
20 139
20 140
20 156
20 157
20 287
21 164
21 188
21 305
22 26
22 156
22 230
24 120
24 148
24 163
24 201
24 254
25 34
25 115
25 192
25 216
25 246
25 247
25 299
25 315
26 135
26 277
27 34
27 45
27 74
27 89
27 188
27 258
27 301
27 308
28 136
28 192
28 207
28 215
28 265
28 287
29 62
29 70
29 89
29 133
29 141
29 151
29 193
29 207
29 209
29 240
29 249
29 267
30 136
30 144
30 167
30 210
30 223
30 233
31 36
31 56
31 129
31 133
31 134
31 153
31 178
31 185
31 193
31 224
31 238
31 257
31 275
31 296
32 33
32 36
32 50
32 76
32 79
32 133
32 159
32 167
32 173
32 188
32 197
32 206
32 211
32 235
32 249
32 279
32 305
33 69
33 76
33 118
33 123
33 134
33 143
33 165
33 220
33 232
33 272
33 287
34 50
34 51
34 59
34 98
34 102
34 133
34 135
34 136
34 220
34 249
35 74
35 143
35 217
35 287
35 296
35 303
36 122
36 152
36 210
36 243
36 287
36 292
36 302
37 95
37 108
37 245
37 275
37 283
38 40
38 131
38 176
38 196
38 275
38 311
39 157
39 217
39 252
39 276
40 196
40 303
41 50
41 98
41 131
41 136
41 298
42 228
42 287
42 292
42 304
43 64
43 78
43 129
43 255
43 259
43 261
43 314
44 46
44 118
44 138
44 232
45 86
45 104
45 130
45 137
45 156
45 159
45 217
45 239
46 145
46 186
46 208
46 236
46 240
46 285
47 51
47 118
47 134
47 149
47 214
47 239
47 283
48 126
48 135
48 178
48 248
49 130
49 215
49 283
49 300
50 72
50 75
50 78
50 97
50 124
50 134
50 136
50 156
50 191
50 206
50 272
50 287
50 302
50 313
51 122
51 156
51 181
51 252
51 305
52 142
53 315
54 72
54 78
54 131
54 148
54 152
55 91
55 131
55 199
55 242
56 65
56 70
56 133
56 152
56 162
56 169
56 250
56 261
56 263
57 287
57 313
58 108
58 121
58 129
58 132
58 136
58 148
58 217
59 75
59 122
59 164
59 173
59 245
59 261
59 287
59 304
59 315
60 105
60 108
60 119
60 138
60 222
60 233
60 239
61 129
61 133
61 157
61 271
62 72
62 89
62 129
62 246
62 280
62 286
63 66
63 79
63 113
63 118
63 131
63 231
63 255
63 273
64 131
64 267
64 298
65 76
66 110
66 124
66 130
66 205
66 210
66 214
66 268
67 108
67 117
67 124
67 131
67 149
67 161
67 175
67 180
67 193
67 200
67 208
67 210
67 222
67 244
67 249
67 255
68 87
68 88
68 146
68 172
68 188
68 264
68 287
69 108
69 152
69 293
69 298
70 71
70 137
70 140
70 244
71 232
72 132
72 133
72 169
72 188
72 220
73 122
73 136
73 156
73 190
73 192
73 193
74 75
74 104
74 134
74 247
74 303
75 104
75 129
75 156
75 179
75 218
75 231
75 241
76 175
77 87
77 103
77 105
77 126
77 209
77 238
77 247
78 88
78 137
78 156
78 169
78 200
78 201
78 211
78 230
78 244
78 284
79 134
79 148
79 154
79 275
79 288
80 129
80 133
80 157
80 182
80 185
80 286
81 124
81 134
81 144
81 287
82 130
83 156
83 179
83 301
84 242
84 249
85 130
85 224
86 239
87 101
87 167
87 287
88 131
88 136
88 160
88 198
88 206
88 300
88 301
89 102
89 126
89 160
89 210
89 232
89 289
89 295
90 192
90 234
90 284
91 136
92 102
92 122
92 191
92 206
92 217
92 241
92 288
93 172
95 122
95 134
95 136
95 171
95 204
96 102
96 107
96 130
96 232
97 98
97 103
97 121
97 136
97 149
98 181
98 238
98 243
98 253
98 283
98 288
99 252
99 295
101 108
101 124
101 136
101 192
101 233
101 283
101 287
101 288
101 302
102 122
102 129
102 131
102 152
102 175
102 245
102 287
103 131
103 134
103 136
103 147
103 149
103 160
103 164
103 167
103 188
103 200
103 201
103 210
103 262
103 287
104 124
104 129
104 134
104 148
104 156
104 157
104 231
104 265
105 126
105 129
105 133
105 270
105 293
106 193
106 218
106 233
106 249
107 241
107 255
107 272
108 117
108 167
108 231
108 237
109 133
109 239
109 242
109 256
109 278
110 130
110 131
110 133
110 147
110 156
110 162
110 263
110 271
111 229
112 215
112 218
112 236
113 219
113 267
113 286
114 122
114 156
114 272
115 160
115 245
116 118
116 129
116 140
116 167
116 210
117 119
117 132
117 160
117 195
117 228
118 131
118 134
118 136
118 156
118 157
118 177
118 181
118 185
118 205
118 302
119 131
120 124
120 129
120 193
120 315
121 181
121 193
121 245
121 258
122 130
122 155
122 164
122 173
122 243
122 245
123 191
124 130
124 174
124 175
124 180
124 185
124 188
124 200
124 219
124 258
124 263
124 305
125 220
125 233
125 241
125 304
127 129
127 204
127 215
127 249
128 132
128 134
128 135
128 160
128 205
128 209
129 130
129 133
129 134
129 136
129 140
129 161
129 163
129 174
129 185
129 188
129 226
129 232
129 242
129 249
129 254
129 270
129 280
129 284
129 297
130 131
130 140
130 148
130 149
130 156
130 176
130 192
130 200
130 201
130 204
130 220
130 225
130 239
130 266
130 267
130 272
130 286
130 287
131 133
131 137
131 166
131 185
131 200
131 212
131 224
131 237
131 264
131 283
131 284
131 286
131 307
133 134
133 136
133 149
133 154
133 166
133 167
133 180
133 185
133 187
133 191
133 197
133 204
133 210
133 218
133 219
133 220
133 230
133 232
133 236
133 243
133 287
133 296
134 137
134 145
134 156
134 157
134 160
134 167
134 192
134 215
134 217
134 249
134 292
135 140
135 142
135 148
135 155
135 167
135 177
135 179
135 204
135 205
135 206
135 214
135 222
135 228
135 236
135 241
135 242
135 245
135 246
135 257
135 261
135 268
135 287
135 292
135 294
135 296
136 210
136 224
136 247
136 287
136 288
136 294
136 295
136 298
136 305
136 308
138 215
138 255
138 288
138 302
139 213
139 217
140 193
140 215
140 237
140 239
140 258
140 273
140 291
140 310
140 313
141 268
141 275
142 160
143 156
145 239
145 243
145 261
145 272
145 298
148 180
148 206
148 214
148 220
148 244
148 300
149 188
149 192
150 186
152 153
152 156
152 185
152 208
152 269
152 284
153 179
154 191
154 249
154 257
154 287
156 172
156 174
156 177
156 185
156 193
156 216
156 219
156 225
156 249
156 252
156 260
157 194
157 200
157 205
157 212
157 224
157 231
157 237
157 288
158 220
159 219
159 234
159 309
160 270
160 276
160 283
161 236
161 281
162 180
162 200
162 270
162 305
163 191
163 249
164 196
164 203
164 205
164 249
164 305
165 275
166 196
167 206
167 207
167 288
168 242
168 281
168 301
168 315
169 281
171 178
171 230
172 215
172 227
172 288
173 176
173 311
174 200
175 286
176 216
178 293
179 180
179 286
179 293
180 181
180 223
180 238
180 288
180 292
180 309
181 227
181 233
183 243
183 287
184 253
185 193
185 211
185 276
185 285
186 193
186 217
187 278
187 296
188 195
188 210
188 224
188 233
189 246
190 272
191 261
191 283
191 286
192 315
193 210
193 222
193 240
193 260
193 266
193 290
193 292
193 293
193 314
194 206
194 310
195 276
196 210
196 261
196 286
196 305
196 309
198 231
199 205
199 286
200 208
200 223
200 224
200 248
200 268
200 279
200 300
201 258
204 218
204 229
205 239
205 277
205 278
205 294
206 221
206 227
206 235
206 263
206 264
208 268
208 301
209 263
209 293
210 240
210 290
210 298
211 215
211 276
212 218
212 263
212 308
213 287
213 295
214 269
215 224
215 249
215 298
216 261
216 273
216 303
218 250
218 272
218 286
220 233
220 269
227 249
228 288
229 301
230 239
231 232
231 263
232 238
232 249
233 269
233 275
233 280
233 305
237 271
238 260
239 242
239 248
239 254
241 293
241 310
242 283
242 297
243 279
244 301
245 272
246 258
249 258
249 264
249 276
249 302
250 288
251 276
252 287
256 269
258 287
260 302
261 297
266 273
268 273
268 299
272 275
272 288
273 295
274 311
277 292
278 296
279 286
280 285
281 287
284 288
285 309
286 296
296 310
304 305
