0 12
0 32
0 140
0 201
0 243
0 256
1 15
1 44
1 47
1 106
1 225
1 235
1 298
2 16
2 31
2 45
2 113
2 129
2 133
2 204
2 246
2 272
2 289
2 301
3 7
3 18
3 42
3 75
3 167
3 191
4 35
4 37
4 40
4 232
5 46
5 55
5 97
5 134
6 51
6 102
6 186
6 210
6 255
7 24
7 31
7 45
7 62
7 74
7 76
7 79
7 100
7 130
7 149
7 156
7 167
7 188
7 212
7 239
7 266
7 287
7 296
8 47
8 133
8 134
8 140
8 155
8 167
8 184
8 204
8 232
8 237
8 239
8 249
8 263
9 18
9 67
9 214
9 239
9 244
9 287
10 46
10 79
10 128
10 160
10 268
12 67
12 105
12 107
12 129
12 133
12 134
12 174
12 196
12 204
12 266
12 272
13 38
13 157
13 168
13 178
13 222
13 266
14 28
14 66
14 98
14 101
14 129
14 140
14 156
15 94
15 115
15 160
15 232
15 288
16 17
16 24
16 71
16 89
16 136
16 141
16 145
16 155
16 172
16 194
16 196
16 200
16 239
16 241
16 266
16 284
16 287
16 310
17 85
17 131
17 278
18 47
18 60
18 100
18 110
18 130
18 133
18 136
18 157
18 197
18 239
19 137
20 55
20 133
20 196
20 220
20 271
20 280
20 287
20 295
21 70
21 87
21 94
21 138
21 313
22 47
23 130
23 134
24 33
24 38
24 135
24 195
24 249
25 64
25 79
25 122
25 127
25 130
25 156
25 220
25 238
25 245
25 246
25 285
25 304
26 214
27 164
27 301
28 31
28 35
28 119
28 132
28 134
28 156
28 236
28 264
29 142
30 87
30 133
30 136
30 168
30 269
31 75
31 76
31 87
31 99
31 101
31 107
31 122
31 129
31 130
31 156
31 188
32 37
32 45
32 54
32 60
32 78
32 92
32 101
32 110
32 134
32 138
32 163
32 205
32 249
32 258
32 303
33 74
33 83
33 121
33 126
33 133
33 157
33 167
33 193
33 238
33 243
33 293
34 50
34 245
34 269
34 287
34 301
35 47
35 77
35 178
36 59
36 75
36 127
36 129
36 140
36 165
36 188
36 191
36 211
36 243
36 305
36 311
37 63
37 98
37 184
37 206
37 273
37 288
37 303
38 45
38 66
38 143
38 158
38 201
39 83
39 157
39 161
39 298
40 105
40 128
40 220
40 244
41 98
41 106
41 166
41 206
41 231
41 310
42 74
42 103
42 129
42 143
42 200
42 242
43 106
43 109
43 111
43 133
43 197
43 247
43 249
43 313
44 97
44 105
44 191
44 303
44 307
45 65
45 72
45 78
45 91
45 99
45 107
45 130
45 157
45 164
45 188
45 192
45 228
45 241
45 301
46 85
46 91
46 124
46 126
46 134
46 164
46 238
46 259
47 123
47 131
47 164
47 193
47 239
47 247
47 263
48 59
48 131
48 166
48 195
48 200
48 219
49 70
49 276
49 284
49 299
50 110
50 117
50 130
50 160
50 168
50 210
50 258
51 78
51 127
51 134
51 138
51 193
51 199
52 121
52 130
52 156
53 111
53 124
53 264
54 81
54 122
54 124
54 133
54 148
54 164
54 180
54 188
54 197
55 59
55 133
55 134
55 156
55 177
55 241
55 257
56 91
56 135
56 139
56 149
56 193
56 252
56 271
57 104
57 105
57 298
58 130
58 155
58 287
59 74
59 76
59 107
59 118
59 134
59 135
59 139
59 149
59 180
59 191
59 232
59 272
59 313
60 67
60 104
60 130
60 149
60 205
60 238
60 246
60 281
60 286
61 167
61 168
61 224
61 239
61 254
62 84
62 123
62 134
62 179
62 226
63 75
63 193
63 196
64 133
64 157
64 167
64 210
64 215
64 225
64 284
65 104
65 201
65 252
65 304
67 86
67 118
67 134
67 138
67 224
67 313
68 70
68 80
68 87
68 89
68 130
68 152
68 171
68 196
68 219
68 272
69 130
69 167
70 106
71 131
71 167
71 237
72 74
72 160
72 166
72 255
72 278
73 161
73 250
73 278
74 117
74 121
74 129
74 134
74 193
74 206
74 243
75 90
75 129
75 134
75 135
75 150
75 252
75 284
76 89
76 150
76 220
76 271
77 118
77 131
77 135
77 161
77 206
77 248
77 278
78 241
78 280
78 288
79 110
80 101
80 108
80 118
80 126
80 132
80 156
80 174
80 180
80 201
80 231
80 243
81 129
81 180
81 202
81 210
81 288
83 131
83 236
84 157
85 110
85 130
85 149
85 156
85 239
85 249
85 303
86 88
86 89
86 117
86 124
86 154
86 209
87 98
87 126
87 138
87 156
87 172
87 193
87 217
87 276
87 279
87 288
87 304
88 91
88 92
88 249
89 110
89 121
89 158
89 200
89 214
89 247
89 258
89 270
89 272
90 102
90 134
90 148
90 210
90 242
90 298
91 129
91 219
91 264
92 132
92 135
92 195
92 200
92 307
93 104
94 126
94 173
94 200
94 214
94 269
95 148
95 157
95 220
95 293
96 162
96 188
96 219
96 224
96 232
97 117
97 135
97 163
97 177
97 191
97 297
97 309
98 103
98 188
98 208
98 239
98 254
98 308
98 309
98 313
99 156
99 304
100 126
100 130
100 241
101 109
101 130
101 149
101 157
101 217
101 237
102 115
102 123
102 130
102 137
102 172
102 210
102 229
102 278
102 292
103 116
103 124
103 130
103 133
103 196
103 243
103 249
103 286
103 304
104 120
104 147
104 212
104 233
104 292
105 108
105 121
105 133
105 265
105 287
106 118
106 119
106 134
106 180
106 185
106 198
106 206
106 252
107 135
107 181
107 252
108 153
108 156
108 159
109 118
109 123
109 136
109 180
109 222
109 258
109 266
109 304
110 135
110 297
111 138
111 154
112 149
112 160
112 193
113 143
114 152
114 267
115 145
115 165
116 157
116 167
117 129
117 130
117 138
117 145
117 156
117 181
117 252
117 287
118 130
118 135
118 146
118 198
118 223
118 241
118 272
118 284
118 314
119 242
120 242
121 131
122 129
122 155
122 200
122 230
123 130
123 131
123 153
123 174
123 249
124 130
124 135
124 142
124 156
124 185
124 214
124 216
124 218
124 238
124 243
124 246
124 264
124 275
124 283
124 298
124 310
125 138
126 172
128 131
128 136
128 180
128 188
128 284
128 292
129 133
129 135
129 136
129 140
129 150
129 167
129 174
129 180
129 198
129 200
129 207
129 212
129 219
129 234
129 252
129 275
129 276
129 281
129 284
130 133
130 134
130 135
130 141
130 151
130 158
130 180
130 181
130 196
130 204
130 215
130 220
130 223
130 245
130 248
130 249
130 252
130 257
130 271
130 272
130 288
130 303
130 305
131 136
131 140
131 142
131 150
131 152
131 167
131 180
131 181
131 187
131 200
131 203
131 220
131 221
131 230
131 264
131 275
131 276
131 278
131 284
131 293
131 315
132 156
132 242
132 249
132 285
133 136
133 149
133 174
133 176
133 177
133 193
133 197
133 200
133 202
133 206
133 215
133 222
133 232
133 247
133 288
134 153
134 165
134 193
134 220
134 252
134 263
134 277
135 136
135 138
135 210
135 215
135 216
135 242
135 248
135 254
135 276
135 284
135 286
135 287
135 305
136 143
136 157
136 206
136 211
136 224
136 286
136 309
137 266
137 270
138 245
138 249
138 286
139 228
140 156
140 301
141 150
141 173
141 215
142 224
143 220
143 258
144 206
145 169
145 275
145 283
146 165
147 191
147 242
148 194
148 219
148 269
148 297
149 223
149 287
150 229
150 238
150 259
152 247
152 257
153 160
153 220
153 299
154 220
154 238
154 272
154 276
155 243
156 157
156 167
156 184
156 201
156 212
156 214
156 222
156 226
156 238
156 261
156 268
156 269
156 290
157 163
158 201
158 210
158 222
159 162
159 210
159 269
160 173
160 181
160 199
160 208
160 210
160 259
160 268
160 314
161 164
161 213
161 238
162 279
162 305
164 216
164 254
164 261
164 277
164 287
164 291
164 311
166 248
167 210
167 249
167 271
167 276
167 303
168 237
172 298
174 231
174 311
176 185
176 188
177 222
179 205
179 249
179 266
179 302
180 200
180 202
180 210
180 307
181 201
181 210
181 218
181 247
183 242
184 196
184 209
184 248
185 228
185 280
186 288
188 197
188 242
188 252
190 287
191 195
191 271
191 287
193 208
193 258
193 294
194 205
194 260
194 282
195 249
195 274
196 210
196 246
196 265
196 273
196 282
197 198
197 288
199 287
200 284
200 295
201 262
201 289
201 298
201 309
203 249
204 272
204 303
205 245
205 259
205 302
206 209
206 211
206 264
206 271
207 306
208 210
208 219
208 301
210 216
210 238
210 240
210 242
210 301
211 297
211 305
212 303
213 230
215 224
218 229
218 233
218 309
219 239
219 280
219 289
220 233
221 272
223 279
224 264
224 268
224 290
225 285
226 282
227 232
229 272
230 258
231 237
231 244
232 244
232 254
233 300
235 313
237 274
239 258
241 270
241 283
242 267
242 294
242 314
243 260
246 278
246 314
249 271
249 275
249 285
250 256
250 315
252 292
255 305
257 291
257 313
259 270
261 311
262 303
263 312
265 279
269 295
269 310
271 296
272 285
272 305
277 305
279 301
280 298
283 295
284 286
284 297
286 287
287 307
292 307
298 305
301 310
305 309
308 309
