0 129
0 135
0 157
1 2
1 4
1 56
1 86
1 116
1 212
1 298
2 10
2 13
2 22
2 30
2 64
2 101
2 102
2 109
2 133
2 140
2 148
2 191
2 198
2 204
2 239
2 295
2 315
3 6
3 89
3 197
3 242
3 294
3 298
4 31
4 40
4 112
4 117
4 134
4 196
4 234
5 7
5 32
5 62
5 75
5 129
5 130
5 133
5 149
5 200
6 7
6 20
6 129
6 200
6 220
6 285
7 21
7 67
7 103
7 130
7 135
7 162
7 200
7 202
7 206
7 249
7 301
8 10
8 66
8 85
8 87
8 95
8 124
8 146
8 156
8 188
8 286
8 297
9 141
9 252
10 60
10 105
10 114
11 45
11 50
11 60
11 92
11 110
11 180
11 251
12 17
12 95
12 98
12 102
12 110
12 134
12 206
12 279
12 312
13 69
13 128
13 137
13 163
13 166
13 167
13 179
13 201
13 233
14 79
14 88
14 124
14 154
14 180
14 181
14 200
14 231
15 20
15 33
15 67
15 79
15 128
15 139
15 180
15 245
15 286
16 22
16 29
16 32
16 36
16 48
16 69
16 73
16 79
16 103
16 133
16 143
16 149
16 156
16 160
16 167
16 171
16 191
16 205
16 213
16 225
16 271
17 135
17 295
17 304
18 59
18 126
18 131
18 136
18 169
18 204
18 221
18 304
19 101
19 125
19 138
19 200
19 259
20 31
20 33
20 45
20 85
20 103
20 108
20 130
20 244
20 287
21 28
21 99
21 241
22 41
22 62
22 74
22 148
24 122
24 129
24 153
24 164
24 248
25 63
25 146
25 156
25 162
25 174
25 188
25 193
25 252
25 264
25 268
26 110
26 192
26 215
26 281
26 309
27 31
27 85
27 148
27 172
27 176
27 241
28 73
28 96
28 110
28 118
28 134
28 135
28 200
28 232
28 313
29 58
29 76
29 129
29 196
29 276
30 129
30 179
30 218
30 306
31 52
31 54
31 61
31 81
31 110
31 117
31 198
31 206
31 208
31 218
31 235
31 295
31 314
32 59
32 110
32 128
32 135
32 142
32 143
32 154
32 156
32 160
32 249
32 269
32 285
33 80
33 111
33 115
33 131
33 134
33 177
33 230
33 302
34 73
34 81
34 110
34 132
34 153
34 234
34 240
34 288
34 298
35 64
35 79
35 115
35 200
36 60
36 97
36 130
36 135
36 140
36 143
36 174
36 183
36 205
36 233
36 256
36 260
36 286
36 292
37 121
37 127
37 130
37 188
38 68
38 152
38 225
38 252
38 285
38 311
39 40
39 184
39 185
39 309
40 45
40 89
40 127
40 130
40 156
40 158
40 170
40 180
40 181
40 212
41 46
41 124
41 145
41 230
41 284
42 46
42 174
42 220
42 224
42 288
43 129
43 131
43 160
43 206
44 140
44 210
45 48
45 51
45 103
45 137
45 165
45 203
45 245
45 266
46 51
46 59
46 60
46 74
46 129
46 153
46 165
46 220
46 234
46 248
46 287
46 304
47 78
47 103
47 144
47 167
47 219
47 231
47 264
48 58
48 129
48 130
48 131
48 150
48 188
48 201
48 242
48 288
49 59
49 106
49 130
49 243
49 254
50 70
50 116
50 134
50 197
50 248
50 291
51 96
51 104
51 106
51 115
51 146
51 226
52 79
52 97
52 243
53 272
54 93
54 244
54 267
54 281
55 230
55 233
55 239
55 261
56 229
56 243
56 263
56 280
56 288
57 118
57 175
58 159
58 242
58 272
59 98
59 102
59 134
59 162
59 229
59 252
59 289
60 106
60 124
60 195
60 232
60 239
60 278
60 303
61 87
61 105
61 158
61 204
61 231
61 281
62 74
62 96
62 167
62 196
62 233
62 261
62 291
63 67
63 134
63 205
63 211
64 104
64 130
64 264
65 110
66 75
66 105
66 131
66 138
66 232
67 106
67 128
67 130
67 216
67 217
67 241
67 284
67 288
67 290
67 309
68 70
68 94
68 130
68 159
68 164
68 184
69 81
69 84
69 112
69 210
69 250
70 206
70 249
71 284
73 283
74 75
74 103
74 109
74 122
74 146
74 156
74 177
74 185
74 189
74 244
74 249
75 121
75 131
75 171
75 206
75 227
75 241
75 249
75 263
75 280
76 77
76 81
76 214
77 101
77 134
77 141
77 148
77 206
77 221
77 225
77 248
78 105
78 134
78 150
78 152
78 220
78 241
79 92
79 105
79 130
79 132
79 249
79 275
80 129
80 130
80 138
80 197
80 199
80 227
80 260
80 286
81 162
81 220
81 241
82 149
83 143
83 157
83 159
83 173
83 258
83 260
84 287
85 109
85 131
85 136
85 181
85 192
86 103
86 118
86 145
86 199
86 245
86 252
87 138
87 167
87 174
87 202
87 287
87 298
87 304
88 154
88 156
88 258
88 269
88 283
88 284
89 129
89 134
89 232
89 237
89 285
90 95
90 156
90 162
90 218
90 239
90 268
91 156
91 215
91 310
92 192
92 272
93 129
94 251
95 129
95 145
95 249
96 156
96 277
97 165
97 230
97 252
97 273
97 276
97 287
98 129
98 151
98 177
98 194
98 207
99 140
99 156
99 159
99 191
100 102
100 157
101 131
101 133
101 193
101 224
101 264
102 110
102 134
102 157
102 160
102 162
102 200
102 208
102 217
102 243
102 273
103 148
103 154
103 180
103 232
103 285
103 305
104 129
104 134
104 138
104 206
104 212
104 224
104 238
104 239
105 162
106 117
106 162
106 188
106 217
106 292
106 312
107 250
108 140
108 194
108 247
108 283
109 117
109 141
109 150
109 185
109 200
110 152
110 160
110 188
110 245
111 123
111 228
112 174
112 180
112 227
114 239
115 177
115 199
115 274
115 281
116 128
116 188
116 206
116 217
116 239
117 149
117 184
117 242
117 284
117 287
118 124
118 131
118 133
118 190
118 200
118 217
118 221
118 284
118 285
119 123
120 156
121 147
121 154
121 206
121 268
122 124
122 140
122 152
122 163
123 249
124 133
124 151
124 188
124 190
124 200
124 208
124 257
125 179
126 136
126 286
126 295
127 128
127 218
128 154
128 173
128 313
128 315
129 134
129 140
129 148
129 152
129 167
129 172
129 183
129 196
129 200
129 211
129 218
129 220
129 221
129 222
129 238
129 246
129 272
129 278
129 287
129 289
129 305
130 134
130 156
130 159
130 193
130 197
130 203
130 206
130 212
130 215
130 220
130 236
130 238
130 244
130 256
130 267
130 272
130 284
130 288
130 309
131 132
131 134
131 152
131 157
131 160
131 168
131 199
131 200
131 210
131 223
131 224
131 243
131 244
131 247
131 249
131 262
131 312
132 180
132 194
132 315
133 156
133 157
133 185
133 203
133 210
133 242
133 244
133 258
133 269
133 283
133 294
133 296
134 135
134 140
134 155
134 166
134 170
134 180
134 188
134 201
134 216
134 217
134 249
134 255
134 276
134 284
134 287
134 295
134 296
134 303
135 148
135 149
135 152
135 171
135 185
135 201
135 216
135 224
135 229
135 249
135 273
135 275
135 281
135 287
135 300
135 310
136 145
136 149
136 171
136 185
136 188
136 191
136 206
136 218
136 220
136 236
136 249
136 272
137 150
137 191
137 298
138 142
138 272
138 278
140 150
142 148
142 154
142 200
142 206
142 232
142 287
143 197
145 153
145 288
146 169
148 156
148 177
148 181
148 184
148 227
149 172
149 180
149 188
149 200
149 201
149 227
149 265
149 288
151 166
151 288
152 229
152 241
152 278
152 288
153 227
154 264
154 272
154 285
154 297
154 301
155 182
155 270
155 311
156 157
156 200
156 229
156 242
156 264
156 310
156 313
157 206
157 216
157 299
160 164
160 167
160 242
160 250
160 267
161 244
161 276
162 220
162 258
162 286
163 266
164 180
164 276
166 196
166 218
166 241
166 275
167 169
167 239
167 241
168 218
168 271
169 193
169 213
169 248
169 249
169 299
172 200
172 210
172 223
173 222
173 279
174 193
174 196
174 279
174 283
175 252
177 220
178 204
178 231
179 200
179 206
179 210
179 250
179 277
179 312
180 219
180 224
180 232
180 261
180 266
180 284
180 297
184 195
184 242
188 207
188 222
188 242
188 286
189 305
191 211
191 281
192 237
192 286
192 305
193 200
193 232
193 283
193 296
196 283
197 253
197 265
197 285
200 315
201 241
201 293
202 292
204 287
205 206
205 246
205 295
206 269
206 274
206 292
206 307
208 248
208 287
210 218
210 243
210 286
210 312
213 313
213 315
214 308
215 295
215 307
215 308
217 267
217 286
219 229
219 284
220 305
223 231
224 259
224 285
225 315
228 229
232 260
232 286
237 269
238 272
238 299
239 270
240 287
241 252
243 252
243 271
243 275
245 258
245 267
246 253
246 262
249 251
249 254
249 273
249 274
249 286
252 259
254 284
255 283
256 286
257 298
259 285
259 305
265 271
265 288
266 272
268 294
272 275
277 287
279 289
281 287
286 289
286 294
287 305
288 305
290 304
292 306
303 314
