0 36
0 119
0 133
0 135
0 167
0 182
0 202
0 234
0 249
1 28
1 46
1 59
1 67
1 167
1 171
1 202
1 224
2 13
2 47
2 56
2 95
2 100
2 104
2 131
2 133
2 136
2 138
2 162
2 178
2 244
2 258
2 263
2 281
2 307
3 136
3 167
4 15
4 50
4 60
4 74
4 158
4 172
4 219
4 249
4 262
5 13
5 16
5 73
5 126
5 200
5 292
6 125
6 129
6 204
6 281
6 287
7 17
7 33
7 48
7 62
7 75
7 124
7 134
7 142
7 143
7 161
7 167
7 191
7 214
7 239
7 259
7 303
7 308
7 310
8 16
8 30
8 32
8 59
8 131
8 149
8 154
8 185
8 246
8 247
9 15
9 34
9 102
9 162
9 166
9 180
9 275
10 52
10 80
10 103
10 222
10 288
10 312
11 157
11 180
11 292
12 16
12 41
12 44
12 59
12 67
12 76
12 78
12 88
12 109
12 130
12 249
13 36
13 66
13 99
13 171
13 202
13 264
14 75
14 135
14 201
14 230
14 279
15 68
15 75
15 122
15 184
15 210
15 266
16 23
16 29
16 34
16 49
16 81
16 114
16 119
16 122
16 131
16 145
16 156
16 189
16 194
16 247
16 288
16 299
16 303
16 304
16 305
16 307
16 313
17 96
17 131
17 237
18 66
18 68
18 87
18 109
18 133
18 206
18 210
18 231
18 286
19 74
19 129
19 148
19 205
19 279
19 298
20 30
20 62
20 83
20 95
20 102
20 109
20 135
20 136
20 249
21 56
21 131
21 216
21 302
22 50
22 131
22 217
22 287
23 136
23 249
24 64
24 131
24 158
24 164
24 193
24 209
25 91
25 105
25 185
25 207
25 240
25 277
26 128
26 134
26 135
27 49
27 67
27 124
27 129
27 191
27 194
28 127
28 129
28 133
28 212
28 279
29 32
29 91
29 115
29 124
29 216
29 221
29 249
30 106
30 110
30 287
30 304
31 42
31 74
31 81
31 129
31 135
31 156
31 162
31 197
31 210
31 245
31 271
31 278
31 287
32 36
32 39
32 46
32 51
32 69
32 88
32 115
32 117
32 131
32 133
32 163
32 171
32 210
32 241
32 245
32 253
32 288
33 43
33 56
33 117
33 130
33 131
33 134
33 136
33 151
33 152
33 156
33 167
33 177
33 259
33 276
34 114
34 129
34 131
34 201
34 221
35 102
35 186
35 217
35 309
36 48
36 88
36 179
36 240
36 246
37 42
37 72
37 118
37 133
37 154
38 60
38 66
38 130
38 137
38 145
38 153
38 219
38 270
38 279
38 301
39 177
39 244
39 268
40 88
40 227
40 259
40 305
41 46
41 64
41 75
41 79
41 140
41 174
41 296
41 298
42 106
42 241
42 296
43 47
43 252
43 286
44 229
44 272
44 292
45 62
45 77
45 114
45 131
45 133
45 158
45 188
45 195
45 218
45 263
45 287
45 303
46 47
46 48
46 51
46 57
46 59
46 67
46 128
46 134
46 166
46 180
46 181
46 192
46 200
46 215
46 239
46 243
47 68
47 96
47 98
47 107
47 131
47 168
47 197
48 68
48 94
48 131
48 164
48 287
48 296
49 129
49 167
49 193
49 272
49 288
49 296
50 74
50 83
50 85
50 93
50 110
50 127
50 130
50 177
50 302
51 109
51 129
51 135
51 200
51 216
51 308
52 147
52 193
52 245
52 266
53 134
53 285
54 193
54 255
55 87
55 102
55 103
55 114
55 133
55 277
56 70
56 102
56 142
57 60
57 103
57 106
57 159
57 287
58 240
59 67
59 68
59 88
59 137
59 200
59 224
59 225
59 272
60 120
60 130
60 131
60 157
60 214
60 271
60 304
61 78
61 124
61 196
61 217
61 242
61 244
61 307
62 115
62 134
62 176
62 232
62 283
62 293
63 103
63 110
63 156
63 168
63 216
64 76
64 160
64 200
64 214
64 253
64 287
64 293
65 135
65 145
66 130
66 134
67 83
67 101
67 119
67 124
67 132
67 136
67 166
67 172
67 200
67 225
67 258
67 283
68 83
68 104
68 264
69 92
69 104
69 130
69 230
69 250
69 279
70 95
70 130
70 255
71 129
71 135
71 148
71 241
71 291
72 92
72 154
72 169
72 193
72 240
72 263
72 270
72 272
73 135
73 224
73 241
74 96
74 115
74 136
74 152
74 162
74 192
74 210
74 269
74 305
75 129
75 130
75 133
75 140
75 156
75 160
75 258
75 286
75 313
76 94
76 135
76 146
76 148
76 150
77 92
77 118
77 135
77 163
77 193
77 221
78 216
79 103
79 173
79 194
79 216
80 87
80 101
80 118
80 131
80 136
80 166
80 189
80 194
80 242
80 246
80 278
81 143
81 215
82 137
82 204
82 211
82 241
83 89
83 285
85 154
85 163
86 193
87 115
87 128
87 130
87 154
87 162
87 178
87 275
88 129
88 180
89 103
89 131
89 207
89 247
90 277
91 205
92 130
92 159
92 163
92 206
92 266
93 145
93 166
93 239
93 252
93 291
94 133
94 233
95 287
96 105
96 122
96 160
96 218
96 235
97 124
97 136
97 156
97 157
97 186
97 197
98 134
98 138
98 158
98 279
98 302
99 243
99 271
100 141
100 266
101 135
101 211
101 249
101 288
102 108
102 134
102 148
102 153
102 156
102 162
102 227
102 258
102 261
102 276
102 287
102 292
102 308
103 106
103 108
103 165
103 189
103 269
103 273
103 276
103 287
104 147
104 154
104 224
104 304
105 129
105 130
105 131
105 286
106 121
106 206
106 246
106 297
107 192
107 195
108 160
108 176
108 224
108 242
108 286
109 133
109 135
109 267
110 129
110 131
110 200
110 226
110 249
110 275
111 146
111 305
112 119
112 130
112 210
113 131
113 145
113 201
113 296
114 168
114 172
115 135
115 139
115 276
117 172
117 250
117 269
117 272
117 304
118 131
118 142
118 150
118 156
118 163
118 168
118 188
118 246
118 288
118 298
119 237
120 157
120 197
120 224
120 244
120 276
121 135
121 144
121 147
121 148
121 210
121 213
121 218
121 229
121 235
121 276
122 188
122 190
122 197
122 200
122 206
122 236
122 288
123 126
123 136
123 174
123 243
123 301
124 127
124 134
124 151
124 159
124 188
124 195
124 215
124 224
124 239
124 279
124 306
125 136
125 200
125 258
125 279
126 221
127 145
128 134
128 135
128 148
128 159
128 175
128 213
129 148
129 149
129 156
129 165
129 188
129 201
129 212
129 226
129 236
129 249
129 252
129 258
129 273
129 278
129 280
129 287
129 292
129 301
129 311
130 135
130 137
130 140
130 142
130 156
130 160
130 167
130 174
130 188
130 209
130 211
130 215
130 216
130 217
130 222
130 227
130 241
130 243
130 270
130 282
130 286
130 287
130 301
131 133
131 134
131 140
131 149
131 153
131 159
131 174
131 179
131 180
131 192
131 193
131 200
131 230
131 244
131 258
131 276
131 285
131 287
131 315
133 134
133 135
133 136
133 154
133 181
133 200
133 205
133 234
133 272
133 296
133 298
134 148
134 152
134 156
134 158
134 162
134 171
134 174
134 184
134 186
134 188
134 195
134 200
134 205
134 215
134 220
134 221
134 232
134 234
134 252
134 279
134 283
134 285
134 301
134 311
135 138
135 141
135 193
135 200
135 206
135 211
135 220
135 223
135 229
135 231
135 237
135 272
136 156
136 164
136 195
136 207
136 270
136 277
136 288
136 296
137 232
137 304
138 197
138 218
139 308
140 208
140 252
140 306
141 179
142 238
142 305
143 188
143 191
143 192
143 299
144 291
144 302
145 244
145 250
145 298
146 156
147 157
148 174
148 180
148 212
148 249
148 275
149 150
149 303
150 157
150 160
151 224
151 275
152 180
152 188
152 209
152 245
152 274
153 287
154 287
155 258
156 157
156 181
156 191
156 197
156 200
156 206
156 210
156 213
156 220
156 230
156 239
156 243
156 245
156 249
156 270
156 283
156 287
156 288
156 311
157 193
157 196
157 218
157 257
158 222
159 218
159 291
160 180
160 246
161 174
161 305
162 182
162 210
162 275
162 279
162 296
163 261
164 249
165 220
165 246
167 169
167 241
167 281
167 301
168 187
169 272
170 255
172 288
172 296
173 220
173 240
173 269
175 244
176 210
177 180
177 210
177 220
179 212
179 252
179 288
180 203
180 230
180 243
180 246
180 248
180 284
180 302
181 209
181 285
183 186
184 195
184 200
184 248
184 284
188 238
188 249
188 288
189 242
189 272
191 231
191 287
192 258
193 200
193 219
193 223
195 224
196 288
198 281
200 210
200 218
200 219
200 222
200 260
201 213
201 242
201 289
205 265
205 273
205 315
206 207
206 219
206 221
206 241
208 213
208 239
208 303
209 227
209 314
210 231
210 245
210 284
210 287
211 215
211 227
211 244
212 264
213 287
214 286
214 296
215 258
215 260
215 302
216 219
216 246
216 254
217 260
218 227
218 241
218 292
219 229
219 232
219 249
219 302
220 229
220 246
220 284
220 289
221 290
222 249
223 242
223 272
223 288
224 238
224 263
225 282
228 269
231 260
231 287
232 298
233 246
233 315
235 281
238 258
239 268
239 305
242 243
249 251
249 265
249 271
249 287
249 302
250 297
252 278
252 288
254 298
255 276
259 286
260 272
268 286
268 298
269 298
272 274
272 285
273 303
279 283
279 308
284 299
285 288
285 307
285 315
286 289
287 295
288 303
288 305
291 294
293 307
301 304
304 306
