0 31
0 59
0 92
0 123
1 8
1 69
1 77
1 135
1 138
1 206
1 220
1 244
1 272
1 287
1 293
2 12
2 32
2 45
2 67
2 83
2 91
2 95
2 120
2 121
2 133
2 134
2 135
2 150
2 154
2 173
2 244
2 254
2 280
2 305
2 311
2 315
3 135
3 143
3 247
4 12
4 20
4 60
4 64
4 79
4 124
4 129
4 133
4 180
4 209
4 241
5 13
5 80
5 127
5 159
5 165
5 179
5 210
6 14
6 34
6 202
6 206
6 210
7 8
7 33
7 50
7 70
7 74
7 81
7 102
7 130
7 140
7 215
7 278
7 284
8 35
8 40
8 46
8 57
8 130
8 154
8 161
8 216
8 237
8 242
8 263
8 264
8 283
8 287
9 184
9 234
10 56
10 85
10 105
10 129
10 133
10 140
10 149
10 200
10 217
11 16
11 231
12 27
12 51
12 75
12 144
12 184
12 231
12 265
12 274
12 276
13 29
13 123
13 206
14 96
14 102
14 103
14 134
14 191
14 233
14 283
14 301
15 28
15 33
15 75
15 142
15 167
15 177
15 305
16 50
16 51
16 97
16 102
16 110
16 132
16 133
16 142
16 157
16 162
16 192
16 220
16 251
16 259
16 271
16 305
17 137
17 283
18 30
18 59
18 75
18 92
18 94
18 98
18 100
18 151
18 156
18 219
18 242
18 252
18 260
18 278
19 250
19 285
19 298
19 305
20 112
20 157
20 221
20 284
20 302
20 303
21 31
21 38
21 96
21 127
21 147
21 156
22 78
22 126
22 131
22 301
23 59
23 68
23 117
23 228
23 268
24 46
24 47
24 92
24 96
24 129
24 174
24 220
24 222
24 234
24 294
24 305
25 47
25 55
25 110
25 147
25 161
25 208
25 247
26 60
26 230
26 244
26 296
27 42
27 83
27 101
27 258
27 276
28 40
28 83
28 133
28 172
28 195
28 247
28 276
29 110
29 144
29 228
29 312
30 50
30 74
30 113
30 118
30 133
30 218
31 40
31 51
31 64
31 89
31 102
31 118
31 128
31 129
31 130
31 135
31 148
31 180
31 238
31 284
32 40
32 47
32 86
32 104
32 129
32 220
32 246
32 271
32 283
32 289
33 70
33 133
33 208
33 210
33 264
33 276
33 286
33 290
33 303
34 43
34 46
34 48
34 50
34 72
34 74
34 101
34 177
34 180
34 278
35 40
35 62
35 81
35 188
35 233
35 249
36 135
36 143
36 187
36 188
36 200
36 287
37 60
37 81
37 117
37 129
37 202
37 271
37 292
37 310
38 106
38 136
38 153
38 205
39 77
39 261
39 266
39 288
40 130
40 133
40 156
40 157
40 173
40 180
40 220
40 226
40 264
41 98
41 121
41 133
41 136
41 185
41 244
41 305
42 102
42 122
42 160
42 173
42 192
42 235
43 59
43 71
43 136
43 150
43 181
43 215
44 104
44 115
44 129
44 131
44 133
44 135
44 148
44 185
44 193
45 88
45 101
45 114
45 129
45 131
45 173
45 218
45 251
46 49
46 95
46 125
46 135
46 200
46 219
46 284
46 300
47 101
47 129
47 176
47 237
47 302
48 77
48 124
48 130
48 176
48 192
48 265
48 287
49 157
49 188
49 200
49 218
49 224
49 314
50 122
50 133
50 151
50 198
51 177
51 179
51 205
51 239
51 241
51 278
51 287
52 56
52 129
52 131
52 152
52 157
52 208
53 62
53 77
53 98
53 278
54 110
54 129
54 160
55 154
55 162
55 181
56 69
56 71
56 129
56 288
57 181
57 238
57 249
58 129
59 64
59 65
59 94
59 115
59 121
59 131
59 132
59 167
59 172
59 179
59 209
59 232
59 245
59 278
59 285
59 302
60 69
60 109
60 110
60 135
60 156
60 162
61 75
61 117
61 118
61 210
62 137
62 145
62 193
62 197
62 211
62 290
63 76
63 206
63 284
64 97
64 106
64 127
64 135
64 193
64 220
64 290
64 303
64 306
65 191
65 249
65 264
66 67
66 130
66 143
66 157
66 180
66 197
66 267
66 303
67 68
67 74
67 78
67 142
67 173
67 181
67 249
67 261
67 286
68 78
68 131
68 247
68 257
69 94
69 148
69 154
69 258
70 118
70 193
70 295
71 149
71 179
71 201
71 305
72 80
72 131
72 145
72 250
73 89
73 158
73 180
73 283
74 118
74 129
74 184
74 191
74 211
74 217
74 249
74 291
74 299
74 305
74 313
75 131
75 140
75 183
75 204
75 205
75 238
75 241
75 272
75 291
76 129
76 157
76 230
76 287
78 96
78 204
79 135
79 138
79 173
79 218
79 239
79 313
80 98
80 167
80 198
80 207
80 215
80 287
80 311
81 129
81 130
81 168
81 286
82 131
82 149
82 207
83 106
83 110
83 134
83 135
83 157
83 210
83 278
84 102
84 163
84 211
84 232
84 265
85 141
85 149
85 173
85 291
86 102
86 279
87 101
87 204
87 214
87 252
87 265
87 303
88 106
88 131
88 133
88 134
88 159
88 287
88 288
88 309
88 314
89 99
89 122
89 129
89 133
89 169
89 193
90 102
90 129
90 180
90 215
90 221
90 231
90 313
91 105
91 122
91 220
91 315
92 129
92 144
92 154
92 185
92 220
93 128
93 134
94 103
95 101
95 157
95 259
96 102
96 103
96 130
96 145
96 164
96 196
96 234
96 279
96 294
96 299
97 131
97 140
97 210
97 228
97 258
97 266
97 298
98 118
98 128
98 135
98 144
98 193
98 222
98 276
99 174
99 255
100 187
101 113
101 191
101 208
101 210
101 212
101 233
101 235
102 103
102 134
102 136
102 144
102 147
102 158
102 160
102 234
102 241
102 244
102 258
103 134
103 135
103 136
103 176
103 177
103 193
103 288
104 105
104 209
104 214
104 304
105 130
105 148
105 241
105 286
106 128
106 129
106 134
106 136
106 210
106 273
106 277
106 278
106 287
106 309
107 132
107 134
107 174
107 234
107 281
107 303
107 312
108 212
108 222
108 261
108 279
109 111
109 135
109 136
109 173
109 180
109 184
109 189
109 266
109 314
110 124
110 139
110 188
110 214
110 272
111 169
111 287
112 129
112 169
114 129
114 148
114 228
114 233
114 257
114 284
115 116
115 200
115 204
116 203
116 275
116 284
116 303
117 131
117 154
117 217
117 242
117 276
117 280
117 287
118 126
118 131
118 160
118 172
118 180
118 206
118 235
118 264
118 269
119 134
120 143
120 204
120 249
121 270
121 283
122 160
122 192
122 210
122 222
122 231
122 242
122 260
122 302
123 129
123 133
123 172
124 133
124 135
124 136
124 138
124 156
124 157
124 168
124 193
124 208
124 214
124 233
124 267
124 293
124 296
124 298
125 180
126 134
127 258
128 130
128 161
128 174
128 255
128 291
129 130
129 134
129 135
129 138
129 144
129 148
129 149
129 150
129 160
129 162
129 197
129 198
129 210
129 224
129 236
129 242
129 267
129 287
129 295
129 301
129 303
129 308
130 134
130 135
130 138
130 148
130 152
130 156
130 159
130 174
130 200
130 214
130 215
130 230
130 249
130 262
130 264
130 275
130 282
130 283
130 287
131 135
131 136
131 139
131 142
131 149
131 157
131 180
131 190
131 204
131 225
131 232
131 252
131 262
131 266
131 287
131 294
131 295
131 298
131 299
131 309
132 287
133 140
133 149
133 152
133 154
133 155
133 156
133 173
133 174
133 177
133 188
133 215
133 229
133 234
133 237
133 258
133 270
133 283
134 135
134 138
134 152
134 159
134 174
134 180
134 181
134 192
134 196
134 199
134 200
134 207
134 208
134 223
134 234
134 240
134 244
134 246
134 264
134 268
134 270
134 283
134 292
134 308
135 156
135 161
135 173
135 181
135 195
135 211
135 233
135 241
135 267
135 269
135 288
136 146
136 177
136 184
136 269
136 288
136 293
136 304
137 217
138 152
138 281
138 283
138 290
138 303
139 208
139 214
139 245
140 180
140 186
140 205
140 224
140 279
140 286
140 309
141 255
142 148
142 162
142 164
142 179
142 197
142 241
143 210
143 248
144 293
145 167
145 191
145 283
147 233
148 156
148 157
148 208
148 218
148 266
148 275
149 162
149 180
149 198
149 293
150 158
150 206
151 222
152 200
152 220
152 235
152 269
152 290
153 196
153 234
153 245
153 252
153 315
154 200
154 249
154 268
154 269
155 201
156 160
156 165
156 193
156 213
156 215
156 218
156 220
156 230
156 245
156 246
156 252
156 266
156 275
156 287
156 292
157 162
157 167
157 180
157 188
157 273
157 284
157 305
158 269
158 293
160 195
160 212
160 224
160 295
161 292
162 218
162 223
164 214
164 256
164 302
165 225
165 286
167 175
167 182
167 223
167 229
167 243
167 252
167 270
167 278
167 302
168 266
169 231
171 285
172 180
172 208
172 215
172 313
173 187
177 205
177 220
177 229
177 232
180 219
180 255
180 273
180 294
181 281
182 307
184 200
184 266
187 210
187 285
187 308
188 207
188 229
188 276
188 288
190 272
191 214
191 272
192 275
193 212
193 220
193 249
193 298
193 315
195 222
196 200
196 210
196 220
197 215
197 285
199 303
200 218
200 245
200 267
200 298
201 245
201 264
202 287
204 310
205 298
206 239
206 271
207 223
208 291
210 228
210 247
210 250
210 265
210 272
210 273
210 290
211 239
211 264
212 223
212 258
213 259
214 291
215 277
216 242
216 264
218 241
218 267
218 286
218 309
219 283
220 233
220 301
223 238
224 226
224 255
224 263
224 301
225 288
225 293
226 241
228 287
229 269
229 283
230 312
231 296
232 242
232 276
232 308
233 239
234 235
236 305
238 246
239 252
240 272
241 245
241 259
241 277
241 299
244 287
245 250
245 298
245 302
247 293
248 278
248 302
249 257
249 272
249 287
251 286
255 273
258 286
259 266
259 314
261 276
264 286
264 304
267 279
267 287
270 287
271 298
273 277
275 284
277 288
278 283
283 287
283 301
285 294
292 303
293 303
303 311
