0 35
0 78
0 111
0 157
0 180
0 196
1 48
1 154
1 156
1 193
1 220
1 268
2 30
2 43
2 56
2 80
2 87
2 136
2 138
2 196
2 215
2 275
2 286
3 13
3 49
3 98
3 101
3 158
3 188
4 8
4 42
4 118
4 135
4 185
4 238
4 287
5 125
5 132
5 164
5 188
5 308
5 311
5 315
6 14
6 30
6 42
6 61
6 94
6 110
6 112
6 135
6 193
6 196
6 200
6 219
7 14
7 42
7 62
7 106
7 164
7 191
7 207
7 218
7 233
7 278
7 288
8 11
8 32
8 45
8 65
8 89
8 92
8 99
8 156
8 158
8 171
8 204
8 207
8 212
8 239
8 275
9 134
9 142
9 148
9 181
9 299
11 103
11 109
12 13
12 23
12 34
12 156
12 157
12 160
12 238
12 287
12 305
13 45
13 46
13 67
13 249
13 258
13 293
14 62
14 67
14 68
14 75
14 105
14 118
14 124
14 156
14 175
14 200
14 204
14 218
14 287
14 299
15 29
15 57
15 74
15 77
15 156
15 235
16 56
16 69
16 74
16 80
16 110
16 135
16 145
16 160
16 182
16 205
16 215
16 218
16 224
16 238
16 241
16 248
16 249
16 275
16 278
16 288
17 31
17 98
17 111
17 158
17 183
18 49
18 60
18 129
18 169
18 219
18 233
19 129
19 276
20 25
20 36
20 111
20 118
20 127
20 136
20 156
20 157
20 162
20 177
20 180
20 261
20 286
20 287
20 297
21 129
21 201
21 210
22 62
22 129
22 132
22 145
23 38
23 59
23 273
24 76
24 131
24 149
24 219
24 222
24 263
24 265
24 286
25 72
25 84
25 87
25 92
25 119
25 130
25 206
25 263
25 265
26 156
27 116
27 162
27 239
27 241
28 62
28 137
28 255
28 284
29 69
29 269
29 286
30 103
30 124
30 128
30 205
31 45
31 46
31 62
31 67
31 129
31 130
31 134
31 137
31 149
31 162
31 248
31 263
32 46
32 50
32 103
32 131
32 133
32 144
32 200
32 206
32 210
32 249
32 268
32 271
33 47
33 51
33 55
33 115
33 133
33 134
33 177
33 180
33 191
33 220
33 247
33 277
33 288
33 315
34 41
34 42
34 200
34 210
34 229
34 285
35 292
36 63
36 67
36 107
36 202
36 220
36 224
36 278
36 284
37 57
37 77
37 83
37 134
37 177
37 249
38 117
38 222
39 47
39 87
39 145
39 181
40 42
40 166
40 214
41 43
41 60
41 61
41 91
41 141
41 166
41 182
41 250
41 298
42 98
42 124
42 162
42 167
42 180
42 238
42 270
42 272
43 106
43 122
43 129
43 184
43 188
43 210
43 246
43 264
44 125
44 129
44 156
44 212
44 218
44 255
44 305
45 110
45 129
45 132
45 134
45 135
45 142
45 212
45 231
45 240
45 271
45 290
45 293
46 97
46 104
46 114
46 118
46 130
46 133
46 216
46 231
46 249
46 255
46 264
46 265
46 283
46 287
47 64
47 75
47 88
47 103
47 133
47 135
47 148
47 205
47 231
47 248
47 272
47 277
47 292
47 311
48 79
48 135
48 140
48 148
48 182
48 273
49 129
49 131
49 133
49 135
49 148
49 286
50 85
50 109
50 130
50 150
50 193
50 200
50 210
50 235
50 259
50 293
51 54
51 88
51 92
51 103
51 111
51 134
51 180
51 188
51 200
51 241
52 56
52 112
52 133
52 193
52 272
53 150
53 275
54 97
54 156
54 226
55 56
55 66
55 71
55 129
55 279
55 299
56 114
56 122
56 164
57 206
58 141
59 71
59 95
59 120
59 131
59 133
59 149
59 161
59 188
59 193
59 206
59 220
59 251
59 252
59 259
59 260
59 276
59 288
59 290
59 302
60 108
60 111
60 122
60 128
60 129
60 136
60 160
60 191
60 207
60 220
60 247
60 249
60 285
61 181
61 200
61 242
62 74
62 83
62 96
62 130
62 136
62 156
62 187
62 208
62 218
62 242
62 310
63 77
63 102
63 140
63 167
63 194
64 131
64 132
64 133
64 149
64 156
64 157
64 177
64 206
64 283
65 97
65 161
65 197
65 239
66 252
66 287
67 118
67 133
67 180
67 220
67 269
67 288
68 102
68 129
68 133
68 139
68 199
68 215
69 81
69 147
69 157
69 173
69 174
69 185
69 221
69 296
70 74
70 160
70 220
72 75
72 81
72 144
72 222
73 157
73 219
73 274
73 301
74 84
74 87
74 112
74 152
74 153
74 159
74 204
74 213
74 236
74 273
74 275
75 91
75 108
75 143
75 206
76 89
76 158
76 160
76 245
76 278
76 302
77 81
77 217
77 233
77 273
77 294
78 118
78 119
78 280
78 305
79 220
79 314
80 129
80 193
80 239
81 252
81 311
81 314
82 135
82 283
83 103
83 114
83 131
83 225
84 130
85 108
85 303
86 176
86 303
87 124
87 156
87 185
87 276
87 288
87 293
88 129
88 134
88 135
88 156
89 121
89 147
89 156
89 161
89 172
89 200
89 206
89 216
89 271
90 134
90 137
90 153
91 121
91 178
91 224
91 269
91 283
92 129
92 182
92 275
92 276
92 301
93 133
94 120
94 133
94 209
94 286
95 118
95 146
95 157
96 131
96 188
96 206
96 208
96 219
96 265
97 100
97 151
97 173
97 287
98 104
98 134
98 193
98 243
98 272
98 278
98 284
98 285
98 286
99 200
99 242
100 207
100 227
101 106
101 121
101 167
101 229
101 263
101 280
102 133
102 134
102 152
102 156
102 159
102 180
102 314
103 111
103 124
103 129
103 132
103 171
103 172
103 315
104 128
104 131
104 180
104 191
104 193
104 200
104 231
105 145
105 287
105 288
106 127
106 129
106 163
106 167
106 193
106 219
106 232
106 258
107 109
107 231
108 122
108 179
108 252
108 268
108 295
109 174
109 207
110 134
110 156
110 165
110 215
110 239
110 247
110 258
110 271
110 307
111 129
111 131
111 286
112 134
112 135
112 236
113 197
114 148
114 179
115 130
115 134
115 152
115 296
117 123
117 269
118 133
118 188
118 223
118 249
118 264
118 291
118 308
119 155
119 197
120 136
120 138
120 140
120 174
120 195
120 244
121 156
121 287
122 131
122 134
122 137
122 156
122 158
122 159
122 244
123 220
124 127
124 136
124 252
124 274
124 299
125 136
125 275
126 175
127 167
127 232
128 139
128 148
128 201
129 130
129 135
129 147
129 148
129 156
129 157
129 164
129 180
129 189
129 193
129 194
129 208
129 209
129 210
129 224
129 228
129 243
129 255
129 265
129 285
129 288
129 293
130 131
130 136
130 138
130 142
130 145
130 157
130 160
130 181
130 191
130 211
130 223
130 230
130 231
130 256
130 267
130 268
130 276
130 287
130 304
130 305
131 133
131 135
131 137
131 143
131 147
131 159
131 162
131 187
131 200
131 214
131 240
131 287
131 293
131 305
131 306
132 191
132 313
133 135
133 147
133 156
133 180
133 191
133 199
133 228
133 240
133 242
133 258
133 266
133 268
133 308
134 143
134 147
134 159
134 184
134 201
134 233
134 234
134 239
134 249
134 269
134 278
134 290
134 299
134 301
135 233
135 240
135 252
135 287
135 288
135 298
135 310
136 179
136 188
136 196
136 208
136 230
136 247
136 259
136 269
136 298
137 245
137 305
138 139
138 219
138 285
138 287
138 297
138 303
139 264
140 155
140 178
140 179
140 180
140 220
140 234
142 174
142 192
142 288
143 156
143 180
143 201
143 215
144 269
145 167
145 200
145 284
145 301
146 241
146 269
148 176
148 204
148 236
149 172
149 216
149 260
150 233
150 283
151 158
151 185
152 167
152 281
152 287
153 287
154 224
154 237
154 246
155 204
156 160
156 167
156 180
156 205
156 210
156 217
156 242
156 263
156 272
156 273
156 288
157 159
157 160
157 169
157 226
157 244
157 303
157 305
158 160
158 179
159 247
160 167
160 258
160 286
161 296
161 309
162 165
162 214
162 252
162 256
162 266
164 176
164 180
164 188
164 191
164 286
165 249
167 180
167 210
167 215
167 222
167 236
167 249
167 264
167 274
168 255
169 299
170 227
170 280
172 247
173 310
174 258
174 265
174 278
174 287
175 191
175 234
176 217
176 220
176 231
177 220
178 229
178 233
178 264
179 196
179 202
179 232
179 277
180 213
180 233
180 280
180 288
181 210
181 279
181 292
181 298
182 185
182 230
182 301
184 280
184 298
185 219
186 245
187 222
188 197
188 200
188 223
188 274
189 205
189 258
190 239
192 287
193 205
193 231
193 246
193 274
194 211
194 259
195 286
195 313
196 243
198 215
200 204
200 257
200 288
200 309
201 233
201 278
201 287
201 305
202 208
204 208
204 241
205 224
205 234
205 240
206 213
206 231
206 258
206 287
208 228
208 236
208 258
209 237
210 224
210 238
210 261
211 230
213 242
213 285
214 246
214 252
215 234
215 283
215 288
215 293
216 239
216 298
216 299
217 224
218 231
219 267
220 265
220 298
222 278
222 301
222 313
224 238
224 265
224 268
224 270
224 279
224 282
224 290
224 298
229 239
229 270
229 283
231 249
231 275
231 279
231 287
232 252
233 288
236 242
239 284
239 288
240 255
241 288
242 244
242 304
244 248
245 267
245 276
249 285
250 272
252 253
252 313
259 290
261 287
262 286
262 298
263 274
263 276
263 293
263 307
264 280
267 304
268 276
268 310
269 288
272 314
276 288
282 293
283 287
285 302
287 298
288 308
290 304
293 295
304 306
