0 29
0 46
0 47
0 125
1 52
1 66
1 95
1 102
1 105
1 109
1 152
1 232
2 24
2 57
2 59
2 101
2 129
2 130
2 131
2 133
2 134
2 163
2 167
2 228
2 259
2 264
2 279
2 289
2 307
3 36
3 87
3 130
3 135
3 192
3 285
4 31
4 33
4 54
4 102
4 126
4 178
4 182
4 230
4 258
4 286
4 287
5 18
5 83
5 210
5 231
6 25
6 56
6 123
6 174
6 261
7 18
7 20
7 27
7 50
7 82
7 109
7 157
7 161
7 186
7 244
7 252
7 258
7 269
7 295
7 302
8 9
8 75
8 99
8 122
8 129
8 135
8 164
8 166
8 204
8 220
8 243
8 259
8 287
8 295
9 59
9 118
9 133
9 150
9 152
9 188
9 192
9 283
10 32
10 45
10 135
10 179
10 196
10 217
11 59
11 64
11 116
11 160
11 204
11 233
12 37
12 39
12 45
12 62
12 102
12 133
12 134
12 155
12 180
13 25
13 75
13 204
13 283
13 285
13 286
14 34
14 38
14 42
14 154
14 160
14 214
14 304
14 310
15 64
15 100
15 118
15 122
15 132
15 135
15 139
15 157
15 159
15 167
15 176
15 179
15 218
15 237
15 287
15 288
16 25
16 33
16 59
16 68
16 81
16 91
16 109
16 134
16 135
16 137
16 165
16 182
16 195
16 210
16 211
16 221
16 246
16 251
16 257
16 258
16 260
16 271
16 280
16 289
17 75
17 86
17 113
18 67
18 129
18 133
18 135
18 157
18 160
18 200
18 286
18 305
19 25
19 30
19 179
19 191
20 45
20 55
20 66
20 106
20 110
20 156
20 157
20 159
20 205
21 62
21 94
21 133
21 193
21 224
21 291
22 180
23 188
24 88
24 89
24 131
24 164
24 211
24 218
24 281
25 64
25 85
25 157
25 287
25 299
26 44
26 68
26 133
26 135
26 160
26 266
27 74
27 129
27 160
27 232
27 247
28 62
28 86
28 100
28 113
28 167
28 303
28 314
29 33
29 81
29 143
29 151
30 102
30 131
30 269
31 50
31 95
31 159
31 209
31 269
32 64
32 91
32 94
32 98
32 122
32 124
32 129
32 148
32 160
32 231
32 278
32 300
33 49
33 78
33 128
33 157
33 159
33 188
33 206
33 232
33 242
33 252
34 133
34 151
34 265
35 41
35 66
35 126
35 204
35 216
35 244
35 267
35 309
36 50
36 121
37 57
37 87
37 130
37 135
37 214
38 74
38 76
38 87
38 140
38 209
38 258
39 156
39 170
39 241
40 51
40 72
40 135
40 204
40 225
40 298
40 313
41 81
41 95
41 98
41 138
41 156
41 285
41 304
42 126
42 127
42 145
42 206
42 272
43 97
43 133
43 144
43 146
43 215
43 287
44 94
44 222
44 231
44 245
45 54
45 60
45 76
45 77
45 88
45 135
45 136
45 209
45 210
45 315
46 48
46 49
46 91
46 93
46 105
46 133
46 136
46 149
46 152
46 156
46 157
46 159
46 190
46 213
46 218
46 278
46 282
46 287
47 88
47 129
47 131
47 234
47 256
48 103
48 116
48 181
48 209
48 210
48 242
49 94
49 128
49 130
49 133
49 200
49 258
49 278
50 62
50 68
50 104
50 131
50 217
51 60
51 103
51 133
51 168
51 185
51 252
51 295
52 98
52 172
52 288
54 152
54 157
54 287
55 118
55 156
55 191
55 267
56 134
56 252
56 304
57 182
58 98
58 115
59 69
59 71
59 81
59 90
59 130
59 156
59 238
59 242
59 250
59 257
59 278
60 74
60 76
60 131
60 136
60 140
60 210
60 233
60 249
60 285
60 313
61 156
61 224
61 247
62 102
62 134
62 150
62 171
62 199
62 215
62 231
62 265
62 281
62 313
63 133
64 69
64 90
64 104
64 122
64 134
64 193
64 233
65 95
65 125
65 180
66 120
66 148
67 73
67 75
67 89
67 130
67 162
67 200
67 207
67 226
67 298
67 303
68 129
68 287
69 233
69 286
69 306
70 80
70 108
70 122
70 276
70 287
71 100
72 77
72 98
72 129
72 131
72 139
72 174
73 124
73 156
73 205
74 76
74 128
74 131
74 133
74 167
74 172
74 179
74 208
74 210
74 227
74 247
74 278
74 296
75 129
75 160
75 167
75 195
75 200
75 223
75 244
75 272
75 289
75 293
76 126
76 156
76 241
76 280
76 309
76 313
77 104
77 130
77 134
77 149
77 167
77 191
77 211
77 213
77 287
78 110
78 150
78 156
78 184
79 130
79 219
79 283
80 94
80 122
80 129
80 131
80 136
80 156
80 180
80 292
81 110
81 130
81 176
81 191
81 199
81 229
81 265
82 214
82 245
83 249
83 310
84 268
84 269
85 110
85 222
85 232
85 244
86 110
86 148
86 172
86 174
86 235
87 133
87 193
87 281
88 267
89 131
89 148
89 173
89 254
89 263
90 91
90 129
90 149
90 150
90 156
91 159
92 130
92 133
92 260
93 135
93 181
94 140
94 156
94 168
94 180
94 200
94 244
94 249
95 148
95 160
95 200
95 304
96 124
96 130
96 162
96 288
97 121
97 148
97 206
97 218
97 295
98 104
98 138
98 149
98 160
98 202
98 242
98 255
98 296
98 302
98 305
98 310
99 219
99 241
99 290
101 140
101 154
101 204
101 214
101 296
102 114
102 118
102 135
102 136
102 152
102 153
102 156
102 175
102 197
102 233
102 274
102 302
103 105
103 123
103 131
103 170
103 172
103 186
103 201
103 202
103 218
103 219
103 268
103 288
104 125
104 129
104 131
105 114
105 117
105 121
105 131
105 222
105 296
106 135
106 143
106 235
106 305
107 129
107 168
107 230
107 239
107 285
108 130
108 191
108 205
108 207
108 215
108 231
109 130
109 131
109 272
110 135
110 157
110 164
110 223
110 233
110 245
110 249
110 293
110 296
111 247
112 280
114 130
114 162
115 131
115 156
115 191
115 291
116 129
117 157
117 252
117 284
117 307
117 314
118 129
118 131
118 134
118 206
118 224
118 249
118 261
118 265
119 121
119 156
119 298
120 154
120 239
120 276
121 134
121 196
121 216
121 265
122 167
122 262
123 148
123 175
123 243
124 129
124 138
124 188
124 205
124 239
124 255
124 276
126 209
127 281
128 133
128 135
128 156
128 179
129 131
129 136
129 148
129 152
129 154
129 161
129 167
129 174
129 192
129 218
129 234
129 235
129 249
129 253
129 265
129 267
129 278
129 298
130 140
130 149
130 176
130 182
130 210
130 213
130 218
130 220
130 230
130 247
130 278
130 286
130 288
130 297
130 302
130 314
131 133
131 134
131 136
131 138
131 167
131 177
131 205
131 208
131 220
131 234
131 247
131 265
131 286
132 153
132 215
133 134
133 143
133 152
133 156
133 160
133 179
133 180
133 217
133 219
133 246
133 251
133 271
133 275
133 291
134 135
134 160
134 177
134 197
134 217
134 218
134 243
134 248
134 264
134 278
134 284
134 285
134 287
134 304
135 157
135 177
135 179
135 217
135 218
135 232
135 240
135 242
135 273
135 275
135 279
135 285
136 148
136 152
136 158
136 174
136 215
136 237
136 291
136 292
136 294
137 156
137 294
138 162
138 167
138 180
138 193
138 197
139 145
139 185
139 200
140 166
140 194
140 242
141 195
141 287
142 206
142 242
142 289
144 219
144 224
145 206
145 237
145 268
146 220
146 223
146 286
147 195
147 231
148 149
148 175
148 193
148 222
148 242
148 258
148 286
148 301
149 154
149 196
149 207
149 261
149 280
151 162
152 161
152 212
152 235
152 268
152 298
152 304
152 305
153 215
153 287
154 179
154 232
155 206
155 218
156 157
156 198
156 206
156 207
156 227
156 229
156 263
156 268
156 278
156 288
156 290
156 296
156 315
157 209
157 218
157 219
157 239
158 249
159 182
159 224
159 296
160 238
160 255
160 286
161 287
162 288
163 244
164 175
164 180
164 193
164 239
164 286
166 223
166 244
166 292
167 196
167 205
167 242
167 258
167 266
167 287
167 288
169 221
169 296
171 249
172 208
173 249
174 187
174 191
174 247
175 203
177 298
178 239
179 242
179 257
179 259
179 298
180 191
180 200
180 223
180 234
180 238
180 242
180 273
180 287
180 298
181 206
181 262
181 284
181 287
182 245
183 274
184 227
185 200
185 275
185 276
186 224
186 293
187 188
188 239
188 301
188 314
190 220
190 307
191 199
192 194
192 197
192 220
192 304
193 214
193 231
193 275
193 276
193 285
193 298
195 249
196 232
196 257
197 239
197 296
198 200
198 292
200 209
200 211
200 224
200 272
201 210
201 249
201 278
202 304
203 313
204 206
204 231
204 278
204 279
205 240
205 252
205 272
205 278
206 208
206 239
206 242
206 248
208 210
210 233
210 274
210 297
210 308
211 219
211 233
211 245
212 255
213 276
214 218
214 242
214 303
215 234
215 238
215 278
215 290
216 266
217 224
217 284
217 285
218 232
218 285
218 286
218 288
219 284
220 222
220 244
220 284
220 287
220 301
220 307
221 264
221 287
222 233
222 313
223 229
224 264
224 273
229 287
229 301
230 238
230 240
230 288
231 265
231 314
233 285
238 273
238 287
239 243
239 278
239 281
239 286
240 264
240 298
241 314
242 284
243 283
244 287
245 284
245 311
249 287
249 309
253 281
254 301
257 296
258 298
264 266
264 298
265 291
268 282
268 283
269 310
270 283
272 293
275 292
277 288
279 288
287 302
288 299
288 309
291 303
295 307
