0 2
0 98
1 67
1 188
1 230
1 239
2 10
2 16
2 28
2 38
2 66
2 68
2 75
2 81
2 129
2 132
2 134
2 138
2 139
2 156
2 180
2 184
2 197
2 206
2 215
2 240
2 273
3 75
3 167
3 168
3 173
4 30
4 89
4 97
4 135
4 152
4 249
4 273
4 277
4 294
5 16
5 46
5 65
5 94
5 136
5 249
5 295
6 31
6 45
6 80
6 102
6 113
6 114
6 134
6 234
6 235
6 269
6 287
6 290
6 309
7 12
7 102
7 106
7 130
7 131
7 135
7 142
7 180
7 194
7 196
7 242
7 252
7 274
7 301
8 59
8 92
8 94
8 97
8 99
8 102
8 103
8 105
8 124
8 135
8 156
8 185
8 197
8 215
8 294
9 37
9 193
9 298
10 78
10 88
10 210
11 104
11 122
11 280
12 53
12 70
12 71
12 103
12 121
12 131
12 154
12 207
13 17
13 36
13 209
13 292
14 16
14 20
14 42
14 59
14 75
14 99
14 106
14 207
14 215
14 272
14 288
14 301
14 304
15 20
15 124
15 248
15 284
15 288
16 38
16 47
16 51
16 60
16 75
16 128
16 131
16 148
16 156
16 161
16 163
16 197
16 199
16 213
16 222
16 243
16 260
16 271
16 281
16 307
17 75
17 83
17 150
18 115
18 130
18 134
18 152
18 162
18 213
19 45
19 69
19 130
19 237
19 242
19 279
19 292
19 314
20 58
20 163
20 218
20 258
20 289
21 50
21 69
21 88
21 133
22 75
22 135
23 46
23 130
23 191
23 193
23 205
23 218
24 129
24 130
24 161
24 179
24 186
24 193
24 260
24 279
25 27
25 40
25 62
25 73
25 208
26 121
26 138
27 37
27 77
27 89
27 191
27 215
27 265
27 296
28 37
28 95
28 98
28 101
28 105
28 149
28 303
28 315
29 67
29 129
29 130
29 149
29 161
29 179
29 282
30 41
30 98
30 133
30 177
30 210
30 213
30 241
30 284
30 287
31 32
31 55
31 59
31 132
31 179
31 204
31 208
31 220
31 232
31 258
31 271
31 288
31 305
32 46
32 49
32 69
32 74
32 83
32 104
32 108
32 124
32 126
32 130
32 131
32 134
32 135
32 148
32 161
32 164
32 166
32 209
32 214
32 242
32 285
33 34
33 43
33 56
33 67
33 84
33 95
33 167
33 184
33 200
33 223
33 232
33 248
33 293
34 140
34 196
35 134
35 135
35 179
35 193
35 218
35 266
35 276
35 286
36 74
36 101
36 132
36 147
36 164
36 168
37 69
37 117
37 287
38 189
38 191
38 249
39 179
39 246
39 288
40 77
40 101
40 103
40 148
40 205
40 282
41 62
41 102
41 134
41 141
41 166
41 229
41 237
41 246
41 254
41 302
42 56
42 63
42 114
42 125
42 181
43 73
43 124
43 157
43 190
43 197
43 250
44 101
44 237
45 55
45 77
45 116
45 122
45 133
45 151
45 152
45 167
45 177
45 193
45 206
45 232
45 275
45 309
46 59
46 93
46 104
46 121
46 130
46 138
46 152
46 158
46 179
46 210
46 214
46 222
46 224
46 269
46 304
47 63
47 69
47 110
47 118
47 156
47 159
47 182
47 273
47 301
47 309
48 101
48 200
48 215
48 269
49 129
49 193
49 232
50 78
50 136
50 138
50 167
50 203
50 238
50 264
50 301
51 59
51 66
51 108
51 118
51 165
51 172
51 174
51 180
51 220
51 305
52 89
52 130
52 272
53 59
53 149
53 188
53 214
53 243
54 58
54 60
54 103
54 129
54 164
54 210
54 215
54 249
55 105
55 128
55 130
55 134
55 299
56 88
56 95
56 129
56 137
57 124
57 265
57 288
58 275
58 276
59 62
59 104
59 107
59 122
59 131
59 148
59 197
59 211
59 224
59 250
59 269
59 279
60 103
60 117
60 122
60 129
60 206
60 280
60 284
60 298
61 98
61 130
61 273
62 129
62 130
62 133
62 172
62 223
62 233
62 297
62 298
63 208
63 242
63 276
63 278
63 296
64 81
64 129
64 131
64 135
64 163
64 174
64 178
64 229
64 243
64 252
64 297
65 135
65 141
66 97
66 106
66 113
66 129
66 130
66 156
66 188
66 194
66 286
67 68
67 114
67 129
67 130
67 134
67 172
67 174
67 193
67 204
67 268
67 275
67 286
67 295
68 96
68 122
68 136
68 142
68 150
68 154
68 200
68 228
68 239
68 249
68 257
68 283
69 74
69 159
69 179
69 188
70 118
70 132
71 168
71 223
71 286
72 219
73 78
73 133
73 165
73 210
73 220
73 233
73 287
74 97
74 126
74 129
74 130
74 162
74 167
74 226
74 234
74 258
74 269
75 110
75 130
75 134
75 148
75 206
75 296
75 301
76 129
76 135
76 177
76 194
77 167
77 232
78 151
78 191
78 207
78 309
79 211
79 215
79 219
79 225
79 248
80 106
80 157
80 220
80 224
80 227
80 287
81 101
81 167
81 215
81 224
82 119
82 148
84 103
84 244
84 247
85 239
85 294
85 298
86 198
86 267
87 110
87 149
87 204
87 222
87 259
88 93
88 96
88 125
88 130
88 131
88 133
88 134
89 165
89 179
89 200
89 276
89 288
89 291
90 135
90 214
90 287
91 142
92 131
92 134
92 210
92 218
92 315
93 217
94 132
94 136
94 180
94 211
95 131
95 148
95 283
96 118
96 129
96 134
96 135
96 191
96 206
96 220
97 119
97 149
97 204
97 210
97 247
97 254
97 287
98 136
98 157
98 197
98 269
98 287
99 135
99 267
99 298
100 134
101 103
101 131
101 162
101 229
101 269
101 271
101 304
101 311
102 133
102 134
102 138
102 142
102 167
102 169
102 202
103 118
103 124
103 129
103 145
103 171
103 200
103 279
103 302
103 307
103 313
104 106
104 124
104 127
104 128
104 188
104 193
104 204
104 223
104 274
105 163
105 220
105 225
106 129
106 132
106 198
106 200
106 217
106 278
106 288
107 180
107 284
107 287
107 298
108 160
108 166
109 120
109 153
109 199
109 241
109 267
109 287
110 124
110 184
110 188
110 218
110 224
110 260
112 124
112 224
112 239
113 134
113 225
113 315
114 129
114 130
114 137
114 249
114 303
116 133
116 275
117 123
117 131
117 134
117 149
117 219
117 235
117 242
117 243
117 283
117 287
118 130
118 133
118 135
118 149
118 200
118 224
118 232
118 233
118 238
118 245
118 259
118 305
119 133
119 156
119 288
120 130
120 152
120 191
120 307
121 125
121 135
121 180
121 229
122 124
122 130
122 138
122 186
122 232
122 234
122 278
122 288
122 307
123 128
123 242
124 153
124 171
124 192
124 193
124 211
124 215
124 263
124 269
124 278
124 286
126 129
126 149
126 154
127 130
128 132
128 140
128 160
128 172
128 188
128 191
128 230
128 255
129 131
129 134
129 168
129 200
129 201
129 224
129 239
129 260
129 264
129 269
129 272
129 298
130 131
130 135
130 139
130 142
130 148
130 149
130 162
130 177
130 188
130 208
130 209
130 219
130 220
130 226
130 231
130 232
130 247
130 249
130 253
130 259
130 287
130 288
131 135
131 136
131 145
131 150
131 152
131 160
131 185
131 210
131 215
131 216
131 231
131 235
131 238
131 249
131 270
131 272
131 301
131 302
132 149
132 156
132 162
132 237
133 134
133 136
133 142
133 152
133 156
133 158
133 179
133 183
133 193
133 194
133 215
133 233
133 239
133 249
133 255
133 268
133 287
133 305
133 312
133 314
134 136
134 145
134 167
134 171
134 181
134 194
134 198
134 204
134 205
134 206
134 211
134 215
134 216
134 220
134 243
134 245
134 266
134 267
134 275
134 277
134 286
134 287
134 295
134 304
134 309
135 136
135 140
135 142
135 152
135 157
135 173
135 180
135 198
135 206
135 209
135 215
135 231
135 232
135 237
135 244
135 248
135 252
135 259
135 265
135 287
136 160
136 200
136 214
136 255
136 288
137 148
137 252
138 151
138 181
138 215
139 154
139 211
139 306
140 184
140 213
141 178
141 279
142 152
142 163
142 178
142 210
142 214
142 234
145 200
145 249
145 298
146 224
147 249
147 264
148 163
148 167
148 220
149 200
149 283
149 286
151 305
152 156
152 220
152 285
153 285
154 275
155 159
155 269
156 167
156 168
156 170
156 179
156 186
156 190
156 208
156 243
156 254
157 210
157 238
157 268
158 211
159 200
159 236
160 185
160 201
160 214
160 232
160 252
160 260
160 295
161 305
162 216
162 240
162 276
162 305
164 182
164 185
164 209
165 181
165 269
165 315
166 167
167 208
167 211
167 272
168 214
168 249
168 285
171 175
173 224
173 243
173 258
174 177
176 275
178 232
178 303
179 204
179 206
180 187
180 197
180 217
180 219
180 220
180 239
180 248
180 283
181 212
181 242
182 204
182 272
184 206
188 237
188 244
188 274
188 285
188 305
190 217
193 200
193 210
193 215
193 267
194 240
194 259
196 255
196 303
198 261
200 211
200 219
200 242
200 252
200 272
200 276
200 279
202 247
204 279
204 287
205 212
205 220
206 215
206 247
206 276
206 287
206 304
209 292
210 250
210 295
210 315
213 239
214 252
214 268
215 226
215 228
215 232
215 237
215 246
215 262
215 264
215 286
215 303
215 304
216 306
217 305
218 286
220 287
221 225
222 232
223 308
224 273
224 279
224 283
224 286
224 293
227 231
229 303
230 288
232 307
233 239
233 271
233 286
233 295
233 299
233 311
234 239
234 264
235 302
238 252
239 241
239 269
239 286
239 306
240 252
240 289
241 247
244 249
245 285
246 266
246 276
247 280
247 291
249 269
249 287
255 296
256 275
260 307
266 286
266 290
266 296
269 287
270 302
274 296
275 311
276 277
276 287
278 288
280 293
284 298
285 302
285 313
287 295
288 299
288 305
293 298
298 309
