0 5
0 84
0 102
0 130
0 152
0 162
0 179
1 18
1 31
1 49
1 136
1 157
1 167
1 266
1 292
2 7
2 32
2 44
2 67
2 84
2 89
2 101
2 103
2 109
2 140
2 142
2 156
2 160
2 182
2 188
2 192
2 197
2 242
2 266
2 303
2 306
3 287
4 20
4 27
4 33
4 103
4 132
4 146
4 154
4 166
4 261
5 7
5 12
5 23
5 92
5 118
5 134
5 138
5 230
5 242
5 288
6 135
6 268
6 285
7 41
7 91
7 104
7 121
7 129
7 130
7 131
7 145
7 167
7 218
7 226
7 264
8 13
8 54
8 101
8 115
8 121
8 132
8 134
8 136
8 142
8 154
8 174
8 175
8 199
8 220
8 269
8 287
9 98
9 124
9 172
9 187
9 234
9 242
10 103
10 162
10 192
10 196
11 46
11 130
11 141
11 156
11 232
11 233
12 74
12 103
12 105
12 121
12 180
12 276
12 281
13 33
13 49
13 127
13 130
13 168
13 223
13 265
13 302
14 20
14 33
14 69
14 74
14 131
14 134
14 136
14 138
14 158
14 162
14 249
15 25
15 47
15 70
15 94
15 186
15 197
15 200
15 205
15 223
16 42
16 55
16 92
16 106
16 110
16 130
16 160
16 167
16 195
16 200
16 202
16 210
16 243
16 289
16 296
17 56
17 69
17 158
17 166
17 247
17 261
17 291
17 293
18 28
18 31
18 129
18 220
18 233
18 256
19 139
19 242
20 95
20 115
20 117
20 134
20 182
20 268
21 33
21 40
21 64
21 165
21 205
21 250
22 216
22 239
22 275
22 296
23 77
23 104
23 135
23 264
24 45
24 104
24 118
24 131
24 211
24 212
24 240
24 252
25 28
25 67
25 78
25 123
25 131
25 133
25 196
25 226
25 260
25 267
26 83
26 283
26 295
27 31
27 32
27 282
28 74
28 98
28 102
28 124
28 133
28 140
28 229
28 291
29 68
29 106
29 134
29 137
29 154
29 191
29 210
29 242
29 257
29 286
30 31
30 98
30 162
30 183
30 283
31 45
31 89
31 102
31 114
31 124
31 136
31 160
31 161
31 179
31 212
31 218
31 249
31 285
31 293
32 86
32 107
32 135
32 159
32 160
32 205
32 276
33 39
33 41
33 47
33 114
33 129
33 135
33 145
33 252
33 287
34 83
34 114
34 128
34 160
34 172
34 174
34 187
34 193
34 204
34 212
35 80
35 118
35 130
35 167
36 96
36 156
36 173
36 179
36 220
36 241
36 287
37 129
37 133
37 137
37 275
38 124
38 131
38 155
38 157
38 163
38 296
39 102
39 242
39 274
39 282
39 286
40 43
40 46
40 47
40 78
40 193
40 233
40 238
40 269
40 279
40 301
41 97
41 110
41 133
41 135
41 162
41 180
41 193
42 72
42 88
42 224
43 65
43 85
43 110
43 254
43 303
44 59
44 73
44 190
45 47
45 61
45 85
45 158
45 159
45 164
45 174
45 181
45 194
45 201
45 211
45 257
45 258
45 304
45 310
46 88
46 91
46 131
46 168
46 193
46 204
46 264
46 283
47 50
47 59
47 85
47 129
47 131
47 153
47 197
47 298
47 303
48 74
48 126
48 136
48 138
48 147
48 204
48 224
48 242
49 75
49 98
49 159
49 167
49 215
50 80
50 109
50 115
50 118
50 131
50 133
50 134
50 135
50 192
50 252
51 120
51 134
51 166
51 189
51 235
51 258
51 266
51 290
51 298
51 314
52 107
52 109
52 133
52 180
52 259
54 55
54 126
54 131
54 249
54 290
55 83
55 103
55 157
56 99
56 124
56 174
56 225
56 285
56 287
56 301
57 86
57 222
57 273
57 281
58 68
58 110
58 154
58 301
59 64
59 94
59 103
59 105
59 129
59 147
59 219
59 265
59 270
60 87
60 107
60 118
60 122
60 134
60 278
61 69
61 122
61 206
61 272
62 96
62 131
62 205
62 261
63 87
63 165
64 65
64 87
64 100
64 129
64 193
64 202
64 219
65 133
65 305
66 81
66 104
66 134
67 71
67 72
67 97
67 102
67 106
67 125
67 131
67 140
67 160
67 164
67 180
67 211
67 220
67 244
67 257
67 292
68 118
68 124
68 131
68 143
68 188
69 117
69 150
69 162
69 174
69 188
69 190
70 110
70 143
70 145
70 271
71 78
71 103
71 136
71 173
72 101
72 135
72 148
72 156
72 182
72 191
72 193
72 231
72 288
73 103
73 106
73 113
74 131
74 156
74 160
74 193
74 197
74 210
74 231
74 257
74 288
75 107
75 205
75 221
75 268
75 288
76 96
76 102
76 129
76 270
76 278
77 251
77 309
78 157
78 229
79 116
79 177
79 204
79 280
79 285
80 109
80 135
80 136
80 140
80 154
80 167
80 219
80 242
80 245
80 264
80 311
81 182
81 224
81 287
81 289
82 126
82 218
83 91
83 128
83 185
83 238
84 157
85 101
85 133
85 287
85 298
86 131
86 233
87 102
87 104
87 117
87 126
87 196
87 259
87 288
88 129
88 142
89 91
89 122
89 127
89 129
89 131
89 149
90 135
90 188
91 103
91 190
91 258
91 288
92 102
92 133
92 134
92 152
92 158
92 191
92 281
93 184
94 229
94 243
94 267
95 135
95 177
95 200
95 206
95 247
95 308
96 121
96 130
96 239
96 286
97 103
97 129
97 159
97 204
97 206
97 224
98 102
98 122
98 149
98 187
99 117
99 171
99 287
100 117
100 167
100 220
101 127
101 133
101 135
101 148
101 180
101 220
101 287
101 307
102 106
102 113
102 124
102 129
102 131
102 134
102 135
102 174
102 188
102 205
102 210
102 232
102 244
102 263
102 276
103 117
103 118
103 131
103 139
103 191
103 212
103 223
103 266
103 304
103 315
104 122
104 131
104 135
104 137
104 177
104 181
104 221
104 293
105 129
105 138
105 156
105 160
105 174
105 185
105 215
106 130
106 140
106 179
106 276
106 295
106 303
107 135
107 160
107 167
107 172
107 177
107 219
107 287
108 195
109 117
109 135
109 156
109 195
110 119
110 230
111 204
111 239
111 298
112 158
113 132
113 200
113 231
113 290
114 120
114 130
114 133
114 160
114 204
115 135
115 215
115 258
115 291
115 310
116 129
116 239
116 240
117 140
117 151
117 200
117 215
117 255
118 135
118 204
118 210
118 217
118 219
118 239
118 301
120 185
120 252
120 305
121 133
121 208
121 306
122 135
122 215
122 269
122 292
123 135
123 154
123 179
123 220
123 302
124 151
124 167
124 213
124 215
124 220
124 283
124 308
126 214
126 246
126 304
128 131
128 154
128 191
128 221
128 240
128 287
128 301
129 135
129 136
129 149
129 151
129 175
129 179
129 183
129 193
129 198
129 201
129 215
129 227
129 276
129 304
129 305
130 131
130 136
130 152
130 164
130 167
130 173
130 175
130 188
130 189
130 194
130 196
130 200
130 201
130 206
130 218
130 225
130 236
130 252
130 269
130 272
130 293
130 295
130 315
131 136
131 137
131 145
131 154
131 156
131 157
131 162
131 210
131 218
131 220
131 232
131 239
131 264
131 266
131 268
131 277
131 286
132 206
132 209
132 241
133 135
133 136
133 145
133 152
133 159
133 178
133 181
133 184
133 185
133 189
133 200
133 217
133 220
133 229
133 232
133 233
133 235
133 252
133 286
133 308
134 136
134 180
134 188
134 200
134 215
134 231
134 232
134 241
134 243
134 249
134 250
134 280
134 314
135 142
135 148
135 156
135 178
135 179
135 187
135 193
135 198
135 211
135 213
135 230
135 232
135 249
136 162
136 167
136 200
136 242
136 270
136 271
136 280
136 287
136 295
136 305
136 314
137 157
137 171
137 216
137 292
138 195
138 200
138 218
138 249
138 289
139 201
139 226
140 160
140 196
140 312
141 204
142 161
142 187
142 208
142 289
142 315
143 179
144 200
144 205
144 224
145 150
145 152
145 161
145 195
145 265
147 200
147 239
147 254
148 164
148 167
148 205
148 224
148 225
148 232
148 245
148 249
148 251
148 258
148 286
149 156
149 186
149 247
149 288
149 292
150 191
150 211
152 156
152 181
152 234
152 249
152 262
152 273
152 295
152 303
153 251
153 279
154 165
154 193
155 185
156 162
156 166
156 181
156 224
156 238
156 259
156 281
156 298
156 303
157 208
157 216
157 231
157 259
157 267
157 269
157 285
158 192
158 233
158 241
159 216
159 229
160 173
160 189
160 204
160 212
160 221
160 247
160 248
160 271
160 287
161 167
161 173
161 200
161 222
161 245
162 234
162 272
163 172
164 236
164 252
165 181
165 188
166 185
167 192
167 228
167 253
167 281
167 298
168 236
171 250
172 206
174 206
174 219
174 220
174 287
175 215
177 224
177 295
178 188
179 220
179 251
179 252
179 258
179 261
179 298
179 304
179 312
180 182
180 200
180 288
180 308
181 255
182 240
182 241
184 215
184 284
185 208
185 239
185 286
185 288
188 193
188 201
188 213
188 223
188 239
188 248
188 287
188 288
188 297
189 309
191 214
191 249
191 255
191 287
191 313
192 230
193 206
193 217
193 234
193 258
193 280
193 288
193 296
193 315
195 211
195 249
195 274
195 305
196 245
197 243
197 286
197 292
199 200
200 203
200 220
200 239
200 242
200 247
200 269
200 286
200 287
200 296
201 219
201 288
205 267
205 304
206 272
208 233
209 259
209 273
210 233
210 245
210 278
210 288
210 301
210 315
211 251
211 257
211 269
211 279
211 305
212 287
212 293
212 298
213 224
214 215
214 268
215 261
215 292
216 224
217 230
218 291
219 265
219 286
220 239
220 252
220 258
220 308
223 225
223 275
224 241
224 279
224 304
227 273
229 244
229 249
229 283
231 271
232 238
232 307
235 246
235 286
235 288
238 292
238 304
239 299
240 241
240 258
241 249
241 271
242 249
242 267
242 314
243 273
244 286
244 288
245 305
247 275
247 313
248 267
249 308
250 286
252 275
258 269
261 283
261 299
263 295
266 286
266 292
267 313
268 269
270 284
270 287
273 284
274 283
275 288
275 309
276 277
277 310
278 287
280 311
286 301
286 305
286 309
288 301
288 303
