0 1
0 40
0 118
0 130
0 175
0 217
0 264
0 283
1 130
1 131
1 133
1 202
1 252
1 287
2 11
2 25
2 30
2 31
2 58
2 60
2 177
2 182
2 194
2 238
2 239
2 251
2 275
2 283
2 285
2 288
3 18
3 139
3 193
3 214
3 257
3 287
3 298
4 45
4 86
4 130
4 135
4 222
4 301
5 15
5 32
5 86
5 177
5 238
5 268
6 31
6 42
6 52
6 68
6 106
6 108
6 133
6 145
6 231
7 47
7 50
7 56
7 57
7 67
7 131
7 135
7 149
7 150
7 161
7 180
7 200
7 216
7 223
7 230
7 288
7 291
8 30
8 58
8 102
8 118
8 128
8 130
8 218
8 221
8 241
8 242
8 245
8 264
9 14
9 65
9 129
9 182
9 201
9 220
9 232
9 243
10 16
10 100
10 129
10 224
11 49
11 78
11 204
11 247
12 41
12 42
12 108
12 124
12 134
12 135
12 157
12 167
12 179
12 192
12 194
12 219
12 249
12 252
12 263
12 268
12 270
12 309
13 98
13 143
13 191
13 219
13 249
13 276
14 70
14 87
14 112
14 129
14 133
14 163
14 173
14 180
14 205
14 215
14 242
15 56
15 68
15 95
15 148
15 183
16 41
16 49
16 50
16 67
16 76
16 97
16 105
16 123
16 131
16 149
16 157
16 167
16 176
16 178
16 193
16 207
16 233
16 236
16 243
16 271
16 311
17 149
17 205
17 233
18 33
18 36
18 41
18 172
18 183
18 197
18 220
18 232
18 275
18 286
19 24
19 31
19 63
19 133
19 230
19 239
20 31
20 35
20 81
20 130
20 133
20 135
20 142
20 198
20 220
21 89
21 110
21 242
21 287
21 315
22 55
22 206
23 31
24 32
24 102
25 32
25 118
25 129
25 292
25 298
26 105
26 129
26 164
26 287
26 298
27 78
27 121
27 140
27 287
27 307
28 35
28 74
28 89
28 179
28 198
28 200
28 286
28 288
29 31
29 39
29 70
29 273
29 291
30 288
31 45
31 103
31 107
31 116
31 152
31 168
31 199
31 205
31 210
31 252
32 34
32 72
32 73
32 88
32 118
32 129
32 130
32 134
32 152
32 239
32 243
32 286
33 59
33 130
33 133
33 136
33 149
33 188
33 208
33 230
33 233
33 276
33 305
33 314
34 93
34 134
34 162
34 205
34 219
34 272
35 84
35 92
35 114
35 181
35 258
36 38
36 91
36 104
36 138
36 153
36 155
36 287
37 55
37 157
37 160
37 313
38 87
38 101
38 106
38 109
38 122
38 130
38 187
38 188
39 73
39 148
39 200
40 101
40 130
40 134
40 135
40 150
40 208
40 228
40 257
40 313
41 77
41 135
41 200
41 211
41 214
41 249
42 134
42 137
42 160
42 176
42 229
42 286
43 83
43 88
43 98
43 124
43 179
43 212
43 265
44 133
44 156
44 167
44 286
44 290
45 47
45 129
45 135
45 180
45 206
45 252
45 266
45 286
46 97
46 104
46 135
46 140
46 142
46 160
46 252
47 51
47 85
47 88
47 103
47 118
47 129
47 134
47 135
47 140
47 186
47 206
47 219
47 220
47 253
47 258
47 290
47 297
48 122
48 131
48 151
48 152
48 232
48 287
48 299
49 77
49 99
49 168
49 191
49 224
49 232
50 60
50 91
50 97
50 124
50 130
50 133
50 135
50 161
50 207
50 287
51 106
51 249
51 301
51 309
52 156
52 304
53 160
53 188
53 195
53 215
53 279
54 66
54 76
54 127
54 129
54 200
54 210
54 224
54 262
55 173
55 275
56 130
56 136
56 144
56 227
56 249
56 269
57 136
57 152
57 156
57 161
59 67
59 68
59 78
59 83
59 130
59 136
59 171
59 278
59 315
60 108
60 122
60 152
60 164
60 200
60 220
60 236
60 277
60 307
61 205
61 238
61 240
62 67
62 68
62 108
62 136
62 251
62 258
63 100
63 130
64 68
64 195
64 284
64 293
64 307
64 309
65 235
65 241
65 298
66 122
66 128
66 290
67 79
67 118
67 156
67 229
67 266
67 271
67 314
68 81
68 115
68 124
68 153
68 164
68 239
68 242
68 275
69 80
69 94
69 131
69 239
70 109
70 120
70 277
70 287
71 303
72 79
72 135
72 152
73 83
73 85
73 138
73 205
74 77
74 98
74 101
74 110
74 112
74 129
74 131
74 134
74 140
74 155
74 245
75 130
75 131
75 157
75 180
75 206
75 213
75 245
75 303
76 77
76 102
76 114
76 130
76 284
76 296
77 85
77 136
77 157
77 180
77 288
78 98
78 129
78 130
78 133
78 281
79 142
79 232
79 239
80 159
80 166
80 167
80 249
80 262
80 266
80 289
81 108
81 133
81 147
81 167
81 185
81 257
81 260
81 286
81 292
82 156
82 217
83 301
84 89
84 153
84 278
84 307
85 89
85 136
85 164
85 169
85 172
85 173
86 117
86 189
86 246
87 134
87 288
87 305
88 118
88 134
88 135
88 238
88 247
88 273
88 287
89 114
89 134
89 143
89 258
90 201
90 242
91 132
91 134
91 156
91 158
91 182
91 287
92 103
92 131
92 136
92 204
92 205
92 219
92 272
92 307
93 150
94 176
94 180
94 264
95 134
95 217
95 274
95 285
96 120
96 144
96 180
96 206
96 292
97 124
97 233
98 130
98 131
98 133
98 154
98 204
98 215
98 285
98 293
99 120
99 136
99 252
99 276
99 287
100 179
100 198
101 103
101 124
101 130
101 135
101 156
101 164
101 173
101 180
101 239
101 301
102 130
102 149
102 183
102 193
102 194
102 233
102 249
102 305
103 115
103 134
103 135
103 140
103 149
103 158
103 164
103 167
103 215
103 217
104 130
104 131
104 164
104 181
104 197
104 212
104 216
104 218
104 309
105 131
105 173
105 211
105 273
105 277
105 281
105 288
105 301
105 309
106 130
106 131
106 134
106 167
106 193
106 215
106 249
106 251
106 284
106 305
107 156
107 205
107 255
107 258
107 301
108 124
108 129
108 130
108 131
108 133
108 200
108 201
108 305
109 182
109 244
109 265
110 203
110 295
110 296
111 269
111 298
112 115
112 140
112 220
113 140
113 197
113 240
114 193
114 240
115 133
116 137
116 216
116 241
117 121
117 294
117 298
118 120
118 135
118 161
118 216
118 277
119 218
119 287
120 172
121 124
121 135
121 145
121 188
121 286
122 157
122 191
122 238
122 242
122 294
122 314
123 156
123 248
124 148
124 154
124 157
124 177
124 188
124 191
124 200
124 217
124 228
124 305
126 134
126 142
126 252
127 215
127 232
128 210
128 211
128 285
129 135
129 136
129 143
129 144
129 146
129 148
129 188
129 200
129 204
129 209
129 211
129 218
129 219
129 220
129 224
129 231
129 242
129 248
129 283
129 310
130 131
130 134
130 136
130 151
130 160
130 161
130 172
130 180
130 196
130 198
130 205
130 231
130 265
130 271
130 273
130 276
130 279
130 285
130 300
131 134
131 149
131 151
131 154
131 158
131 174
131 214
131 242
131 281
131 284
131 309
131 311
132 173
133 134
133 140
133 149
133 159
133 161
133 188
133 195
133 198
133 210
133 221
133 246
133 252
133 258
133 275
133 281
133 288
133 291
133 296
134 135
134 138
134 157
134 164
134 179
134 242
134 265
134 269
134 276
134 284
134 285
134 293
134 297
134 311
134 314
135 156
135 171
135 201
135 217
135 224
135 263
135 266
135 268
135 288
136 197
136 223
136 224
136 308
137 152
137 167
137 242
137 298
138 252
138 263
138 266
138 315
139 258
140 188
140 193
140 196
140 200
140 210
140 262
141 177
142 252
142 287
144 206
144 286
145 241
145 245
146 286
147 243
147 269
147 285
147 287
148 149
148 171
148 200
148 217
148 255
148 273
148 296
148 303
149 215
149 313
150 159
150 160
150 172
150 180
150 188
150 250
150 290
150 304
151 168
151 184
151 197
152 154
152 286
152 287
152 288
153 159
153 305
154 185
154 288
156 181
156 186
156 188
156 229
156 238
156 257
156 261
156 270
156 276
156 286
156 287
157 210
157 241
157 266
157 268
157 269
157 287
157 299
158 250
159 204
159 216
159 234
159 244
159 283
159 288
160 167
160 200
160 201
160 207
160 212
160 242
160 285
160 287
161 242
161 283
161 315
162 204
162 235
162 287
165 167
167 212
167 220
167 238
167 288
168 210
172 232
172 288
173 239
174 238
174 242
174 285
175 231
175 287
178 182
179 261
179 284
179 288
179 304
180 195
180 212
180 213
180 222
180 250
180 295
181 192
181 241
181 254
181 302
182 307
184 188
187 209
187 254
188 194
188 200
188 276
188 296
191 224
191 285
192 229
192 276
193 208
193 242
193 262
193 266
193 287
194 249
194 259
194 309
195 206
196 245
196 294
197 285
200 252
200 298
201 295
201 315
202 209
202 211
202 315
204 273
204 283
204 288
205 231
205 241
205 309
205 314
206 207
206 220
206 236
206 239
206 247
207 288
208 231
209 288
210 221
210 288
210 293
210 301
211 218
213 246
214 263
215 277
215 315
216 240
217 284
218 255
218 287
218 292
219 295
220 258
220 279
220 299
222 224
223 278
223 292
224 226
224 258
225 271
229 231
229 235
231 232
231 239
231 250
231 286
234 241
235 242
235 257
236 271
236 302
238 275
238 284
239 275
239 296
239 305
241 242
241 258
241 274
242 259
243 286
243 291
243 307
244 252
244 269
248 249
248 266
249 302
252 304
258 264
258 273
259 281
259 285
260 285
260 307
264 309
265 272
265 301
266 279
267 285
269 287
270 298
273 275
276 292
279 285
284 297
285 303
286 287
286 293
298 301
