0 96
0 102
0 134
0 149
0 273
1 24
1 80
1 97
1 134
1 206
1 279
1 287
2 36
2 47
2 60
2 62
2 64
2 75
2 122
2 131
2 134
2 149
2 154
2 157
2 162
2 233
2 272
2 287
2 288
3 33
3 129
3 238
3 258
4 133
4 136
4 152
4 156
4 215
4 297
4 314
5 136
5 190
5 193
5 204
5 207
5 210
6 84
6 118
6 134
6 140
6 156
6 163
6 167
6 200
6 210
6 303
6 311
7 13
7 23
7 121
7 134
7 167
7 185
7 201
7 210
7 243
7 275
8 25
8 26
8 30
8 41
8 45
8 54
8 80
8 94
8 110
8 172
8 188
8 190
8 219
8 235
8 242
8 263
8 286
8 305
9 14
9 59
9 92
10 42
10 86
10 131
10 238
11 32
11 43
11 66
11 122
11 130
11 135
11 148
11 156
12 47
12 64
12 118
12 124
12 133
12 148
12 223
13 75
13 133
13 241
13 281
14 46
14 121
14 172
14 192
15 57
15 63
15 102
15 108
15 117
15 158
15 219
15 310
16 17
16 22
16 28
16 32
16 39
16 40
16 67
16 68
16 74
16 104
16 112
16 117
16 149
16 155
16 181
16 241
16 299
17 41
17 53
17 255
17 260
17 298
18 20
18 32
18 46
18 49
18 55
18 92
18 130
18 188
18 206
18 218
18 268
18 277
18 286
19 67
19 75
19 136
19 152
19 246
20 67
20 181
20 227
20 292
20 293
20 298
20 301
21 152
21 167
21 191
21 218
21 223
21 230
21 293
23 181
23 233
23 287
24 42
24 89
24 95
24 103
24 129
24 162
24 220
25 28
25 37
25 66
25 129
25 209
25 212
25 224
25 252
25 298
26 303
27 83
27 110
27 131
27 180
27 287
28 133
28 135
28 192
28 285
29 50
29 89
29 192
29 238
29 283
30 46
30 117
30 118
30 185
30 216
30 287
31 32
31 65
31 85
31 129
31 154
31 157
31 167
31 200
31 232
31 241
31 256
31 258
31 267
31 270
32 36
32 42
32 50
32 51
32 53
32 83
32 104
32 109
32 130
32 131
32 139
32 145
32 147
32 203
32 240
32 245
32 258
32 262
32 283
32 295
33 106
33 129
33 134
33 164
33 210
33 215
33 219
33 298
34 44
34 48
34 88
34 98
34 134
34 148
34 173
34 184
35 59
35 78
35 91
35 180
35 234
35 274
36 133
36 167
36 193
37 186
37 220
38 68
38 97
38 140
38 193
39 208
40 54
40 89
40 92
40 134
40 172
40 191
40 245
40 298
40 305
41 122
42 130
42 188
42 207
42 212
42 281
42 288
43 101
43 105
43 106
43 140
43 154
43 159
43 218
43 286
44 103
44 118
44 167
44 210
44 268
44 278
44 287
45 85
45 104
45 123
45 133
45 134
45 142
45 169
45 205
45 220
45 222
45 251
45 268
45 272
45 278
45 287
46 48
46 56
46 60
46 74
46 129
46 135
46 149
46 209
46 241
46 310
47 64
47 69
47 96
47 99
47 124
47 130
47 131
47 133
47 162
47 218
47 238
47 288
48 137
48 206
48 306
49 57
49 87
49 130
49 193
49 259
50 95
50 131
50 143
50 212
50 220
50 238
50 246
50 298
51 108
51 130
51 131
51 176
51 220
54 58
54 97
54 149
54 210
54 231
54 242
55 80
55 129
55 131
55 156
55 241
56 80
56 125
56 128
56 133
56 134
56 136
56 308
58 77
58 127
58 168
59 61
59 67
59 68
59 100
59 135
59 159
59 165
59 177
59 200
59 210
59 273
59 276
60 76
60 103
60 273
61 74
61 90
61 117
61 119
61 145
61 217
62 127
62 131
62 150
62 159
62 162
62 179
63 152
63 157
64 85
64 90
64 130
64 135
64 136
64 157
64 167
64 193
64 249
64 278
64 284
65 81
65 101
65 102
65 117
65 235
65 293
66 81
66 104
66 110
66 124
66 135
66 173
66 217
66 266
66 288
67 85
67 129
67 138
67 166
67 193
67 277
68 69
68 91
68 134
68 137
68 189
68 215
68 290
68 315
69 129
69 133
69 175
69 276
70 292
71 75
71 142
71 264
72 75
72 148
72 245
73 91
73 137
73 223
73 249
74 103
74 107
74 117
74 130
74 133
74 134
74 156
74 157
74 200
74 288
75 77
75 90
75 165
75 179
75 224
75 275
75 287
75 311
76 131
76 156
76 173
76 179
76 200
76 204
76 249
77 90
77 103
77 129
77 172
77 219
77 225
77 295
78 131
78 135
78 155
78 157
78 183
78 274
79 117
79 143
79 149
79 157
79 173
79 278
79 297
80 85
80 154
80 159
80 238
81 129
81 136
81 156
81 246
82 246
83 160
83 234
83 305
85 92
85 129
85 279
86 104
86 138
87 154
87 169
87 177
87 236
87 251
87 280
87 281
88 130
88 154
88 163
88 200
88 220
88 267
89 130
89 136
89 210
89 308
89 314
90 309
91 146
91 182
92 152
92 157
92 217
92 224
92 232
93 247
94 113
94 118
94 124
94 137
95 167
95 241
95 271
96 117
97 134
97 167
97 262
98 201
98 223
98 244
98 250
99 105
99 133
100 230
101 108
101 131
101 141
101 167
101 172
101 209
101 310
102 120
102 129
102 172
102 182
102 205
102 259
102 280
103 140
103 157
103 191
103 205
103 211
103 224
103 269
104 128
104 131
104 134
104 135
104 156
104 160
104 180
104 200
104 219
104 264
105 208
105 215
105 239
105 275
105 287
105 303
105 315
106 134
106 281
106 293
106 314
107 185
107 272
108 122
108 167
108 194
108 268
108 278
108 298
109 119
109 163
109 184
110 131
110 132
110 178
110 304
112 130
112 173
112 230
113 211
113 242
114 128
114 133
114 135
114 214
114 243
114 255
115 147
115 179
115 249
116 122
117 131
117 135
117 138
117 152
117 156
117 179
117 180
117 220
117 223
117 249
118 239
119 282
120 192
120 239
120 266
121 142
121 156
121 158
121 185
121 279
122 124
122 131
122 135
122 144
122 172
122 206
122 240
122 276
123 224
123 267
123 279
124 134
124 148
124 157
124 200
124 234
124 264
124 298
125 135
125 267
126 140
126 156
126 167
127 287
127 293
128 162
128 182
128 225
128 272
129 132
129 133
129 134
129 150
129 158
129 167
129 185
129 188
129 204
129 216
129 218
129 255
129 258
129 260
129 264
129 285
129 295
129 312
129 313
130 133
130 136
130 150
130 153
130 156
130 162
130 177
130 187
130 197
130 206
130 208
130 210
130 217
130 220
130 222
130 223
130 236
130 240
130 242
130 252
130 255
130 261
130 266
130 297
130 305
131 149
131 154
131 156
131 171
131 173
131 199
131 209
131 211
131 257
131 304
131 315
132 181
132 240
133 134
133 136
133 137
133 139
133 151
133 156
133 157
133 164
133 172
133 174
133 177
133 180
133 193
133 196
133 200
133 201
133 210
133 222
133 284
133 286
133 288
133 304
134 140
134 203
134 213
134 224
134 231
134 238
134 239
134 244
134 252
134 271
134 284
134 292
134 304
134 312
135 145
135 148
135 149
135 154
135 156
135 169
135 183
135 197
135 210
135 219
135 256
135 298
135 302
136 162
136 180
136 225
136 266
136 272
136 288
136 290
136 303
137 249
137 298
138 149
138 206
139 144
140 148
140 184
140 195
140 281
142 242
142 287
142 313
143 286
145 267
145 275
145 280
145 287
145 299
145 303
146 156
146 197
147 191
148 157
148 181
148 182
148 184
148 220
148 237
148 239
148 267
149 157
149 194
149 311
150 152
150 191
150 288
151 263
152 267
153 224
153 304
154 159
154 206
154 288
155 162
155 271
155 296
156 158
156 159
156 187
156 197
156 202
156 205
156 215
156 288
157 229
157 248
157 286
157 288
157 289
157 301
158 224
158 299
159 162
159 199
160 185
160 260
160 262
160 278
161 169
161 240
162 197
162 200
162 230
162 252
162 277
162 287
164 231
164 303
165 244
165 267
165 272
166 180
166 278
166 283
166 287
167 184
167 239
167 262
167 267
167 275
167 285
168 231
169 207
169 243
169 261
172 306
173 184
174 217
174 224
174 249
174 289
175 275
177 275
177 293
178 205
179 193
179 279
180 210
180 228
180 257
180 264
180 288
181 210
181 240
181 288
181 309
182 240
184 185
186 232
187 286
188 209
188 256
188 278
188 288
188 301
188 307
191 293
192 244
192 304
193 197
193 208
193 233
193 268
193 269
195 287
197 224
199 298
200 213
200 241
200 242
200 264
200 271
200 279
200 288
200 296
200 301
201 233
201 243
201 290
204 241
204 269
205 244
205 249
205 292
206 239
207 224
210 232
210 249
210 282
210 285
210 298
210 309
211 220
211 255
211 295
212 239
212 250
212 301
213 243
213 296
214 215
214 285
215 249
216 247
217 239
217 288
218 303
219 224
220 275
220 306
222 288
224 252
224 255
224 267
224 302
225 283
228 264
229 247
231 283
232 305
233 283
234 239
234 258
234 260
234 287
234 295
235 315
237 284
238 263
238 301
239 288
239 290
239 296
241 249
245 255
247 269
247 272
248 287
249 276
249 284
249 287
249 298
249 299
250 255
250 303
251 286
252 293
258 287
259 294
262 267
265 291
267 284
267 296
269 313
271 282
272 273
272 296
276 281
276 287
277 315
280 295
281 308
284 292
285 294
285 304
286 295
286 312
287 310
293 304
293 309
305 314
