0 106
0 242
1 25
1 101
1 103
1 110
1 136
1 160
1 184
1 208
1 286
1 292
2 7
2 17
2 33
2 40
2 41
2 47
2 67
2 81
2 92
2 109
2 122
2 131
2 134
2 160
2 219
2 227
2 241
2 303
2 305
2 309
3 102
3 156
3 173
3 182
3 200
3 211
4 89
4 191
4 199
5 16
5 88
5 98
5 133
5 137
5 160
6 118
6 216
6 286
6 303
7 49
7 51
7 69
7 118
7 129
7 136
7 137
7 156
7 180
7 265
7 286
7 291
8 41
8 56
8 77
8 92
8 103
8 104
8 117
8 118
8 130
8 143
8 156
8 184
8 188
8 206
8 209
8 222
8 241
8 247
8 271
8 300
9 103
9 117
9 126
9 239
9 276
10 98
10 108
10 119
10 159
10 205
11 31
11 47
11 129
11 157
11 288
12 27
12 56
12 71
12 92
12 104
12 136
12 197
12 249
12 279
12 282
13 56
13 67
13 96
13 129
13 250
13 272
13 286
14 50
14 63
14 98
14 124
14 134
14 180
14 199
14 242
14 248
14 255
14 260
15 24
15 80
15 134
15 152
15 157
15 244
16 32
16 39
16 64
16 78
16 84
16 106
16 124
16 127
16 130
16 131
16 134
16 144
16 157
16 179
16 202
16 217
16 237
16 239
16 240
16 245
16 260
16 266
16 287
16 309
17 40
17 135
17 305
18 49
18 80
18 167
18 193
18 206
18 208
18 231
18 233
18 310
19 44
19 90
19 135
19 166
19 180
19 218
20 70
20 107
20 217
20 269
20 276
20 303
21 31
21 202
21 210
21 211
21 303
22 150
22 288
23 34
23 143
23 169
24 80
24 148
24 220
24 239
25 43
25 129
25 148
25 154
25 166
25 169
25 220
25 278
26 135
27 192
27 286
27 299
28 78
28 89
28 99
28 124
29 30
29 133
29 155
29 197
29 249
29 259
29 285
29 287
30 61
30 81
30 108
30 287
30 298
30 299
30 311
31 36
31 47
31 72
31 110
31 122
31 124
31 142
31 174
31 231
31 238
31 301
32 102
32 129
32 130
32 134
32 152
32 156
32 191
32 206
32 232
32 234
32 238
32 281
32 294
32 295
33 49
33 77
33 96
33 101
33 106
33 137
33 161
33 171
33 200
33 216
33 219
33 273
33 276
33 296
33 309
34 98
34 118
34 215
34 297
34 304
35 45
35 92
35 100
35 117
35 120
35 162
35 273
36 45
36 123
36 136
36 242
36 287
37 80
37 239
38 48
38 118
38 145
38 149
38 156
38 203
38 227
38 284
39 68
39 118
39 124
39 174
39 188
39 249
39 260
40 64
40 97
40 101
40 133
40 143
40 171
40 252
40 288
41 156
41 189
41 241
41 245
41 285
41 295
42 70
42 129
42 175
42 246
43 70
43 77
43 88
43 134
43 160
43 219
44 75
44 213
44 265
45 51
45 86
45 110
45 123
45 131
45 157
45 169
45 185
45 191
45 204
45 216
45 233
45 272
45 273
46 57
46 63
46 87
46 104
46 109
46 117
46 131
46 134
46 150
46 255
46 256
46 268
47 108
47 124
47 127
47 133
47 185
47 276
48 79
48 84
48 223
48 241
48 249
48 279
49 55
49 75
49 88
49 133
49 135
49 153
49 275
49 277
50 60
50 130
50 133
50 134
50 184
50 258
51 106
51 121
51 152
51 179
51 200
51 218
51 220
52 121
52 152
52 155
52 178
52 228
53 201
54 59
54 117
54 131
55 66
55 95
55 275
56 92
56 117
56 124
56 130
56 156
56 179
56 249
56 287
56 303
58 114
58 124
58 148
59 67
59 124
59 129
59 210
59 214
59 215
59 229
59 232
59 235
59 264
59 271
59 288
59 303
59 314
60 72
60 200
60 227
60 241
60 263
60 290
61 85
61 219
61 224
62 83
62 101
62 128
62 130
62 175
62 288
63 100
63 287
64 129
64 160
64 193
64 269
64 288
64 301
65 67
65 266
66 74
66 124
66 130
66 141
67 94
67 111
67 114
67 129
67 131
67 134
67 149
67 178
67 193
67 200
67 246
67 275
68 76
68 85
68 115
68 134
68 148
68 157
68 208
68 220
68 286
68 288
68 310
69 110
69 136
69 156
70 131
70 247
71 152
72 73
72 247
72 285
73 99
73 131
73 200
73 268
73 283
74 76
74 155
74 156
74 157
74 162
74 172
74 276
75 156
75 200
75 219
75 239
75 283
75 287
76 88
76 89
76 276
76 304
76 306
77 113
77 243
78 135
78 161
78 166
79 130
79 134
79 166
79 287
80 149
80 156
80 157
80 159
80 183
80 204
80 246
80 276
80 314
81 112
81 148
81 172
81 178
81 180
81 188
81 201
81 216
81 274
81 281
81 291
81 312
82 131
82 160
82 200
82 276
83 129
83 164
83 249
83 275
83 282
83 283
84 177
84 200
84 304
85 188
86 91
86 92
86 122
86 135
86 167
86 258
87 131
87 176
87 285
87 304
88 89
88 129
88 131
88 133
88 245
88 292
89 102
89 228
89 241
89 245
89 249
89 250
90 184
90 285
91 106
91 134
92 131
92 134
92 160
92 167
92 209
92 266
93 135
93 283
94 124
94 170
94 171
94 246
94 255
94 287
94 288
95 104
95 298
96 135
96 177
96 191
96 208
96 233
96 245
96 281
97 103
97 167
97 195
97 212
97 213
97 259
97 282
98 115
98 133
98 156
98 249
99 116
99 124
99 134
99 171
99 244
99 287
100 156
100 237
100 303
101 130
101 141
101 228
101 237
101 277
102 196
102 208
102 242
102 276
102 278
102 286
102 287
103 105
103 130
103 134
103 156
103 168
103 200
103 238
103 247
103 249
103 262
103 276
104 120
104 129
104 135
104 156
104 209
105 130
105 133
105 163
105 174
106 136
106 249
107 220
108 280
108 301
109 119
109 130
109 139
109 206
109 210
109 230
109 239
109 287
110 129
110 135
110 215
110 242
110 243
110 286
110 287
111 129
111 141
111 152
111 181
112 181
112 225
112 264
112 269
113 133
113 276
113 306
114 160
115 231
115 302
116 130
116 156
116 233
117 118
117 129
117 169
117 266
118 130
118 131
118 133
118 160
118 162
118 163
118 167
118 179
118 231
118 241
118 272
118 288
118 296
119 200
120 214
120 303
121 130
121 134
121 156
121 161
121 191
122 130
122 218
122 236
123 128
123 130
124 126
124 131
124 148
124 150
124 156
124 200
124 211
124 229
124 249
124 260
124 284
124 288
126 193
126 235
126 273
127 163
128 181
128 191
128 227
129 130
129 133
129 139
129 142
129 169
129 209
129 213
129 263
129 270
129 304
129 308
129 310
130 131
130 132
130 133
130 134
130 156
130 161
130 162
130 180
130 181
130 193
130 195
130 210
130 220
130 221
130 229
130 247
130 314
131 132
131 137
131 171
131 177
131 180
131 181
131 197
131 202
131 209
131 226
131 244
131 252
131 269
131 275
131 277
131 283
131 292
131 305
132 135
132 223
132 288
132 289
133 148
133 156
133 160
133 168
133 184
133 187
133 188
133 196
133 197
133 205
133 240
133 264
133 267
133 268
133 292
133 302
134 143
134 149
134 154
134 169
134 172
134 197
134 210
134 214
134 218
134 222
134 225
134 226
134 241
134 244
134 250
134 255
134 258
134 273
134 313
134 315
135 136
135 167
135 173
135 180
135 191
135 196
135 199
135 205
135 217
135 220
135 242
135 272
135 276
135 313
136 145
136 147
136 148
136 161
136 172
136 194
136 205
136 231
136 249
136 302
137 156
137 232
138 145
138 201
138 209
138 264
139 251
140 148
140 172
140 222
140 241
140 249
140 286
140 287
140 305
141 206
141 279
142 149
142 200
143 244
143 281
143 301
144 190
144 242
145 148
145 157
145 200
145 201
145 204
145 210
145 220
145 239
145 244
145 288
146 210
146 235
146 256
148 156
148 161
148 179
148 195
148 209
148 220
148 224
148 244
148 262
148 287
149 167
149 202
149 223
149 304
149 309
150 156
150 176
151 167
151 185
152 159
152 166
152 181
152 211
152 219
152 293
153 258
153 293
154 204
154 208
154 313
155 232
156 205
156 208
156 228
156 235
156 243
156 245
156 249
156 287
157 180
157 181
157 188
157 275
157 276
157 288
158 200
159 184
159 275
159 284
160 164
160 192
160 210
160 230
160 304
160 305
160 313
161 241
161 287
162 242
162 243
162 278
164 180
164 192
164 260
164 283
164 284
165 222
165 278
167 211
167 215
167 219
167 239
167 242
167 255
167 301
168 193
169 215
172 195
172 206
172 246
173 211
174 285
174 306
175 285
176 285
177 212
177 304
178 202
178 206
179 250
179 297
180 184
180 193
180 204
180 224
184 213
184 217
184 240
185 249
185 277
186 224
186 244
186 266
187 271
187 282
188 203
188 205
188 206
188 217
188 259
188 269
190 214
190 295
191 208
191 239
191 287
192 211
192 233
193 206
193 293
194 208
194 280
196 206
196 242
197 211
197 216
197 252
197 287
197 298
198 217
198 262
199 205
199 287
200 204
200 233
200 249
200 278
201 275
202 233
202 268
204 218
205 243
205 273
206 220
206 241
207 241
208 232
208 271
209 277
210 249
210 252
211 258
212 215
213 287
214 296
215 234
215 288
215 303
215 304
216 263
216 303
217 242
217 252
218 245
218 300
219 222
219 275
219 293
220 274
224 229
224 283
224 291
225 292
227 310
229 257
232 269
232 279
233 305
234 311
235 258
235 287
237 255
238 244
238 245
238 283
239 245
239 270
239 281
239 283
239 287
239 293
240 286
241 243
241 260
241 285
241 295
242 287
242 311
243 279
244 304
245 269
246 287
247 313
248 286
248 296
249 281
250 260
251 297
252 264
253 282
255 273
256 284
258 304
260 303
261 305
261 315
262 273
262 292
263 271
263 299
264 293
266 291
269 311
271 303
272 287
273 298
275 278
276 286
276 287
278 285
279 308
285 314
286 310
288 291
288 301
290 298
292 310
297 305
297 312
301 307
