0 2
0 5
0 72
1 2
1 114
1 122
1 180
1 214
1 225
1 249
2 4
2 21
2 29
2 35
2 38
2 47
2 49
2 50
2 62
2 79
2 94
2 115
2 117
2 133
2 151
2 167
2 168
2 210
2 233
2 239
2 255
3 134
3 156
3 293
4 7
4 74
4 82
4 110
4 117
4 124
4 142
4 256
4 288
5 59
5 62
5 75
5 76
5 87
5 133
5 150
5 201
5 241
5 255
5 273
6 42
6 72
6 76
6 79
6 130
7 54
7 72
7 88
7 118
7 122
7 124
7 128
7 156
7 168
7 198
7 200
7 211
7 232
7 239
7 249
7 269
7 282
7 289
8 37
8 41
8 46
8 47
8 80
8 103
8 115
8 142
8 160
8 181
8 267
8 276
8 287
8 309
9 130
9 133
9 135
9 136
9 156
9 168
9 171
10 68
10 79
10 206
11 59
11 137
11 204
11 208
11 238
11 239
11 272
12 54
12 102
12 130
12 146
12 155
12 157
12 168
12 182
12 200
13 42
13 60
13 83
13 105
13 121
13 148
13 168
13 279
14 17
14 30
14 59
14 133
14 134
14 135
14 155
14 196
14 206
14 263
14 304
15 133
15 134
15 157
15 164
15 168
15 173
15 200
15 204
15 262
15 276
16 18
16 41
16 59
16 61
16 64
16 71
16 79
16 80
16 94
16 109
16 112
16 114
16 123
16 124
16 140
16 163
16 179
16 185
17 219
17 245
18 32
18 43
18 45
18 76
18 145
18 181
18 286
18 292
18 302
18 311
19 153
19 186
19 217
19 268
20 27
20 101
20 112
20 129
20 157
21 25
21 134
21 180
22 122
22 160
22 296
22 305
23 77
23 131
23 156
23 172
23 308
24 44
24 106
24 130
24 131
24 152
24 203
24 219
24 267
25 80
25 106
25 141
25 144
25 171
25 234
25 271
27 49
27 79
27 135
27 204
27 289
28 33
28 54
28 58
28 64
28 132
28 200
28 210
28 217
28 261
28 283
28 306
29 129
29 257
29 271
30 224
30 238
30 240
30 279
31 74
31 99
31 118
31 156
31 167
31 188
31 197
31 219
31 249
31 261
31 270
31 305
31 311
31 313
32 36
32 45
32 59
32 73
32 76
32 109
32 122
32 129
32 133
32 136
32 142
32 154
32 158
32 238
32 244
32 258
32 268
33 34
33 51
33 92
33 126
33 129
33 140
33 162
33 214
33 280
33 292
34 42
34 78
34 136
34 140
34 172
34 253
35 67
35 101
35 212
35 242
35 267
35 298
36 73
36 130
36 132
36 151
36 172
36 313
37 80
37 85
37 133
37 147
37 186
37 210
38 49
38 101
38 193
38 230
38 287
39 42
39 156
39 220
39 285
40 86
40 103
40 200
40 215
40 274
41 51
41 281
42 102
42 130
42 134
42 157
42 162
42 179
42 183
42 192
42 296
43 180
43 191
43 197
43 231
44 103
44 124
44 143
44 177
44 206
44 236
45 47
45 110
45 135
45 148
45 161
45 180
45 199
45 202
45 232
45 243
45 244
45 301
45 305
46 50
46 96
46 98
46 102
46 172
46 181
46 200
46 269
47 52
47 59
47 118
47 134
47 136
47 137
47 149
47 156
47 174
47 233
47 245
47 287
48 152
48 188
48 215
48 227
48 281
48 292
48 307
49 55
49 61
49 96
49 122
49 128
49 135
49 260
50 71
50 114
50 118
50 129
50 160
50 167
50 242
50 275
50 284
50 288
50 302
50 305
51 109
51 131
51 160
51 220
51 275
51 297
51 305
52 59
52 129
53 69
53 85
53 124
53 136
54 79
54 122
54 180
54 286
54 315
55 103
55 122
55 139
55 289
56 61
56 92
56 99
56 133
56 148
56 180
56 192
56 199
56 215
56 216
56 271
56 286
58 90
58 133
58 159
58 272
59 94
59 117
59 123
59 126
59 156
59 157
59 211
59 217
59 220
59 239
59 252
59 275
59 284
59 305
59 310
60 94
60 104
60 162
60 200
60 202
60 290
60 305
61 133
61 201
61 210
61 256
61 288
62 72
62 107
62 128
62 188
63 296
64 129
64 134
64 284
65 74
65 136
66 102
66 107
66 121
66 178
67 71
67 76
67 123
67 131
67 152
67 156
67 161
67 175
67 179
67 197
67 287
67 305
68 120
68 136
68 172
68 193
68 216
68 249
68 250
69 200
69 238
69 314
70 75
70 140
70 185
70 196
70 215
70 248
70 287
71 281
71 299
72 263
73 78
73 102
73 109
73 286
73 308
74 104
74 130
74 131
74 174
74 188
74 192
74 233
74 242
74 244
74 278
74 284
75 98
75 129
75 134
75 135
75 156
75 212
75 235
75 245
75 300
75 303
76 141
76 156
76 160
76 193
76 217
77 95
77 129
77 279
78 90
78 130
78 134
78 136
78 270
79 131
79 157
79 283
80 131
80 157
80 159
80 209
80 219
80 255
81 131
81 158
81 241
81 301
81 303
81 307
82 156
82 220
82 275
82 284
83 140
83 156
83 160
83 226
83 267
84 90
84 148
85 124
85 178
85 185
85 231
85 273
85 283
86 131
87 96
87 178
87 191
87 200
87 206
87 239
87 246
87 288
87 312
88 135
88 213
88 240
88 245
88 262
88 274
88 283
89 97
89 130
89 135
89 137
89 159
89 219
89 220
90 209
90 224
90 239
91 102
91 130
91 188
91 194
92 129
92 134
92 135
92 145
92 151
92 156
92 210
92 216
92 239
92 283
92 287
92 313
93 142
94 135
94 246
95 118
95 192
95 228
95 264
95 298
97 133
97 207
97 243
97 303
98 131
98 173
98 193
98 221
98 249
98 298
99 210
99 236
99 296
100 117
100 242
101 172
101 195
101 197
101 205
101 224
101 237
101 249
101 276
102 129
102 143
102 157
102 159
102 195
102 229
102 233
102 288
103 128
103 131
103 145
103 152
103 163
103 167
103 182
103 192
103 200
103 286
104 124
104 166
104 167
104 193
104 216
104 224
104 233
104 242
104 245
105 114
105 130
105 134
105 136
105 157
105 220
106 202
106 218
106 224
106 231
106 232
106 290
107 130
107 135
107 149
107 242
108 197
108 227
109 264
109 287
110 130
110 157
110 163
110 180
111 123
111 129
111 134
111 293
112 133
112 134
112 275
114 156
114 220
115 128
115 129
115 134
115 195
115 284
115 308
116 228
117 122
117 148
117 180
117 231
117 239
117 313
118 128
118 167
118 172
118 205
118 218
118 245
118 264
118 288
118 293
118 308
119 154
119 239
120 133
121 149
121 193
121 200
122 129
122 154
122 156
122 161
122 241
122 259
122 276
122 298
124 133
124 167
124 198
124 201
124 210
124 246
124 255
124 273
124 276
124 279
125 156
125 182
125 284
126 205
126 213
126 279
127 135
127 137
127 210
127 238
128 135
128 156
128 186
128 235
128 288
129 130
129 138
129 148
129 157
129 158
129 202
129 204
129 210
129 223
129 226
129 231
129 239
129 242
129 270
129 272
129 286
129 287
129 293
129 305
129 308
130 134
130 142
130 143
130 156
130 168
130 176
130 177
130 193
130 206
130 270
130 278
130 288
130 312
131 133
131 134
131 135
131 160
131 175
131 180
131 200
131 210
131 230
131 232
131 249
131 257
131 281
131 283
131 287
131 288
131 299
131 301
131 313
132 179
132 219
133 135
133 156
133 193
133 197
133 201
133 210
133 243
133 245
133 247
133 259
133 286
134 136
134 145
134 153
134 154
134 163
134 164
134 174
134 181
134 201
134 207
134 249
134 261
134 285
134 292
134 303
134 305
134 309
135 142
135 154
135 177
135 189
135 197
135 246
135 255
135 286
135 295
136 146
136 167
136 191
136 225
136 230
136 234
136 241
136 243
136 276
137 148
137 162
137 231
137 312
138 156
138 223
138 235
140 193
140 216
142 154
142 176
142 193
142 228
142 264
142 293
143 146
144 260
144 296
145 167
145 192
145 281
145 290
146 159
147 161
148 154
148 156
148 185
148 215
148 277
148 304
148 307
149 209
149 249
150 186
150 220
151 158
152 167
152 197
152 209
152 274
152 286
152 287
153 206
153 230
153 235
154 219
154 265
154 287
154 299
156 160
156 162
156 175
156 180
156 188
156 230
156 245
156 247
156 265
156 298
156 314
157 179
157 181
157 192
157 224
157 238
157 258
157 266
157 271
157 281
157 287
157 302
158 223
158 271
159 167
159 218
159 235
159 297
160 180
160 188
160 228
160 231
160 272
160 274
160 275
160 287
160 312
161 165
161 276
161 287
161 295
163 207
163 249
164 188
164 208
164 304
167 180
167 197
167 200
167 210
167 212
167 233
167 238
167 241
167 265
169 173
169 188
169 281
169 287
170 220
171 255
173 264
174 302
176 271
178 196
178 197
179 218
180 191
180 273
180 298
180 305
181 303
184 202
184 248
185 205
185 269
185 304
186 224
186 280
187 287
188 206
188 209
188 251
188 298
188 305
188 314
191 286
192 301
192 315
193 196
193 239
193 252
193 264
193 305
193 313
194 280
195 197
195 214
195 220
195 278
195 287
200 212
200 215
200 262
200 295
200 298
201 211
201 252
201 287
203 215
204 284
204 305
205 210
205 297
205 309
206 212
206 216
206 243
206 275
206 285
207 219
207 288
208 230
208 285
209 212
209 255
209 266
209 288
210 211
210 216
210 287
211 298
213 233
213 310
214 297
215 222
215 234
215 236
215 263
216 217
216 219
216 221
216 292
216 305
218 232
218 233
218 287
218 288
220 222
220 252
220 279
220 287
220 301
220 308
221 313
224 225
224 286
227 305
229 242
229 249
230 285
231 239
231 303
233 285
233 287
234 265
234 266
237 288
238 249
238 313
239 244
239 269
239 270
241 303
242 286
243 284
244 245
244 274
245 257
246 290
248 285
249 258
249 261
249 269
249 286
249 304
254 258
254 273
254 297
256 280
261 303
261 310
263 273
271 301
273 286
273 291
274 303
275 311
277 289
280 305
282 305
285 286
285 287
285 304
286 296
286 301
288 304
290 309
291 299
297 313
298 306
