0 20
0 59
0 155
0 200
0 306
1 47
1 106
1 108
1 116
1 131
1 132
1 234
1 267
1 286
2 32
2 50
2 59
2 67
2 88
2 106
2 123
2 131
2 132
2 135
2 139
2 157
2 237
2 286
2 304
3 8
3 133
3 142
3 153
3 188
4 7
4 148
4 224
4 233
4 259
5 6
5 49
5 75
5 79
5 133
5 152
5 161
5 181
5 220
5 285
5 293
6 41
6 55
6 104
6 156
6 159
6 188
6 199
6 245
7 46
7 51
7 59
7 74
7 83
7 88
7 102
7 105
7 129
7 133
7 153
7 154
7 156
7 162
7 229
7 233
7 259
7 288
8 62
8 71
8 82
8 89
8 103
8 129
8 130
8 136
8 180
8 217
8 220
8 231
8 258
8 264
8 272
8 283
8 287
9 249
9 287
10 39
10 74
10 99
10 258
11 13
11 68
11 135
11 166
11 200
11 288
11 299
12 43
12 76
12 108
12 133
12 138
12 246
12 252
12 260
12 285
12 286
13 131
13 136
13 167
13 193
13 224
13 296
14 25
14 27
14 50
14 204
14 223
14 238
14 295
15 47
15 92
15 288
15 290
16 17
16 43
16 129
16 148
16 172
16 182
16 184
16 185
16 192
16 193
16 223
16 238
16 249
16 254
16 271
16 278
16 284
16 285
16 286
16 289
17 75
17 92
17 160
17 212
17 243
17 249
18 34
18 46
18 60
18 74
18 105
18 129
18 131
18 142
18 143
18 249
18 260
19 288
20 56
20 104
20 159
20 210
20 231
20 245
20 269
21 49
21 136
21 304
23 49
23 62
23 113
23 129
23 270
23 284
24 75
24 100
24 125
24 139
24 158
24 179
24 193
25 71
25 89
25 99
25 222
25 279
26 118
26 121
26 133
26 166
26 200
26 264
27 46
27 227
27 288
28 80
28 148
28 168
29 83
29 103
29 135
29 224
30 33
30 49
30 51
30 131
30 148
30 160
30 165
30 181
30 241
31 38
31 61
31 70
31 80
31 96
31 113
31 134
31 141
31 210
31 211
31 217
31 224
31 291
32 59
32 97
32 99
32 114
32 122
32 131
32 137
32 167
32 197
32 207
33 67
33 79
33 89
33 114
33 135
33 141
33 161
33 216
33 242
34 38
34 69
34 74
34 114
34 193
34 206
34 213
34 220
35 38
35 44
35 67
35 133
35 153
35 156
35 301
36 112
36 314
37 59
37 62
37 117
37 258
38 44
38 110
38 167
38 189
39 46
39 47
39 54
39 180
40 96
40 145
40 179
40 287
40 301
41 118
41 132
41 156
41 159
42 59
42 137
42 146
42 165
42 269
42 277
43 95
43 121
43 129
43 134
43 160
43 252
43 288
43 311
44 70
44 110
44 130
44 242
44 273
44 299
45 81
45 105
45 117
45 120
45 156
45 168
45 204
45 206
45 230
45 239
45 249
45 252
45 278
45 287
46 56
46 75
46 82
46 115
46 129
46 160
46 229
46 243
46 274
46 283
46 287
47 59
47 71
47 81
47 100
47 180
47 255
47 278
47 286
47 288
47 312
48 129
48 152
48 205
48 240
48 288
49 63
49 89
49 118
49 121
49 221
50 69
50 83
50 98
50 124
50 129
50 133
50 179
50 180
50 271
50 304
51 67
51 89
51 135
51 200
51 208
52 113
52 121
52 122
53 155
54 216
54 258
55 134
55 224
56 60
56 61
56 142
56 147
56 227
56 286
57 130
57 131
57 222
57 255
58 88
58 115
58 275
59 68
59 103
59 105
59 201
59 205
59 235
59 299
59 303
59 308
60 69
60 134
60 156
60 164
60 185
60 192
60 252
60 268
60 291
61 134
61 156
61 162
61 287
62 155
62 173
62 197
62 210
62 284
63 90
63 99
63 109
63 122
63 133
63 171
63 204
63 208
63 229
63 313
64 161
64 224
64 248
64 298
64 304
64 309
65 156
66 80
66 99
66 178
66 215
66 287
67 68
67 70
67 76
67 89
67 110
67 138
67 140
67 142
67 147
67 152
67 213
67 220
67 274
67 276
67 279
68 118
68 135
68 145
68 160
68 176
68 206
68 245
68 281
68 310
69 237
69 249
70 133
71 118
71 276
71 283
72 211
72 228
73 105
73 107
73 130
73 216
73 231
73 239
73 310
74 83
74 96
74 102
74 104
74 117
74 122
74 124
74 135
74 136
74 148
74 161
74 200
74 219
74 249
74 266
74 278
74 281
75 131
75 287
75 305
76 85
76 129
76 152
76 161
76 287
77 114
77 158
77 200
77 209
77 227
77 271
78 134
78 153
78 174
79 136
79 179
79 191
79 192
79 223
79 233
80 103
80 131
80 138
80 161
80 188
80 243
80 260
81 92
81 129
81 152
81 193
81 209
81 249
81 286
81 287
81 302
82 142
83 87
83 149
83 157
83 289
83 304
84 109
84 124
84 265
85 117
85 193
85 284
86 258
87 103
87 108
87 131
87 150
87 277
87 290
88 105
88 156
88 180
88 223
88 258
89 118
89 287
90 232
90 301
91 131
92 131
92 145
92 148
92 154
92 157
92 245
92 256
92 299
93 148
93 209
94 260
94 286
95 103
95 128
95 161
95 201
97 111
97 148
97 205
97 254
98 127
98 133
98 135
98 155
98 158
98 283
98 295
98 304
100 167
100 210
100 213
101 141
101 156
101 165
101 241
101 268
102 124
102 197
102 201
102 207
102 234
102 238
102 261
102 309
103 133
103 180
103 181
103 255
103 269
103 278
103 280
103 292
104 115
104 145
104 191
104 200
104 244
104 260
105 111
105 135
105 181
105 228
105 238
106 131
106 156
106 180
106 246
106 283
107 127
107 149
107 186
107 204
107 249
107 282
108 131
108 135
108 154
108 156
108 205
108 291
109 136
109 164
109 180
109 196
109 205
109 258
110 129
110 167
110 249
110 258
110 285
111 166
111 184
111 200
111 205
111 225
113 133
113 196
114 185
114 228
114 269
114 278
114 310
115 285
116 135
117 180
117 223
117 249
118 132
118 138
118 188
118 201
118 220
118 227
118 242
118 252
118 267
119 147
119 168
119 284
121 131
121 185
121 206
122 156
122 160
122 222
122 278
123 164
123 187
123 220
123 222
123 234
123 260
123 287
124 126
124 128
124 129
124 135
124 142
124 153
124 180
124 198
124 207
124 219
124 265
124 267
124 313
126 279
127 195
127 248
127 250
128 139
128 148
128 153
128 161
128 250
128 314
129 130
129 133
129 135
129 136
129 139
129 150
129 159
129 184
129 188
129 196
129 197
129 200
129 214
129 215
129 229
129 249
129 264
129 271
129 282
130 132
130 133
130 135
130 140
130 141
130 143
130 156
130 164
130 165
130 167
130 188
130 219
130 220
130 239
130 251
130 261
130 275
130 284
130 290
130 291
130 304
130 305
130 307
131 132
131 140
131 152
131 193
131 205
131 224
131 239
131 261
131 266
131 272
131 301
132 163
132 179
132 215
132 266
133 135
133 137
133 138
133 140
133 152
133 159
133 162
133 172
133 180
133 181
133 188
133 198
133 219
133 223
133 241
133 246
133 257
133 259
133 265
133 286
133 288
133 303
133 305
134 154
134 174
134 188
134 191
134 193
134 206
134 210
134 240
134 266
134 273
134 275
134 278
134 283
134 298
134 305
134 311
135 162
135 174
135 196
135 200
135 206
135 208
135 210
135 222
135 258
135 266
135 268
135 270
135 274
135 276
135 278
135 282
135 302
136 156
136 159
136 179
136 194
136 208
136 211
136 214
136 244
136 259
136 278
137 158
137 302
137 305
139 148
140 195
140 248
140 259
140 311
140 315
142 180
142 195
142 267
142 278
142 283
144 148
144 255
144 276
145 167
145 177
145 185
145 242
145 269
145 288
146 160
146 167
146 211
147 192
147 241
148 156
148 218
148 242
149 180
149 193
149 292
150 177
150 184
151 179
151 184
151 305
152 165
152 254
152 269
154 176
154 215
155 210
156 165
156 167
156 179
156 180
156 188
156 204
156 205
156 206
156 242
156 260
156 272
156 275
156 287
156 298
157 162
157 257
157 277
157 303
158 165
158 185
158 200
158 246
159 190
159 200
160 258
160 310
162 175
162 242
164 218
164 224
164 239
166 254
166 261
166 266
166 271
167 174
167 204
167 217
167 231
167 249
167 285
167 294
168 206
169 177
169 210
169 296
171 287
171 293
172 196
172 281
172 310
173 180
173 216
174 252
175 222
175 258
176 200
177 216
178 210
178 224
179 249
179 263
179 285
180 183
180 213
180 267
180 284
180 297
180 298
181 237
181 286
182 197
182 292
182 298
184 258
185 289
187 249
188 229
191 247
192 206
192 231
193 217
193 219
193 234
193 274
193 298
194 244
195 263
195 315
196 250
196 278
197 243
197 281
198 249
199 211
199 215
199 239
200 208
200 223
200 232
200 239
200 278
200 279
200 303
201 205
201 268
201 283
201 315
202 258
204 216
204 290
205 210
205 224
205 273
205 295
205 297
205 313
206 236
207 273
208 224
208 260
208 287
209 215
209 249
210 214
211 231
213 279
213 291
213 303
214 303
215 284
216 224
216 249
216 288
216 291
218 229
218 285
219 272
219 278
220 233
220 291
220 298
220 303
223 239
223 304
224 225
224 244
224 280
226 258
231 232
231 267
231 279
231 305
232 286
233 261
233 278
233 293
234 301
235 273
236 263
238 246
238 287
238 288
239 241
239 286
239 303
239 315
240 245
240 286
241 285
242 273
247 286
248 282
248 287
249 264
249 283
250 292
252 279
255 276
255 287
258 271
258 307
259 285
260 285
260 286
260 287
261 266
262 265
263 273
265 286
265 309
267 280
268 303
271 276
272 286
274 303
275 285
276 286
276 306
276 311
277 307
280 302
281 288
286 309
296 304
296 311
298 305
299 301
