0 92
0 128
0 142
0 180
0 208
0 282
1 35
1 45
1 89
1 108
1 133
1 145
1 188
1 222
1 232
1 272
1 273
1 277
1 286
2 7
2 22
2 24
2 27
2 49
2 50
2 59
2 101
2 108
2 124
2 134
2 154
2 164
2 192
2 200
2 205
2 207
2 216
2 228
2 239
2 254
3 14
3 15
3 40
3 47
3 136
3 156
3 197
3 233
3 234
4 107
4 130
4 131
4 219
4 234
5 50
5 90
5 148
5 156
5 173
5 215
5 223
5 238
5 265
5 276
5 286
6 48
6 71
6 117
6 119
6 134
6 160
6 249
6 299
7 8
7 16
7 21
7 60
7 122
7 131
7 173
7 296
8 16
8 19
8 20
8 26
8 44
8 47
8 84
8 93
8 106
8 117
8 124
8 157
8 168
8 191
8 205
8 241
9 18
9 30
9 66
9 76
9 90
9 138
9 200
9 208
9 223
9 269
9 287
10 35
10 124
10 146
10 156
10 167
10 179
11 103
11 135
11 179
11 181
11 229
12 16
12 19
12 46
12 77
12 87
12 100
12 103
12 135
12 214
13 17
13 65
13 80
13 129
13 130
13 149
13 173
13 283
14 20
14 31
14 32
14 50
14 89
14 97
14 117
14 188
14 231
14 249
14 261
14 306
15 31
15 89
15 110
15 134
15 193
15 227
16 20
16 41
16 47
16 62
16 64
16 84
16 102
16 108
16 109
16 117
16 118
16 129
16 156
16 158
16 171
16 178
16 229
16 268
16 271
16 276
16 299
16 309
17 18
17 46
17 55
17 92
17 129
17 249
18 97
18 240
18 247
18 252
18 272
18 275
19 73
19 96
19 133
19 200
19 298
20 64
20 216
20 232
20 296
21 172
21 174
21 194
21 288
22 124
22 156
22 209
23 128
23 220
23 222
23 297
23 309
24 35
24 87
24 96
24 98
24 130
24 133
24 173
24 241
24 242
24 266
24 285
25 35
25 133
25 176
25 206
25 230
25 239
25 289
25 296
26 160
26 286
27 52
27 117
27 190
27 224
28 102
28 127
28 134
28 149
28 168
28 174
28 210
28 281
29 33
29 64
29 161
29 251
30 36
30 105
30 133
30 145
30 182
30 195
30 219
30 286
31 80
31 83
31 85
31 101
31 181
31 192
31 200
31 224
31 226
31 244
31 267
31 287
31 288
32 129
32 131
32 133
32 160
32 167
32 179
32 188
32 204
32 244
32 249
32 289
33 40
33 50
33 66
33 166
33 218
33 220
33 244
33 263
33 271
33 287
33 301
34 106
34 128
34 133
34 179
34 184
34 243
34 256
34 304
35 51
35 56
35 131
35 138
35 165
35 217
35 224
35 289
36 98
36 150
36 188
36 267
36 272
37 63
37 76
37 149
37 284
38 137
38 211
38 225
39 75
39 161
39 202
39 239
39 263
39 309
40 59
40 111
40 215
40 287
40 288
41 66
41 131
41 142
41 151
41 158
41 167
41 206
42 104
42 135
42 191
43 60
43 87
43 129
43 131
43 150
43 160
44 138
44 148
44 153
44 180
44 205
44 252
45 102
45 118
45 145
45 152
45 183
45 221
45 238
45 266
46 96
46 102
46 120
46 142
46 156
46 175
46 193
46 252
46 286
46 303
46 309
47 129
47 181
47 201
47 216
47 229
47 233
47 244
48 155
48 165
48 179
48 210
48 219
49 122
49 134
49 233
49 258
49 287
50 76
50 217
50 224
50 276
50 287
50 296
50 310
51 63
51 98
51 105
51 111
51 133
51 162
51 188
52 161
52 302
52 311
53 59
53 239
54 80
54 148
54 167
54 180
54 182
54 206
54 267
55 68
55 92
56 68
56 122
56 135
56 136
56 146
56 150
56 227
56 267
56 281
58 59
58 63
58 197
59 73
59 88
59 103
59 129
59 148
59 156
59 194
59 215
60 64
60 87
60 101
60 115
60 242
60 309
61 76
61 117
61 210
61 224
61 287
62 78
62 80
62 103
62 127
62 130
62 154
62 179
62 193
62 196
63 64
63 127
63 200
63 286
64 220
64 224
64 287
64 309
65 117
65 156
66 128
66 133
66 135
66 199
67 105
67 129
67 136
67 159
67 167
67 181
67 200
67 215
67 218
67 244
67 258
68 105
68 120
68 131
68 135
68 163
68 175
68 177
68 188
69 89
70 73
70 115
70 120
70 130
70 160
72 75
72 104
72 140
72 156
72 157
73 122
73 290
74 104
74 119
74 124
74 136
74 181
74 260
74 276
75 77
75 134
75 205
75 210
75 224
75 247
75 287
76 131
76 167
76 278
77 125
77 142
78 80
78 204
78 233
78 303
79 108
79 156
79 158
79 249
80 84
80 156
80 167
80 293
81 87
81 163
81 181
81 303
82 193
82 197
83 121
83 157
83 200
83 210
84 306
85 97
85 103
85 124
85 173
85 180
85 284
86 122
86 149
87 130
87 153
87 180
87 220
87 269
88 98
88 180
88 212
88 275
88 286
89 136
89 150
89 184
89 221
89 242
90 114
90 159
90 163
91 220
92 131
92 133
92 137
92 164
92 167
92 182
92 212
92 215
92 231
92 286
92 287
92 288
93 303
94 220
95 104
95 135
95 188
95 233
96 131
96 209
97 241
97 271
97 293
98 129
98 134
98 158
98 212
98 249
98 310
99 215
100 106
101 156
101 160
101 167
101 179
101 180
101 196
101 249
101 304
102 109
102 146
102 156
102 206
102 219
102 287
102 288
103 106
103 147
103 210
103 252
103 269
104 149
104 220
104 230
104 253
104 262
104 283
104 288
105 135
105 157
105 247
106 131
106 139
106 141
106 218
106 236
106 274
106 287
107 286
108 129
108 132
108 191
108 193
108 197
108 200
109 142
109 143
109 180
109 193
109 208
109 254
109 278
110 127
110 131
110 167
110 196
110 231
111 148
111 210
111 288
112 148
113 176
114 133
114 140
114 156
114 284
115 125
115 134
115 159
115 249
115 261
116 162
116 230
117 131
117 164
117 197
117 206
118 139
118 145
118 148
118 159
118 167
118 180
118 232
118 236
118 301
118 310
119 120
119 134
119 208
119 258
119 287
120 223
120 309
121 160
121 231
121 254
121 271
121 273
122 129
122 158
122 160
122 188
122 220
122 233
122 287
123 134
123 200
123 210
123 218
123 223
124 142
124 149
124 200
124 218
124 235
124 288
124 296
125 184
126 135
126 218
127 131
128 265
129 134
129 135
129 137
129 152
129 157
129 159
129 162
129 173
129 180
129 181
129 185
129 191
129 213
129 224
129 248
129 249
129 267
129 269
129 271
129 273
129 287
129 290
129 295
129 305
130 131
130 132
130 133
130 134
130 152
130 177
130 179
130 219
130 238
130 279
130 282
130 286
130 291
130 305
131 135
131 149
131 152
131 156
131 158
131 159
131 160
131 171
131 178
131 230
131 239
131 285
131 288
131 298
132 248
133 153
133 156
133 160
133 164
133 181
133 195
133 196
133 205
133 206
133 208
133 216
133 231
133 245
133 248
133 252
133 265
133 266
133 269
133 273
133 281
133 286
133 293
134 145
134 148
134 164
134 167
134 172
134 175
134 193
134 201
134 218
134 220
134 223
134 236
134 238
134 243
134 257
134 260
134 268
134 275
134 291
134 297
134 298
135 143
135 145
135 146
135 149
135 206
135 209
135 229
135 239
135 257
135 272
135 294
136 137
136 149
136 155
136 167
136 179
136 180
136 239
136 264
136 285
136 302
136 313
137 193
138 162
138 179
138 224
139 180
140 148
140 208
140 238
140 243
140 288
142 157
142 199
142 254
143 233
144 210
144 304
145 148
145 242
146 148
146 269
146 298
146 302
147 157
147 219
148 162
148 167
148 168
148 246
148 276
148 306
148 309
149 156
149 210
149 215
149 287
149 294
149 304
149 307
150 170
150 191
150 217
150 241
151 197
152 191
152 193
154 214
154 234
154 249
156 157
156 158
156 168
156 184
156 188
156 206
156 212
156 217
156 218
156 242
156 273
156 287
156 298
156 305
157 174
157 181
157 210
157 220
157 258
157 272
159 274
159 286
160 166
160 243
161 241
161 255
161 266
161 293
161 315
162 164
162 287
162 292
163 188
163 206
163 260
163 288
164 184
164 208
164 274
167 194
167 200
167 210
167 211
167 258
167 284
168 172
168 212
168 216
168 233
168 275
169 245
169 288
170 209
172 202
172 267
173 206
173 220
173 255
174 184
174 256
174 285
174 287
175 195
176 219
176 290
177 282
179 206
180 208
180 250
180 285
180 297
180 298
180 304
182 207
182 237
182 247
184 188
184 204
185 192
185 220
185 222
185 258
186 220
188 207
188 244
188 257
188 269
189 240
192 288
193 224
193 243
193 287
193 293
193 311
195 265
195 288
197 232
200 214
200 258
201 220
204 287
204 313
205 229
205 268
205 270
205 288
206 212
206 217
206 255
206 266
206 278
206 288
207 257
208 266
209 230
209 302
210 247
210 273
210 294
212 287
212 303
213 216
213 269
214 219
215 232
216 269
217 219
217 233
218 220
218 283
219 227
219 258
219 271
219 272
219 287
220 222
220 267
220 309
221 239
222 224
224 245
224 251
224 261
224 268
226 238
229 240
233 273
234 284
238 244
239 246
239 249
239 269
239 272
239 281
239 285
239 309
240 252
240 260
240 279
240 289
241 292
241 301
242 273
242 293
243 248
243 260
243 286
245 248
254 285
258 293
259 282
265 288
267 305
268 304
270 287
272 305
275 286
275 288
276 305
278 286
279 296
279 311
285 296
285 304
286 287
287 299
287 304
287 305
287 306
288 293
291 296
291 307
294 295
296 297
301 314
309 313
