0 15
0 44
0 60
0 233
0 234
1 2
1 17
1 27
1 89
1 93
1 104
1 130
1 134
1 193
2 5
2 16
2 25
2 33
2 66
2 110
2 118
2 127
2 129
2 137
2 171
2 180
2 203
2 274
2 293
2 295
3 15
3 50
3 68
3 118
3 134
3 200
3 212
3 219
3 267
3 287
4 35
4 59
4 87
4 131
4 180
4 196
4 245
4 307
5 16
5 184
6 45
6 50
6 65
6 83
6 150
6 200
7 18
7 30
7 42
7 47
7 89
7 92
7 96
7 103
7 115
7 118
7 121
7 129
7 158
7 160
7 179
7 191
7 213
7 231
7 239
7 266
7 295
7 304
7 315
8 16
8 38
8 51
8 56
8 63
8 69
8 79
8 85
8 90
8 103
8 109
8 128
8 130
8 138
8 155
8 156
8 193
8 204
8 213
8 218
8 232
8 284
8 304
9 39
9 103
9 108
9 129
10 48
10 179
10 200
10 270
11 142
11 181
11 245
12 17
12 68
12 75
12 83
12 87
12 121
12 139
12 145
12 161
12 197
12 272
13 46
13 64
13 67
13 87
13 129
13 133
13 136
13 157
13 193
13 212
13 230
13 284
14 134
14 156
14 222
14 272
14 278
15 92
15 141
15 157
15 200
15 211
15 224
16 23
16 32
16 34
16 35
16 44
16 47
16 54
16 112
16 132
16 142
16 148
16 149
16 156
16 187
16 197
16 201
16 215
16 225
16 248
16 249
16 257
16 263
16 276
16 286
16 287
16 288
16 304
17 117
17 168
18 36
18 89
18 91
18 110
18 130
18 135
18 145
18 188
18 206
19 28
20 47
20 68
20 98
20 110
20 124
20 159
20 167
20 197
20 212
20 281
21 95
21 181
21 199
21 278
21 286
22 48
23 33
23 97
23 110
23 192
23 197
23 200
24 75
24 107
24 136
24 148
24 194
24 206
24 242
24 276
24 296
25 35
25 50
25 105
25 123
25 156
25 179
25 224
25 229
26 83
26 134
26 156
27 40
27 63
27 111
27 204
28 70
28 98
28 102
28 129
28 188
28 255
28 276
29 46
29 54
29 109
29 156
29 313
30 118
30 130
30 131
30 132
30 134
31 33
31 48
31 62
31 70
31 92
31 118
31 129
31 161
31 178
31 180
31 200
31 216
31 250
31 288
32 45
32 102
32 108
32 131
32 134
32 152
32 164
32 230
32 261
32 296
33 45
33 62
33 69
33 89
33 134
33 135
33 152
33 157
33 161
33 172
33 177
33 200
33 210
33 234
33 240
33 275
33 282
33 305
34 103
34 109
34 136
34 154
34 156
34 188
34 210
34 249
34 279
35 118
35 131
35 134
35 135
35 156
35 193
35 275
36 50
36 113
36 129
36 147
36 160
36 206
36 309
37 45
37 102
37 130
37 156
37 232
37 288
38 193
38 238
38 252
39 122
39 149
39 178
39 200
39 268
39 269
39 273
39 288
40 61
40 67
40 131
40 132
40 137
40 167
40 169
40 226
40 234
40 259
40 266
40 293
40 298
40 308
41 73
41 101
41 191
41 200
41 247
41 251
41 279
42 118
42 213
43 83
43 113
43 118
43 122
43 135
43 193
43 302
44 55
44 68
44 80
44 95
44 141
44 272
45 46
45 51
45 67
45 78
45 106
45 133
45 166
45 197
45 223
45 240
45 292
46 51
46 55
46 75
46 90
46 94
46 146
47 58
47 105
47 114
47 118
47 140
47 160
47 168
47 180
47 214
47 221
47 272
47 299
47 307
48 198
48 210
48 285
48 288
49 59
49 79
49 122
49 268
50 51
50 89
50 90
50 100
50 142
50 288
50 295
51 96
51 129
51 160
51 167
51 304
52 77
52 194
52 263
53 67
54 74
54 103
54 142
54 148
55 104
55 172
55 184
55 207
55 210
55 220
56 57
56 109
56 171
56 201
56 220
56 231
56 255
57 241
58 129
59 104
59 126
59 130
59 134
59 157
59 180
59 188
59 246
59 285
59 301
59 303
59 304
60 81
60 88
60 109
60 133
60 226
60 228
60 264
61 106
61 149
62 88
62 91
62 133
62 166
62 234
62 288
63 108
63 115
63 281
63 304
64 74
64 89
64 92
64 118
64 157
64 205
64 220
64 233
64 301
64 311
64 314
65 67
65 133
65 244
65 290
66 85
66 129
66 134
66 217
66 220
67 77
67 107
67 179
67 220
67 274
68 124
68 134
68 149
68 156
68 160
68 181
68 200
69 136
69 238
69 289
69 299
70 81
70 247
72 118
72 152
73 188
73 210
73 244
74 96
74 97
74 118
74 134
74 177
74 218
74 284
74 307
75 118
75 126
75 276
75 286
75 303
76 118
76 176
76 188
76 191
76 210
77 97
77 240
77 266
78 104
78 111
78 118
78 135
78 145
78 249
78 268
78 281
78 288
79 152
79 162
79 224
79 272
79 314
80 103
80 112
80 122
80 149
80 156
80 206
80 265
80 276
80 287
81 180
81 183
81 201
81 239
81 304
82 87
83 118
83 271
83 288
84 91
84 162
85 123
85 267
86 211
86 220
86 242
86 273
87 105
87 106
87 156
87 159
87 200
87 211
87 220
87 223
87 278
87 286
87 288
87 305
88 129
88 191
88 198
89 128
89 157
89 190
89 200
89 205
89 288
90 133
90 135
90 204
90 276
91 206
92 122
92 133
92 148
92 292
93 95
93 129
93 157
94 121
94 122
94 162
94 182
94 211
94 298
95 121
95 156
95 167
95 304
96 115
96 288
97 121
97 145
97 156
97 193
97 200
97 206
97 238
97 241
97 258
98 99
98 112
98 136
98 218
98 239
98 247
98 279
99 108
99 131
99 197
99 273
100 133
100 188
100 248
101 130
101 162
101 193
101 215
101 268
101 280
102 105
102 118
102 129
102 130
102 135
102 136
102 180
102 184
102 231
102 232
102 258
102 304
103 119
103 142
103 149
103 166
103 167
103 197
103 215
103 233
103 272
103 283
104 149
104 181
104 233
104 242
104 283
104 288
105 199
105 311
106 117
106 230
106 233
106 274
107 124
107 152
107 153
107 156
107 193
107 256
107 264
108 133
108 193
108 238
108 312
109 129
109 172
109 189
109 192
109 218
109 287
110 135
110 142
110 200
110 201
110 210
110 219
110 249
111 148
111 266
112 269
112 310
113 118
113 149
114 129
114 134
114 188
114 206
114 298
116 135
117 130
117 133
117 134
117 156
117 205
117 240
117 252
117 257
117 271
117 288
117 307
118 152
118 156
118 157
118 161
118 166
118 249
118 258
118 286
119 228
120 167
120 171
120 185
120 200
121 180
121 193
121 239
122 134
122 135
122 154
122 156
122 242
122 249
122 283
122 314
123 130
123 158
123 179
123 209
123 231
124 129
124 133
124 140
124 157
124 163
124 182
124 233
124 263
124 266
124 286
124 311
126 178
127 303
128 232
128 267
128 302
129 130
129 132
129 133
129 157
129 180
129 187
129 200
129 215
129 218
129 224
129 228
129 232
129 249
129 252
129 261
129 267
129 272
129 278
129 283
129 286
129 305
130 132
130 133
130 138
130 149
130 160
130 164
130 167
130 174
130 180
130 181
130 188
130 206
130 210
130 215
130 218
130 233
130 239
130 246
130 255
130 257
130 259
130 269
130 284
130 286
130 296
130 297
130 298
130 301
130 304
130 305
130 310
131 136
131 167
131 172
131 174
131 182
131 194
131 196
131 200
131 210
131 239
131 242
131 288
131 296
132 140
132 145
132 177
132 230
132 287
132 288
132 309
133 134
133 135
133 136
133 139
133 141
133 155
133 162
133 166
133 167
133 187
133 195
133 215
133 231
133 234
133 243
133 244
133 288
133 292
134 137
134 139
134 148
134 156
134 161
134 195
134 205
134 218
134 220
134 236
134 267
134 278
134 281
134 284
134 286
134 287
134 302
135 148
135 188
135 200
135 218
135 232
135 238
135 245
135 271
135 276
135 287
135 288
136 142
136 143
136 190
136 242
136 250
136 298
137 286
138 158
138 193
138 214
139 243
140 167
140 179
140 199
140 204
140 231
140 233
140 281
140 282
141 188
141 305
142 147
142 243
142 259
142 297
143 157
143 210
143 275
144 148
144 154
144 219
145 156
145 185
145 239
145 304
146 159
147 159
147 165
147 295
148 166
148 180
148 218
148 286
149 217
149 224
149 262
150 157
150 160
150 180
150 206
150 298
152 156
152 162
152 292
153 155
153 160
153 219
153 277
154 204
154 205
154 234
154 273
155 158
155 315
156 167
156 173
156 194
156 202
156 244
156 245
156 252
156 260
156 267
156 286
156 288
156 293
156 297
156 307
157 187
157 191
157 193
157 208
157 232
157 249
157 255
157 272
158 160
158 215
159 271
159 272
159 278
160 205
160 210
160 260
161 185
161 215
161 242
161 265
161 286
162 179
162 211
162 239
163 218
163 295
164 168
164 263
165 193
165 309
166 197
166 223
167 173
167 176
167 200
167 264
167 275
167 288
168 219
168 241
168 298
169 210
171 288
172 234
173 287
173 303
174 209
174 214
175 272
176 188
176 261
177 203
177 240
178 272
179 227
179 242
179 263
180 266
180 286
180 298
180 315
181 211
181 286
182 224
182 286
184 303
185 225
185 286
185 288
187 197
188 232
188 271
189 195
189 219
191 232
191 304
191 313
192 224
192 246
192 281
193 246
193 298
194 242
196 275
196 284
196 287
197 296
199 201
199 245
199 263
200 210
200 220
200 245
200 258
200 275
201 243
203 222
204 308
205 234
205 272
205 278
206 223
206 224
206 232
206 260
207 218
208 288
209 212
209 298
210 218
210 243
210 262
210 264
210 299
210 303
211 234
211 267
212 231
212 298
216 274
218 231
220 244
220 268
220 285
220 292
223 233
223 249
223 250
223 299
224 260
228 242
229 232
229 249
229 257
229 275
229 278
231 309
232 249
233 252
234 261
235 286
237 239
237 313
237 315
239 284
239 297
241 284
242 301
242 312
244 279
244 285
245 285
245 308
246 275
247 296
248 293
249 281
252 260
252 293
252 305
253 305
255 315
258 296
258 305
259 275
259 285
259 305
266 288
267 284
269 279
269 302
272 283
275 276
275 313
282 285
283 298
285 298
286 301
287 291
287 315
288 292
293 310
294 296
