0 16
0 134
0 144
0 156
0 169
1 21
1 31
1 45
1 111
1 135
1 243
2 8
2 21
2 67
2 68
2 69
2 88
2 94
2 103
2 110
2 124
2 134
2 228
2 235
2 249
2 298
3 124
3 133
3 200
3 252
3 284
4 20
4 117
4 128
4 164
4 168
4 241
4 269
4 299
5 19
5 34
5 231
5 295
6 8
6 65
6 121
6 134
6 149
6 193
6 215
7 9
7 16
7 32
7 66
7 67
7 135
7 145
7 222
7 286
7 287
8 12
8 32
8 38
8 56
8 74
8 118
8 133
8 168
8 191
8 222
8 230
8 246
8 247
8 264
8 296
8 304
9 32
9 37
9 56
9 188
10 37
10 134
11 20
11 65
11 74
11 292
12 15
12 42
12 51
12 114
12 130
12 136
12 154
12 228
13 22
13 59
13 82
13 103
13 249
13 283
14 96
14 130
14 156
14 206
14 252
15 32
15 102
15 148
15 171
15 174
15 180
15 190
15 213
15 234
15 236
15 238
15 295
15 307
15 309
16 32
16 33
16 36
16 51
16 75
16 101
16 114
16 121
16 135
16 136
16 137
16 161
16 268
16 302
16 303
17 31
17 156
17 195
17 315
18 25
18 55
18 77
18 92
18 120
18 243
19 67
19 119
19 250
19 271
20 45
20 72
20 91
20 94
20 101
20 116
20 128
20 149
20 157
20 164
20 180
20 188
20 223
20 245
21 114
21 131
21 135
21 151
22 263
22 292
23 50
23 81
23 91
23 160
23 238
23 266
23 279
24 104
24 120
24 166
24 218
24 237
24 283
25 30
25 97
25 103
25 117
25 133
25 169
25 215
25 287
26 252
27 86
27 188
27 235
28 33
28 72
28 130
28 237
29 44
29 59
29 135
29 239
29 288
29 293
29 312
30 58
30 148
30 170
30 225
30 236
31 89
31 110
31 128
31 131
31 148
31 158
31 167
31 176
31 233
31 266
32 33
32 59
32 65
32 88
32 101
32 118
32 134
32 137
32 159
32 174
32 276
32 283
32 285
32 287
32 308
33 104
33 149
33 154
33 177
33 205
33 249
33 269
33 292
34 99
34 188
34 257
34 263
35 37
35 72
35 76
35 103
35 247
35 275
36 51
36 130
36 193
36 197
37 119
37 130
37 239
37 284
37 301
38 46
38 286
38 287
39 123
39 148
39 169
39 286
39 314
40 62
40 81
40 123
40 136
40 146
40 153
40 201
40 290
41 49
41 52
41 124
41 197
41 259
41 303
42 73
42 76
42 206
42 242
43 46
43 49
43 129
43 220
43 252
43 273
43 287
44 67
44 131
44 283
44 295
45 62
45 64
45 80
45 88
45 106
45 114
45 127
45 140
45 145
45 193
45 198
45 222
45 239
45 255
45 259
45 267
45 315
46 77
46 185
46 208
46 209
46 227
47 131
47 144
47 162
48 67
48 110
48 129
48 131
48 134
48 157
48 210
48 215
49 60
49 113
49 129
49 131
49 165
49 175
49 219
49 238
49 296
50 68
50 77
50 97
50 304
50 307
51 70
51 174
52 64
52 144
52 191
53 222
54 83
54 189
54 202
55 101
55 124
55 173
55 200
55 271
56 105
56 134
56 135
56 161
56 214
56 258
56 280
57 144
58 61
58 138
58 145
58 191
58 287
58 308
59 62
59 102
59 103
59 121
59 124
59 129
59 135
59 139
59 201
59 297
59 305
60 97
60 133
60 134
60 138
60 195
60 243
61 250
61 292
62 238
63 96
63 131
63 215
63 278
64 68
64 84
64 97
64 118
64 174
64 176
64 215
64 252
64 287
65 103
66 73
66 121
66 130
66 134
66 164
66 179
67 134
67 143
67 156
67 191
67 206
67 263
67 287
67 291
68 89
68 101
68 103
68 135
68 157
68 244
69 92
69 117
69 195
69 286
70 107
70 118
70 129
70 130
70 214
70 297
72 109
72 134
73 131
73 159
73 301
74 92
74 131
74 135
74 180
74 197
74 200
74 221
74 224
75 129
75 133
75 134
75 145
75 219
75 230
75 244
75 259
75 287
75 308
76 101
76 134
76 153
76 204
76 271
77 133
77 185
77 206
77 244
77 269
77 287
78 276
79 88
79 178
79 234
79 238
79 305
80 239
80 272
80 285
80 287
81 157
81 167
81 179
81 221
81 251
83 129
83 260
84 180
84 251
85 124
85 140
85 225
86 135
87 110
87 167
87 285
88 89
88 131
88 135
88 140
88 273
88 283
89 93
89 199
89 239
89 253
90 101
90 220
90 287
90 288
91 103
91 151
91 157
92 103
92 135
92 144
92 178
92 217
92 275
93 255
94 133
94 142
94 193
94 285
95 107
95 135
95 169
95 172
95 212
95 245
96 168
96 269
96 286
97 105
97 217
98 102
98 133
99 130
99 159
100 103
100 104
100 286
100 303
101 131
101 136
101 156
101 159
101 164
101 166
101 174
102 105
102 110
102 128
102 174
102 217
102 231
102 292
103 131
103 215
103 219
103 249
103 273
103 310
104 115
104 136
104 139
104 156
104 244
104 265
104 303
105 110
105 129
105 130
105 131
105 138
105 266
106 114
106 118
106 122
106 160
106 266
107 117
107 118
107 188
107 204
107 205
107 210
107 297
108 131
108 134
108 145
108 204
109 128
109 134
109 218
109 220
110 193
112 152
112 167
112 266
114 121
114 135
114 184
114 258
115 116
115 133
115 155
115 158
117 118
117 128
117 131
117 145
117 181
117 205
117 238
117 247
117 286
118 126
118 176
118 191
118 233
118 301
118 303
119 193
119 215
119 298
120 249
121 145
121 164
122 137
122 145
122 181
122 220
122 278
122 303
123 131
123 161
123 233
123 238
123 265
124 135
124 137
124 148
124 197
124 272
124 303
126 135
126 167
127 176
127 197
127 269
128 131
128 137
128 153
128 218
128 258
128 315
129 130
129 131
129 135
129 142
129 159
129 160
129 179
129 180
129 181
129 184
129 205
129 206
129 223
129 231
129 234
129 245
129 246
129 252
129 257
129 258
129 274
129 284
129 287
129 290
129 292
130 132
130 133
130 145
130 162
130 167
130 168
130 188
130 192
130 200
130 210
130 219
130 226
130 231
130 267
130 273
130 298
131 132
131 134
131 160
131 162
131 164
131 166
131 195
131 207
131 209
131 214
131 224
131 239
131 256
131 293
131 295
131 302
131 309
132 188
132 237
132 247
132 298
133 134
133 135
133 150
133 152
133 157
133 169
133 173
133 195
133 233
133 239
133 249
133 252
133 265
133 266
133 279
133 298
134 156
134 172
134 179
134 188
134 196
134 214
134 258
134 277
135 145
135 150
135 156
135 157
135 159
135 161
135 182
135 204
135 209
135 221
135 247
135 255
135 258
135 265
135 269
135 299
136 177
136 179
136 185
136 205
136 215
136 220
136 252
136 270
136 276
136 277
136 286
136 305
137 179
137 182
137 220
138 147
138 180
138 193
138 217
138 267
138 273
139 227
140 220
140 224
140 276
141 184
141 274
142 242
142 258
142 266
143 230
143 247
143 299
144 208
144 284
145 185
145 193
145 207
145 216
145 240
145 280
146 159
146 215
146 244
148 160
148 206
148 212
148 233
148 265
148 286
149 154
149 218
149 298
151 287
152 157
152 178
152 196
152 199
152 217
153 208
154 162
154 199
154 239
154 244
154 247
155 185
156 157
156 174
156 200
156 201
156 212
156 215
156 218
156 219
156 220
156 221
156 233
156 244
156 272
157 179
157 192
157 197
157 258
157 275
157 285
157 287
158 160
158 204
158 267
159 189
159 190
159 230
159 239
160 162
160 181
160 205
160 210
160 242
160 286
160 289
160 314
161 177
161 267
162 167
162 179
162 309
163 180
163 191
163 205
163 231
164 192
164 287
164 296
166 179
166 188
166 282
167 179
167 203
167 209
167 210
167 214
167 231
167 271
167 275
167 279
171 216
171 285
172 185
172 264
172 283
172 288
173 188
173 252
174 293
175 188
176 268
177 196
179 201
179 210
179 266
180 202
180 211
180 239
181 218
182 234
182 244
182 313
184 210
184 215
184 266
184 278
185 288
186 286
188 207
188 219
188 234
188 275
188 283
188 298
188 314
189 305
190 240
190 249
190 263
191 197
191 214
191 220
191 271
191 287
191 314
192 200
192 269
193 209
194 247
195 260
196 215
196 267
197 211
197 275
197 288
200 210
200 216
200 288
201 210
201 233
201 284
202 246
204 215
204 252
205 211
205 216
205 238
205 240
205 271
206 282
206 286
206 298
209 272
209 297
209 298
210 212
210 227
210 246
210 260
210 286
211 258
211 261
211 286
211 287
212 260
212 279
213 304
214 230
214 231
214 307
215 221
215 230
215 249
215 258
215 287
216 267
217 260
218 226
218 305
218 308
219 251
219 303
220 266
220 269
220 290
222 242
222 244
222 255
223 259
223 288
224 237
224 240
224 309
226 243
226 248
226 272
229 256
231 273
231 287
231 288
231 299
232 247
232 273
233 260
233 286
235 304
237 287
238 287
239 258
241 263
241 276
241 293
242 244
242 281
242 285
243 307
245 256
246 298
248 286
249 251
249 287
251 300
252 255
256 304
258 284
258 286
258 287
260 272
261 315
264 296
266 283
266 292
266 301
268 272
269 283
269 296
271 305
273 294
279 286
281 305
283 311
287 315
288 307
288 315
290 303
296 301
302 304
