0 80
0 182
0 220
0 236
1 23
1 34
1 128
1 140
1 164
1 185
1 245
2 7
2 31
2 34
2 41
2 68
2 92
2 115
2 129
2 135
2 158
2 167
2 172
2 188
2 193
2 236
2 285
2 287
3 8
3 18
3 21
3 64
3 131
3 177
3 186
3 230
4 8
4 18
4 32
4 40
4 105
4 114
4 152
4 156
4 180
4 191
4 269
4 286
5 47
5 94
5 122
5 134
5 140
5 152
6 18
6 22
6 32
6 129
6 182
6 266
6 276
7 50
7 67
7 92
7 116
7 118
7 121
7 123
7 129
7 131
7 145
7 148
7 159
7 188
7 216
7 220
7 267
7 290
7 310
8 33
8 34
8 58
8 67
8 129
8 136
8 247
8 255
8 273
8 274
9 18
9 34
9 119
9 167
9 180
9 183
9 225
9 311
10 92
10 144
10 284
11 24
11 45
11 102
11 129
11 212
11 276
11 308
12 47
12 131
12 230
12 247
12 307
13 16
13 88
13 114
13 135
13 148
13 174
13 195
13 259
13 263
13 283
13 314
14 51
14 68
14 132
14 313
15 31
15 114
15 128
15 148
15 149
15 156
15 173
15 272
15 301
16 32
16 43
16 45
16 74
16 91
16 96
16 109
16 118
16 129
16 130
16 131
16 133
16 164
16 191
16 205
16 206
16 218
16 224
16 249
16 272
16 289
16 290
17 33
17 164
18 43
18 45
18 47
18 123
18 129
18 135
18 154
18 156
18 167
18 180
18 181
18 275
18 304
19 68
19 224
19 233
19 239
20 45
20 47
20 75
20 87
20 127
20 131
20 132
20 133
20 134
20 156
20 157
20 267
20 287
21 51
21 109
21 208
21 210
21 242
21 247
21 273
21 286
22 46
22 155
23 115
23 131
23 214
23 258
23 293
24 32
24 58
24 99
24 102
24 141
24 177
24 256
25 42
25 47
25 97
25 136
25 158
25 218
26 260
27 73
27 145
27 159
27 160
28 69
28 124
28 133
28 200
28 201
28 220
28 235
28 289
29 63
29 71
29 135
29 149
29 224
29 276
29 292
30 85
30 135
30 161
30 247
30 303
30 315
31 52
31 54
31 83
31 87
31 92
31 103
31 104
31 113
31 116
31 133
31 150
31 179
31 278
31 291
31 292
32 75
32 102
32 119
32 122
32 134
32 149
32 193
32 197
32 225
32 248
32 291
33 57
33 88
33 90
33 106
33 129
33 227
33 242
33 248
33 273
34 53
34 59
34 67
34 68
34 96
34 129
34 135
34 216
34 249
34 286
34 308
35 75
35 135
35 136
35 192
35 215
35 243
35 245
35 265
36 123
36 232
36 264
37 56
37 145
37 158
37 160
37 245
37 277
37 288
37 292
37 311
38 75
38 115
38 140
38 145
38 181
38 249
38 258
38 291
39 156
39 167
40 90
40 135
40 154
41 133
41 272
42 67
42 79
42 129
42 218
42 227
42 231
43 99
43 109
43 123
43 136
43 143
43 217
44 131
44 158
44 195
44 245
44 261
44 283
44 314
45 109
45 200
45 201
45 241
45 258
45 276
45 279
45 305
46 55
46 58
46 119
46 121
46 130
46 131
46 180
46 199
46 224
46 252
46 258
46 288
46 295
47 63
47 74
47 204
47 212
47 216
47 266
47 276
48 148
49 55
49 62
49 169
49 172
49 197
49 287
50 76
50 80
50 87
50 109
50 139
50 142
50 159
50 172
50 272
50 292
50 301
51 59
51 134
51 156
51 186
51 200
51 276
52 139
52 205
54 139
55 105
55 118
55 131
55 156
55 193
55 233
56 160
56 208
56 239
56 252
56 278
56 287
56 304
57 60
57 143
57 303
58 134
58 251
59 91
59 132
59 148
59 206
59 210
59 212
59 216
59 242
59 252
59 272
59 294
59 305
60 75
60 102
60 110
60 115
60 117
60 129
60 134
60 145
60 184
60 283
61 77
61 89
61 107
61 112
61 114
61 237
61 303
62 67
62 133
62 204
62 288
63 79
63 101
63 147
63 156
63 163
63 205
64 75
64 118
64 160
64 172
64 217
64 218
65 81
65 87
65 106
65 133
65 179
66 74
66 95
66 105
66 150
66 203
66 277
66 286
67 109
67 129
67 130
67 153
67 180
67 188
67 197
67 230
67 231
67 233
67 257
67 301
67 304
67 311
68 106
68 155
68 201
68 233
68 237
68 239
69 154
70 128
70 211
71 94
71 105
71 288
72 130
73 82
73 117
73 118
73 142
73 197
73 242
74 121
74 128
74 234
74 305
75 78
75 81
75 124
75 129
75 130
75 131
75 138
75 210
75 233
75 234
75 281
75 301
76 129
76 131
76 135
76 180
76 250
76 291
77 134
77 167
77 193
77 259
77 287
78 180
78 223
78 247
78 303
79 245
80 99
80 135
80 165
80 197
80 219
80 227
80 237
80 249
80 296
81 95
81 157
81 158
81 173
81 184
81 217
82 233
82 259
83 133
84 134
84 305
84 313
85 110
85 129
85 275
85 283
86 205
86 212
87 104
87 169
87 209
87 212
87 266
88 138
88 205
88 267
88 275
89 93
89 157
89 173
89 190
89 256
90 157
92 102
92 114
92 115
92 133
92 152
92 156
92 206
92 214
92 238
92 288
93 106
93 121
93 287
94 105
94 148
94 239
95 131
95 193
95 272
95 292
95 314
96 130
96 156
96 157
96 283
97 99
97 115
97 120
97 129
97 258
98 122
98 130
98 231
98 238
99 130
99 167
99 208
99 299
100 156
100 184
101 105
101 122
101 125
101 138
101 160
101 228
101 310
102 110
102 120
102 128
102 130
102 133
102 157
102 161
102 184
102 192
102 236
102 242
102 252
102 271
102 312
103 112
103 129
103 133
103 148
103 234
103 235
103 258
103 277
103 301
104 121
104 123
104 131
104 132
104 133
104 134
104 215
105 187
105 188
105 191
105 211
105 219
105 245
105 263
106 134
106 197
106 256
106 305
107 118
107 129
107 268
107 304
108 124
108 156
108 281
109 259
109 273
109 277
110 129
110 133
110 146
110 152
110 156
110 160
110 180
110 193
110 219
110 263
110 274
111 124
111 220
112 129
112 153
112 187
112 213
112 258
112 278
113 134
113 136
114 211
115 118
115 173
115 188
116 130
116 149
117 162
117 167
117 227
118 129
118 141
118 160
118 191
118 267
118 268
118 279
118 294
120 129
120 131
120 135
120 153
120 214
120 236
121 216
122 130
122 162
122 250
122 258
122 263
122 287
122 315
123 129
123 156
123 231
123 243
123 278
124 131
124 145
124 166
124 186
124 208
124 211
124 221
124 239
124 286
125 193
126 134
127 208
128 131
128 188
128 260
128 279
129 130
129 134
129 140
129 143
129 157
129 168
129 179
129 191
129 192
129 194
129 204
129 215
129 220
129 239
129 245
129 258
129 275
129 283
129 298
130 131
130 133
130 134
130 169
130 179
130 197
130 210
130 211
130 215
130 233
130 241
130 242
130 257
130 271
130 276
130 278
130 287
130 297
130 301
130 304
131 133
131 139
131 147
131 155
131 156
131 157
131 167
131 190
131 211
131 229
131 234
131 254
131 287
131 290
131 311
132 175
132 191
133 135
133 148
133 149
133 159
133 161
133 174
133 180
133 193
133 195
133 201
133 211
133 213
133 274
133 283
133 285
133 299
134 142
134 167
134 200
134 210
134 215
134 222
134 223
134 224
134 232
134 233
134 242
134 268
134 269
134 271
134 281
134 283
134 288
135 151
135 156
135 159
135 164
135 193
135 197
135 201
135 207
135 210
135 242
135 255
135 284
135 286
136 157
136 160
136 171
136 188
136 261
136 276
136 288
136 304
137 239
138 297
138 303
139 142
139 147
139 157
139 171
139 220
140 156
140 177
140 241
140 242
140 265
140 277
141 288
142 176
142 185
142 220
142 267
143 190
146 197
148 176
148 185
148 241
148 286
148 299
149 156
149 164
149 167
149 193
149 200
149 216
149 242
149 260
150 164
150 191
150 258
151 193
152 198
152 226
152 260
152 262
152 273
153 288
154 175
154 252
155 304
156 158
156 168
156 175
156 216
156 240
156 274
156 284
156 285
156 298
157 172
157 179
157 231
157 239
157 293
158 265
158 293
159 233
160 167
160 181
160 220
160 242
161 167
161 220
161 242
161 315
162 180
162 215
162 217
162 286
162 288
162 301
163 249
164 236
164 244
164 262
164 279
166 193
166 238
167 197
167 209
167 227
167 239
167 267
167 298
168 202
169 178
169 307
171 239
171 313
172 284
173 269
173 305
173 307
174 179
174 184
174 201
174 238
175 203
175 215
175 233
176 309
178 218
178 249
179 205
179 242
179 265
180 288
180 298
181 213
181 216
181 245
181 279
182 287
182 288
184 218
185 249
185 298
185 303
186 191
187 299
188 210
188 215
188 226
188 240
188 258
188 288
188 308
188 311
189 208
191 222
191 305
192 201
192 288
193 197
193 224
195 214
195 239
196 242
197 258
197 278
198 276
199 201
199 218
199 274
199 285
200 208
200 218
200 243
200 252
200 257
200 269
200 295
200 311
201 241
202 215
202 275
202 287
204 285
204 295
204 308
204 315
205 287
205 293
206 238
207 286
208 249
208 288
208 304
209 262
209 281
210 240
210 250
210 288
211 261
212 288
213 249
213 279
213 304
215 218
215 219
215 255
216 242
217 292
218 233
218 271
218 292
218 314
219 238
219 284
220 240
220 246
221 287
223 276
223 300
223 311
224 305
227 292
228 281
229 261
229 298
230 243
231 237
231 241
231 305
232 255
233 244
233 308
234 279
236 311
237 288
239 259
239 295
239 296
239 310
240 261
240 296
241 287
242 259
242 266
242 269
242 284
243 268
244 250
244 255
245 269
245 301
246 273
247 295
248 309
249 285
255 290
256 305
257 260
259 270
260 264
261 287
263 284
263 298
265 274
266 289
273 278
274 286
275 276
276 283
280 292
281 293
285 291
286 298
286 305
287 293
287 302
287 305
287 309
288 303
290 292
302 315
303 311
306 309
