0 2
0 29
0 129
0 133
0 156
0 220
0 258
1 43
1 174
1 286
2 46
2 64
2 89
2 101
2 103
2 148
2 193
2 200
2 214
2 273
2 286
2 287
2 291
3 29
4 14
4 83
4 128
4 211
4 223
4 260
5 10
5 46
5 50
5 68
5 69
5 90
5 205
6 31
6 68
6 118
6 137
6 148
6 209
6 229
6 239
6 249
6 296
7 11
7 31
7 60
7 75
7 129
7 131
7 145
7 151
7 154
7 156
7 162
7 188
7 241
7 265
8 23
8 28
8 67
8 99
8 103
8 131
8 157
8 213
8 273
8 314
9 60
9 89
9 105
9 131
9 162
9 167
9 286
9 291
10 110
10 130
10 135
11 80
11 95
11 135
11 157
11 158
12 29
12 70
12 89
12 90
12 121
12 149
12 157
12 210
12 246
12 255
12 279
12 288
12 296
12 303
13 75
13 90
13 128
13 197
13 304
14 18
14 106
14 129
14 130
14 133
14 140
14 148
14 196
14 197
14 219
14 220
15 36
15 206
15 219
15 220
15 276
16 62
16 64
16 65
16 97
16 131
16 133
16 149
16 156
16 192
16 200
16 220
16 223
16 249
16 258
16 266
17 96
17 100
17 102
17 106
17 109
17 206
17 273
17 287
18 45
18 118
18 129
18 222
18 230
18 245
20 53
20 84
20 85
20 101
20 104
20 156
20 165
20 180
20 215
20 279
20 292
21 59
21 60
21 77
21 135
21 313
22 73
22 135
22 278
23 303
23 314
24 39
24 45
24 76
24 158
24 255
25 76
25 92
25 98
25 103
25 134
25 180
25 209
25 288
26 34
26 107
27 83
27 109
27 149
27 287
28 62
28 78
28 103
28 117
28 128
28 143
28 157
28 166
28 214
28 271
28 288
28 289
29 60
29 95
29 147
29 193
29 217
29 250
29 306
30 32
30 35
30 40
30 121
30 313
31 39
31 60
31 66
31 97
31 129
31 131
31 133
31 135
31 149
31 161
31 167
31 224
31 236
31 242
32 76
32 134
32 135
32 136
32 139
32 152
32 155
32 179
32 193
32 215
32 229
32 240
32 257
32 283
32 285
32 286
32 309
32 312
33 43
33 68
33 74
33 87
33 113
33 131
33 134
33 140
33 204
33 228
33 258
33 269
33 286
34 106
34 122
34 140
34 272
35 67
35 97
35 137
35 177
35 250
35 256
35 296
36 74
36 78
36 112
36 117
36 129
36 134
36 249
37 67
37 135
37 215
38 122
38 129
38 131
38 134
38 158
38 162
38 276
38 287
39 174
39 180
39 275
39 301
40 47
40 52
40 87
40 90
40 102
40 121
40 239
41 105
41 110
41 121
41 129
41 279
42 130
42 162
42 191
42 294
42 307
42 315
43 84
43 113
43 171
44 136
44 217
44 249
44 265
45 67
45 79
45 103
45 121
45 122
45 130
45 135
45 191
46 59
46 70
46 75
46 108
46 120
46 128
46 156
46 157
46 159
46 171
46 182
46 239
46 299
47 51
47 135
47 200
47 219
47 260
48 55
48 59
48 156
48 177
48 188
48 214
48 232
48 244
48 287
49 81
49 105
49 122
49 130
49 140
49 149
49 193
49 197
49 200
49 312
50 85
50 129
50 136
50 172
50 196
50 211
50 212
50 249
50 293
50 302
51 61
51 68
51 133
51 192
51 230
51 273
51 305
52 59
52 75
52 111
53 285
54 70
54 109
54 114
54 156
54 157
54 193
55 59
55 144
55 243
56 64
56 82
56 124
56 135
56 231
58 180
59 79
59 118
59 133
59 134
59 174
59 188
59 209
59 232
59 243
59 249
59 280
59 304
59 311
60 61
60 77
60 101
60 191
60 212
60 228
60 232
60 249
60 287
60 301
60 303
61 154
62 109
62 133
62 156
62 193
62 288
63 133
63 135
63 137
63 148
63 158
63 193
63 202
63 252
64 80
64 86
64 185
64 206
64 218
64 267
65 89
65 118
65 273
65 305
66 91
66 160
67 104
67 131
67 133
67 134
68 98
68 115
68 116
68 135
68 282
69 128
69 210
69 287
70 123
70 182
70 217
70 230
71 118
71 135
72 139
72 152
72 210
72 299
73 110
73 150
73 206
73 207
73 242
74 103
74 127
74 152
74 165
74 181
74 232
75 92
75 103
75 131
75 138
75 167
75 218
75 219
75 220
75 288
76 118
77 135
77 232
78 109
78 169
78 244
79 142
79 193
79 230
79 249
80 87
80 92
80 105
80 134
80 149
80 186
80 237
80 247
81 86
81 118
81 134
81 136
81 152
81 159
82 138
83 94
83 101
83 102
83 148
83 191
83 257
84 196
85 89
85 94
85 131
85 134
85 162
85 177
85 200
85 204
86 97
87 101
87 124
87 130
87 137
87 156
87 161
87 217
87 246
87 313
88 121
88 135
88 197
88 215
89 135
89 143
89 156
89 260
89 284
89 295
90 128
91 245
91 305
92 109
92 115
92 122
92 123
92 135
92 192
92 195
92 201
93 170
94 129
95 114
95 129
95 131
95 148
95 209
96 102
96 124
96 126
96 133
96 159
96 179
96 303
97 106
97 130
97 208
97 211
97 273
98 103
98 130
98 134
98 215
98 220
98 229
99 113
99 246
99 286
100 115
100 180
101 166
101 193
101 206
101 268
101 271
101 277
102 126
102 131
102 134
102 180
102 210
102 220
102 231
102 277
102 278
103 112
103 122
103 133
103 156
103 220
103 223
103 315
104 132
104 133
104 149
104 177
104 182
104 242
104 305
105 130
105 135
105 160
105 167
105 198
105 220
105 232
106 137
106 173
106 186
106 197
106 210
106 222
106 224
106 289
106 313
107 120
107 129
107 133
107 156
108 179
108 200
108 224
109 128
109 143
109 145
109 238
109 287
110 156
110 180
110 210
110 266
110 301
111 118
111 156
111 159
112 118
112 206
112 226
113 134
114 158
114 275
115 153
115 237
115 298
116 134
116 188
116 242
117 132
117 232
117 272
117 286
118 167
118 172
118 180
118 230
118 233
118 234
118 279
119 146
119 167
119 176
119 214
119 223
119 267
120 216
120 249
120 270
121 129
121 197
121 200
122 124
122 129
122 138
122 217
122 229
122 268
122 277
122 286
122 293
123 167
123 200
123 254
123 268
124 133
124 134
124 160
124 164
124 203
124 231
124 280
125 202
127 129
127 133
127 135
127 160
127 244
127 296
128 135
128 245
128 269
128 283
128 305
129 130
129 133
129 135
129 136
129 149
129 152
129 156
129 200
129 206
129 210
129 211
129 222
129 233
129 245
129 249
129 258
129 275
129 277
129 283
129 286
129 309
130 135
130 137
130 140
130 141
130 165
130 167
130 204
130 211
130 232
130 242
130 245
130 272
130 275
130 278
130 287
130 288
130 292
130 293
130 298
130 301
131 133
131 134
131 136
131 146
131 162
131 180
131 200
131 218
131 219
131 259
131 268
131 279
131 281
131 287
131 296
131 303
132 133
132 134
132 198
132 233
132 305
133 136
133 149
133 160
133 161
133 192
133 195
133 210
133 223
133 239
133 242
133 254
133 268
133 271
133 272
133 281
133 286
133 292
134 143
134 148
134 154
134 191
134 204
134 213
134 218
134 220
134 239
134 241
134 245
134 266
134 272
134 286
134 295
134 305
134 315
135 136
135 149
135 158
135 193
135 197
135 209
135 211
135 217
135 220
135 240
135 258
135 273
135 293
135 298
135 309
136 152
136 216
136 248
136 249
136 274
136 278
136 296
136 306
138 148
138 156
138 261
138 272
139 221
139 257
139 287
140 149
140 194
140 207
140 237
140 282
140 308
141 152
141 173
142 275
142 298
144 156
144 229
145 148
145 215
145 222
146 233
147 228
147 279
147 283
147 312
148 193
148 203
148 211
148 247
148 252
148 287
148 293
149 153
149 157
149 163
149 174
149 188
149 218
149 231
150 162
150 219
151 269
152 180
152 233
152 309
154 206
154 226
154 249
154 309
155 181
156 162
156 164
156 167
156 172
156 178
156 188
156 200
156 203
156 204
156 213
156 222
156 231
156 232
156 264
156 313
157 161
157 176
157 184
157 193
157 216
157 242
157 261
157 298
157 304
158 178
158 188
158 208
158 254
159 206
159 240
159 272
159 286
160 162
160 197
160 203
160 264
160 287
160 292
161 179
161 211
161 219
161 230
161 287
162 163
162 185
162 208
162 220
162 239
163 267
164 208
164 240
164 265
164 275
164 288
165 180
165 242
167 179
167 233
167 239
167 258
167 265
168 260
172 219
172 313
174 296
176 202
176 205
176 256
177 276
179 200
179 245
179 268
179 295
180 229
180 238
181 249
181 293
184 205
184 244
184 315
185 260
186 240
186 242
187 188
187 221
188 220
188 233
188 275
188 279
188 295
188 301
189 202
191 231
191 292
192 266
193 200
193 210
193 212
193 228
193 270
193 278
193 291
194 220
194 313
195 290
196 216
196 266
197 206
197 220
198 214
200 250
200 266
200 286
200 295
204 275
204 283
205 305
206 264
206 288
208 211
210 217
210 223
210 229
210 231
210 264
210 265
210 286
211 223
211 232
211 285
213 313
214 275
215 288
216 275
217 236
217 283
219 303
220 238
220 246
220 247
220 251
220 276
220 288
220 297
221 295
224 307
225 284
232 241
233 269
234 251
235 291
236 272
238 252
239 242
239 261
239 286
239 288
240 276
240 307
242 287
242 291
242 307
242 312
243 249
243 284
244 302
245 283
246 272
247 258
247 268
247 287
248 290
250 285
252 285
253 304
263 287
265 272
265 301
268 274
269 301
269 307
273 287
274 288
275 278
275 293
275 299
275 314
284 291
285 292
290 291
291 311
292 299
298 302
301 305
301 313
303 315
307 308
308 310
