0 37
0 134
0 233
0 258
0 278
1 8
1 92
1 139
1 157
1 194
1 196
1 291
1 307
2 15
2 42
2 48
2 67
2 68
2 85
2 110
2 118
2 133
2 140
2 156
2 173
2 177
2 180
2 210
2 220
2 224
2 235
3 134
3 167
3 224
4 33
4 118
4 180
4 266
5 42
5 130
5 167
5 170
5 181
5 213
5 239
5 281
5 286
5 299
6 35
6 45
6 50
6 59
6 145
6 164
6 180
6 195
6 288
6 290
7 47
7 49
7 51
7 62
7 74
7 76
7 100
7 117
7 124
7 138
7 142
7 143
7 157
7 224
7 227
7 233
7 239
7 264
7 288
8 11
8 60
8 80
8 99
8 133
8 134
8 182
8 212
8 280
8 285
8 299
8 305
9 76
9 117
9 270
10 129
10 174
10 188
10 200
10 285
11 139
11 142
11 173
11 220
11 252
11 263
11 265
11 278
12 72
12 102
12 113
12 265
12 275
12 305
13 46
13 49
13 76
13 143
13 193
14 59
14 122
14 132
14 191
15 18
15 94
15 188
15 210
15 268
16 68
16 74
16 108
16 198
16 215
16 218
16 230
16 231
16 242
16 278
16 283
16 287
17 47
17 68
17 83
17 117
17 130
17 134
17 144
17 210
17 257
17 287
18 33
18 95
18 100
18 188
18 203
18 223
18 277
18 302
19 206
19 288
20 74
20 113
20 166
20 193
20 268
21 44
21 66
22 48
22 54
22 109
22 214
23 54
23 78
23 118
23 200
23 206
23 218
24 50
24 51
24 91
24 300
25 54
25 72
25 118
25 131
25 143
25 188
25 286
26 44
26 103
26 162
26 275
26 309
27 29
27 34
27 75
27 134
27 135
27 264
28 32
28 64
28 72
28 73
28 93
28 108
28 115
28 130
28 135
28 152
28 169
28 233
28 261
28 273
28 305
29 135
29 138
29 167
30 59
30 84
30 96
30 133
30 197
30 215
30 287
31 42
31 47
31 62
31 130
31 135
31 163
31 176
31 210
31 212
31 228
31 249
31 263
31 268
31 276
31 305
32 45
32 79
32 80
32 83
32 106
32 109
32 122
32 123
32 131
32 138
32 157
32 173
32 188
32 214
32 287
32 304
33 59
33 75
33 76
33 100
33 101
33 130
33 183
33 191
33 220
33 233
33 287
34 115
34 126
34 130
34 131
34 134
34 135
34 142
34 272
34 285
35 123
35 129
35 157
35 179
35 193
35 214
35 272
35 299
36 37
36 241
36 281
36 290
37 114
37 129
37 133
37 145
37 156
38 140
38 156
38 191
38 204
38 264
38 276
39 54
39 65
39 80
39 131
39 220
39 311
40 71
40 109
40 141
40 148
40 152
40 210
40 232
41 156
41 239
41 287
41 302
42 62
42 68
42 89
42 149
42 179
42 200
42 222
42 224
42 299
43 114
43 130
43 167
43 185
43 205
43 211
44 72
44 81
44 107
44 142
45 60
45 95
45 99
45 102
45 103
45 106
45 107
45 153
45 161
45 165
45 172
46 61
46 89
46 95
46 156
46 177
46 188
46 255
46 284
46 287
46 298
47 60
47 78
47 99
47 123
47 134
47 147
47 157
47 210
47 220
47 284
47 296
48 56
48 65
48 97
48 102
48 105
48 206
48 287
49 78
49 124
49 131
49 138
49 269
49 275
50 59
50 60
50 82
50 113
50 131
50 196
50 266
50 278
51 113
51 135
51 141
51 157
51 287
52 105
52 162
52 180
52 301
53 285
54 78
54 131
54 204
54 250
54 298
55 62
55 64
55 124
55 135
55 223
55 287
56 95
56 134
56 140
56 292
57 111
57 130
57 174
57 185
58 133
58 182
58 193
58 239
58 241
59 79
59 90
59 134
59 150
59 161
59 185
59 193
59 206
59 224
59 258
60 63
60 65
60 148
60 156
60 174
60 287
61 162
61 215
61 285
62 133
62 152
62 224
62 235
62 312
63 160
63 184
63 188
63 205
63 249
63 255
63 289
64 135
64 216
65 104
65 118
65 163
66 267
67 105
67 140
67 148
67 157
67 160
67 239
67 265
68 114
68 118
68 129
68 156
68 193
68 276
69 91
69 220
69 287
70 136
71 81
71 130
71 268
72 218
72 224
72 274
73 95
73 145
73 148
73 149
73 176
73 211
74 100
74 124
74 136
74 159
74 200
74 276
74 288
74 299
75 84
75 102
75 157
75 185
75 218
75 267
75 286
76 129
76 205
76 207
77 93
77 134
77 156
77 193
77 211
77 286
77 287
78 122
78 239
79 104
79 106
79 133
79 134
79 149
79 249
79 288
80 90
80 92
80 97
80 131
80 136
80 234
80 284
80 287
81 118
81 121
81 131
81 142
83 91
83 175
83 239
83 288
84 275
85 117
85 133
85 149
85 182
85 220
85 275
85 305
86 263
87 110
87 133
87 149
87 168
87 172
87 268
88 104
88 126
88 134
88 138
88 287
89 130
89 147
90 110
90 113
90 285
90 286
91 93
91 130
91 200
91 201
91 211
92 131
92 156
92 203
92 227
92 287
92 293
92 296
94 133
94 141
94 148
94 187
94 228
94 277
94 279
95 98
95 124
96 101
96 130
96 193
96 313
97 115
97 129
97 179
97 228
97 249
98 156
98 286
100 156
101 117
101 129
101 156
101 172
101 216
101 221
101 249
101 286
101 306
102 154
102 172
102 200
102 205
102 206
102 213
102 231
102 237
102 258
103 126
103 129
103 146
103 158
103 191
103 210
103 219
103 231
103 248
103 249
103 286
103 287
104 109
104 113
104 131
104 158
104 174
104 201
104 288
104 298
105 122
105 129
105 130
105 136
105 162
105 164
105 247
106 200
106 204
106 208
107 269
107 275
108 184
108 206
108 242
108 292
108 298
109 180
109 206
109 224
109 292
110 118
110 156
110 173
110 178
110 188
110 217
111 181
112 184
112 212
112 218
112 286
113 135
114 133
114 151
114 157
114 200
114 213
114 217
114 272
115 123
115 296
117 125
117 149
117 156
117 224
117 254
117 276
117 286
117 288
118 156
118 164
118 193
118 220
118 223
119 172
119 242
119 301
120 158
120 285
121 135
121 197
121 221
122 130
122 131
122 149
122 206
122 210
122 288
123 184
123 191
123 204
123 206
123 208
124 134
124 142
124 172
124 193
124 218
124 242
124 260
125 185
125 308
126 131
126 273
127 144
127 148
127 232
128 172
128 218
129 130
129 134
129 135
129 153
129 157
129 159
129 168
129 180
129 193
129 200
129 205
129 209
129 215
129 218
129 234
129 260
129 261
129 266
130 156
130 164
130 191
130 195
130 205
130 216
130 266
130 276
130 287
131 133
131 135
131 138
131 141
131 146
131 148
131 154
131 162
131 181
131 184
131 188
131 193
131 206
131 210
131 213
131 222
131 226
131 233
131 240
131 241
131 258
131 261
131 269
131 283
131 287
132 256
132 260
132 288
133 134
133 145
133 150
133 153
133 156
133 160
133 187
133 197
133 215
133 216
133 224
133 229
133 230
133 238
133 242
133 249
133 263
133 264
133 280
133 287
134 152
134 154
134 173
134 213
134 261
134 271
134 276
134 285
134 295
134 309
135 156
135 158
135 206
135 210
135 218
135 231
135 233
135 239
135 243
135 284
135 288
135 296
135 305
136 152
136 156
136 167
136 201
136 233
136 239
136 271
136 294
136 295
136 313
137 218
137 277
138 154
138 307
139 225
140 200
140 217
140 224
140 286
141 260
142 210
142 230
143 266
144 235
145 274
145 283
145 286
146 156
146 200
148 192
148 193
148 196
148 200
148 222
148 304
149 161
149 200
149 229
149 243
149 296
150 295
152 154
152 171
152 174
152 199
152 204
152 272
152 277
152 283
152 311
153 188
153 193
153 223
154 167
156 163
156 164
156 167
156 173
156 224
156 259
156 270
156 273
156 284
156 304
156 313
157 181
157 188
157 206
157 219
157 224
157 231
157 246
157 271
158 249
158 301
159 210
159 248
159 298
160 184
160 193
160 228
160 230
160 286
160 302
162 197
164 286
166 200
166 245
166 272
167 181
167 220
167 287
167 305
169 224
171 245
172 180
172 217
173 228
173 243
174 200
174 231
174 283
176 307
177 214
179 203
179 204
179 233
180 184
180 204
180 252
180 268
180 287
181 188
184 229
184 264
185 205
185 250
185 272
187 268
188 278
191 200
191 217
193 200
193 205
193 210
193 215
193 249
193 284
195 217
195 222
195 257
196 286
197 303
198 284
199 288
200 206
200 207
200 285
200 287
200 298
202 312
204 288
206 219
206 272
206 295
208 249
208 298
208 305
209 224
209 231
209 266
209 284
209 302
209 306
210 249
211 285
212 233
212 286
214 298
215 232
215 239
215 247
218 238
218 260
218 281
218 294
220 287
222 265
222 267
223 248
224 269
226 290
227 289
230 266
230 289
231 308
232 254
233 238
233 241
235 243
235 269
238 284
239 280
239 287
240 294
241 288
247 287
249 275
250 285
252 297
254 304
255 260
258 281
258 286
260 263
260 277
261 283
268 276
268 279
268 284
268 293
272 275
273 274
273 286
274 287
275 282
278 311
282 290
283 287
285 291
286 287
286 305
292 310
