0 69
0 98
1 89
1 124
1 137
1 179
1 267
1 293
2 10
2 52
2 64
2 89
2 91
2 93
2 104
2 115
2 117
2 122
2 150
2 153
2 207
2 232
2 237
2 247
3 82
3 99
3 159
3 203
3 210
3 232
3 258
3 261
4 44
4 103
4 120
4 157
4 284
5 33
5 60
5 130
5 150
5 154
5 160
5 165
5 209
5 237
5 244
5 287
5 315
6 31
6 64
6 135
6 180
6 307
7 17
7 22
7 35
7 47
7 48
7 62
7 68
7 88
7 90
7 99
7 117
7 134
7 212
7 220
7 232
7 264
7 273
8 18
8 27
8 38
8 67
8 72
8 95
8 116
8 129
8 130
8 134
8 218
8 271
9 21
9 49
9 124
10 24
10 38
10 46
10 62
10 133
10 134
10 136
10 138
10 196
10 204
10 255
10 289
11 60
11 134
11 250
11 263
11 302
12 16
12 31
12 52
12 74
12 87
12 103
12 110
12 130
12 134
12 160
12 180
12 185
12 202
12 249
12 283
12 298
13 30
13 98
13 116
13 257
13 284
13 287
14 43
14 84
14 103
14 130
15 79
15 87
15 105
15 152
15 168
15 258
16 34
16 89
16 127
16 134
16 142
16 188
16 206
16 220
16 264
16 281
16 284
16 303
17 103
17 134
17 139
17 156
17 213
17 287
18 20
18 59
18 109
18 110
18 136
18 140
18 142
18 154
18 156
18 180
18 201
18 211
18 218
18 224
18 233
18 254
18 303
19 226
20 79
20 80
20 89
20 208
20 231
20 234
20 241
21 101
21 203
21 212
21 217
21 314
22 98
22 167
22 212
23 166
24 45
24 103
24 119
24 133
24 136
24 166
24 196
24 223
24 269
25 90
25 119
25 138
25 167
25 249
25 259
26 87
26 174
26 298
27 28
27 35
27 43
27 51
27 84
27 92
27 116
27 165
27 200
27 241
28 149
28 158
28 272
29 43
29 72
29 98
29 110
29 129
29 239
30 44
30 143
30 224
30 276
30 314
31 62
31 117
31 128
31 129
31 158
31 237
31 238
31 249
31 288
32 46
32 55
32 78
32 94
32 117
32 129
32 133
32 135
32 150
32 205
32 213
32 214
32 216
32 219
32 249
32 280
33 94
33 120
33 122
33 136
33 166
33 208
33 232
33 239
33 250
33 273
34 77
34 118
34 129
34 156
34 160
34 175
34 212
34 233
34 249
34 257
35 66
35 105
35 122
35 130
35 131
35 133
35 156
35 157
35 283
35 300
36 78
36 211
36 214
37 38
37 109
37 136
37 194
37 229
37 273
38 133
38 217
38 238
39 83
39 103
39 118
39 130
39 157
39 180
39 287
40 75
40 77
40 121
40 124
40 129
40 173
41 81
41 96
41 172
41 206
41 249
42 43
42 51
42 113
42 118
42 129
42 168
42 171
42 245
42 249
43 69
43 92
43 98
43 169
43 232
43 309
44 103
44 274
45 74
45 80
45 90
45 117
45 130
45 137
45 157
45 193
45 196
45 210
45 249
45 250
45 255
45 258
45 272
45 287
46 64
46 70
46 94
46 112
46 129
46 167
46 172
46 173
46 204
46 218
46 239
46 244
46 255
46 277
46 288
46 299
47 60
47 62
47 248
48 67
48 77
48 167
48 172
48 299
48 315
49 95
49 119
49 282
50 94
50 119
50 134
50 231
50 267
51 120
51 129
51 134
51 156
51 225
51 285
51 314
52 60
52 105
52 241
53 156
53 232
54 101
54 128
54 130
54 133
55 117
55 129
55 130
55 180
55 212
56 109
56 130
56 139
56 173
56 188
56 293
56 295
57 129
57 171
57 208
57 233
57 261
57 270
58 80
58 231
59 135
59 141
59 192
59 197
59 220
59 273
60 110
60 118
60 122
60 124
60 129
60 172
60 197
60 213
60 259
60 287
61 76
61 161
61 255
62 167
62 185
62 188
62 201
62 213
62 274
63 69
63 128
63 177
63 181
63 262
64 103
64 135
64 152
64 174
64 179
64 233
65 104
65 121
65 193
66 138
66 275
67 96
67 134
67 143
67 148
67 160
67 167
67 192
67 219
67 243
67 264
67 288
68 88
68 96
68 123
68 124
68 129
68 136
68 180
68 196
68 261
68 287
69 149
70 100
70 177
70 217
70 231
70 238
70 258
71 95
71 167
71 285
72 87
72 231
72 237
72 279
72 314
72 315
73 128
73 135
73 139
73 214
73 223
73 252
73 267
73 309
74 124
74 131
74 133
74 148
74 149
74 158
74 174
74 236
74 275
74 283
74 284
75 85
75 89
75 93
75 133
75 136
75 181
75 251
75 294
76 130
77 112
77 216
77 308
77 312
78 87
78 104
78 302
79 104
79 141
79 143
79 214
79 242
79 303
80 130
80 188
80 209
80 273
80 283
81 90
81 103
81 163
81 180
81 200
81 220
81 255
81 286
83 118
83 142
83 154
83 179
83 188
83 214
83 283
84 96
85 105
85 185
85 206
86 101
86 153
86 307
87 104
87 111
87 160
87 181
87 200
87 210
87 228
87 301
88 130
88 193
88 205
88 218
89 108
89 120
89 125
89 133
89 218
89 224
89 240
89 303
90 205
90 208
91 100
91 156
91 159
92 102
92 118
92 125
92 133
92 140
92 156
93 245
94 134
94 179
94 236
95 118
95 200
95 222
95 248
95 281
96 133
96 177
96 210
97 152
97 154
97 168
97 179
97 184
97 241
97 249
97 287
97 304
98 106
98 136
98 167
98 274
98 288
100 247
101 114
101 130
101 160
101 186
101 239
101 243
102 131
102 134
102 135
102 136
102 148
102 160
102 174
102 246
102 258
103 134
103 135
103 136
103 141
103 145
103 152
103 200
103 220
103 246
103 268
104 118
104 242
104 257
104 266
104 269
104 287
104 288
105 135
105 208
105 220
105 242
105 295
105 299
106 122
106 167
106 235
107 133
107 135
107 161
107 235
108 117
108 192
108 229
109 130
109 188
109 233
109 268
109 272
110 124
110 131
110 135
110 146
110 157
110 159
110 206
110 256
111 185
111 193
112 129
114 128
114 148
114 204
114 215
114 261
115 287
117 131
117 199
117 215
117 298
118 129
118 134
118 138
118 145
118 156
118 167
118 180
118 211
118 212
118 216
118 218
118 227
118 232
118 237
118 275
118 279
118 308
119 135
120 157
121 133
121 141
121 167
121 191
121 240
122 133
122 167
122 182
122 242
123 134
123 140
123 156
123 220
124 128
124 130
124 131
124 133
124 135
124 168
124 242
124 275
124 309
127 258
128 211
128 285
129 130
129 131
129 133
129 135
129 136
129 149
129 154
129 159
129 167
129 179
129 180
129 194
129 200
129 210
129 232
129 260
129 266
129 270
129 283
129 292
130 135
130 136
130 142
130 148
130 152
130 185
130 197
130 201
130 219
130 237
130 249
130 252
130 265
130 272
130 275
130 287
130 293
130 301
130 305
131 134
131 135
131 148
131 154
131 157
131 160
131 162
131 165
131 171
131 184
131 195
131 197
131 215
131 243
131 254
131 277
131 288
131 301
132 184
132 262
132 271
133 154
133 155
133 157
133 184
133 188
133 208
133 210
133 217
133 223
133 249
133 251
133 257
133 275
133 286
133 298
133 312
133 313
133 315
134 135
134 136
134 138
134 156
134 167
134 172
134 197
134 200
134 204
134 215
134 226
134 241
134 262
134 267
134 279
134 286
134 298
134 301
135 139
135 148
135 153
135 157
135 185
135 200
135 212
135 219
135 229
135 238
135 242
135 245
135 251
135 283
135 304
136 148
136 153
136 180
136 211
136 304
137 145
137 195
138 197
138 232
139 174
140 157
140 165
141 265
142 187
142 200
142 205
142 210
142 233
142 297
143 195
143 212
143 244
143 303
144 279
145 162
145 168
145 310
146 201
146 270
147 149
147 276
148 179
148 210
148 211
148 226
148 238
148 266
148 298
148 303
149 179
149 246
149 260
149 275
149 292
150 167
150 172
152 163
152 182
153 156
153 221
154 171
154 193
155 191
156 217
156 242
156 275
156 285
156 298
156 315
157 160
157 192
157 200
157 252
157 259
157 288
158 219
158 283
159 174
159 283
159 298
160 177
160 273
161 172
161 220
161 231
161 252
161 286
162 193
162 289
163 195
163 288
164 177
164 191
164 302
165 177
167 192
167 193
167 197
167 227
167 231
167 239
167 252
167 285
167 286
167 287
167 290
168 174
168 244
168 286
168 290
171 197
171 208
171 304
172 200
173 258
173 287
173 290
174 176
174 197
174 205
174 208
174 258
174 271
174 284
175 249
177 180
177 206
177 314
178 249
178 269
179 180
179 231
179 303
180 200
180 212
180 241
180 278
180 285
180 288
180 304
181 292
182 185
182 200
182 209
182 252
182 292
183 287
184 230
185 224
185 287
187 271
188 212
188 233
188 288
188 293
189 238
191 274
191 287
192 207
192 219
192 247
193 198
193 200
193 211
193 244
193 246
193 273
193 275
193 298
194 285
197 228
197 255
197 284
199 233
200 211
200 224
200 235
200 254
200 293
200 305
201 249
201 292
201 297
202 265
203 237
204 248
204 249
205 285
206 277
206 292
208 278
209 245
209 258
210 242
210 293
210 306
212 224
212 239
212 295
213 230
213 255
214 276
215 281
218 231
218 237
219 245
220 243
220 304
221 258
223 279
224 281
224 284
224 298
229 305
230 245
230 313
232 279
233 295
233 308
234 242
235 288
237 309
238 248
238 287
239 249
239 264
239 283
239 286
242 286
245 304
245 309
247 269
248 314
249 257
249 258
252 260
257 295
258 267
260 307
260 311
261 283
261 292
266 267
266 284
269 304
269 309
270 283
273 287
273 305
278 286
281 287
283 304
286 309
287 288
288 299
296 315
301 313
304 308
307 313
