0 133
0 243
1 47
1 55
1 62
1 80
1 91
1 109
1 145
1 283
2 9
2 46
2 50
2 69
2 94
2 111
2 114
2 126
2 131
2 146
2 158
2 165
2 167
2 208
2 287
2 304
3 8
3 59
3 109
3 158
3 246
4 59
4 70
4 102
4 246
4 270
5 76
5 80
5 108
5 122
5 130
5 133
5 135
5 148
5 149
5 288
6 44
6 46
6 49
6 66
6 74
6 112
6 216
6 224
7 9
7 15
7 20
7 45
7 64
7 68
7 88
7 92
7 114
7 129
7 133
7 142
7 164
7 213
7 242
7 263
7 286
7 287
7 288
8 12
8 34
8 65
8 75
8 121
8 149
8 162
8 179
8 205
8 219
8 261
8 276
8 313
9 103
9 131
9 160
9 188
9 216
10 35
10 156
10 157
10 164
10 315
11 15
11 74
11 180
11 279
11 288
12 31
12 48
12 90
12 157
12 197
13 51
13 127
13 148
13 167
13 200
13 208
14 38
14 110
14 129
14 133
14 156
14 164
14 165
14 173
14 174
14 240
15 45
15 165
15 167
15 202
15 246
15 249
15 272
15 303
16 43
16 60
16 102
16 106
16 143
16 148
16 152
16 180
16 191
16 194
16 203
16 205
16 210
16 213
16 221
16 252
16 260
16 266
16 268
16 277
16 280
16 288
17 117
17 142
17 148
17 158
17 172
18 21
18 25
18 40
18 129
18 130
18 141
18 257
19 32
20 57
20 88
20 92
20 130
20 193
20 276
21 37
21 95
21 134
21 136
22 136
22 180
23 25
23 145
24 88
24 164
24 178
25 103
25 129
25 136
25 180
25 213
25 286
25 287
25 310
26 59
26 156
26 173
26 188
26 240
27 116
27 204
28 85
28 131
28 152
28 206
28 287
28 298
29 35
29 63
29 174
29 204
29 213
29 232
30 129
30 133
30 215
30 272
31 32
31 34
31 45
31 48
31 105
31 106
31 109
31 117
31 118
31 134
31 136
31 161
31 179
31 216
31 218
31 288
31 305
32 101
32 106
32 117
32 129
32 134
32 148
32 167
32 168
32 172
32 193
32 210
32 223
32 299
33 46
33 65
33 80
33 88
33 97
33 118
33 135
33 162
33 183
33 218
33 237
33 249
33 255
33 270
34 46
34 108
34 129
34 131
34 133
34 157
34 158
34 162
34 167
34 196
34 258
35 48
35 142
35 144
35 230
36 44
36 72
36 81
36 101
36 108
36 113
36 130
36 133
36 205
36 304
37 81
37 138
37 274
38 130
38 224
38 255
38 287
38 310
39 89
39 160
39 204
40 131
40 157
40 171
40 188
40 230
40 238
40 295
41 61
41 63
41 72
41 81
41 118
41 180
41 181
41 205
42 64
42 81
42 85
42 133
42 156
42 174
43 66
43 129
43 199
43 214
43 260
44 249
45 46
45 65
45 66
45 71
45 73
45 136
45 167
45 268
45 283
45 286
45 305
46 47
46 92
46 153
46 191
46 195
46 215
46 224
46 229
46 234
46 264
46 296
46 311
47 97
47 103
47 133
47 135
47 152
47 220
47 233
47 261
47 263
47 283
47 287
47 312
48 130
48 133
48 163
48 217
48 249
48 265
49 101
49 110
49 148
49 156
49 181
49 244
49 262
50 59
50 69
50 179
50 257
50 288
51 80
51 109
51 129
51 130
51 154
51 216
51 287
51 314
52 118
52 171
52 194
53 293
54 64
54 94
54 121
54 136
54 201
54 287
55 74
55 88
55 193
55 215
55 272
56 98
56 166
56 200
56 263
57 59
57 131
57 286
58 217
58 284
59 94
59 135
59 141
59 148
59 211
59 225
59 244
60 94
60 101
60 160
60 206
60 210
60 279
61 67
61 152
61 206
62 247
62 291
63 76
63 77
63 87
63 89
63 174
63 210
64 85
64 116
64 129
64 152
64 188
64 205
64 206
64 227
64 235
64 249
64 285
65 76
65 181
65 257
65 275
66 67
66 206
66 240
67 70
67 143
67 197
67 200
68 83
68 86
68 103
68 134
68 135
68 240
68 261
68 315
69 115
69 138
69 191
69 235
70 129
70 135
70 146
70 177
72 195
73 89
73 102
73 122
73 154
73 194
73 213
73 232
73 247
74 127
74 148
74 152
74 167
74 168
74 179
74 180
74 191
74 248
75 103
75 107
75 120
75 131
75 140
75 152
75 160
75 187
75 200
75 249
75 292
76 84
76 127
76 131
76 142
76 272
77 140
77 171
77 259
78 104
78 110
78 157
78 165
78 215
78 233
78 239
78 273
79 122
79 288
79 298
79 301
80 102
80 124
80 128
80 220
80 285
81 154
81 207
82 131
82 178
82 249
83 160
83 206
83 210
83 286
84 103
85 92
85 125
85 287
86 180
86 184
86 207
87 114
87 118
87 141
87 172
87 303
88 117
88 118
88 153
88 242
88 289
88 302
89 144
89 204
89 213
89 228
89 263
90 111
90 205
90 212
90 247
90 294
91 106
91 134
91 287
92 114
93 132
93 156
94 97
94 100
94 110
94 140
94 231
94 298
95 126
95 131
95 152
95 167
95 249
96 156
96 199
97 103
97 142
97 157
97 209
97 224
97 228
98 124
98 161
98 174
98 218
98 240
98 252
98 279
99 106
99 156
99 205
100 242
101 134
101 153
101 206
102 127
102 131
102 143
102 145
102 173
102 174
102 182
102 185
102 206
102 218
102 267
102 286
103 125
103 133
103 134
103 148
103 206
103 218
103 219
103 261
103 269
103 282
103 293
103 304
104 106
104 123
104 129
104 195
104 261
104 266
104 268
104 288
104 304
105 128
105 214
105 233
105 276
105 287
106 118
106 134
106 137
106 157
106 193
106 194
106 195
106 278
106 287
107 157
107 159
107 164
107 206
107 219
107 249
107 297
108 131
108 156
108 180
108 185
108 190
108 208
108 210
108 268
108 305
109 114
109 130
109 160
109 216
109 258
109 281
109 310
110 135
110 175
110 179
111 148
111 160
113 134
113 246
114 118
114 172
114 200
115 133
115 134
115 148
115 184
115 286
117 124
117 128
117 136
117 148
117 149
117 156
117 157
117 164
117 193
117 272
118 129
118 133
118 140
118 144
118 156
118 165
118 204
118 206
118 258
118 274
119 123
120 136
120 168
120 206
120 293
121 124
121 129
121 160
121 295
122 136
122 163
122 274
122 302
123 212
123 219
123 262
123 296
124 133
124 191
124 211
124 216
125 161
125 272
125 274
126 218
126 296
127 208
128 129
128 142
128 200
128 239
128 273
129 130
129 131
129 134
129 135
129 150
129 152
129 195
129 199
129 201
129 228
129 230
129 249
129 267
129 268
129 281
129 285
129 288
129 292
129 293
129 301
130 138
130 140
130 154
130 156
130 159
130 160
130 180
130 186
130 191
130 192
130 205
130 217
130 238
130 239
130 261
130 262
130 284
130 286
130 288
130 297
130 299
130 314
131 133
131 136
131 142
131 156
131 165
131 168
131 179
131 200
131 205
131 208
131 210
131 214
131 232
131 239
131 257
131 258
131 270
131 285
131 288
131 298
131 306
132 314
133 147
133 164
133 172
133 173
133 180
133 210
133 220
133 223
133 235
133 269
133 283
133 284
133 291
134 135
134 141
134 150
134 161
134 165
134 172
134 174
134 192
134 200
134 204
134 279
134 297
134 304
134 310
135 151
135 156
135 213
135 215
135 222
135 224
135 233
135 249
135 286
136 156
136 166
136 197
136 202
136 211
136 235
136 249
136 255
136 288
138 209
138 246
139 161
139 218
139 287
140 194
140 206
140 308
140 312
141 304
142 158
142 216
142 237
142 247
142 265
142 308
143 156
143 188
143 213
143 216
146 260
147 174
147 242
148 164
148 242
148 302
149 191
149 217
153 166
153 193
153 204
153 252
153 266
154 314
155 198
155 314
156 166
156 181
156 186
156 191
156 192
156 200
156 206
156 212
156 221
156 231
156 249
156 280
156 296
156 312
157 160
157 164
157 177
157 199
157 224
157 230
157 232
157 233
157 308
157 310
158 200
158 232
158 266
158 288
159 166
159 202
159 224
159 247
159 256
159 274
160 162
160 176
160 180
160 191
160 219
160 252
161 272
161 298
162 198
162 287
162 298
163 279
164 177
164 206
164 298
165 274
166 187
166 202
166 243
166 259
167 218
167 242
167 263
167 281
167 287
167 298
167 299
167 314
169 205
169 288
172 208
172 243
173 207
173 279
174 229
174 281
174 288
175 180
175 181
175 218
175 239
176 272
178 248
179 195
179 222
179 249
180 185
180 192
180 214
180 224
180 267
180 272
180 285
181 182
181 211
181 313
182 301
184 215
184 226
184 267
184 288
185 267
185 272
188 198
189 287
191 214
192 231
193 194
193 200
193 231
193 288
193 293
194 305
195 230
195 234
195 279
195 288
196 249
196 255
196 269
197 205
197 227
197 263
198 219
198 309
199 280
200 212
200 220
200 231
200 241
200 252
200 287
200 311
201 292
202 287
204 242
204 249
204 287
205 247
205 252
205 286
206 233
206 268
207 288
208 219
208 220
208 237
209 210
209 252
210 220
210 239
211 212
211 275
213 288
214 309
215 230
215 249
215 266
215 274
215 281
216 217
216 234
217 291
217 305
218 286
219 233
219 286
219 295
219 301
220 268
220 292
221 248
221 303
222 260
223 263
223 303
224 225
224 286
224 294
225 241
227 244
230 258
231 288
235 269
235 281
235 294
238 245
238 265
241 246
241 307
243 247
246 275
248 288
248 303
249 278
249 295
255 293
257 285
258 287
258 309
259 287
261 314
264 288
266 287
266 301
266 305
269 276
270 304
271 288
272 287
273 288
275 285
276 287
276 298
277 291
281 287
282 296
283 307
284 301
286 287
286 305
287 299
287 302
287 305
288 289
288 313
304 305
