0 24
0 45
0 89
0 100
0 149
0 243
0 272
0 315
1 87
1 290
1 299
2 14
2 15
2 16
2 33
2 59
2 74
2 89
2 96
2 156
2 197
2 211
2 230
2 245
2 250
2 268
2 273
2 276
2 286
3 19
3 60
3 117
3 217
4 10
4 114
4 117
4 130
4 156
4 157
4 215
5 13
5 17
5 61
5 98
5 156
5 217
6 31
6 42
6 133
6 158
6 263
7 21
7 41
7 73
7 129
7 130
7 133
7 135
7 149
7 171
7 200
7 244
8 76
8 101
8 133
8 134
8 202
8 210
8 264
8 268
8 272
8 279
8 283
8 287
9 21
9 84
9 96
9 101
9 156
10 67
10 136
10 149
10 156
11 14
11 34
11 47
11 137
12 35
12 42
12 134
13 27
13 68
13 130
13 134
13 149
13 179
13 212
13 244
13 278
13 310
14 93
14 104
14 171
14 172
14 182
14 193
14 294
15 34
15 46
15 68
15 106
15 110
15 138
15 149
15 224
16 31
16 41
16 46
16 76
16 83
16 89
16 113
16 122
16 133
16 137
16 150
16 153
16 159
16 167
16 185
16 200
16 241
16 271
16 272
16 277
16 285
17 184
17 246
18 28
18 59
18 94
18 104
18 117
18 128
18 135
18 147
18 159
18 201
18 206
18 220
18 268
19 20
19 104
20 32
20 93
20 118
20 131
20 140
20 145
20 159
20 180
20 210
20 220
20 246
20 274
21 32
21 111
21 131
21 140
21 266
21 295
22 101
23 133
23 140
23 214
23 275
24 70
24 121
24 156
24 210
24 220
24 242
25 72
25 118
25 131
25 135
25 164
25 193
25 305
25 306
26 63
26 64
27 43
27 79
27 130
27 140
27 141
27 180
27 241
27 288
28 53
28 117
28 152
28 220
28 284
29 61
29 62
29 117
29 148
29 258
29 303
30 40
30 128
30 268
31 33
31 40
31 51
31 54
31 64
31 95
31 129
31 156
31 159
31 194
31 226
31 231
31 272
31 283
31 287
32 36
32 48
32 75
32 79
32 106
32 127
32 137
32 154
32 165
32 174
32 205
32 216
32 221
32 287
32 288
32 291
32 309
32 314
33 90
33 129
33 134
33 135
33 168
33 181
33 200
33 206
33 287
34 92
34 109
34 152
34 158
34 166
34 229
34 284
35 76
35 116
35 133
35 147
35 257
35 258
36 133
36 156
36 249
36 286
36 287
37 59
37 157
37 175
37 207
37 236
38 60
38 74
38 120
38 129
38 171
38 279
39 130
39 200
39 249
39 264
39 286
39 304
40 47
40 152
40 169
40 181
40 193
40 249
40 294
40 301
41 50
41 66
41 101
41 191
41 201
41 209
41 259
41 292
41 304
42 87
42 239
42 269
42 272
43 98
43 136
43 157
43 247
43 268
43 286
43 293
44 133
44 156
44 188
44 274
45 50
45 88
45 135
45 167
45 174
45 219
45 241
45 242
45 291
46 49
46 77
46 80
46 129
46 149
46 157
46 222
46 266
46 288
46 304
46 308
47 62
47 157
47 180
48 107
48 152
48 164
48 190
48 220
48 285
49 118
49 129
49 136
49 162
49 183
49 184
49 249
49 262
50 63
50 89
50 149
50 186
50 211
50 237
50 244
50 248
50 251
50 285
51 97
51 99
51 134
51 139
51 150
51 179
51 191
51 224
51 249
52 167
52 172
53 79
54 103
54 118
54 229
54 242
54 261
55 98
55 157
55 188
56 111
56 129
56 133
56 244
56 292
57 74
57 161
57 174
58 188
58 212
59 102
59 117
59 124
59 129
59 131
59 133
59 167
59 178
59 201
59 210
59 215
59 218
59 238
59 265
60 107
60 134
60 149
60 150
60 200
60 283
60 296
61 106
61 124
61 199
61 275
62 162
62 185
62 197
62 232
62 268
62 312
63 72
63 74
63 118
63 210
63 258
64 122
64 149
64 237
64 263
64 265
64 275
64 287
64 288
65 96
65 135
65 144
65 260
66 90
66 133
66 205
67 115
67 130
67 131
67 134
67 136
67 156
67 188
67 224
67 313
68 206
68 232
68 269
69 90
69 129
69 131
69 136
69 167
70 75
70 188
70 247
71 130
71 142
71 179
71 200
72 288
73 133
73 180
73 185
73 220
73 305
74 105
74 143
74 145
74 172
74 193
74 211
74 220
74 239
74 276
75 96
75 130
75 135
75 148
75 209
75 220
75 289
76 92
76 110
76 135
77 86
78 107
78 129
78 168
78 201
79 293
80 106
80 133
80 141
80 157
80 180
80 205
80 217
80 264
81 94
81 136
81 200
81 220
81 275
81 276
81 288
83 85
83 134
83 155
83 174
83 181
83 220
83 249
84 298
85 149
85 157
85 234
85 244
86 133
87 124
87 129
87 136
87 150
87 180
87 193
87 243
87 293
87 310
88 129
88 136
88 210
88 304
89 131
89 143
89 149
89 161
89 173
89 178
89 225
89 310
90 98
90 149
90 219
91 258
92 138
92 145
92 187
92 188
92 200
92 201
92 242
92 250
92 278
92 306
93 109
93 130
93 131
93 304
94 114
94 214
95 134
95 154
96 135
97 134
97 162
97 270
97 272
98 129
98 161
98 174
98 205
98 233
98 255
99 152
99 238
99 249
99 266
99 272
99 283
100 121
100 249
101 108
101 115
101 116
101 188
101 266
101 296
102 140
102 167
102 225
102 285
102 287
102 309
103 129
103 131
103 157
103 162
103 185
103 193
103 241
103 249
103 263
103 303
103 311
104 109
104 124
104 228
104 252
104 259
104 306
105 156
105 157
105 167
105 191
105 220
105 233
105 249
106 157
106 249
106 271
106 275
106 291
107 131
107 233
107 295
107 299
108 131
108 133
108 156
108 220
109 130
109 199
109 200
109 265
110 134
110 135
110 159
110 269
111 134
111 156
111 222
111 273
112 200
112 276
113 124
113 148
113 162
114 188
114 218
114 233
115 133
115 308
116 124
116 275
117 131
117 162
117 233
117 247
117 273
118 121
118 134
118 161
118 193
118 219
118 252
118 269
118 272
118 293
118 297
118 307
118 308
120 125
120 129
120 135
120 231
120 242
120 274
121 129
121 156
121 247
121 252
121 269
121 308
121 311
122 160
122 161
122 193
122 265
122 279
122 286
123 224
123 249
124 140
124 148
124 156
124 164
124 176
124 215
124 274
124 294
125 148
125 242
126 259
127 223
127 275
128 129
128 136
128 172
128 192
128 220
128 288
129 135
129 157
129 171
129 172
129 173
129 193
129 202
129 212
129 224
129 229
129 241
129 245
129 248
129 249
129 261
129 263
129 269
129 279
129 287
129 292
129 293
129 305
130 131
130 135
130 136
130 156
130 164
130 166
130 175
130 176
130 190
130 193
130 200
130 204
130 206
130 213
130 223
130 233
130 237
130 243
130 297
130 303
130 305
131 133
131 136
131 147
131 157
131 164
131 167
131 224
131 264
131 269
131 277
131 278
131 279
131 280
131 288
132 151
132 184
133 135
133 159
133 180
133 191
133 193
133 200
133 205
133 216
133 233
133 243
133 250
133 285
133 287
134 156
134 203
134 204
134 205
134 206
134 217
134 218
134 220
134 232
134 239
134 247
134 287
135 140
135 161
135 204
135 216
135 217
135 250
135 272
135 283
135 284
135 286
135 287
135 314
136 156
136 167
136 171
136 173
136 182
136 198
136 283
136 298
136 304
136 311
137 220
137 237
137 310
138 150
138 214
138 244
138 286
140 154
140 156
140 269
140 271
140 293
141 186
141 207
141 215
142 156
142 188
142 196
142 224
142 245
142 280
142 297
142 311
143 151
143 262
144 265
145 152
145 156
145 210
145 215
145 220
145 272
146 177
146 285
147 162
148 167
148 178
148 195
148 265
148 269
149 174
149 232
150 311
151 180
152 154
152 166
152 174
152 177
152 231
152 277
152 293
153 167
153 210
153 233
154 204
154 215
154 259
154 294
156 167
156 187
156 188
156 200
156 210
156 230
156 234
156 236
156 241
156 242
156 258
156 265
156 273
156 287
156 305
157 189
157 215
157 239
157 244
157 268
157 287
158 220
158 233
158 304
160 217
161 177
161 231
162 241
162 287
164 178
164 312
165 246
166 249
167 191
167 201
167 214
167 234
167 268
167 269
168 197
168 213
168 249
168 279
169 179
169 231
169 289
169 298
172 233
172 260
172 287
173 179
173 192
173 237
174 198
174 205
174 266
174 296
175 204
175 219
175 225
175 285
176 276
178 215
179 232
179 245
179 270
179 272
179 287
181 188
181 201
184 252
185 221
185 224
185 243
185 294
186 210
188 192
188 217
188 279
190 213
192 205
192 244
193 206
193 210
193 241
193 273
193 277
194 218
196 213
196 265
196 309
197 276
198 250
198 255
199 202
199 204
200 215
200 287
200 310
201 272
201 315
204 276
205 249
205 266
205 278
205 296
206 239
206 247
206 249
206 255
206 274
207 242
207 278
207 293
208 221
208 249
209 210
209 265
210 258
210 279
210 299
211 218
213 288
214 291
215 229
215 237
215 239
215 266
215 275
216 280
216 295
217 242
219 271
219 279
219 288
220 243
220 279
221 224
223 260
224 246
224 256
224 270
231 242
231 266
231 273
231 293
231 301
232 241
232 253
232 299
233 279
233 288
234 287
239 288
242 258
242 287
242 303
243 298
245 279
246 258
247 293
249 305
249 309
251 296
252 266
258 286
258 288
260 311
263 298
264 279
269 285
269 287
269 290
269 301
270 287
274 288
275 278
276 301
280 290
285 288
285 305
288 290
288 293
288 305
288 311
288 313
295 308
295 310
296 313
304 315
