0 74
0 124
0 201
0 281
1 32
1 72
1 174
1 209
1 273
2 3
2 51
2 92
2 112
2 138
2 166
2 173
2 175
2 188
2 193
2 249
2 287
3 96
3 135
3 136
3 145
3 158
3 179
3 303
4 131
4 152
4 167
4 224
4 266
5 6
5 7
5 12
5 111
5 114
5 305
6 56
6 84
6 113
6 180
6 193
6 209
7 102
7 128
7 131
7 134
7 142
7 200
7 220
7 241
7 282
7 310
8 33
8 41
8 45
8 58
8 90
8 129
8 130
8 131
8 133
8 136
8 149
8 208
8 233
8 287
9 25
9 80
9 91
9 214
9 224
10 34
10 145
10 168
10 193
10 195
11 50
11 87
11 98
11 136
11 201
12 33
12 48
12 75
12 81
12 97
12 107
12 116
12 135
12 188
12 206
12 226
12 236
13 31
13 65
13 75
13 214
13 288
13 306
14 67
14 78
14 156
14 200
14 236
14 248
14 262
15 19
15 32
15 130
15 135
15 156
15 188
15 205
15 305
16 17
16 23
16 29
16 41
16 54
16 92
16 106
16 119
16 121
16 122
16 125
16 129
16 134
16 144
16 157
16 162
16 165
16 206
16 214
16 220
16 308
17 114
17 209
17 274
18 36
18 76
18 112
18 129
18 150
18 168
18 302
19 45
19 47
19 75
19 87
19 130
19 156
19 244
19 276
20 37
20 46
20 61
20 102
20 105
20 117
20 142
20 147
20 193
20 258
21 40
21 46
21 89
21 136
21 182
21 200
21 239
22 124
22 133
22 135
22 308
23 177
23 213
23 230
24 106
24 120
24 233
24 303
25 39
25 179
26 34
26 91
26 174
26 180
26 210
27 28
27 135
27 157
27 285
27 303
28 68
28 75
28 102
28 106
28 136
28 212
28 290
28 300
29 31
29 36
29 101
29 136
29 140
29 265
29 279
30 41
30 107
30 136
30 160
30 301
31 33
31 37
31 79
31 105
31 124
31 142
31 159
31 205
31 213
31 216
31 249
31 265
31 272
31 298
32 47
32 48
32 51
32 64
32 65
32 105
32 114
32 122
32 152
32 155
32 156
32 159
32 180
32 191
32 210
32 258
32 263
32 272
33 79
33 108
33 128
33 168
33 194
33 198
33 206
33 207
33 209
33 260
33 286
33 303
34 78
34 92
34 101
34 129
34 153
34 163
34 178
34 305
35 73
35 114
35 140
35 148
35 219
35 223
35 288
36 103
36 122
36 129
36 215
36 220
36 251
36 287
37 44
37 61
37 80
37 133
37 199
37 206
37 210
37 211
37 315
38 39
38 88
38 156
38 157
38 179
38 230
38 248
38 252
38 296
39 249
39 287
39 293
40 61
40 67
40 131
40 152
40 168
40 202
40 242
40 286
40 309
41 62
41 103
41 117
41 134
41 177
41 220
42 47
42 114
42 130
42 239
42 264
42 278
42 305
43 120
43 123
43 156
43 191
43 209
43 233
43 300
44 60
44 95
44 111
44 160
44 235
44 242
45 60
45 83
45 130
45 136
45 200
45 202
45 302
45 303
46 69
46 101
46 129
46 153
46 192
46 259
46 304
46 313
47 103
47 133
47 231
47 279
47 281
47 303
48 49
48 61
48 62
48 100
48 108
48 136
48 185
48 263
49 120
49 197
49 205
49 234
49 252
49 259
49 260
50 94
50 148
50 167
50 263
51 133
51 135
51 189
51 242
51 288
51 305
52 278
53 223
54 98
54 155
54 156
54 194
54 287
55 102
55 141
55 305
56 129
56 130
56 131
56 153
56 157
56 196
56 215
56 267
56 271
57 62
58 144
59 80
59 118
59 123
59 140
59 141
59 142
59 159
59 199
59 224
59 234
59 239
59 288
59 315
60 70
60 117
60 121
60 129
60 130
60 191
60 209
60 297
61 75
61 134
61 283
61 292
62 200
62 247
62 286
63 117
63 135
63 156
63 206
63 208
63 213
63 244
63 314
64 67
64 70
64 74
64 135
64 154
65 105
65 131
65 136
65 160
65 221
66 75
66 232
67 96
67 129
67 130
67 172
67 188
67 191
67 205
67 214
67 287
68 82
68 130
68 133
68 206
68 241
68 258
69 110
69 117
69 128
69 133
69 195
69 209
70 307
71 290
71 303
72 88
72 181
73 131
73 135
74 75
74 87
74 124
74 131
74 158
74 167
74 180
74 215
74 301
74 313
75 106
75 108
75 145
75 216
75 219
75 239
75 298
76 89
76 133
76 190
76 289
77 130
77 231
77 291
78 148
78 278
79 83
79 88
79 124
79 162
79 200
79 264
79 285
80 134
80 149
80 158
80 162
80 200
80 206
80 218
81 110
81 220
81 238
81 250
81 273
81 297
83 109
83 130
83 212
83 224
83 288
84 109
84 151
84 312
85 96
85 233
85 273
86 98
86 103
86 111
86 119
87 131
87 160
87 200
87 238
88 114
88 173
88 302
89 102
89 160
89 210
89 219
89 220
90 138
90 276
91 249
91 288
92 102
92 142
92 204
93 129
94 103
94 109
94 152
94 246
94 292
95 185
95 192
95 276
95 283
96 103
96 121
96 135
96 201
96 269
96 270
97 193
98 133
98 134
98 202
98 206
98 255
98 278
98 304
99 106
99 121
99 134
99 157
99 193
100 134
101 149
101 182
101 195
101 197
101 206
101 213
101 214
101 231
101 258
101 303
102 129
102 133
102 228
102 232
102 275
103 136
103 152
103 227
103 256
103 292
103 293
104 163
104 166
104 189
104 257
105 114
105 131
105 134
105 206
105 308
105 310
105 312
106 117
106 143
106 145
106 156
106 229
106 277
106 300
107 176
107 245
107 257
107 285
107 312
108 149
108 167
108 169
108 197
108 224
108 285
108 286
108 307
109 129
109 156
110 145
110 161
110 174
110 176
110 212
110 220
110 223
110 281
110 305
111 161
111 174
111 195
113 161
113 246
114 129
114 217
115 130
115 137
115 184
116 234
117 122
117 134
117 156
117 181
117 188
117 279
118 131
118 135
118 138
118 148
118 149
118 179
118 180
118 211
118 246
118 265
118 267
119 238
120 131
120 134
120 135
120 136
121 135
121 208
121 255
121 258
121 285
121 302
121 304
122 127
122 177
122 279
123 131
123 174
123 223
124 156
124 171
124 181
124 234
124 287
124 296
125 156
125 224
128 275
128 288
129 131
129 133
129 134
129 142
129 148
129 154
129 167
129 173
129 175
129 180
129 200
129 210
129 224
129 228
129 231
129 235
129 248
129 250
129 299
129 310
130 141
130 144
130 153
130 162
130 192
130 222
130 234
130 244
130 273
130 283
131 149
131 156
131 159
131 179
131 180
131 205
131 208
131 211
131 238
131 245
131 252
131 256
131 285
131 287
131 304
131 305
132 135
133 135
133 137
133 138
133 151
133 152
133 156
133 188
133 190
133 197
133 205
133 211
133 243
133 244
133 268
133 293
133 301
133 310
134 135
134 141
134 160
134 163
134 211
134 213
134 216
134 236
134 239
134 241
134 278
134 284
134 286
134 288
134 293
134 303
134 304
134 305
135 138
135 157
135 167
135 180
135 188
135 208
135 222
135 224
135 243
135 257
135 293
135 305
135 308
135 311
135 314
136 156
136 159
136 199
136 212
136 233
136 239
136 247
136 255
136 273
136 275
137 213
138 149
138 157
138 288
140 156
140 158
140 167
140 206
140 249
140 286
141 303
142 193
142 217
143 148
143 224
144 224
145 246
145 249
145 289
145 305
146 180
147 154
147 202
148 168
148 200
148 210
148 227
148 255
148 288
149 193
149 206
149 239
149 273
150 156
150 172
150 216
150 242
150 263
150 286
151 287
152 202
152 269
152 288
154 155
154 188
154 249
154 258
154 287
155 311
156 180
156 182
156 195
156 208
156 286
156 287
156 297
157 159
157 188
157 200
157 205
157 218
157 231
157 260
157 288
157 310
158 178
158 232
159 188
159 190
159 245
160 201
160 211
160 220
160 249
160 266
160 279
161 174
161 193
161 258
162 208
162 249
162 266
163 178
163 188
163 209
165 206
165 284
166 217
167 210
167 214
167 220
167 226
167 239
167 254
167 275
168 180
168 297
169 287
170 207
170 304
171 216
172 216
172 272
172 305
173 246
174 175
174 302
175 285
177 178
177 236
178 287
179 192
179 193
179 243
179 249
179 286
180 185
180 216
180 248
180 287
180 305
181 284
184 200
184 286
184 310
185 200
185 239
185 262
185 270
186 248
188 263
188 270
188 288
189 258
189 276
190 203
191 273
191 302
192 288
192 305
193 280
193 301
196 206
196 230
196 299
199 272
199 294
200 210
200 252
200 272
200 295
201 215
201 224
201 229
201 287
202 244
202 249
203 239
204 237
204 288
204 296
205 220
205 238
205 305
206 218
206 241
206 288
206 289
207 243
209 286
209 294
210 223
210 246
210 286
210 288
210 293
210 296
212 228
212 251
212 315
214 274
215 268
215 269
218 303
220 265
220 313
222 269
222 285
224 239
224 244
224 266
224 279
224 288
224 311
232 239
232 305
233 270
234 242
238 251
238 276
239 287
239 304
241 264
241 304
242 258
242 265
242 273
242 274
242 287
242 314
243 268
243 307
244 280
245 302
246 261
246 303
247 269
248 288
249 265
249 306
249 308
252 286
254 259
254 294
255 266
255 313
256 258
258 284
258 292
258 311
260 307
264 271
264 283
264 305
265 287
266 273
266 288
270 288
275 304
278 279
283 287
283 305
284 309
287 293
289 301
297 315
