0 13
0 44
0 111
0 167
0 231
0 233
0 298
1 33
1 115
1 131
2 7
2 8
2 33
2 59
2 87
2 89
2 126
2 128
2 129
2 130
2 152
2 164
2 200
2 238
2 251
2 272
2 303
3 14
3 60
3 138
3 160
3 173
3 180
3 279
4 32
4 41
4 98
4 138
4 142
4 156
4 160
4 164
4 180
4 233
4 241
4 304
4 313
5 33
5 62
5 105
5 131
5 156
5 164
5 232
5 280
5 286
6 48
6 101
6 126
6 135
6 166
6 232
6 239
6 267
6 275
7 30
7 31
7 59
7 65
7 72
7 73
7 98
7 118
7 130
7 136
7 140
7 156
7 212
7 242
7 279
7 302
8 12
8 16
8 41
8 77
8 85
8 86
8 118
8 126
8 160
8 188
8 229
8 231
8 238
8 266
8 278
9 59
9 108
9 271
10 65
10 75
10 78
10 224
10 259
10 271
11 235
12 13
12 63
12 72
12 73
12 128
12 144
12 181
12 298
13 15
13 32
13 49
13 87
13 113
13 131
13 157
13 174
13 193
13 255
13 267
13 284
14 38
14 129
14 157
14 167
14 185
15 16
15 102
15 136
15 214
15 283
16 27
16 33
16 45
16 55
16 68
16 116
16 135
16 144
16 149
16 156
16 158
16 182
16 205
16 231
16 246
16 247
17 134
17 179
17 200
17 287
17 308
18 36
18 46
18 59
18 74
18 134
18 144
18 164
18 192
18 197
18 249
19 27
20 52
20 72
20 92
20 135
20 167
20 182
20 185
20 243
20 266
20 268
21 45
21 122
22 31
22 97
22 159
23 284
23 287
24 124
25 104
25 135
25 143
25 153
25 177
25 191
25 212
25 234
26 40
26 49
26 121
27 124
27 128
28 43
28 114
28 123
28 224
28 266
28 278
29 32
29 35
29 56
29 57
29 85
29 160
29 194
29 200
29 220
29 224
29 236
29 261
30 101
31 68
31 76
31 94
31 96
31 110
31 129
31 145
31 159
31 182
31 193
31 206
31 210
31 218
31 270
32 39
32 51
32 104
32 115
32 117
32 128
32 129
32 156
32 164
32 168
32 228
32 291
32 303
33 37
33 68
33 118
33 156
33 160
33 174
33 186
33 221
33 241
33 296
34 63
34 148
34 180
34 216
34 241
35 59
35 61
35 78
35 83
35 101
35 104
35 188
35 195
35 210
35 271
35 286
35 307
36 101
36 135
36 154
37 98
37 133
37 180
37 223
38 50
38 167
38 178
38 202
39 52
39 81
39 131
39 197
39 200
39 201
39 263
39 309
40 45
40 117
40 138
40 145
40 157
40 224
40 238
40 276
40 288
41 47
41 77
41 128
41 131
41 133
41 135
42 49
42 60
42 87
42 121
42 180
42 192
42 193
42 217
42 247
43 129
43 156
43 198
43 205
43 218
43 221
43 230
43 285
43 288
44 278
45 63
45 129
45 139
45 196
45 202
45 208
45 219
45 233
45 265
45 276
46 59
46 60
46 75
46 126
46 130
46 144
46 159
46 197
46 294
47 55
47 98
47 160
47 273
47 281
48 62
48 133
48 146
48 152
48 156
48 188
48 243
49 51
49 134
50 87
50 89
50 110
50 114
50 129
50 172
50 210
50 238
50 286
50 291
50 297
50 302
51 76
51 135
51 167
51 191
51 224
52 118
52 130
53 75
53 296
54 117
54 156
54 160
54 188
54 275
54 283
54 294
55 131
55 200
55 230
55 284
56 102
56 106
56 148
56 287
56 301
57 129
57 157
57 288
58 62
58 74
58 136
58 169
58 291
58 299
59 68
59 94
59 110
59 116
59 135
59 159
59 164
59 180
59 193
59 209
59 214
59 220
59 222
59 241
59 243
60 94
60 143
60 149
60 210
60 218
60 268
60 286
61 67
61 182
62 103
62 109
62 124
62 133
62 142
62 200
62 243
62 278
63 66
63 133
63 200
63 226
63 242
63 285
64 90
64 118
64 130
64 131
65 74
65 79
65 172
65 241
66 118
66 135
66 218
67 76
67 131
67 205
67 257
67 281
67 286
67 287
67 298
68 240
68 273
69 83
69 120
69 133
69 148
69 206
69 249
69 275
70 138
70 161
70 181
70 199
70 307
72 73
72 152
72 184
72 235
72 267
73 242
74 82
74 90
74 135
74 157
74 167
74 233
75 156
75 285
76 103
76 120
76 133
76 138
76 142
76 192
76 293
77 130
77 133
77 135
77 175
78 175
78 253
79 94
79 102
79 130
79 134
79 143
80 101
80 118
80 149
80 201
80 213
80 255
81 157
81 241
81 315
82 224
82 295
82 303
83 118
83 190
83 301
84 120
84 156
85 101
85 200
85 206
86 106
86 210
86 273
87 115
87 216
87 258
87 268
88 91
88 107
88 114
88 156
88 174
88 276
89 121
89 133
89 156
89 267
89 313
90 154
90 179
91 133
91 293
91 311
92 111
92 134
92 179
92 219
92 232
92 284
94 193
94 200
94 231
94 240
95 120
95 131
95 140
95 161
95 278
96 114
96 139
96 148
96 230
96 238
96 242
96 266
96 267
96 272
97 102
97 188
97 208
97 255
98 110
98 113
98 157
98 162
98 205
98 224
98 248
98 249
98 263
99 102
99 103
99 117
99 191
99 267
100 159
101 118
101 120
101 206
101 217
101 272
101 298
102 114
102 129
102 134
102 186
102 232
102 279
102 285
102 307
103 124
103 140
103 216
103 222
103 229
103 281
103 288
103 310
104 113
104 118
104 193
104 200
104 285
105 116
105 149
105 167
105 242
106 121
106 166
106 191
106 202
106 206
107 148
107 252
107 279
108 134
108 140
108 170
108 285
109 119
109 131
109 206
110 129
110 134
110 138
110 178
110 206
110 208
110 284
111 134
112 208
112 233
112 258
113 137
113 146
113 210
114 136
114 188
114 218
114 220
115 270
115 302
116 157
116 297
117 162
117 236
118 121
118 149
118 167
118 192
118 263
118 306
119 133
119 134
119 156
119 190
119 200
120 121
120 188
120 191
120 193
120 232
121 276
122 202
122 224
122 245
122 264
122 292
123 295
124 131
124 134
124 135
124 152
124 192
124 196
124 200
124 209
124 258
124 275
124 278
124 288
126 173
127 135
127 217
127 233
128 133
128 169
128 180
128 216
128 221
128 273
129 130
129 131
129 135
129 173
129 177
129 186
129 233
129 265
130 133
130 134
130 145
130 152
130 156
130 161
130 167
130 199
130 200
130 263
130 266
130 279
130 288
130 302
131 133
131 134
131 162
131 243
131 249
131 262
131 301
131 303
132 133
132 156
132 214
133 149
133 158
133 185
133 188
133 201
133 230
133 239
133 243
133 280
133 298
133 304
133 306
133 313
134 135
134 154
134 156
134 157
134 160
134 167
134 194
134 200
134 224
134 232
134 241
134 249
134 252
134 259
134 272
134 277
134 286
134 303
134 305
135 148
135 152
135 158
135 169
135 181
135 217
135 218
135 222
135 227
135 241
135 247
135 252
135 261
135 278
135 296
136 137
136 146
136 181
136 185
136 211
136 227
136 286
137 157
137 239
137 286
138 233
139 162
139 167
140 150
140 197
140 239
140 273
140 298
141 242
141 247
142 288
143 163
143 249
143 266
143 285
144 154
144 173
145 237
145 284
145 287
146 243
147 205
147 217
148 156
148 185
148 252
148 274
148 287
148 306
148 310
149 160
149 185
149 238
149 241
149 269
149 272
149 293
150 197
150 232
150 279
151 158
152 180
152 197
152 203
152 217
152 247
152 248
152 286
152 288
154 156
154 243
154 264
155 231
155 239
155 272
156 162
156 166
156 218
156 240
156 279
156 285
156 293
156 300
156 301
156 305
157 218
157 225
157 235
157 267
157 276
157 291
157 304
158 191
158 205
158 210
158 225
158 239
158 268
159 193
159 220
159 241
159 257
160 180
160 190
160 203
160 212
160 239
160 242
160 245
160 274
160 297
160 303
160 313
161 188
162 184
162 200
162 201
162 218
162 288
163 283
164 239
164 278
165 259
166 249
167 220
167 237
167 242
167 246
167 265
167 276
167 313
169 210
171 196
171 239
171 250
172 264
172 285
173 179
173 286
174 195
174 268
176 286
177 286
178 180
178 240
179 218
179 220
179 222
179 258
180 185
180 201
180 212
180 266
181 188
181 207
181 227
181 298
184 225
184 249
185 208
185 213
185 250
185 309
186 212
187 208
187 276
188 197
188 223
188 283
188 285
188 286
188 298
188 303
188 305
188 309
189 313
191 287
191 288
192 242
193 210
193 235
193 301
193 307
193 314
195 197
195 220
195 286
196 268
197 205
197 206
197 212
197 218
197 230
197 239
197 275
200 210
200 211
200 262
200 295
200 305
201 220
202 240
203 251
204 230
204 255
204 275
205 276
206 215
206 220
206 281
206 297
206 308
207 213
207 244
207 281
208 287
208 298
209 215
210 214
210 246
210 279
210 287
211 230
211 287
211 291
211 298
215 251
215 278
215 288
215 295
218 250
218 288
219 242
219 248
219 287
220 279
220 286
223 239
224 301
224 302
225 302
227 241
229 259
229 286
230 258
232 295
232 305
233 266
233 291
233 298
234 249
234 278
234 304
235 294
235 305
236 299
238 249
239 266
240 242
240 277
242 249
244 263
246 276
247 288
248 305
249 265
249 273
249 283
250 275
251 262
252 279
252 309
255 273
258 266
258 278
258 295
259 267
259 288
260 285
261 275
266 288
267 288
267 294
268 286
271 277
273 285
273 289
276 293
279 298
283 291
284 314
286 288
288 302
302 307
304 315
