0 136
0 192
0 220
0 301
1 47
1 193
1 223
1 249
1 309
2 18
2 31
2 39
2 67
2 77
2 118
2 135
2 144
2 148
2 218
2 248
2 274
2 299
3 39
3 41
3 72
3 97
3 106
3 131
3 157
3 169
3 180
3 181
3 206
4 24
4 35
4 102
4 117
4 128
4 138
4 146
4 157
4 173
5 58
5 131
5 296
6 64
6 79
6 99
6 213
6 255
6 286
7 9
7 45
7 81
7 83
7 105
7 110
7 118
7 119
7 133
7 135
7 141
7 146
7 205
7 245
7 268
8 71
8 74
8 80
8 132
8 135
8 160
8 193
8 220
8 233
8 235
8 239
9 105
9 118
9 124
9 135
9 156
9 227
9 278
10 16
10 57
10 68
10 135
11 70
11 138
11 187
11 197
11 204
11 282
12 30
12 103
12 147
12 156
12 166
12 179
12 180
12 202
12 212
12 273
12 311
13 50
13 131
13 136
13 188
13 191
13 203
13 285
14 36
14 69
14 224
14 231
14 247
14 276
15 29
15 33
15 104
15 129
15 173
15 295
16 21
16 33
16 34
16 112
16 129
16 133
16 143
16 147
16 200
16 227
16 239
16 242
16 245
16 249
16 250
16 269
17 32
17 91
17 288
17 309
18 46
18 87
18 130
18 145
18 161
18 171
18 191
18 245
18 258
19 76
19 98
19 101
19 117
19 162
19 233
19 303
20 35
20 103
20 131
20 148
20 263
21 38
21 39
21 107
21 134
21 183
21 200
21 228
21 310
22 121
22 224
23 45
23 117
23 188
23 244
23 289
24 39
24 80
24 106
24 114
24 130
24 139
24 204
24 228
24 252
25 34
25 80
25 104
25 130
25 156
25 211
25 297
26 118
26 130
26 279
27 36
27 118
27 211
28 68
28 90
28 98
28 182
28 185
28 219
28 286
29 103
29 130
29 276
29 297
30 34
30 42
30 103
30 125
30 149
30 160
30 286
31 51
31 61
31 62
31 64
31 120
31 131
31 138
31 140
31 146
31 150
31 157
31 181
31 188
31 207
31 211
31 216
31 222
31 288
32 41
32 51
32 98
32 124
32 145
32 152
32 159
32 174
32 176
32 187
32 230
32 233
32 234
32 239
32 254
32 264
32 267
32 306
33 46
33 106
33 123
33 132
33 134
33 157
33 161
33 167
33 185
33 200
33 230
33 234
33 240
33 264
33 287
34 40
34 68
34 87
34 138
34 170
34 184
35 37
35 51
35 75
35 105
35 149
35 177
35 179
35 215
35 252
35 258
35 265
36 38
36 103
36 184
36 205
37 45
37 54
37 118
37 143
37 180
37 259
38 108
38 207
39 96
39 149
39 181
39 184
39 201
40 46
40 61
40 103
40 105
40 118
40 135
40 180
40 188
40 191
40 199
40 207
40 218
40 220
40 252
40 315
41 60
41 97
41 179
41 224
41 269
42 102
42 131
42 213
42 258
42 268
43 118
43 260
44 311
45 46
45 67
45 99
45 111
45 131
45 136
45 156
45 198
45 220
46 68
46 129
46 136
46 196
46 247
47 117
47 129
47 225
47 265
47 276
47 314
48 129
48 154
48 200
48 222
48 269
49 113
49 115
49 287
50 102
50 142
50 154
50 244
51 68
51 138
51 140
51 156
51 188
51 196
51 207
51 307
52 61
52 65
52 105
52 135
52 144
52 272
52 293
54 80
54 180
55 78
55 120
55 134
55 148
55 217
56 64
56 80
56 97
56 122
56 129
56 157
56 218
56 245
56 255
56 287
57 78
57 144
57 214
57 273
58 65
58 144
58 210
58 259
59 62
59 73
59 103
59 144
59 190
59 196
59 286
60 83
60 98
60 103
60 131
60 165
60 188
60 200
60 271
60 277
61 67
61 258
62 169
62 214
63 137
63 157
63 191
63 240
64 88
64 131
64 133
64 146
64 197
64 210
64 224
64 233
64 242
64 298
65 102
65 180
65 204
66 68
66 131
66 136
66 166
66 252
66 276
67 72
67 110
67 136
67 142
67 145
67 166
67 200
67 215
67 249
67 311
68 134
68 156
68 188
68 195
68 206
68 239
68 241
68 293
69 121
69 128
69 157
69 216
70 87
70 156
71 174
72 127
72 129
72 135
72 157
72 242
72 245
72 286
72 307
73 76
73 121
73 164
73 209
73 259
74 75
74 145
74 247
74 249
74 313
75 90
75 102
75 124
75 129
75 133
75 138
75 224
75 251
75 287
76 97
76 131
76 134
76 173
76 230
76 249
76 295
76 309
77 105
77 130
77 134
77 137
77 179
77 180
77 191
77 241
77 263
78 109
79 81
79 155
79 156
79 164
79 232
79 296
80 117
80 133
80 160
80 220
80 252
80 253
80 255
80 285
81 83
81 130
81 237
81 249
81 288
81 315
82 118
82 130
83 108
83 126
83 132
83 149
83 156
83 208
83 278
83 308
83 311
85 222
85 293
86 169
86 202
86 278
86 279
87 89
87 91
87 100
87 129
87 130
87 169
87 235
87 241
87 243
87 295
87 298
88 129
88 135
88 142
88 156
88 288
88 313
89 113
89 180
90 159
90 240
91 118
91 158
91 190
91 287
91 298
91 305
92 119
92 124
92 134
92 172
93 135
93 167
94 164
95 130
95 139
95 167
95 205
95 271
96 180
96 219
96 276
96 287
97 117
97 143
97 189
97 239
97 287
97 296
98 133
98 196
98 287
99 106
99 113
99 118
99 277
100 134
100 307
101 104
101 130
101 160
101 162
101 224
101 279
102 103
102 140
102 152
102 161
102 205
102 218
102 274
103 145
103 179
103 210
103 214
103 225
103 232
103 233
104 133
104 149
104 154
104 228
104 308
104 309
104 311
105 107
105 135
105 148
105 172
105 240
105 245
105 305
106 115
106 135
106 142
106 153
106 156
106 157
106 193
106 205
106 210
106 257
106 285
107 278
107 289
108 165
108 234
108 236
108 239
108 244
108 272
108 287
109 128
109 130
109 201
109 206
109 221
110 118
110 124
110 129
110 160
110 179
110 201
110 205
110 260
110 273
110 274
110 287
111 130
112 255
112 314
113 119
113 164
113 180
114 144
114 155
114 167
114 215
115 116
115 152
115 158
116 118
116 131
116 180
116 197
117 140
117 159
117 188
117 218
117 286
117 287
117 296
118 133
118 134
118 157
118 188
118 193
118 212
118 255
118 265
118 279
118 285
119 156
120 144
120 170
120 205
120 294
121 130
121 131
121 136
121 202
121 216
121 224
121 271
121 283
121 293
122 129
122 155
122 165
122 206
122 218
122 219
123 135
123 210
123 305
124 129
124 152
124 194
124 211
124 246
125 220
125 305
127 144
128 161
128 197
128 239
128 258
128 300
129 131
129 132
129 134
129 136
129 139
129 149
129 152
129 175
129 205
129 220
129 245
129 272
130 131
130 133
130 142
130 157
130 160
130 177
130 213
130 215
130 221
130 226
130 241
130 247
130 259
130 278
130 288
130 304
131 137
131 138
131 160
131 175
131 187
131 200
131 225
131 226
131 241
131 245
131 304
132 200
132 279
132 285
132 286
133 135
133 136
133 148
133 149
133 155
133 161
133 167
133 179
133 180
133 191
133 192
133 195
133 200
133 213
133 215
133 223
133 230
133 236
133 277
133 287
133 288
133 298
134 139
134 140
134 148
134 177
134 212
134 216
134 231
134 239
134 264
134 287
134 301
135 142
135 143
135 148
135 152
135 155
135 172
135 173
135 191
135 209
135 216
135 229
135 263
135 303
135 304
136 155
136 163
136 167
136 181
136 193
136 200
136 245
136 249
136 252
137 269
137 315
138 180
138 200
139 205
140 144
140 145
140 154
140 167
140 177
140 196
140 238
140 249
141 171
141 205
141 210
141 222
141 244
141 289
142 154
142 179
142 194
142 259
143 152
143 288
143 302
144 209
144 259
144 299
145 156
145 165
145 193
145 200
145 281
145 292
145 305
145 313
146 220
148 151
148 179
148 196
148 239
148 284
148 287
149 223
149 224
149 296
150 152
150 165
152 167
152 186
152 202
153 221
154 214
156 171
156 180
156 186
156 195
156 197
156 200
156 205
156 218
156 233
156 249
156 263
157 202
157 231
157 241
157 249
157 258
157 283
157 288
158 243
158 264
159 238
159 287
159 310
160 179
160 218
160 233
160 258
160 288
160 297
160 301
161 172
161 179
161 180
161 209
161 296
162 167
162 311
163 298
165 268
166 201
166 215
166 299
167 180
167 223
167 240
167 247
167 280
167 299
168 220
170 249
171 186
171 248
171 299
172 209
172 276
173 232
173 279
173 283
174 190
174 191
174 193
174 280
175 217
176 249
177 205
177 283
178 196
179 181
180 249
180 271
180 304
180 313
180 314
181 293
182 287
184 205
184 266
184 275
185 194
185 195
185 247
185 302
187 206
187 224
188 267
188 275
188 285
189 196
189 310
191 200
191 263
191 297
192 215
192 249
193 205
193 211
193 248
193 255
193 271
194 245
194 315
195 287
196 274
197 207
197 295
199 214
199 242
200 222
200 223
201 206
201 220
201 244
201 249
201 283
201 288
202 230
202 271
204 268
204 271
204 286
205 206
205 266
205 291
208 287
211 265
212 234
212 291
213 302
215 220
215 304
218 244
218 313
220 247
220 249
220 287
220 296
220 312
224 231
224 244
224 281
229 285
230 247
231 292
232 297
232 303
233 296
233 300
234 236
236 279
238 288
239 283
239 313
240 275
240 298
242 249
242 306
244 272
245 248
245 267
246 305
248 257
248 288
249 279
249 290
249 304
252 263
252 304
255 258
255 266
258 287
258 303
260 264
260 305
264 269
267 296
267 302
268 287
269 272
272 287
273 287
275 305
276 286
277 287
278 313
285 303
285 307
286 303
287 295
287 313
292 298
296 297
305 309
