0 6
0 20
0 36
0 46
0 60
0 62
0 97
0 200
0 286
1 2
1 51
1 80
1 88
1 129
1 130
1 270
1 302
2 9
2 21
2 24
2 56
2 59
2 73
2 93
2 97
2 135
2 166
2 218
2 233
2 249
2 278
3 32
3 103
3 162
3 178
3 185
3 252
3 314
4 78
4 109
4 180
4 196
4 239
4 294
5 23
5 72
5 101
5 109
5 142
5 149
5 166
5 263
6 39
6 58
6 64
6 129
7 48
7 50
7 67
7 94
7 128
7 143
7 175
7 179
7 180
7 200
7 273
7 278
7 279
7 310
8 46
8 54
8 59
8 65
8 92
8 103
8 129
8 130
8 134
8 189
8 279
8 288
8 314
9 37
9 46
9 64
9 98
9 134
9 227
9 288
9 303
10 27
10 142
10 145
11 70
11 167
11 261
11 286
12 20
12 39
12 63
12 79
12 157
12 158
12 253
12 305
13 64
13 104
13 113
13 121
13 122
13 135
13 156
13 269
13 302
13 315
14 21
14 71
14 134
14 247
14 283
15 31
15 33
15 34
15 51
15 92
15 116
15 156
15 162
15 212
15 283
16 39
16 55
16 67
16 73
16 83
16 95
16 109
16 115
16 122
16 126
16 129
16 131
16 141
16 150
16 151
16 162
16 188
16 195
16 197
16 251
16 252
16 255
16 267
16 312
17 113
17 124
17 134
17 261
17 288
18 30
18 46
18 64
18 68
18 98
18 106
18 142
18 243
18 298
19 92
19 102
19 118
19 130
19 133
19 145
19 207
19 268
19 281
20 25
20 45
20 80
20 160
20 187
20 220
20 264
21 49
21 71
21 87
21 142
21 156
21 213
21 245
22 67
22 68
22 257
23 59
23 193
23 264
23 293
23 296
24 47
24 131
24 133
24 215
24 233
25 28
25 83
25 116
25 150
25 204
25 212
25 217
25 223
25 244
25 276
26 118
26 151
26 230
27 34
27 58
28 32
28 68
28 75
28 148
28 187
28 240
28 294
29 102
29 133
29 299
30 59
30 67
30 77
30 140
30 153
30 233
31 32
31 47
31 56
31 65
31 87
31 129
31 156
31 165
31 171
31 257
31 287
31 308
32 33
32 40
32 59
32 64
32 73
32 107
32 114
32 139
32 234
32 248
32 256
32 288
32 291
32 299
33 34
33 35
33 42
33 47
33 55
33 133
33 136
33 195
33 205
33 216
33 278
34 60
34 88
34 117
34 265
34 276
35 85
35 103
35 174
35 223
35 272
35 292
36 70
36 139
36 161
36 162
36 210
36 239
36 252
37 258
37 263
37 304
38 101
38 108
38 130
38 176
38 215
38 223
38 243
39 75
39 123
39 136
39 156
40 68
40 84
40 97
40 129
40 130
40 133
40 142
40 147
40 148
40 151
40 157
40 162
40 293
40 294
41 156
41 194
42 70
42 81
42 124
42 130
42 167
42 293
43 140
43 231
44 80
44 115
44 131
44 219
45 59
45 103
45 105
45 127
45 128
45 129
45 153
45 156
45 208
45 256
45 258
45 287
45 303
45 304
46 67
46 174
46 230
46 239
46 244
46 303
46 310
46 313
47 58
47 114
47 131
47 206
47 269
48 124
48 132
48 135
48 162
48 171
48 218
48 232
48 277
49 59
49 102
49 107
49 124
49 129
49 131
49 133
49 312
49 315
50 103
50 110
50 135
50 149
50 164
50 232
50 266
50 315
51 58
51 59
51 117
51 122
51 133
51 193
51 226
51 272
51 298
52 74
52 131
52 275
52 286
53 84
53 89
54 66
54 154
54 290
55 129
55 242
56 68
56 106
56 122
56 135
56 160
56 205
56 223
56 242
56 267
57 118
57 129
57 163
57 215
58 212
59 94
59 110
59 167
59 169
59 185
59 229
59 273
59 293
60 101
60 129
60 130
60 268
61 80
61 287
62 64
62 128
62 135
62 175
62 188
63 67
63 85
63 129
63 134
63 156
63 168
64 132
64 133
64 134
64 216
64 219
64 277
65 224
65 232
65 258
65 287
66 135
66 286
67 107
67 131
67 135
67 149
67 150
67 168
67 188
67 197
67 253
67 258
67 269
67 287
68 102
68 134
68 172
68 200
68 249
69 126
69 131
69 136
69 156
69 157
69 284
70 111
70 114
70 154
70 298
71 102
71 131
71 155
72 76
72 110
72 130
72 167
72 233
73 75
73 219
73 250
74 136
74 149
74 241
74 276
74 279
74 292
75 89
75 108
75 129
75 136
75 157
76 77
76 98
76 164
76 237
76 238
76 263
76 276
77 98
77 99
77 124
77 133
77 266
77 294
78 148
78 200
79 99
79 105
79 121
79 122
79 128
79 135
79 174
79 227
79 230
79 264
79 287
80 132
80 133
80 141
80 181
80 242
80 264
80 266
80 288
80 290
80 295
80 309
81 97
81 98
81 129
81 157
81 188
81 192
81 220
81 301
82 177
83 135
83 279
83 286
84 103
84 105
85 90
85 167
85 310
86 89
87 111
87 140
87 157
87 179
87 216
87 248
87 284
87 290
88 140
88 248
88 266
88 282
88 293
89 92
89 130
89 140
89 166
89 207
89 212
89 227
89 233
90 141
90 188
91 124
91 134
91 232
91 258
92 94
92 107
92 124
92 130
92 152
92 188
92 224
93 131
93 288
94 112
94 129
94 167
94 239
95 139
95 188
95 228
96 131
96 133
96 193
96 206
96 207
97 167
97 185
97 210
97 256
97 285
97 287
98 293
98 302
99 180
99 220
100 200
100 215
100 287
101 133
101 206
101 212
101 216
102 128
102 130
102 135
102 156
102 168
102 178
102 188
102 224
102 239
102 274
102 285
102 286
102 292
102 302
102 307
103 109
103 133
103 147
103 149
103 179
103 194
103 204
103 232
103 264
103 272
103 276
104 109
104 131
104 220
104 232
104 242
104 299
105 136
105 143
105 258
105 275
105 286
106 134
106 156
106 158
106 286
106 314
107 109
107 131
107 188
107 227
107 267
108 134
108 249
108 251
109 118
109 135
109 159
109 194
109 199
109 209
109 277
109 283
110 118
110 132
110 135
110 141
110 208
110 219
110 259
112 211
112 286
113 143
114 129
114 156
115 130
115 172
115 174
115 231
115 242
115 305
116 130
117 118
117 144
117 213
117 279
118 130
118 148
118 180
118 194
118 249
118 280
119 128
119 148
119 157
119 166
120 152
120 220
120 238
121 126
121 127
122 140
122 210
122 214
122 314
123 138
123 241
123 280
124 136
124 154
124 156
124 160
124 180
124 210
124 293
124 305
126 306
127 288
128 140
128 145
128 164
128 184
128 240
128 244
128 264
129 130
129 138
129 147
129 159
129 160
129 174
129 193
129 209
129 218
129 235
129 238
129 255
129 268
129 279
129 280
130 134
130 135
130 142
130 156
130 157
130 159
130 164
130 165
130 178
130 180
130 191
130 199
130 202
130 205
130 208
130 209
130 217
130 219
130 229
130 231
130 239
130 249
130 298
130 305
131 134
131 135
131 136
131 139
131 145
131 151
131 158
131 192
131 195
131 206
131 241
131 255
131 302
131 315
132 269
133 138
133 145
133 149
133 159
133 162
133 184
133 233
133 244
133 288
133 295
133 309
134 135
134 137
134 142
134 145
134 156
134 159
134 163
134 185
134 194
134 220
134 224
134 241
134 249
134 259
134 264
134 276
134 287
134 303
135 146
135 161
135 172
135 176
135 181
135 184
135 186
135 215
135 216
135 230
135 243
135 249
135 260
135 286
135 288
135 301
136 156
136 167
136 174
136 217
136 223
136 233
136 252
136 274
136 276
136 290
137 144
137 242
138 152
138 167
138 241
138 272
138 274
138 293
139 279
139 287
140 158
140 200
140 258
140 288
140 292
142 148
142 153
142 185
142 242
142 286
143 200
143 238
143 245
143 298
144 188
145 184
145 220
145 258
145 283
146 263
146 304
147 200
148 156
148 213
148 220
148 247
148 268
148 288
149 160
149 223
149 231
149 257
150 191
150 275
150 278
151 235
151 265
152 164
152 215
152 246
152 252
153 156
154 181
154 305
154 311
156 190
156 198
156 210
156 229
156 243
156 245
156 259
156 271
156 275
156 293
156 296
156 298
156 310
157 215
157 227
157 233
157 244
157 286
157 306
157 308
158 193
158 210
158 287
160 184
161 213
161 279
162 185
162 242
162 287
163 209
164 173
164 246
164 277
165 241
165 304
167 181
167 210
167 221
167 232
167 272
168 188
168 200
168 291
169 301
170 200
172 185
172 212
172 291
172 293
174 179
174 180
174 241
174 248
174 278
176 196
177 270
179 263
179 302
180 193
181 201
182 250
185 196
185 277
185 289
187 238
188 265
188 295
190 246
191 200
191 241
191 275
191 285
192 240
192 270
193 201
193 240
193 271
193 273
193 305
193 314
194 233
195 315
196 214
196 220
197 212
198 211
199 215
199 223
199 224
199 227
200 207
200 216
200 217
201 208
201 215
201 255
202 255
202 314
204 211
204 302
206 216
206 249
208 264
208 304
209 265
210 252
210 280
211 267
211 271
211 285
213 247
214 257
214 314
215 261
215 271
217 240
217 273
217 305
218 268
218 285
219 220
219 268
219 293
219 314
220 241
220 249
220 273
220 277
220 284
220 313
221 301
222 252
222 287
223 230
223 288
223 297
224 258
224 290
225 231
226 313
228 286
230 275
230 307
232 235
232 258
232 288
234 308
235 283
235 288
239 288
239 297
241 294
242 246
242 273
242 276
242 313
243 307
244 245
246 287
247 276
248 287
248 299
249 250
249 303
252 308
255 265
255 314
256 264
257 275
257 287
258 261
258 269
258 279
258 290
259 269
262 267
262 283
266 298
269 283
269 297
274 286
276 281
276 284
279 286
280 283
283 313
286 288
287 293
288 301
288 304
293 313
