0 2
0 95
0 120
0 177
1 5
1 55
1 156
1 290
1 305
2 13
2 14
2 30
2 75
2 101
2 104
2 134
2 160
2 171
2 206
2 215
2 219
2 220
2 252
2 268
2 284
2 287
2 288
3 24
3 81
3 137
3 175
3 180
3 216
3 292
4 48
4 160
4 232
5 249
5 261
5 303
6 49
6 64
6 121
6 133
6 205
6 219
7 19
7 34
7 43
7 47
7 98
7 110
7 124
7 156
7 167
7 172
7 173
7 174
7 220
8 36
8 45
8 54
8 118
8 129
8 139
8 148
8 169
8 180
8 184
8 186
8 195
8 211
8 217
8 242
8 246
8 259
8 298
8 312
8 314
9 59
9 74
9 113
9 153
10 51
10 98
10 184
10 305
11 79
11 118
11 155
11 160
11 276
11 294
12 50
12 134
12 145
12 167
12 217
12 279
12 306
13 29
13 43
13 52
13 148
13 216
13 241
13 288
14 33
14 41
14 145
14 156
14 167
14 182
14 188
14 275
15 34
15 89
15 105
15 200
15 233
15 252
16 19
16 30
16 32
16 40
16 51
16 77
16 96
16 102
16 111
16 128
16 131
16 153
16 214
16 242
16 246
16 283
16 288
16 294
16 302
17 133
17 204
17 211
18 31
18 35
18 41
18 61
18 75
18 78
18 137
18 138
18 249
18 275
19 60
19 96
20 28
20 54
20 68
20 130
20 148
20 174
20 197
20 231
20 257
20 286
20 291
21 30
21 33
21 89
21 156
22 130
22 135
22 137
22 151
22 166
22 199
23 202
23 252
24 31
24 41
24 57
24 73
24 78
24 109
24 121
24 188
24 225
24 303
25 117
25 129
25 130
25 162
25 205
26 43
26 80
27 77
27 79
27 122
27 136
27 172
27 228
27 288
28 60
28 102
28 117
28 138
28 146
28 153
28 172
28 190
29 57
29 133
29 159
29 257
29 258
29 315
30 62
30 242
30 250
30 255
30 279
30 282
31 38
31 102
31 134
31 137
31 156
31 192
31 214
31 239
31 244
31 275
31 297
32 40
32 41
32 49
32 74
32 120
32 122
32 150
32 152
32 154
32 196
32 201
32 217
32 263
32 285
32 287
32 295
33 47
33 55
33 59
33 62
33 83
33 107
33 116
33 136
33 162
33 180
33 216
33 283
33 306
33 315
34 129
34 137
34 179
34 222
34 239
35 52
35 92
35 174
35 194
35 206
36 59
36 104
36 136
36 148
36 173
36 258
36 264
36 304
37 124
37 139
37 234
37 283
38 51
38 156
38 222
38 266
39 104
39 182
40 79
40 135
40 152
40 286
40 301
41 62
41 95
41 284
42 59
42 128
42 137
42 211
42 266
42 310
43 64
43 81
43 135
43 178
43 189
43 260
44 104
44 114
44 133
44 286
45 54
45 100
45 104
45 121
45 128
45 130
45 131
45 146
45 156
45 200
45 201
45 238
45 263
45 286
46 54
46 87
46 95
46 98
46 114
46 131
46 139
46 210
46 244
46 294
47 90
47 130
47 215
47 274
47 308
47 309
48 69
48 128
48 135
48 139
48 155
48 175
49 75
49 89
49 118
49 134
50 65
50 129
50 215
50 257
50 292
50 295
51 94
51 136
51 272
51 284
51 303
52 168
52 174
52 253
54 86
54 94
54 110
54 129
54 173
54 201
54 233
54 249
54 279
55 74
55 215
56 118
56 138
56 160
56 196
56 205
56 220
56 279
56 307
56 315
57 70
59 92
59 106
59 108
59 110
59 122
59 130
59 136
59 139
59 161
59 176
59 239
59 272
59 275
60 70
60 123
60 133
60 173
60 242
60 307
61 135
61 149
61 162
61 193
61 307
62 107
62 129
62 205
62 210
62 244
62 284
62 297
63 72
63 232
63 280
64 82
64 101
64 108
64 129
64 160
64 191
64 200
64 304
65 107
65 131
65 204
65 225
66 82
66 111
67 129
67 131
67 145
67 179
67 213
67 224
67 229
67 233
67 244
67 266
67 268
67 283
68 85
68 87
68 150
68 188
68 191
68 196
68 210
68 228
68 296
68 302
68 310
69 167
69 305
70 199
70 216
70 229
71 174
72 79
72 86
72 130
72 154
72 209
73 110
74 100
74 112
74 113
74 129
74 188
74 191
74 224
74 229
74 275
74 281
74 288
75 102
75 135
75 142
75 189
75 200
75 204
75 215
75 222
75 236
75 266
76 99
76 126
76 152
76 156
76 214
76 233
77 124
77 134
77 135
77 157
77 200
77 305
78 108
78 137
78 200
78 208
78 233
78 239
78 243
78 268
78 274
79 92
79 134
79 142
79 154
79 198
79 259
80 98
80 133
80 156
80 167
80 249
81 181
81 212
81 301
82 94
83 157
84 160
84 232
85 113
85 156
85 191
85 210
86 150
86 167
86 220
86 249
86 256
87 152
87 193
88 128
88 129
88 148
88 160
88 212
89 150
89 154
89 194
89 258
89 260
89 265
90 108
90 262
91 124
91 130
91 136
91 221
91 244
92 149
92 175
92 180
92 182
92 197
92 271
94 97
94 104
94 149
94 156
95 126
95 134
95 191
95 230
95 278
96 179
96 303
97 103
97 133
97 134
97 135
97 166
97 188
97 298
98 181
98 185
98 199
98 208
98 283
98 299
99 130
101 109
101 111
101 114
101 177
101 246
102 109
102 129
102 156
102 188
102 258
102 267
102 268
102 304
103 104
103 108
103 130
103 160
103 259
103 286
103 304
104 112
104 134
104 167
104 179
104 211
104 243
104 283
104 285
104 287
104 288
105 117
105 147
105 181
105 195
105 239
105 254
105 307
106 118
106 136
106 141
106 238
106 239
106 248
106 252
107 157
107 171
107 191
107 254
107 298
107 299
108 167
108 288
109 126
109 134
109 160
109 275
110 124
110 134
110 135
110 287
111 197
111 287
112 133
112 151
113 273
114 157
114 196
114 268
114 287
115 149
115 179
115 223
115 286
115 295
117 125
117 133
117 136
117 157
117 268
117 286
117 287
118 152
118 156
118 185
118 190
118 221
118 285
118 286
118 292
119 184
120 180
120 238
121 129
121 193
122 135
122 142
122 187
122 215
122 287
124 132
124 140
124 156
124 172
124 184
124 193
124 194
124 224
124 231
124 249
124 286
124 291
125 195
126 137
126 206
126 251
127 130
128 132
128 134
128 185
128 225
128 261
128 276
128 295
128 313
129 130
129 131
129 132
129 133
129 135
129 153
129 154
129 164
129 174
129 180
129 193
129 209
129 216
129 258
129 265
129 276
129 279
129 292
129 300
129 305
130 131
130 149
130 155
130 164
130 167
130 188
130 209
130 239
130 252
130 257
130 303
131 135
131 136
131 171
131 174
131 179
131 184
131 197
131 231
131 240
131 278
131 281
131 287
131 291
132 156
132 188
132 210
132 259
132 267
132 283
133 134
133 135
133 142
133 144
133 156
133 160
133 171
133 172
133 191
133 208
133 210
133 236
133 239
133 244
133 293
133 298
134 148
134 149
134 176
134 177
134 182
134 193
134 197
134 247
134 249
134 255
134 257
134 258
134 268
134 285
134 292
134 298
134 309
134 313
135 175
135 196
135 204
135 211
135 223
135 227
135 249
135 257
135 264
135 271
135 276
135 278
135 285
136 156
136 191
136 192
136 195
136 220
136 241
136 287
136 296
137 255
137 275
138 206
138 227
138 283
139 167
140 167
140 188
140 219
140 242
140 287
140 288
140 304
142 156
142 237
142 265
143 204
143 240
144 305
145 150
145 193
145 213
145 221
145 239
145 269
146 198
146 201
146 275
147 311
148 160
148 196
148 220
148 237
148 304
149 159
149 187
149 191
149 196
149 236
149 249
149 288
149 294
149 303
150 220
150 264
152 156
152 157
152 188
152 232
152 270
153 260
154 179
154 186
154 205
154 226
154 245
155 157
155 180
156 166
156 196
156 203
156 219
156 220
156 224
156 255
156 276
156 279
156 284
156 285
156 288
156 293
156 309
157 167
157 185
157 193
157 267
157 275
158 210
158 244
158 261
159 160
159 206
159 304
160 192
160 193
160 197
160 210
160 232
160 288
162 166
162 216
162 222
162 272
162 278
162 296
162 309
163 240
163 293
164 217
164 239
166 193
166 284
167 195
167 200
167 205
167 218
167 226
167 243
167 261
167 280
168 204
168 247
168 289
171 285
172 194
172 206
172 273
172 277
172 279
172 287
173 182
173 214
174 261
174 283
175 209
175 252
176 190
177 180
177 182
177 289
179 212
179 272
180 193
180 200
180 221
180 276
180 286
181 272
181 285
182 243
184 209
185 285
185 304
186 230
188 229
188 243
188 286
189 218
190 197
190 235
191 239
191 287
192 224
192 258
193 205
193 224
193 275
193 287
193 292
194 263
195 205
195 210
195 215
195 242
195 245
195 290
196 218
196 239
197 207
198 201
198 288
199 261
200 203
200 260
200 276
200 283
200 307
201 279
203 266
203 305
204 286
205 209
205 220
206 222
208 271
209 279
210 214
210 237
210 283
210 288
211 279
211 287
214 240
214 249
214 298
215 220
215 266
216 254
217 269
217 286
217 303
217 304
217 312
218 232
218 241
218 281
218 304
219 224
220 236
220 288
221 274
221 285
222 258
223 252
223 270
224 243
224 263
224 286
224 288
231 233
233 238
233 296
235 278
235 305
238 286
239 258
239 265
239 276
241 275
241 293
241 304
242 255
242 267
242 305
242 315
243 278
245 257
246 286
249 252
249 278
249 283
250 266
250 276
251 282
252 306
255 281
256 287
258 286
259 276
261 275
262 269
263 313
265 307
266 285
267 287
268 286
268 299
271 287
272 280
273 285
275 281
281 310
282 287
283 292
287 308
288 290
288 296
288 297
300 303
301 315
