0 45
0 135
0 299
1 16
1 96
1 130
1 156
1 211
1 220
1 302
1 313
2 6
2 11
2 35
2 40
2 49
2 59
2 71
2 108
2 110
2 135
2 176
2 196
2 220
2 252
2 281
2 285
2 288
2 305
3 28
3 46
3 106
3 160
3 193
3 222
3 279
4 7
4 85
4 87
4 140
4 149
4 241
4 298
5 30
5 41
5 162
5 167
5 212
5 304
6 32
6 136
6 144
6 152
6 208
6 244
6 271
6 287
7 51
7 60
7 80
7 133
7 136
7 147
7 171
7 180
7 193
7 245
8 16
8 18
8 27
8 31
8 32
8 36
8 67
8 129
8 131
8 149
8 154
8 155
8 162
8 167
8 192
8 193
8 249
8 261
9 66
9 67
9 211
10 46
10 65
10 164
10 241
10 285
11 32
12 16
12 129
12 132
12 166
12 174
12 180
12 245
12 258
12 283
13 124
13 130
13 167
13 193
13 217
13 245
13 248
13 288
13 315
14 32
14 70
14 104
14 128
14 141
14 156
14 207
14 220
14 252
15 18
15 50
15 66
15 134
15 136
15 176
15 207
16 21
16 31
16 32
16 59
16 96
16 102
16 108
16 115
16 123
16 143
16 162
16 167
16 171
16 180
16 201
16 206
16 269
16 288
16 293
17 58
17 160
17 252
18 103
18 104
18 131
18 154
18 161
18 210
18 220
18 229
18 303
18 305
19 32
19 60
19 62
20 27
20 51
20 85
20 138
20 193
20 217
20 259
20 261
21 109
21 129
21 134
21 161
21 191
21 258
21 260
21 276
22 67
22 130
22 193
22 233
23 31
23 63
23 67
23 105
23 121
23 304
24 42
24 63
24 75
24 218
25 131
25 135
25 220
25 221
25 272
25 283
25 284
25 298
26 220
26 231
26 249
27 69
27 296
27 311
28 74
28 129
28 149
28 172
28 180
28 215
28 239
28 272
28 283
29 47
29 187
29 200
29 249
29 260
29 286
29 314
30 59
30 201
30 206
30 218
30 278
30 304
31 33
31 35
31 54
31 55
31 56
31 63
31 89
31 105
31 136
31 137
31 200
31 228
31 239
31 265
31 293
31 296
32 33
32 47
32 129
32 134
32 160
32 161
32 166
32 192
32 193
32 201
32 249
32 273
32 283
33 34
33 45
33 60
33 96
33 101
33 108
33 126
33 130
33 142
33 249
33 269
33 287
33 293
33 298
34 129
34 135
34 156
34 157
34 195
34 199
34 216
34 294
35 50
35 54
35 67
35 101
35 109
35 131
35 287
36 63
36 148
36 240
36 269
36 278
36 305
37 160
37 200
37 215
38 97
38 256
38 257
38 284
39 129
39 131
39 136
39 152
39 173
39 179
39 204
39 288
40 130
40 133
40 144
40 145
40 152
40 156
40 288
41 61
41 91
41 96
41 129
41 145
41 164
41 217
41 238
42 47
42 68
42 124
42 149
42 158
42 171
42 174
42 188
42 191
42 249
42 287
43 51
43 69
43 129
43 137
43 138
43 224
43 275
43 309
44 50
44 98
44 142
44 145
44 273
44 274
44 288
45 64
45 67
45 99
45 124
45 145
45 156
45 204
45 206
45 242
45 264
45 294
45 296
45 303
46 63
46 98
46 121
46 131
46 133
46 146
46 220
46 286
47 96
47 122
47 159
47 257
48 59
48 116
48 157
48 188
48 233
48 305
49 80
49 92
49 133
49 134
49 135
49 177
49 189
50 68
50 130
50 145
50 157
50 167
50 212
50 220
50 242
50 276
51 106
51 129
51 136
51 214
51 246
51 275
51 283
52 118
52 224
53 156
53 278
53 304
54 148
55 135
55 261
56 57
56 167
56 209
56 282
57 135
57 136
57 315
58 193
59 60
59 68
59 131
59 133
59 134
59 135
59 143
59 147
59 167
59 192
59 228
59 286
60 122
60 129
60 136
60 148
60 152
60 156
60 239
60 249
61 131
61 138
62 101
62 180
62 303
63 110
63 148
63 220
63 239
63 285
64 67
64 70
64 141
64 188
64 217
64 245
64 279
65 115
65 117
65 134
65 230
66 74
66 129
66 133
66 193
67 102
67 114
67 121
67 129
67 130
67 133
67 134
67 241
68 70
68 87
68 107
68 136
68 160
68 217
68 246
68 249
68 254
68 257
68 287
68 295
68 298
68 309
69 210
69 215
69 258
70 208
70 251
71 271
72 118
72 128
72 185
72 282
73 115
73 283
74 87
74 111
74 163
74 180
74 210
74 220
74 249
75 134
75 152
75 156
75 189
75 211
75 290
76 79
76 86
76 160
76 210
76 232
76 310
77 137
77 238
78 157
78 270
78 272
79 122
79 128
79 244
79 246
79 286
80 156
80 196
81 110
81 122
81 134
81 137
81 227
81 298
81 301
83 87
83 103
83 129
83 174
83 188
83 220
83 242
83 258
84 85
84 197
84 243
85 133
85 167
85 232
85 264
85 308
86 117
86 133
86 196
86 208
86 221
87 104
87 135
87 215
87 230
87 310
87 314
88 103
88 298
88 301
89 131
89 133
89 141
89 167
90 102
90 133
90 157
90 220
90 242
91 92
91 187
91 220
91 304
92 124
92 134
92 148
92 197
92 201
93 129
93 244
94 98
94 123
94 157
94 215
94 217
95 140
95 159
95 218
95 239
95 310
96 187
96 192
97 102
97 128
97 130
97 158
97 218
97 224
97 240
97 249
97 252
97 258
98 127
98 129
98 134
98 139
98 159
98 265
99 142
99 196
99 271
99 295
100 133
101 165
101 232
101 241
101 297
101 298
101 302
102 118
102 276
102 279
103 119
103 129
103 133
103 159
103 167
103 206
103 211
103 217
103 220
103 224
103 285
103 303
104 110
104 130
104 161
104 206
104 239
104 255
105 130
105 286
106 120
106 130
106 167
106 181
106 193
106 218
106 282
106 283
107 199
107 243
107 293
108 122
108 135
108 157
108 209
108 241
108 276
108 308
109 130
109 167
109 312
110 174
110 193
110 197
110 220
110 281
111 117
111 129
111 214
111 233
112 156
112 196
112 197
112 249
113 130
113 133
114 232
114 267
115 129
115 131
115 133
115 135
115 242
116 263
117 129
117 133
117 180
117 192
117 197
118 127
118 136
118 137
118 140
118 256
118 272
118 287
118 290
118 296
118 312
119 167
120 139
120 167
120 249
120 302
120 305
121 136
121 142
121 184
121 217
121 291
121 304
122 130
122 164
122 209
122 272
123 206
123 242
123 279
123 315
124 129
124 172
124 212
124 269
124 272
124 295
125 135
127 156
127 188
128 135
128 148
128 156
128 168
128 206
128 208
128 221
128 242
129 130
129 142
129 155
129 159
129 188
129 212
129 231
129 239
129 249
129 268
129 270
129 273
129 278
129 285
129 310
130 133
130 134
130 140
130 142
130 145
130 148
130 158
130 173
130 206
130 214
130 220
130 233
130 239
130 242
130 284
130 291
130 301
130 303
131 138
131 152
131 156
131 171
131 177
131 180
131 204
131 208
131 215
131 229
131 232
131 239
131 273
131 276
131 289
131 298
131 305
131 314
132 135
132 186
132 196
132 222
132 259
132 261
133 134
133 157
133 160
133 163
133 188
133 211
133 213
133 223
133 249
133 254
133 261
133 288
133 315
134 135
134 136
134 143
134 154
134 160
134 161
134 162
134 185
134 186
134 188
134 193
134 197
134 217
134 218
134 220
134 224
134 232
134 233
134 242
134 249
134 258
134 267
134 282
134 292
134 307
134 314
135 146
135 160
135 188
135 200
135 216
135 249
135 252
135 255
135 264
135 288
135 303
136 193
136 199
136 288
138 209
139 229
139 288
140 251
140 258
140 268
140 293
141 263
142 241
142 311
143 148
143 267
144 149
144 313
145 162
145 178
145 195
145 219
145 240
145 287
146 193
146 202
147 246
148 173
148 202
148 206
148 211
148 219
148 227
148 239
148 261
148 288
148 303
149 157
149 174
149 194
149 237
149 249
149 285
149 287
149 312
150 223
150 305
151 201
151 297
152 164
152 214
152 220
152 293
152 308
153 157
153 193
153 201
154 215
154 263
156 167
156 188
156 210
156 231
156 236
156 241
156 249
156 280
156 281
156 287
156 292
156 302
156 303
157 195
157 207
157 218
158 174
158 179
158 206
159 258
159 285
160 206
160 217
160 239
160 285
160 293
161 210
161 245
161 255
161 314
162 192
162 229
162 275
164 192
164 283
166 241
167 180
167 206
167 236
167 242
167 283
167 293
167 296
167 304
167 305
168 212
169 184
171 205
172 211
172 220
172 252
172 278
173 197
173 304
174 200
175 184
175 271
175 278
177 199
177 200
177 267
177 287
179 203
179 219
179 224
179 278
180 193
180 215
180 216
180 241
180 296
180 300
180 312
181 249
182 288
184 202
184 298
185 205
185 220
185 268
188 219
188 263
188 291
190 239
190 249
191 193
191 216
191 258
192 200
192 241
193 206
193 210
193 217
193 269
193 286
194 205
195 239
195 256
195 273
196 232
196 234
196 239
196 252
196 287
198 261
199 224
200 218
200 280
200 285
200 308
201 217
201 295
203 283
203 305
204 274
204 276
205 211
205 217
205 234
205 242
205 261
206 272
206 275
206 280
206 287
207 287
208 210
211 306
212 213
212 234
212 274
213 254
214 252
215 309
216 229
216 231
216 241
217 287
219 270
219 271
219 287
220 232
220 270
220 288
220 311
222 229
222 296
223 288
224 239
224 242
224 244
224 281
227 232
227 286
229 241
229 303
231 244
231 298
232 257
232 286
232 292
233 266
233 305
235 269
236 252
238 254
239 266
239 285
240 241
241 293
242 305
243 301
244 249
244 288
245 282
245 287
246 270
247 249
247 272
247 309
248 275
249 263
249 272
249 289
249 295
249 308
250 315
255 284
255 287
256 312
258 286
258 302
265 302
269 296
269 304
271 309
272 294
273 302
275 288
276 285
276 292
276 304
277 287
277 305
283 294
283 313
286 287
286 288
287 298
288 301
288 305
296 304
298 304
