0 95
0 137
0 167
0 220
0 241
0 285
0 287
1 92
1 103
1 135
1 180
1 200
1 216
1 234
1 267
2 3
2 6
2 39
2 47
2 51
2 59
2 91
2 101
2 126
2 134
2 150
2 206
2 254
2 281
2 298
2 305
3 16
3 18
3 102
3 135
3 219
3 308
4 80
4 130
4 145
4 146
4 162
4 285
5 69
5 133
5 221
5 247
5 275
6 131
6 134
6 200
6 209
6 261
6 289
6 303
7 26
7 33
7 42
7 45
7 50
7 67
7 80
7 89
7 107
7 114
7 131
7 138
7 156
7 159
7 193
7 200
7 244
7 303
8 9
8 22
8 23
8 67
8 69
8 92
8 103
8 109
8 130
8 136
8 288
9 11
9 32
9 120
9 249
10 97
10 196
11 20
11 25
11 31
11 38
11 96
11 163
11 197
12 39
12 43
12 67
12 89
12 134
12 149
12 158
12 179
12 237
13 17
13 19
13 149
13 197
13 215
13 239
14 18
14 21
14 87
14 102
14 118
14 133
14 159
14 191
14 210
14 296
14 298
15 16
15 81
15 100
15 106
15 156
15 157
15 168
15 218
15 221
15 250
15 265
15 272
15 313
16 32
16 33
16 36
16 48
16 56
16 60
16 77
16 84
16 101
16 109
16 122
16 139
16 143
16 154
16 156
16 158
16 177
16 191
16 192
16 223
16 285
16 296
17 130
17 145
17 211
17 233
17 239
18 34
18 39
18 164
18 166
18 180
18 233
18 307
18 309
19 80
19 85
19 117
19 202
20 39
20 136
20 141
20 200
20 272
20 281
20 286
20 295
21 129
21 210
22 47
22 127
22 139
22 189
22 220
22 266
23 142
23 173
23 202
23 217
23 232
24 28
24 42
24 83
24 134
24 156
24 197
24 311
25 54
25 63
25 134
25 135
25 138
25 142
25 184
25 208
25 286
26 31
26 51
26 52
26 129
26 188
26 275
27 138
27 149
27 201
27 287
28 62
28 76
28 113
28 129
28 146
28 154
28 156
28 224
28 227
28 242
28 279
28 284
29 34
29 49
29 51
29 92
29 97
29 109
29 199
30 59
30 67
30 200
30 245
31 42
31 62
31 103
31 104
31 118
31 137
31 158
31 220
31 234
31 239
31 240
31 283
31 287
31 288
32 65
32 128
32 131
32 132
32 133
32 152
32 157
32 161
32 192
32 200
32 220
32 236
32 250
32 272
32 301
33 44
33 51
33 52
33 76
33 81
33 124
33 129
33 147
33 218
33 247
33 252
33 265
33 275
33 280
34 85
34 110
34 130
34 157
34 196
34 211
34 216
34 246
34 287
35 36
35 103
35 134
35 138
35 156
35 224
35 268
35 287
35 298
36 41
36 82
36 85
36 128
36 135
36 224
37 67
37 135
37 140
37 209
37 246
37 281
37 286
37 314
38 74
38 96
38 116
38 129
38 130
38 181
38 208
38 263
39 50
39 81
39 106
39 110
39 134
39 149
39 156
39 166
39 232
39 307
40 74
40 106
40 110
40 179
40 296
40 306
41 136
41 146
41 157
41 167
41 249
41 287
42 97
42 100
42 129
42 133
42 176
42 180
42 259
42 296
43 157
44 245
45 50
45 56
45 66
45 83
45 111
45 128
45 131
45 134
45 140
45 191
45 214
45 249
45 272
46 57
46 85
46 92
46 97
46 103
46 128
46 142
46 159
46 162
46 235
46 307
47 130
47 231
47 262
47 267
47 271
48 98
48 109
48 191
48 220
48 238
49 54
49 60
49 64
49 80
49 227
49 286
50 73
50 110
50 113
50 133
50 134
50 163
50 177
50 220
50 272
50 286
51 85
51 101
51 136
51 151
51 167
51 188
51 239
51 275
51 285
52 115
52 139
52 157
52 243
52 265
53 230
54 151
54 167
54 260
54 270
55 66
55 161
55 236
55 286
56 75
57 129
57 156
58 59
58 110
58 242
59 63
59 85
59 104
59 129
59 130
59 134
59 135
59 152
59 154
59 163
59 168
59 191
59 285
59 293
60 96
60 112
60 115
60 130
60 139
60 182
60 196
60 203
60 208
60 232
60 272
60 285
61 107
61 119
61 133
61 135
61 161
61 162
61 178
61 216
62 64
62 81
62 98
62 116
62 129
62 287
63 148
63 160
63 249
63 301
64 87
64 241
64 266
65 233
65 255
65 299
66 83
66 130
66 197
66 202
67 87
67 92
67 134
67 150
67 167
67 194
67 201
67 206
67 210
67 220
68 127
68 144
68 156
68 212
68 244
68 281
68 288
69 74
69 91
69 110
69 291
70 94
71 220
72 134
72 154
72 178
72 247
72 303
73 123
73 130
73 135
73 167
73 245
74 80
74 89
74 117
74 130
74 131
74 136
74 150
74 163
74 182
75 84
75 92
75 110
75 126
75 129
75 130
75 173
75 180
75 206
75 229
75 237
75 264
75 265
75 305
76 86
76 131
76 134
76 180
76 212
77 83
77 133
77 139
77 145
77 232
78 114
78 148
78 210
78 222
79 128
79 129
80 97
80 131
80 133
80 135
80 142
80 210
80 220
80 257
81 191
83 119
83 134
83 224
83 266
84 206
85 129
85 130
85 255
85 261
86 135
87 89
87 110
87 128
87 140
87 154
87 160
87 188
87 217
87 286
88 95
88 120
88 130
88 133
88 191
88 221
89 159
89 173
89 201
89 209
89 242
89 284
89 286
89 291
89 314
90 141
90 200
90 312
91 258
92 102
92 104
92 180
92 246
92 278
94 99
94 263
95 217
96 153
96 218
97 179
97 237
97 239
97 245
97 276
98 162
98 233
98 287
99 296
101 130
101 151
101 224
102 103
102 110
102 215
102 220
102 233
102 252
102 255
102 279
102 309
103 129
103 131
103 135
103 136
103 175
103 179
103 218
103 245
103 265
104 129
104 130
104 131
104 140
104 180
104 196
104 302
105 129
105 135
105 224
105 313
106 131
106 133
106 156
106 241
106 249
106 255
106 263
106 283
106 286
106 287
106 288
106 305
107 123
107 167
107 176
107 258
107 271
108 122
108 128
108 133
108 136
108 167
108 249
108 286
108 288
109 150
109 184
109 287
110 180
110 211
110 230
110 232
110 297
110 303
111 130
111 172
112 132
112 135
112 145
112 150
112 219
113 165
113 246
113 263
113 275
114 122
114 138
115 133
115 138
115 210
115 255
116 133
116 216
117 124
117 127
117 205
117 247
117 307
118 129
118 137
118 170
118 174
118 184
118 216
118 217
118 266
118 284
118 287
120 140
120 275
121 172
122 129
122 130
122 152
122 167
122 172
122 208
122 230
122 314
123 136
123 224
123 305
124 160
124 180
124 195
124 197
124 207
124 224
124 239
124 249
124 286
124 298
126 136
126 202
126 291
127 149
127 232
127 286
128 132
128 175
128 181
129 143
129 155
129 159
129 165
129 172
129 180
129 184
129 190
129 209
129 210
129 218
129 231
129 233
129 258
129 271
129 287
129 288
129 296
129 305
130 132
130 135
130 143
130 149
130 156
130 157
130 158
130 163
130 166
130 173
130 175
130 184
130 205
130 239
130 242
130 243
130 294
130 301
131 135
131 160
131 182
131 184
131 192
131 193
131 210
131 214
131 215
131 218
131 242
131 258
131 269
131 285
131 286
131 288
131 293
131 303
132 278
133 153
133 156
133 160
133 168
133 174
133 203
133 243
133 245
133 249
133 260
133 267
133 272
133 285
133 287
133 296
133 297
133 302
133 310
134 135
134 140
134 148
134 149
134 152
134 155
134 165
134 188
134 206
134 209
134 258
134 268
134 279
134 284
134 287
134 293
134 298
134 304
135 156
135 159
135 181
135 195
135 197
135 217
135 221
135 231
135 232
135 252
136 137
136 148
136 149
136 156
136 157
136 193
136 208
136 210
136 213
136 232
136 268
136 276
136 310
138 173
138 299
139 278
140 209
140 212
140 238
140 279
140 284
140 296
141 276
142 275
142 280
144 195
144 208
144 220
144 224
145 168
145 233
146 195
146 286
147 262
148 150
148 180
148 200
148 216
148 224
148 246
148 252
148 273
148 292
149 167
149 232
149 236
149 269
150 184
150 204
151 286
152 157
152 180
152 216
152 245
152 266
152 290
153 161
153 168
153 180
153 255
153 278
154 180
154 205
155 210
155 284
156 157
156 159
156 160
156 179
156 185
156 191
156 206
156 224
156 258
156 273
156 275
156 278
156 310
157 201
157 220
157 275
157 303
159 186
159 196
159 200
159 224
159 244
159 292
159 299
160 210
160 232
160 298
161 242
162 193
162 216
162 223
162 235
162 239
162 246
164 213
165 203
165 242
166 168
166 193
166 287
167 172
167 195
167 206
167 240
167 252
167 285
167 286
168 287
169 284
171 185
171 220
172 179
172 224
173 208
173 233
174 198
174 210
175 287
175 305
176 210
176 226
177 224
177 258
178 225
179 211
179 227
179 245
179 263
179 275
180 186
180 233
180 269
180 273
180 293
180 296
180 314
181 232
181 285
182 274
182 304
183 218
184 209
184 283
185 196
185 239
185 307
186 312
188 229
188 288
188 306
190 307
191 242
191 286
191 301
192 286
193 195
193 222
193 223
193 307
194 232
194 233
195 224
196 235
199 266
200 211
200 218
200 222
200 223
200 228
200 233
200 245
200 263
200 266
200 276
200 287
201 228
201 269
202 205
202 211
202 249
202 272
204 295
205 208
205 239
205 270
205 313
206 212
206 220
206 222
206 245
206 249
208 224
210 266
210 269
210 286
210 307
211 275
211 286
213 236
213 279
213 286
214 239
215 228
215 242
217 221
218 286
219 249
219 285
219 296
219 301
219 311
220 249
220 287
220 311
222 250
224 259
224 281
225 238
229 305
230 233
231 258
232 238
232 261
233 234
233 272
233 287
233 297
234 252
235 287
238 239
239 288
239 305
239 315
241 262
241 301
242 272
243 249
243 301
244 257
244 312
246 303
249 257
249 288
249 290
255 287
255 298
256 303
258 309
261 287
268 275
268 278
268 279
269 286
269 287
275 297
281 284
285 291
287 291
287 294
287 303
287 310
288 310
295 305
297 304
301 315
