0 16
0 35
0 55
0 198
0 290
0 308
1 129
1 134
1 180
1 210
1 314
2 17
2 26
2 34
2 59
2 63
2 67
2 97
2 157
2 160
2 191
2 197
2 208
2 214
2 239
2 292
2 310
2 311
3 16
3 76
3 180
3 283
4 33
4 34
4 37
4 47
4 66
4 121
4 156
4 173
4 193
4 314
5 9
5 25
5 55
5 92
5 95
5 131
5 160
5 216
5 223
5 245
6 16
6 103
6 110
6 135
6 152
6 174
6 268
6 288
7 14
7 19
7 55
7 67
7 89
7 90
7 92
7 131
7 136
7 160
7 208
7 252
7 268
7 286
7 288
8 25
8 27
8 49
8 77
8 96
8 102
8 104
8 132
8 141
8 168
8 182
8 200
8 227
8 270
8 278
8 288
8 292
8 298
8 313
9 23
9 24
9 40
9 109
9 129
9 148
10 20
10 56
10 103
10 129
10 133
10 135
11 40
11 78
11 140
11 311
12 33
12 70
12 130
12 141
12 156
12 193
12 195
12 241
12 249
12 287
13 33
13 59
13 89
13 145
13 235
14 18
14 24
14 27
14 50
14 67
14 201
14 275
14 283
15 50
15 78
15 80
15 222
15 252
16 24
16 38
16 60
16 69
16 74
16 82
16 89
16 104
16 113
16 128
16 132
16 133
16 143
16 148
16 191
16 193
16 206
16 210
16 218
16 224
16 244
16 264
16 269
16 288
16 303
16 307
16 308
17 138
17 218
18 31
18 60
18 74
18 83
18 167
18 242
19 148
20 33
20 128
20 142
20 157
21 42
21 133
21 236
22 80
22 303
23 220
23 249
24 54
24 60
24 181
24 283
25 123
25 131
25 134
25 161
25 166
25 181
25 220
25 230
25 305
26 92
26 177
27 68
28 33
28 62
28 242
28 264
28 284
28 303
29 60
29 96
29 130
29 140
29 196
29 261
30 122
30 131
30 134
30 140
30 218
30 315
31 45
31 73
31 133
31 181
31 212
31 268
31 288
31 301
31 305
32 70
32 73
32 82
32 87
32 105
32 134
32 136
32 144
32 145
32 148
32 195
32 202
32 221
32 222
32 230
32 252
32 258
32 273
32 287
32 288
32 309
33 36
33 75
33 89
33 128
33 148
33 149
33 154
33 262
33 283
33 286
34 129
34 133
34 158
34 217
34 288
34 303
35 50
35 62
35 101
35 129
35 148
35 193
35 286
36 62
36 70
36 234
36 298
36 307
37 42
37 118
37 197
37 276
38 42
38 107
38 129
38 131
38 159
38 199
38 286
39 98
39 118
39 177
40 60
40 94
40 136
41 81
41 108
41 110
41 114
41 133
41 156
41 246
41 278
42 78
42 92
42 136
42 145
42 162
42 242
43 52
43 101
43 216
44 54
44 56
44 81
44 185
44 197
44 241
45 66
45 77
45 92
45 108
45 130
45 134
45 148
45 167
45 201
45 202
45 263
45 287
46 50
46 54
46 57
46 78
46 92
46 114
46 118
46 128
46 130
46 136
46 149
46 181
46 192
46 208
46 220
46 229
46 296
46 305
47 114
47 118
47 129
47 135
47 146
47 179
47 200
47 230
47 245
47 258
47 265
47 297
48 89
48 131
48 134
48 135
48 208
48 210
48 222
48 224
48 249
48 272
49 59
49 131
49 133
49 159
49 200
49 271
49 287
50 57
50 87
50 126
50 134
50 152
50 154
50 156
50 160
50 200
50 203
50 213
50 235
50 273
50 303
50 309
51 61
51 133
51 180
51 181
51 263
51 288
51 295
52 111
52 184
52 217
53 128
54 106
54 271
55 68
55 157
55 219
56 74
56 128
56 174
56 213
56 220
56 290
56 298
56 309
57 156
57 275
58 252
58 265
59 63
59 102
59 103
59 118
59 130
59 133
59 159
59 161
59 168
59 171
59 185
59 228
59 239
59 245
60 74
60 84
60 98
60 126
60 156
60 179
60 220
60 231
60 269
61 129
61 133
61 149
61 220
62 103
62 113
62 130
62 133
62 135
62 136
62 179
62 189
62 262
62 309
63 113
63 179
63 220
63 283
64 146
64 151
64 160
64 194
64 249
64 273
64 278
64 286
64 297
64 305
65 91
65 129
65 134
65 197
65 288
66 268
66 296
67 134
67 180
67 201
67 215
67 232
67 246
67 293
68 118
68 130
68 160
68 196
69 79
69 258
71 283
72 85
72 117
72 133
72 179
72 233
73 78
73 103
73 130
73 249
73 308
74 99
74 188
74 206
74 269
74 285
74 315
75 135
75 188
75 193
75 208
75 223
76 89
76 121
76 161
76 210
76 286
77 172
77 214
77 239
77 287
77 304
78 100
78 167
78 249
79 123
79 130
79 173
79 200
79 207
79 233
80 81
80 149
80 156
80 225
80 263
80 265
81 152
81 214
81 260
82 149
82 313
83 110
83 121
83 156
83 259
84 124
84 130
85 98
87 104
87 106
87 230
87 242
88 158
88 171
88 218
88 264
88 273
88 288
89 221
89 255
89 298
90 129
90 201
90 210
91 128
91 287
92 128
92 147
92 180
92 263
93 200
93 285
94 104
94 110
94 121
94 157
94 200
94 275
95 131
95 136
95 267
95 296
96 129
96 287
97 110
97 124
97 129
97 134
97 141
97 150
97 210
97 232
97 276
97 307
98 197
98 298
99 149
99 286
100 129
100 130
100 139
100 196
100 200
100 213
100 284
101 125
101 142
101 211
101 239
101 292
102 104
102 130
102 133
102 161
102 167
102 174
102 193
102 200
102 224
102 244
102 276
102 286
103 117
103 118
103 124
103 133
103 156
103 225
103 238
103 245
103 261
103 287
103 308
104 131
104 146
104 156
104 179
104 217
104 228
104 243
104 267
105 136
105 245
105 269
105 275
105 292
106 111
106 131
106 132
106 134
106 142
106 167
106 276
107 121
107 123
107 131
107 136
107 200
107 273
107 278
107 299
108 149
108 286
110 131
110 216
110 246
111 114
113 118
113 168
114 120
114 135
114 182
114 228
114 237
115 148
115 285
116 119
116 122
116 142
116 212
117 168
117 182
117 206
118 124
118 125
118 130
118 156
118 159
118 166
118 171
118 206
118 246
118 286
118 288
119 132
119 200
120 149
120 156
120 175
120 200
121 188
121 269
122 191
122 265
122 288
122 312
123 163
123 189
124 129
124 133
124 136
124 149
124 156
124 159
124 188
124 203
124 221
124 224
124 235
124 245
124 272
124 275
124 283
124 286
124 296
124 305
124 311
125 155
125 252
126 149
126 156
126 200
127 167
127 298
128 180
128 192
128 269
129 134
129 135
129 157
129 172
129 180
129 188
129 192
129 206
129 229
129 238
129 265
129 270
129 271
129 274
129 281
129 286
129 287
129 310
130 131
130 136
130 138
130 148
130 156
130 179
130 200
130 232
130 239
130 249
130 259
130 265
130 269
130 295
131 135
131 149
131 164
131 166
131 167
131 180
131 189
131 200
131 204
131 205
131 237
131 239
131 244
131 266
131 269
131 279
131 283
131 298
131 305
132 163
132 192
132 193
132 205
132 230
132 272
133 144
133 149
133 167
133 180
133 200
133 209
133 213
133 287
133 291
133 304
133 306
134 142
134 156
134 157
134 160
134 162
134 191
134 244
134 258
134 305
134 314
134 315
135 149
135 154
135 160
135 191
135 200
135 202
135 205
135 212
135 220
135 246
135 295
136 138
136 152
136 161
136 167
136 180
136 204
136 242
136 287
136 296
137 156
137 205
137 287
138 148
138 215
138 281
139 175
139 219
140 213
140 315
141 149
141 288
142 167
142 196
142 206
142 252
142 283
142 285
142 293
143 197
144 218
144 247
145 217
145 239
145 247
147 234
148 156
148 224
148 268
148 309
149 163
149 169
149 249
150 308
151 225
151 246
152 167
152 219
152 248
152 261
152 285
153 163
153 243
155 307
156 159
156 185
156 186
156 224
156 230
156 240
156 246
156 247
156 248
156 249
156 255
156 258
156 271
156 275
156 276
156 290
156 294
157 210
157 211
157 239
157 249
157 255
157 278
158 214
158 244
159 177
159 238
159 249
159 251
160 164
160 245
160 272
160 309
162 184
162 238
162 239
162 265
162 304
164 239
164 289
166 234
167 236
167 264
167 275
167 279
169 174
170 185
172 212
173 188
173 243
174 195
174 215
174 268
174 275
175 267
176 204
177 180
177 215
177 244
177 249
177 251
179 186
179 211
179 238
180 224
180 257
180 278
180 279
180 287
180 304
181 188
183 278
184 272
185 199
185 285
186 305
187 247
188 288
189 286
191 210
192 275
193 203
193 209
193 220
193 258
193 287
193 313
194 299
194 303
195 246
196 201
196 286
197 220
197 241
197 266
197 285
198 280
200 209
200 254
200 295
201 205
201 224
201 286
204 280
204 284
205 251
205 298
205 308
206 215
206 242
208 218
209 281
210 214
210 216
210 220
210 241
210 292
210 293
211 229
211 231
212 249
213 268
213 279
214 263
214 276
214 306
215 229
215 235
215 238
215 249
215 261
215 291
216 255
217 233
218 232
218 249
218 279
218 283
219 222
220 239
220 267
220 303
220 305
222 238
222 276
223 299
224 292
227 240
228 258
229 266
230 246
230 254
231 273
232 310
234 266
237 239
238 241
238 286
239 312
240 303
241 300
241 313
242 268
242 276
242 295
245 311
246 286
249 303
252 254
252 287
254 272
258 263
258 269
258 294
258 298
258 314
262 272
263 287
264 284
265 276
269 292
270 281
271 286
273 288
275 276
276 286
277 287
279 294
283 309
285 291
286 287
286 292
286 297
286 305
286 309
287 298
288 298
288 304
288 314
