0 16
0 50
0 87
0 107
0 129
0 215
1 12
1 34
1 141
1 161
1 200
1 311
2 16
2 38
2 110
2 128
2 130
2 133
2 149
2 154
2 156
2 220
2 233
2 239
2 243
2 272
2 286
3 16
3 47
3 48
3 56
3 59
3 156
3 162
3 173
3 211
3 305
4 97
4 106
4 110
4 135
4 188
4 286
5 59
5 131
5 134
5 224
6 15
6 16
6 43
6 102
6 134
6 156
6 180
6 245
6 294
7 14
7 55
7 130
7 133
7 137
7 138
7 164
7 197
7 212
7 224
7 267
7 273
7 298
7 312
8 15
8 20
8 43
8 54
8 89
8 90
8 131
8 133
8 135
8 206
8 236
8 242
9 20
9 31
9 50
9 134
9 148
9 197
9 211
9 239
9 249
9 266
9 271
10 62
10 102
10 172
10 210
11 129
11 197
12 23
12 44
12 106
12 118
12 131
12 156
12 266
12 285
12 288
12 290
13 20
13 36
13 129
13 133
13 135
13 212
13 220
13 267
13 285
13 287
14 34
14 45
14 56
14 95
14 110
14 143
14 240
14 301
15 161
15 174
15 188
15 268
15 269
15 275
16 32
16 67
16 87
16 130
16 149
16 157
16 166
16 185
16 191
16 197
16 205
16 220
16 229
16 237
16 266
16 285
16 292
16 297
16 309
17 132
17 134
17 208
17 284
18 19
18 68
18 70
18 146
18 149
18 230
18 250
18 258
19 118
19 135
20 62
20 64
20 91
20 105
20 115
20 193
20 200
20 206
20 222
20 287
20 293
20 304
21 286
22 89
22 117
22 181
22 218
23 118
24 68
24 75
24 174
24 176
24 211
24 215
24 298
24 303
25 39
25 45
25 174
25 301
26 248
27 45
27 88
27 224
27 235
28 51
28 99
28 101
28 108
28 167
28 181
28 202
28 224
29 31
29 47
29 196
29 218
29 224
29 241
29 249
29 271
29 307
30 95
30 103
30 111
30 128
30 219
31 122
31 133
31 135
31 151
31 193
31 201
31 232
31 236
31 251
31 263
31 284
31 287
32 38
32 45
32 48
32 78
32 136
32 142
32 231
32 244
32 249
32 258
32 301
32 306
33 49
33 74
33 125
33 126
33 130
33 132
33 149
33 250
34 101
34 120
34 129
34 130
34 131
34 149
34 157
34 160
34 188
34 191
34 210
34 249
34 257
34 288
35 75
35 127
35 135
35 209
35 249
35 276
36 46
36 77
36 134
36 173
36 185
36 210
36 281
36 298
37 72
37 143
38 130
38 216
38 224
39 129
39 267
39 286
39 298
40 146
40 220
40 249
41 62
41 104
41 129
41 210
41 272
41 315
42 51
42 53
42 74
42 103
42 109
42 129
42 162
42 178
42 212
42 231
42 239
42 241
43 50
43 149
43 204
44 50
44 83
44 98
44 128
44 209
44 244
45 59
45 68
45 85
45 101
45 112
45 142
45 153
46 48
46 59
46 80
46 121
46 129
46 133
46 160
46 167
46 189
46 227
46 294
47 75
47 230
47 248
47 250
47 303
48 83
48 134
48 135
48 180
48 220
48 246
48 249
49 118
49 122
49 150
49 275
49 288
50 89
50 117
50 124
50 192
50 215
50 233
50 238
50 278
51 62
51 73
51 124
51 180
51 205
51 217
51 223
51 231
51 284
51 288
52 161
52 229
52 269
53 82
53 156
54 130
54 134
54 218
54 220
54 249
54 253
54 275
55 69
55 74
55 130
55 235
56 74
56 111
56 121
56 127
56 131
56 214
57 110
58 105
58 160
59 136
59 146
59 180
59 193
59 210
59 226
59 241
59 255
59 278
59 285
60 129
60 135
60 178
60 197
60 233
60 240
60 252
60 272
61 92
61 153
61 224
62 66
62 80
62 101
62 145
62 273
63 67
63 74
63 81
63 122
63 157
63 247
63 278
64 82
64 108
64 135
64 141
64 168
64 271
64 297
65 90
65 180
65 265
66 130
66 145
66 286
67 156
67 206
67 229
67 242
67 271
67 292
68 124
68 150
68 168
68 185
68 204
68 224
68 242
69 103
69 183
69 214
69 266
70 71
70 136
70 139
70 140
70 215
70 276
71 118
72 95
72 131
72 174
72 202
72 210
73 84
73 215
73 224
73 230
73 245
74 133
74 135
74 184
74 200
74 205
74 219
74 220
74 232
74 239
74 257
74 273
75 83
75 122
75 138
75 155
75 204
76 77
76 92
76 140
76 241
77 142
77 208
77 249
78 93
78 102
78 249
78 305
79 92
79 252
80 104
80 114
80 129
80 130
80 134
80 157
80 200
80 218
80 299
80 300
81 173
81 188
81 245
81 248
81 307
82 147
82 286
83 211
83 216
83 231
83 286
84 200
85 133
85 135
85 141
85 193
85 218
86 130
86 156
86 167
86 168
86 220
87 129
87 134
87 150
87 200
87 206
87 234
87 283
87 292
88 140
88 288
89 103
89 106
89 113
89 124
89 134
89 156
89 244
90 185
90 201
90 210
91 206
91 232
91 288
92 107
92 120
92 128
92 196
92 283
92 286
92 287
92 291
92 313
92 314
93 179
94 118
94 131
94 134
94 235
94 287
94 288
94 303
95 145
95 239
95 272
95 304
96 134
96 138
96 174
96 287
97 103
97 129
97 133
97 267
97 286
97 288
97 298
97 304
98 129
98 133
98 147
98 171
98 249
98 279
99 107
99 189
101 102
101 109
101 130
101 135
101 197
101 234
101 287
102 104
102 166
102 188
102 209
102 224
102 239
102 242
102 265
103 127
103 135
103 143
103 154
103 170
103 184
103 212
103 242
103 287
103 309
104 136
104 167
104 168
104 212
104 224
104 229
104 239
104 288
105 219
105 227
106 110
106 140
106 153
106 165
106 172
106 174
107 177
108 123
108 234
108 273
108 298
109 124
109 131
109 135
109 193
109 218
109 271
110 129
110 130
110 135
110 148
110 236
110 283
111 136
111 162
111 182
112 133
112 204
113 313
114 133
114 157
114 173
114 234
114 269
115 129
115 268
115 298
117 123
117 134
117 171
117 186
117 214
117 242
117 284
118 133
118 134
118 140
118 148
118 162
118 193
118 199
118 201
118 210
118 271
118 275
118 303
119 134
119 173
119 192
121 246
122 134
122 185
122 210
122 300
123 136
123 176
123 232
124 284
124 305
125 127
126 134
127 171
127 201
127 246
128 133
128 135
128 154
128 246
128 279
129 134
129 136
129 144
129 149
129 156
129 159
129 160
129 161
129 174
129 176
129 182
129 184
129 188
129 204
129 209
129 217
129 230
129 244
129 249
129 260
129 264
129 279
129 291
129 303
130 131
130 135
130 140
130 143
130 154
130 158
130 200
130 205
130 219
130 224
130 232
130 239
130 247
130 305
130 309
131 132
131 133
131 136
131 162
131 179
131 195
131 197
131 211
131 214
131 217
131 245
131 280
131 282
131 314
132 133
132 205
132 230
133 134
133 137
133 138
133 144
133 148
133 162
133 164
133 167
133 181
133 204
133 210
133 216
133 229
133 238
133 242
133 245
133 262
133 275
133 286
133 287
133 288
133 298
134 148
134 153
134 159
134 169
134 180
134 199
134 200
134 211
134 217
134 223
134 229
134 233
134 258
134 266
134 268
134 271
134 275
134 276
134 285
134 311
135 142
135 157
135 172
135 193
135 212
135 249
135 271
135 287
135 293
135 296
135 298
135 310
136 141
136 146
136 148
136 149
136 159
136 200
136 314
136 315
137 145
137 207
137 239
138 141
138 157
138 200
138 252
138 307
139 161
140 193
140 208
140 210
142 167
142 209
142 274
142 286
142 287
143 149
143 223
143 232
144 231
145 174
145 292
146 148
147 216
148 193
148 200
148 261
148 271
148 287
148 296
149 169
149 177
149 243
149 247
149 310
150 206
150 224
150 228
151 225
152 157
152 179
152 188
152 224
152 243
152 244
152 286
154 206
155 276
156 174
156 189
156 210
156 215
156 216
156 222
156 229
156 245
156 282
156 288
156 306
157 164
157 192
157 206
157 219
157 245
157 298
157 303
159 209
159 278
160 206
160 230
160 277
160 287
160 288
160 299
160 302
161 219
161 314
162 219
163 200
164 193
164 210
164 217
166 205
167 178
167 180
167 185
167 216
167 244
167 245
167 272
167 286
167 287
168 197
168 268
168 298
171 249
172 243
172 257
172 265
173 298
174 212
174 220
174 228
174 232
175 286
176 205
176 235
177 234
177 305
178 275
179 233
180 185
180 218
180 248
180 249
180 285
181 183
181 304
184 244
185 201
185 220
188 191
188 192
188 193
188 258
188 279
188 286
188 305
189 214
190 201
190 304
191 192
192 296
193 205
193 264
193 286
193 287
195 287
196 298
197 271
197 285
198 211
198 227
198 234
200 231
200 241
200 247
200 249
200 276
200 277
202 239
202 268
204 259
204 287
204 288
205 286
205 287
205 299
206 231
206 242
206 285
208 224
208 294
209 218
209 220
209 233
209 311
210 266
211 278
212 220
215 233
215 312
216 231
216 256
216 267
216 277
217 229
217 283
218 266
219 260
219 305
220 269
221 286
222 232
222 309
223 293
224 231
224 259
224 264
224 315
227 242
227 249
228 293
229 299
230 274
231 285
232 244
232 266
235 269
238 244
238 314
239 288
239 298
241 287
241 296
242 243
242 269
242 283
243 274
244 249
245 267
245 273
247 258
247 279
252 263
252 298
258 266
258 273
258 306
258 314
260 270
260 292
260 309
261 280
261 313
263 278
270 272
273 305
273 307
276 290
278 304
279 286
280 287
281 287
283 305
284 285
286 310
287 288
288 299
296 298
298 307
298 315
306 307
307 312
309 314
