0 74
0 167
0 215
1 6
1 101
1 107
1 134
1 137
1 140
1 154
1 160
1 170
1 220
2 8
2 12
2 20
2 73
2 80
2 98
2 106
2 133
2 135
2 171
2 180
2 196
2 262
2 305
3 75
3 96
3 124
3 128
3 130
3 168
3 190
3 246
3 269
4 32
4 35
4 64
4 129
4 258
4 269
5 11
5 33
5 37
5 72
5 101
5 115
5 134
5 188
5 191
5 241
6 104
6 114
6 126
6 129
6 167
6 288
7 11
7 35
7 62
7 67
7 75
7 80
7 87
7 169
7 188
7 210
7 216
7 217
7 231
7 243
7 286
8 16
8 43
8 44
8 50
8 51
8 75
8 83
8 87
8 92
8 103
8 129
8 202
8 216
8 219
8 230
8 270
8 285
8 299
9 98
9 179
9 247
9 287
10 80
10 89
10 268
10 295
11 31
11 47
11 210
12 50
12 132
12 134
12 156
12 160
12 162
12 217
13 31
13 49
13 118
13 134
13 161
13 217
13 219
13 271
13 276
14 43
14 141
14 156
14 241
15 33
15 35
15 135
15 156
15 272
15 286
15 302
16 29
16 50
16 67
16 124
16 131
16 134
16 135
16 142
16 144
16 167
16 179
16 191
16 193
16 233
16 237
16 278
16 284
16 302
17 50
17 102
17 113
17 167
17 192
17 200
18 59
18 132
18 159
18 160
18 164
18 210
18 232
18 273
19 124
19 152
19 288
20 45
20 74
20 79
20 104
20 127
20 135
20 136
20 137
20 267
20 285
20 290
21 49
21 148
22 51
22 134
22 242
23 39
23 41
23 111
23 135
23 136
23 239
24 106
24 120
24 140
24 177
24 229
25 39
25 40
25 63
25 85
25 94
25 117
25 120
25 210
25 220
25 224
25 264
25 305
25 307
25 313
27 157
27 233
27 265
27 287
28 36
28 71
28 143
28 293
29 31
29 105
29 129
29 157
29 257
29 268
30 77
30 103
30 133
30 156
30 188
30 236
31 97
31 105
31 106
31 118
31 129
31 133
31 152
31 156
31 179
31 208
31 267
31 288
32 42
32 45
32 54
32 80
32 88
32 90
32 103
32 130
32 150
32 167
32 185
32 191
32 223
32 249
32 286
32 304
33 35
33 41
33 43
33 92
33 123
33 128
33 138
33 149
33 150
33 155
33 156
33 171
33 177
33 217
33 242
33 275
33 293
34 40
34 80
34 103
34 131
34 156
34 272
34 287
35 55
35 119
35 124
35 211
35 220
35 266
35 283
35 286
36 43
36 105
36 134
36 145
36 216
36 263
36 283
37 157
37 159
37 255
38 87
38 96
38 118
38 145
38 155
38 156
38 174
38 245
39 263
39 266
40 124
40 133
40 136
40 241
40 252
40 265
41 55
41 128
42 45
42 68
42 109
42 119
42 147
42 156
42 159
42 210
42 212
42 220
42 231
42 233
42 272
42 280
42 292
43 72
43 103
43 132
43 136
43 179
43 202
43 241
43 277
44 67
44 153
44 232
44 278
45 74
45 85
45 96
45 104
45 134
45 193
45 195
45 249
46 63
46 88
46 99
46 102
46 108
46 118
46 128
46 129
46 138
46 148
46 156
46 157
46 161
46 200
46 211
46 212
46 239
46 267
46 283
47 106
47 108
47 133
47 149
47 152
47 156
47 180
47 212
47 233
47 287
48 130
48 133
48 162
48 207
48 218
48 220
48 224
48 231
49 117
49 131
49 148
49 159
49 244
50 63
50 89
50 96
50 156
50 168
50 171
50 244
51 85
51 156
51 167
51 188
51 196
51 249
51 299
51 302
51 307
52 200
52 296
53 134
53 190
54 98
54 133
54 174
54 181
54 287
55 288
56 71
56 122
56 123
56 135
56 193
56 204
56 288
57 157
57 269
58 133
58 181
59 98
59 130
59 135
59 136
59 145
59 180
59 200
59 211
59 214
59 263
59 286
60 85
60 107
60 191
60 200
60 205
60 269
60 287
61 124
61 156
61 210
61 264
61 291
62 83
62 107
62 131
62 232
62 265
62 266
62 287
62 304
62 309
63 71
63 133
63 215
63 243
63 250
63 266
64 75
64 129
64 130
64 136
64 137
64 157
64 159
64 276
65 69
65 110
65 135
66 118
66 131
66 134
66 205
66 278
67 72
67 89
67 91
67 124
67 130
67 133
67 158
67 180
67 200
67 208
67 224
67 283
68 69
68 102
68 135
68 196
68 217
68 248
68 268
69 76
69 81
70 74
70 95
70 118
70 193
70 275
70 302
71 80
71 129
71 196
72 179
72 181
73 143
73 156
73 167
73 175
74 85
74 98
74 200
74 210
74 227
74 294
74 311
75 92
75 117
75 135
75 187
75 204
75 279
76 108
76 167
76 177
76 185
76 199
77 103
77 180
77 193
78 95
78 113
78 129
78 135
78 146
78 167
78 185
78 250
79 134
79 255
80 129
80 140
80 239
80 284
81 135
81 191
83 130
83 136
83 154
83 239
84 233
84 251
85 109
85 188
85 234
85 239
86 93
86 97
86 115
86 231
86 249
87 114
87 165
87 181
87 218
87 230
88 91
88 118
88 157
88 193
88 217
88 224
88 227
88 291
88 314
89 129
89 134
89 211
89 247
89 280
90 244
90 287
90 288
91 129
91 131
91 201
91 212
91 298
92 142
92 149
92 153
94 108
94 118
94 134
95 101
95 116
95 131
95 134
95 201
95 231
95 262
95 309
96 134
96 157
96 242
96 249
97 119
97 131
97 135
97 143
97 149
97 287
98 183
98 212
98 220
98 222
98 266
99 272
100 130
100 137
100 294
101 102
101 122
101 280
101 287
102 110
102 118
102 129
102 130
102 159
102 161
102 177
102 205
102 231
102 315
103 118
103 124
103 129
103 130
103 148
103 162
103 191
103 213
103 263
103 268
103 273
104 127
104 131
104 145
104 156
104 185
104 224
104 272
104 284
104 300
105 156
105 287
106 117
106 118
106 124
106 131
106 176
106 230
106 233
106 251
106 267
107 117
107 133
107 135
107 257
107 266
107 280
107 288
108 133
108 158
108 172
108 179
108 277
109 111
109 125
109 148
109 192
109 239
110 133
110 142
110 149
110 193
110 223
110 247
110 313
111 129
111 191
111 275
111 289
111 310
112 120
112 124
112 239
112 297
113 130
113 139
113 207
114 134
114 165
115 220
115 245
117 131
117 305
118 127
118 193
118 244
118 267
118 271
118 280
119 270
120 129
120 136
120 200
120 210
120 305
121 129
121 130
121 156
121 171
121 247
121 272
122 134
122 188
122 214
122 219
122 255
122 264
122 286
122 314
124 126
124 127
124 130
124 157
124 208
124 221
124 249
124 272
124 280
125 133
125 240
126 230
127 130
127 138
127 149
127 204
128 131
128 216
128 238
128 246
128 249
129 130
129 133
129 135
129 138
129 147
129 167
129 202
129 215
129 224
129 241
129 243
129 244
129 265
129 267
129 269
129 271
129 274
129 298
129 315
130 135
130 136
130 139
130 140
130 149
130 159
130 160
130 180
130 193
130 206
130 208
130 210
130 227
130 233
130 252
130 265
130 271
130 290
130 301
130 305
130 310
130 313
131 134
131 148
131 157
131 180
131 195
131 208
131 220
131 244
131 292
131 301
131 305
132 137
132 167
132 204
133 167
133 179
133 188
133 195
133 205
133 217
133 236
133 242
133 249
133 264
133 267
133 292
133 315
134 142
134 146
134 161
134 167
134 168
134 174
134 180
134 187
134 211
134 212
134 216
134 224
134 240
134 271
134 302
135 136
135 148
135 159
135 161
135 171
135 215
135 223
135 233
135 249
135 272
135 275
135 297
136 149
136 157
136 191
136 197
136 201
136 205
136 206
136 211
136 218
136 229
136 272
137 190
137 215
137 250
137 288
138 166
138 178
138 194
138 212
140 156
140 161
140 174
140 188
140 206
141 180
141 193
141 201
142 153
142 314
143 164
145 180
145 301
145 304
145 306
145 310
146 197
147 302
148 196
148 219
148 249
148 250
148 273
148 303
149 208
149 231
149 240
149 303
150 205
150 243
150 279
152 215
153 271
153 275
153 288
154 287
155 230
156 160
156 172
156 175
156 180
156 210
156 224
156 243
156 272
156 274
156 283
156 285
156 288
156 291
157 288
158 225
159 167
159 197
159 203
160 178
160 192
160 209
160 210
160 258
160 288
160 303
162 295
162 309
163 270
164 275
165 286
167 180
167 296
167 299
168 174
168 271
168 287
168 288
170 306
172 191
172 226
172 268
174 215
174 258
174 288
175 266
176 295
176 303
177 211
178 179
178 271
179 200
179 246
179 251
179 255
179 273
179 280
180 200
180 206
180 209
180 224
180 233
180 238
180 241
180 269
181 191
181 228
181 315
182 238
185 220
185 231
185 242
187 189
188 197
189 278
190 205
190 222
192 231
193 196
193 208
193 228
193 269
194 200
194 257
194 287
195 199
196 287
197 214
197 216
197 219
199 249
199 281
200 212
200 242
200 262
200 273
200 275
200 299
200 303
201 285
202 242
203 310
204 213
205 212
205 214
205 233
205 280
206 219
206 240
207 311
208 286
209 234
209 283
209 287
210 271
210 286
210 309
211 265
212 224
212 231
213 241
214 245
214 309
215 287
216 222
216 277
216 280
216 305
217 222
217 249
217 304
218 268
219 275
219 288
219 311
220 233
220 275
220 292
220 313
221 287
222 298
224 230
224 288
227 243
227 269
229 287
231 234
231 237
233 237
233 243
234 269
234 286
234 287
237 241
237 305
239 244
239 245
239 249
239 262
239 271
242 246
242 283
242 305
242 314
244 252
246 265
247 262
249 260
249 276
249 296
249 315
251 312
258 304
265 277
272 293
277 286
280 284
285 288
286 287
286 294
286 303
288 309
291 295
293 310
296 298
297 302
