0 15
0 36
0 105
0 156
0 191
0 233
1 10
1 68
1 105
1 130
1 133
1 224
1 226
1 240
1 302
1 311
2 23
2 24
2 30
2 31
2 39
2 51
2 60
2 80
2 91
2 102
2 107
2 129
2 130
2 149
2 171
2 200
2 255
2 275
3 128
3 296
3 305
4 24
4 61
4 77
4 135
4 148
4 204
4 301
5 91
5 121
5 275
6 23
6 24
6 40
6 48
6 160
6 215
7 31
7 64
7 111
7 128
7 130
7 139
7 156
7 162
7 234
7 265
7 285
7 286
7 288
7 295
7 299
8 18
8 46
8 48
8 78
8 109
8 140
8 149
8 156
8 209
8 215
8 234
8 247
8 286
8 288
9 117
9 153
9 157
9 210
11 133
11 157
11 182
11 194
11 215
11 233
11 245
12 110
12 128
12 152
12 181
12 252
12 256
12 266
12 287
12 301
13 31
13 41
13 103
13 110
13 134
13 136
13 268
13 285
14 139
14 149
14 269
14 292
15 41
15 128
15 131
16 18
16 36
16 72
16 96
16 118
16 130
16 131
16 149
16 180
16 188
16 205
16 210
16 224
16 252
16 289
17 71
17 74
17 156
18 20
18 31
18 45
18 47
18 71
18 129
18 149
18 156
18 179
18 217
18 240
18 255
18 272
19 47
19 64
19 108
19 205
20 40
20 47
20 135
20 158
20 234
20 243
21 30
22 303
23 32
23 79
23 106
23 129
23 133
23 150
23 161
24 60
24 108
24 143
24 163
24 172
24 193
24 196
24 200
25 104
25 114
25 148
25 167
25 196
25 252
25 258
25 285
25 304
26 51
26 102
26 122
26 130
26 200
27 45
27 131
27 144
27 156
27 284
27 308
28 145
28 175
28 214
29 49
29 67
29 87
29 103
29 130
29 131
29 132
29 205
29 229
29 239
30 185
30 299
31 45
31 50
31 65
31 103
31 113
31 123
31 171
31 180
31 219
31 224
31 266
31 287
32 94
32 116
32 128
32 129
32 201
32 248
32 249
32 252
32 255
32 308
33 130
33 132
33 133
33 146
33 193
33 215
33 232
33 235
33 236
34 45
34 74
34 87
34 125
34 132
34 223
34 242
35 106
35 131
35 152
35 156
35 161
35 200
35 210
35 264
36 41
36 135
36 149
36 285
37 79
37 140
37 148
38 46
38 47
38 133
38 137
38 241
38 255
39 130
39 212
39 219
39 220
39 232
39 254
39 293
39 305
39 313
40 44
40 83
40 171
40 200
40 203
40 246
40 291
41 54
41 88
41 99
41 131
41 171
41 241
41 287
42 85
42 106
42 112
42 122
42 160
42 167
42 180
42 220
43 135
43 213
43 229
43 233
44 129
44 191
44 220
44 267
44 286
45 62
45 197
45 209
45 234
45 264
45 275
45 276
45 278
45 284
46 89
46 106
46 135
46 156
46 166
46 179
46 206
46 254
46 307
47 78
47 81
47 106
47 151
47 200
47 213
48 80
48 129
48 166
48 206
48 210
48 264
49 102
49 129
49 133
49 214
49 264
49 287
50 63
50 152
50 154
50 309
51 124
51 157
51 224
51 268
51 288
51 294
52 81
53 100
54 128
54 148
54 159
54 261
55 117
55 118
55 130
55 174
55 225
55 229
56 107
57 133
58 67
58 103
59 62
59 109
59 145
59 149
59 191
59 215
59 216
59 224
59 241
59 245
59 266
60 77
60 188
61 74
61 84
61 131
61 211
62 79
62 88
62 101
62 110
62 124
62 192
62 200
62 290
63 156
63 184
63 224
64 72
64 92
64 102
64 103
64 107
64 130
64 167
64 193
64 227
65 77
65 84
65 206
66 74
66 83
66 131
66 146
66 178
66 193
66 259
67 76
67 138
67 149
67 152
67 157
67 167
67 171
67 207
67 231
67 232
67 288
68 86
68 159
68 200
68 240
69 104
69 138
69 220
69 245
70 244
70 286
70 309
71 84
71 200
71 269
72 74
72 177
72 179
72 244
72 288
73 117
73 124
73 136
74 83
74 118
74 136
74 145
74 149
74 156
74 171
74 279
74 286
74 305
75 98
75 106
75 122
75 221
75 288
75 309
76 101
76 103
76 136
77 117
77 125
77 128
77 130
77 134
77 162
77 236
78 80
78 101
78 106
78 137
78 261
80 122
80 130
80 131
80 136
80 231
80 238
81 130
81 133
81 315
82 110
83 129
83 238
83 278
84 108
85 154
85 157
85 205
85 215
85 244
85 285
86 117
86 249
86 266
87 104
87 110
87 115
87 133
87 134
87 167
87 169
87 173
87 232
87 239
87 279
88 118
88 199
88 245
88 276
89 103
89 118
89 121
89 191
89 232
89 270
89 285
90 118
90 195
92 118
92 130
92 148
92 215
92 227
92 250
92 277
93 104
93 227
93 288
94 118
94 160
94 216
94 313
95 124
96 119
96 126
96 152
96 211
96 232
96 249
97 102
97 177
97 219
97 276
97 298
98 131
98 196
98 272
99 160
99 291
100 269
101 123
101 133
101 160
101 210
101 245
102 106
102 135
102 145
102 167
102 218
102 248
102 258
102 296
102 312
103 111
103 115
103 156
103 180
103 182
103 202
103 214
103 220
103 239
103 241
103 264
103 291
103 305
104 200
104 207
104 258
104 264
105 133
105 213
105 244
105 268
105 294
105 301
106 130
106 137
106 161
106 175
106 217
106 306
107 117
107 122
107 193
107 200
108 169
108 254
109 124
109 156
109 216
109 293
110 174
110 210
110 258
110 265
111 131
111 160
111 234
111 288
112 135
112 136
113 156
113 160
113 233
113 245
114 265
115 171
115 179
115 200
115 269
115 287
116 213
117 122
117 129
117 148
117 160
117 169
117 284
117 313
118 122
118 209
118 243
118 253
118 268
118 295
118 304
120 177
120 216
121 205
121 229
122 164
122 205
122 223
122 264
122 293
123 127
123 134
123 139
124 129
124 131
124 132
124 161
124 201
124 204
124 206
124 214
124 279
124 282
124 285
124 293
124 315
126 210
126 286
128 130
128 176
128 200
128 239
128 272
128 298
129 130
129 131
129 140
129 145
129 156
129 158
129 159
129 171
129 178
129 187
129 197
129 200
129 211
129 234
129 239
129 275
129 276
129 286
129 298
129 301
129 302
129 314
130 133
130 140
130 152
130 160
130 203
130 209
130 220
130 239
130 268
130 280
130 285
130 287
131 133
131 134
131 138
131 146
131 148
131 174
131 180
131 185
131 193
131 197
131 200
131 204
131 249
131 257
131 283
131 285
131 290
131 292
132 142
132 161
132 180
133 155
133 156
133 157
133 158
133 161
133 173
133 193
133 210
133 217
133 231
133 239
133 248
133 262
133 271
133 282
133 303
133 309
134 136
134 138
134 141
134 184
134 193
134 200
134 214
134 216
134 236
134 239
134 283
134 288
134 304
134 306
135 142
135 156
135 157
135 160
135 162
135 182
135 188
135 200
135 207
135 223
135 232
135 238
135 264
135 283
135 291
135 294
136 154
136 200
136 210
136 272
136 278
136 305
137 245
137 251
137 275
138 198
138 269
138 290
139 167
140 154
140 180
140 227
141 173
143 191
145 182
145 218
146 235
147 241
147 292
147 309
148 154
148 177
148 179
148 185
148 193
148 219
148 249
148 287
149 218
150 274
150 297
151 217
152 231
153 229
154 164
155 162
155 241
155 244
156 158
156 191
156 193
156 195
156 199
156 241
156 245
156 267
156 281
156 283
156 288
156 311
157 165
157 211
157 214
157 269
157 277
157 297
157 305
158 219
159 190
159 276
159 301
160 167
160 184
160 188
160 233
161 206
161 215
162 176
162 179
162 182
162 214
162 261
162 286
163 193
163 299
163 304
165 179
165 261
166 214
167 205
167 219
167 244
167 276
167 296
168 172
168 186
168 223
168 271
169 179
169 229
171 192
171 210
172 179
172 272
173 210
173 211
173 220
173 238
173 271
174 179
174 191
174 215
174 232
174 245
174 289
177 249
178 196
179 182
179 273
179 284
180 272
180 279
180 286
180 312
181 188
181 190
181 286
182 262
184 206
186 233
187 242
187 272
188 221
188 235
188 281
188 288
188 294
188 298
189 207
191 249
191 292
192 200
192 222
193 205
193 231
193 246
193 249
193 313
193 315
195 209
195 215
195 252
196 230
196 287
197 210
197 222
199 206
200 216
200 232
200 242
200 283
200 298
201 220
201 277
201 305
203 249
204 231
204 265
205 215
205 242
205 245
205 269
205 288
206 285
206 291
206 304
206 305
206 313
207 240
208 229
208 286
210 267
213 216
214 241
215 239
215 255
216 251
219 241
219 264
219 287
221 272
223 224
223 256
224 234
224 298
224 309
225 288
227 249
231 269
233 287
233 298
234 254
234 257
234 270
235 284
235 315
236 287
238 291
239 270
241 305
243 309
246 249
249 278
249 284
249 297
250 273
252 288
254 304
257 299
258 288
262 267
262 268
263 270
264 268
264 285
266 291
267 271
269 302
271 305
273 287
273 295
273 299
276 302
279 287
286 308
287 299
288 299
298 303
