0 96
0 152
0 284
1 89
1 97
1 117
1 135
1 191
1 215
1 242
2 25
2 31
2 33
2 59
2 74
2 130
2 133
2 151
2 160
2 162
2 182
2 184
2 188
2 200
2 206
2 226
2 230
2 257
2 258
2 286
2 287
3 39
3 56
3 181
4 118
4 121
4 129
4 179
4 184
4 205
4 287
5 34
5 97
5 131
5 156
5 193
5 200
5 232
6 11
6 88
6 108
6 117
6 133
6 160
6 219
6 263
6 264
7 87
7 89
7 133
7 194
7 200
7 210
7 219
7 230
7 232
7 264
7 288
8 12
8 31
8 32
8 67
8 73
8 125
8 128
8 135
8 149
8 156
8 157
8 191
8 195
8 208
8 230
8 286
8 287
9 25
9 60
9 83
9 98
9 128
9 131
9 285
9 290
10 31
11 109
11 113
11 303
12 14
12 65
12 67
12 72
12 80
12 97
12 123
12 124
12 156
12 188
12 218
12 284
13 31
13 37
13 63
13 78
13 103
13 104
13 114
13 135
13 245
13 262
13 298
13 311
14 24
14 33
14 122
14 126
14 132
14 138
14 167
14 215
15 54
15 135
15 147
15 163
16 25
16 27
16 36
16 45
16 49
16 86
16 89
16 102
16 103
16 134
16 156
16 193
16 195
16 196
16 206
16 210
16 220
16 247
16 248
16 258
16 264
16 266
16 268
16 269
16 279
16 284
17 174
17 266
17 279
17 286
18 67
18 75
18 127
18 197
18 229
18 241
18 242
18 258
18 285
19 28
19 50
19 80
19 129
19 158
19 179
19 193
19 252
19 268
20 64
20 88
20 95
20 109
20 127
20 151
20 157
21 47
21 93
21 133
21 180
21 315
22 63
22 69
22 134
22 275
22 303
23 32
23 54
23 168
23 220
23 280
23 298
24 28
24 37
24 98
24 115
24 130
24 180
24 282
24 283
24 287
25 32
25 104
25 239
26 267
27 85
27 97
27 129
27 154
27 214
28 204
28 265
28 274
28 287
29 30
29 102
29 118
29 163
29 210
30 49
30 130
30 188
30 216
30 288
31 53
31 68
31 131
31 161
31 200
31 206
31 215
31 274
32 34
32 62
32 65
32 75
32 101
32 102
32 106
32 121
32 130
32 134
32 173
32 216
32 219
32 245
32 284
33 34
33 56
33 61
33 73
33 118
33 124
33 129
33 130
33 135
33 162
33 220
33 243
33 276
33 278
34 79
34 136
34 156
34 215
35 51
35 103
35 131
35 134
35 154
36 110
36 126
36 162
36 220
36 224
36 286
37 123
37 188
37 258
37 277
38 62
38 117
38 154
39 63
39 64
39 132
39 140
39 245
39 256
39 269
39 290
40 85
40 120
40 129
40 278
41 68
41 159
41 164
41 292
42 140
42 165
42 195
43 68
43 72
43 87
43 255
44 104
44 135
44 284
45 69
45 87
45 96
45 98
45 109
45 111
45 157
45 164
45 198
45 214
45 285
45 297
46 91
46 102
46 110
46 112
46 119
46 136
46 194
46 196
46 212
46 266
46 271
47 56
47 129
47 138
47 140
47 191
47 205
47 224
47 229
47 285
48 67
48 78
48 191
48 249
49 67
49 75
49 123
49 128
49 137
49 157
49 200
49 273
50 54
50 71
50 73
50 75
50 101
50 105
50 165
50 243
50 247
50 248
50 288
51 113
51 122
51 129
51 148
51 200
51 230
51 254
51 255
51 272
51 295
52 130
52 147
53 135
54 122
54 129
54 131
55 85
55 129
55 133
55 171
56 129
56 140
56 153
56 287
57 62
57 149
57 210
57 232
58 288
59 80
59 87
59 93
59 116
59 118
59 119
59 136
59 153
59 194
59 208
59 211
59 219
59 272
60 89
60 105
60 120
60 124
60 130
60 153
61 64
61 67
61 78
61 81
61 131
61 215
62 97
62 169
62 202
63 118
64 77
64 108
64 117
64 149
64 209
64 259
64 288
65 81
65 94
65 208
65 271
66 83
66 93
66 110
66 129
66 133
66 177
66 192
66 211
66 280
66 290
66 295
67 85
67 94
67 105
67 126
67 136
67 149
67 158
67 179
67 200
67 210
67 237
67 266
67 287
68 81
68 88
68 124
68 133
68 149
68 167
68 175
68 210
68 212
69 179
69 285
70 212
72 87
72 117
72 169
72 195
72 247
72 249
72 311
73 86
73 124
73 134
73 146
73 212
73 232
74 85
74 117
74 135
74 144
74 223
74 225
74 304
74 305
75 121
75 129
75 157
75 173
75 188
75 232
76 129
76 134
76 158
76 263
76 287
77 87
77 149
77 190
78 134
78 138
78 210
78 239
79 129
79 136
80 91
80 103
80 108
80 117
80 124
80 129
80 151
80 258
80 279
80 286
81 95
81 108
81 130
81 136
81 193
81 194
81 195
81 275
81 276
81 297
82 133
83 288
84 186
84 280
85 129
85 133
85 259
86 129
86 142
86 195
87 109
87 122
87 133
87 293
88 135
88 202
88 229
88 313
89 97
89 103
89 149
89 294
89 305
90 118
90 215
90 275
91 189
91 299
92 97
92 117
92 129
92 205
93 135
93 218
93 241
94 95
94 100
94 131
94 134
94 157
94 169
94 200
95 125
95 133
95 148
95 312
96 134
96 135
96 140
96 287
96 305
97 129
97 148
97 158
97 188
97 201
97 225
97 232
97 249
98 122
98 132
98 167
98 173
98 211
98 268
98 286
98 293
99 188
99 223
99 259
99 260
99 279
100 129
100 150
100 200
100 283
100 299
101 112
101 148
101 191
101 219
101 258
102 106
102 122
102 133
102 152
102 181
102 218
102 245
102 272
102 292
102 295
102 298
103 118
103 148
103 150
103 167
103 172
103 187
103 193
103 301
103 310
104 105
104 135
104 143
104 160
104 253
104 287
104 293
104 304
105 130
105 140
105 202
105 269
105 288
106 149
106 181
107 141
107 203
107 274
107 283
107 285
108 135
108 193
108 195
108 200
108 266
109 129
109 272
110 131
110 144
110 211
110 225
110 258
110 266
110 267
110 284
111 128
111 218
111 241
112 141
112 142
112 284
114 197
114 247
114 298
115 156
115 220
116 134
116 220
117 118
117 130
117 134
117 156
117 167
117 205
117 212
117 239
118 131
118 140
118 144
118 157
118 288
118 309
119 156
119 196
120 129
120 180
120 238
120 278
120 302
121 129
121 194
121 241
121 268
121 286
122 167
122 200
122 208
122 218
122 219
122 239
123 140
123 249
124 140
124 162
124 167
124 234
124 245
124 288
126 167
126 273
127 200
127 206
128 135
128 200
128 206
128 308
129 132
129 153
129 156
129 166
129 169
129 173
129 176
129 180
129 187
129 188
129 191
129 200
129 211
129 224
129 242
129 270
129 283
129 288
130 131
130 133
130 136
130 142
130 197
130 213
130 215
130 269
130 270
130 276
131 139
131 150
131 156
131 160
131 184
131 188
131 210
131 228
131 239
131 252
131 258
131 268
131 312
132 234
132 239
133 140
133 154
133 162
133 175
133 178
133 182
133 188
133 231
133 246
133 266
133 284
133 298
133 305
134 151
134 156
134 171
134 184
134 188
134 191
134 211
134 232
134 240
134 241
134 249
134 265
134 271
134 288
134 304
135 137
135 159
135 164
135 180
135 184
135 197
135 202
135 215
135 217
135 235
135 238
135 250
135 260
135 266
135 273
135 284
135 291
135 305
136 241
136 245
136 249
136 254
136 263
136 271
136 272
137 170
138 211
138 230
138 243
138 258
138 299
139 161
139 188
139 238
139 276
139 278
139 305
140 157
140 163
140 167
140 192
140 193
140 271
142 161
142 192
142 201
142 218
143 160
143 231
145 282
146 246
147 214
148 182
148 236
148 244
148 248
148 275
148 311
149 200
149 205
149 258
149 284
149 304
150 200
150 227
151 193
151 239
152 180
152 181
152 197
152 200
152 238
152 273
153 218
154 209
154 267
154 278
154 285
156 167
156 181
156 187
156 192
156 200
156 201
156 206
156 219
156 231
156 276
156 308
157 197
157 274
158 303
159 276
159 287
159 302
160 218
160 243
160 286
161 167
161 191
161 233
161 268
161 270
161 278
162 263
162 310
162 312
163 193
164 184
164 206
164 214
164 219
167 172
167 179
167 205
167 207
167 225
167 247
167 252
167 266
167 296
167 313
168 226
169 249
169 262
169 287
170 197
170 241
170 262
171 314
172 180
172 220
172 276
173 201
173 226
173 292
173 315
174 288
174 290
174 293
177 222
177 287
179 200
179 252
179 271
179 290
180 182
180 193
180 212
180 266
180 279
180 281
181 185
181 241
182 200
185 221
185 276
185 293
188 220
188 230
188 305
188 314
189 193
191 210
191 303
192 220
192 275
193 200
193 210
193 217
193 233
193 244
193 255
193 275
196 200
196 233
196 285
197 241
198 209
199 284
200 220
200 233
200 291
201 209
202 215
202 218
202 270
204 213
207 277
207 283
208 286
209 215
210 220
210 239
210 266
211 227
211 314
212 219
212 239
212 255
212 304
214 217
214 287
216 247
217 275
217 287
218 250
219 266
220 225
220 233
220 273
220 275
220 281
222 287
223 283
227 249
231 315
232 270
232 302
233 241
233 313
234 288
236 252
236 288
237 249
237 286
237 304
238 245
239 294
241 242
241 260
241 299
241 303
241 311
242 284
243 259
243 285
246 287
249 278
258 281
267 271
270 278
271 303
275 277
277 284
277 298
281 297
281 313
284 288
286 302
287 292
293 295
298 305
303 306
