0 138
0 184
0 189
0 216
0 233
0 287
1 157
1 168
1 195
1 238
1 266
1 278
1 279
2 7
2 12
2 20
2 45
2 46
2 74
2 92
2 103
2 115
2 118
2 138
2 161
2 188
2 189
2 197
2 243
2 256
2 270
2 278
3 40
3 102
3 106
3 202
4 12
4 16
4 42
4 85
4 131
4 218
4 275
5 57
5 83
5 286
5 288
5 296
5 297
6 14
6 50
6 115
6 127
6 129
6 287
7 28
7 50
7 51
7 73
7 131
7 161
7 191
7 208
7 258
7 268
7 287
7 288
8 14
8 32
8 45
8 73
8 113
8 131
8 135
8 185
8 219
8 231
8 278
8 297
9 79
9 101
9 180
9 196
9 203
9 260
10 180
11 116
11 177
12 25
12 36
12 42
12 79
12 207
12 226
12 249
13 48
13 96
13 181
13 193
13 275
14 27
14 46
14 47
14 59
14 131
14 156
14 159
14 203
14 222
14 271
14 287
14 309
15 56
15 118
15 136
15 140
15 157
15 186
15 200
16 26
16 52
16 63
16 94
16 117
16 128
16 138
16 143
16 150
16 153
16 157
16 180
16 208
16 224
16 245
16 252
16 281
16 287
17 36
17 63
17 149
17 219
17 224
18 64
18 87
18 106
18 111
18 158
18 218
18 307
18 308
19 87
19 135
19 167
20 78
20 134
20 144
20 160
20 191
20 291
20 298
21 216
22 257
23 77
23 130
23 131
23 168
23 172
23 249
24 29
24 49
24 121
24 185
25 59
25 113
25 130
25 157
25 193
25 206
25 248
25 284
25 288
26 133
26 174
26 215
26 231
26 235
26 307
27 41
27 129
27 130
27 166
27 174
27 177
28 32
28 73
28 89
28 140
28 143
28 301
29 33
29 83
29 87
29 101
29 107
29 205
29 304
30 122
30 150
30 173
30 239
30 248
30 249
31 46
31 130
31 133
31 137
31 144
31 167
31 257
31 263
31 272
31 313
32 47
32 56
32 74
32 76
32 101
32 143
32 144
32 156
32 167
32 178
32 197
32 285
32 287
32 291
33 56
33 78
33 79
33 84
33 87
33 106
33 129
33 131
33 137
33 139
33 140
33 162
33 168
33 202
33 257
33 264
33 287
33 294
34 130
34 135
34 138
34 187
34 263
34 299
35 45
35 129
35 188
35 211
35 214
35 310
36 103
36 312
37 287
38 147
38 288
39 122
39 128
40 131
40 138
40 219
40 255
40 314
41 46
41 129
41 133
41 141
42 124
42 129
42 156
42 191
42 219
42 221
43 129
43 157
43 164
43 167
43 171
43 195
43 204
43 270
43 276
44 102
44 148
44 152
44 241
45 46
45 63
45 85
45 95
45 100
45 131
45 147
45 171
45 181
45 191
45 212
45 246
45 247
45 258
45 282
45 298
46 68
46 101
46 129
46 133
46 148
46 154
46 156
46 215
46 269
46 272
47 136
47 148
47 200
47 287
47 299
47 302
47 307
48 51
48 101
48 122
48 165
48 229
48 298
49 89
49 140
49 172
49 192
49 205
49 232
49 302
49 314
50 54
50 129
50 205
50 210
50 222
50 238
51 59
51 139
51 166
51 193
51 242
51 287
52 129
52 220
53 132
53 160
54 174
54 249
54 288
54 304
55 111
55 130
55 148
55 156
55 200
55 215
55 231
55 237
56 78
56 134
56 164
56 183
57 133
57 213
58 67
58 216
58 242
59 67
59 92
59 144
59 154
59 167
59 169
59 204
59 206
59 207
59 215
59 233
59 285
60 130
60 173
60 192
60 215
60 247
60 275
60 287
60 305
61 249
61 288
62 80
62 118
62 122
62 136
62 144
62 180
62 219
62 239
62 246
62 290
63 88
63 132
63 168
63 232
63 260
64 132
64 158
64 229
64 298
66 173
66 185
66 233
66 268
66 273
66 286
67 93
67 117
67 121
67 122
67 131
67 133
67 157
67 162
67 167
67 213
67 223
68 101
68 136
68 184
68 216
68 220
68 222
68 245
68 303
69 111
69 167
69 178
69 201
69 241
70 104
70 118
70 224
71 117
71 152
71 180
71 263
72 104
72 135
72 160
72 244
73 103
73 134
73 179
73 266
73 289
74 110
74 114
74 135
74 151
74 153
74 179
74 180
74 181
74 199
74 227
74 242
74 267
74 287
74 304
75 87
75 118
75 187
75 230
75 239
76 78
76 270
76 277
76 296
77 185
77 235
78 98
78 288
79 131
79 180
79 274
79 313
80 87
80 94
80 102
80 138
80 145
80 148
80 179
80 228
80 285
81 135
81 202
81 234
81 262
82 167
83 85
83 110
83 126
83 133
83 150
83 178
84 88
84 149
84 265
85 90
85 103
85 121
86 193
87 149
87 188
87 232
87 243
87 249
88 103
88 122
88 133
88 233
88 249
88 295
89 135
89 200
89 213
89 259
90 108
90 211
91 107
91 129
91 152
91 210
91 309
92 103
92 120
92 129
92 133
92 136
92 185
92 283
93 114
93 133
93 167
94 156
94 298
95 133
95 148
95 217
96 236
96 288
97 106
97 121
97 127
97 198
97 237
97 279
98 124
98 129
98 131
98 148
98 162
98 188
99 130
99 131
99 159
99 213
99 227
99 245
100 111
100 135
100 154
100 207
101 185
101 193
101 200
102 122
102 219
102 231
102 272
103 110
103 117
103 121
103 161
103 185
103 187
103 206
103 254
103 266
104 126
104 130
104 131
104 134
104 152
104 181
104 210
104 215
104 239
104 272
104 275
104 310
105 121
105 154
105 206
106 139
106 191
106 299
107 174
107 233
107 248
108 131
108 210
108 242
108 273
108 275
108 285
108 287
109 140
109 229
110 148
110 159
110 178
110 314
111 206
112 129
112 167
112 173
112 275
112 277
113 212
113 265
113 286
114 156
114 196
114 230
114 251
115 129
115 231
115 242
116 276
117 129
117 134
117 180
117 285
117 314
118 157
118 240
118 256
120 201
120 249
120 312
121 133
121 164
121 310
122 129
122 130
122 231
122 272
123 132
123 135
123 157
124 129
124 131
124 226
124 232
124 235
124 292
124 298
124 313
125 156
126 129
126 135
126 153
126 259
127 217
127 262
127 287
128 131
128 138
128 157
128 188
128 239
128 287
129 134
129 140
129 148
129 149
129 160
129 168
129 200
129 207
129 213
129 229
129 232
129 246
129 263
129 277
129 281
129 285
129 312
130 131
130 135
130 136
130 149
130 156
130 159
130 161
130 197
130 200
130 207
130 215
130 218
130 219
130 222
130 246
130 258
130 270
130 287
131 135
131 139
131 149
131 159
131 180
131 191
131 198
131 205
131 215
131 221
131 232
131 235
131 275
131 281
131 288
131 309
132 249
132 276
133 134
133 163
133 188
133 193
133 197
133 215
133 220
133 229
133 239
133 244
133 258
133 269
133 287
133 291
133 293
133 296
134 149
134 159
134 161
134 179
134 181
134 215
134 216
134 228
134 232
134 234
134 241
134 248
134 249
134 252
134 258
134 265
134 275
134 290
134 298
134 307
135 162
135 167
135 193
135 199
135 205
135 217
135 218
135 256
135 261
135 272
135 273
135 287
135 288
135 304
135 309
136 140
136 181
136 193
136 200
136 249
136 271
136 296
137 162
137 173
137 192
137 307
138 191
139 167
139 260
140 157
140 160
140 167
140 184
140 197
140 217
140 273
140 306
140 309
141 307
141 308
141 314
142 156
142 157
142 206
142 242
142 276
142 283
143 286
144 258
145 267
145 288
145 305
146 193
146 242
146 293
147 180
148 180
148 217
148 235
148 278
149 154
149 156
149 158
149 172
149 248
149 252
149 298
150 196
150 211
150 229
150 239
150 305
151 156
151 173
151 187
151 233
152 164
152 215
152 219
152 258
152 295
152 296
153 217
154 197
154 214
154 217
154 220
154 252
154 283
155 185
155 193
155 258
156 159
156 162
156 181
156 188
156 206
156 216
156 218
156 219
156 224
156 232
156 240
156 266
156 281
156 293
156 312
157 173
157 213
157 217
157 241
157 242
157 268
157 298
157 309
158 167
158 274
159 270
160 179
160 236
160 309
160 315
161 204
161 257
161 286
162 211
164 243
164 265
164 285
164 287
166 174
166 308
167 172
167 177
167 234
167 278
167 288
167 303
167 307
167 308
168 193
168 309
171 180
171 220
171 293
172 182
172 188
172 278
172 305
173 217
173 275
173 286
173 296
174 215
174 262
174 287
176 233
178 240
179 193
179 224
179 287
179 288
180 182
180 194
180 215
180 230
180 254
180 277
180 279
180 285
180 287
180 313
181 196
181 246
181 271
181 276
182 200
184 211
184 232
184 276
184 288
185 216
185 286
186 252
187 285
188 191
188 194
188 249
188 269
188 286
190 220
191 242
192 239
192 290
193 194
193 219
193 222
193 259
193 260
193 288
194 310
195 200
195 288
196 263
197 270
200 212
200 220
200 233
200 238
200 267
200 269
200 287
200 303
201 241
201 249
201 272
203 285
204 239
205 298
205 314
206 208
206 234
206 237
208 313
209 255
210 219
210 241
210 255
210 260
210 288
212 230
212 269
213 252
214 252
215 217
215 223
215 289
216 260
217 241
218 243
218 277
219 247
219 286
220 227
220 249
220 288
222 231
222 271
223 258
224 244
224 284
224 287
228 261
230 236
230 244
231 241
231 266
232 243
232 255
232 304
234 240
236 281
237 291
238 285
239 248
239 261
239 277
240 258
241 249
241 260
242 284
243 264
243 288
245 287
247 249
247 279
249 279
249 286
249 306
252 293
255 293
257 263
258 270
263 309
266 278
266 290
271 275
271 286
271 305
275 291
276 286
277 293
282 310
285 309
286 297
287 293
287 298
287 303
293 296
296 305
298 304
