0 47
0 54
0 89
0 135
0 263
1 8
1 47
1 90
1 276
1 287
1 289
2 12
2 80
2 104
2 105
2 122
2 129
2 149
2 221
2 224
2 281
2 287
3 8
3 43
3 51
3 52
3 167
3 227
3 252
4 63
4 121
4 129
4 138
4 200
4 227
4 294
5 43
5 59
5 118
5 140
6 37
6 89
6 193
6 204
6 212
6 232
6 253
7 25
7 46
7 50
7 121
7 127
7 173
7 181
7 198
7 271
7 303
7 304
8 80
8 95
8 114
8 129
8 135
8 154
8 166
8 171
8 188
8 202
8 209
8 220
9 21
9 36
9 64
9 102
9 131
9 195
9 199
9 283
10 33
10 36
10 230
11 57
11 86
11 130
11 161
11 224
11 277
12 51
12 68
12 134
12 152
12 167
12 189
12 208
12 211
12 214
12 231
12 258
12 286
13 14
13 101
13 140
13 153
13 188
13 309
14 36
14 81
14 121
14 129
14 135
14 147
14 187
14 231
14 236
14 305
15 47
15 81
15 87
15 180
15 188
15 248
15 262
16 51
16 61
16 75
16 81
16 85
16 92
16 103
16 104
16 115
16 122
16 128
16 167
16 179
16 201
16 219
16 271
16 296
16 304
17 64
17 67
17 156
17 188
17 197
18 44
18 88
18 130
18 156
18 193
18 212
18 241
18 249
18 281
18 315
19 25
19 66
19 129
19 158
19 167
19 172
19 271
19 293
19 305
20 33
20 42
20 78
20 84
20 135
20 160
20 266
20 288
20 298
21 62
21 73
21 110
21 133
21 241
21 261
21 294
22 41
22 305
23 38
23 50
23 309
23 313
24 30
24 43
24 133
24 164
24 167
24 231
24 266
25 87
25 94
25 102
25 137
25 149
25 206
25 220
26 45
26 88
26 130
26 144
26 285
26 287
27 41
27 143
27 147
27 275
27 287
28 33
28 156
28 205
28 230
28 258
28 287
28 288
28 295
28 314
29 46
29 89
29 110
29 130
29 135
29 141
29 151
29 169
29 217
30 35
30 48
30 94
30 103
30 287
31 34
31 39
31 53
31 54
31 94
31 124
31 134
31 163
31 184
31 204
31 209
31 210
31 272
31 311
32 41
32 45
32 55
32 79
32 81
32 98
32 118
32 134
32 143
32 156
32 188
32 217
32 224
32 239
32 277
32 303
33 51
33 74
33 99
33 140
33 179
33 193
33 200
33 204
33 207
33 229
33 249
33 285
33 287
34 131
34 156
34 205
34 225
34 266
34 286
35 46
35 63
35 74
35 77
35 130
35 145
35 180
35 224
35 276
36 126
36 156
36 161
36 205
36 288
36 305
37 135
37 179
37 197
38 68
38 156
38 214
38 215
38 287
39 68
39 127
39 131
39 156
39 167
39 283
40 45
40 161
41 43
41 81
41 179
42 75
42 161
42 164
42 249
42 269
42 272
43 212
43 216
43 219
44 124
44 156
44 180
44 238
45 46
45 129
45 131
45 133
45 180
45 249
45 281
45 315
46 66
46 98
46 133
46 135
46 156
46 197
46 287
46 296
47 56
47 115
47 129
47 130
47 134
47 136
47 273
47 287
47 302
47 312
48 60
48 68
48 168
48 229
49 59
49 134
49 136
50 89
50 156
50 162
50 197
50 202
50 210
50 298
50 315
51 54
51 92
51 118
51 200
51 215
51 305
52 95
52 133
52 136
52 244
52 245
53 68
53 76
54 67
54 76
54 150
54 208
54 224
54 233
54 240
54 273
55 222
55 242
55 281
55 307
56 140
56 220
56 245
57 138
57 157
57 188
57 193
58 86
59 71
59 124
59 126
59 148
59 149
59 168
59 193
59 200
59 208
59 209
59 219
59 260
59 268
59 315
60 135
60 136
60 148
60 210
60 267
60 286
61 134
61 180
61 188
61 206
61 212
61 215
62 134
62 210
62 220
62 221
62 232
62 287
62 298
63 101
63 130
63 172
63 181
63 191
63 204
64 131
64 179
64 281
64 305
65 68
65 148
65 264
65 281
65 294
65 309
66 71
66 98
66 99
66 129
66 157
66 180
66 187
66 315
67 69
67 131
67 181
67 191
67 205
67 230
67 249
67 303
68 134
68 135
68 146
68 149
68 180
68 267
69 216
69 236
69 276
70 129
70 130
71 85
71 193
72 102
72 132
72 133
72 134
72 154
72 233
73 89
73 96
73 122
73 180
73 220
74 129
74 140
74 205
74 206
74 213
74 254
74 296
74 309
75 81
75 98
75 152
75 180
75 188
75 190
75 210
75 287
75 313
76 123
76 129
76 134
76 167
76 239
76 309
77 241
77 266
77 284
78 119
78 130
78 180
78 232
79 99
79 106
79 131
79 165
79 287
79 315
80 82
80 110
80 117
80 130
80 210
80 243
80 285
80 296
80 303
80 304
81 83
81 94
81 129
81 224
81 239
81 291
81 314
83 109
83 124
83 242
84 85
84 151
84 162
84 309
85 227
85 243
87 129
87 134
87 224
87 229
87 252
88 275
88 305
89 102
89 210
89 215
89 295
89 297
90 110
90 173
90 213
91 116
91 134
91 192
92 101
92 110
92 119
92 233
92 288
93 211
94 133
94 154
94 221
95 119
95 255
95 287
95 302
96 108
96 129
96 131
96 152
96 156
96 167
96 205
96 210
97 156
97 230
97 238
98 128
98 135
98 167
98 193
98 197
98 298
98 315
99 130
99 134
99 148
99 206
101 130
101 133
101 135
101 138
101 233
102 130
102 133
102 148
102 162
102 171
102 182
102 192
102 199
102 218
102 232
102 269
102 281
102 283
103 117
103 129
103 130
103 182
103 237
103 244
103 287
104 124
104 129
104 133
104 134
104 135
104 223
104 286
104 302
105 121
105 177
105 194
105 225
106 119
106 167
106 216
106 242
107 143
107 156
107 213
108 120
108 128
108 129
108 133
108 144
108 158
108 278
108 286
108 288
109 118
109 128
109 156
109 171
109 197
109 219
109 233
109 259
109 276
109 305
110 238
110 239
110 286
110 315
111 124
111 128
111 146
111 159
111 218
111 293
112 255
113 248
114 129
115 130
115 192
115 227
116 156
116 260
117 121
117 130
117 164
117 176
117 233
117 242
117 249
117 312
118 129
118 131
118 135
118 149
118 164
118 197
118 232
118 293
119 193
119 258
119 278
120 279
121 136
121 164
121 191
121 193
121 231
122 155
122 197
122 231
122 270
122 287
123 140
124 129
124 130
124 135
124 223
124 233
124 239
124 249
124 299
125 126
126 172
126 182
127 156
127 259
127 272
127 287
127 307
128 155
128 204
128 217
128 244
128 293
129 132
129 136
129 137
129 148
129 154
129 156
129 158
129 166
129 174
129 192
129 193
129 205
129 219
129 220
129 222
129 223
129 233
129 235
129 237
129 249
129 250
129 252
129 255
129 266
129 271
129 279
129 287
129 301
129 302
129 305
130 135
130 146
130 149
130 158
130 163
130 165
130 171
130 179
130 192
130 211
130 244
130 251
130 258
130 269
130 276
130 277
130 283
130 286
130 287
130 288
130 296
131 133
131 134
131 149
131 210
131 212
131 227
131 271
131 277
131 287
131 288
132 269
132 286
133 134
133 188
133 219
133 272
133 293
133 306
134 135
134 149
134 150
134 152
134 153
134 164
134 182
134 184
134 214
134 244
134 245
134 259
134 267
134 285
134 288
134 293
134 305
135 139
135 141
135 168
135 188
135 191
135 197
135 219
135 233
135 246
135 258
135 264
135 267
135 272
135 286
135 287
135 299
135 303
136 140
136 149
136 150
136 153
136 195
136 200
136 252
136 255
136 278
136 286
137 148
137 210
138 173
138 191
138 197
138 224
139 249
140 146
140 186
140 201
140 205
141 255
141 284
142 214
142 268
142 280
142 286
143 259
144 156
144 223
145 291
146 209
146 276
147 192
148 160
148 163
148 188
148 198
148 273
148 287
149 177
149 181
149 191
149 199
149 224
149 245
149 278
149 306
150 249
150 281
151 156
151 199
151 269
152 215
152 224
152 236
152 239
152 286
152 310
153 176
153 289
154 165
154 167
154 286
154 287
155 163
155 197
156 160
156 167
156 182
156 204
156 210
156 219
156 220
156 231
156 239
156 274
156 286
157 161
157 197
157 205
157 220
157 293
158 188
158 233
158 249
159 189
159 216
159 292
160 188
160 221
160 223
160 266
160 278
161 200
161 201
161 304
162 205
162 214
162 249
162 295
162 315
163 255
163 290
164 212
164 218
164 269
165 259
166 185
166 258
166 314
167 188
167 228
167 231
167 256
167 272
167 288
168 193
169 193
169 219
169 267
171 200
171 269
171 275
172 180
172 224
173 213
173 223
173 233
174 216
174 218
174 227
174 275
175 219
175 288
176 193
176 210
176 213
177 242
177 249
177 270
179 180
179 287
180 182
180 188
180 214
180 258
180 273
180 283
181 244
181 252
183 220
183 277
184 206
184 312
185 193
185 208
185 292
185 298
185 313
187 210
188 210
188 249
188 275
188 278
189 220
189 252
191 210
191 215
191 265
191 307
192 276
193 232
193 250
193 273
193 312
194 201
195 217
195 278
195 286
196 200
196 232
197 233
197 243
197 255
200 209
200 212
200 250
200 266
200 274
200 287
201 258
202 209
202 229
204 288
206 241
206 262
206 288
208 216
208 232
208 275
208 304
209 272
210 220
210 272
211 243
211 308
212 233
214 218
215 217
215 234
215 239
215 252
215 294
215 314
216 289
217 234
217 301
218 239
218 285
218 287
220 272
223 238
224 231
224 243
224 293
227 247
229 247
229 292
230 279
230 282
232 294
232 311
234 311
235 249
236 276
237 242
239 288
239 296
240 276
241 242
241 294
242 265
242 269
242 276
242 280
242 288
244 249
244 305
244 312
246 288
247 282
249 277
249 295
249 296
250 307
252 271
252 288
252 301
254 287
259 273
259 285
260 278
265 286
269 272
269 288
269 306
270 273
271 305
272 283
273 307
275 287
276 277
276 287
276 305
278 286
279 296
286 287
287 288
288 300
289 290
292 315
298 304
298 310
301 312
305 309
