0 81
0 103
0 135
0 149
1 8
1 115
1 124
1 152
1 258
2 43
2 74
2 102
2 105
2 120
2 124
2 146
2 167
2 179
2 230
2 269
2 276
2 302
2 309
3 23
3 31
3 74
3 156
3 157
3 280
4 7
4 8
4 15
4 16
4 160
4 229
4 285
5 7
5 16
5 31
5 87
5 103
5 131
5 157
5 186
5 277
6 26
6 70
6 123
6 124
6 128
6 233
6 241
6 272
6 286
6 292
7 18
7 25
7 31
7 57
7 67
7 157
7 160
7 180
7 188
7 212
7 229
7 241
7 291
7 293
8 12
8 14
8 43
8 73
8 118
8 126
8 129
8 131
8 142
8 145
8 151
8 179
8 181
8 193
8 236
8 287
8 305
9 18
9 97
9 242
9 279
9 288
9 294
9 308
10 14
10 130
10 234
11 51
11 134
11 135
11 181
12 38
12 68
12 72
12 81
12 156
12 162
12 186
12 207
12 304
13 40
13 89
13 98
13 133
13 217
13 220
13 270
13 289
14 27
14 47
14 101
14 103
14 107
14 134
14 158
14 185
14 196
14 213
14 267
14 286
14 287
14 288
14 305
14 309
15 41
15 43
15 66
15 117
15 128
15 131
15 213
16 17
16 22
16 32
16 43
16 46
16 65
16 69
16 70
16 71
16 75
16 97
16 102
16 115
16 120
16 135
16 149
16 181
16 184
16 198
16 219
16 239
16 241
16 245
16 252
16 264
16 282
16 298
16 307
17 42
17 200
17 286
18 32
18 42
18 44
18 47
18 50
18 124
18 130
18 135
18 156
18 174
18 180
18 182
18 183
18 227
18 237
18 241
18 255
18 285
18 287
19 24
19 135
19 247
20 30
20 75
20 143
20 145
20 147
20 152
20 167
20 181
20 182
20 257
21 29
21 178
22 255
23 102
23 173
23 180
23 193
23 209
23 309
24 29
24 33
24 80
24 110
24 176
24 213
24 221
25 129
25 130
25 134
25 146
25 233
25 280
25 304
26 157
27 46
27 113
27 218
27 265
27 304
28 72
28 95
28 186
28 193
28 241
28 298
28 304
29 80
29 109
29 114
29 129
29 130
29 211
30 64
30 76
30 98
30 105
30 122
30 129
30 135
30 156
30 285
31 46
31 76
31 109
31 122
31 144
31 150
31 153
31 174
31 193
31 205
31 206
31 215
31 225
31 238
31 252
31 260
31 263
32 52
32 101
32 104
32 129
32 160
32 180
32 188
32 232
32 234
32 252
32 259
32 263
32 269
32 272
33 53
33 66
33 79
33 99
33 108
33 118
33 133
33 135
33 137
33 140
33 150
33 156
33 168
33 190
33 224
33 233
33 257
33 296
34 126
34 129
34 160
34 241
34 297
35 134
35 136
35 189
35 256
35 311
36 55
36 130
36 161
36 287
37 42
37 124
37 231
37 264
37 294
38 111
38 135
38 153
38 253
38 289
39 150
39 208
39 217
39 288
40 66
40 107
40 115
40 171
40 180
40 215
40 264
40 268
41 92
41 102
41 181
41 209
41 283
41 301
42 83
42 250
42 254
42 258
42 278
42 295
43 120
43 135
43 199
43 235
43 256
43 260
43 278
44 148
44 212
44 215
44 260
45 46
45 51
45 64
45 74
45 103
45 107
45 114
45 116
45 131
45 133
45 144
45 145
45 179
45 208
45 260
45 314
46 76
46 97
46 131
46 154
46 166
46 177
46 191
46 199
46 212
46 249
46 290
47 81
47 96
47 116
47 129
47 136
47 160
47 179
47 305
47 310
48 72
48 103
48 134
48 152
49 135
49 174
49 201
49 216
49 259
49 266
49 271
49 279
50 147
50 166
50 179
50 286
50 287
51 81
51 103
51 116
51 129
51 167
51 233
52 106
53 111
53 209
54 103
54 133
54 136
54 180
54 241
55 81
55 83
55 281
56 153
56 171
56 193
56 202
56 249
56 272
56 289
56 299
57 107
57 133
57 278
58 73
58 134
58 156
58 200
58 258
59 107
59 124
59 143
59 167
59 180
59 204
59 233
59 246
59 285
59 288
59 291
60 67
60 79
60 98
60 129
60 156
60 164
60 222
60 242
60 280
61 69
61 134
61 140
61 196
61 248
61 249
62 124
62 212
62 238
62 239
62 244
63 152
63 184
63 278
64 124
64 130
64 196
64 211
64 224
64 231
66 137
66 232
67 98
67 114
67 117
67 131
67 140
67 148
67 176
67 184
67 200
67 281
67 295
68 135
68 205
68 305
69 135
69 150
69 183
69 294
70 129
70 148
70 157
70 249
70 309
72 98
72 114
72 130
72 143
72 305
73 153
73 215
73 261
74 129
74 138
74 166
74 183
74 219
74 239
74 247
74 305
75 97
75 117
75 129
75 133
75 160
75 291
76 135
76 275
77 92
77 115
77 147
77 158
77 160
77 180
77 200
77 304
78 106
78 134
78 220
78 237
78 264
78 284
78 288
79 99
79 276
80 95
80 101
80 134
80 137
80 148
80 149
80 163
80 215
80 249
80 306
81 97
81 148
82 136
82 191
82 259
83 111
83 180
83 192
83 200
83 205
83 301
84 129
84 130
85 276
86 205
87 99
87 106
87 131
87 135
87 141
87 168
87 188
87 237
87 277
87 286
88 99
88 127
88 210
88 218
88 244
89 90
89 105
89 134
89 142
89 152
89 189
89 206
89 286
89 302
90 121
90 135
90 157
90 248
91 95
91 102
91 124
91 247
92 97
92 206
92 303
93 287
94 103
94 256
94 258
95 130
95 131
95 191
95 249
95 272
96 103
96 141
96 160
96 224
96 232
96 274
97 130
97 244
97 299
98 104
98 132
98 159
98 181
98 217
98 269
98 285
99 164
99 233
99 263
99 287
100 101
100 235
100 286
101 115
101 122
101 146
101 147
101 162
101 184
101 291
102 109
102 125
102 161
102 176
102 212
102 233
102 244
102 273
102 278
102 314
103 122
103 130
103 156
103 166
103 193
103 196
103 210
103 224
103 245
103 250
103 271
103 285
103 288
103 303
104 130
104 134
104 142
104 156
104 193
105 133
105 149
105 180
105 237
106 133
106 134
106 156
106 167
106 195
107 136
107 140
107 166
107 188
107 204
107 230
107 288
108 112
108 129
108 138
108 179
108 305
109 116
109 124
109 220
109 271
109 293
110 129
110 167
110 233
110 244
110 264
110 276
110 288
111 184
111 206
112 164
112 247
114 180
114 193
114 291
115 159
115 171
115 200
115 206
116 231
117 121
117 198
117 241
118 129
118 152
118 180
118 222
118 232
118 302
118 312
119 226
120 122
120 136
120 148
120 220
120 272
120 298
122 157
122 200
122 215
122 295
122 301
123 214
123 217
123 249
124 142
124 145
124 152
124 209
124 239
124 240
124 278
124 294
125 156
125 159
125 240
126 239
126 288
127 135
128 129
128 242
128 287
129 130
129 132
129 133
129 135
129 136
129 138
129 139
129 150
129 160
129 172
129 193
129 210
129 217
129 220
129 246
129 247
129 262
129 263
130 131
130 133
130 149
130 164
130 167
130 172
130 174
130 181
130 192
130 202
130 213
130 224
130 229
130 233
130 241
130 242
130 244
130 252
130 254
130 265
130 279
130 287
130 288
131 135
131 142
131 154
131 156
131 159
131 167
131 181
131 213
131 220
131 222
131 233
131 242
131 272
131 285
131 287
131 288
131 305
131 315
132 148
132 215
132 287
133 142
133 156
133 160
133 162
133 175
133 176
133 181
133 188
133 208
133 209
133 212
133 250
133 287
133 297
133 303
133 304
133 306
134 135
134 138
134 139
134 149
134 154
134 156
134 157
134 188
134 197
134 210
134 224
134 232
134 235
134 248
134 257
134 260
134 269
134 274
134 283
134 286
134 287
134 288
134 292
134 295
135 140
135 148
135 157
135 169
135 181
135 218
135 220
135 267
135 271
135 272
135 283
135 286
135 307
136 152
136 168
136 215
136 232
136 249
136 303
136 315
137 152
139 258
140 162
140 165
140 186
140 206
140 294
141 160
141 219
141 286
142 157
142 215
142 272
142 306
143 186
143 232
143 233
144 291
145 172
145 181
145 241
145 256
145 281
145 287
146 244
147 156
147 266
148 188
149 299
151 207
152 205
152 242
152 285
153 158
153 202
154 209
154 219
154 284
154 298
154 309
155 184
155 195
155 212
155 286
155 303
156 163
156 177
156 208
156 222
156 251
156 267
156 299
156 308
157 173
157 223
157 231
157 245
157 284
157 287
157 311
158 174
158 267
159 215
159 258
159 266
159 296
159 306
160 172
160 192
160 200
160 201
160 205
160 207
160 210
160 224
160 248
160 252
161 181
161 215
161 222
162 183
162 184
162 200
162 301
164 194
165 213
166 224
166 284
167 238
167 243
167 249
167 273
167 296
169 315
172 174
172 188
172 205
172 206
172 270
172 286
173 232
173 289
174 184
175 220
175 252
176 298
178 232
179 226
180 187
180 229
180 233
180 288
181 238
181 269
181 286
181 290
182 192
182 239
182 285
184 199
184 206
184 268
184 296
185 249
185 287
185 292
186 188
188 194
188 201
188 264
188 285
188 287
189 243
191 220
191 243
191 293
192 286
193 205
193 210
193 219
193 296
194 235
194 308
195 210
195 242
195 249
196 205
196 266
196 269
197 252
197 292
198 269
200 234
200 243
200 263
200 264
200 279
200 298
201 233
201 245
201 270
201 298
202 220
202 284
204 212
204 227
204 287
205 249
205 298
206 229
207 224
207 234
207 304
208 305
210 212
210 218
210 231
210 293
211 224
211 298
212 233
212 235
213 270
215 220
215 258
215 272
218 311
219 223
219 255
219 259
220 287
221 234
222 241
222 248
222 283
224 239
229 232
229 288
230 279
230 309
231 285
231 287
232 234
232 302
232 305
233 276
235 298
236 290
236 294
236 299
237 265
237 281
238 256
239 249
239 264
241 287
241 296
242 247
242 287
242 296
243 269
244 270
245 271
246 263
247 264
247 289
249 288
249 298
251 293
254 286
255 283
264 304
267 296
267 299
271 305
275 276
283 301
284 298
287 310
288 301
292 300
293 313
302 305
