0 44
0 90
0 199
0 231
1 33
1 38
1 73
1 129
1 131
1 160
1 225
1 287
2 8
2 9
2 13
2 37
2 45
2 56
2 62
2 67
2 81
2 87
2 97
2 102
2 121
2 133
2 136
2 171
2 211
2 257
2 275
3 25
3 135
3 222
4 7
4 44
4 120
4 148
4 312
5 37
5 46
5 110
5 126
5 128
5 129
5 134
5 252
6 31
6 40
6 74
6 122
6 133
6 233
6 293
7 13
7 76
7 129
7 134
7 136
7 140
7 148
7 149
7 153
7 157
7 181
7 210
7 232
7 233
7 281
8 17
8 80
8 92
8 104
8 129
8 130
8 134
8 201
8 222
8 233
8 244
8 247
8 277
8 278
8 288
9 18
9 43
9 66
9 130
9 168
9 173
9 215
9 242
9 258
9 304
10 47
10 99
10 128
10 217
11 50
11 67
11 92
11 134
11 307
12 27
12 28
12 118
12 130
12 169
12 177
12 216
12 218
13 66
13 92
13 109
13 136
13 144
13 145
13 157
13 206
13 250
13 265
13 276
13 279
13 285
13 288
14 15
14 49
14 66
14 80
14 83
14 152
14 167
14 287
15 38
15 43
15 129
15 134
15 220
15 223
15 224
15 236
15 252
15 286
15 290
15 301
16 39
16 63
16 115
16 126
16 135
16 162
16 167
16 180
16 210
16 215
16 216
16 221
16 271
16 283
16 287
16 298
17 33
17 37
17 88
17 193
17 292
17 304
18 72
18 78
18 102
18 111
18 148
18 171
18 195
18 235
18 303
19 28
19 31
19 160
19 242
20 45
20 58
20 81
20 91
20 135
20 156
20 172
20 233
20 240
20 250
20 255
21 76
21 129
21 130
21 132
21 164
21 195
22 87
22 130
23 25
23 59
23 93
23 110
23 114
23 118
23 173
23 193
24 51
24 78
24 129
24 135
24 157
24 160
25 54
25 75
25 190
25 249
25 261
26 59
26 160
27 38
27 104
27 134
27 135
27 144
27 209
27 241
27 247
27 298
28 149
28 207
28 218
28 220
28 224
28 313
29 36
29 37
29 42
29 129
29 144
30 31
30 47
30 65
30 67
30 68
30 80
30 117
30 167
30 263
31 45
31 51
31 73
31 96
31 98
31 134
31 154
31 213
31 224
31 313
31 314
32 33
32 41
32 98
32 106
32 118
32 120
32 128
32 129
32 140
32 188
32 192
32 209
32 221
32 250
32 288
33 76
33 105
33 108
33 109
33 142
33 149
33 157
33 184
33 201
33 202
33 264
34 59
34 64
34 94
34 97
34 107
34 131
34 137
34 148
34 165
34 209
34 276
34 304
35 210
36 64
36 125
36 130
36 149
37 99
37 139
37 153
37 242
37 279
38 117
38 137
38 209
38 246
38 287
38 292
39 43
39 109
39 129
39 135
39 279
40 73
40 103
40 107
40 112
40 116
40 125
40 160
40 188
40 266
40 269
41 129
41 134
41 145
41 242
41 289
42 55
42 135
42 142
42 167
42 310
43 45
43 69
43 96
43 286
44 53
44 59
44 124
44 125
44 133
44 202
44 271
45 51
45 54
45 124
45 130
45 136
45 153
45 174
45 191
45 193
45 243
46 48
46 49
46 63
46 72
46 87
46 91
46 110
46 135
46 142
46 238
46 240
46 280
47 64
47 65
47 104
47 119
47 126
47 151
47 152
47 161
47 167
47 215
47 217
47 267
47 311
48 143
48 175
48 229
48 285
49 64
49 103
49 114
49 122
49 134
49 159
49 211
49 232
49 288
50 112
50 129
50 153
50 284
50 303
50 309
51 102
51 222
51 231
51 236
51 241
51 251
52 90
52 105
54 135
54 154
54 188
54 206
54 210
54 245
54 275
54 303
55 68
55 102
55 131
55 157
55 233
55 242
55 262
55 274
56 209
57 130
57 180
57 231
57 280
58 60
58 155
58 291
59 75
59 130
59 134
59 165
59 173
59 200
59 226
59 242
59 244
59 279
60 92
60 104
60 110
60 130
60 179
60 193
60 210
60 281
60 288
61 64
61 118
61 218
62 92
62 107
62 131
62 142
62 185
62 213
62 294
62 302
63 130
63 152
64 67
64 94
64 98
64 129
64 202
64 287
64 308
65 138
65 209
65 287
65 315
66 135
66 148
66 180
66 239
66 276
67 118
67 138
67 149
67 152
67 179
67 200
67 214
67 216
67 261
67 287
67 309
68 70
68 118
68 155
68 209
68 222
68 307
69 99
69 129
69 135
69 223
69 270
70 74
70 137
70 210
71 279
72 98
72 102
72 108
72 166
72 188
72 219
72 229
72 232
72 252
73 100
73 167
73 174
73 181
73 218
73 296
73 315
74 160
74 167
74 209
74 210
74 242
74 273
74 274
74 285
75 117
75 142
75 156
75 188
75 206
75 220
75 283
75 313
76 84
76 95
76 100
76 134
76 136
77 90
77 115
77 119
77 192
77 272
78 100
78 112
78 260
78 287
78 293
79 184
79 271
79 283
79 292
79 304
80 123
80 130
80 134
80 239
81 100
81 122
81 190
81 278
81 308
83 89
83 129
83 131
83 157
84 134
84 220
84 287
85 98
85 124
85 161
85 208
85 222
85 242
85 254
85 284
85 290
86 252
86 278
86 291
87 102
87 124
87 161
87 175
87 216
87 231
87 240
87 249
87 262
87 285
88 112
88 165
88 171
88 230
88 281
88 288
89 97
89 119
89 134
89 153
89 225
89 244
89 258
90 116
90 128
90 156
91 139
91 207
91 270
92 96
92 118
92 269
94 130
94 131
94 134
94 177
94 199
94 215
94 223
94 242
95 102
95 131
95 135
95 148
96 115
96 133
96 197
96 212
96 250
96 275
97 137
97 193
97 218
97 223
97 263
97 314
98 118
98 224
98 252
98 256
99 124
99 172
99 241
99 286
100 133
101 158
102 105
102 123
102 130
102 134
102 169
102 179
102 224
102 299
102 301
103 106
103 138
103 142
103 147
103 158
103 208
103 216
103 230
103 233
103 245
103 273
103 275
104 109
104 156
104 165
104 180
104 184
104 263
104 266
104 268
104 288
104 311
105 114
105 139
105 241
105 305
106 109
106 120
106 124
106 137
106 191
106 220
106 288
106 303
106 305
107 210
107 283
108 130
108 135
108 136
108 138
108 204
109 149
109 151
109 159
109 215
109 233
109 239
110 185
110 223
110 234
110 267
110 283
110 287
110 293
111 165
111 220
111 232
111 233
111 242
112 269
112 279
113 120
113 210
114 131
114 136
114 220
114 287
115 117
115 134
115 155
115 220
116 190
116 232
116 306
117 124
117 134
117 206
117 269
118 129
118 135
118 136
118 138
118 152
118 156
118 171
118 180
118 215
118 217
118 222
118 224
118 249
118 289
118 292
119 191
119 287
120 122
120 130
120 188
120 252
121 134
121 136
121 148
121 206
121 286
122 135
122 150
122 181
122 266
122 303
122 313
123 130
123 133
123 167
123 196
123 249
124 171
124 182
124 193
124 197
124 204
124 208
124 252
124 268
124 287
125 233
127 136
127 140
128 131
128 174
128 180
128 249
128 252
129 130
129 133
129 144
129 148
129 154
129 159
129 165
129 180
129 184
129 192
129 193
129 196
129 197
129 211
129 220
129 224
129 227
129 231
129 239
129 242
129 266
129 273
129 274
129 277
129 287
129 288
129 298
129 304
130 131
130 136
130 145
130 152
130 160
130 161
130 201
130 206
130 211
130 255
130 260
130 261
130 274
130 282
130 295
130 296
130 297
130 303
130 314
131 133
131 135
131 141
131 153
131 156
131 164
131 195
131 202
131 227
131 241
131 242
131 255
131 270
131 286
131 287
131 288
131 304
131 305
132 180
132 232
132 254
133 134
133 157
133 161
133 171
133 188
133 198
133 202
133 218
133 233
133 244
133 272
133 280
133 291
133 293
133 299
134 140
134 145
134 152
134 167
134 173
134 178
134 185
134 199
134 206
134 223
134 229
134 248
134 249
134 251
134 255
134 257
134 269
134 270
134 286
134 293
134 296
134 309
135 136
135 148
135 167
135 187
135 215
135 244
135 249
135 284
136 154
136 158
136 172
136 179
136 180
136 207
136 213
136 258
136 266
136 294
136 305
137 194
138 173
139 145
139 159
139 285
140 167
140 214
140 249
140 309
141 180
142 188
142 200
142 211
142 238
142 313
143 192
143 310
144 160
145 160
145 174
145 255
145 266
147 180
147 192
148 199
148 231
148 271
148 287
148 311
149 167
149 200
149 205
149 210
149 285
150 181
150 269
150 307
151 188
152 167
152 179
152 193
152 233
152 252
152 279
152 296
153 184
154 210
154 269
155 167
155 200
156 160
156 176
156 177
156 185
156 208
156 230
156 250
156 263
156 294
156 310
157 164
157 200
157 210
157 285
157 287
157 290
157 295
158 164
158 210
158 220
158 269
159 215
159 220
159 298
160 173
160 193
160 194
160 250
160 287
160 288
160 293
160 306
161 173
162 202
162 210
162 293
163 213
163 273
164 206
164 237
164 242
164 288
166 197
167 196
167 202
167 206
167 215
167 239
167 254
167 281
167 305
168 177
168 272
168 286
169 234
170 179
171 220
171 230
171 280
172 233
172 277
173 180
173 214
174 182
174 232
175 249
175 277
176 261
176 315
177 236
179 209
179 266
179 276
180 184
180 187
180 218
180 258
180 264
180 282
180 286
180 303
181 222
181 223
182 219
184 195
184 206
185 252
185 275
185 276
185 278
187 232
188 201
188 275
191 287
192 255
192 266
193 233
193 242
193 252
193 288
193 314
195 205
195 275
195 278
196 305
196 306
197 232
197 271
197 287
197 309
198 210
200 205
200 217
200 231
200 233
200 239
200 248
200 249
200 264
200 269
200 293
200 309
200 313
201 232
201 274
202 283
206 211
206 239
206 271
206 278
207 245
207 272
208 238
210 225
210 236
210 260
210 263
210 294
210 315
213 216
213 279
215 218
215 252
215 267
216 220
218 288
219 233
219 234
220 241
222 225
222 270
223 237
224 245
224 287
228 298
230 242
230 279
231 303
231 304
232 258
232 305
232 309
233 238
233 244
233 245
237 313
238 287
239 254
239 304
240 292
242 285
244 309
245 258
245 266
246 267
246 285
248 252
249 264
249 275
249 278
249 280
249 296
260 315
262 298
263 276
263 284
264 294
266 285
266 288
267 272
267 287
267 288
269 272
269 273
271 314
273 279
275 307
278 293
280 293
285 299
286 304
287 299
287 301
291 309
299 303
304 309
