0 15
0 67
0 117
0 134
0 188
1 4
1 49
1 50
1 178
1 291
1 298
2 6
2 59
2 74
2 87
2 128
2 131
2 167
2 173
2 175
2 180
2 204
2 225
2 272
2 299
3 136
3 177
4 123
4 131
4 200
4 216
4 315
5 67
5 148
5 241
5 305
6 32
6 63
6 104
6 223
7 96
7 109
7 116
7 131
7 134
7 156
7 208
7 214
7 260
7 288
7 295
7 304
8 17
8 60
8 65
8 71
8 97
8 100
8 108
8 111
8 112
8 117
8 136
8 154
8 195
8 207
8 239
8 249
8 272
8 281
8 298
9 20
9 36
9 101
10 48
10 77
10 310
11 74
11 188
11 210
11 272
11 285
11 287
12 14
12 28
12 36
12 49
12 64
12 125
12 130
12 134
12 145
12 157
12 191
12 238
12 244
12 260
13 51
13 129
13 130
13 131
13 162
13 172
13 184
13 241
13 259
13 269
13 278
13 286
13 301
13 303
14 62
14 89
14 98
14 129
14 156
14 195
14 200
14 233
15 44
15 45
15 133
15 244
15 272
15 280
15 290
15 291
15 303
16 28
16 31
16 59
16 80
16 101
16 103
16 134
16 135
16 150
16 156
16 157
16 158
16 181
16 200
16 210
16 211
16 219
16 231
16 254
17 42
17 79
17 118
17 135
17 160
17 275
18 23
18 87
18 98
18 133
18 155
18 156
18 204
18 243
18 244
18 303
18 307
18 310
19 32
19 65
19 142
19 177
19 293
20 46
20 75
20 79
20 83
20 103
20 131
20 174
20 179
20 193
20 235
21 67
21 80
21 134
21 142
21 160
21 196
21 234
21 288
22 236
23 160
23 246
23 282
23 312
24 25
24 58
24 106
24 135
24 156
24 277
25 64
25 129
25 134
25 148
25 166
25 180
25 214
25 287
25 289
25 294
25 303
26 131
26 233
26 249
27 80
27 110
27 212
27 229
27 304
28 110
29 128
29 130
29 138
29 144
29 204
29 267
29 286
30 54
30 134
30 136
30 195
30 220
30 229
30 286
31 40
31 50
31 87
31 103
31 165
31 182
31 231
31 242
31 255
31 272
31 283
32 68
32 72
32 81
32 83
32 95
32 106
32 150
32 160
32 208
32 215
32 224
32 239
32 260
32 276
33 35
33 113
33 118
33 122
33 129
33 134
33 160
33 171
33 173
33 200
33 240
33 262
33 297
33 300
33 307
34 67
34 133
34 157
35 45
35 131
35 157
35 160
35 174
35 188
35 193
35 200
35 292
36 122
36 124
36 130
36 139
36 140
36 238
36 249
36 269
37 43
37 55
37 140
37 149
37 208
37 261
37 286
38 89
38 129
38 148
38 171
38 209
38 258
39 131
40 62
40 73
40 107
40 134
40 152
40 171
40 249
41 92
41 93
41 129
41 216
41 278
41 292
42 130
42 135
42 141
42 148
42 213
42 240
43 46
43 98
43 115
43 217
43 236
43 287
44 60
44 102
44 124
44 152
44 261
44 264
44 298
44 310
45 61
45 68
45 87
45 96
45 134
45 135
45 138
45 156
45 180
45 188
45 217
45 233
46 48
46 129
46 156
46 160
46 188
46 190
46 209
46 223
46 224
46 231
46 239
46 265
46 275
46 276
46 298
47 75
47 122
47 135
47 159
47 284
47 288
47 311
48 89
48 130
48 180
48 191
49 98
49 103
49 180
49 191
49 215
49 314
50 85
50 95
50 109
50 122
50 134
50 216
50 247
50 268
50 300
50 312
50 315
51 102
51 158
51 239
52 67
52 131
52 152
52 230
53 60
54 90
54 140
54 222
54 244
55 148
55 288
56 74
56 110
56 129
56 130
56 249
57 129
57 245
59 78
59 94
59 102
59 127
59 138
59 158
59 159
59 212
59 270
59 286
59 309
60 122
60 174
60 209
60 220
61 107
61 159
61 201
62 135
62 180
62 234
62 268
62 291
63 162
63 210
63 314
64 100
64 118
64 132
64 134
64 135
64 167
64 285
64 287
64 288
64 303
65 130
65 230
66 193
67 75
67 92
67 124
67 157
67 208
67 216
67 236
67 237
67 261
67 288
67 303
68 90
68 94
68 124
68 178
68 232
68 263
69 236
69 287
70 129
70 131
70 180
70 188
70 287
71 122
71 125
71 303
72 78
72 107
72 148
72 162
72 200
72 230
73 75
73 117
74 76
74 81
74 88
74 103
74 118
74 133
74 138
74 142
74 173
74 249
74 272
74 283
75 84
75 124
75 138
75 152
75 259
75 286
76 288
76 301
77 147
77 149
77 157
77 218
77 288
78 87
78 117
78 134
78 136
78 149
78 219
78 228
79 224
79 247
80 91
80 103
80 108
80 129
80 157
80 205
80 218
80 239
81 298
82 222
82 277
83 118
83 122
83 157
83 172
83 265
83 279
84 101
84 171
85 136
85 214
85 255
86 271
86 286
86 315
87 103
87 160
87 167
87 170
87 179
87 181
87 193
87 197
87 218
87 222
87 258
88 160
88 272
88 311
89 102
89 118
89 131
89 156
89 179
89 185
89 191
89 193
89 205
89 220
89 234
89 281
89 288
89 305
89 312
90 135
90 269
91 156
91 176
91 218
91 229
92 109
92 133
92 200
92 220
92 225
92 230
92 243
92 245
92 298
93 243
94 130
94 136
94 172
94 200
94 216
94 233
95 156
95 218
95 239
95 251
95 288
95 311
96 129
96 167
96 199
96 293
97 101
97 106
97 150
97 274
97 301
98 99
98 210
98 220
98 249
98 285
98 304
99 136
99 142
99 148
99 193
99 197
99 248
100 130
100 214
100 224
101 135
101 156
101 207
101 215
101 220
101 271
101 287
102 129
102 130
102 154
102 197
102 292
103 131
103 152
103 154
103 179
103 181
103 208
103 267
103 268
103 313
104 149
104 188
104 191
104 230
104 239
104 285
104 287
104 288
104 312
105 110
105 130
105 233
105 263
105 265
105 266
105 286
105 307
106 117
106 131
106 167
106 213
107 129
107 131
107 157
107 179
107 240
107 301
108 121
108 131
108 136
108 142
108 218
108 221
108 265
108 288
109 148
109 220
109 232
109 239
109 241
109 248
110 129
110 130
110 131
110 233
110 303
111 135
111 156
111 234
112 117
112 141
112 156
113 123
113 184
113 220
114 141
114 288
114 305
116 157
117 129
117 131
117 162
117 180
117 228
117 269
118 130
118 136
118 145
118 156
118 191
118 195
118 209
118 224
118 233
118 286
118 301
118 304
119 141
119 148
119 208
120 149
120 315
121 123
121 134
121 135
121 238
121 264
122 159
122 201
122 206
122 215
122 270
123 157
123 265
123 305
124 133
124 141
124 149
124 167
124 172
124 174
124 195
124 216
124 258
124 260
124 295
125 130
125 155
125 163
126 248
127 128
127 193
127 243
127 268
127 288
128 135
128 138
128 157
128 222
128 285
129 134
129 148
129 169
129 179
129 180
129 188
129 191
129 193
129 206
129 227
129 248
129 252
129 310
130 133
130 135
130 154
130 164
130 185
130 200
130 204
130 205
130 210
130 255
130 264
130 286
130 304
130 305
131 136
131 138
131 149
131 154
131 156
131 157
131 160
131 168
131 192
131 206
131 218
131 221
131 232
131 243
131 251
131 252
131 258
132 209
132 301
133 136
133 138
133 149
133 154
133 188
133 191
133 200
133 213
133 222
133 247
133 299
133 302
133 309
134 136
134 169
134 184
134 193
134 210
134 220
134 230
134 231
134 232
134 241
134 246
134 276
134 277
134 287
134 302
135 136
135 150
135 166
135 177
135 182
135 185
135 213
135 231
135 243
135 252
135 276
135 284
135 294
136 145
136 162
136 177
136 180
136 212
136 218
136 224
136 255
136 291
136 298
137 152
138 184
138 191
138 234
138 241
138 242
138 277
138 304
139 249
139 277
139 287
140 235
141 157
141 200
141 220
142 145
142 253
142 279
142 285
145 179
145 267
146 152
146 267
147 179
148 157
148 163
148 204
148 206
148 213
148 286
150 168
150 176
150 179
150 191
150 242
152 178
153 248
154 167
154 177
154 182
154 200
155 237
156 160
156 167
156 177
156 208
156 210
156 242
156 260
156 285
156 288
156 292
156 308
157 217
157 239
157 258
157 263
157 305
158 167
158 180
158 257
158 295
159 160
159 203
159 218
159 261
160 287
160 288
160 304
161 172
162 192
162 241
162 249
162 296
163 172
164 180
164 231
164 261
164 271
165 169
165 294
165 315
166 220
166 226
166 243
167 210
167 265
167 275
167 285
167 288
167 293
168 288
169 242
169 243
172 193
172 221
173 263
173 268
173 270
173 293
173 303
174 287
176 238
179 247
179 260
179 273
180 218
180 239
180 244
180 269
180 313
181 214
181 242
181 243
181 247
182 264
182 279
185 233
185 238
185 239
185 240
185 265
186 285
187 231
188 251
188 302
189 215
189 242
190 238
190 269
191 200
191 286
191 296
192 309
193 201
193 204
193 206
193 219
193 239
193 269
193 276
193 290
195 201
195 212
197 210
197 279
198 212
198 245
199 215
200 202
200 207
200 274
200 285
200 287
200 288
201 208
201 218
201 232
201 299
204 205
204 212
204 219
205 209
205 218
205 252
205 260
205 272
205 286
205 287
206 248
206 249
206 262
206 287
207 233
208 230
208 239
208 258
208 287
208 295
208 312
209 250
209 287
210 217
210 220
210 245
210 275
211 265
211 313
212 249
212 276
212 285
215 249
215 275
215 302
216 255
216 269
217 220
217 276
217 315
218 275
219 269
220 222
220 260
222 231
222 232
224 235
224 248
224 292
226 286
228 251
229 284
229 285
229 295
230 233
230 252
230 305
231 308
232 275
232 294
233 247
233 252
234 281
237 249
237 266
239 249
239 262
241 250
241 263
241 273
241 311
242 304
243 244
243 249
244 276
245 272
246 288
247 305
249 268
249 275
249 287
250 255
252 299
254 288
255 307
255 308
258 272
259 280
259 288
260 303
260 305
265 287
265 292
268 298
269 281
271 285
271 293
273 303
276 280
276 283
277 292
277 310
279 296
281 286
284 303
287 291
288 305
291 293
291 295
296 314
309 313
