0 4
0 32
0 33
0 119
0 200
0 238
0 287
1 41
1 62
1 84
1 120
1 140
1 211
1 288
2 6
2 15
2 24
2 31
2 40
2 43
2 47
2 95
2 102
2 129
2 157
2 177
2 249
2 275
2 278
2 286
2 288
3 15
3 167
4 31
4 35
4 46
4 87
4 130
4 196
4 224
4 288
5 6
5 129
5 133
5 173
5 192
5 204
5 215
5 241
5 260
6 7
6 140
6 200
6 238
6 242
7 23
7 28
7 56
7 121
7 129
7 134
7 149
7 160
7 246
8 31
8 40
8 62
8 67
8 80
8 89
8 96
8 104
8 117
8 132
8 152
8 155
8 180
8 196
8 249
8 270
8 271
8 307
9 19
9 83
9 179
9 200
9 305
10 45
10 130
10 224
10 285
10 286
11 32
11 118
11 122
11 206
11 241
12 45
12 88
12 115
12 130
12 131
12 135
12 151
12 171
12 173
12 200
12 224
12 252
12 283
13 39
13 46
13 109
13 120
13 130
13 135
13 167
13 181
13 197
13 233
13 291
14 57
14 59
14 110
14 115
14 124
14 133
14 143
14 220
15 24
15 107
15 130
15 154
15 188
15 210
16 21
16 33
16 34
16 46
16 48
16 83
16 95
16 96
16 104
16 124
16 131
16 133
16 135
16 198
16 216
16 219
16 224
16 230
16 239
16 245
16 284
16 287
16 306
17 223
17 245
18 34
18 102
18 122
18 126
18 132
18 213
19 99
19 135
19 152
19 195
19 247
20 68
20 133
20 206
20 220
21 104
21 106
21 163
21 201
21 263
22 85
22 220
23 133
23 204
23 205
23 215
23 280
23 303
24 85
24 100
24 130
24 133
24 138
25 56
25 129
25 153
25 156
25 293
25 301
26 43
27 130
27 277
28 59
28 109
28 124
28 129
28 130
28 131
28 134
28 182
28 200
29 54
29 134
29 228
30 45
30 135
30 136
30 157
30 242
31 54
31 76
31 81
31 92
31 130
31 132
31 152
31 167
31 178
31 202
31 220
31 233
31 293
31 304
32 106
32 108
32 109
32 146
32 149
32 171
32 200
32 238
32 269
33 35
33 58
33 85
33 121
33 134
33 141
33 146
33 157
33 167
33 171
33 180
33 298
34 130
34 157
34 159
34 233
34 240
34 258
34 284
34 288
35 104
35 121
35 135
35 144
35 261
36 59
36 133
36 224
37 53
37 103
37 112
37 217
37 224
37 249
37 258
37 260
37 305
38 140
38 152
38 189
38 210
39 62
39 75
39 134
39 167
39 187
39 193
39 239
39 272
40 46
40 96
40 129
40 140
40 148
40 149
40 174
40 259
41 129
41 283
41 311
42 76
42 95
42 118
42 156
42 239
42 243
42 271
43 81
43 91
43 152
43 200
43 213
43 268
43 301
44 127
44 134
44 308
45 46
45 50
45 51
45 79
45 123
45 124
45 136
45 176
45 177
45 180
45 193
45 203
45 258
45 313
46 47
46 99
46 104
46 108
46 179
46 181
46 212
46 278
47 106
47 118
47 130
47 138
47 209
47 287
48 73
48 81
48 134
48 160
48 243
48 273
49 99
49 130
49 154
49 165
49 235
49 242
49 271
49 277
50 75
50 80
50 88
50 101
50 130
50 133
50 156
50 198
50 200
50 255
50 264
50 283
51 115
51 142
51 210
51 231
51 269
51 285
51 286
52 209
53 103
54 92
54 132
54 146
54 301
55 168
56 81
56 140
56 212
56 243
56 311
56 315
58 98
58 115
59 95
59 131
59 146
59 206
59 234
59 270
59 287
60 103
60 140
60 149
60 163
60 167
60 224
60 240
60 273
61 149
61 156
61 267
62 133
62 183
62 288
62 303
63 81
63 121
63 136
64 76
64 131
64 134
64 191
64 193
64 237
64 249
64 291
65 97
65 118
65 128
66 216
66 218
67 68
67 76
67 87
67 88
67 134
67 172
67 186
67 197
67 290
67 301
68 84
68 88
68 106
68 117
68 307
69 89
69 129
69 130
69 289
71 129
71 131
71 150
71 287
72 133
72 193
73 147
73 194
73 203
73 262
73 283
73 302
74 79
74 130
74 156
74 176
74 259
74 275
74 285
74 313
75 80
75 175
75 195
75 269
75 286
76 97
76 129
76 217
76 280
77 80
77 124
77 152
77 157
78 127
78 136
79 124
79 210
79 287
79 288
80 85
80 86
80 131
80 233
80 252
80 258
80 284
80 312
81 132
81 210
81 259
81 305
82 105
82 134
82 135
82 179
83 89
83 163
83 188
83 286
83 287
84 102
84 118
84 306
85 90
85 101
85 149
85 178
85 192
86 118
86 120
86 139
86 244
87 91
87 106
87 113
87 262
87 286
87 296
87 298
88 222
89 193
89 249
89 309
90 118
90 133
90 160
90 210
90 296
91 132
92 174
92 214
92 232
92 250
92 284
93 110
93 210
93 269
94 105
94 137
94 218
94 256
95 105
95 153
96 104
96 217
96 226
96 233
97 109
97 129
97 159
97 260
97 273
97 274
97 291
98 135
98 167
98 192
98 246
98 309
99 171
99 205
100 115
100 135
100 181
101 133
101 134
101 135
101 139
101 164
101 185
101 187
101 195
101 233
101 248
101 249
101 258
101 302
102 111
102 119
102 134
102 161
102 172
102 178
102 196
102 249
102 286
102 304
103 129
103 172
103 185
103 197
103 228
103 231
103 257
103 268
103 275
103 278
103 283
103 295
104 114
104 125
104 129
104 136
104 144
104 156
104 188
104 208
104 241
104 286
104 287
104 308
104 315
105 106
105 122
105 130
105 156
106 182
106 286
107 135
107 241
107 258
107 279
108 130
108 196
108 208
109 160
109 206
109 287
110 112
110 133
110 180
110 209
110 229
110 233
110 304
111 179
111 288
112 132
112 240
114 124
114 134
114 222
114 258
114 278
115 131
115 134
115 180
115 244
116 129
117 126
117 134
117 184
117 209
117 213
117 232
118 130
118 159
118 210
118 224
118 248
118 270
118 293
119 151
119 220
119 286
119 303
120 174
120 279
120 287
120 298
121 133
121 255
121 272
122 134
122 172
122 189
122 193
122 261
123 218
123 243
124 125
124 129
124 154
124 160
124 179
124 182
124 195
124 291
124 299
125 315
126 140
126 156
127 176
127 288
128 134
128 191
129 131
129 135
129 149
129 154
129 156
129 157
129 180
129 183
129 186
129 208
129 224
129 233
129 240
129 244
129 246
129 285
129 287
129 290
129 291
130 131
130 139
130 142
130 149
130 156
130 214
130 216
130 218
130 240
130 242
130 258
130 267
130 268
130 271
130 283
130 286
130 313
131 138
131 146
131 156
131 159
131 164
131 167
131 172
131 208
131 241
131 252
131 270
131 272
131 285
131 286
131 287
132 177
132 234
132 276
133 134
133 171
133 174
133 193
133 194
133 205
133 216
133 227
133 242
133 247
133 269
133 276
133 282
133 283
133 288
133 296
133 303
133 313
134 144
134 154
134 156
134 171
134 174
134 176
134 177
134 180
134 183
134 205
134 219
134 233
134 237
134 241
134 255
134 265
134 284
134 288
134 299
135 136
135 137
135 181
135 206
135 208
135 217
135 220
135 232
135 263
135 287
135 293
136 147
136 150
136 156
136 193
136 237
136 242
136 243
136 246
136 247
136 264
136 268
136 285
136 303
137 239
137 269
137 304
138 283
140 206
140 290
140 292
141 216
141 238
142 156
142 208
142 259
143 179
144 287
145 160
145 180
146 279
147 243
148 235
148 265
148 285
148 287
149 157
149 180
149 246
149 247
150 157
150 249
150 292
151 278
152 179
152 185
152 283
153 227
154 162
154 272
154 288
154 302
156 157
156 160
156 162
156 167
156 179
156 180
156 193
156 221
156 264
156 283
156 287
156 288
156 304
156 313
157 160
157 301
158 292
158 313
159 201
159 213
159 234
159 271
159 287
159 288
160 222
160 276
160 286
161 188
161 201
161 205
161 218
162 182
162 258
163 193
163 260
164 211
164 249
164 287
165 188
166 206
167 180
167 189
167 201
167 210
167 223
167 224
167 253
167 258
167 271
167 310
168 238
168 272
169 210
171 239
171 272
172 189
172 252
172 257
173 220
174 200
175 201
175 266
178 180
178 197
178 286
179 211
179 245
180 185
180 190
180 204
180 212
180 264
180 265
180 276
181 205
181 245
181 271
181 274
183 209
184 220
184 221
185 206
185 249
187 210
187 268
188 214
188 220
188 223
188 239
188 298
188 314
190 224
191 241
191 251
191 282
192 243
193 210
193 228
195 269
196 282
196 311
196 315
197 208
198 257
200 213
200 241
200 247
200 271
200 305
201 210
201 242
202 287
203 214
204 211
204 260
205 242
205 266
205 287
206 239
206 286
206 287
206 303
208 218
208 251
208 252
209 222
209 249
209 266
210 249
210 269
211 254
212 220
212 258
212 304
213 240
213 244
214 236
214 239
214 272
214 305
215 241
215 277
215 305
216 255
216 258
216 268
216 285
216 301
218 235
218 283
218 307
220 222
220 243
220 273
220 290
220 296
222 288
224 263
224 267
224 277
228 232
232 235
232 313
234 277
238 288
239 246
239 313
244 273
244 287
245 259
245 288
246 258
248 266
249 258
249 279
249 287
254 272
258 283
262 267
262 301
267 304
268 273
269 313
271 283
271 285
273 288
274 302
276 290
281 285
287 292
288 296
290 303
305 311
