0 5
0 129
0 135
0 231
1 36
1 129
1 241
1 286
1 311
2 8
2 16
2 37
2 38
2 59
2 65
2 67
2 92
2 103
2 109
2 111
2 121
2 131
2 135
2 149
2 156
2 173
2 187
2 188
2 197
2 223
2 293
2 301
2 302
2 313
2 314
3 48
3 92
3 121
3 135
3 245
4 10
4 20
4 74
4 118
4 142
4 180
4 196
4 239
4 287
5 24
5 160
5 180
5 189
5 249
6 70
6 101
6 193
6 262
6 268
7 35
7 71
7 88
7 130
7 133
7 164
7 193
7 201
7 249
7 259
7 271
7 275
7 291
7 304
8 13
8 16
8 46
8 66
8 108
8 129
8 131
8 134
8 202
8 209
8 255
8 287
8 296
8 298
8 307
9 71
9 149
9 154
9 156
9 179
9 232
10 23
10 131
10 216
10 255
11 24
11 98
11 140
11 191
11 250
11 259
12 47
12 48
12 88
12 133
12 145
12 164
12 186
12 220
13 29
13 30
13 37
13 196
13 234
14 25
14 45
14 117
14 132
14 134
14 188
14 249
14 296
15 35
15 43
15 60
15 66
15 72
15 135
15 157
15 174
15 218
15 286
15 293
16 18
16 32
16 41
16 54
16 59
16 63
16 73
16 90
16 101
16 103
16 111
16 167
16 169
16 177
16 185
16 186
16 204
16 287
16 288
16 309
17 32
17 123
17 150
17 156
17 220
17 304
18 41
18 49
18 50
18 117
18 130
18 177
18 269
18 272
18 288
19 29
19 83
19 149
19 200
20 36
20 39
20 47
20 121
21 130
21 136
21 165
22 45
22 110
23 215
23 266
23 297
24 70
24 95
24 104
24 124
24 133
24 289
25 32
25 54
25 60
25 72
25 94
25 135
25 162
25 239
25 246
25 276
25 286
26 38
26 59
26 130
26 275
27 69
27 134
28 56
28 66
28 79
28 205
28 221
28 287
28 314
29 118
29 130
29 156
29 169
29 205
29 283
30 42
30 97
30 124
30 188
30 193
30 283
31 59
31 72
31 87
31 124
31 134
31 139
31 181
31 213
31 219
31 228
31 295
32 45
32 59
32 102
32 104
32 106
32 122
32 124
32 140
32 144
32 145
32 162
32 169
32 182
32 205
32 249
32 260
32 271
32 280
32 298
32 307
33 47
33 51
33 67
33 92
33 102
33 118
33 122
33 136
33 148
33 158
33 188
33 191
33 196
33 200
33 287
33 288
33 312
34 45
34 74
34 79
34 93
34 105
34 180
34 220
34 301
35 41
35 42
35 109
35 110
35 118
35 206
35 241
36 142
36 143
36 148
36 185
36 242
37 42
37 46
37 107
37 131
37 135
37 149
37 159
37 185
37 249
37 284
37 288
37 305
38 110
38 146
38 148
38 167
39 149
39 174
39 180
39 205
40 136
40 151
40 211
40 224
40 242
40 273
40 288
40 293
41 118
41 180
41 255
41 311
42 114
42 145
42 202
42 205
42 304
43 65
43 121
43 134
43 187
43 217
43 249
44 74
44 140
44 218
45 69
45 76
45 87
45 91
45 129
45 133
45 135
45 180
45 233
45 264
46 64
46 65
46 98
46 108
46 130
46 148
46 188
46 221
46 230
46 231
46 312
47 102
47 130
47 133
47 134
47 136
47 204
47 216
47 263
47 292
48 128
48 161
48 202
48 205
48 266
48 270
49 285
50 87
50 119
50 121
50 157
50 167
50 170
50 201
50 229
51 101
51 148
51 154
51 269
53 134
53 220
53 267
54 83
54 108
54 117
54 133
54 168
54 204
54 287
55 88
55 130
55 190
55 213
56 130
56 156
56 167
56 225
57 131
57 133
58 141
58 209
59 87
59 126
59 129
59 133
59 135
59 166
59 172
59 175
59 180
59 278
59 294
59 307
60 80
60 88
60 104
60 131
60 193
60 215
60 223
60 249
61 135
61 151
61 223
61 300
62 67
62 81
62 110
62 156
62 185
62 208
62 213
62 219
62 281
62 287
63 87
63 130
63 132
63 219
64 70
64 95
64 121
64 135
64 143
64 167
64 224
64 302
65 89
65 130
65 131
65 135
65 241
66 167
66 245
66 250
66 251
67 129
67 135
67 158
67 191
67 217
67 247
68 81
68 91
68 101
68 103
68 119
68 133
69 135
69 200
69 212
69 215
70 129
70 135
70 139
70 140
70 219
70 224
70 302
71 129
71 258
72 168
72 242
72 282
73 152
73 293
73 310
74 95
74 126
74 129
74 131
74 135
74 148
74 150
74 186
74 191
74 195
74 220
74 231
74 240
74 242
74 244
74 269
74 287
75 107
75 121
75 133
75 136
75 142
75 218
75 244
75 267
75 288
75 305
76 135
76 174
76 188
76 200
76 212
76 239
76 284
77 98
77 226
77 239
77 249
77 260
77 268
78 129
78 173
78 208
78 266
78 286
79 108
79 117
79 138
79 230
80 128
80 188
80 217
80 233
80 241
80 279
80 310
81 108
81 130
81 167
81 207
83 124
83 128
83 129
83 159
83 179
83 223
83 239
83 285
84 152
85 132
85 206
86 144
86 247
87 120
87 122
87 131
87 140
87 157
87 305
87 309
88 130
88 174
88 191
88 209
89 197
89 239
90 139
90 148
90 169
90 197
90 200
91 115
91 288
91 309
92 98
92 110
92 122
92 134
92 210
92 214
92 242
93 110
93 307
94 131
94 196
94 200
95 149
95 242
95 278
95 307
95 310
96 108
96 118
96 129
96 131
96 195
96 263
96 296
96 309
97 106
97 173
97 215
97 265
97 295
98 121
98 131
98 220
98 284
98 288
100 313
101 103
101 134
101 136
101 156
101 174
101 194
101 206
101 292
102 103
102 142
102 156
102 215
102 223
102 287
103 118
103 131
103 136
103 149
103 166
103 177
103 180
103 215
103 242
103 249
103 276
103 286
104 106
104 121
104 122
104 129
104 157
104 162
104 190
104 239
104 286
104 288
105 129
105 148
105 210
106 149
106 220
106 234
106 252
107 129
107 225
107 243
107 303
108 127
108 153
108 156
108 200
109 169
109 186
109 269
109 286
110 205
111 182
111 212
112 157
114 135
115 131
115 138
115 242
115 281
117 129
117 130
117 154
117 191
117 200
118 121
118 131
118 135
118 136
118 202
118 240
118 270
118 283
118 286
119 162
119 229
119 258
119 263
120 131
120 159
120 167
120 287
121 130
121 137
121 173
121 212
121 214
121 223
121 279
122 129
122 220
122 224
122 239
122 241
122 250
122 258
122 260
122 279
122 308
123 286
123 289
124 133
124 136
124 152
124 266
124 283
124 285
124 286
124 309
126 193
126 313
127 135
127 287
128 138
128 180
128 195
128 197
128 284
129 134
129 136
129 149
129 174
129 188
129 192
129 208
129 210
129 213
129 218
129 231
129 237
129 264
129 267
129 269
129 282
129 286
129 299
129 307
130 131
130 133
130 134
130 144
130 154
130 156
130 157
130 162
130 206
130 212
130 215
130 218
130 219
130 222
130 233
130 242
130 264
130 269
130 273
130 286
130 290
130 292
130 295
131 134
131 135
131 139
131 154
131 167
131 184
131 205
131 213
131 224
131 233
131 250
131 303
132 206
132 243
133 137
133 167
133 180
133 182
133 217
133 225
133 228
133 232
133 279
133 291
134 155
134 156
134 159
134 185
134 200
134 211
134 225
134 230
134 243
134 249
134 280
134 287
134 303
134 313
135 139
135 148
135 151
135 162
135 189
135 193
135 206
135 212
135 217
135 218
135 225
135 240
135 267
135 273
135 286
135 304
136 141
136 148
136 154
136 156
136 167
136 196
136 202
136 221
136 243
136 255
136 286
136 303
137 263
138 188
138 292
139 162
139 233
139 246
139 283
140 148
140 156
140 162
140 206
140 208
140 285
140 288
141 285
142 205
142 256
142 283
143 154
143 163
143 195
145 196
145 239
145 249
145 295
145 313
146 174
146 188
146 190
148 157
148 200
148 216
148 218
148 298
149 167
149 177
149 180
149 255
150 210
151 310
152 168
152 172
152 220
152 292
152 308
153 167
153 218
153 245
154 262
154 275
155 173
155 287
156 157
156 175
156 180
156 196
156 199
156 200
156 205
156 219
156 241
156 258
156 309
157 177
157 188
157 209
157 216
157 237
157 249
157 257
157 266
157 277
157 288
158 246
158 288
159 243
160 216
160 277
160 307
161 220
161 224
161 244
161 270
161 279
161 313
162 181
162 211
163 305
164 224
164 285
164 315
165 202
165 210
165 309
166 266
166 311
167 172
167 182
167 190
167 231
167 240
167 256
168 239
169 245
171 192
171 200
172 173
172 219
172 280
172 315
173 220
173 229
173 252
173 303
173 308
175 180
176 218
177 198
177 287
177 288
178 272
179 231
179 285
179 286
179 290
180 182
180 188
180 246
180 272
180 283
180 287
180 293
180 295
181 215
181 222
181 284
183 223
184 211
184 249
184 266
185 286
187 209
188 215
188 245
188 287
189 288
190 299
191 239
191 303
192 273
193 223
193 276
193 277
193 293
194 210
194 304
195 299
196 230
196 303
197 238
197 252
197 295
198 271
198 285
199 255
199 288
199 314
200 204
200 215
200 251
200 252
200 286
200 288
201 216
201 218
201 310
204 302
205 208
205 221
205 266
205 286
205 287
206 210
206 274
207 244
210 264
210 276
212 215
212 285
213 239
215 249
215 259
215 286
215 287
217 220
217 296
218 235
219 224
219 280
220 229
220 238
220 242
220 275
222 272
223 292
224 233
229 299
230 291
233 260
234 301
235 269
236 283
237 273
237 287
239 245
239 249
239 283
239 287
239 297
239 309
241 293
241 296
242 260
242 298
242 303
245 283
246 258
249 272
249 287
249 290
249 292
249 299
251 287
258 276
258 288
260 309
260 313
261 272
263 291
264 275
265 307
266 276
266 296
267 284
267 303
269 285
270 310
272 291
273 281
273 287
277 288
286 296
287 309
288 302
288 304
288 315
290 305
