0 16
0 38
0 129
0 212
1 35
1 145
1 188
1 274
1 284
2 5
2 16
2 23
2 42
2 63
2 68
2 72
2 89
2 115
2 122
2 241
2 286
3 133
3 141
4 12
4 41
4 76
4 87
4 108
4 154
4 240
4 241
5 47
5 71
5 236
5 256
5 286
6 47
6 64
6 115
6 130
6 131
6 136
6 149
6 156
6 218
6 281
7 33
7 47
7 49
7 111
7 130
7 134
7 193
7 201
7 212
7 243
7 248
7 277
7 295
8 15
8 35
8 42
8 44
8 104
8 156
8 224
8 228
8 244
8 305
8 308
8 314
9 95
9 122
9 131
9 237
9 287
10 119
10 133
10 230
11 80
11 130
11 136
11 161
11 185
11 224
11 257
12 106
12 108
12 110
12 148
12 224
12 232
12 245
12 261
12 287
12 292
12 303
13 40
13 108
13 110
14 47
14 86
14 99
14 129
14 133
14 288
15 64
15 118
15 156
15 224
15 263
16 32
16 35
16 39
16 101
16 131
16 180
16 181
16 188
16 205
16 216
16 227
16 234
16 237
16 271
16 278
16 286
16 303
17 137
17 140
17 152
17 160
17 193
17 198
17 218
17 278
17 288
17 298
18 118
18 130
18 149
18 224
18 236
18 250
18 277
18 301
19 34
19 56
19 129
19 136
20 24
20 31
20 62
20 80
20 85
20 121
20 124
20 130
20 156
20 177
20 215
20 220
20 271
20 284
20 287
21 130
21 152
22 206
22 303
23 110
24 122
24 156
24 174
24 200
24 215
24 218
24 237
24 260
25 48
25 103
25 131
25 133
25 137
25 148
25 149
25 152
25 178
25 215
25 242
25 303
26 40
26 74
26 80
26 210
26 237
27 61
27 203
27 257
27 279
27 283
28 32
28 95
28 118
28 155
28 274
28 314
29 83
29 98
29 145
29 154
29 174
29 179
29 187
30 89
30 96
30 102
30 133
30 176
30 180
30 208
30 315
31 33
31 36
31 72
31 89
31 92
31 99
31 135
31 152
31 154
31 187
31 232
31 235
31 277
31 305
32 67
32 72
32 73
32 82
32 86
32 97
32 129
32 131
32 182
32 189
32 194
32 231
32 242
32 243
32 258
32 282
32 291
32 292
32 307
32 314
33 46
33 67
33 83
33 105
33 130
33 134
33 135
33 165
33 188
33 190
33 230
33 280
33 306
34 59
34 133
34 217
35 59
35 130
35 135
35 152
35 175
35 276
35 303
36 60
36 180
36 236
36 239
36 291
37 129
37 135
37 245
37 314
38 80
38 98
38 229
39 133
39 266
40 76
40 177
40 215
40 232
40 243
41 88
41 133
41 176
42 43
42 95
42 128
42 130
42 140
42 142
42 167
42 226
42 259
43 96
43 106
43 115
43 127
43 217
43 286
44 185
44 245
44 272
45 72
45 87
45 97
45 117
45 118
45 124
45 152
45 192
45 193
45 196
45 214
45 228
45 232
45 267
45 268
45 273
45 296
45 297
45 310
45 315
46 48
46 55
46 102
46 129
46 193
46 208
46 220
47 55
47 59
47 130
47 135
47 147
47 165
47 232
47 258
47 270
47 276
47 282
47 305
48 89
48 148
48 207
48 234
48 241
48 270
48 290
48 308
49 51
49 109
49 148
49 168
49 215
49 287
50 81
50 128
50 132
50 211
50 297
51 62
51 121
51 124
51 133
51 135
51 136
51 185
51 194
51 264
51 287
52 74
53 87
54 103
54 120
54 134
54 204
54 236
54 241
55 108
55 129
55 222
55 277
55 288
56 68
56 81
56 108
56 133
56 148
56 157
56 180
56 188
58 157
58 179
58 296
59 62
59 64
59 87
59 90
59 111
59 133
59 160
59 173
59 228
59 246
59 311
60 92
60 133
60 166
60 201
60 229
60 287
61 75
61 129
62 72
62 95
62 97
62 104
62 117
62 124
62 192
62 218
62 245
63 78
63 109
63 304
64 134
64 220
64 222
64 238
64 244
65 66
65 181
66 74
66 122
66 134
66 172
66 180
66 204
66 298
66 304
67 74
67 105
67 118
67 130
67 135
67 218
67 234
67 244
67 249
67 267
67 275
67 278
68 158
68 184
68 200
68 271
69 219
70 237
70 273
71 135
71 174
71 287
71 309
72 103
72 108
72 148
72 155
72 239
72 250
72 266
72 303
73 118
73 156
74 104
74 106
74 129
74 140
74 148
74 154
74 164
74 205
74 285
74 303
75 98
75 117
75 166
75 244
76 101
76 106
76 176
76 184
76 260
76 287
77 85
77 93
77 133
77 250
78 101
79 130
79 131
79 156
79 160
80 99
80 103
80 128
80 193
80 244
80 273
81 130
81 144
81 156
81 175
81 201
81 258
82 96
82 133
82 167
82 189
83 86
83 142
83 205
83 243
83 254
83 269
84 189
84 210
84 215
84 261
85 88
85 135
85 305
85 315
86 134
86 160
86 183
86 281
87 119
87 122
87 158
87 180
87 215
88 130
88 156
88 210
88 220
88 258
88 308
89 115
89 156
89 157
89 193
89 220
89 252
89 271
89 287
89 310
90 97
90 102
90 135
90 206
91 171
91 172
91 255
92 129
92 239
92 278
92 280
93 249
93 266
94 152
94 156
94 223
94 288
95 179
95 255
95 272
95 279
96 124
96 134
96 167
96 299
97 131
97 153
97 246
97 287
97 304
97 311
98 106
98 129
98 135
98 141
98 212
98 221
98 237
98 251
98 263
98 276
98 286
99 110
99 136
99 227
99 283
99 304
100 179
100 218
101 130
101 133
101 154
101 161
101 174
101 176
101 247
102 106
102 113
102 129
102 147
102 148
102 160
102 179
102 213
102 219
102 276
103 130
103 134
103 136
103 141
103 144
103 148
103 162
103 172
103 183
103 212
103 226
103 245
103 273
104 113
104 128
104 131
105 117
105 118
105 131
105 137
105 216
105 217
105 286
105 288
106 130
106 148
106 162
106 222
106 242
106 258
106 278
107 131
107 149
107 155
107 188
107 249
107 287
108 120
108 130
108 156
108 167
108 198
108 247
108 278
108 305
109 154
109 184
109 241
109 261
110 133
110 182
110 183
110 184
110 196
110 200
110 230
110 233
110 258
110 259
110 304
111 131
111 238
111 303
112 136
113 258
114 242
115 231
116 128
116 174
116 293
116 301
117 121
117 134
117 137
117 149
117 260
117 287
117 298
117 301
118 124
118 129
118 130
118 133
118 156
118 192
118 241
118 243
118 277
119 135
119 280
120 133
120 178
121 133
121 167
121 185
121 210
121 216
121 237
121 239
121 287
122 213
122 233
122 255
122 266
123 136
123 213
123 270
123 302
124 128
124 143
124 210
124 220
124 302
126 131
126 191
128 182
128 218
128 224
128 249
128 287
128 293
129 137
129 151
129 152
129 154
129 157
129 176
129 193
129 202
129 208
129 274
129 286
129 287
129 293
129 299
129 303
130 133
130 134
130 135
130 153
130 156
130 164
130 168
130 173
130 182
130 205
130 206
130 236
130 246
130 282
130 291
130 294
130 298
130 306
131 134
131 136
131 138
131 148
131 150
131 156
131 178
131 191
131 209
131 230
131 234
131 238
131 269
131 285
131 286
131 311
131 313
132 206
132 216
132 217
132 280
133 200
133 204
133 209
133 213
133 215
133 217
133 220
133 226
133 231
133 239
133 258
133 267
133 281
133 287
133 307
134 141
134 156
134 157
134 167
134 177
134 185
134 209
134 218
134 220
134 230
134 283
134 287
134 303
134 313
135 145
135 158
135 167
135 173
135 188
135 212
135 298
136 148
136 196
136 200
136 203
136 226
136 262
137 142
138 266
138 309
139 154
139 246
140 156
140 188
140 215
140 245
140 249
140 278
140 288
141 163
141 275
142 214
142 252
142 288
145 152
145 164
145 165
145 231
145 272
146 292
146 314
148 167
148 212
148 217
148 220
148 231
148 233
148 275
149 166
149 167
149 233
149 275
150 156
151 163
151 269
151 284
152 206
152 286
154 177
155 289
156 157
156 172
156 181
156 206
156 215
156 217
156 232
156 249
156 287
156 292
157 212
157 220
157 253
157 255
157 296
158 219
159 200
159 231
160 188
160 193
160 265
160 302
161 209
161 259
162 233
162 284
164 201
164 268
166 201
166 212
167 171
167 184
167 206
167 210
167 275
167 276
167 313
169 304
171 197
172 186
172 232
172 291
173 198
173 221
176 287
177 285
178 288
179 192
179 271
179 283
180 193
180 239
180 248
180 280
180 294
180 296
180 301
180 304
181 196
181 220
181 263
182 208
182 270
184 198
184 307
185 191
185 272
186 210
186 242
187 188
187 252
188 239
188 249
188 252
188 261
188 276
191 247
191 258
191 270
191 287
191 296
192 197
192 213
192 231
192 269
192 287
193 206
193 210
193 224
193 234
193 271
194 220
195 200
195 238
197 233
197 245
197 283
197 287
199 203
199 286
200 205
200 215
200 219
200 243
200 246
200 303
202 274
202 311
203 220
203 248
203 249
204 212
204 220
204 268
204 305
205 244
205 313
207 238
207 241
207 301
209 217
209 239
209 249
210 216
210 247
210 304
211 297
212 245
214 224
214 271
214 295
214 312
215 248
216 242
216 277
217 266
217 300
218 268
220 247
220 287
220 303
221 251
224 268
224 287
230 233
230 284
230 292
231 266
232 241
232 266
232 288
235 243
236 286
238 298
239 266
239 283
239 292
241 284
241 307
242 286
242 298
244 262
249 286
249 298
250 280
252 272
253 266
258 294
258 312
259 303
261 286
262 287
264 267
264 298
265 270
267 273
268 283
269 298
269 315
272 286
275 302
275 314
278 295
281 285
285 301
287 288
287 304
287 309
288 292
288 305
292 307
297 302
298 307
302 309
305 307
