0 96
0 156
1 75
1 85
1 131
1 157
1 167
1 185
1 213
1 267
1 291
2 33
2 59
2 72
2 76
2 99
2 108
2 110
2 129
2 134
2 138
2 154
2 176
2 188
2 206
2 219
2 225
2 235
2 287
3 89
3 223
4 8
4 64
4 66
4 310
5 105
5 174
5 278
6 29
6 84
6 103
6 135
6 137
6 216
6 275
7 11
7 15
7 184
7 197
7 221
7 232
7 234
7 247
7 248
8 28
8 33
8 38
8 44
8 76
8 110
8 130
8 134
8 135
8 156
8 167
8 193
8 199
8 204
8 206
8 231
8 232
8 239
8 242
8 269
8 282
8 296
9 103
9 137
9 148
9 218
10 14
10 95
10 238
10 287
11 59
11 67
11 127
11 177
11 200
12 92
12 114
12 128
12 129
12 133
12 134
12 156
12 260
13 28
13 104
13 118
13 129
13 134
13 205
13 212
13 263
13 288
13 293
14 59
14 75
14 135
14 151
14 180
14 234
15 47
15 133
15 156
15 167
15 205
15 246
16 20
16 47
16 61
16 110
16 117
16 147
16 161
16 170
16 173
16 184
16 191
16 193
16 200
16 213
16 215
16 233
16 261
16 291
17 26
17 46
17 62
17 124
17 189
17 193
17 255
17 288
18 120
18 130
18 242
18 246
19 95
19 131
19 136
19 168
20 29
20 118
20 131
20 158
20 166
20 204
20 234
20 244
20 265
20 266
21 61
21 63
21 79
21 130
21 223
22 168
23 146
23 227
24 74
24 76
24 85
24 134
24 154
24 162
24 220
24 233
24 239
24 308
25 40
25 41
25 67
25 94
25 117
25 130
25 138
25 200
25 205
25 214
25 298
25 310
26 131
27 63
27 121
27 131
27 146
27 266
28 32
28 101
28 133
28 211
28 228
28 290
29 32
29 50
29 59
29 67
29 98
29 134
29 171
29 249
29 284
30 161
30 185
30 211
31 75
31 81
31 124
31 129
31 131
31 135
31 141
31 156
31 190
31 193
31 196
31 242
31 269
31 275
31 284
32 91
32 97
32 180
32 182
32 188
32 212
32 230
32 249
32 271
32 310
33 56
33 65
33 74
33 101
33 130
33 139
33 147
33 179
33 180
33 211
33 241
33 243
33 275
33 288
34 198
34 279
35 40
35 88
35 89
35 139
36 80
36 118
36 159
36 161
36 243
36 271
36 275
36 305
37 66
37 158
37 172
38 68
38 120
38 122
38 287
38 298
38 314
39 216
39 296
40 49
40 225
41 64
41 84
41 108
41 136
41 177
41 224
41 288
42 64
42 67
42 160
42 220
43 98
43 125
43 132
43 156
43 239
44 138
44 252
44 273
44 309
45 46
45 50
45 58
45 70
45 93
45 126
45 140
45 171
45 205
45 220
45 277
45 286
46 59
46 74
46 97
46 131
46 196
46 217
46 279
46 309
47 70
47 87
47 124
47 134
47 136
47 215
48 66
48 133
48 148
48 153
48 266
49 52
49 92
49 103
49 152
49 161
49 255
50 130
50 135
50 174
50 180
50 191
50 193
50 239
50 250
50 285
51 83
51 124
51 135
51 156
51 258
51 284
51 288
51 292
52 115
52 135
52 210
52 230
53 212
54 124
54 132
54 182
54 206
54 207
55 195
55 288
56 200
56 268
56 301
57 73
57 99
57 177
57 242
58 129
58 201
58 283
58 304
59 201
59 212
59 224
59 257
60 100
60 105
60 112
60 133
60 148
60 171
60 174
60 199
60 239
60 248
61 106
61 131
61 157
61 162
61 193
61 215
61 308
62 79
62 102
62 106
62 135
62 160
62 208
63 75
63 86
63 123
63 129
64 67
64 98
64 124
64 134
64 138
64 181
64 219
64 220
64 241
64 242
64 250
64 269
65 94
65 193
65 224
66 121
66 130
66 133
67 172
67 200
67 263
67 285
68 89
68 105
68 131
68 135
68 264
69 133
69 144
69 156
69 249
69 298
70 187
71 118
71 313
72 97
72 129
72 244
73 76
73 100
73 232
73 246
73 261
74 97
74 100
74 174
74 193
74 217
74 237
74 301
75 99
75 118
75 182
75 252
75 309
76 80
76 191
76 225
76 289
77 102
77 136
77 287
78 101
78 133
78 195
78 200
78 309
79 88
79 118
79 121
79 131
79 148
79 152
79 199
79 239
80 81
80 85
80 135
80 161
80 233
80 249
80 287
81 154
81 242
81 249
81 268
81 283
81 309
83 135
83 138
83 157
83 284
83 288
83 314
85 102
85 107
85 111
85 115
85 129
85 213
85 249
85 291
86 146
86 276
86 285
87 103
87 133
87 188
87 215
87 286
88 101
88 214
88 224
88 259
88 272
88 276
89 110
89 268
89 287
90 149
90 164
90 210
91 133
91 140
91 185
92 97
92 99
92 101
92 131
92 136
92 242
92 254
93 131
94 104
94 194
94 270
94 293
95 132
95 156
95 159
95 164
96 102
96 107
96 133
96 287
97 240
98 104
98 132
98 134
98 152
98 158
98 159
98 163
98 180
98 181
98 255
98 287
99 135
99 156
99 182
99 268
99 285
99 291
100 181
101 130
101 191
101 295
102 122
102 142
102 148
102 206
102 214
102 237
102 285
103 114
103 117
103 124
103 130
103 133
103 134
103 135
103 191
103 224
103 233
103 241
103 268
103 271
103 286
103 308
104 118
104 129
104 163
104 174
104 207
104 217
104 230
105 110
105 246
105 264
105 281
106 134
106 264
107 133
107 153
107 156
107 192
107 304
108 117
108 131
108 134
108 145
108 189
108 258
109 153
109 247
110 130
110 157
110 179
110 224
110 303
111 199
111 220
111 227
111 229
111 242
112 179
112 230
113 287
114 123
114 129
114 136
114 221
114 253
114 281
116 139
116 156
117 120
117 133
117 202
118 130
118 131
118 165
118 180
118 223
118 245
118 249
118 267
119 272
120 145
121 130
121 247
121 288
122 148
122 185
122 221
122 239
122 251
122 268
122 286
123 129
123 135
123 156
123 244
124 129
124 130
124 131
124 133
124 135
124 136
124 167
124 175
124 208
124 219
124 288
124 308
125 190
126 220
127 133
127 136
127 156
127 249
127 295
127 301
127 304
128 159
128 191
128 200
128 234
128 239
129 133
129 135
129 138
129 140
129 145
129 156
129 157
129 171
129 173
129 174
129 187
129 188
129 192
129 202
129 217
129 240
129 244
129 284
129 287
129 302
130 133
130 140
130 156
130 161
130 167
130 180
130 200
130 201
130 205
130 210
130 232
130 234
130 243
130 249
130 252
130 264
130 275
130 303
130 305
130 311
131 135
131 140
131 143
131 154
131 157
131 167
131 173
131 191
131 197
131 200
131 232
131 244
131 245
131 246
131 272
131 288
131 297
131 298
132 174
132 231
133 134
133 140
133 148
133 156
133 166
133 167
133 168
133 172
133 177
133 191
133 220
133 222
133 238
133 268
133 272
133 284
133 303
134 135
134 136
134 148
134 149
134 156
134 163
134 167
134 186
134 187
134 212
134 220
134 230
134 278
134 282
135 141
135 149
135 165
135 169
135 172
135 175
135 192
135 193
135 194
135 195
135 197
135 211
135 219
135 264
135 280
135 309
135 312
135 313
136 148
136 233
136 241
136 262
136 263
136 285
136 286
136 310
138 149
138 152
138 158
138 242
138 269
138 286
139 162
139 260
139 296
139 303
140 154
140 205
140 219
141 194
142 214
142 217
142 308
143 218
144 217
144 242
144 263
144 304
145 192
145 207
145 260
146 220
146 249
147 182
147 240
147 277
148 179
148 212
148 225
148 241
149 172
149 202
149 277
149 301
149 303
150 249
150 271
152 185
152 216
152 234
152 288
153 162
154 181
154 214
155 176
156 178
156 179
156 188
156 206
156 210
156 213
156 220
156 231
156 235
156 242
156 258
156 264
156 286
156 305
157 161
157 189
157 227
157 232
157 242
157 311
158 309
159 288
160 180
160 188
160 208
160 211
160 283
160 284
160 286
162 252
162 278
163 307
164 200
164 220
164 275
165 224
166 266
167 189
167 218
167 229
167 233
167 239
167 241
167 246
167 264
167 274
167 285
167 287
167 293
167 305
169 192
169 239
169 275
171 219
172 206
173 302
174 198
174 233
174 303
177 234
178 194
179 202
179 242
179 304
179 309
180 201
180 206
180 220
180 232
180 262
180 269
180 275
180 287
180 303
181 206
184 202
184 205
188 210
188 251
190 240
192 239
193 196
193 220
193 290
193 298
194 258
194 294
196 208
196 258
196 287
197 202
200 214
200 249
200 278
200 283
200 284
200 286
200 287
200 313
200 315
201 205
202 229
202 286
204 247
204 300
205 254
205 293
206 249
207 283
207 309
208 232
208 283
209 241
210 224
210 242
210 283
210 284
210 286
210 287
211 267
211 287
211 307
212 242
212 276
213 278
214 295
215 230
216 264
216 286
217 249
217 283
217 288
218 276
218 296
218 313
219 239
220 256
223 301
224 257
224 293
224 298
226 272
227 296
229 230
229 250
229 278
230 281
231 293
232 303
232 309
233 286
233 301
234 258
236 242
239 242
239 264
239 298
240 294
241 246
241 249
241 305
242 249
244 313
245 268
246 272
249 272
249 273
249 274
249 301
249 314
250 259
257 276
260 288
260 303
262 290
263 293
268 286
271 303
271 304
272 312
273 287
273 297
274 278
277 288
278 283
280 288
281 287
281 312
283 290
284 286
285 305
287 293
299 309
301 306
