0 202
1 19
1 120
1 209
1 244
2 8
2 16
2 25
2 61
2 98
2 104
2 117
2 124
2 130
2 131
2 134
2 142
2 147
2 154
2 162
2 202
2 214
2 242
2 244
2 250
2 284
2 288
3 135
4 8
4 65
4 196
4 286
4 300
5 9
5 10
5 44
5 62
5 68
5 130
5 131
5 180
5 197
5 288
6 16
6 148
6 178
6 185
6 206
6 214
6 242
6 293
7 15
7 20
7 42
7 50
7 110
7 133
7 156
7 159
7 174
7 184
7 191
7 224
7 231
7 232
7 239
7 258
7 272
8 57
8 79
8 80
8 134
8 136
8 145
8 161
8 172
8 199
8 210
8 243
8 287
8 288
9 32
9 46
9 77
9 133
9 136
9 167
9 193
9 260
10 59
10 104
10 158
10 215
10 242
10 276
10 281
11 13
11 55
11 61
11 239
11 286
12 33
12 67
12 75
12 105
12 112
12 130
12 167
12 287
13 28
13 46
13 81
13 130
13 149
13 172
13 308
14 30
14 53
14 128
14 161
14 230
14 241
14 287
15 39
15 45
15 131
15 219
15 227
15 239
15 243
15 272
16 46
16 61
16 80
16 87
16 89
16 101
16 113
16 121
16 124
16 130
16 134
16 144
16 167
16 177
16 192
16 258
16 278
16 287
17 46
17 124
18 20
18 28
18 39
18 103
18 116
18 117
18 129
18 134
18 197
18 251
19 134
19 174
19 180
19 188
19 252
20 25
20 112
20 152
20 156
20 227
20 232
20 269
20 291
21 54
21 97
21 118
21 122
21 129
21 131
21 134
21 149
21 204
21 212
22 73
22 131
22 133
22 167
22 288
23 46
23 162
23 164
23 211
23 216
23 220
23 239
23 258
23 277
23 312
24 55
24 67
24 121
24 122
24 242
24 296
25 40
25 66
25 75
25 77
25 87
25 131
25 136
25 231
25 279
25 298
25 303
26 51
27 92
27 118
27 181
27 270
27 315
28 45
28 76
28 78
28 92
28 118
28 122
28 135
29 37
29 47
29 103
29 107
29 171
29 201
29 215
29 265
29 266
30 248
31 51
31 67
31 76
31 103
31 129
31 151
31 172
31 174
31 180
31 193
31 200
31 210
31 216
31 219
31 303
32 37
32 42
32 45
32 51
32 104
32 130
32 152
32 195
32 210
32 224
32 239
32 268
32 309
33 39
33 56
33 71
33 74
33 77
33 105
33 109
33 129
33 178
33 276
33 285
34 60
34 75
34 134
34 135
34 156
34 167
34 290
35 59
35 69
35 91
35 156
35 223
36 86
36 218
37 43
37 77
37 115
37 122
37 135
37 220
37 286
37 301
38 46
38 121
38 133
38 220
38 305
39 88
39 134
39 167
39 199
39 224
39 276
40 58
40 71
40 74
40 110
40 134
40 161
40 176
40 226
40 284
40 305
41 106
41 129
41 131
41 133
41 159
42 132
42 133
42 157
42 192
43 115
43 167
43 200
43 231
44 49
44 133
44 135
44 138
44 193
45 51
45 64
45 74
45 102
45 118
45 119
45 133
45 145
45 158
45 166
45 167
45 211
45 215
45 216
45 264
45 292
46 62
46 64
46 91
46 102
46 103
46 132
46 181
46 205
46 233
46 244
46 287
47 59
47 200
47 221
47 249
47 258
47 286
47 302
47 305
47 314
48 184
48 185
49 75
49 85
49 131
49 134
49 148
49 173
49 180
49 243
49 287
50 102
50 148
50 179
50 181
50 213
50 308
51 119
51 129
51 159
51 220
51 295
52 129
52 154
52 228
52 287
53 156
53 196
53 305
54 58
54 78
54 80
54 136
54 142
54 181
54 193
54 220
55 216
55 239
55 255
56 133
56 185
56 214
56 245
56 275
56 286
56 312
57 136
57 242
58 167
59 60
59 117
59 123
59 131
59 140
59 193
59 305
60 79
60 96
60 133
60 156
60 206
60 230
60 231
60 243
60 275
60 283
60 288
61 69
61 75
61 115
61 144
61 210
61 234
61 264
62 66
62 118
62 188
62 232
62 288
63 134
63 242
64 86
64 103
64 133
64 140
64 154
64 200
64 288
65 129
67 103
67 115
67 167
67 247
67 252
68 97
68 122
68 133
68 134
68 136
68 157
69 129
69 133
69 137
69 157
69 166
69 167
69 249
70 107
71 76
71 110
71 131
71 133
71 142
71 196
71 238
71 292
72 180
72 219
72 287
73 84
73 156
73 180
73 197
73 220
73 254
73 276
73 305
74 135
74 185
74 224
74 228
74 234
74 279
74 280
74 286
74 305
74 314
75 103
75 107
75 111
75 131
75 134
75 191
75 205
75 248
75 264
75 290
76 79
76 159
77 119
77 129
77 130
77 156
77 301
78 133
78 138
78 216
79 117
79 136
79 252
80 85
80 161
80 167
80 181
80 201
80 211
80 286
80 287
80 288
81 123
81 185
81 209
81 216
81 276
81 307
83 131
83 145
83 158
83 162
83 205
83 215
84 132
84 272
85 105
85 131
85 151
85 179
86 152
86 201
86 249
87 107
87 131
87 133
87 135
87 169
87 188
87 241
87 288
87 305
88 107
88 193
88 210
88 279
88 292
88 294
89 103
89 129
89 149
89 171
89 248
90 220
90 284
91 287
91 288
91 314
92 110
92 140
92 175
92 213
92 235
92 247
92 288
95 105
95 283
95 285
95 298
96 133
96 149
96 160
96 224
96 244
97 124
97 131
97 135
97 175
97 305
98 120
98 124
98 192
98 249
98 314
99 130
99 279
99 290
100 177
100 228
101 122
101 157
101 172
101 185
101 226
102 118
102 133
102 136
102 156
102 179
102 199
102 241
103 109
103 121
103 129
103 145
103 177
103 182
103 211
103 238
103 286
103 294
104 118
104 136
104 186
104 220
104 292
105 133
106 118
106 135
106 137
106 140
106 201
106 283
106 285
106 307
107 135
107 216
107 223
107 260
107 269
107 296
108 130
108 131
108 163
108 227
108 270
109 123
109 130
109 131
109 172
109 259
110 135
110 136
110 138
110 153
110 200
110 220
110 301
111 220
113 138
113 185
114 148
114 152
114 239
114 273
115 139
115 153
115 161
115 247
116 129
116 220
116 276
116 285
117 118
117 129
117 133
117 205
117 233
117 277
118 124
118 130
118 148
118 157
118 163
118 165
118 249
118 261
118 287
118 297
118 315
119 136
120 182
120 284
121 127
121 206
121 230
121 306
122 135
122 173
122 224
122 273
122 292
123 196
123 286
124 129
124 130
124 135
124 163
124 177
124 228
124 238
124 273
124 287
124 299
125 161
125 255
125 257
126 230
127 164
127 185
127 223
128 135
128 142
128 217
128 237
129 131
129 133
129 142
129 179
129 180
129 187
129 201
129 216
129 248
129 265
129 266
129 270
129 279
129 287
129 303
129 305
129 310
130 131
130 153
130 157
130 167
130 172
130 185
130 196
130 249
130 265
130 269
130 280
130 281
130 291
130 298
130 308
131 133
131 134
131 136
131 139
131 152
131 154
131 162
131 180
131 193
131 196
131 205
131 210
131 213
131 216
131 217
131 238
131 284
131 301
132 148
133 139
133 140
133 149
133 175
133 184
133 190
133 192
133 208
133 209
133 210
133 214
133 215
133 220
133 221
133 241
133 279
133 280
133 285
134 136
134 158
134 159
134 169
134 180
134 196
134 202
134 204
134 206
134 212
134 215
134 221
134 224
134 234
134 255
134 273
134 276
134 305
135 149
135 175
135 181
135 184
135 206
135 210
135 225
135 229
135 242
135 272
135 285
135 297
135 307
135 313
136 149
136 160
136 179
136 196
136 202
136 205
136 206
136 214
136 231
136 239
136 286
136 288
137 193
137 202
137 304
138 150
138 261
138 275
138 278
139 193
139 290
140 156
140 205
140 215
140 238
140 246
142 160
142 191
142 239
143 158
144 269
144 284
145 148
145 151
145 161
145 166
145 212
145 240
145 258
145 268
145 271
145 287
145 304
147 148
147 156
148 180
148 196
148 206
148 240
148 241
148 276
148 305
149 179
149 238
149 279
149 287
150 156
150 184
150 252
150 258
151 156
151 171
151 242
152 156
152 188
152 200
152 235
152 266
152 286
153 166
153 186
154 164
154 188
154 252
154 304
155 292
156 165
156 188
156 223
156 259
156 280
156 286
156 288
156 293
157 189
157 200
157 219
157 278
157 315
158 188
158 305
160 262
161 209
161 215
161 298
161 313
164 191
164 215
164 241
164 252
164 275
164 279
164 286
166 249
167 207
167 234
167 250
167 258
168 305
169 290
171 273
172 193
172 199
173 201
173 202
173 206
173 227
177 180
177 205
177 249
178 269
179 180
179 239
180 190
180 233
180 242
180 286
180 306
181 206
181 249
181 287
181 290
182 200
182 272
182 301
183 224
184 220
184 263
185 258
185 265
188 204
188 206
188 242
188 245
188 249
188 276
188 277
188 296
189 307
191 206
191 211
191 269
191 292
192 234
192 239
193 258
193 260
193 276
193 295
194 273
195 228
196 206
196 237
197 286
198 230
199 288
200 208
200 249
200 273
200 281
200 305
201 288
202 209
203 214
203 249
204 265
204 287
204 298
205 213
205 223
205 239
205 244
205 278
206 210
206 215
206 217
206 235
206 241
206 299
206 304
209 294
210 233
210 244
210 249
210 278
211 244
212 231
212 286
213 220
213 304
213 307
215 232
215 257
215 286
216 220
216 264
217 259
217 311
218 258
218 287
218 305
219 258
220 284
220 315
223 255
223 287
224 249
224 257
227 228
227 275
227 279
228 288
229 269
229 275
229 283
230 258
231 293
231 303
232 288
233 285
233 286
237 286
238 242
238 305
239 249
239 305
241 284
242 244
242 282
242 286
243 261
243 290
246 258
249 271
249 279
249 280
249 287
251 271
252 265
252 305
254 309
255 298
257 266
258 292
258 293
260 276
261 269
261 288
263 272
263 283
263 285
265 269
267 272
269 272
271 286
271 304
272 287
272 296
272 313
275 288
276 287
278 287
279 283
279 287
280 287
285 287
285 288
286 288
286 311
287 307
290 296
293 303
306 312
