0 74
0 95
0 137
0 140
0 144
0 159
1 34
1 45
1 68
1 91
1 114
1 249
2 13
2 15
2 37
2 104
2 114
2 130
2 131
2 133
2 151
2 157
2 193
2 201
2 204
2 213
2 231
2 246
2 249
2 258
2 261
2 276
2 312
2 314
3 55
3 268
3 285
4 40
4 98
4 133
4 167
4 200
4 246
4 286
5 16
5 21
5 74
5 77
5 79
5 113
5 131
5 241
6 20
6 98
6 134
6 156
6 160
6 180
6 241
6 309
7 11
7 67
7 80
7 103
7 106
7 118
7 129
7 144
7 195
7 201
7 207
7 216
7 224
7 249
7 288
7 314
8 17
8 38
8 72
8 90
8 107
8 117
8 134
8 156
8 188
8 208
8 214
8 226
8 265
9 68
9 79
9 89
9 191
9 223
9 249
9 304
9 306
10 69
10 118
10 134
10 272
11 25
11 188
12 27
12 37
12 87
12 94
12 97
12 136
12 141
12 162
12 179
12 184
12 187
12 201
12 224
12 226
12 283
13 72
13 104
13 121
13 129
13 134
13 137
13 205
13 215
14 31
14 81
14 83
14 92
14 94
14 121
14 190
14 197
14 279
15 56
15 60
15 106
15 130
15 168
15 191
15 267
15 315
16 37
16 49
16 55
16 68
16 74
16 174
16 176
16 200
16 238
16 246
16 265
16 293
16 296
17 59
17 124
17 135
17 159
17 232
17 243
18 25
18 46
18 48
18 97
18 129
18 167
18 191
18 236
18 247
18 263
18 283
18 291
19 35
19 67
19 135
19 230
19 287
20 92
20 98
20 125
20 126
20 133
20 173
20 206
20 210
20 220
20 228
20 275
21 72
21 145
21 266
22 131
22 304
23 71
23 213
23 275
24 101
24 125
24 269
25 75
25 80
25 104
25 159
25 206
25 224
25 240
25 251
25 262
25 263
25 266
25 312
26 148
26 159
26 164
27 29
27 42
27 59
27 64
27 135
27 193
27 210
28 53
28 156
28 159
28 200
28 257
28 292
28 309
29 47
29 105
29 156
30 118
30 129
30 255
30 311
31 34
31 46
31 50
31 59
31 79
31 84
31 134
31 167
31 188
31 193
31 200
31 223
31 237
31 249
32 38
32 53
32 117
32 133
32 135
32 140
32 174
32 195
32 219
32 241
32 245
32 263
32 271
32 281
32 287
32 302
32 303
33 41
33 63
33 72
33 80
33 89
33 103
33 126
33 133
33 134
33 135
33 155
33 156
33 160
33 217
33 238
33 242
33 248
33 273
33 286
34 39
34 68
34 77
34 129
34 131
34 161
34 200
34 202
34 269
34 284
34 291
35 80
35 104
35 131
35 141
35 159
35 243
35 259
35 286
35 305
36 94
36 167
36 287
37 288
38 49
38 52
38 128
38 164
38 206
38 218
38 220
38 283
38 287
39 101
39 131
39 152
39 213
39 240
39 275
40 156
40 161
40 214
40 260
40 290
40 309
41 46
41 114
41 133
41 197
41 208
41 232
41 249
42 66
42 94
42 122
42 130
42 142
42 204
42 230
42 238
42 241
43 80
43 90
43 92
43 104
43 148
43 149
44 68
44 129
44 220
44 272
44 279
44 287
45 64
45 121
45 128
45 136
45 192
45 212
45 215
45 217
45 249
45 298
46 83
46 95
46 102
46 106
46 158
46 184
46 195
46 219
46 241
46 266
47 103
47 104
47 122
47 129
47 202
47 229
47 241
47 250
47 304
47 305
48 84
48 110
48 199
49 61
49 95
49 172
49 290
50 75
50 96
50 118
50 127
50 180
50 279
50 290
51 57
51 86
51 133
51 147
51 153
51 204
51 248
51 288
52 140
52 173
52 179
53 252
54 286
55 66
55 85
55 129
55 157
55 288
56 87
56 94
56 118
56 122
58 79
58 130
58 184
58 258
59 64
59 67
59 79
59 92
59 117
59 132
59 135
59 224
60 112
60 129
60 136
60 157
60 180
60 193
60 216
60 292
60 304
61 118
61 130
61 214
61 252
61 305
62 89
62 111
62 129
62 130
62 133
62 149
62 167
62 200
62 210
62 256
62 287
64 124
64 134
64 149
64 195
64 219
64 224
64 267
65 145
65 161
65 209
65 243
66 126
66 156
66 174
66 188
67 73
67 103
67 129
67 152
67 164
67 200
67 215
67 230
67 264
68 130
68 131
68 156
68 206
68 236
69 121
69 135
69 190
69 196
69 239
69 249
69 279
70 98
70 117
70 217
70 313
71 97
71 118
71 133
71 201
71 215
72 97
72 151
73 81
73 97
73 101
73 104
73 122
73 209
74 124
74 134
74 152
74 156
74 160
74 174
74 201
74 240
74 241
74 258
74 269
75 85
75 88
75 95
75 96
75 97
75 102
75 124
75 131
75 136
75 193
75 224
75 283
76 145
77 133
77 214
77 237
77 258
77 265
79 84
79 137
79 164
79 166
79 188
79 227
79 276
80 128
80 134
80 136
80 157
80 167
80 181
80 199
80 200
80 231
80 241
81 152
81 177
81 298
83 120
83 148
83 206
83 220
83 242
84 261
85 132
85 134
85 138
85 142
85 145
85 210
85 276
86 101
86 131
86 136
86 138
86 191
87 157
87 206
87 249
87 275
87 287
87 307
88 129
88 181
88 184
88 278
89 127
89 146
89 165
89 223
89 239
90 107
90 156
90 211
90 217
90 220
90 290
91 103
91 126
91 200
91 296
92 107
92 138
92 140
92 188
92 197
92 281
93 205
93 213
94 124
94 130
94 134
94 135
94 148
94 167
94 193
95 118
95 131
95 197
95 257
95 285
96 120
96 133
96 179
97 98
97 156
97 181
97 184
97 192
97 205
97 240
97 305
98 110
98 129
98 136
98 140
98 143
98 219
98 258
98 259
98 272
99 267
100 204
101 131
101 173
101 190
101 195
101 285
101 291
102 166
102 196
102 200
102 213
102 245
102 278
102 308
103 129
103 136
103 174
103 177
103 206
103 216
103 296
103 310
103 311
104 129
104 136
104 151
104 161
104 167
104 181
104 233
104 299
104 300
104 303
105 124
105 133
105 213
105 284
105 286
106 115
106 133
106 156
106 159
106 190
106 241
106 286
107 166
107 167
108 131
108 286
108 288
108 308
109 137
109 271
110 136
110 167
110 193
111 156
111 286
112 159
112 296
114 158
114 238
114 252
115 130
115 134
115 180
116 222
116 229
117 162
117 193
117 239
118 128
118 167
118 179
118 209
118 229
118 276
119 196
120 134
120 156
120 158
120 180
120 188
120 225
120 233
120 249
121 155
121 267
121 279
121 304
122 131
122 139
122 224
122 259
122 269
123 132
123 137
123 286
124 148
124 156
124 195
124 227
124 257
124 261
124 291
124 298
124 302
124 304
125 200
125 230
127 196
128 210
128 285
129 134
129 136
129 145
129 148
129 152
129 184
129 196
129 206
129 208
129 219
129 220
129 223
129 228
129 250
129 263
129 267
129 269
129 274
129 308
129 313
130 131
130 134
130 135
130 136
130 146
130 148
130 153
130 157
130 167
130 171
130 193
130 204
130 216
130 219
130 230
130 234
130 235
130 238
130 249
130 259
130 280
130 294
131 133
131 144
131 148
131 164
131 173
131 179
131 211
131 215
131 223
131 238
131 239
131 268
131 275
131 288
132 139
132 160
133 134
133 148
133 155
133 156
133 157
133 176
133 193
133 216
133 243
133 265
133 274
133 287
133 303
133 313
134 135
134 140
134 145
134 148
134 156
134 158
134 159
134 177
134 179
134 180
134 195
134 197
134 200
134 202
134 211
134 215
134 220
134 227
134 231
134 239
134 259
134 272
134 280
134 287
134 292
134 298
134 309
135 145
135 147
135 180
135 192
135 195
135 220
135 223
135 246
135 251
135 254
135 304
135 314
136 199
136 205
136 210
136 218
136 255
137 158
137 227
138 279
138 285
138 287
139 210
139 243
140 236
140 288
142 206
142 212
143 157
143 249
144 164
145 160
145 217
145 224
145 288
145 315
146 183
147 188
147 274
147 284
147 285
148 231
148 242
148 289
148 302
149 154
149 220
149 279
150 281
151 159
151 161
151 241
152 230
152 249
152 283
153 232
153 242
154 157
154 224
154 278
155 175
155 229
156 179
156 192
156 208
156 224
156 233
156 267
156 288
156 301
156 310
156 314
157 174
157 177
157 179
157 193
157 239
157 243
157 301
157 310
157 313
158 249
159 160
159 224
159 286
159 302
160 192
160 198
160 202
160 204
160 260
160 305
161 287
162 215
162 233
164 174
164 249
164 264
164 268
166 269
166 303
167 187
167 193
167 231
167 284
168 288
169 207
169 227
169 242
169 287
169 315
170 269
171 301
172 206
172 220
172 243
172 301
173 307
173 312
174 205
174 275
174 298
176 218
177 242
177 287
178 229
178 277
179 217
179 285
180 188
180 241
180 258
180 261
180 267
180 286
181 230
182 242
184 307
185 198
185 216
185 293
186 284
187 295
188 205
188 239
188 285
189 193
189 267
191 304
192 291
193 200
193 219
193 244
193 247
193 310
195 258
195 261
195 263
196 288
197 210
199 219
200 242
200 249
200 261
200 264
200 305
203 243
203 280
204 216
204 265
204 287
205 206
205 214
205 218
205 268
206 240
206 256
208 284
209 220
209 246
210 259
211 224
211 249
211 258
212 249
212 262
213 264
213 270
214 239
215 238
215 285
215 287
217 237
218 264
218 273
218 288
219 232
219 282
219 288
219 298
220 227
220 243
220 258
220 274
221 269
223 224
224 252
225 236
227 268
228 245
231 269
232 273
239 252
239 264
240 242
241 275
241 279
242 290
242 298
243 284
243 302
244 258
244 304
245 275
245 287
245 293
247 249
249 252
249 275
249 288
250 271
250 286
252 273
252 305
258 266
258 281
258 288
265 307
266 298
267 287
268 279
268 305
275 313
276 302
279 305
280 299
283 296
283 311
284 288
287 307
288 297
288 305
293 313
294 302
