0 215
1 45
1 110
1 172
1 215
2 6
2 59
2 133
2 146
2 185
2 260
2 273
2 303
3 48
3 68
3 134
3 135
3 160
3 215
3 232
4 51
4 76
4 224
4 266
4 288
4 294
5 23
5 37
5 67
5 130
5 133
5 136
5 148
5 156
5 248
5 263
5 291
6 16
6 61
6 134
6 208
6 211
6 302
6 303
7 16
7 31
7 32
7 36
7 49
7 76
7 102
7 156
7 159
7 167
7 208
7 210
7 211
7 220
7 223
7 224
7 239
7 256
7 257
7 310
8 16
8 19
8 32
8 33
8 93
8 108
8 124
8 129
8 133
8 135
8 154
8 156
8 157
8 180
8 191
8 217
8 233
8 255
8 264
8 292
9 135
9 137
9 166
9 240
9 305
10 97
10 269
11 21
11 33
11 118
11 241
11 288
12 51
12 98
12 172
12 216
12 293
13 33
13 122
13 151
13 157
13 217
13 248
13 272
13 288
14 17
14 25
14 43
14 69
14 140
14 252
14 287
15 56
15 100
15 120
15 132
15 135
15 136
15 157
15 231
15 260
15 275
15 286
15 291
15 297
16 36
16 46
16 75
16 81
16 87
16 89
16 91
16 124
16 130
16 131
16 132
16 140
16 160
16 162
16 173
16 174
16 179
16 184
16 186
16 208
16 211
16 218
16 220
16 235
16 286
16 289
17 89
17 156
17 213
17 267
17 304
18 23
18 87
18 92
18 105
18 107
18 122
18 131
18 200
18 252
18 293
19 70
19 97
19 200
19 206
19 245
20 29
20 30
20 64
20 102
20 130
20 162
20 180
20 271
20 288
21 28
21 30
21 98
21 106
21 135
21 167
21 272
22 67
23 156
24 132
24 135
24 303
25 40
25 64
25 77
25 102
25 103
25 109
25 133
25 136
25 140
25 156
25 180
25 198
25 205
25 206
25 225
25 231
25 261
26 305
27 49
27 180
27 209
27 220
27 274
28 54
28 62
28 78
28 85
28 104
28 117
28 122
28 258
28 303
29 80
30 43
30 55
30 110
30 220
31 36
31 37
31 42
31 43
31 46
31 92
31 118
31 125
31 131
31 134
31 152
31 180
31 182
31 211
31 221
31 260
31 290
32 43
32 51
32 55
32 78
32 88
32 97
32 121
32 130
32 134
32 140
32 143
32 157
32 204
32 214
32 221
32 233
32 252
32 260
32 275
32 296
33 39
33 59
33 72
33 91
33 104
33 107
33 144
33 145
33 152
33 206
33 218
33 232
33 236
33 287
33 297
33 305
33 314
34 101
34 117
34 121
34 129
34 193
34 200
34 298
35 36
35 129
35 148
35 160
35 188
35 230
36 99
36 157
36 210
36 212
37 46
37 59
37 105
37 124
37 133
37 224
38 148
38 151
38 156
39 127
39 146
40 139
40 205
40 288
41 61
41 69
41 80
41 95
41 129
41 192
41 201
41 302
42 110
42 118
42 120
42 152
42 180
42 258
43 82
43 224
44 136
45 51
45 53
45 98
45 135
45 142
45 156
45 180
45 200
45 219
45 224
45 240
45 241
45 244
46 74
46 101
46 122
46 130
46 227
46 291
47 60
47 101
47 108
47 129
47 132
47 160
47 232
47 249
47 311
48 93
48 122
48 135
48 152
48 160
48 231
48 246
49 50
49 62
49 154
49 159
49 171
49 185
49 260
49 284
50 67
50 129
50 140
50 201
50 288
51 60
51 75
51 133
51 224
51 287
52 231
52 286
54 138
55 74
55 96
55 133
56 80
56 103
56 130
56 148
56 211
56 223
57 83
57 115
57 219
57 295
58 117
58 127
59 73
59 89
59 134
59 136
59 174
59 185
59 200
59 233
59 237
59 251
59 260
59 283
59 290
60 78
60 106
60 134
60 148
60 172
60 201
60 220
60 238
60 278
60 302
61 161
61 272
62 86
62 135
62 147
62 166
62 252
62 272
63 133
63 180
63 298
64 124
64 128
64 134
64 135
64 176
64 188
64 249
64 286
65 160
65 188
66 123
66 136
66 220
66 230
66 249
67 69
67 83
67 94
67 119
67 127
67 129
67 139
67 193
67 206
67 286
67 302
68 96
68 118
68 138
68 152
68 186
68 249
68 256
69 76
69 122
69 124
69 248
69 265
70 252
71 142
71 167
71 307
72 217
73 76
73 124
73 217
73 218
73 240
73 248
73 287
73 298
74 78
74 96
74 102
74 104
74 136
74 152
74 160
74 242
74 255
74 274
75 78
75 136
75 226
75 229
75 231
76 117
76 129
76 157
76 159
76 168
76 238
76 252
76 303
77 97
77 165
77 174
77 247
78 151
78 269
79 122
79 133
79 135
79 159
79 280
80 134
80 180
80 188
80 233
80 287
81 103
81 211
82 94
82 232
82 257
82 263
83 198
84 136
84 210
84 232
84 235
85 90
85 151
85 180
85 241
85 252
85 258
86 230
87 135
87 152
87 156
87 172
87 192
87 219
87 220
87 274
88 113
88 121
88 140
88 150
88 157
88 212
88 265
88 273
88 275
88 315
89 105
89 118
89 158
89 272
89 273
90 109
90 224
91 134
91 156
92 102
92 118
92 124
92 128
92 133
92 172
92 246
92 275
93 163
94 164
94 220
94 224
94 303
95 106
95 271
95 276
96 140
97 180
97 209
97 239
97 243
97 245
97 285
98 131
98 133
98 136
98 148
98 245
98 296
99 148
99 220
99 279
99 304
101 110
101 205
101 241
102 125
102 134
102 144
102 152
102 233
102 243
102 245
102 249
102 260
102 287
102 288
102 307
103 120
103 122
103 124
103 136
103 157
103 193
103 233
103 242
103 275
103 315
104 107
104 129
104 156
104 167
104 181
104 210
104 234
105 143
105 184
105 201
105 287
106 123
106 134
106 235
106 280
107 130
107 132
107 145
107 194
107 222
107 287
107 298
108 156
108 166
108 167
108 185
108 242
109 131
109 266
109 275
110 133
110 138
110 148
110 210
110 217
110 249
110 287
110 311
111 249
112 129
112 144
112 179
112 188
112 286
113 156
113 180
114 134
114 167
114 191
115 132
115 135
115 136
115 179
115 193
115 233
116 238
117 129
117 261
117 278
118 143
118 210
118 218
118 256
118 284
118 293
119 158
119 260
119 266
120 131
120 287
121 130
121 133
121 160
121 188
121 236
121 242
121 249
121 269
122 129
122 134
122 252
122 266
122 287
122 307
123 156
123 191
123 211
123 287
123 298
124 133
124 134
124 149
124 156
124 162
124 172
124 206
124 280
124 285
124 299
125 131
126 258
127 135
127 233
127 246
127 249
127 267
128 129
128 135
128 147
128 157
128 175
128 190
128 220
128 313
129 130
129 140
129 142
129 152
129 159
129 160
129 172
129 180
129 191
129 201
129 203
129 208
129 215
129 220
129 231
129 233
129 241
129 285
129 287
129 304
129 305
130 131
130 133
130 150
130 156
130 168
130 169
130 181
130 190
130 205
130 222
130 261
130 263
130 277
130 283
130 284
130 293
130 297
131 134
131 135
131 140
131 156
131 160
131 177
131 184
131 197
131 200
131 202
131 205
131 224
131 242
131 253
131 264
131 276
131 283
132 135
132 210
133 137
133 154
133 156
133 166
133 188
133 218
133 233
133 247
133 260
133 278
133 287
133 315
134 135
134 137
134 153
134 156
134 180
134 193
134 194
134 200
134 209
134 210
134 222
134 223
134 235
134 252
134 275
134 276
134 301
134 315
135 143
135 206
135 210
135 213
135 217
135 258
135 260
135 271
135 286
135 288
135 311
136 149
136 180
136 188
136 194
136 200
136 210
136 243
136 268
136 269
136 286
136 288
136 315
137 251
137 294
137 295
137 314
138 156
138 288
139 153
139 230
140 187
140 220
140 279
142 156
142 295
143 287
144 185
145 146
145 156
145 193
145 212
145 281
145 286
147 220
147 253
148 157
148 180
148 210
148 252
148 256
148 258
148 284
149 153
149 194
149 234
149 249
149 277
149 307
150 220
152 156
152 180
152 214
152 233
152 239
152 315
153 204
153 288
154 210
154 273
155 262
156 157
156 211
156 215
156 234
156 238
156 241
156 251
156 252
156 276
156 298
156 301
157 184
157 191
157 218
157 231
157 235
157 276
157 305
158 260
158 287
159 288
160 162
160 191
160 206
160 269
161 276
162 167
162 191
162 218
162 233
162 288
163 240
164 210
164 225
164 242
164 298
165 201
165 253
166 214
167 199
167 215
167 242
167 248
167 249
167 258
167 285
167 292
167 297
167 300
167 304
168 239
168 244
169 259
170 185
170 210
171 276
172 293
173 243
174 185
174 228
174 229
174 244
174 284
177 232
177 305
178 197
178 276
178 287
179 215
179 224
179 229
179 276
179 315
180 212
180 229
180 249
180 271
180 279
180 288
181 182
181 185
181 187
181 215
181 224
181 266
184 303
185 275
187 233
188 224
189 217
189 291
189 314
191 221
191 260
193 200
193 239
193 260
193 271
193 286
194 195
194 279
195 224
195 240
195 313
196 227
197 258
197 295
200 224
200 249
200 269
200 287
201 212
203 288
204 263
205 210
205 268
206 249
207 232
208 287
210 214
212 237
212 241
213 229
214 215
215 223
215 229
215 254
216 278
216 288
217 222
217 229
217 238
218 241
219 239
219 246
219 296
219 305
221 230
221 272
222 249
222 290
224 248
224 255
224 310
224 311
225 259
226 245
226 264
227 231
228 232
230 242
231 236
231 294
231 304
232 239
232 274
232 313
233 239
233 255
233 283
234 287
234 307
235 266
237 280
237 302
238 249
238 255
238 301
239 241
239 274
239 286
241 292
242 287
243 288
245 246
248 260
249 253
258 273
258 315
259 270
259 275
264 270
264 278
267 283
267 286
267 293
268 299
269 293
269 311
272 275
273 298
275 298
280 287
286 289
287 309
290 296
298 308
301 308
302 313
