0 210
1 10
1 58
1 129
1 158
1 233
1 277
1 283
1 288
2 7
2 12
2 20
2 35
2 40
2 50
2 112
2 121
2 124
2 129
2 132
2 138
2 156
2 167
2 176
2 242
2 267
2 273
2 281
2 285
2 288
3 31
3 59
3 156
3 165
3 208
4 33
4 35
4 37
4 164
4 175
4 196
4 247
5 121
5 133
5 185
5 298
6 16
6 267
6 306
7 42
7 66
7 67
7 92
7 94
7 95
7 148
7 159
7 173
7 184
7 204
7 228
7 267
7 270
7 315
8 16
8 27
8 60
8 74
8 91
8 146
8 170
8 250
9 20
9 63
9 91
9 118
9 129
9 263
10 80
11 47
11 99
11 120
11 235
11 258
12 32
12 59
12 75
12 87
12 113
12 116
12 128
12 161
12 276
13 88
13 95
13 119
13 135
13 215
13 240
14 32
14 64
14 65
14 87
14 136
14 149
14 161
14 249
14 288
15 47
15 67
15 86
15 102
15 109
15 117
15 149
15 178
15 201
15 263
15 272
16 21
16 68
16 73
16 75
16 80
16 131
16 156
16 185
16 193
16 200
16 207
16 213
16 217
16 220
16 231
16 241
16 244
16 245
16 291
16 292
17 57
17 59
17 106
17 185
18 27
18 43
18 45
18 95
18 152
18 177
18 210
18 265
18 276
19 27
19 49
19 66
19 107
19 135
19 236
19 310
20 34
20 109
20 110
20 128
20 132
20 133
20 145
20 147
20 220
20 271
20 273
21 131
21 216
22 95
22 206
22 241
22 242
23 59
23 68
23 130
23 159
23 286
24 46
24 96
24 128
24 150
24 193
24 215
24 216
24 246
25 61
25 72
25 75
25 98
25 111
25 139
25 147
25 149
25 272
25 279
25 290
26 46
26 109
26 197
26 287
26 299
27 43
27 68
27 94
27 135
27 180
27 225
28 50
28 134
28 135
28 139
28 242
28 286
29 33
29 59
29 101
29 133
29 143
29 210
29 301
30 140
30 229
30 303
31 45
31 56
31 74
31 112
31 113
31 133
31 152
31 188
31 205
31 261
31 275
31 315
32 51
32 68
32 79
32 80
32 86
32 109
32 124
32 131
32 138
32 150
32 157
32 164
32 214
32 232
32 275
32 279
32 284
32 296
32 304
33 96
33 114
33 118
33 131
33 135
33 161
33 201
33 224
33 303
34 50
34 77
34 156
34 245
34 258
34 260
34 283
34 285
34 287
35 79
35 134
35 210
35 303
36 129
36 131
36 152
36 200
36 244
36 290
36 311
37 105
37 159
37 164
37 214
37 253
37 275
38 44
38 74
38 76
38 140
38 180
38 196
38 215
39 134
39 160
39 174
39 243
40 57
40 68
40 74
40 95
40 154
40 155
40 180
40 269
41 47
41 52
41 118
41 129
41 130
41 158
41 241
41 256
42 77
42 129
42 131
42 135
42 160
42 185
42 205
42 217
42 241
43 62
43 85
43 207
43 208
43 241
43 258
44 60
44 62
44 136
44 147
44 181
44 232
44 315
45 88
45 115
45 233
45 261
45 265
45 287
46 56
46 60
46 80
46 98
46 104
46 130
46 180
46 200
46 215
46 239
46 241
46 308
46 309
47 95
47 157
47 191
47 234
48 106
48 130
48 133
48 164
48 176
48 239
48 248
48 287
48 301
49 110
49 129
49 192
49 287
50 80
50 124
50 130
50 145
50 304
51 56
51 78
51 160
51 167
51 182
51 225
51 229
51 269
52 76
52 140
52 231
52 242
52 274
53 314
54 131
54 201
54 211
54 215
54 217
55 129
55 131
56 97
56 98
56 101
56 157
56 201
58 134
58 156
58 179
58 202
59 98
59 133
59 140
59 156
59 159
59 162
59 210
59 216
59 220
59 255
59 287
59 308
60 91
60 109
60 121
60 130
60 133
60 139
60 140
61 74
61 134
61 193
61 197
62 63
62 129
62 136
62 172
62 178
62 210
62 266
62 273
63 130
63 174
63 249
64 68
64 120
64 149
64 182
64 208
64 247
65 96
65 132
66 95
66 160
66 232
67 92
67 109
67 122
67 130
67 133
67 135
67 156
67 191
67 193
67 200
67 204
67 206
67 287
68 84
68 128
68 180
68 205
68 206
69 89
69 198
69 217
69 227
69 236
69 288
71 98
71 160
71 269
71 279
72 76
72 109
72 129
72 180
72 262
72 268
72 287
73 202
73 229
74 98
74 103
74 139
74 160
74 200
74 205
74 210
74 215
74 246
74 287
75 78
75 81
75 123
75 127
75 136
75 157
75 161
75 180
75 202
75 247
75 249
75 269
76 188
77 89
77 133
77 161
78 110
78 131
78 142
78 200
78 227
79 132
79 208
80 85
80 97
80 98
80 140
80 146
80 150
80 180
80 195
80 200
80 287
80 292
81 108
81 130
81 171
81 192
81 206
81 220
81 228
83 130
83 239
84 154
85 122
85 136
85 156
85 202
86 98
86 270
87 130
87 136
87 146
87 197
87 203
87 204
87 238
88 147
88 155
88 162
88 205
88 274
89 101
89 108
89 133
89 191
89 239
90 111
90 149
90 158
90 241
90 298
91 155
91 156
92 130
92 159
92 190
92 193
92 245
92 263
92 267
94 220
95 98
95 133
95 148
95 167
95 283
96 200
97 104
97 133
97 159
97 174
97 285
97 287
98 134
98 135
98 148
98 152
98 161
98 175
98 200
98 210
98 230
98 292
99 118
99 130
100 130
100 194
100 295
101 102
101 133
101 167
101 197
101 210
101 211
101 219
101 245
101 287
101 288
102 122
102 124
102 131
102 137
102 185
102 196
102 210
102 239
102 242
102 249
102 288
103 123
103 130
103 135
103 148
103 157
103 166
103 172
103 178
103 180
103 232
103 236
103 241
103 292
104 145
104 195
104 288
105 118
105 131
105 141
105 200
105 210
105 234
105 259
105 290
105 298
106 110
106 123
106 156
106 200
106 275
107 112
107 124
107 129
107 232
107 266
108 122
108 136
108 164
108 200
108 236
108 304
108 305
109 120
109 129
109 158
109 161
109 224
109 288
109 292
109 295
109 297
109 301
110 117
110 173
110 181
110 198
110 201
110 203
110 235
110 241
110 247
111 134
112 130
112 212
112 234
112 264
113 120
113 237
113 287
114 122
114 160
114 288
115 136
115 197
115 290
116 142
116 153
116 167
117 148
117 152
117 215
117 228
117 242
118 128
118 129
118 130
118 131
118 134
118 148
118 167
118 202
118 207
118 234
118 246
118 287
118 311
119 188
120 135
120 148
120 153
120 218
120 241
121 129
121 131
121 136
121 258
122 133
122 146
122 152
122 192
122 217
122 232
122 267
123 135
124 129
124 188
124 218
124 220
124 292
124 304
125 279
126 157
126 193
128 152
128 156
128 159
128 173
128 205
128 270
129 130
129 131
129 133
129 140
129 145
129 159
129 172
129 174
129 195
129 196
129 219
129 233
129 242
129 253
129 260
129 282
129 287
129 288
129 303
130 133
130 146
130 150
130 164
130 188
130 193
130 204
130 224
130 239
130 249
130 255
130 256
130 262
130 265
130 275
130 292
130 295
130 300
131 136
131 151
131 181
131 186
131 190
131 199
131 200
131 231
131 239
131 246
131 307
132 134
132 138
132 178
133 156
133 160
133 168
133 170
133 200
133 215
133 229
133 230
133 256
133 262
133 276
133 281
133 285
133 287
133 289
133 302
133 304
133 311
134 157
134 176
134 204
134 211
134 220
134 243
134 259
134 271
134 293
134 295
134 299
134 314
135 140
135 167
135 193
135 197
135 200
135 224
135 239
135 265
135 283
135 288
136 160
136 167
136 177
136 184
136 211
136 222
136 255
136 260
136 272
136 288
137 217
137 248
137 263
138 209
139 157
140 180
140 184
140 201
140 255
141 196
141 288
142 149
142 154
142 167
142 200
142 303
143 156
143 286
143 311
144 148
144 193
144 211
145 147
145 204
145 209
145 305
146 172
146 265
147 252
148 160
148 196
148 203
148 208
148 221
148 232
148 266
148 283
149 254
150 160
150 268
152 174
152 178
152 215
152 249
152 283
152 286
153 154
153 193
153 285
154 174
154 179
154 206
156 159
156 160
156 174
156 177
156 180
156 181
156 188
156 202
156 210
156 278
156 285
156 288
156 298
156 301
157 178
157 188
157 206
157 233
157 243
157 266
157 272
157 279
158 287
159 184
159 186
159 200
159 249
160 181
160 220
160 221
160 298
161 162
162 164
162 173
162 216
162 238
162 264
162 286
162 287
163 167
163 249
164 233
164 249
164 293
167 231
167 233
167 238
167 246
167 271
167 288
167 313
167 314
168 206
168 263
169 275
171 269
172 193
172 234
172 258
173 191
173 197
173 215
173 242
174 196
174 241
179 220
179 275
180 192
180 231
180 235
180 265
181 242
183 197
183 218
184 273
184 285
184 292
185 273
185 287
186 242
187 224
187 287
188 275
188 299
188 305
188 309
188 313
189 196
189 303
191 194
191 312
192 210
192 239
193 200
193 247
193 267
193 301
195 275
196 224
196 245
196 298
196 303
197 217
197 220
197 307
200 204
200 276
200 295
204 271
204 311
205 242
205 305
206 252
208 268
208 287
210 215
210 226
210 260
210 296
211 260
211 275
212 231
212 312
215 237
215 308
215 310
216 299
216 314
217 236
217 297
218 249
218 288
219 221
219 298
220 227
220 229
220 235
220 255
220 260
220 285
222 287
223 261
224 259
224 284
224 288
224 298
226 244
226 273
227 269
228 238
229 286
230 261
230 272
230 290
231 287
231 298
232 302
234 301
238 242
239 284
239 292
240 274
241 311
242 261
242 287
245 247
245 276
247 268
247 271
247 287
247 299
248 305
248 314
249 283
249 303
255 276
255 296
256 271
256 286
257 291
258 275
259 260
261 280
265 285
268 284
273 296
273 298
275 294
276 287
287 298
288 305
301 304
302 309
