0 59
0 205
0 211
1 64
1 130
1 132
1 135
1 287
1 304
2 33
2 41
2 55
2 62
2 98
2 128
2 158
2 160
2 167
2 188
2 197
2 199
2 213
2 222
3 245
3 287
4 25
4 105
4 210
4 269
4 302
4 310
5 53
5 56
5 66
5 130
5 135
5 157
5 160
5 165
5 191
5 220
5 241
5 279
6 44
6 89
6 96
6 174
6 220
6 234
6 296
6 315
7 46
7 47
7 64
7 105
7 131
7 213
7 242
7 260
7 287
8 17
8 27
8 68
8 133
8 141
8 145
8 184
8 185
8 224
8 233
8 238
8 242
8 244
8 298
9 12
9 16
9 36
9 60
9 101
9 106
9 122
9 124
9 129
9 287
10 87
10 134
10 205
10 206
10 296
11 30
11 227
12 20
12 31
12 44
12 58
12 63
12 131
12 143
12 171
12 198
12 204
12 216
12 219
12 227
13 44
13 124
13 131
13 197
13 201
13 202
13 293
14 20
14 59
14 61
14 121
14 124
14 140
14 143
14 153
14 217
15 23
15 92
15 128
15 136
15 156
15 200
15 215
15 233
15 258
15 271
15 285
16 32
16 37
16 45
16 64
16 67
16 68
16 74
16 75
16 85
16 130
16 140
16 145
16 160
16 194
16 285
16 286
16 288
16 307
17 46
17 77
17 145
17 273
18 48
18 64
18 67
18 105
18 123
18 131
18 152
18 162
18 200
18 238
18 304
20 35
20 54
20 61
20 98
20 112
20 117
20 124
20 134
20 156
20 167
20 177
20 188
20 196
20 220
20 231
20 233
20 263
21 69
21 120
21 129
21 131
21 140
21 171
21 268
22 51
22 103
22 131
22 178
22 255
23 44
23 79
23 152
23 250
23 271
24 85
24 157
24 171
24 185
24 249
24 272
25 28
25 55
25 68
25 73
25 133
25 215
25 220
25 254
25 301
26 72
26 176
27 135
27 166
27 179
27 287
28 45
28 102
28 129
28 167
28 241
28 283
28 290
29 63
29 71
29 107
29 156
29 221
29 292
30 45
30 104
30 134
30 280
31 134
31 135
31 137
31 142
31 149
31 154
31 175
31 197
31 200
31 201
31 206
31 257
31 287
31 314
31 315
32 57
32 80
32 105
32 118
32 120
32 124
32 130
32 131
32 134
32 204
32 247
33 81
33 124
33 156
33 177
33 181
33 238
33 247
33 275
34 47
34 59
34 76
34 133
34 167
34 182
34 193
34 239
34 292
35 43
35 130
35 134
36 45
36 46
36 60
36 81
36 116
36 117
36 136
36 220
36 241
37 124
37 209
37 278
38 42
38 131
38 156
38 254
39 89
39 276
40 76
40 86
40 92
40 120
40 135
40 200
40 216
40 220
40 251
40 255
40 286
40 298
41 123
41 157
42 129
42 130
42 131
42 174
42 243
42 275
43 160
44 118
44 122
44 167
44 231
44 239
45 57
45 62
45 81
45 103
45 129
45 135
45 149
45 162
45 196
45 206
45 210
45 243
45 247
45 249
45 255
46 68
46 129
46 133
46 184
46 217
46 250
46 271
46 287
46 292
47 109
47 164
47 217
47 265
48 107
48 149
48 172
48 213
48 293
48 304
49 122
49 177
49 181
50 80
50 109
50 126
50 130
50 157
50 177
50 205
50 239
50 241
50 265
50 275
51 74
51 76
51 92
51 119
51 171
51 188
51 263
51 287
52 103
52 130
52 157
52 249
53 124
53 187
54 156
54 223
54 287
54 288
55 133
55 219
55 249
56 59
56 62
56 80
56 104
56 195
56 262
56 284
56 304
57 177
58 117
58 233
58 303
59 68
59 69
59 96
59 112
59 123
59 125
59 159
59 167
59 195
59 196
59 205
59 238
59 264
59 271
59 299
60 62
60 75
60 133
60 159
60 242
60 286
61 128
61 197
61 219
61 249
61 314
62 64
62 72
62 111
62 133
62 241
62 315
63 264
64 99
64 135
64 260
65 200
65 244
65 264
65 286
65 287
66 123
66 135
66 245
67 68
67 77
67 130
67 136
67 188
67 196
67 272
67 286
67 306
68 92
68 101
68 118
68 135
68 137
68 238
68 283
68 295
68 307
69 133
70 122
71 182
71 251
72 103
72 142
72 218
72 242
73 123
73 287
74 106
74 128
74 134
74 171
74 206
74 287
74 303
75 79
75 115
75 126
75 130
75 154
75 156
75 157
75 203
75 206
75 252
75 287
75 306
76 131
76 164
76 263
77 131
77 134
77 242
77 287
78 134
78 154
78 238
78 258
78 284
78 288
79 130
80 92
80 108
80 134
80 147
80 150
80 197
80 224
80 305
81 92
81 103
81 130
81 179
81 180
81 242
82 115
82 240
83 134
83 160
83 181
83 242
83 269
84 133
84 249
84 286
85 131
85 148
85 201
85 313
86 268
87 131
87 180
87 217
87 257
87 296
88 103
88 258
88 277
89 121
89 205
89 210
89 280
90 140
90 149
90 156
90 246
90 249
91 106
91 193
91 218
91 264
92 116
92 136
92 138
92 150
92 200
92 255
93 167
94 113
94 172
94 182
94 193
94 200
94 239
94 293
95 156
95 218
95 268
95 314
96 120
96 157
96 193
96 228
96 239
96 296
97 278
98 99
98 124
98 125
98 130
99 107
99 130
99 146
99 261
99 271
99 286
99 307
100 110
100 157
100 293
101 102
101 162
101 204
101 215
101 235
101 286
102 109
102 118
102 129
102 135
102 177
102 189
102 285
102 286
103 114
103 133
103 135
103 139
103 179
103 191
103 272
103 298
103 312
104 119
104 133
104 213
104 242
104 264
104 276
104 297
105 129
105 134
105 161
105 179
105 228
106 123
106 142
106 151
106 156
106 157
106 198
106 220
106 276
106 293
107 241
108 158
108 259
109 181
109 191
109 208
109 224
109 249
109 266
109 292
109 293
110 118
110 134
110 151
110 159
110 188
110 248
111 135
112 178
112 306
113 141
113 209
114 117
114 193
114 234
115 120
115 164
115 192
116 188
116 222
116 226
116 278
116 287
117 141
117 188
117 287
117 297
117 314
118 129
118 206
118 218
119 160
119 202
120 136
120 140
120 305
121 124
121 284
122 131
122 155
122 220
122 238
123 193
123 206
123 242
124 133
124 177
124 245
124 256
124 258
124 273
124 288
124 296
125 129
125 148
125 294
126 148
126 224
127 290
128 130
128 180
128 233
128 272
128 275
129 130
129 148
129 152
129 156
129 157
129 163
129 165
129 196
129 199
129 206
129 213
129 220
129 222
129 237
129 239
129 241
129 287
129 292
129 309
130 133
130 134
130 135
130 138
130 141
130 152
130 180
130 182
130 199
130 204
130 206
130 217
130 218
130 260
130 279
130 285
130 286
130 288
130 301
131 133
131 135
131 143
131 148
131 156
131 159
131 196
131 197
131 200
131 215
131 218
131 234
131 238
131 241
131 243
131 285
131 287
131 290
131 292
131 310
132 269
132 286
132 314
133 147
133 154
133 164
133 192
133 206
133 215
133 218
133 233
133 259
133 285
133 287
134 136
134 141
134 157
134 174
134 177
134 179
134 195
134 210
134 217
134 223
134 233
134 239
134 257
134 292
135 218
135 220
135 231
135 232
135 241
135 248
135 254
135 272
135 278
135 279
135 289
135 308
136 158
136 199
136 215
136 220
136 259
136 275
136 283
136 310
137 217
137 287
138 255
138 292
139 148
139 200
139 272
139 287
140 210
140 224
140 258
140 303
141 252
141 286
142 211
142 215
142 249
142 287
143 282
143 314
145 206
145 219
145 222
145 296
146 150
147 315
148 214
148 245
148 283
151 160
151 167
152 211
152 223
152 279
156 180
156 181
156 188
156 189
156 217
156 235
156 262
156 271
156 284
156 298
157 177
157 201
157 230
157 233
157 239
157 248
157 260
157 275
157 287
158 164
158 172
158 287
158 303
159 237
159 287
160 162
160 177
160 195
160 200
160 215
160 298
161 224
161 247
161 296
161 304
162 179
162 193
164 266
164 281
164 308
165 188
165 196
165 235
165 287
166 306
167 174
167 212
167 228
167 244
167 254
167 290
168 206
168 258
169 262
172 184
172 286
173 192
173 217
174 260
175 182
175 196
179 184
179 218
179 258
180 191
180 267
181 216
181 283
181 286
183 276
185 285
186 235
187 249
187 284
188 206
188 211
188 242
188 276
188 278
188 304
190 191
191 194
191 208
191 238
192 232
192 303
193 200
193 219
193 275
193 283
194 287
195 200
196 263
197 216
197 241
197 288
200 204
200 215
200 230
200 244
200 249
200 271
200 287
200 299
201 212
201 219
201 314
203 288
204 294
204 296
205 221
206 230
206 234
206 242
206 263
207 239
208 279
209 256
209 275
209 288
210 243
210 247
210 288
211 218
212 259
212 286
212 305
213 245
214 232
214 233
215 280
215 281
215 285
215 314
216 246
216 254
217 239
217 297
217 314
218 225
218 226
218 236
218 286
220 233
220 288
223 265
230 264
230 295
231 278
232 250
232 282
233 256
233 258
233 287
234 239
234 282
236 259
236 306
237 287
238 243
239 249
241 244
242 252
242 264
242 271
242 275
242 283
244 251
244 257
244 264
244 298
244 308
244 309
247 314
248 285
249 272
249 283
249 315
252 287
252 298
255 278
258 286
260 313
261 285
263 280
265 287
266 304
269 279
271 294
272 309
275 281
275 304
285 287
285 288
286 287
287 305
298 305
303 304
