0 88
0 124
0 168
1 22
1 34
1 97
1 227
1 229
1 260
2 18
2 33
2 88
2 108
2 117
2 130
2 135
2 140
2 160
2 167
2 174
2 180
2 199
2 213
2 229
2 269
2 288
2 308
3 120
3 133
3 145
3 235
4 31
4 133
4 135
4 143
4 251
5 13
5 32
5 74
5 152
5 181
5 208
5 209
6 33
6 259
7 11
7 24
7 43
7 45
7 52
7 105
7 108
7 134
7 151
7 167
7 180
7 201
7 223
7 238
7 244
7 285
7 310
8 16
8 18
8 29
8 60
8 64
8 67
8 92
8 105
8 109
8 124
8 131
8 134
8 156
8 159
8 210
8 214
8 239
8 291
8 304
8 314
9 17
9 39
9 192
9 215
9 227
9 244
9 258
9 293
10 24
10 41
10 99
10 104
10 149
10 210
11 37
11 82
11 233
11 285
12 17
12 95
12 112
12 205
12 266
12 287
12 304
13 30
13 56
13 90
13 117
13 162
13 231
13 238
13 248
13 288
13 305
14 30
14 40
14 124
14 129
14 133
14 225
14 279
15 16
15 76
15 80
15 118
15 144
15 157
15 163
15 167
15 171
15 221
15 232
15 287
15 305
16 28
16 29
16 34
16 35
16 46
16 47
16 50
16 105
16 127
16 134
16 135
16 137
16 147
16 149
16 152
16 157
16 191
16 215
16 228
16 230
16 240
16 241
16 242
16 249
16 269
16 287
16 313
17 39
17 89
17 241
17 259
18 80
19 131
20 32
20 59
20 116
20 129
20 130
20 131
20 279
21 31
21 200
21 227
23 129
23 138
23 207
23 210
24 76
24 124
24 128
24 156
24 239
25 33
25 57
25 77
25 92
25 108
25 130
25 132
25 135
25 148
25 269
26 91
27 56
27 83
27 95
27 213
27 243
28 106
28 140
28 180
28 188
28 195
28 197
28 220
28 239
28 255
28 272
28 309
29 47
29 110
29 131
29 176
29 181
29 216
29 287
30 31
30 32
30 89
30 129
30 193
30 266
31 64
31 86
31 108
31 130
31 138
31 178
31 210
31 231
31 247
31 249
31 277
32 55
32 74
32 92
32 102
32 121
32 134
32 149
32 157
32 172
32 220
32 223
32 230
32 238
32 239
32 256
32 263
32 268
32 273
32 293
32 313
33 68
33 79
33 106
33 129
33 130
33 271
34 164
34 197
35 42
35 62
35 104
35 107
35 130
35 135
36 67
36 104
36 134
36 142
36 158
36 161
36 177
36 296
36 300
37 109
37 129
37 149
37 201
37 269
37 287
37 315
38 62
38 148
38 258
38 287
39 110
39 219
39 252
39 301
39 308
40 98
40 129
40 130
40 144
40 201
40 246
40 292
41 47
41 51
41 73
41 131
41 156
41 208
41 255
41 298
42 89
42 122
42 135
42 167
42 241
42 275
43 51
43 64
43 74
43 214
43 287
44 57
44 70
44 134
44 145
44 188
44 283
45 56
45 92
45 101
45 106
45 133
45 148
45 156
45 202
45 229
45 265
45 290
45 295
46 59
46 64
46 75
46 79
46 80
46 81
46 130
46 160
46 241
46 301
47 134
47 156
47 160
47 179
48 94
48 118
48 124
48 276
48 281
49 53
49 80
49 133
49 167
49 188
49 192
49 226
49 230
49 239
49 298
49 304
50 74
50 133
50 137
50 210
50 288
51 76
51 122
51 128
51 133
51 248
51 305
52 61
52 112
52 200
52 297
54 60
54 92
54 116
54 133
54 172
54 210
54 266
54 287
55 80
55 111
55 129
55 149
55 232
55 267
55 305
56 78
56 87
56 193
56 249
56 268
57 210
57 288
58 246
58 255
58 285
59 67
59 108
59 127
59 130
59 137
59 167
59 196
59 211
59 213
59 223
60 104
60 136
60 160
60 178
60 180
60 193
60 200
60 243
60 252
60 266
60 304
62 117
62 133
62 172
62 180
62 185
62 210
62 245
62 255
62 274
63 129
63 224
64 133
64 134
64 199
64 232
65 135
66 104
66 238
67 75
67 129
67 134
67 142
67 150
67 237
67 239
67 258
67 266
67 278
67 288
68 103
68 130
68 227
68 241
68 261
68 263
68 276
68 287
69 231
70 143
70 239
70 308
70 315
71 103
72 130
72 133
72 140
72 176
72 180
72 200
72 287
73 115
73 131
73 245
73 251
73 276
73 286
74 81
74 131
74 134
74 201
74 258
74 273
75 91
75 117
75 120
75 133
75 226
75 304
75 310
76 117
76 166
76 188
76 267
77 150
77 222
77 223
77 304
78 124
78 130
78 157
78 197
79 102
79 111
79 147
79 213
79 305
80 97
80 131
80 229
80 272
80 286
80 300
81 181
81 225
81 265
81 287
82 149
83 91
83 94
83 103
83 129
84 156
85 103
85 120
85 131
85 157
85 161
85 165
85 180
85 196
85 258
85 267
86 195
86 283
87 130
87 156
87 177
87 206
87 239
88 193
88 243
89 206
89 239
89 241
89 287
90 124
90 267
90 292
91 118
91 122
91 162
92 136
92 210
92 281
93 110
94 130
94 206
94 252
94 290
95 141
95 180
95 241
96 104
96 108
96 118
96 156
96 174
97 130
97 131
97 138
97 156
97 223
97 286
98 120
98 133
98 160
98 181
98 187
98 224
98 249
98 287
99 114
99 121
99 135
99 305
100 158
101 171
101 181
101 283
101 308
102 131
102 162
102 180
102 241
102 275
103 124
103 131
103 149
103 160
103 179
103 180
103 182
103 210
103 217
103 223
103 224
103 244
103 303
104 111
104 134
104 224
104 234
104 307
105 109
105 202
105 287
106 135
106 137
106 148
106 236
107 124
107 136
107 209
108 131
108 157
108 210
108 243
108 258
108 286
108 292
109 121
109 167
109 192
109 249
109 266
109 286
109 307
110 125
110 179
110 227
110 241
110 280
110 288
111 227
112 131
112 143
112 232
112 287
114 286
115 180
115 280
115 307
116 131
116 232
117 130
117 135
117 142
117 156
117 168
117 232
117 242
117 275
117 277
117 288
117 294
117 298
117 307
118 138
118 180
118 200
118 210
118 218
118 241
118 260
118 277
118 282
118 283
118 287
118 295
119 269
119 278
120 134
120 266
120 285
120 315
121 160
121 191
121 199
121 210
121 213
121 247
122 179
122 226
122 231
122 271
122 302
122 314
123 133
123 217
124 131
124 185
124 194
124 205
124 207
124 208
124 219
124 224
124 264
124 287
124 295
125 134
126 253
127 135
127 290
127 304
128 130
128 159
128 165
128 279
128 298
129 133
129 134
129 135
129 150
129 161
129 162
129 193
129 204
129 213
129 218
129 219
129 242
129 271
129 276
129 286
129 288
129 303
129 305
130 131
130 133
130 135
130 167
130 180
130 181
130 198
130 231
130 247
130 249
130 271
130 272
130 289
130 305
131 133
131 136
131 167
131 179
131 180
131 190
131 214
131 215
131 216
131 219
131 224
131 247
131 255
131 268
131 273
131 276
131 288
131 308
132 172
133 135
133 145
133 148
133 158
133 173
133 176
133 178
133 192
133 219
133 232
133 239
133 247
133 285
133 293
134 136
134 139
134 141
134 148
134 149
134 151
134 188
134 191
134 205
134 224
134 232
135 148
135 152
135 162
135 167
135 199
135 200
135 241
135 249
135 250
135 261
135 284
135 285
136 149
136 156
136 159
136 173
136 199
136 201
136 219
136 235
136 239
136 283
136 287
137 174
138 142
138 242
138 291
139 286
140 200
140 235
140 286
142 167
143 249
145 167
145 238
145 293
145 298
148 155
148 211
148 224
148 234
148 237
148 247
148 278
149 184
149 255
149 296
150 188
150 193
151 205
152 181
152 189
152 220
153 158
153 208
156 160
156 167
156 189
156 200
156 220
156 228
156 232
156 252
156 258
156 265
156 272
156 276
156 278
156 287
156 288
157 195
157 202
157 213
157 236
157 239
157 264
157 296
157 305
158 284
158 298
160 164
160 175
160 284
160 292
160 312
161 252
164 259
165 218
166 180
166 276
167 169
167 231
167 258
167 266
168 232
171 304
172 188
173 218
173 242
174 224
174 272
175 258
175 280
175 283
177 180
177 263
177 290
179 197
179 266
179 288
179 292
180 197
180 200
180 288
180 312
181 202
181 223
181 285
181 305
183 208
184 195
184 270
185 233
185 258
185 310
187 238
188 202
188 265
188 273
188 274
188 284
188 293
188 294
188 309
191 203
191 205
191 212
191 269
191 273
192 205
192 215
192 275
193 213
193 215
193 228
193 304
194 259
196 315
197 220
197 286
200 206
200 210
200 232
200 238
200 266
200 291
201 209
201 255
201 271
202 231
203 242
205 210
205 272
205 305
206 221
206 223
206 238
206 243
208 298
209 211
209 236
209 292
210 215
211 246
214 217
214 238
215 302
216 257
216 307
217 262
217 304
218 231
218 246
219 241
220 287
220 300
220 305
222 249
224 303
228 293
231 241
231 249
231 258
231 273
232 284
232 297
236 254
239 247
239 284
240 288
241 249
241 299
242 287
244 258
247 275
247 298
249 283
249 286
252 267
254 272
258 286
258 290
260 265
261 270
263 287
265 296
266 272
266 298
266 303
268 301
268 310
272 303
272 314
276 283
276 286
277 287
277 307
278 279
280 288
281 286
282 285
282 287
285 286
285 293
286 289
288 290
290 314
292 313
296 313
298 313
299 304
310 314
