0 11
0 81
0 138
1 42
1 49
1 92
1 133
1 216
1 218
1 232
1 249
2 19
2 31
2 40
2 61
2 69
2 105
2 128
2 138
2 140
2 149
2 162
2 180
2 191
2 224
2 231
2 263
2 268
2 284
2 286
2 299
3 8
3 16
3 118
3 232
3 236
4 11
4 19
4 83
4 88
4 102
4 130
4 142
4 185
4 215
4 315
5 59
5 83
5 130
5 157
5 161
5 268
5 308
6 40
6 73
6 107
6 168
6 210
7 9
7 44
7 46
7 59
7 67
7 102
7 117
7 161
7 200
7 201
7 219
7 248
7 249
7 266
7 287
7 298
7 299
8 32
8 52
8 79
8 80
8 140
8 156
8 193
8 216
8 221
8 258
9 53
9 61
9 86
9 129
9 132
9 151
9 260
9 268
10 16
10 31
10 94
10 210
10 266
11 224
11 239
12 57
12 93
12 101
12 104
12 105
12 139
12 171
12 182
12 200
12 201
12 243
13 23
13 25
13 47
13 55
13 128
13 220
13 243
13 291
13 307
14 29
14 78
14 83
14 84
14 104
14 110
14 119
14 130
14 149
14 156
14 200
15 27
15 31
15 84
15 126
15 131
15 174
15 188
15 238
15 269
16 44
16 80
16 81
16 128
16 129
16 130
16 134
16 135
16 145
16 152
16 164
16 181
16 217
16 239
16 252
16 310
16 312
17 51
17 150
17 156
17 245
18 102
18 133
18 142
18 149
18 174
18 198
18 233
18 265
18 275
19 53
19 113
19 129
19 149
19 304
19 314
20 33
20 49
20 109
20 152
20 180
20 184
21 38
21 103
21 104
21 118
21 205
21 245
22 103
22 129
22 156
22 263
22 275
23 50
23 122
23 168
24 68
24 142
24 223
25 150
25 205
25 305
26 33
26 285
27 60
27 201
27 232
27 256
27 271
28 97
28 171
28 197
28 224
28 226
28 246
28 309
29 62
29 92
29 104
29 167
29 206
29 287
30 92
30 102
30 145
30 176
30 211
30 251
31 43
31 57
31 62
31 81
31 136
31 211
31 271
31 272
31 295
32 43
32 75
32 80
32 97
32 131
32 149
32 180
32 242
32 247
32 275
32 293
33 65
33 77
33 106
33 123
33 128
33 131
33 133
33 135
33 151
33 226
33 233
33 242
34 69
34 131
34 250
34 256
34 278
35 36
35 38
35 48
35 60
35 91
35 118
35 135
35 210
36 47
36 78
36 100
36 134
36 153
36 172
36 218
36 220
37 129
37 130
37 188
37 212
37 215
37 244
38 90
38 106
38 130
38 208
38 292
39 98
39 108
39 121
39 131
39 253
39 265
40 122
40 135
40 141
40 210
40 275
41 60
41 146
41 149
41 184
41 268
41 287
41 291
42 44
42 66
42 134
42 157
42 242
42 247
42 279
42 288
42 299
43 83
43 131
43 135
43 158
43 208
43 286
43 302
44 83
44 124
44 130
44 131
44 152
45 88
45 108
45 113
45 133
45 134
45 193
45 197
45 205
45 239
45 283
45 291
46 56
46 80
46 112
46 116
46 118
46 124
46 127
46 129
46 159
46 180
46 216
46 281
47 48
47 60
47 61
47 117
47 128
47 186
47 204
47 230
47 269
47 287
47 296
48 74
48 134
48 143
48 152
48 239
49 92
49 134
49 145
49 162
49 249
50 59
50 221
50 239
50 294
51 57
51 99
51 129
51 130
51 210
51 220
51 266
52 80
52 164
52 185
52 196
52 266
53 180
54 57
54 67
54 128
54 188
54 235
54 278
55 66
55 102
55 118
56 95
56 114
56 200
56 241
56 261
56 265
56 297
57 260
58 223
58 252
58 288
59 77
59 130
59 135
59 161
59 167
59 220
59 268
60 121
60 127
60 129
60 154
60 192
60 193
60 198
61 130
61 133
61 135
61 294
61 305
62 110
62 129
62 130
62 168
62 188
62 200
62 213
62 256
62 275
62 277
64 94
64 120
64 140
64 145
64 289
65 104
65 105
65 280
65 286
66 136
66 150
66 200
67 81
67 89
67 133
67 198
67 218
67 226
67 244
67 247
67 266
67 293
68 89
68 118
68 128
68 133
68 135
68 145
68 197
68 203
68 230
69 133
69 134
69 140
69 156
69 187
69 231
70 80
70 99
70 102
70 164
70 181
70 215
70 287
70 288
70 302
71 153
71 158
71 221
71 287
72 167
72 265
73 165
73 184
73 217
73 305
74 114
74 130
74 131
74 142
74 164
74 173
74 214
74 243
74 256
74 263
74 314
75 94
75 115
75 122
75 128
75 130
75 131
75 132
75 136
75 157
75 163
75 209
75 241
75 292
76 88
76 150
76 167
76 179
76 206
76 288
77 96
77 235
77 295
77 309
78 79
78 167
79 108
79 131
79 266
80 98
80 110
80 112
80 143
80 216
80 242
80 286
80 287
81 106
81 109
81 132
81 133
81 221
81 240
81 291
82 275
83 124
83 130
83 156
83 258
83 285
85 87
85 219
86 142
86 245
87 133
88 105
89 119
89 135
89 273
90 99
90 137
90 160
90 196
90 220
90 237
91 130
92 134
92 141
92 158
92 240
92 249
92 276
92 286
93 181
93 266
95 98
95 133
95 136
95 162
95 175
95 179
95 196
95 233
96 110
96 185
96 252
97 122
97 128
97 133
97 181
97 193
97 199
98 100
98 130
98 135
98 287
99 307
100 129
100 188
100 249
101 133
101 141
101 199
101 216
102 103
102 107
102 129
102 133
102 134
102 135
102 195
102 223
102 236
102 237
102 238
102 243
102 274
102 286
103 115
103 118
103 134
103 185
103 202
103 215
103 237
103 257
103 263
103 275
103 279
103 286
103 293
104 158
104 160
104 166
104 208
104 239
104 257
104 285
105 118
105 128
105 147
105 152
105 160
105 287
105 296
106 133
106 179
106 199
106 200
106 211
106 238
107 133
107 167
107 218
107 272
108 154
108 188
108 200
109 135
109 201
109 245
110 173
110 213
110 230
110 247
110 249
110 263
110 284
110 304
111 167
111 208
111 288
112 131
112 135
112 138
112 142
112 281
113 197
113 261
114 118
114 233
115 129
115 200
115 220
115 263
115 268
116 131
116 140
116 157
116 202
116 310
117 136
117 156
117 162
117 210
117 286
117 298
118 122
118 131
118 135
118 148
118 161
118 163
118 241
118 272
119 234
119 287
120 129
120 133
120 156
120 199
120 279
121 134
121 266
121 293
122 134
122 158
122 180
122 266
122 294
123 130
123 155
123 216
123 239
124 156
124 160
124 161
124 186
124 223
124 266
124 283
124 287
124 288
125 138
126 143
127 135
127 167
128 148
128 150
128 152
128 200
128 213
129 130
129 138
129 156
129 173
129 185
129 188
129 200
129 206
129 217
129 241
129 248
129 267
129 281
129 290
129 291
129 302
130 133
130 134
130 149
130 151
130 171
130 188
130 200
130 208
130 221
130 255
130 267
130 275
130 287
130 288
130 301
131 138
131 154
131 216
131 219
131 225
131 251
131 253
131 271
131 277
131 287
131 292
131 296
131 302
132 200
132 235
132 281
132 291
133 135
133 140
133 145
133 149
133 173
133 181
133 192
133 199
133 200
133 202
133 204
133 205
133 234
133 284
133 287
133 288
133 304
134 135
134 140
134 142
134 148
134 206
134 208
134 214
134 231
134 241
134 253
134 284
134 292
134 293
134 304
134 305
134 309
135 156
135 167
135 181
135 201
135 207
135 215
135 270
135 287
135 296
135 297
135 306
135 307
135 310
135 312
136 173
136 185
136 187
136 216
136 231
136 269
136 283
136 286
136 302
136 308
137 249
137 262
138 192
138 244
139 171
140 148
140 215
140 279
141 208
141 261
142 196
142 208
142 209
142 218
142 275
143 156
143 176
144 251
144 258
144 261
144 271
144 315
145 231
145 284
145 287
146 167
146 201
146 215
146 274
148 150
148 161
148 169
148 220
148 269
149 215
149 225
149 257
149 313
150 156
151 195
151 199
151 258
152 167
152 200
152 213
152 264
152 266
152 314
153 245
153 265
153 273
153 286
153 302
155 298
156 167
156 174
156 177
156 180
156 193
156 215
156 231
156 249
156 260
156 269
156 271
156 293
156 294
157 160
157 167
157 223
157 287
157 297
158 180
158 249
158 258
158 287
159 305
160 163
160 223
160 247
160 260
161 164
161 179
161 192
161 206
161 242
161 301
162 209
162 249
165 315
166 173
166 244
166 275
166 291
167 180
167 195
167 210
167 264
167 291
168 199
169 188
170 290
171 310
172 196
172 216
172 238
173 283
174 200
175 258
175 264
175 276
176 299
177 184
177 185
177 193
177 215
178 208
178 211
178 216
178 287
179 193
179 223
179 263
179 283
180 200
180 217
180 238
180 286
181 208
181 255
184 209
184 218
184 267
184 279
184 287
185 208
185 249
185 278
187 193
188 249
188 279
188 287
189 257
192 214
193 264
193 287
195 248
195 276
196 232
196 233
196 271
197 275
199 202
200 210
200 283
200 285
200 286
200 309
201 214
201 219
201 255
201 269
205 217
205 242
206 210
206 246
206 267
206 285
206 305
208 217
208 231
209 241
210 229
210 231
210 233
210 243
211 246
211 288
212 303
215 225
216 293
217 286
218 222
218 243
218 287
220 239
220 247
220 249
220 273
223 288
224 231
224 287
228 287
230 266
231 242
231 286
231 288
231 291
233 266
233 288
235 305
236 264
238 288
239 241
239 279
239 288
239 308
240 249
240 288
240 289
240 310
241 285
242 247
243 299
244 288
247 249
247 273
247 286
249 302
252 279
252 284
255 300
255 306
255 313
264 311
268 275
270 314
271 296
271 305
272 299
275 285
275 301
276 277
276 299
277 278
279 286
283 314
286 291
286 302
301 305
307 313
