0 6
0 24
0 45
0 102
0 217
1 16
1 29
1 120
1 129
1 185
1 202
2 7
2 15
2 22
2 34
2 95
2 129
2 131
2 135
2 157
2 162
2 185
2 188
2 219
2 239
3 16
3 47
3 103
3 129
3 136
3 142
3 200
3 265
4 15
4 22
4 50
4 67
4 115
4 129
4 206
4 248
4 256
5 62
5 83
5 189
5 258
5 266
5 286
6 34
6 40
6 50
6 82
6 84
6 131
6 210
6 313
7 62
7 88
7 96
7 146
7 156
7 191
7 242
7 247
7 258
7 294
7 304
8 104
8 131
8 134
8 135
8 140
8 153
8 155
8 176
8 216
8 226
8 228
9 34
9 50
9 99
9 113
9 131
9 156
9 163
9 298
10 16
10 60
11 49
11 117
11 118
11 129
11 143
12 16
12 61
12 70
12 109
12 206
12 257
12 263
13 59
13 77
13 85
13 98
13 120
13 130
13 240
13 243
13 304
14 25
14 143
14 147
14 152
14 180
14 200
14 218
14 287
14 294
15 36
15 37
15 86
15 92
15 130
15 133
15 155
15 160
15 224
15 251
15 305
16 35
16 62
16 67
16 73
16 78
16 112
16 122
16 130
16 131
16 135
16 152
16 156
16 200
16 202
16 209
16 233
16 276
16 292
17 52
17 176
17 178
17 234
17 314
18 25
18 95
18 129
18 131
18 133
18 134
18 137
18 188
18 239
19 45
19 46
19 83
19 104
20 26
20 31
20 48
20 67
20 97
20 110
20 142
20 175
20 177
20 186
20 211
20 304
20 314
21 255
22 36
23 78
23 114
23 160
23 168
23 272
24 69
24 88
24 160
24 182
24 200
24 210
24 278
25 73
25 92
25 140
25 165
25 286
26 114
26 133
27 180
27 241
28 32
28 80
28 102
28 114
28 282
29 47
29 77
29 88
29 154
29 214
29 219
29 281
30 51
30 59
30 81
30 83
30 99
30 106
30 129
30 180
30 181
30 195
30 247
30 263
30 313
31 32
31 42
31 50
31 64
31 79
31 86
31 103
31 129
31 130
31 134
31 180
31 196
31 197
31 238
31 239
31 249
31 252
31 284
31 294
32 51
32 64
32 69
32 102
32 108
32 136
32 188
32 242
32 249
32 260
32 277
32 282
33 64
33 85
33 110
33 133
33 136
33 148
33 200
33 205
33 220
33 241
33 289
34 103
34 140
34 167
34 180
34 210
34 259
34 267
35 49
35 59
35 62
35 67
35 80
35 89
35 110
35 128
36 74
36 97
36 112
36 164
36 167
36 315
37 47
37 103
37 130
37 131
37 136
37 140
37 301
38 51
38 124
38 284
38 287
39 67
39 101
39 130
39 154
39 205
40 98
40 109
40 118
40 210
41 55
41 67
41 159
41 220
41 222
41 243
42 67
42 129
42 206
42 215
42 227
42 229
43 52
43 64
43 96
43 98
43 118
43 193
43 197
43 269
44 295
45 107
45 116
45 133
45 134
45 163
45 167
45 181
45 223
45 269
45 275
45 283
45 304
46 50
46 54
46 62
46 65
46 67
46 70
46 76
46 130
46 167
46 173
46 179
46 249
47 156
47 160
47 172
47 209
47 211
47 238
47 249
48 63
48 140
48 179
48 235
49 84
49 117
49 159
49 170
49 188
49 288
49 291
49 301
50 135
50 188
51 91
51 213
51 238
51 314
52 219
53 130
53 180
53 214
54 60
54 74
54 96
54 160
54 161
54 208
54 215
54 303
55 129
56 89
56 177
56 179
56 187
56 217
56 298
57 124
57 130
57 164
57 212
58 131
58 244
59 63
59 74
59 97
59 119
59 145
59 150
59 222
59 249
59 266
59 281
60 160
60 298
61 148
61 150
61 193
61 239
61 313
62 97
62 131
62 133
62 134
62 135
62 166
62 177
62 211
62 283
62 296
63 65
63 131
63 134
63 135
63 141
63 148
63 179
63 259
63 280
64 66
64 118
64 131
64 135
64 157
64 172
64 249
64 287
64 314
65 279
65 289
66 130
66 132
66 134
66 158
66 215
66 220
66 242
67 95
67 118
67 121
67 241
67 248
67 268
67 272
67 286
68 134
68 185
68 287
69 249
71 89
71 167
71 229
71 230
72 115
72 122
72 145
72 160
72 219
72 241
72 264
72 286
73 157
73 167
73 302
74 81
74 110
74 193
74 199
75 81
75 131
75 137
75 157
75 179
75 192
75 193
75 314
76 152
76 154
76 156
77 92
77 95
77 231
77 258
77 265
78 133
78 156
78 298
79 111
79 188
79 214
79 232
79 288
79 313
80 92
80 106
80 117
80 119
80 130
80 133
80 160
80 197
80 218
80 238
80 252
80 264
80 299
81 178
81 220
81 235
81 279
81 284
82 143
82 210
83 88
83 102
83 124
83 130
83 249
84 106
84 115
85 287
86 95
86 284
86 288
87 106
87 130
87 148
87 180
87 184
87 200
87 239
87 264
87 278
87 315
88 142
88 143
88 228
88 284
89 133
89 141
89 185
89 201
89 297
90 134
90 264
91 199
91 305
92 94
92 156
92 166
92 210
92 275
93 219
93 243
94 245
94 271
94 292
95 124
95 129
95 130
95 136
95 185
95 220
95 273
96 237
96 285
96 298
97 128
97 200
97 234
97 238
97 264
97 268
97 287
98 99
98 124
98 129
98 146
98 171
98 217
98 218
98 315
99 136
99 155
99 238
99 244
100 117
100 130
100 172
101 130
101 133
101 139
101 213
101 261
101 286
102 104
102 130
102 131
102 135
102 172
102 200
102 249
102 295
102 296
103 107
103 110
103 118
103 123
103 128
103 129
103 134
103 167
103 171
103 220
103 232
103 245
103 307
103 309
104 136
104 168
104 184
104 225
104 306
105 110
105 115
105 129
105 188
105 266
105 288
105 305
106 135
106 223
106 288
107 134
107 243
108 131
108 136
108 156
108 157
109 156
109 268
109 283
109 306
110 179
110 201
110 206
110 223
110 282
111 114
111 118
111 135
111 187
112 291
113 187
113 229
114 210
115 191
115 200
115 208
115 311
116 137
116 313
117 120
117 127
117 130
117 135
117 228
117 286
117 287
118 139
118 152
118 156
118 175
118 180
118 185
118 233
118 245
118 258
118 305
118 313
119 204
119 249
119 263
120 274
121 131
121 143
121 152
121 211
121 284
122 200
122 211
122 215
122 216
122 223
122 272
122 273
123 177
123 247
124 129
124 148
124 151
124 160
124 187
124 190
124 229
124 258
124 274
124 279
124 303
125 248
126 157
126 193
128 130
129 130
129 137
129 157
129 158
129 163
129 180
129 188
129 193
129 196
129 207
129 208
129 220
129 224
129 234
129 239
129 243
129 259
129 268
129 278
129 303
130 131
130 133
130 185
130 210
130 212
130 214
130 273
130 296
130 297
131 135
131 148
131 156
131 158
131 167
131 175
131 191
131 204
131 208
131 217
131 245
131 249
131 258
131 307
132 135
132 215
132 287
133 134
133 137
133 140
133 156
133 160
133 162
133 166
133 167
133 173
133 180
133 188
133 189
133 197
133 206
133 207
133 234
133 242
133 272
133 275
133 281
133 313
134 135
134 166
134 169
134 176
134 182
134 195
134 204
134 220
134 230
134 252
134 255
134 262
134 287
134 298
135 157
135 164
135 167
135 191
135 202
135 204
135 216
135 218
135 219
135 224
135 233
135 234
135 254
135 266
135 288
135 291
135 292
135 301
135 304
135 314
136 155
136 156
136 158
136 184
136 198
136 210
136 211
136 224
136 229
136 239
136 269
136 279
136 304
137 140
137 179
137 191
137 222
138 244
139 313
140 142
140 147
140 166
140 167
140 246
140 261
140 286
140 306
141 249
141 263
142 267
143 229
143 230
143 240
143 268
144 157
144 167
144 288
144 304
145 164
145 214
145 222
145 276
146 224
148 157
148 236
148 249
148 258
148 288
149 159
149 171
149 237
149 290
150 187
150 267
151 172
152 154
152 160
152 162
152 210
152 249
152 268
152 283
152 303
152 314
153 200
153 280
153 304
154 193
155 286
155 306
156 160
156 166
156 173
156 177
156 197
156 199
156 216
156 224
156 242
156 245
156 248
156 260
156 271
156 273
156 285
156 288
157 196
157 201
157 210
157 245
158 175
159 172
160 176
160 179
160 214
160 287
160 292
161 233
161 269
162 193
162 211
162 244
163 200
164 252
165 167
165 280
166 171
167 180
167 192
167 210
167 231
167 233
167 286
168 209
169 290
169 304
171 193
172 185
172 232
173 217
173 231
173 285
173 289
174 279
175 184
175 236
175 291
177 272
177 279
178 293
179 200
179 276
180 182
180 209
180 219
180 243
180 276
180 302
181 199
182 215
182 266
184 200
184 210
184 215
184 273
185 217
185 255
187 210
187 232
187 265
188 239
188 245
188 285
191 215
191 266
192 275
193 243
193 249
193 268
193 288
196 244
196 271
197 200
197 285
199 205
199 254
199 309
200 210
200 216
200 218
200 220
200 239
200 260
201 213
203 204
205 264
205 310
206 239
206 284
207 302
208 292
208 295
209 232
210 219
210 265
210 268
210 273
210 296
211 248
211 275
213 246
214 224
214 287
214 292
215 228
216 252
217 226
217 285
218 241
219 241
219 263
219 273
220 229
220 231
220 239
221 226
221 257
221 287
221 315
222 263
222 288
224 234
224 245
224 291
226 241
228 243
229 239
229 243
229 252
230 257
230 286
231 232
231 245
231 283
232 239
232 261
232 302
232 309
233 247
233 269
233 296
235 249
237 284
238 285
239 242
239 276
239 297
240 281
240 287
242 274
242 287
243 268
244 269
244 287
247 252
247 269
247 287
247 315
248 276
248 287
249 268
249 269
249 281
249 295
249 313
258 282
263 288
263 301
264 315
266 269
266 298
268 269
269 285
269 289
271 281
271 287
272 303
275 283
275 287
283 296
284 308
286 288
287 289
287 291
288 298
288 309
288 314
290 297
301 302
