0 80
0 159
0 195
0 213
1 4
1 44
1 137
1 167
1 210
1 216
2 12
2 85
2 104
2 105
2 149
2 158
2 173
2 191
2 198
2 209
2 235
2 238
2 304
3 27
3 145
3 268
3 279
3 285
4 13
4 38
4 103
4 248
5 47
5 52
5 76
5 184
5 224
5 233
5 273
6 68
6 76
6 134
6 149
6 210
6 211
6 290
6 314
7 35
7 136
7 150
7 188
7 207
7 239
7 290
8 43
8 45
8 74
8 109
8 123
8 133
8 145
8 184
8 206
8 220
8 238
8 244
8 270
8 285
8 288
8 295
8 302
9 37
9 144
9 146
9 286
9 296
9 309
9 314
10 130
10 224
10 301
11 31
11 67
11 134
11 164
11 165
11 172
11 173
11 215
12 18
12 32
12 63
12 72
12 92
12 136
12 154
12 193
12 215
12 257
12 279
13 60
13 87
13 269
13 271
13 289
14 32
14 33
14 55
14 69
14 195
14 247
14 283
15 28
15 61
15 107
15 130
15 145
15 156
15 167
15 203
15 217
15 252
16 17
16 40
16 59
16 87
16 100
16 106
16 129
16 130
16 133
16 135
16 144
16 159
16 173
16 199
16 206
16 220
16 223
16 231
16 235
16 245
16 268
16 303
16 310
17 42
17 288
18 50
18 67
18 102
18 108
18 160
18 290
19 160
20 31
20 47
20 75
20 116
20 131
20 200
20 287
21 60
21 85
21 117
21 157
21 162
21 201
21 223
22 250
23 104
23 139
23 160
23 208
23 298
23 305
24 33
24 52
24 80
24 89
24 131
24 136
24 156
24 164
24 242
24 255
24 263
25 75
25 78
25 102
25 139
25 166
25 270
25 288
26 55
27 104
27 216
28 52
28 78
28 112
28 120
28 125
28 137
28 204
28 269
28 270
29 33
29 37
29 80
29 218
29 237
29 238
30 45
30 98
30 129
30 200
30 238
30 245
30 287
31 50
31 55
31 66
31 92
31 116
31 124
31 167
31 182
31 209
31 223
31 252
31 255
31 259
31 272
32 33
32 53
32 78
32 124
32 130
32 133
32 134
32 135
32 159
32 211
32 233
32 246
32 250
32 284
32 286
32 303
33 117
33 129
33 134
33 144
33 160
33 193
33 198
33 201
33 249
33 263
33 270
33 276
34 55
34 93
34 102
34 107
34 117
34 124
34 136
34 150
34 206
34 260
34 261
35 48
35 75
35 99
35 129
35 134
35 159
35 285
36 59
36 93
36 94
36 104
36 109
36 137
36 203
36 216
36 314
37 39
37 73
37 110
37 130
37 150
37 216
37 275
37 305
37 309
38 55
38 96
38 185
38 215
38 302
38 305
39 51
39 125
39 167
39 252
40 61
40 77
40 136
40 249
40 287
41 47
41 143
41 204
41 266
41 273
41 302
42 128
42 161
42 165
42 175
43 62
43 75
43 157
43 174
43 218
43 266
43 270
43 301
43 309
44 90
44 92
44 98
44 180
44 264
44 267
44 284
45 62
45 106
45 187
45 278
46 51
46 77
46 99
46 102
46 129
46 130
46 160
46 165
46 168
46 188
46 220
46 241
46 285
46 293
46 306
47 64
47 87
47 130
47 135
47 140
47 146
47 217
47 287
48 106
48 269
48 284
48 286
49 94
49 157
49 191
50 75
50 94
50 104
50 131
50 134
50 219
50 233
50 288
50 303
51 87
51 136
51 176
51 201
51 208
51 237
52 61
52 101
52 206
52 287
53 117
53 179
53 286
54 130
54 132
54 214
55 131
55 136
55 193
55 230
55 298
55 305
56 97
56 121
56 122
56 135
56 149
56 156
56 193
56 233
56 234
56 241
56 249
56 274
57 156
57 193
58 122
58 191
59 88
59 89
59 93
59 101
59 102
59 104
59 106
59 193
59 196
59 210
59 219
59 229
59 242
59 274
59 287
59 288
59 292
59 293
59 294
60 70
60 96
60 99
60 122
60 167
60 207
60 239
60 261
60 302
60 305
61 67
61 121
61 157
61 251
61 257
62 80
62 131
62 152
62 171
62 180
62 196
62 218
62 256
62 277
62 281
62 304
63 72
63 104
64 81
64 111
64 191
64 215
64 243
64 255
64 276
65 88
65 238
66 129
66 135
66 147
67 86
67 135
67 164
67 182
67 191
67 208
67 224
67 287
67 291
67 298
68 79
68 96
68 99
68 133
68 135
68 136
68 146
68 148
68 156
68 252
68 273
68 311
69 80
69 124
69 129
69 218
69 287
70 103
70 142
70 162
70 205
71 134
72 81
72 117
72 129
72 133
72 156
72 266
72 287
72 297
73 87
73 89
73 117
73 135
73 156
73 224
73 276
73 284
74 75
74 97
74 131
74 135
74 147
74 180
74 205
74 207
74 260
74 287
75 121
75 135
75 154
75 185
75 200
75 252
76 128
76 133
76 134
76 209
77 161
78 161
78 185
78 288
79 87
79 135
79 157
79 180
79 219
79 230
80 100
80 102
80 130
80 148
80 217
80 220
80 233
80 237
80 245
80 261
80 284
80 286
80 313
81 133
81 250
81 291
81 302
81 305
82 142
83 108
83 122
83 156
83 193
83 206
84 219
85 131
85 134
85 188
85 223
85 239
85 268
87 133
87 140
87 152
87 156
87 162
87 166
87 167
87 193
89 129
89 179
89 201
89 224
90 156
90 233
90 249
90 286
91 193
92 115
92 117
92 209
92 261
92 288
93 171
94 149
94 164
95 109
95 132
95 167
95 203
96 130
96 211
96 242
96 284
97 119
97 129
97 133
97 142
97 210
97 214
97 285
98 124
98 224
98 267
99 110
99 129
99 188
99 230
100 218
101 115
101 129
101 134
101 140
101 179
101 184
101 207
101 287
102 123
102 127
102 129
102 137
102 158
102 218
102 243
102 286
102 292
102 293
103 106
103 128
103 133
103 148
103 167
103 185
103 191
103 213
103 221
103 271
103 286
103 307
104 112
104 167
104 182
104 247
104 249
104 285
105 130
105 131
105 138
105 163
105 179
105 298
106 117
106 127
106 158
106 259
106 275
108 283
108 286
108 289
108 290
109 130
109 212
109 242
109 297
110 118
110 150
110 159
110 213
110 239
111 131
111 234
111 292
112 180
112 207
113 134
113 293
114 244
115 131
115 135
115 200
115 287
115 312
116 145
116 279
117 180
117 188
117 208
117 242
117 243
118 136
118 216
118 220
118 231
118 232
118 237
118 249
118 252
118 258
119 133
119 164
120 180
120 197
121 200
121 202
121 231
121 276
122 129
122 140
122 272
123 157
123 167
124 130
124 134
124 136
124 197
124 271
124 287
127 180
128 161
128 297
129 130
129 143
129 145
129 151
129 178
129 180
129 193
129 200
129 215
129 275
129 288
129 289
129 294
129 299
129 302
130 131
130 134
130 135
130 152
130 154
130 157
130 194
130 212
130 218
130 221
130 232
130 233
130 236
130 238
130 241
130 258
130 267
130 277
130 278
130 285
131 134
131 156
131 157
131 171
131 174
131 180
131 197
131 214
131 218
131 224
131 247
131 248
131 287
132 173
132 210
132 220
133 134
133 144
133 180
133 193
133 199
133 208
133 239
133 252
133 257
133 267
133 269
133 276
133 295
133 301
133 305
133 309
134 136
134 143
134 152
134 156
134 157
134 185
134 258
134 282
134 287
134 303
135 140
135 156
135 204
135 232
135 244
135 261
135 271
135 273
135 276
135 285
135 288
135 296
136 145
136 150
136 156
136 164
136 174
136 224
136 241
136 255
136 266
136 284
136 301
136 309
137 152
137 156
137 166
137 222
137 287
138 142
138 229
138 247
139 142
140 185
140 249
140 256
140 287
140 305
140 311
141 217
141 296
142 153
142 174
142 214
143 167
144 266
144 288
145 179
145 180
145 206
145 302
146 155
146 301
148 183
148 225
148 239
148 247
148 275
148 287
149 168
149 177
149 184
149 238
149 252
149 285
149 287
150 167
152 159
152 162
152 197
152 284
152 288
152 304
153 239
153 267
154 285
154 297
156 163
156 178
156 180
156 193
156 203
156 204
156 232
156 242
156 252
156 268
156 279
156 308
157 197
157 206
157 210
157 285
157 291
157 293
158 259
158 304
159 197
159 211
159 286
159 303
160 214
160 235
160 252
160 269
160 275
160 302
162 200
162 246
162 305
162 312
164 200
164 288
166 179
166 288
167 168
167 188
167 197
167 200
167 242
168 205
168 242
169 200
169 249
171 217
171 224
171 286
173 215
173 305
174 179
174 247
174 304
175 278
175 287
175 293
176 220
177 188
177 209
177 218
179 269
180 181
180 215
180 242
180 275
180 290
181 205
181 213
181 305
182 183
182 230
183 279
184 248
184 272
185 251
186 251
188 210
188 224
188 245
188 252
188 301
190 230
191 312
192 200
192 234
192 236
193 206
193 214
193 282
193 287
194 247
195 220
195 264
195 287
195 289
196 209
197 222
197 249
197 259
198 287
199 242
199 279
200 206
200 207
200 224
200 259
200 281
200 283
200 287
201 219
201 267
202 288
204 216
204 228
204 233
204 242
204 249
204 311
205 247
205 293
206 230
206 258
206 272
207 286
208 223
209 218
209 275
209 288
210 242
210 244
210 298
210 309
211 242
214 282
214 284
215 235
215 258
215 275
215 280
216 219
216 287
216 288
217 276
218 269
219 232
219 303
219 313
220 232
222 305
223 298
224 250
224 267
224 296
226 279
229 281
230 298
231 249
231 259
232 287
233 241
233 298
234 241
235 275
239 309
241 303
242 258
244 280
244 287
245 303
247 261
247 304
249 267
249 280
249 284
250 278
252 267
258 275
259 285
261 273
261 298
264 276
268 287
271 280
271 287
274 277
276 303
286 288
286 305
287 298
304 309
305 313
312 314
