0 32
0 92
0 109
0 131
0 247
0 275
1 38
1 78
1 193
2 31
2 67
2 88
2 92
2 118
2 160
2 178
2 179
2 204
2 205
2 233
2 269
2 288
3 25
3 33
3 56
3 73
3 130
3 241
3 249
4 61
4 176
4 192
4 217
4 270
5 28
5 77
5 103
5 109
5 164
5 167
5 223
5 310
6 209
6 210
6 214
7 39
7 40
7 45
7 49
7 55
7 67
7 122
7 134
7 136
7 148
7 149
7 166
7 173
7 196
7 205
7 206
7 211
7 214
7 218
7 288
8 20
8 79
8 102
8 103
8 135
8 140
8 193
8 209
8 263
8 283
8 286
8 303
8 307
9 30
9 101
9 130
9 220
9 280
9 285
9 315
10 104
10 149
10 249
11 134
11 165
11 167
11 269
12 13
12 26
12 40
12 60
12 98
12 130
12 131
12 189
12 211
12 286
12 288
12 293
13 19
13 105
13 122
13 135
13 146
14 46
14 60
14 105
15 70
15 117
15 210
15 297
16 40
16 56
16 79
16 91
16 131
16 141
16 154
16 163
16 172
16 179
16 229
16 230
16 242
16 246
16 283
16 284
16 285
16 290
16 312
17 82
17 193
17 249
18 24
18 131
18 134
18 136
18 164
18 199
18 245
18 273
18 275
18 303
18 309
18 313
19 94
19 95
19 109
20 26
20 85
20 94
20 127
20 129
20 131
20 173
20 180
20 239
21 25
21 122
21 162
22 43
22 105
22 148
22 220
22 267
22 276
23 205
23 210
23 229
23 240
23 287
24 66
24 68
24 98
24 145
24 173
24 180
24 267
24 283
24 307
25 39
25 41
25 65
25 124
25 153
25 159
25 172
25 218
26 100
26 107
26 227
27 77
27 196
28 81
28 101
28 129
28 133
28 134
28 149
28 194
28 256
28 293
29 59
29 110
29 145
29 195
29 246
29 249
29 260
29 286
29 287
30 104
30 160
30 174
30 210
30 211
30 264
31 34
31 135
31 146
31 187
31 202
31 222
31 229
31 250
31 297
32 34
32 43
32 63
32 72
32 75
32 87
32 102
32 103
32 109
32 130
32 149
32 172
32 243
32 303
33 42
33 129
33 131
33 133
33 206
33 214
33 271
33 284
33 287
34 51
34 89
34 130
34 148
34 162
34 303
35 68
35 109
35 115
35 148
35 158
35 204
35 233
35 256
35 269
35 272
36 37
36 44
36 104
36 131
36 134
36 135
36 184
36 213
36 265
36 305
36 307
36 314
37 79
37 124
37 129
37 130
37 148
37 205
37 244
38 59
38 80
38 129
38 241
38 287
38 291
39 129
39 217
39 247
39 249
40 62
40 67
40 87
40 129
40 136
41 61
41 104
41 110
41 219
41 264
41 275
41 279
41 286
41 288
42 130
42 134
42 141
42 193
42 233
42 258
42 293
42 307
43 54
43 138
43 167
43 288
44 56
44 75
44 80
44 88
44 127
44 130
44 188
44 202
44 303
45 105
45 130
45 133
45 148
45 156
45 159
45 167
45 175
45 248
45 257
45 269
45 270
45 280
45 285
46 51
46 131
46 140
46 148
46 188
46 196
46 218
46 232
46 283
46 287
46 291
46 297
47 62
47 157
47 188
47 235
47 239
47 287
48 51
48 76
48 161
48 165
49 128
49 134
49 162
49 188
49 200
49 283
49 287
50 51
50 106
50 133
50 156
50 181
50 220
50 233
50 259
50 269
50 286
51 86
51 102
51 118
51 134
51 135
51 136
51 210
51 240
51 266
51 272
51 283
51 286
52 65
52 136
52 226
52 301
53 73
53 118
53 216
53 298
54 56
54 95
54 129
54 167
54 276
54 285
54 286
55 67
55 171
55 174
55 260
55 281
55 287
56 151
56 206
56 284
57 129
57 158
58 136
58 249
59 67
59 105
59 128
59 131
59 134
59 135
59 138
59 161
59 172
59 200
59 218
59 243
59 266
59 284
59 296
60 63
60 98
60 106
60 132
60 134
60 204
60 212
60 247
61 74
61 99
61 106
61 167
62 80
62 101
62 102
62 103
62 135
62 218
62 228
62 231
62 237
63 129
63 131
63 179
63 279
63 284
64 106
64 122
64 124
64 129
64 238
64 285
65 71
65 115
66 103
67 69
67 124
67 177
67 191
67 236
67 285
67 303
68 74
68 75
68 169
68 173
68 197
69 155
69 170
69 205
69 216
69 223
70 102
70 107
70 159
70 161
70 206
71 133
71 136
71 277
72 110
72 134
72 268
73 134
73 288
73 297
74 103
74 135
74 152
74 157
74 162
74 243
74 280
75 152
75 266
76 80
76 89
76 108
76 131
76 137
77 168
77 188
77 276
78 149
78 184
78 232
78 279
79 106
79 120
79 129
79 131
80 89
80 110
80 131
80 133
80 145
80 267
80 290
81 117
81 176
81 201
81 239
81 243
82 122
83 86
83 94
83 117
83 130
83 149
83 197
83 255
84 124
84 129
84 160
84 303
85 133
85 214
86 102
86 139
86 193
86 236
86 239
87 99
87 129
87 206
87 230
87 291
88 130
88 193
88 206
88 211
89 99
89 118
89 128
89 129
89 172
89 219
89 294
90 195
90 208
90 213
90 275
90 305
91 102
91 118
91 166
91 242
92 134
93 95
93 187
94 138
94 142
94 232
94 259
94 268
94 269
95 119
95 197
95 285
95 287
96 112
96 113
96 129
96 157
96 171
96 179
96 269
96 280
97 114
97 148
97 149
97 182
97 228
97 315
98 139
98 144
98 163
98 180
98 216
98 223
98 247
98 255
99 180
100 185
100 248
101 107
101 131
101 140
101 142
101 156
101 276
101 297
102 124
102 129
102 167
102 176
102 191
102 268
102 272
102 305
103 118
103 131
103 133
103 141
103 150
103 180
103 212
103 249
103 250
104 106
104 110
104 184
105 135
105 162
105 167
105 211
105 276
105 283
106 147
106 149
106 230
106 232
106 249
106 252
106 291
106 310
107 129
107 134
108 138
108 215
108 239
109 123
109 133
109 197
109 288
110 124
110 155
110 167
110 186
110 258
110 283
110 312
111 216
112 135
112 138
112 141
112 238
112 249
113 120
113 136
113 286
114 129
114 210
115 305
116 221
117 193
117 239
117 280
117 288
118 129
118 135
118 146
118 148
118 150
118 220
118 229
118 243
118 245
118 275
119 175
120 157
120 200
120 206
120 251
120 287
121 132
122 129
122 132
122 133
122 134
122 157
122 167
122 247
122 315
123 125
123 131
123 149
123 155
124 132
124 133
124 136
124 165
124 181
124 182
124 188
124 201
124 239
124 247
124 279
126 258
127 139
127 156
127 197
128 156
128 193
128 208
128 218
128 243
128 260
129 132
129 133
129 134
129 135
129 159
129 160
129 173
129 179
129 180
129 195
129 197
129 215
129 218
129 231
129 232
129 244
129 256
129 269
129 272
129 301
130 134
130 148
130 156
130 157
130 163
130 180
130 183
130 200
130 213
130 230
130 249
130 262
130 264
130 266
130 274
130 303
130 304
130 313
131 133
131 136
131 161
131 179
131 193
131 206
131 211
131 224
131 244
131 265
131 281
131 283
131 285
131 308
131 313
132 161
132 243
132 254
132 282
133 136
133 142
133 158
133 180
133 191
133 202
133 211
133 224
133 233
133 238
133 252
133 258
133 260
133 264
133 269
133 292
133 297
134 135
134 136
134 156
134 159
134 176
134 185
134 211
134 215
134 224
134 229
134 244
134 249
134 258
134 266
134 274
134 278
134 279
134 288
134 309
135 173
135 214
135 220
135 242
135 249
135 267
135 283
135 296
135 305
136 157
136 178
136 190
136 204
136 238
136 245
136 252
136 308
137 181
137 286
138 149
138 181
138 213
139 164
139 220
140 167
140 232
140 286
141 208
142 172
142 214
142 216
143 249
144 223
145 201
145 286
146 212
146 247
146 302
147 156
147 160
147 216
147 249
147 281
147 303
148 165
148 173
148 184
148 218
148 224
149 195
149 246
149 293
149 303
150 155
150 200
150 241
150 249
150 275
151 269
152 197
152 244
153 154
153 205
154 278
155 201
156 162
156 179
156 180
156 241
156 268
156 278
156 287
156 288
156 301
156 303
156 309
157 185
157 187
157 197
157 208
157 221
157 310
157 313
158 242
159 193
159 194
159 298
160 239
160 269
160 276
160 281
160 292
160 301
161 179
161 213
161 269
161 274
161 284
161 305
162 188
162 203
162 229
162 295
163 176
163 261
163 287
164 167
164 218
164 272
165 200
165 273
166 263
166 285
167 174
167 200
167 215
167 216
167 218
167 311
168 239
170 236
172 219
172 304
173 232
174 241
174 287
174 297
175 202
177 230
177 276
177 296
179 193
179 206
179 254
179 265
180 201
180 215
180 219
180 231
180 261
180 273
180 275
180 305
181 190
182 283
184 252
185 224
185 249
185 287
185 315
186 234
186 286
187 210
187 214
188 189
188 196
188 210
188 287
188 296
190 210
191 270
192 221
192 230
193 200
193 220
193 227
193 230
194 200
195 245
195 266
196 260
197 270
200 209
200 225
200 274
200 299
201 207
202 230
203 220
203 261
204 288
205 291
206 220
206 266
208 251
209 231
209 234
209 281
209 292
210 267
210 280
210 310
211 224
211 287
211 304
213 236
213 269
214 258
215 225
215 247
215 272
216 220
216 302
217 285
218 220
218 268
218 297
218 303
219 312
220 279
220 287
221 287
223 246
224 272
226 285
230 238
230 288
231 255
231 287
231 302
231 308
233 269
233 270
233 288
234 305
238 267
239 247
239 287
239 293
239 314
240 271
240 303
242 252
242 268
242 280
242 287
242 306
243 304
244 286
244 303
247 287
248 258
249 287
252 275
258 276
259 314
266 271
267 273
268 273
269 301
272 276
273 304
276 305
278 287
279 282
281 297
283 308
284 287
284 304
292 293
292 296
298 310
303 304
304 307
