0 9
0 17
0 50
0 98
0 134
0 135
0 287
0 295
1 10
1 127
1 130
1 148
2 6
2 10
2 24
2 30
2 38
2 46
2 47
2 57
2 59
2 64
2 66
2 77
2 80
2 101
2 102
2 103
2 118
2 130
2 146
2 177
2 239
2 258
2 265
2 275
2 278
2 288
3 28
3 75
3 121
3 134
3 256
3 288
3 307
4 30
4 61
4 74
4 133
4 269
4 304
5 6
5 33
5 135
5 202
5 210
5 283
5 286
6 68
6 69
6 149
6 205
7 16
7 18
7 33
7 101
7 117
7 131
7 134
7 138
7 147
7 179
7 192
7 196
7 201
7 220
7 287
7 296
7 307
7 314
8 25
8 31
8 61
8 68
8 92
8 94
8 111
8 118
8 129
8 179
8 193
8 195
8 206
8 207
8 209
8 223
8 288
8 291
9 70
9 96
9 102
9 123
9 144
9 145
9 193
9 237
9 288
10 35
10 118
10 130
10 260
11 56
11 154
11 197
11 220
11 223
11 240
11 248
11 269
12 16
12 75
12 118
12 124
12 134
12 140
12 193
12 247
12 272
13 14
13 47
13 81
13 92
13 293
14 53
14 56
14 121
14 167
14 195
14 198
14 231
14 278
14 305
15 20
15 34
15 35
15 188
15 295
16 40
16 47
16 54
16 67
16 73
16 95
16 117
16 135
16 138
16 164
16 177
16 180
16 184
16 195
16 219
16 225
16 226
16 231
16 288
17 41
17 45
17 110
17 143
17 156
17 271
17 288
18 42
18 55
18 71
18 103
18 114
18 122
18 123
18 129
18 133
18 146
18 217
18 249
18 251
18 284
18 285
19 33
19 167
19 309
20 33
20 66
20 106
20 107
20 135
20 200
20 273
20 288
20 314
21 22
21 29
21 131
21 197
21 222
21 250
22 41
22 80
22 128
22 133
22 239
22 287
23 64
23 67
23 70
23 286
24 29
24 130
24 131
24 275
24 284
25 45
25 51
25 79
25 136
25 138
25 164
25 204
25 269
26 128
26 152
26 180
27 47
27 124
27 185
28 53
28 58
28 87
28 89
28 98
28 100
28 133
28 134
28 143
28 179
29 63
29 98
29 114
29 134
29 242
29 278
29 288
30 48
30 154
30 162
30 167
30 224
30 272
31 46
31 62
31 64
31 74
31 99
31 124
31 149
31 154
31 206
31 233
31 240
31 243
31 249
31 252
31 255
31 257
31 267
31 288
31 291
31 292
31 309
31 314
32 33
32 65
32 95
32 129
32 133
32 136
32 167
32 227
32 232
32 257
32 272
33 58
33 66
33 76
33 81
33 85
33 90
33 95
33 96
33 131
33 133
33 135
33 156
33 160
33 171
33 198
33 203
33 220
33 256
33 272
33 273
33 279
34 50
34 61
34 104
34 106
34 118
34 256
35 130
35 134
35 136
35 180
36 87
36 129
36 136
36 151
36 177
36 276
37 47
37 214
37 246
37 303
38 69
38 90
38 108
38 134
38 212
39 103
39 131
39 150
39 160
39 188
39 212
39 288
40 74
40 97
40 135
40 149
40 156
40 272
40 310
41 51
41 134
41 172
41 188
41 191
41 272
42 85
42 105
42 130
42 156
42 242
42 272
43 44
43 48
43 122
43 125
43 129
43 242
44 88
44 134
44 135
44 159
44 214
44 224
44 276
45 48
45 66
45 103
45 137
45 171
45 208
45 229
45 238
45 298
46 67
46 88
46 97
46 99
46 104
46 107
46 108
46 110
46 164
46 258
46 305
47 102
47 106
47 130
47 154
47 175
47 190
47 216
47 250
47 252
47 254
47 272
47 287
48 59
48 66
48 81
48 86
48 130
48 145
48 234
49 99
49 115
49 117
49 132
49 139
49 148
49 156
49 169
49 245
50 65
50 71
50 122
50 148
50 156
50 175
50 188
50 193
50 224
50 245
50 268
50 297
51 109
51 121
51 135
51 197
51 238
51 245
51 286
51 299
53 168
53 222
54 72
54 79
54 117
54 118
54 162
54 244
54 269
54 308
55 134
55 230
55 287
56 129
56 169
56 210
56 265
56 283
58 107
58 253
58 263
59 62
59 85
59 89
59 101
59 111
59 117
59 122
59 130
59 152
59 174
59 182
59 193
59 197
59 217
59 218
59 267
59 268
59 272
59 285
59 290
59 304
60 74
60 90
60 129
60 131
60 133
60 145
60 169
60 255
61 128
61 134
61 172
61 215
61 224
62 73
62 97
62 103
62 110
62 131
62 134
62 145
62 148
62 162
62 179
62 181
62 303
63 99
63 133
63 177
63 224
64 65
64 103
64 260
64 295
65 133
65 140
65 159
65 160
65 166
65 171
65 276
66 115
66 134
66 135
66 275
67 89
67 105
67 106
67 134
67 149
67 156
67 246
67 285
68 80
68 101
68 141
68 160
68 171
68 184
68 216
68 220
68 241
68 283
69 83
69 90
69 115
69 153
69 192
69 298
70 208
70 295
71 104
71 134
71 181
71 212
71 281
72 82
72 87
72 109
72 119
72 148
72 246
73 100
73 134
73 309
74 115
74 130
74 134
74 164
74 178
74 188
74 231
74 293
75 112
75 129
75 133
75 134
75 218
75 241
75 266
75 287
75 293
76 88
76 102
76 130
76 150
76 202
76 275
77 135
77 233
77 276
78 86
78 92
78 131
78 143
78 196
79 107
79 121
79 133
80 110
80 152
80 158
80 218
80 241
80 249
81 131
81 135
81 154
81 159
81 162
81 210
81 218
83 214
84 188
85 110
85 216
86 223
87 95
87 133
87 160
87 249
87 309
88 101
88 118
88 131
88 154
88 156
88 162
88 232
88 286
89 124
89 130
89 194
89 204
89 261
90 106
90 190
90 284
90 313
91 98
91 138
91 248
92 114
92 118
92 130
92 134
92 148
92 285
92 296
93 209
94 131
94 136
95 134
95 150
95 240
95 287
96 105
96 131
96 156
96 174
96 288
97 111
97 140
97 178
97 198
97 206
97 222
98 135
98 158
98 162
98 181
98 210
98 288
99 130
99 200
99 217
99 304
99 309
100 134
100 220
100 231
101 133
101 156
101 257
102 107
102 115
102 124
102 150
102 215
102 231
102 233
102 252
102 272
102 285
103 116
103 131
103 163
103 249
103 260
103 283
103 291
103 303
104 129
104 135
104 156
104 158
104 160
104 179
104 233
104 294
104 305
105 121
105 131
105 135
105 157
105 246
105 276
106 109
106 129
106 241
106 252
107 128
107 131
107 156
107 204
107 228
107 230
108 118
108 134
108 234
108 261
109 135
109 160
109 184
109 231
110 132
110 211
110 285
110 308
112 157
112 211
112 309
113 115
113 130
113 220
114 135
114 146
114 160
114 229
115 141
115 238
115 239
115 241
115 248
117 124
117 133
117 287
118 128
118 136
118 210
118 220
118 242
118 258
118 285
118 307
119 131
119 200
119 261
119 305
120 133
120 156
120 229
120 264
121 133
121 180
121 202
121 283
121 287
121 294
122 158
122 174
122 219
122 252
123 131
123 171
124 132
124 148
124 157
124 162
124 208
124 215
124 290
127 167
128 135
128 242
128 256
128 293
129 148
129 153
129 174
129 199
129 200
129 205
129 207
129 215
129 216
129 217
129 232
129 247
129 249
129 262
129 276
129 281
129 286
129 287
129 298
129 301
130 133
130 134
130 139
130 178
130 184
130 186
130 202
130 224
130 227
130 239
130 241
130 246
130 249
130 275
130 277
131 145
131 166
131 167
131 178
131 182
131 195
131 200
131 201
131 210
131 223
131 228
131 268
131 279
131 283
131 287
131 290
131 303
132 135
132 243
133 134
133 140
133 150
133 152
133 160
133 161
133 174
133 180
133 185
133 205
133 224
133 269
133 286
133 298
133 299
133 305
134 136
134 140
134 148
134 152
134 167
134 172
134 181
134 188
134 193
134 210
134 233
134 265
134 287
134 304
134 305
135 148
135 176
135 184
135 185
135 205
135 212
135 215
135 220
135 222
135 223
135 243
135 244
135 245
135 264
135 278
135 281
135 288
135 289
135 301
136 148
136 149
136 157
136 161
136 173
136 174
136 200
136 202
136 208
136 213
136 241
136 299
137 218
137 220
137 224
137 240
137 284
138 287
139 158
139 185
139 286
140 179
140 182
140 214
140 298
141 196
142 173
142 200
143 145
144 224
145 173
145 249
145 258
145 260
145 274
147 193
147 226
147 247
148 149
148 166
148 211
148 220
148 223
148 279
148 287
149 152
149 179
149 193
149 201
149 304
150 234
150 239
151 266
151 276
151 278
152 174
152 206
152 227
152 248
152 283
153 182
153 205
153 258
154 285
155 194
155 219
155 286
156 159
156 166
156 191
156 274
156 287
157 162
157 191
157 217
157 245
157 288
157 315
158 200
158 304
159 160
159 173
159 247
159 260
160 216
160 242
160 307
161 211
162 247
164 207
165 281
166 167
166 176
167 200
167 212
167 229
167 232
167 235
167 258
167 269
167 297
167 298
168 189
168 210
168 218
169 172
169 216
170 214
171 189
172 200
172 272
172 294
173 243
173 249
174 181
174 261
174 288
178 232
178 290
179 276
179 291
180 183
180 198
180 239
180 287
180 305
181 224
182 252
184 248
187 200
187 312
188 192
188 274
189 309
191 269
191 277
191 287
191 293
193 195
193 224
193 249
193 252
193 266
193 267
193 278
193 288
193 295
193 301
193 314
194 230
194 243
194 272
194 286
195 218
195 223
196 215
196 252
197 213
197 233
198 275
199 222
199 276
199 283
200 210
200 219
200 235
200 236
200 258
201 242
202 269
202 315
203 240
204 242
204 313
205 246
205 255
205 304
206 233
206 236
209 274
209 302
209 307
210 216
210 220
210 272
210 287
210 292
211 216
211 233
211 298
212 234
212 251
212 252
212 286
213 244
213 288
214 288
216 238
217 264
218 220
218 257
218 284
219 259
219 305
220 285
220 288
220 296
222 228
222 270
223 251
224 267
224 269
224 288
224 312
226 261
227 245
227 261
230 286
230 303
231 271
232 304
233 279
234 272
234 274
235 298
237 285
238 256
238 309
239 304
244 278
244 297
247 284
249 301
249 302
250 279
255 295
255 296
260 287
263 288
265 308
269 283
269 313
277 286
277 298
277 307
278 305
281 298
287 288
288 291
288 306
298 304
310 312
