0 16
0 200
0 248
1 87
1 90
1 123
1 157
1 167
1 243
1 281
2 7
2 17
2 28
2 53
2 103
2 104
2 124
2 131
2 133
2 142
2 145
2 152
2 153
2 156
2 158
2 175
2 197
2 205
2 206
2 235
2 267
2 280
2 290
2 294
2 300
2 301
3 47
3 152
3 216
4 149
4 152
4 223
4 236
4 239
5 10
5 22
5 27
5 32
5 68
5 115
5 202
5 224
5 233
6 8
6 129
6 134
7 13
7 14
7 21
7 33
7 40
7 46
7 52
7 60
7 99
7 107
7 124
7 130
7 131
7 173
7 174
7 175
7 197
8 12
8 63
8 64
8 73
8 102
8 118
8 131
8 135
8 165
8 182
8 197
8 218
8 236
8 245
8 253
8 262
8 271
8 275
8 283
8 292
8 293
8 296
9 16
9 33
9 50
9 308
10 16
10 67
10 72
10 264
10 286
11 131
11 149
12 18
12 24
12 58
12 67
12 72
12 79
12 107
12 134
12 174
13 75
13 94
13 103
13 167
13 179
14 45
14 59
14 149
14 153
14 163
14 258
15 90
15 118
15 134
15 216
15 220
15 305
16 18
16 24
16 25
16 28
16 42
16 77
16 88
16 102
16 104
16 112
16 124
16 131
16 192
16 215
16 221
16 283
16 295
17 30
17 43
17 77
17 140
17 224
17 226
17 272
17 313
18 22
18 26
18 97
18 98
18 136
18 180
18 192
18 205
18 215
18 239
18 276
19 74
19 86
19 130
19 158
19 160
19 242
20 121
20 183
20 218
20 224
20 238
20 258
21 119
22 54
22 131
23 28
23 167
23 193
23 197
24 80
24 81
24 178
24 200
24 208
24 249
25 44
25 149
25 241
25 250
26 134
26 180
26 258
27 265
28 42
28 105
28 205
28 233
28 245
29 49
29 63
29 130
29 167
29 285
30 98
30 305
30 313
31 64
31 83
31 104
31 118
31 134
31 135
31 138
31 186
31 195
31 223
31 227
31 230
31 249
31 293
32 35
32 45
32 68
32 88
32 92
32 98
32 108
32 110
32 130
32 131
32 135
32 184
32 200
32 211
32 236
32 258
32 276
32 299
32 308
33 49
33 54
33 68
33 74
33 82
33 101
33 103
33 107
33 132
33 134
33 135
33 142
33 148
33 163
33 179
33 182
33 191
33 192
33 211
33 247
33 249
34 94
34 129
34 172
34 234
34 255
34 259
34 309
35 36
35 74
35 102
35 107
35 182
35 247
36 51
36 116
36 148
36 263
36 288
36 299
37 89
37 104
37 117
37 127
37 276
38 110
38 124
38 140
38 185
38 200
39 50
39 132
39 196
39 291
40 42
40 85
40 129
40 133
40 136
40 200
40 251
41 42
41 50
41 93
41 133
41 152
41 172
41 179
41 188
41 220
41 250
42 46
42 56
42 67
42 163
42 243
42 255
42 265
42 285
43 120
43 126
43 133
43 172
43 269
44 103
44 130
44 134
44 280
45 54
45 59
45 73
45 97
45 104
45 133
45 149
45 160
45 240
45 279
45 298
46 51
46 61
46 80
46 88
46 110
46 134
46 138
46 149
46 151
46 158
46 185
46 210
46 214
46 249
46 269
46 288
46 305
47 67
47 92
47 101
47 129
47 156
47 217
47 315
48 83
48 134
48 176
48 179
48 206
48 215
48 220
49 101
49 111
49 131
49 266
49 287
50 59
50 67
50 75
50 76
50 89
50 94
50 97
50 156
50 200
50 210
50 238
50 311
51 67
51 98
51 112
51 124
51 125
51 176
51 177
51 204
51 231
51 238
51 258
51 267
52 56
52 97
52 145
52 217
53 59
54 81
54 96
54 120
54 217
55 218
55 252
56 103
56 122
56 134
56 201
56 220
56 247
56 267
56 283
57 197
57 278
57 295
58 66
58 87
58 209
59 74
59 92
59 94
59 96
59 98
59 110
59 119
59 136
59 150
59 156
59 163
59 239
59 288
59 315
60 61
60 130
60 135
60 152
60 188
60 247
61 107
61 109
61 114
61 160
61 168
61 288
62 132
63 103
63 130
63 145
63 149
64 68
64 94
64 97
64 102
64 115
64 136
64 152
64 181
64 207
64 220
64 242
64 298
65 145
65 232
66 105
66 179
66 210
67 77
67 80
67 133
67 140
67 142
67 154
67 157
67 181
67 229
67 232
67 258
67 266
67 286
68 121
68 133
68 136
68 211
68 242
68 275
68 281
69 108
69 110
70 210
71 134
71 279
72 89
72 102
72 130
72 164
72 212
72 285
72 302
72 303
73 114
73 135
73 176
73 188
73 284
74 103
74 107
74 152
74 180
74 195
74 275
74 283
74 284
74 286
74 305
74 314
74 315
75 85
75 121
75 133
75 135
75 150
75 225
75 254
75 286
76 78
76 106
76 131
76 147
76 209
76 233
76 238
76 315
77 129
77 194
78 202
78 244
78 249
79 130
79 136
79 157
79 219
80 96
80 130
80 132
80 157
80 159
80 181
80 215
80 223
80 314
81 83
81 124
81 129
81 134
81 137
81 144
81 200
81 270
81 287
82 130
82 283
83 118
83 124
83 135
83 148
83 180
83 181
83 261
84 135
85 103
86 98
86 156
86 173
87 99
87 103
87 121
87 135
87 136
87 156
87 234
87 240
87 246
87 275
87 276
88 128
88 272
89 133
89 146
89 205
89 215
89 289
90 145
90 282
90 292
91 135
91 164
91 259
92 97
92 99
92 101
92 135
92 138
92 244
92 294
92 297
93 156
94 124
94 167
94 198
94 258
95 135
95 148
95 158
96 125
96 129
96 162
96 181
96 267
96 298
97 102
97 179
97 223
97 244
97 261
97 266
97 267
97 285
97 288
97 290
97 312
98 132
98 135
98 173
98 239
98 315
99 122
99 134
99 154
99 223
101 115
101 124
101 136
101 161
101 233
101 263
101 280
101 292
102 103
102 106
102 121
102 129
102 137
102 166
102 193
102 240
102 242
102 276
102 293
102 307
103 105
103 114
103 130
103 136
103 137
103 156
103 180
103 188
103 200
103 220
103 236
103 276
104 156
104 188
104 223
104 250
105 144
105 156
105 233
105 262
106 129
106 134
106 156
106 158
106 169
106 181
106 202
106 246
106 270
106 287
107 117
107 122
107 135
107 152
107 207
108 110
108 129
108 172
108 193
108 219
108 223
108 255
108 269
109 122
109 146
109 294
110 122
110 130
110 134
110 156
110 265
110 309
110 314
112 159
112 162
112 283
112 284
113 124
113 239
113 264
114 122
114 194
114 285
115 273
115 310
116 130
116 193
117 133
117 135
117 145
117 220
117 252
117 299
117 310
118 120
118 124
118 149
118 152
118 167
118 188
118 276
118 286
118 288
119 296
120 287
121 124
121 132
121 134
121 174
121 277
122 124
122 135
122 188
122 209
122 296
123 130
123 135
123 168
123 261
123 285
124 131
124 172
124 180
124 201
124 249
124 270
124 303
124 310
125 213
126 158
126 181
127 129
127 220
127 225
128 131
129 130
129 131
129 133
129 135
129 145
129 157
129 191
129 202
129 206
129 210
129 242
129 276
129 286
129 287
129 288
129 291
129 295
129 305
129 314
129 315
130 142
130 148
130 157
130 159
130 178
130 200
130 201
130 210
130 214
130 217
130 231
130 236
130 271
130 285
130 287
130 303
130 310
130 311
131 133
131 134
131 142
131 147
131 206
131 215
131 217
131 243
131 254
131 265
131 281
131 287
131 303
132 167
132 201
132 205
132 301
133 136
133 142
133 150
133 160
133 164
133 174
133 181
133 200
133 203
133 206
133 224
133 232
133 244
133 251
133 255
133 287
133 295
133 314
134 152
134 162
134 181
134 186
134 193
134 194
134 206
134 208
134 210
134 213
134 215
134 225
134 228
134 240
134 272
134 273
134 284
134 285
134 305
134 307
135 136
135 154
135 159
135 167
135 178
135 180
135 188
135 193
135 194
135 200
135 215
135 220
135 224
135 310
136 156
136 193
136 205
136 214
136 224
136 241
136 262
136 272
136 297
137 180
137 220
138 146
138 160
138 224
139 194
139 249
139 268
140 213
140 260
140 285
141 152
141 192
141 223
141 271
143 240
145 152
145 171
146 239
146 314
148 149
148 152
148 200
148 245
148 285
149 180
149 197
149 209
149 249
149 303
149 306
149 314
150 173
150 287
152 167
152 215
152 288
152 290
152 299
154 156
154 182
154 205
154 269
154 305
155 185
155 224
155 277
156 177
156 193
156 197
156 205
156 219
156 236
156 238
156 266
156 269
156 276
157 169
157 217
157 259
157 267
157 310
158 303
160 176
160 179
160 208
160 219
160 230
160 234
160 257
160 271
162 195
162 200
162 311
163 227
164 193
164 276
166 193
166 261
166 295
167 197
167 204
167 210
167 239
167 254
167 265
167 272
167 278
167 285
167 299
168 171
168 292
169 303
171 198
172 218
172 265
173 193
173 269
174 205
174 242
174 279
175 283
176 206
176 291
179 188
179 197
179 233
179 278
180 213
180 214
180 250
180 262
180 305
180 308
184 211
184 231
184 244
184 264
185 215
186 195
188 210
188 218
188 261
188 271
190 206
191 249
192 194
193 222
193 249
193 265
193 280
193 284
193 292
194 247
194 305
195 209
195 233
195 264
195 283
196 215
197 214
197 314
199 230
200 209
200 249
200 281
200 286
201 313
202 256
202 283
203 302
203 313
204 292
204 301
205 212
205 286
206 223
206 249
206 283
208 212
208 241
208 291
209 258
209 270
210 230
211 225
212 238
212 249
214 220
214 261
215 231
215 232
215 239
215 295
216 272
218 296
219 249
219 273
219 311
220 232
220 276
221 290
222 225
222 229
222 309
224 260
225 287
226 278
229 287
229 293
231 295
232 237
232 275
232 281
232 286
233 255
234 287
237 298
238 242
239 273
239 298
240 287
243 255
243 313
244 277
244 287
245 293
246 266
247 288
252 288
257 303
258 294
268 304
269 302
270 305
271 284
273 282
274 285
274 315
275 288
276 283
278 286
281 295
281 315
282 285
285 301
288 306
298 305
