0 160
0 167
0 222
0 277
1 25
1 116
1 131
1 167
1 169
1 217
2 40
2 65
2 121
2 152
2 159
2 188
2 197
2 202
2 204
2 217
2 228
2 236
2 270
2 285
2 293
2 299
3 156
3 206
4 24
4 91
4 143
4 193
5 47
5 122
5 156
5 260
6 45
6 68
6 114
6 130
6 286
6 293
7 24
7 58
7 87
7 104
7 124
7 131
7 152
7 169
7 180
7 199
7 200
7 213
7 244
7 299
8 14
8 30
8 47
8 66
8 68
8 79
8 86
8 97
8 106
8 131
8 133
8 177
8 188
8 222
8 227
8 247
8 298
8 305
8 307
9 16
9 62
9 81
9 86
9 94
9 102
9 210
9 223
10 135
10 239
10 287
11 152
11 170
11 293
11 305
12 14
12 100
12 153
12 160
12 225
12 249
12 265
12 288
12 299
13 16
13 95
13 104
13 134
13 142
13 176
13 233
13 288
14 32
14 39
14 41
14 55
14 71
14 75
14 90
14 104
14 133
14 134
14 139
14 181
14 197
14 213
14 219
14 285
15 74
15 75
15 159
15 160
15 162
15 211
15 286
15 293
16 40
16 55
16 68
16 85
16 107
16 131
16 148
16 152
16 153
16 175
16 180
16 188
16 199
16 201
16 211
16 310
17 28
17 31
17 33
17 50
17 70
17 131
17 220
17 230
18 28
18 56
18 57
18 133
18 157
18 165
18 180
18 246
18 280
19 66
19 130
19 151
19 210
20 45
20 62
20 85
20 97
20 110
20 239
20 252
20 281
20 291
20 302
21 32
21 183
21 273
22 130
22 167
23 69
24 41
24 88
24 149
24 157
24 209
24 285
24 287
25 150
26 85
26 142
26 162
26 200
27 129
28 31
28 80
28 81
28 125
28 128
28 133
28 156
28 188
28 210
28 213
28 218
28 290
28 291
29 265
29 304
29 309
30 86
30 102
30 217
30 238
30 239
30 294
31 43
31 83
31 101
31 110
31 119
31 121
31 131
31 153
31 180
31 206
31 216
31 218
31 231
31 244
31 279
31 287
31 288
31 296
32 54
32 75
32 110
32 118
32 131
32 133
32 135
32 137
32 152
32 156
32 180
32 185
32 191
32 205
32 239
32 284
32 288
32 313
33 39
33 46
33 50
33 55
33 65
33 80
33 117
33 130
33 133
33 140
33 148
33 188
33 204
33 286
33 309
34 92
34 129
34 135
34 152
34 188
35 37
35 50
35 66
35 167
35 180
35 192
36 94
36 99
36 123
36 136
36 178
36 223
36 312
38 108
38 124
38 161
39 124
39 162
39 174
39 229
39 273
39 279
40 60
40 87
40 140
40 203
41 51
41 60
41 96
41 188
41 228
41 297
42 81
42 92
42 138
42 153
42 174
42 215
42 255
43 239
43 249
44 83
44 129
44 156
44 215
44 241
45 67
45 92
45 117
45 135
45 153
45 157
45 159
45 160
45 206
45 238
45 286
45 313
46 51
46 59
46 121
46 130
46 156
46 231
46 249
46 280
46 303
46 304
47 102
47 204
47 249
47 314
48 74
48 134
48 148
48 245
49 97
49 103
49 105
50 118
50 135
50 145
50 172
50 193
50 264
50 295
51 67
51 125
51 148
51 149
51 156
51 257
51 259
52 104
52 196
52 244
54 204
54 223
54 279
55 80
55 140
55 287
55 290
56 80
56 85
56 86
56 130
56 135
56 142
56 157
56 184
56 188
56 244
56 245
56 258
57 72
58 68
58 196
58 210
58 214
59 78
59 85
59 117
59 130
59 157
59 208
59 216
59 231
59 232
59 234
59 238
59 247
59 249
59 266
59 271
59 303
60 110
60 118
60 127
60 129
60 131
60 133
60 209
61 138
61 147
61 163
61 200
61 216
61 265
62 115
62 180
62 290
63 69
63 129
63 198
64 130
64 133
64 159
64 181
64 224
65 75
65 80
65 138
65 212
66 157
66 179
67 97
67 130
67 136
67 167
67 286
67 297
68 89
68 129
68 130
68 135
68 245
68 249
68 304
69 98
69 101
69 134
69 293
70 96
70 110
70 128
70 191
70 302
70 305
71 181
71 249
72 135
72 136
72 176
72 185
73 77
73 148
73 285
74 130
74 167
74 175
74 244
74 312
75 110
75 153
75 154
75 167
75 193
75 229
75 236
75 271
76 130
77 80
77 156
77 185
77 189
77 214
78 87
78 133
78 136
78 195
78 212
78 250
78 283
78 288
79 135
79 191
79 193
79 231
80 87
80 97
80 98
81 115
81 220
81 276
83 131
83 188
83 191
83 221
84 113
84 208
84 302
85 131
85 152
85 175
85 178
85 204
86 131
86 162
86 240
87 131
87 156
87 175
87 196
87 202
87 232
88 220
88 255
88 291
89 102
89 149
89 206
89 267
89 273
89 302
90 273
91 109
91 134
91 167
91 200
92 120
92 124
92 134
92 172
92 195
92 196
92 220
92 238
92 266
92 287
92 289
92 302
93 130
94 109
94 134
94 187
94 220
94 263
94 264
94 286
94 288
94 306
95 110
95 201
95 213
95 217
95 229
95 264
95 287
96 115
96 218
96 247
97 162
97 188
97 278
97 283
97 310
98 134
98 135
98 231
99 156
99 217
99 270
100 196
100 295
101 129
101 135
101 200
101 247
101 250
101 252
101 288
102 103
102 129
102 133
102 136
102 172
102 214
102 239
102 269
102 303
103 111
103 203
103 264
103 267
103 268
103 285
104 136
104 287
105 124
105 135
105 173
105 193
105 218
106 133
106 140
106 168
106 178
107 129
107 160
107 214
107 218
107 239
108 132
108 156
108 157
108 188
108 191
108 272
109 115
109 121
109 136
109 240
109 241
109 252
109 270
109 279
109 292
110 123
110 180
110 182
110 296
110 302
111 135
111 147
111 268
112 131
113 249
114 249
114 303
115 167
115 272
115 288
116 128
116 236
117 129
117 133
117 134
117 136
117 193
117 215
117 277
117 283
117 293
118 135
118 148
118 149
118 188
118 200
118 288
118 302
119 185
120 128
120 135
120 174
120 201
120 272
121 195
121 245
122 131
122 160
122 168
122 231
122 272
122 297
123 138
123 191
123 221
124 134
124 188
124 247
124 258
124 273
124 279
125 179
125 224
125 239
126 177
127 133
128 130
128 133
128 134
128 135
128 235
128 289
129 130
129 133
129 134
129 135
129 142
129 157
129 158
129 164
129 188
129 205
129 214
129 224
129 232
129 235
129 241
129 242
129 305
129 313
130 131
130 134
130 136
130 163
130 165
130 168
130 169
130 171
130 183
130 197
130 210
130 216
130 217
130 220
130 232
130 272
130 279
130 288
131 134
131 136
131 163
131 184
131 193
131 215
131 216
131 220
131 236
131 245
131 258
131 260
132 141
132 247
132 255
133 135
133 148
133 157
133 164
133 193
133 208
133 259
133 285
133 291
133 306
133 311
134 135
134 145
134 148
134 188
134 202
134 220
134 236
134 238
134 258
134 278
134 285
134 286
134 287
135 145
135 166
135 179
135 191
135 200
135 223
135 274
135 278
135 288
135 293
136 138
136 165
136 191
136 213
136 303
137 219
137 230
137 254
138 140
138 180
138 223
138 264
138 284
138 286
139 271
139 308
140 195
140 212
140 214
140 218
140 286
140 296
141 276
141 305
142 188
142 281
144 260
145 193
145 235
145 237
145 291
146 288
147 200
148 157
148 215
148 220
148 221
148 231
148 264
148 275
149 199
149 200
149 208
149 264
149 295
149 298
150 153
150 156
150 181
150 206
150 252
151 157
152 200
152 287
152 305
153 201
153 220
154 245
154 293
154 301
156 157
156 165
156 171
156 172
156 177
156 180
156 198
156 219
156 220
156 238
156 284
156 287
156 303
156 314
157 218
157 249
157 287
159 174
159 186
159 195
159 205
159 215
159 305
160 169
160 194
160 197
160 205
160 257
160 260
160 279
162 174
162 224
162 277
162 289
162 303
163 220
164 180
164 276
166 186
166 203
166 258
167 177
167 211
167 269
167 272
167 279
167 285
167 286
167 296
168 223
170 193
171 188
171 258
171 286
172 173
173 178
173 293
174 231
174 304
176 247
177 215
177 244
179 184
179 206
179 224
180 189
180 194
180 210
180 242
180 260
181 249
181 268
182 278
184 224
185 227
187 214
187 287
188 301
188 305
191 197
191 200
191 204
191 273
191 283
192 252
192 283
192 290
193 220
193 272
193 288
193 297
193 311
194 287
195 205
195 238
196 266
196 279
197 269
197 287
199 223
200 215
200 274
200 305
201 216
201 288
202 295
206 303
206 315
208 218
208 243
208 278
208 283
208 287
208 298
209 285
209 303
212 287
213 271
213 275
214 282
214 287
215 218
215 249
215 313
216 307
219 284
220 227
220 271
220 285
220 288
220 298
222 247
222 270
223 281
224 242
224 286
227 228
227 297
229 283
230 282
232 286
233 297
235 269
237 255
237 283
238 288
238 293
239 267
239 283
239 287
240 244
240 265
241 257
241 276
242 314
243 244
243 268
244 272
245 258
246 278
247 287
247 303
249 254
249 268
249 279
249 304
249 305
252 264
252 265
252 275
252 288
258 269
263 266
265 266
268 299
269 299
270 305
271 296
272 305
273 283
278 287
278 292
278 308
283 306
286 304
286 309
287 296
289 295
294 314
302 311
303 309
