0 58
0 201
0 209
0 267
1 18
1 35
1 149
1 288
2 23
2 63
2 71
2 80
2 109
2 133
2 156
2 158
2 205
2 233
2 259
2 293
2 302
3 232
4 6
4 27
4 140
4 180
4 233
4 309
5 20
5 129
5 154
5 259
5 266
5 301
6 32
6 62
6 92
6 118
6 134
6 137
6 158
6 218
6 280
6 287
7 62
7 97
7 104
7 111
7 129
7 130
7 131
7 140
7 160
7 206
7 217
7 309
8 22
8 47
8 81
8 89
8 106
8 130
8 136
8 179
8 182
8 210
8 244
8 273
8 314
9 18
9 72
9 133
9 169
9 212
9 315
10 49
10 106
11 118
11 141
11 149
11 193
12 15
12 50
12 54
12 86
12 118
12 158
12 204
12 221
12 224
12 276
12 281
12 286
13 18
13 24
13 106
13 210
13 259
14 39
14 95
14 172
14 218
15 56
15 74
15 114
15 168
15 205
16 47
16 64
16 76
16 101
16 102
16 103
16 106
16 118
16 129
16 160
16 167
16 172
16 216
16 242
16 243
16 248
16 270
16 278
17 134
17 220
17 229
18 43
18 55
18 129
18 136
18 152
18 158
18 162
18 205
18 207
18 248
18 296
19 124
19 162
20 98
20 130
20 182
20 206
20 219
20 305
20 307
21 31
21 60
21 109
22 160
22 163
23 85
23 136
23 246
24 124
24 135
24 138
24 146
25 79
25 82
25 120
25 130
25 131
25 145
25 167
25 200
25 276
25 286
25 288
26 53
26 77
26 134
27 106
27 133
27 188
28 60
28 106
28 180
28 192
28 282
28 296
28 309
29 45
29 131
30 33
30 73
30 156
30 314
31 80
31 110
31 118
31 134
31 149
31 153
31 157
31 160
31 211
31 224
31 231
31 234
31 255
31 266
31 278
32 99
32 122
32 124
32 134
32 140
32 192
32 193
32 258
32 287
32 311
33 36
33 41
33 83
33 103
33 129
33 130
33 135
33 136
33 141
33 156
33 210
33 220
33 242
33 261
33 301
34 42
34 105
34 111
34 196
34 200
34 310
35 76
35 104
35 276
36 47
36 133
36 185
36 220
36 249
37 129
37 135
37 155
37 270
38 133
39 77
39 78
39 149
39 164
39 206
39 226
39 269
40 63
40 76
40 102
40 104
40 131
40 295
41 45
41 117
41 134
41 282
42 45
42 89
42 99
42 101
42 112
42 133
42 134
42 138
42 243
43 67
43 76
43 156
43 245
44 73
44 78
44 103
44 130
44 184
45 58
45 111
45 134
45 149
45 189
45 195
45 260
45 303
46 51
46 129
46 156
46 160
46 210
46 222
46 294
47 57
47 59
47 129
47 155
47 310
48 145
48 164
49 160
49 205
50 160
50 184
50 196
51 148
51 156
51 163
51 267
51 290
52 105
52 166
52 181
52 210
52 211
54 64
54 74
54 130
54 148
55 109
55 136
55 232
55 309
56 136
56 217
56 247
56 264
57 238
57 249
57 287
58 136
58 269
59 87
59 118
59 129
59 134
59 188
59 195
59 210
59 217
59 231
59 232
59 266
59 292
60 146
60 171
60 191
60 193
60 217
60 245
60 248
60 265
60 278
61 180
61 201
61 235
62 75
62 84
62 101
62 106
62 135
62 142
62 156
62 192
62 249
62 256
62 273
63 87
63 156
63 187
63 293
63 301
63 306
64 76
64 273
65 134
65 233
66 102
66 119
66 239
67 68
67 104
67 110
67 130
67 131
67 136
67 145
67 156
67 181
67 231
67 279
67 285
68 133
68 159
68 170
68 233
68 241
68 257
68 261
68 294
68 301
69 173
69 249
69 309
70 89
70 141
70 258
71 86
71 135
71 218
72 83
72 166
73 129
73 204
74 95
74 105
74 117
74 131
74 132
74 135
74 149
74 174
74 197
74 261
75 88
75 118
75 130
75 204
75 205
75 252
75 292
76 131
76 304
77 79
77 98
77 110
77 134
77 193
77 199
77 273
78 191
78 209
79 92
79 134
79 144
79 152
79 223
80 117
80 220
80 272
80 314
81 95
81 130
81 162
81 287
82 166
83 101
83 118
83 130
83 160
83 241
83 270
83 283
83 299
84 129
84 214
84 295
85 165
85 255
87 106
87 109
87 135
87 185
87 191
88 106
88 118
88 122
88 131
88 313
89 97
89 129
89 131
89 134
90 157
90 168
90 267
91 204
91 229
92 132
92 134
92 140
92 180
92 275
92 287
93 244
94 133
94 135
94 230
95 188
95 210
95 232
95 273
95 283
95 301
96 216
96 219
97 130
97 131
97 133
97 137
97 154
97 180
97 191
97 309
98 109
98 119
98 218
98 287
99 249
100 199
101 103
101 112
101 133
101 134
101 157
101 181
101 232
101 263
101 275
101 304
102 125
102 133
102 136
102 303
103 118
103 131
103 134
103 149
103 156
103 160
103 193
103 218
103 234
103 249
104 106
104 112
104 118
104 131
104 160
104 180
104 206
104 232
104 276
105 135
105 148
105 205
105 259
105 275
106 217
106 230
106 272
106 275
106 284
106 307
107 152
108 145
108 233
108 273
108 275
109 185
109 187
109 248
109 257
110 130
110 152
110 154
110 185
110 200
110 217
110 233
110 252
111 159
111 242
111 252
113 310
114 220
114 233
115 117
115 123
115 134
115 145
115 239
115 296
115 297
117 130
117 133
117 142
117 179
117 250
118 159
118 167
118 172
118 174
118 212
118 234
118 237
118 282
118 312
119 230
119 245
120 133
120 135
120 180
120 181
120 229
121 180
121 200
121 206
121 220
121 225
121 241
121 242
121 269
121 295
122 159
122 204
122 278
123 162
123 208
124 269
124 273
124 311
125 129
125 176
126 280
126 287
126 310
127 130
128 215
128 289
128 308
129 130
129 133
129 135
129 144
129 171
129 174
129 176
129 179
129 210
129 211
129 245
129 249
129 252
129 256
129 265
129 270
129 277
129 281
129 292
129 302
129 313
130 131
130 154
130 156
130 157
130 179
130 184
130 200
130 204
130 208
130 209
130 224
130 236
130 247
130 257
130 266
130 269
130 285
130 297
130 303
131 135
131 142
131 152
131 156
131 160
131 202
131 213
131 218
131 222
131 224
131 257
131 281
131 309
132 208
132 216
132 220
132 233
132 313
133 137
133 141
133 148
133 157
133 162
133 173
133 176
133 191
133 196
133 205
133 209
133 212
133 218
133 222
133 224
133 245
133 255
133 278
133 291
133 311
134 136
134 140
134 150
134 153
134 191
134 197
134 200
134 208
134 228
134 234
134 239
134 240
134 257
134 265
134 268
134 272
134 278
134 285
134 287
134 304
134 314
134 315
135 138
135 157
135 160
135 174
135 180
135 193
135 200
135 204
135 224
135 233
135 245
135 249
135 252
135 258
135 277
135 285
135 303
136 149
136 156
136 157
136 193
136 217
136 218
136 220
136 243
136 248
136 249
136 272
136 283
136 287
136 301
136 305
136 311
137 149
137 156
137 193
137 250
137 258
138 205
138 263
138 286
138 288
138 293
138 307
140 204
140 210
140 215
140 251
140 294
141 216
141 303
142 289
143 232
144 195
144 222
145 180
145 193
145 194
145 217
146 193
146 213
146 311
147 154
147 210
147 238
147 287
147 298
148 169
148 193
148 202
148 214
148 217
148 271
149 191
149 200
149 204
149 237
149 242
149 249
150 311
152 218
152 237
152 266
152 279
152 315
153 260
155 206
156 160
156 190
156 204
156 239
156 286
156 287
156 288
156 313
157 172
157 173
157 197
157 311
158 193
159 166
160 188
160 210
160 216
160 286
161 173
161 220
162 266
164 239
164 267
165 268
165 301
166 215
167 180
167 200
167 214
167 215
167 216
167 278
167 283
169 225
169 240
171 243
172 225
172 262
173 174
173 203
173 291
174 201
174 215
174 223
174 232
174 249
174 285
176 224
178 306
179 185
179 233
179 286
179 308
180 206
180 231
180 242
180 249
180 266
180 276
180 288
181 205
181 239
182 200
184 205
184 249
185 211
186 288
188 201
188 208
188 213
188 229
188 236
188 255
188 287
191 196
191 220
191 235
191 256
191 293
193 227
193 238
193 261
193 284
193 314
195 285
195 291
197 216
197 314
198 204
199 249
199 303
199 309
200 205
200 244
200 272
200 286
200 295
201 231
201 273
204 224
204 287
205 222
205 255
206 314
208 210
208 231
209 229
209 284
209 304
210 231
210 239
210 245
210 249
210 258
213 228
214 244
215 286
215 290
215 308
216 220
216 232
216 287
216 299
217 240
217 307
218 288
219 280
219 303
219 313
220 223
220 269
221 249
224 274
224 282
226 269
229 235
230 255
230 287
231 232
231 241
231 288
233 292
235 294
237 274
238 268
238 308
239 266
239 275
239 287
239 292
240 264
241 243
242 297
243 276
247 248
248 288
249 258
249 292
249 312
250 264
252 255
258 279
259 301
265 288
268 285
271 285
273 298
275 285
278 309
281 286
285 288
287 298
