0 7
0 180
0 220
0 224
0 305
1 28
1 90
1 102
1 133
1 134
1 197
2 4
2 16
2 25
2 32
2 77
2 86
2 102
2 107
2 134
2 156
2 174
2 188
2 208
2 232
3 261
3 269
3 286
4 98
4 133
4 193
4 233
4 243
4 284
5 78
5 120
5 130
5 156
5 249
5 259
6 46
6 103
6 129
6 135
6 146
6 164
6 271
7 41
7 54
7 58
7 76
7 104
7 129
7 160
7 167
7 193
7 200
7 214
7 280
7 287
7 298
7 305
8 16
8 21
8 37
8 50
8 65
8 81
8 98
8 101
8 105
8 128
8 134
8 158
8 166
8 181
8 194
8 206
8 218
8 220
8 239
8 243
8 259
8 282
8 312
9 142
9 160
9 198
9 202
9 210
9 245
9 291
10 126
10 152
10 185
10 303
11 17
11 61
11 133
11 156
11 195
11 239
11 315
12 15
12 16
12 41
12 45
12 63
12 102
12 108
12 135
12 216
12 239
12 303
13 113
13 118
13 142
13 272
14 29
14 80
14 88
14 104
14 134
14 180
14 184
14 196
14 206
14 226
14 273
15 44
15 57
15 68
15 159
15 198
15 223
15 241
16 24
16 33
16 36
16 47
16 66
16 87
16 89
16 96
16 101
16 109
16 117
16 120
16 121
16 125
16 130
16 140
16 157
16 175
16 180
16 187
16 189
16 196
16 197
16 215
16 224
16 297
16 299
17 56
17 130
17 181
18 29
18 33
18 40
18 67
18 101
18 110
18 143
18 243
18 273
18 281
19 82
19 210
19 258
19 286
20 32
20 78
20 98
20 210
20 252
21 56
21 107
21 193
21 222
21 233
22 34
22 157
22 213
23 49
23 89
23 102
23 108
23 133
23 197
23 218
23 302
24 72
24 117
24 131
24 176
24 199
24 219
24 252
24 288
24 298
25 43
25 80
25 103
25 104
25 121
25 131
25 149
25 292
26 46
26 131
26 156
26 258
27 46
27 52
27 60
27 74
27 106
27 297
28 131
28 157
28 191
28 220
28 266
28 298
29 121
29 133
29 135
29 173
29 191
30 32
30 37
30 66
30 87
30 273
30 279
30 292
31 48
31 58
31 81
31 85
31 103
31 107
31 131
31 149
31 156
31 192
31 201
31 233
31 284
31 307
32 34
32 36
32 54
32 69
32 76
32 84
32 89
32 94
32 113
32 127
32 128
32 157
32 162
32 175
32 180
32 205
32 218
32 220
32 242
32 244
32 252
33 49
33 63
33 117
33 134
33 140
33 152
33 167
33 180
33 185
33 193
33 209
33 228
33 243
33 287
34 130
34 152
34 156
34 191
34 194
34 222
34 224
34 304
35 61
35 103
35 107
35 112
35 185
35 218
36 45
36 94
36 134
36 205
36 239
36 305
37 92
37 98
37 118
37 132
37 134
37 136
37 149
37 189
37 216
37 287
38 208
38 210
38 301
39 54
39 108
39 135
39 137
39 144
39 184
39 199
39 211
39 230
39 305
40 83
40 106
40 131
40 133
40 136
40 193
40 239
40 249
40 250
40 287
41 100
41 200
41 214
42 46
42 55
42 84
42 112
42 121
42 134
42 232
42 239
43 104
43 116
43 130
43 276
44 93
44 156
45 50
45 57
45 66
45 67
45 75
45 97
45 130
45 156
45 160
45 168
45 179
46 79
46 87
46 92
46 113
46 130
46 145
46 200
46 212
46 220
46 233
46 239
46 241
46 250
46 269
46 310
46 314
47 98
47 150
47 176
47 188
47 200
47 260
47 293
48 102
48 176
48 233
49 63
49 67
49 96
49 97
49 134
49 135
49 139
49 145
49 215
49 255
50 64
50 96
50 126
50 129
50 133
50 145
50 148
50 151
50 156
50 188
51 63
51 133
51 145
51 152
51 157
51 160
51 220
51 269
52 116
52 134
52 156
52 203
52 239
52 245
52 247
53 59
54 87
54 92
54 108
54 193
54 274
55 133
55 146
55 157
55 200
56 88
56 91
56 109
56 134
56 179
56 272
56 284
57 100
58 91
58 134
58 230
59 121
59 129
59 142
59 161
59 185
59 188
59 220
59 283
59 292
59 296
59 311
60 68
60 96
60 105
60 120
60 124
60 129
60 134
60 220
60 248
60 301
60 305
61 150
62 109
62 125
62 144
62 167
62 168
62 206
62 278
62 286
63 67
63 157
63 200
64 68
64 75
64 80
64 109
64 128
64 131
64 133
64 200
64 237
64 242
65 75
65 85
65 166
65 181
65 233
65 293
66 80
66 97
66 123
66 194
66 260
66 287
67 85
67 167
67 181
67 218
67 222
67 233
67 239
67 298
68 122
68 134
68 161
68 170
68 171
68 180
68 224
69 122
69 175
69 200
69 259
69 283
70 80
70 103
70 136
70 217
71 193
71 228
71 252
72 81
72 104
72 180
72 188
72 212
72 252
73 78
73 133
73 178
74 98
74 133
74 138
74 156
74 164
74 221
74 241
74 279
74 288
74 309
74 315
75 88
75 134
75 154
75 156
75 208
76 133
76 197
76 229
76 286
77 97
77 130
77 142
77 193
78 188
78 224
79 134
79 200
79 201
80 109
80 131
80 173
80 185
80 189
80 305
81 104
81 115
81 130
81 245
81 264
82 134
82 244
83 150
83 210
84 114
84 126
84 193
84 248
85 93
85 110
85 164
85 202
85 230
86 102
86 174
87 97
87 173
87 174
87 193
87 237
87 243
87 258
87 305
88 114
88 135
88 231
88 287
89 112
89 142
89 175
89 264
89 279
89 287
90 128
90 208
91 102
91 159
91 185
91 229
91 249
91 290
92 140
92 224
93 167
94 131
94 296
94 297
95 135
95 136
95 157
95 245
95 285
95 287
96 108
96 110
96 130
96 134
96 135
96 245
96 281
96 312
97 102
97 118
97 121
97 131
97 142
97 222
98 129
98 162
98 210
98 249
98 250
98 282
98 291
99 138
99 157
101 104
101 115
101 272
101 315
102 129
102 141
102 149
102 161
102 287
103 120
103 126
103 138
103 150
103 164
103 171
103 180
103 201
103 204
103 228
103 239
103 241
103 249
104 137
104 170
104 176
104 232
104 234
104 249
105 124
105 129
105 134
105 153
105 191
105 214
105 288
106 135
106 140
106 156
106 160
106 171
106 174
106 175
106 197
106 219
106 313
107 129
107 135
107 215
107 218
107 270
108 118
108 131
108 135
108 148
108 255
109 129
109 135
109 142
109 202
109 305
110 122
110 145
110 188
110 191
110 239
111 204
111 279
113 194
113 197
113 244
113 298
114 200
114 259
114 270
115 185
115 193
115 264
116 195
116 247
117 154
117 206
117 287
117 306
118 132
118 201
118 287
118 296
118 308
119 130
119 226
120 121
120 130
121 135
121 242
121 297
122 154
122 180
122 268
122 288
122 298
123 131
123 157
123 195
123 215
123 284
124 133
124 145
124 149
124 151
124 156
124 193
124 206
124 215
124 234
124 238
124 269
124 284
125 179
126 169
126 244
126 261
127 133
127 204
128 166
128 228
128 259
128 266
128 284
128 303
129 133
129 134
129 135
129 137
129 145
129 154
129 156
129 160
129 176
129 177
129 200
129 209
129 218
129 235
129 258
129 286
129 290
129 298
129 306
129 307
130 133
130 134
130 135
130 136
130 142
130 148
130 162
130 166
130 170
130 174
130 200
130 209
130 233
130 241
130 246
130 249
130 262
130 263
130 282
130 308
131 138
131 144
131 156
131 159
131 208
131 223
131 231
131 252
131 261
131 267
131 276
131 293
131 294
131 296
131 303
131 304
132 140
132 145
132 153
132 215
133 140
133 148
133 152
133 157
133 162
133 174
133 180
133 185
133 208
133 220
133 227
133 242
133 266
133 276
133 278
133 285
133 305
133 315
134 148
134 151
134 157
134 164
134 169
134 173
134 191
134 200
134 215
134 220
134 229
134 246
134 272
134 305
135 155
135 157
135 166
135 181
135 228
135 249
135 267
135 287
136 145
136 156
136 265
136 278
137 161
137 193
137 249
137 273
138 220
138 287
138 307
138 314
138 315
139 167
139 195
139 311
140 198
140 200
141 142
141 176
142 149
142 162
142 221
142 285
142 287
143 258
143 293
144 157
145 179
145 193
146 224
147 168
147 196
147 210
148 150
148 156
148 167
148 180
148 190
148 210
148 222
148 249
148 301
149 179
149 233
149 273
149 305
150 278
150 288
151 156
152 162
152 269
152 278
153 158
153 173
154 162
154 188
154 218
154 231
154 248
155 167
155 241
155 288
156 168
156 181
156 200
156 202
156 210
156 214
156 219
156 225
156 261
156 264
156 273
156 277
156 285
156 286
156 299
156 303
156 307
156 314
157 193
157 200
157 205
157 206
157 225
158 296
159 245
159 252
160 167
160 171
160 174
160 177
160 178
160 181
160 283
160 293
161 232
161 303
162 200
162 219
162 303
163 244
163 245
163 288
163 304
164 174
164 182
165 268
166 200
167 174
167 210
167 223
167 279
167 280
167 291
167 304
167 309
168 211
169 239
169 241
171 291
172 173
172 179
172 255
173 197
173 288
173 314
174 205
174 231
175 216
175 238
175 283
176 192
176 217
178 212
178 301
179 181
179 309
180 279
180 284
180 286
181 220
181 224
181 265
182 197
182 255
182 289
184 213
184 224
184 250
185 205
185 214
185 287
185 288
188 194
188 206
188 239
188 246
188 256
188 306
189 232
189 242
191 210
191 269
192 195
193 270
193 275
194 202
194 247
194 286
195 231
195 243
196 232
196 239
196 273
198 223
198 272
199 242
200 245
200 248
200 258
200 276
200 279
200 285
200 302
201 237
204 217
204 283
204 298
206 286
207 285
207 315
210 222
210 249
210 258
211 220
211 276
211 293
212 268
213 272
214 257
214 261
214 314
215 255
215 259
215 267
215 285
217 233
217 263
217 272
217 305
218 220
218 253
218 288
220 239
220 240
220 244
220 248
220 286
221 249
222 239
223 276
224 235
224 252
229 245
231 292
232 244
235 288
236 281
239 287
239 290
239 294
239 314
240 274
240 288
241 287
243 276
243 298
244 285
246 290
247 291
249 278
249 284
249 286
249 301
249 315
252 288
258 303
262 287
267 302
268 304
269 283
269 285
275 291
278 294
281 315
286 288
287 303
287 309
288 304
288 306
288 311
294 298
304 307
