0 37
0 60
0 111
0 252
1 46
1 68
1 87
1 91
1 154
1 180
1 255
1 258
1 272
1 304
2 8
2 13
2 18
2 42
2 50
2 130
2 131
2 162
2 167
2 172
2 193
2 199
2 209
2 212
2 253
2 256
3 162
3 229
4 33
4 46
4 61
4 128
4 160
4 242
4 284
4 287
5 21
5 34
5 37
5 41
5 72
5 89
5 287
6 16
6 38
6 133
6 152
6 167
6 193
6 215
7 9
7 41
7 55
7 98
7 103
7 129
7 130
7 135
7 142
7 146
7 156
7 185
7 210
7 233
7 237
7 246
7 257
7 288
7 303
8 23
8 34
8 100
8 129
8 135
8 145
8 181
8 205
8 215
8 256
8 270
8 286
8 289
8 296
9 33
9 62
9 67
9 109
9 258
10 24
10 85
10 89
10 121
10 122
10 216
11 18
11 156
12 99
12 128
12 148
12 179
12 216
12 224
12 287
12 312
13 16
13 32
13 36
13 45
13 101
13 115
13 152
13 160
13 200
14 23
14 35
14 97
14 104
14 136
14 138
14 168
14 204
14 206
14 252
14 269
14 272
14 275
14 307
15 145
15 205
15 269
15 287
15 288
16 20
16 39
16 40
16 41
16 84
16 120
16 129
16 130
16 131
16 133
16 137
16 159
16 162
16 184
16 231
16 232
16 255
16 277
16 288
16 302
17 46
17 76
17 157
17 162
17 169
18 29
18 37
18 78
18 101
18 129
18 191
18 275
18 298
19 27
19 62
19 167
19 200
19 283
20 81
20 101
20 105
20 114
20 135
20 152
20 215
20 255
20 293
21 148
21 196
22 67
22 161
22 181
23 26
23 56
23 91
23 168
23 179
23 275
24 38
24 101
24 124
24 129
24 142
24 197
24 220
24 286
24 287
25 41
25 75
25 80
25 92
25 130
25 146
25 149
25 162
25 167
25 193
25 197
25 216
25 266
25 275
26 43
26 58
26 207
26 303
27 43
27 272
27 288
28 34
28 118
28 128
28 222
28 291
29 129
29 160
29 261
30 72
30 116
30 134
30 156
30 167
30 174
30 232
30 291
31 48
31 60
31 73
31 80
31 83
31 85
31 102
31 135
31 147
31 202
31 215
31 217
31 252
31 275
31 309
32 59
32 75
32 86
32 89
32 103
32 127
32 130
32 133
32 206
32 214
32 216
32 233
32 283
32 293
33 167
33 188
33 202
33 210
33 230
33 235
33 288
34 39
34 60
34 83
34 117
34 201
34 206
35 92
35 106
35 135
35 151
35 211
35 239
36 46
36 74
36 109
36 135
36 209
36 213
36 303
37 45
37 211
37 218
37 257
38 78
38 106
38 108
38 134
38 196
38 286
39 42
39 74
39 75
39 133
39 160
39 242
40 47
40 253
41 162
41 220
41 233
41 249
41 301
42 62
42 63
42 82
42 106
42 129
42 130
42 149
42 288
43 129
44 85
44 130
44 160
44 184
45 61
45 80
45 129
45 131
45 156
45 194
45 204
45 213
45 215
45 218
45 231
45 234
45 237
45 246
45 249
45 287
45 303
46 62
46 94
46 97
46 101
46 104
46 118
46 128
46 135
46 140
46 163
46 227
46 229
46 254
46 286
47 66
47 74
47 77
47 87
47 112
47 122
47 133
47 134
47 136
47 188
47 229
47 242
48 72
48 156
48 158
48 188
49 123
49 197
49 307
50 81
50 133
50 184
50 193
50 199
51 57
51 62
51 69
51 81
51 97
51 128
51 181
51 239
51 249
51 309
52 249
52 271
53 104
53 152
54 95
54 108
54 210
54 215
54 282
54 298
55 116
55 206
55 303
55 315
56 63
56 118
56 136
56 203
56 249
56 254
56 290
57 193
57 199
57 231
57 245
57 283
58 224
59 67
59 110
59 135
59 172
59 206
59 210
59 220
59 225
59 231
59 248
59 270
59 285
60 164
60 215
60 247
60 275
61 122
61 179
61 210
62 75
62 106
62 107
62 129
62 154
62 167
62 285
63 67
63 223
63 255
64 106
64 131
64 138
64 171
64 182
64 230
64 302
65 95
65 152
66 72
66 80
66 87
66 101
66 240
66 252
66 275
67 123
67 286
67 314
68 101
68 109
68 110
68 135
68 156
68 171
68 218
68 249
68 301
68 315
69 136
69 234
69 294
70 234
70 288
70 301
71 83
71 105
71 157
71 161
71 172
72 303
73 96
73 131
73 152
73 198
73 217
74 75
74 101
74 109
74 129
74 131
74 133
74 135
74 177
74 191
74 223
74 250
74 287
74 288
75 100
75 124
75 129
75 136
75 137
75 243
75 278
75 296
76 157
76 198
76 226
76 240
77 104
77 130
78 115
78 130
78 156
78 197
78 210
78 232
78 289
78 308
79 80
79 131
79 157
79 160
80 90
80 95
80 134
80 194
80 223
80 231
80 232
80 238
80 239
80 246
80 262
80 291
81 130
81 241
81 282
81 285
83 110
83 135
83 180
85 104
85 147
85 217
85 239
85 293
87 120
87 124
87 135
87 200
87 210
87 220
87 309
88 96
88 130
88 210
88 212
89 105
89 118
89 130
89 136
89 140
90 119
90 144
90 172
90 193
90 259
91 116
92 94
92 100
92 105
92 118
92 133
92 167
92 215
92 286
94 129
94 134
94 145
94 179
95 99
95 133
95 162
96 117
96 130
96 135
96 222
97 124
97 138
97 170
97 175
97 234
97 287
98 133
98 139
98 147
98 164
98 173
98 199
98 249
98 258
99 133
99 134
99 205
99 275
100 129
100 303
101 105
101 106
101 124
101 162
101 269
102 116
102 129
102 133
102 135
102 140
102 200
102 205
102 212
103 129
103 130
103 182
103 185
103 197
103 198
103 213
103 215
103 220
103 226
103 288
103 296
103 302
104 129
104 179
104 181
104 241
104 258
104 262
104 300
105 130
105 179
106 178
106 224
106 275
106 283
106 286
106 291
107 135
107 255
108 129
108 224
108 227
108 293
109 114
109 118
109 129
109 135
109 167
109 178
109 239
109 242
109 285
109 310
109 314
110 134
110 144
110 269
110 281
111 119
111 136
111 220
111 261
112 129
112 181
112 195
112 241
112 270
113 133
113 135
114 129
114 134
114 209
115 249
116 216
116 250
117 127
117 131
117 156
117 167
117 195
117 207
117 224
117 258
118 122
118 167
118 180
118 183
118 200
118 286
118 303
118 309
118 311
119 233
119 285
119 287
120 121
120 143
120 148
120 180
120 210
121 193
121 217
121 224
121 241
121 297
122 142
122 143
122 148
122 276
123 142
124 131
124 150
124 169
124 175
124 182
124 212
124 268
124 302
126 131
126 138
127 129
127 133
127 219
128 133
128 135
128 217
128 239
129 131
129 132
129 148
129 163
129 180
129 182
129 216
129 218
129 239
129 243
129 258
129 272
129 277
129 284
129 291
129 294
129 301
130 131
130 132
130 134
130 141
130 147
130 148
130 149
130 151
130 164
130 167
130 169
130 173
130 174
130 182
130 185
130 188
130 193
130 196
130 200
130 206
130 210
130 232
130 233
130 296
130 304
131 141
131 156
131 179
131 180
131 188
131 194
131 205
131 209
131 212
131 213
131 216
131 218
131 220
131 252
131 271
131 290
131 297
131 305
132 136
132 140
132 191
132 195
133 135
133 136
133 148
133 156
133 157
133 164
133 167
133 176
133 178
133 184
133 215
133 216
133 231
133 237
133 272
133 283
133 286
133 288
133 291
133 304
133 307
134 136
134 140
134 157
134 188
134 195
134 197
134 202
134 204
134 206
134 207
134 252
134 271
134 284
134 287
135 157
135 166
135 180
135 186
135 188
135 196
135 272
135 274
135 286
135 287
135 288
135 292
135 305
136 141
136 156
136 168
136 181
136 184
136 276
136 300
137 252
138 168
138 180
138 205
138 276
139 217
139 282
140 167
140 179
141 149
141 205
141 269
142 287
143 177
143 247
144 242
144 314
145 146
145 154
145 157
145 173
145 181
145 202
145 242
145 298
146 279
146 300
148 160
148 173
148 201
148 238
148 269
149 157
149 159
149 167
149 232
149 249
150 280
152 190
152 231
152 239
152 246
152 269
153 210
154 162
154 272
156 181
156 191
156 195
156 210
156 218
156 221
156 223
156 229
156 230
156 239
156 254
156 256
156 259
156 275
156 281
156 298
156 303
157 172
157 220
158 198
159 191
159 226
160 164
160 171
160 189
160 249
160 294
160 299
161 242
161 244
161 266
161 276
161 305
162 168
162 177
162 220
162 261
163 190
163 209
164 206
164 305
165 203
167 180
167 215
167 227
167 239
167 266
168 287
169 287
172 191
173 190
173 218
174 205
174 255
174 292
175 185
175 206
176 193
176 205
176 220
177 221
177 275
179 206
179 209
179 210
179 222
179 224
179 268
180 192
180 196
180 200
180 206
180 220
180 233
180 287
181 216
181 261
181 269
182 232
182 257
184 241
184 269
184 272
185 247
185 273
185 287
186 213
186 230
187 192
187 239
187 288
188 196
188 208
188 238
188 258
188 267
192 193
193 195
193 201
193 239
193 285
193 303
195 220
196 210
196 266
197 238
198 241
200 220
200 260
200 287
201 224
201 270
202 248
202 288
203 234
204 219
205 279
205 298
206 254
206 260
206 267
206 273
208 244
208 280
209 272
209 311
210 251
210 255
210 278
210 288
210 315
211 233
211 240
211 246
211 263
211 283
212 283
214 221
214 314
215 287
216 261
216 279
217 233
217 252
218 227
218 242
218 283
218 288
218 297
218 298
219 249
219 273
219 278
219 302
220 261
220 286
221 232
221 259
222 275
223 303
224 290
227 233
230 287
231 267
231 286
232 305
233 241
234 298
237 292
238 294
240 242
241 244
242 279
246 249
246 260
249 274
249 296
249 307
250 280
255 304
255 314
257 315
258 273
260 292
261 287
261 296
263 280
265 286
265 312
268 296
270 278
272 289
273 303
275 315
276 279
276 285
284 295
285 293
291 301
292 305
294 301
299 304
308 315
