0 8
0 40
0 72
0 87
0 103
0 131
0 135
0 217
0 258
0 292
1 29
1 129
1 136
1 143
1 157
1 305
2 4
2 13
2 32
2 79
2 84
2 97
2 121
2 129
2 130
2 142
2 149
2 169
2 188
2 216
2 244
2 288
3 27
3 64
3 74
3 197
4 68
4 80
4 139
4 175
4 207
4 213
4 264
4 288
5 7
5 8
5 13
5 20
5 121
5 125
5 130
5 206
5 210
6 24
6 113
6 133
6 136
6 204
6 264
6 285
7 89
7 97
7 139
7 153
7 167
7 238
7 255
7 299
8 27
8 30
8 88
8 91
8 105
8 124
8 180
8 217
8 239
8 272
9 18
9 20
9 28
9 101
9 160
9 216
9 285
11 16
11 75
11 131
11 145
11 179
12 40
12 84
12 90
12 106
12 135
12 136
12 180
12 182
12 185
12 293
13 36
13 89
13 118
13 205
13 229
13 310
14 33
14 52
14 111
14 188
14 205
14 287
15 131
15 134
15 154
15 232
15 264
15 269
15 308
16 24
16 55
16 80
16 83
16 92
16 104
16 123
16 130
16 134
16 136
16 137
16 145
16 156
16 157
16 193
16 216
16 230
16 233
16 239
16 244
16 276
16 293
16 313
17 64
17 156
17 212
18 83
18 133
18 135
18 167
18 245
18 273
19 85
19 233
20 110
20 156
20 179
20 213
20 225
20 266
20 293
20 299
20 309
21 80
21 129
21 130
21 136
21 182
21 193
21 310
22 36
22 95
22 120
22 134
23 32
23 47
23 96
23 128
23 138
23 156
23 200
23 205
23 231
23 272
23 287
23 305
24 33
24 90
24 92
24 129
24 180
24 200
24 207
25 83
25 156
25 188
26 75
26 89
26 315
27 92
27 129
28 42
28 59
28 77
28 82
28 111
28 128
28 136
28 217
28 232
28 254
28 258
29 64
29 179
29 220
29 239
30 32
30 46
30 156
30 160
30 164
30 200
30 206
30 219
30 233
30 284
31 33
31 91
31 128
31 139
31 141
31 162
31 200
31 232
31 258
31 275
31 287
32 121
32 191
32 259
32 305
33 35
33 67
33 103
33 130
33 134
33 150
33 182
33 225
33 287
33 291
33 292
34 46
34 101
34 130
34 160
35 60
35 135
35 158
35 218
35 294
36 50
36 113
36 239
36 275
36 288
37 103
37 130
37 239
37 314
38 79
38 135
38 140
38 147
38 255
39 69
39 80
39 133
39 135
39 151
39 166
40 111
40 114
40 130
40 156
40 231
40 285
40 288
41 62
41 156
41 185
41 210
41 231
41 268
41 272
42 50
42 102
42 124
42 193
42 211
42 239
43 45
43 90
43 102
43 163
44 89
44 134
44 156
44 210
44 216
44 287
45 85
45 108
45 124
45 130
45 138
45 215
45 231
45 244
46 124
46 173
46 191
46 209
46 270
47 83
47 87
47 100
47 119
47 167
47 184
47 188
47 195
47 211
47 217
47 288
48 63
48 172
48 222
48 264
48 287
49 71
49 102
49 131
49 210
49 241
49 288
50 59
50 60
50 85
50 88
50 98
50 109
50 204
50 205
50 258
50 281
50 293
51 86
51 104
51 118
51 135
51 262
51 284
51 298
52 130
52 180
52 231
52 272
53 249
54 129
54 149
54 232
54 283
55 95
55 148
55 227
55 246
55 311
56 242
57 157
57 184
58 121
58 251
59 67
59 82
59 96
59 101
59 138
59 152
59 156
59 157
59 206
59 208
59 222
59 228
59 231
59 272
60 68
60 76
60 125
60 135
60 188
60 211
60 212
60 272
60 290
61 74
61 133
61 134
61 140
61 200
61 307
62 106
62 118
62 210
62 238
63 65
63 69
63 84
63 288
63 295
64 74
64 133
64 136
64 156
64 223
64 228
64 272
65 180
66 135
66 180
66 288
66 302
67 141
67 156
67 165
67 205
67 208
67 314
68 74
68 129
68 142
68 166
68 184
68 209
68 313
69 255
69 288
69 290
72 74
72 101
72 103
72 188
72 216
73 144
73 219
73 272
73 307
74 118
74 156
74 157
74 257
74 292
75 81
75 89
75 107
75 132
75 191
75 256
75 286
76 156
77 154
77 205
78 133
78 174
78 250
79 86
79 145
79 167
79 231
80 83
80 122
80 156
80 200
81 92
81 103
81 156
81 242
82 179
83 89
83 100
83 109
83 134
83 135
83 276
83 297
84 129
84 136
84 174
85 129
86 130
86 230
86 269
87 131
87 133
87 136
87 148
87 232
88 134
88 149
88 152
88 286
89 95
89 113
89 131
89 164
89 173
89 296
89 305
90 103
90 192
90 279
91 241
92 133
92 147
92 151
92 269
92 272
94 129
94 134
94 255
95 201
95 251
95 267
96 97
96 133
96 249
96 250
97 106
97 124
97 138
97 246
98 101
98 157
98 169
98 231
98 275
99 117
99 180
99 211
99 303
100 148
100 231
100 239
101 134
101 138
101 277
101 307
102 110
102 129
102 130
102 132
102 133
102 139
102 140
102 156
102 165
102 197
102 205
102 223
102 231
102 279
102 283
102 293
103 124
103 156
103 180
103 193
103 224
103 233
103 242
103 249
103 286
104 106
104 137
104 140
104 145
104 148
104 166
104 199
104 217
104 229
104 284
105 134
105 172
105 243
105 275
105 278
105 311
106 129
106 140
106 239
106 250
106 288
106 302
107 205
107 223
107 263
107 296
108 222
108 278
109 114
109 123
109 150
109 154
109 180
109 249
109 258
109 285
110 130
110 133
110 148
110 151
110 176
110 180
110 192
110 199
110 220
110 267
110 305
111 173
111 303
112 115
112 185
112 244
113 206
113 224
113 257
114 127
114 134
114 135
114 222
114 268
114 307
115 136
115 137
115 210
115 240
116 233
116 245
117 157
117 231
117 233
117 249
117 276
117 296
118 122
118 128
118 148
118 152
118 204
118 222
118 242
118 243
118 263
118 276
118 292
118 294
118 298
119 176
120 133
120 181
120 242
120 273
121 156
121 167
121 212
121 296
122 131
122 176
122 220
122 250
122 252
123 130
123 146
123 233
124 160
124 216
124 249
124 272
124 283
124 286
125 244
126 153
127 142
127 181
127 227
128 143
128 185
128 200
128 206
128 215
128 224
128 249
128 287
129 131
129 133
129 139
129 152
129 154
129 168
129 172
129 189
129 205
129 210
129 215
129 240
129 247
129 266
129 272
129 276
129 279
129 285
129 287
130 134
130 135
130 136
130 138
130 140
130 156
130 167
130 174
130 195
130 221
130 236
130 238
130 242
130 250
130 261
130 276
130 286
130 309
131 135
131 148
131 161
131 167
131 193
131 200
131 224
131 239
131 243
131 249
131 283
131 298
132 135
132 254
133 134
133 135
133 136
133 148
133 150
133 161
133 182
133 194
133 196
133 200
133 205
133 215
133 216
133 227
133 229
133 243
133 255
133 286
133 287
133 288
133 305
134 142
134 156
134 172
134 173
134 188
134 191
134 206
134 216
134 217
134 220
134 252
134 255
134 272
134 278
134 283
135 156
135 161
135 180
135 189
135 194
135 200
135 220
135 242
135 249
135 266
135 287
135 291
135 295
136 156
136 217
136 239
136 287
137 293
140 167
140 175
140 179
140 242
140 249
140 267
140 274
140 286
140 305
142 143
142 208
142 214
142 224
143 156
143 287
144 205
145 227
145 307
146 229
148 287
149 156
149 207
149 222
149 239
149 287
150 269
150 283
151 181
151 240
151 245
151 269
152 189
152 201
152 224
152 230
152 278
153 163
153 276
154 207
154 216
154 243
155 249
156 165
156 196
156 200
156 216
156 230
156 243
156 248
156 285
156 292
156 294
157 174
157 204
157 214
157 229
157 287
157 288
157 294
157 305
158 223
158 298
158 300
159 246
159 284
160 192
160 200
160 210
160 265
161 213
161 272
162 177
162 181
163 217
164 277
166 180
166 275
167 219
167 263
167 266
167 272
167 287
168 182
168 196
168 299
169 221
170 297
171 230
172 185
172 299
173 219
175 247
176 299
176 314
177 225
177 264
177 266
177 286
180 188
180 224
180 255
180 264
180 291
181 291
181 313
182 213
182 298
184 302
185 248
185 257
185 285
188 207
188 235
188 286
188 305
189 193
189 254
193 281
193 285
197 203
197 249
197 311
199 204
200 205
200 214
200 303
201 249
201 250
201 266
203 288
204 264
204 271
205 239
205 257
205 266
205 273
205 276
205 284
206 208
206 265
206 286
206 293
210 252
210 286
210 298
211 285
213 214
213 238
213 244
213 278
213 299
215 224
215 227
216 266
217 234
217 244
217 279
218 239
218 244
218 288
219 220
219 305
220 252
220 273
220 287
220 288
220 303
220 305
221 286
222 252
223 242
224 226
224 266
225 229
226 236
226 256
230 261
230 269
232 234
232 241
232 268
232 307
233 290
234 298
235 261
235 287
236 296
237 292
238 256
239 249
239 272
239 283
239 305
240 258
240 276
241 275
242 288
244 253
244 269
249 258
249 286
252 270
252 304
255 260
255 298
255 304
256 287
261 304
262 296
263 301
263 304
265 272
266 286
268 284
271 276
272 314
273 275
273 287
274 276
278 290
278 305
279 287
281 298
283 293
284 287
285 305
285 312
287 295
287 296
287 303
287 305
290 296
298 304
