0 41
0 42
0 51
0 92
0 100
0 184
1 58
1 130
1 134
1 210
2 7
2 44
2 80
2 99
2 131
2 134
2 136
2 152
2 156
2 187
2 188
2 249
2 305
3 252
3 296
4 13
4 21
4 36
4 87
4 129
4 149
4 188
4 240
4 262
4 286
4 294
5 101
5 130
5 192
6 25
6 166
6 170
6 242
6 261
6 274
7 12
7 29
7 50
7 73
7 79
7 91
7 142
7 187
7 233
7 252
7 256
7 264
8 27
8 29
8 47
8 60
8 73
8 80
8 97
8 108
8 115
8 131
8 137
8 156
8 163
8 190
8 192
8 208
8 232
8 272
8 286
9 134
9 239
9 278
9 304
10 17
10 86
10 101
10 148
10 175
10 193
10 247
11 97
11 99
11 126
11 129
12 33
12 42
12 232
12 252
12 293
13 14
13 24
13 46
13 48
13 130
13 135
13 145
13 211
13 275
14 18
14 26
14 34
14 64
14 147
14 160
14 215
14 267
14 283
15 97
15 122
15 127
15 192
15 205
15 208
15 309
16 46
16 73
16 74
16 79
16 80
16 102
16 124
16 154
16 164
16 200
16 213
16 230
16 264
16 270
16 275
16 283
16 287
17 20
17 34
18 45
18 136
18 195
18 249
18 255
18 285
19 46
19 49
19 91
20 123
20 128
20 136
20 156
20 197
20 214
20 222
20 262
21 23
21 38
21 101
21 195
21 209
22 62
22 134
23 120
23 236
23 247
23 249
24 60
24 83
24 128
24 136
24 164
24 191
24 196
24 204
24 268
25 49
25 66
25 80
25 103
25 128
25 133
25 142
25 200
25 239
25 287
26 79
26 103
26 156
26 251
26 293
27 35
27 36
27 48
27 124
27 153
27 244
28 34
28 153
28 156
28 224
28 249
28 252
28 276
28 286
29 64
29 134
29 135
29 136
29 224
29 239
30 79
30 80
30 200
30 243
31 37
31 50
31 83
31 85
31 95
31 102
31 104
31 135
31 157
31 159
31 199
31 220
31 240
31 252
31 258
32 40
32 45
32 48
32 56
32 98
32 102
32 103
32 114
32 129
32 133
32 148
32 159
32 178
32 180
32 215
32 222
32 230
32 280
32 304
33 43
33 54
33 65
33 72
33 75
33 89
33 97
33 117
33 120
33 125
33 129
33 156
33 173
33 223
33 233
34 129
34 135
34 193
34 212
34 281
34 288
35 62
35 72
35 73
35 74
35 90
35 187
35 193
35 233
36 108
36 124
36 140
36 227
36 252
37 85
37 128
37 144
37 173
37 192
37 308
38 45
38 133
38 161
38 177
38 255
39 49
39 133
40 121
40 175
40 198
40 295
41 95
41 102
41 120
41 129
41 161
41 289
42 48
42 78
42 129
42 173
42 203
42 204
42 211
42 215
42 298
43 162
43 193
43 247
43 266
43 295
44 45
44 147
44 149
44 159
44 211
45 74
45 85
45 87
45 136
45 151
45 153
45 167
45 193
45 249
45 250
45 251
45 272
45 276
45 286
45 299
45 303
46 124
46 193
46 196
46 200
46 218
46 239
46 269
46 286
47 52
47 55
47 59
47 98
47 124
47 129
47 131
47 141
47 193
47 237
47 241
47 266
47 301
48 121
48 181
48 204
49 146
49 148
49 243
49 272
49 285
49 298
50 96
50 100
50 126
50 185
50 210
50 269
50 276
50 287
51 59
51 72
51 78
51 93
51 110
51 193
51 206
51 224
51 266
51 279
51 298
51 303
52 139
52 231
54 85
54 133
54 176
54 178
54 200
54 265
55 77
55 260
55 291
56 130
56 135
56 160
56 170
56 197
56 236
56 256
56 269
57 61
57 156
58 69
58 113
58 121
59 128
59 182
59 193
59 208
59 214
59 224
59 230
59 231
59 238
59 242
59 275
59 285
60 61
60 74
60 124
60 127
60 165
60 188
60 221
60 265
60 289
61 107
61 130
61 286
62 68
62 109
62 136
62 152
62 158
62 193
62 207
62 293
63 92
63 107
63 137
63 193
63 223
64 75
64 91
64 119
64 122
64 133
64 137
65 180
65 205
65 222
65 271
66 77
66 116
66 130
66 218
67 75
67 97
67 98
67 179
67 181
67 184
67 185
67 200
67 232
67 255
67 268
67 269
67 284
68 102
68 133
68 135
68 156
68 261
68 262
69 102
69 124
69 129
69 269
70 92
70 182
71 148
72 88
72 158
72 233
73 81
73 98
73 129
73 133
73 225
73 243
73 257
74 80
74 86
74 115
74 116
74 124
74 135
74 145
74 191
74 211
74 233
74 247
74 285
74 293
75 102
75 131
75 200
75 268
75 307
76 105
76 116
76 142
76 156
76 160
76 162
77 130
77 136
77 149
77 159
77 290
77 303
78 117
78 159
78 167
78 180
78 232
79 88
79 96
79 200
79 212
79 216
80 107
80 110
80 152
80 158
80 166
80 206
80 229
80 249
80 285
80 299
81 104
81 121
81 142
81 182
81 190
81 192
81 290
82 200
83 109
83 131
83 139
83 199
83 222
83 315
84 240
84 302
85 130
85 180
85 213
85 243
85 252
85 291
86 133
86 161
87 93
87 124
87 198
87 308
88 96
88 111
88 118
88 122
88 224
88 239
88 247
88 306
89 95
89 118
89 134
89 156
89 176
89 191
89 279
90 118
90 244
91 134
92 129
92 130
92 135
92 219
92 221
93 100
94 110
94 242
94 277
94 311
95 138
95 157
95 162
95 214
96 131
96 220
96 229
96 258
97 192
97 217
97 263
97 309
98 131
98 153
98 180
98 249
98 283
99 167
99 283
99 287
101 123
101 135
101 182
101 210
101 238
101 254
102 103
102 122
102 124
102 224
102 297
102 303
103 132
103 167
103 184
103 238
103 249
103 279
103 301
104 136
104 146
104 202
104 206
104 269
104 278
105 130
105 150
105 157
105 166
105 201
105 221
106 121
106 131
106 137
106 158
106 159
106 174
106 184
106 215
106 218
106 219
106 249
106 252
107 160
107 235
107 240
108 135
108 167
108 196
108 239
108 266
109 134
109 156
109 185
110 159
110 209
110 212
110 249
110 286
110 287
111 139
111 160
111 174
111 287
112 133
112 135
113 157
115 118
115 129
115 133
115 297
116 124
116 216
116 237
116 287
117 136
117 149
117 184
117 202
117 242
118 131
118 142
118 148
118 157
118 172
118 200
118 210
118 215
118 224
118 258
118 264
119 122
120 167
120 301
121 122
121 149
121 161
121 218
121 223
121 298
122 129
122 206
122 211
122 258
123 217
123 285
124 132
124 134
124 186
124 242
124 246
124 264
124 283
125 239
126 265
127 291
128 129
128 193
128 219
128 268
129 130
129 132
129 134
129 144
129 146
129 148
129 160
129 173
129 180
129 200
129 205
129 207
129 215
129 220
129 234
129 256
129 261
129 263
129 269
129 275
129 284
129 289
129 309
130 134
130 143
130 145
130 149
130 159
130 164
130 172
130 187
130 193
130 212
130 215
130 219
130 221
130 224
130 227
130 240
130 271
130 275
130 276
130 285
130 287
130 288
130 294
130 308
131 138
131 152
131 159
131 185
131 204
131 217
131 233
131 239
131 241
131 249
131 258
131 286
131 296
131 300
132 150
132 154
132 165
132 199
132 266
133 135
133 136
133 153
133 154
133 157
133 160
133 161
133 163
133 168
133 212
133 233
133 236
133 247
133 276
133 278
133 288
133 310
134 136
134 138
134 142
134 157
134 166
134 175
134 192
134 197
134 200
134 202
134 220
134 230
134 236
134 247
134 249
134 263
134 283
134 297
134 314
135 138
135 185
135 200
135 216
135 230
135 249
135 265
135 285
136 138
136 208
136 260
136 270
136 286
137 186
137 235
138 173
138 181
140 206
140 269
140 287
141 218
141 221
142 210
142 274
142 299
142 310
143 252
144 280
144 298
145 249
145 288
146 205
147 159
147 249
148 160
148 200
148 201
148 239
148 241
148 269
148 274
148 275
149 248
149 249
149 255
149 291
150 197
150 220
150 244
151 179
152 193
152 203
152 224
152 231
152 252
152 273
152 284
153 157
154 216
155 215
156 159
156 165
156 178
156 206
156 220
156 223
156 233
156 239
156 244
156 286
157 180
157 188
157 267
157 268
157 297
158 178
158 272
159 213
159 248
159 249
159 259
160 173
160 184
161 188
161 196
161 268
161 275
162 218
162 314
165 167
165 272
166 173
166 180
167 190
167 192
167 232
167 239
167 278
167 286
167 290
168 188
168 233
169 224
169 239
169 298
170 179
170 222
170 224
170 308
171 208
171 286
172 188
172 197
172 201
172 224
172 248
172 278
173 258
173 278
173 282
174 204
174 205
174 220
174 261
174 303
174 309
177 287
178 201
178 203
178 215
178 237
178 298
179 193
179 217
179 220
179 233
179 263
180 193
180 196
180 213
180 232
181 231
181 257
182 264
185 220
185 268
188 286
188 288
191 211
191 249
192 217
192 235
192 249
192 255
192 270
193 244
193 281
194 215
196 233
196 296
197 287
198 204
199 272
200 220
200 238
200 245
200 247
200 305
200 309
201 206
201 227
202 296
205 215
205 225
205 233
205 258
206 296
207 234
207 286
207 315
208 287
210 213
210 258
210 286
210 307
212 263
212 272
213 215
213 292
215 222
215 242
215 276
215 297
215 300
216 233
216 249
216 271
219 288
220 258
220 274
220 315
222 282
222 295
223 239
227 234
228 311
230 309
230 315
231 249
231 257
231 272
232 238
232 252
232 259
232 265
233 239
233 246
234 252
234 298
235 312
236 241
239 289
239 311
240 242
241 287
241 309
242 286
244 291
245 249
246 266
248 263
249 264
249 297
252 286
255 297
257 315
258 294
260 292
260 304
261 305
263 296
274 279
274 286
276 278
276 281
276 288
277 302
281 314
285 299
286 287
286 296
286 305
287 296
287 305
287 310
291 312
292 297
298 313
298 314
308 314
