0 61
0 129
0 201
1 176
1 177
1 180
2 20
2 67
2 75
2 79
2 85
2 92
2 100
2 110
2 124
2 130
2 132
2 154
2 231
2 303
3 36
3 141
3 192
3 208
3 216
3 302
4 6
4 16
4 110
4 201
4 204
4 211
4 218
5 60
5 63
5 106
5 118
5 130
5 133
5 134
5 135
5 136
5 153
5 219
5 293
6 8
6 35
6 101
6 105
6 122
6 135
6 206
6 259
6 261
6 271
6 276
7 40
7 84
7 110
7 114
7 123
7 129
7 157
7 174
7 206
7 239
8 45
8 65
8 68
8 103
8 106
8 112
8 136
8 142
8 156
8 187
8 229
8 255
9 31
9 129
9 180
9 219
11 19
11 43
11 44
11 168
11 205
11 243
12 33
12 64
12 74
12 95
12 124
12 133
12 145
12 156
12 186
12 215
12 247
12 258
13 18
13 55
13 116
13 238
14 110
14 124
14 157
14 197
14 309
15 116
15 134
15 281
16 18
16 31
16 45
16 58
16 62
16 64
16 73
16 75
16 78
16 80
16 90
16 103
16 122
16 131
16 132
16 138
16 179
16 208
16 210
16 245
16 269
16 284
17 61
17 131
17 138
17 220
17 279
18 35
18 60
18 69
18 81
18 96
18 97
18 102
18 103
18 109
18 133
18 148
18 157
18 188
18 232
18 249
18 303
19 30
19 97
20 84
20 130
20 135
20 136
20 145
20 157
20 167
20 181
20 205
20 215
20 286
21 81
21 97
21 103
21 134
22 45
22 114
22 128
22 160
22 197
22 313
23 30
23 60
23 121
23 158
23 205
24 109
24 182
24 260
25 86
25 151
25 159
25 174
25 216
25 234
25 262
25 267
25 272
25 293
26 101
26 224
26 242
26 266
26 295
27 28
27 45
27 62
27 64
27 103
27 134
27 156
27 171
27 180
27 188
27 262
28 55
28 72
28 108
28 120
28 216
28 267
28 287
28 298
28 303
29 40
29 50
29 65
29 117
29 131
29 202
29 221
30 52
30 60
30 117
30 144
30 233
30 266
30 269
31 49
31 52
31 56
31 60
31 103
31 107
31 166
31 185
32 33
32 46
32 49
32 110
32 131
32 136
32 149
32 182
32 210
32 229
32 231
32 285
32 288
32 292
32 293
32 309
33 62
33 64
33 68
33 75
33 89
33 96
33 99
33 104
33 128
33 129
33 161
33 166
33 186
33 188
33 192
33 205
33 215
33 255
33 258
34 123
34 125
34 133
34 136
34 148
34 160
34 247
34 281
35 88
35 145
35 161
36 110
36 131
36 136
36 138
36 185
36 205
36 233
36 314
37 48
37 75
37 132
37 134
37 268
37 275
37 279
38 46
38 195
39 56
39 110
39 133
39 177
39 267
40 75
40 117
40 138
40 148
40 174
40 187
40 271
41 50
41 118
41 156
41 200
41 233
42 67
42 101
42 103
42 242
42 249
42 295
43 131
43 149
43 205
43 249
43 313
44 45
44 60
44 74
44 75
44 135
44 179
45 50
45 74
45 104
45 110
45 134
45 135
45 149
45 167
45 212
45 215
45 252
45 257
46 59
46 64
46 65
46 80
46 108
46 149
46 160
46 241
46 299
47 80
47 87
47 106
47 119
47 138
47 149
47 171
47 210
47 309
48 106
48 112
48 129
48 133
48 185
48 204
48 225
48 286
49 67
49 85
49 114
49 132
49 138
49 181
50 130
50 131
50 136
50 235
50 238
50 249
50 267
50 299
51 62
51 73
51 84
51 120
51 129
51 169
51 193
51 220
51 242
51 251
52 57
52 234
53 212
54 131
54 238
55 220
55 245
55 308
56 60
56 111
56 152
56 167
56 172
56 180
56 184
56 215
56 288
58 95
58 102
58 135
58 163
59 62
59 147
59 161
59 176
59 179
59 206
59 227
59 239
59 249
59 279
59 297
60 62
60 134
60 176
60 188
60 211
60 225
60 237
60 275
60 310
61 121
61 152
61 237
62 75
62 103
62 115
62 141
62 173
62 184
62 210
62 263
63 182
63 206
63 273
63 278
64 78
64 123
64 128
64 149
64 180
64 248
64 276
64 305
65 79
65 145
65 163
65 179
65 304
66 91
66 190
66 242
66 268
67 98
67 99
67 112
67 153
67 160
67 171
67 196
67 205
67 218
67 219
67 230
67 286
67 288
68 135
68 156
68 167
68 226
68 267
68 314
69 200
70 135
70 157
70 180
71 118
71 194
72 156
73 89
73 135
73 268
74 84
74 86
74 131
74 135
74 136
74 148
74 189
74 212
74 219
74 241
74 296
74 306
75 88
75 108
75 119
75 121
75 122
75 133
75 135
75 179
75 181
75 188
75 257
75 258
75 269
75 305
76 84
76 110
76 116
76 131
76 160
76 182
76 244
76 249
77 100
77 232
77 272
78 79
78 140
78 241
78 269
78 284
78 309
79 118
79 173
79 227
79 234
80 92
80 129
80 142
80 162
80 193
80 200
80 252
81 195
81 283
81 295
82 243
83 127
83 185
84 89
84 103
84 112
84 254
85 219
85 287
85 304
86 130
87 106
87 129
87 140
87 177
87 188
87 210
87 298
87 303
88 162
88 207
88 210
88 270
89 103
89 114
89 198
89 224
89 281
89 298
90 121
90 133
90 211
91 117
91 255
92 157
92 185
92 204
92 276
94 131
94 232
94 268
95 108
96 130
96 242
96 291
97 103
97 114
97 124
97 133
97 148
97 197
97 286
98 122
98 273
98 285
98 288
99 149
99 184
99 249
99 257
100 149
101 165
101 209
101 216
101 277
102 114
102 117
102 130
102 181
102 196
102 218
102 252
102 268
102 270
102 272
103 118
103 124
103 220
103 231
103 266
103 287
103 293
103 295
104 125
104 133
104 210
104 265
104 272
105 136
105 229
106 134
106 158
106 161
106 178
106 193
106 206
106 247
107 131
107 193
107 249
108 128
108 130
109 115
109 120
109 131
109 136
109 169
109 178
110 157
110 190
110 195
110 204
110 232
110 241
110 260
110 276
110 279
110 296
111 122
111 155
111 188
111 201
111 314
112 123
112 210
113 129
113 134
113 151
113 167
113 223
113 239
115 135
115 160
115 209
115 224
115 245
115 258
115 292
116 131
116 181
117 122
117 124
117 132
117 193
117 200
117 263
118 137
118 148
118 219
118 223
118 274
118 281
118 284
118 287
118 312
119 180
120 131
120 216
121 131
121 195
122 135
122 142
122 152
122 169
122 271
123 134
123 145
123 165
123 197
123 242
124 158
124 173
124 182
124 213
124 216
124 217
124 312
125 130
126 299
128 159
128 160
128 184
128 252
129 130
129 134
129 152
129 156
129 180
129 188
129 200
129 210
129 224
129 241
129 256
129 267
129 291
129 292
130 136
130 140
130 147
130 149
130 154
130 172
130 184
130 188
130 192
130 209
130 236
130 245
130 261
130 266
130 273
130 285
130 303
130 313
131 133
131 175
131 178
131 186
131 215
131 218
131 220
131 230
131 239
131 244
131 259
131 265
131 278
131 285
131 287
131 295
131 296
132 145
132 160
132 216
132 220
132 242
133 141
133 161
133 173
133 180
133 215
133 218
133 249
133 254
133 261
133 281
133 288
133 298
134 136
134 138
134 181
134 223
134 271
135 145
135 148
135 167
135 208
135 210
135 213
135 241
135 252
135 258
135 269
135 301
136 152
136 168
136 188
136 205
136 218
136 232
136 242
136 255
136 264
136 276
136 281
136 283
136 305
137 190
137 205
137 313
138 184
138 186
138 193
139 154
139 223
139 267
140 141
140 200
140 249
140 288
140 293
140 304
141 221
141 249
141 268
142 238
142 251
143 173
143 208
143 238
145 173
145 180
145 188
145 231
145 285
145 287
148 149
148 167
148 200
148 221
148 223
148 246
149 234
150 185
150 217
150 229
152 173
152 180
152 185
152 224
152 239
153 156
153 179
153 221
154 220
154 239
154 250
154 255
155 174
156 193
156 200
156 210
156 213
156 214
156 226
156 242
156 272
156 275
156 305
156 308
157 158
157 166
157 179
157 243
157 287
157 305
158 166
158 205
159 174
159 275
160 182
160 200
160 210
160 293
160 298
161 232
161 258
162 218
162 266
163 305
164 193
164 220
164 285
165 283
166 178
166 216
166 252
166 288
166 291
167 168
167 218
167 221
167 242
168 186
168 239
169 279
169 284
169 287
172 285
173 252
173 288
174 188
174 191
174 220
174 288
174 301
175 288
176 279
178 239
179 231
179 268
180 188
180 231
180 239
180 284
180 287
180 299
181 261
181 264
182 215
184 272
185 239
188 219
188 239
188 293
190 206
193 204
193 210
193 234
193 243
193 250
193 266
193 269
193 283
193 313
194 218
195 233
197 227
197 239
199 299
200 219
200 226
200 278
200 309
202 232
202 302
202 305
204 238
204 267
204 303
205 234
205 249
205 269
206 224
206 245
206 267
206 268
206 286
206 298
206 313
207 233
207 257
209 278
210 215
210 218
210 233
210 248
210 258
210 280
211 279
211 288
212 231
215 228
215 259
216 235
216 280
216 286
216 299
217 242
218 243
218 266
219 273
220 252
220 302
221 222
221 273
222 259
222 287
222 296
224 231
224 249
224 264
224 288
224 305
226 286
229 301
229 312
230 269
232 265
232 296
233 287
234 265
235 244
239 267
239 269
239 287
241 281
243 273
244 296
244 309
247 258
247 305
249 274
250 292
261 285
263 289
263 291
265 285
265 303
266 279
267 293
268 276
268 286
269 273
269 296
269 303
270 302
273 307
279 293
283 312
285 287
286 295
286 305
291 304
293 311
296 301
