0 104
0 139
0 248
1 49
1 50
1 55
1 63
1 110
1 224
1 248
1 288
2 5
2 31
2 46
2 50
2 75
2 84
2 105
2 112
2 133
2 134
2 157
2 162
2 166
2 197
2 219
2 220
2 249
2 254
2 258
2 264
2 272
2 287
2 301
2 311
3 41
3 46
3 91
3 106
3 154
3 187
3 200
3 224
4 7
4 8
4 16
4 30
4 34
4 42
4 47
4 50
4 98
4 135
4 152
4 154
4 239
5 11
5 49
5 60
5 135
5 188
5 244
5 269
5 293
6 47
6 73
6 133
6 140
6 285
6 305
7 8
7 21
7 33
7 75
7 97
7 102
7 128
7 148
7 192
7 230
7 233
7 243
7 250
7 252
7 288
8 15
8 16
8 116
8 131
8 136
8 155
8 162
8 228
8 269
8 277
8 288
8 303
9 135
9 182
9 185
9 234
9 298
10 45
10 133
10 135
10 245
11 48
11 86
11 122
11 128
11 242
11 269
12 18
12 51
12 66
12 129
12 153
12 166
12 188
12 219
12 243
13 28
13 67
13 121
13 134
13 206
13 210
13 256
13 296
14 24
14 31
14 97
14 182
14 225
15 89
15 140
15 287
16 20
16 25
16 33
16 48
16 50
16 55
16 60
16 75
16 124
16 131
16 134
16 160
16 167
16 210
16 249
16 258
16 273
16 309
17 103
17 131
17 210
18 24
18 48
18 53
18 56
18 107
18 129
18 150
19 59
19 130
19 142
19 180
20 78
20 131
20 133
20 134
20 156
20 164
20 200
20 230
20 238
20 252
20 267
21 226
21 265
22 26
22 129
22 233
23 36
23 67
23 87
23 134
23 207
23 258
23 259
24 45
24 119
24 129
24 134
24 154
24 313
25 49
25 109
25 133
25 134
25 160
25 177
25 228
25 229
25 241
25 258
25 284
25 305
26 50
26 68
26 287
27 29
27 35
27 39
27 110
27 130
27 133
27 184
27 218
27 245
27 249
27 288
28 41
28 96
28 124
28 140
28 180
28 216
28 234
28 245
29 51
29 52
29 118
29 133
29 193
29 286
29 307
29 311
30 45
30 51
30 54
30 65
30 75
30 87
30 153
30 167
30 186
31 32
31 38
31 59
31 105
31 129
31 174
31 206
31 209
31 213
31 214
31 219
31 220
31 242
31 260
31 286
31 288
32 59
32 61
32 88
32 96
32 98
32 104
32 106
32 130
32 133
32 135
32 140
32 146
32 197
32 200
32 224
32 227
32 229
32 231
32 263
32 268
32 288
32 310
33 97
33 118
33 153
33 154
33 216
33 233
33 249
33 255
34 50
34 122
34 130
34 134
34 135
34 136
34 227
34 233
34 239
34 315
35 61
35 74
35 83
35 133
35 156
35 171
35 275
36 79
36 87
36 101
36 281
36 286
37 58
37 72
37 81
37 101
37 114
37 175
37 200
37 229
38 76
38 138
38 174
38 210
39 96
39 114
39 133
39 135
39 138
39 142
39 157
39 174
39 239
39 261
39 272
39 280
39 283
39 298
40 55
40 77
40 110
40 135
40 195
40 208
40 210
40 220
40 287
40 302
41 61
41 97
41 193
41 244
41 294
42 102
42 131
42 172
42 244
42 302
43 161
43 182
43 199
43 208
43 209
43 220
43 227
43 241
43 271
44 85
44 133
44 188
45 60
45 77
45 118
45 121
45 136
45 167
45 200
45 249
45 251
45 272
46 81
46 120
46 132
46 133
46 173
46 182
46 195
46 200
46 265
47 70
47 107
47 113
47 130
47 131
47 134
47 179
47 210
47 287
48 130
48 134
48 135
49 130
49 149
49 180
49 227
49 249
49 264
50 75
50 123
50 128
50 155
50 157
50 201
50 212
51 83
51 89
51 98
51 114
51 172
51 220
51 224
52 89
52 127
52 130
52 254
52 287
53 167
53 180
53 191
54 66
54 131
55 99
55 113
55 149
55 302
56 61
56 125
56 131
56 136
56 172
56 196
56 215
56 305
57 112
57 118
57 159
57 233
57 279
58 124
58 203
58 204
58 257
59 129
59 133
59 135
59 137
59 148
59 156
59 193
59 218
59 220
59 258
59 269
59 286
59 291
59 303
60 134
60 153
60 188
60 216
60 247
60 260
60 313
61 75
61 77
61 180
61 278
61 291
62 117
62 193
62 258
63 200
64 135
64 176
65 67
65 92
65 121
65 136
65 177
66 72
66 153
66 159
66 258
66 285
66 286
66 297
67 88
67 129
67 179
67 182
67 212
67 270
68 108
68 149
68 171
68 201
68 303
69 80
69 82
69 120
69 258
69 277
70 131
70 238
71 234
71 305
72 106
72 129
72 165
72 183
72 231
73 115
73 134
73 166
73 193
74 98
74 172
74 179
74 193
74 249
74 287
75 92
75 138
75 260
75 268
76 85
76 89
76 115
76 150
77 121
77 157
77 180
77 221
77 238
77 243
77 252
78 87
78 135
78 180
78 304
79 92
79 178
79 200
79 241
79 244
79 246
79 261
80 97
80 106
80 143
80 150
80 152
80 193
80 259
80 309
81 122
81 133
81 134
81 148
81 156
81 197
81 285
82 134
83 121
83 130
83 135
85 118
85 136
85 286
85 314
86 134
86 149
86 160
87 92
87 159
87 269
87 286
88 135
88 140
88 197
88 239
89 102
89 157
89 286
90 98
90 107
90 130
92 156
92 172
93 210
94 129
94 148
94 154
94 163
94 304
95 133
95 135
96 136
96 249
97 102
97 142
97 243
97 249
97 274
98 173
98 198
98 213
98 260
98 268
99 122
99 129
99 134
100 216
100 222
101 133
101 167
101 272
101 296
102 127
102 128
102 134
102 153
102 159
102 174
102 196
102 197
102 206
102 211
102 244
102 279
102 286
102 301
103 114
103 124
103 131
103 156
103 181
103 193
103 200
103 224
103 225
103 258
103 294
103 313
104 119
104 128
104 131
104 133
104 149
104 188
104 211
104 220
104 233
104 234
104 284
104 288
105 184
105 307
106 129
106 134
106 267
107 221
107 249
108 122
108 152
108 306
109 124
109 156
109 226
110 131
110 274
110 288
110 308
112 130
112 205
112 208
112 276
113 130
113 243
113 287
114 151
114 153
114 219
114 277
115 217
115 234
116 133
116 241
117 118
117 133
117 134
117 156
117 210
117 263
117 279
118 130
118 142
118 185
118 215
118 302
118 306
119 134
119 181
119 206
119 304
120 142
120 286
121 130
121 135
121 158
121 180
121 239
121 244
123 134
123 258
123 259
124 127
124 156
124 157
124 160
127 223
127 283
128 129
128 134
128 135
128 167
128 179
128 224
128 269
128 279
128 292
129 133
129 134
129 149
129 154
129 160
129 168
129 196
129 214
129 218
129 219
129 241
129 298
129 303
130 131
130 149
130 152
130 153
130 157
130 174
130 179
130 180
130 210
130 216
130 220
130 233
130 235
130 239
130 241
130 249
130 266
130 283
130 284
130 288
130 304
131 133
131 145
131 148
131 149
131 151
131 156
131 167
131 173
131 192
131 193
131 197
131 212
131 215
131 217
131 222
131 248
131 281
131 286
131 288
131 294
131 305
132 156
132 213
132 307
133 134
133 136
133 142
133 147
133 149
133 156
133 176
133 190
133 197
133 200
133 206
133 211
133 219
133 223
133 232
133 249
133 267
133 270
133 298
134 148
134 149
134 168
134 174
134 188
134 203
134 209
134 210
134 241
134 242
134 262
134 264
134 275
134 277
134 309
135 150
135 152
135 158
135 161
135 198
135 208
135 237
135 238
135 246
135 258
135 276
135 277
135 287
135 292
135 293
136 149
136 178
136 203
136 235
136 239
136 255
136 309
136 314
137 159
139 217
139 267
140 157
140 162
140 179
140 193
140 201
140 287
140 305
141 301
142 156
144 192
144 275
145 193
145 266
147 153
147 298
148 176
148 231
148 249
148 288
148 306
149 200
149 262
152 288
152 305
153 184
153 278
154 179
156 188
156 213
156 215
156 219
156 238
156 244
156 252
156 266
156 279
156 286
156 301
157 213
157 220
157 298
158 196
158 261
158 287
158 288
159 192
159 298
160 162
160 169
160 232
160 313
161 173
161 205
162 194
162 219
162 312
164 242
164 259
165 167
166 227
166 290
167 185
167 203
167 208
167 220
167 233
167 286
167 287
167 304
168 210
169 188
170 252
171 242
171 267
172 275
172 288
173 242
173 274
173 304
174 189
174 239
174 288
175 268
175 288
177 191
177 266
179 181
179 197
179 245
179 298
180 208
180 216
181 209
181 248
181 249
181 288
182 220
182 262
184 249
184 314
185 200
185 201
185 210
185 297
187 193
187 201
187 252
188 191
188 315
189 303
191 207
191 220
191 287
191 303
192 222
192 231
193 201
193 216
193 220
193 275
193 281
193 286
193 288
193 292
195 218
196 219
196 239
196 266
196 271
197 204
197 208
197 222
197 267
197 270
199 213
199 245
199 248
200 206
200 209
200 210
200 261
200 293
200 296
201 241
203 215
204 243
204 280
205 211
205 220
205 245
206 210
206 230
206 242
206 247
206 249
206 296
206 303
206 311
207 231
208 210
208 220
208 245
208 283
209 244
209 304
210 220
210 239
210 273
211 276
211 279
211 285
211 307
213 265
214 222
214 265
214 285
215 249
215 285
216 240
216 247
217 298
218 245
220 232
222 258
224 278
226 229
227 312
229 261
229 275
229 278
231 301
232 241
232 264
232 305
233 301
234 242
234 272
234 276
234 287
238 254
238 291
239 240
239 251
239 269
239 271
241 278
241 304
243 283
245 278
245 283
246 311
249 269
249 273
249 279
249 295
252 287
254 258
255 279
261 283
261 286
263 273
263 282
267 278
267 285
267 291
267 308
270 272
271 275
271 286
271 304
272 277
272 291
272 302
272 315
274 308
275 306
275 313
276 311
277 296
282 298
286 315
287 290
