0 33
0 50
0 83
0 150
0 153
0 215
1 13
1 35
1 87
1 113
1 140
1 141
1 168
1 258
2 8
2 16
2 46
2 60
2 111
2 112
2 120
2 124
2 130
2 149
2 156
2 256
2 260
2 298
3 7
3 96
3 166
3 238
4 30
4 35
4 41
4 46
4 86
4 208
4 252
5 159
5 178
5 309
6 31
6 45
6 64
6 124
6 129
6 135
6 204
6 239
6 258
6 269
6 293
7 25
7 73
7 101
7 121
7 138
7 182
7 206
7 207
7 220
7 239
7 240
7 251
7 289
7 291
7 313
8 13
8 24
8 27
8 28
8 33
8 45
8 60
8 83
8 84
8 98
8 134
8 138
8 148
8 150
8 156
8 232
8 240
8 249
9 13
9 25
9 57
9 95
9 162
9 249
9 259
9 275
10 17
10 139
10 150
10 174
10 254
10 283
11 84
11 122
11 200
11 312
12 45
12 64
12 65
12 122
12 132
12 148
12 149
12 157
12 169
12 205
12 231
12 246
12 249
12 275
13 40
13 51
13 111
13 210
13 218
13 219
14 30
14 45
14 50
14 67
14 73
14 137
14 235
14 263
14 293
15 78
15 80
15 92
15 173
15 231
15 278
15 293
15 298
16 21
16 23
16 59
16 79
16 88
16 102
16 117
16 129
16 130
16 135
16 151
16 174
16 195
16 205
16 213
16 269
16 291
17 60
17 71
17 219
18 44
18 111
18 112
18 114
18 122
18 143
18 216
18 235
18 243
19 78
19 133
20 35
20 47
20 74
20 129
20 131
20 180
20 193
20 234
20 273
21 96
21 129
21 166
21 232
21 266
22 135
23 34
23 182
23 204
24 34
24 112
24 135
24 220
24 252
25 77
25 103
25 115
25 124
25 158
25 186
25 200
25 232
25 265
25 282
26 134
26 135
27 33
27 77
27 160
27 200
27 210
28 57
28 134
28 143
28 204
28 256
29 131
29 193
30 43
30 64
30 93
30 139
30 174
30 205
30 239
31 50
31 75
31 80
31 133
31 134
31 135
31 154
31 184
31 200
31 210
31 222
31 299
32 38
32 46
32 56
32 102
32 121
32 124
32 133
32 134
32 143
32 167
32 169
32 180
32 192
32 223
32 224
32 268
32 288
33 36
33 47
33 56
33 66
33 124
33 129
33 134
33 146
33 160
33 227
33 241
33 247
33 310
34 92
34 98
34 101
34 102
34 135
34 210
34 218
34 296
35 81
35 86
35 135
35 208
35 217
35 244
36 80
36 148
37 135
37 150
37 151
37 152
37 188
37 206
37 241
37 255
38 84
38 230
38 250
38 293
39 97
39 105
39 109
39 129
39 137
39 145
39 245
39 279
40 134
40 156
40 192
40 285
40 293
41 45
41 50
41 130
41 140
41 219
41 249
41 288
42 56
42 61
42 97
42 110
42 125
43 65
43 74
43 149
43 216
43 238
43 258
43 278
44 61
44 133
44 135
44 156
44 239
44 245
44 275
44 287
45 66
45 68
45 103
45 127
45 128
45 189
45 218
45 227
45 258
45 272
45 273
46 55
46 64
46 101
46 135
46 152
46 188
46 201
46 208
46 254
46 292
47 80
47 91
47 98
47 102
47 113
47 127
47 130
47 136
47 140
47 156
47 298
48 143
48 156
48 164
48 220
48 233
50 91
50 148
50 167
50 193
50 271
50 275
50 281
50 298
51 59
51 130
51 178
51 218
51 236
51 240
51 302
52 129
52 212
52 216
52 265
52 267
53 120
53 157
54 99
54 131
54 156
54 167
55 66
55 98
55 158
55 299
56 72
56 79
56 163
56 178
56 220
56 283
57 103
57 140
58 122
58 230
59 103
59 113
59 122
59 124
59 130
59 138
59 141
59 152
59 156
59 157
59 182
59 187
59 210
59 221
59 224
59 241
59 249
59 303
60 85
60 103
60 140
60 174
60 232
60 285
60 292
61 74
61 75
61 80
61 81
61 166
61 202
61 222
61 262
62 74
62 121
62 207
62 214
62 239
63 90
63 112
63 276
64 129
64 164
64 215
65 90
65 102
65 296
66 130
66 161
66 184
67 100
67 135
67 159
67 195
67 211
67 217
67 230
67 239
67 240
67 285
68 77
68 95
68 139
68 152
68 157
68 173
69 92
69 163
69 269
70 218
70 249
71 79
73 87
73 160
73 205
73 229
73 276
74 80
74 103
74 149
74 151
74 180
74 181
74 239
74 242
74 246
74 270
75 102
75 109
75 128
75 130
75 151
75 179
75 242
76 77
76 89
76 102
76 162
76 275
76 300
76 303
77 95
77 135
77 220
78 136
78 142
78 160
78 232
79 101
79 104
79 167
79 233
79 276
79 311
80 130
80 135
80 148
80 149
80 154
80 155
80 160
80 161
80 177
80 269
81 129
81 156
81 171
81 181
81 213
81 287
81 301
82 272
82 293
83 85
83 172
84 252
85 96
85 98
85 103
85 210
85 303
86 131
86 135
86 144
86 189
86 245
87 96
87 97
87 105
87 106
87 117
87 130
87 152
87 157
87 161
87 286
88 92
88 133
88 144
88 231
88 233
88 269
89 103
89 162
89 228
89 264
89 288
90 102
90 120
90 131
90 193
90 311
91 103
91 136
91 280
92 107
92 168
92 205
93 204
94 114
94 130
94 163
94 188
94 220
94 238
95 139
95 152
95 167
95 267
95 268
96 122
96 130
96 156
96 205
96 249
96 282
96 284
96 286
97 128
97 162
98 122
98 161
99 128
99 143
100 279
101 122
101 153
101 200
101 305
102 121
102 130
102 131
102 136
102 152
102 166
102 210
102 213
102 230
102 249
102 266
102 285
102 287
103 129
103 135
103 152
103 165
103 167
103 180
103 185
103 219
103 220
103 223
103 249
103 255
103 283
103 287
103 288
104 120
104 161
104 232
104 236
104 239
104 279
104 296
104 298
104 300
105 108
105 124
105 217
106 124
106 129
106 135
106 158
106 185
106 238
106 260
106 284
106 287
106 288
107 110
107 167
107 196
107 252
108 130
108 134
108 143
108 152
108 206
108 231
108 313
109 151
109 200
110 131
110 171
110 196
110 215
110 245
110 270
110 271
110 283
110 284
110 287
110 288
110 308
111 112
111 129
111 131
111 160
111 193
111 207
111 231
112 134
112 188
112 283
112 293
113 238
114 139
114 206
114 263
114 287
115 264
115 280
115 287
115 307
116 128
116 136
116 181
117 135
117 150
117 156
117 179
117 204
117 226
117 304
118 124
118 131
118 134
118 136
118 201
118 217
118 239
118 242
118 244
119 135
119 172
119 280
120 207
120 253
121 136
121 221
121 239
122 148
122 152
122 185
122 194
122 200
122 249
123 180
123 200
123 288
124 152
124 157
124 181
124 228
124 230
126 177
126 217
126 249
126 287
127 177
127 249
127 252
128 158
128 196
128 200
128 217
128 305
129 133
129 135
129 137
129 146
129 156
129 183
129 187
129 213
129 232
129 248
129 275
129 295
129 296
129 303
130 133
130 142
130 156
130 157
130 162
130 169
130 171
130 179
130 185
130 193
130 207
130 211
130 217
130 225
130 242
130 257
130 276
130 279
130 284
130 287
130 288
130 293
130 301
130 305
131 133
131 145
131 156
131 180
131 192
131 193
131 200
131 208
131 222
131 246
131 259
131 267
131 293
131 305
132 134
132 157
132 303
132 308
133 134
133 135
133 249
133 295
133 301
133 305
134 135
134 136
134 139
134 149
134 157
134 162
134 179
134 201
134 205
134 207
134 227
134 263
134 265
134 268
134 288
134 305
135 141
135 148
135 155
135 156
135 157
135 171
135 208
135 211
135 215
135 267
135 292
136 156
136 185
136 193
136 210
136 211
136 215
136 224
136 240
136 246
136 275
136 290
137 193
137 242
137 265
137 287
138 180
139 217
140 145
140 148
140 164
140 206
140 308
142 188
142 214
142 215
142 223
142 242
142 264
144 148
144 152
144 166
144 276
145 232
145 286
145 294
145 299
147 219
147 302
148 180
148 219
148 235
149 168
149 200
149 220
150 175
151 166
151 196
151 200
153 233
154 180
154 287
155 157
155 160
155 188
156 164
156 176
156 180
156 204
156 214
156 216
156 249
156 287
156 288
157 169
157 180
157 201
157 235
157 266
157 284
158 161
158 254
159 231
159 267
159 272
160 181
160 217
160 243
160 259
160 272
161 246
162 183
162 222
162 292
163 197
164 206
164 230
164 261
164 263
164 301
164 305
165 244
166 206
166 285
167 193
167 294
168 284
169 179
169 305
171 235
172 184
172 193
172 249
173 263
174 193
174 212
174 216
174 232
175 180
176 264
176 283
178 180
178 250
179 200
179 255
180 202
180 204
180 206
180 219
180 245
180 250
180 253
180 266
180 284
180 287
181 183
182 217
183 254
183 295
184 214
185 196
185 200
185 223
187 196
187 287
187 294
187 295
188 201
188 212
188 276
188 305
189 283
190 248
191 232
191 290
192 231
192 272
193 203
193 217
193 220
193 222
193 229
193 279
193 287
195 216
196 259
196 305
197 207
197 210
197 212
197 288
198 311
199 242
200 205
200 213
200 272
200 284
200 293
200 305
201 238
201 245
201 315
205 280
205 288
205 305
205 310
206 247
206 304
208 304
209 224
210 249
210 268
210 280
212 273
213 233
213 258
214 218
214 294
215 227
215 249
215 307
218 235
218 270
218 274
218 287
219 224
219 238
220 249
220 298
221 254
223 275
224 252
224 272
224 288
224 305
225 243
225 296
227 279
228 300
230 248
231 270
231 287
231 298
233 255
233 298
233 301
236 299
237 281
238 242
239 284
241 282
241 314
242 276
242 308
242 310
242 311
243 272
244 288
245 304
246 285
247 253
248 309
249 252
249 266
249 271
252 307
256 293
258 275
262 307
266 269
266 291
267 313
268 272
271 274
276 286
278 287
279 292
279 312
281 305
282 310
284 308
286 291
286 294
286 303
287 315
288 301
291 304
