0 63
0 80
0 90
0 130
0 131
1 78
1 96
1 110
1 180
1 224
1 231
1 278
2 27
2 31
2 55
2 129
2 178
2 197
2 211
2 287
2 288
2 292
2 313
3 75
3 83
3 103
3 191
3 193
4 8
4 107
4 130
4 232
4 307
5 86
5 129
5 152
5 159
5 200
5 220
5 233
5 245
5 274
6 40
6 47
6 62
6 129
6 208
6 246
6 255
6 284
6 303
7 12
7 21
7 49
7 59
7 103
7 108
7 122
7 143
7 158
7 199
7 202
7 230
7 239
7 287
7 305
7 306
8 59
8 104
8 200
8 218
8 281
9 60
9 73
9 81
9 133
9 139
9 171
9 198
9 220
10 29
10 118
10 130
11 29
11 130
11 131
11 156
11 213
11 220
11 266
12 39
12 74
12 134
12 148
12 167
12 180
12 188
12 247
12 248
12 275
12 278
13 61
13 108
13 233
13 272
13 275
13 287
14 20
14 97
14 128
14 219
14 221
15 33
15 36
15 76
15 134
15 193
15 242
16 26
16 32
16 36
16 48
16 59
16 91
16 96
16 98
16 106
16 124
16 128
16 131
16 134
16 135
16 150
16 168
16 171
16 185
16 197
16 200
16 221
16 242
16 260
16 288
16 302
17 102
17 131
17 134
17 164
17 252
17 293
18 40
18 43
18 46
18 58
18 111
18 124
18 128
18 134
18 135
18 181
18 205
18 228
19 57
20 43
20 66
20 108
20 114
20 117
20 129
20 130
20 141
20 154
20 168
21 48
21 156
21 261
21 269
22 51
22 132
22 298
23 134
23 188
23 191
23 206
23 248
24 88
24 192
24 233
24 272
25 54
25 62
25 98
25 103
25 131
25 148
25 150
25 200
25 215
25 281
26 154
27 30
27 193
28 59
28 72
28 134
28 136
28 148
28 165
28 209
28 215
29 76
29 92
29 103
29 104
29 110
29 188
29 244
29 287
30 91
30 109
30 131
30 135
30 156
30 160
30 185
30 201
30 219
30 233
31 134
31 135
31 146
31 162
31 271
31 287
32 49
32 51
32 67
32 73
32 77
32 78
32 92
32 131
32 132
32 134
32 184
32 210
32 224
32 255
33 37
33 77
33 102
33 130
33 133
33 136
33 160
33 165
33 177
33 210
33 213
33 227
33 285
33 301
34 42
34 46
34 103
34 118
34 121
34 130
34 131
34 164
34 211
34 232
34 269
34 276
34 279
35 80
35 90
35 118
35 129
35 269
35 295
35 305
36 60
36 92
36 122
36 191
36 197
36 215
36 239
36 269
37 129
37 174
37 281
38 66
38 71
38 130
38 136
38 154
39 57
39 111
39 217
39 239
39 287
40 75
40 95
40 102
40 129
40 156
40 163
40 241
40 293
41 47
41 101
41 120
41 133
41 136
42 66
42 67
42 69
42 90
42 93
42 123
42 131
42 134
42 220
42 248
42 305
43 59
43 65
43 129
43 156
43 191
43 222
43 261
44 59
44 107
44 129
44 210
45 55
45 117
45 129
45 139
45 178
45 193
45 199
45 210
45 227
45 239
45 292
45 296
45 313
46 56
46 210
46 239
46 249
46 261
46 263
46 275
46 287
46 313
47 49
47 135
47 137
47 180
47 238
47 277
47 285
47 297
48 59
48 92
48 129
48 197
48 200
49 79
49 103
49 128
49 134
49 209
49 275
50 75
50 77
50 124
50 160
50 175
50 193
50 255
50 263
50 305
51 98
51 108
51 121
51 152
51 229
52 218
53 91
53 92
53 113
54 63
54 137
54 156
54 162
54 185
54 210
54 252
54 284
55 59
56 80
56 104
56 140
56 156
56 162
56 207
57 108
58 217
58 286
59 132
59 133
59 156
59 159
59 200
59 220
59 232
59 249
60 67
60 74
60 95
60 156
60 226
61 103
61 118
61 130
61 219
61 233
61 259
62 146
62 150
62 156
62 247
62 252
63 266
64 91
64 167
64 197
64 214
64 217
64 233
64 261
65 191
65 202
65 216
65 233
66 130
66 268
66 271
66 276
67 80
67 98
67 131
67 197
67 220
68 95
68 97
68 129
68 134
68 154
68 167
68 240
68 287
69 109
69 177
69 188
69 202
69 209
70 124
70 133
70 222
70 263
71 195
71 223
71 287
72 103
72 130
72 279
72 307
73 136
73 211
73 273
74 95
74 107
74 129
74 142
74 143
74 159
74 200
74 224
74 251
74 272
74 314
75 102
75 129
75 133
75 180
75 207
75 244
75 256
75 309
76 130
76 152
76 157
76 161
76 167
76 180
77 152
78 168
78 206
78 210
78 242
79 103
79 243
79 309
80 133
80 134
80 158
80 167
80 174
80 184
80 193
80 200
80 201
80 224
80 252
80 258
81 129
81 134
81 148
81 157
81 179
81 188
81 200
81 218
82 276
83 100
83 148
83 233
83 258
83 287
83 312
83 314
84 104
85 156
85 204
85 231
85 298
86 97
86 184
86 235
86 276
86 279
86 315
87 133
87 135
87 140
87 156
87 188
87 205
87 220
87 256
88 130
88 131
88 177
88 180
88 286
88 294
88 308
89 239
90 220
90 224
90 308
91 201
91 297
91 301
92 101
92 134
92 143
92 213
92 251
92 287
92 309
93 157
93 232
94 180
94 241
95 134
95 156
95 298
96 118
96 130
96 209
96 215
96 256
96 315
97 109
97 119
97 131
97 167
97 205
97 238
98 116
98 134
98 269
98 302
99 101
99 128
99 219
99 305
99 313
101 129
101 136
101 159
101 181
101 200
101 262
101 294
101 307
102 104
102 129
102 233
102 293
103 104
103 122
103 129
103 130
103 152
104 120
104 131
104 158
104 239
104 279
104 283
105 124
105 160
105 176
105 238
105 249
106 123
106 202
106 241
106 285
106 286
107 135
107 153
107 224
107 250
107 298
108 118
108 247
108 277
108 313
109 133
109 279
110 111
110 130
110 142
110 216
110 220
110 233
110 241
110 261
110 274
111 147
111 179
111 249
111 275
112 212
113 174
113 201
114 285
114 296
115 133
115 160
115 204
115 208
115 283
116 164
116 167
116 185
116 200
116 210
117 134
117 156
117 215
117 232
117 261
117 276
118 130
118 131
118 149
118 162
118 167
118 180
118 182
118 192
118 227
118 252
118 268
118 290
119 134
119 154
119 171
120 133
120 156
120 180
120 194
121 230
122 177
122 197
122 204
122 210
122 243
122 259
123 133
123 140
123 152
123 166
123 210
123 214
124 145
124 157
124 162
124 194
124 200
124 223
124 283
124 296
125 165
126 182
127 169
127 290
128 142
128 175
128 264
128 309
129 131
129 132
129 136
129 156
129 175
129 178
129 179
129 180
129 196
129 206
129 212
129 224
129 232
129 236
129 268
129 270
129 283
129 298
129 314
130 131
130 134
130 135
130 136
130 140
130 182
130 184
130 186
130 206
130 276
130 305
131 132
131 136
131 141
131 150
131 158
131 218
131 220
131 247
131 248
131 254
131 258
132 179
132 206
132 240
132 265
133 135
133 140
133 154
133 180
133 185
133 194
133 197
133 202
133 206
133 220
133 230
133 249
133 251
133 268
133 287
133 297
133 305
134 135
134 172
134 183
134 200
134 205
134 217
134 232
134 233
134 235
134 240
134 241
134 268
134 287
134 288
134 296
134 297
134 309
135 157
135 161
135 166
135 167
135 174
135 177
135 180
135 203
135 222
135 245
135 251
135 284
135 288
136 193
136 218
136 244
136 245
136 250
136 271
136 287
136 305
137 138
137 180
137 214
137 215
137 287
138 180
138 210
138 258
139 178
139 269
140 150
140 156
140 160
140 185
140 288
141 157
141 191
141 200
142 181
142 202
142 229
143 173
143 238
143 246
143 275
144 181
144 208
144 279
144 301
145 159
145 276
145 288
146 150
146 181
147 163
147 285
148 216
148 252
149 192
149 200
149 220
149 227
149 242
149 249
149 256
152 219
152 234
152 247
152 266
152 267
152 298
152 303
154 185
156 164
156 166
156 174
156 208
156 213
156 216
156 227
156 229
156 235
156 237
156 240
156 260
156 277
156 287
157 206
157 263
157 276
157 282
157 303
157 315
158 167
158 252
159 174
159 220
159 229
160 167
160 184
160 187
160 188
160 206
160 220
160 232
160 241
160 267
160 311
161 202
162 208
162 244
162 305
163 177
163 263
164 180
165 249
166 313
167 196
167 235
167 264
167 288
167 301
168 239
168 313
169 208
172 201
172 239
172 313
173 211
173 238
173 250
173 270
174 188
174 206
174 290
174 291
174 298
174 315
177 206
177 220
177 249
179 180
179 200
179 206
179 307
180 243
180 311
181 191
182 260
184 228
184 244
184 263
185 231
185 264
185 271
185 313
188 230
188 245
188 299
190 239
191 220
191 267
193 225
193 240
193 255
195 303
196 216
196 250
196 252
197 224
197 225
197 227
197 246
197 267
197 287
199 267
200 210
200 238
200 249
201 245
201 287
202 234
202 298
203 298
204 250
204 303
205 297
205 304
206 276
206 315
207 297
208 243
208 266
208 273
208 276
208 315
209 243
209 244
209 303
210 220
210 293
210 314
211 252
213 266
213 279
213 292
214 216
216 233
216 311
217 250
217 287
217 309
218 252
218 298
219 248
219 265
219 267
219 288
219 311
220 242
220 301
220 308
223 288
224 238
224 266
224 301
224 303
227 286
228 267
229 254
229 263
231 288
232 267
232 307
234 258
235 284
236 292
237 242
239 249
239 270
239 276
239 295
240 244
240 251
240 288
240 303
241 242
242 267
242 279
244 261
244 286
245 265
246 279
246 286
246 288
248 313
249 267
252 305
258 266
258 286
258 304
260 298
264 286
265 280
265 287
265 299
266 276
266 278
268 293
269 285
270 272
271 284
272 285
272 305
272 307
274 304
277 302
279 302
283 315
286 288
286 304
288 303
288 310
303 306
311 315
