0 33
0 38
0 123
0 134
0 260
0 276
1 47
1 87
1 130
1 132
1 136
1 163
2 8
2 13
2 27
2 74
2 78
2 118
2 131
2 152
2 173
2 184
2 219
2 220
2 241
2 264
3 77
3 137
3 160
3 195
3 218
4 5
4 9
4 25
4 72
4 108
4 303
5 46
5 61
5 77
5 135
5 157
5 188
5 288
5 292
6 49
6 131
6 172
6 220
6 299
7 36
7 68
7 264
8 11
8 15
8 19
8 32
8 97
8 129
8 156
8 164
8 172
8 189
8 200
8 209
8 231
8 232
9 59
9 75
9 133
9 152
9 182
9 248
9 293
9 299
10 71
10 201
11 80
11 94
11 103
11 149
11 309
12 30
12 51
12 69
12 130
12 145
12 157
12 168
12 192
12 194
12 195
12 284
12 285
12 299
12 301
13 31
13 81
13 129
13 167
13 191
13 198
13 249
13 274
13 285
13 302
14 18
14 24
14 30
14 51
14 67
14 72
14 92
14 117
14 150
14 167
14 179
14 242
14 254
14 262
15 33
15 46
15 79
15 92
15 267
15 294
16 17
16 32
16 46
16 89
16 111
16 128
16 149
16 157
16 167
16 193
16 215
16 224
16 237
16 283
16 303
17 32
17 134
17 159
17 241
17 298
18 24
18 64
18 67
18 115
18 135
18 246
18 295
18 303
19 59
19 200
20 136
20 179
20 223
20 259
21 222
21 258
21 265
21 295
22 118
22 267
22 287
23 129
23 155
23 231
23 239
23 287
24 67
24 92
24 129
24 202
25 49
25 74
25 104
25 106
25 110
25 169
25 171
25 188
25 219
25 220
25 224
25 246
25 301
26 38
26 267
27 80
27 129
27 130
27 286
28 55
28 62
28 81
28 103
28 129
28 131
28 134
28 136
28 168
28 180
28 220
28 285
29 135
29 160
29 196
29 263
30 191
30 212
30 258
30 302
31 46
31 97
31 108
31 133
31 136
31 156
31 199
31 208
31 215
31 216
31 241
31 249
31 255
31 257
31 264
31 265
31 273
31 287
31 295
31 301
31 303
32 43
32 103
32 131
32 149
32 160
32 161
32 266
32 274
32 304
33 59
33 67
33 102
33 111
33 124
33 156
33 179
33 192
33 220
33 232
33 292
34 86
34 88
34 112
34 187
34 232
34 260
35 64
35 67
35 88
35 156
35 287
36 124
36 133
36 136
36 163
36 263
36 315
37 44
37 83
37 137
37 165
37 246
37 301
38 50
38 130
38 133
39 47
39 62
39 70
39 145
39 208
39 215
39 230
40 71
40 81
40 89
40 128
40 142
40 145
40 201
40 257
41 66
41 85
41 96
41 133
41 151
41 210
41 220
41 234
41 306
42 58
42 124
42 130
42 151
42 286
42 288
43 149
43 249
44 81
44 87
44 133
44 282
44 287
44 307
45 59
45 109
45 118
45 135
45 141
45 164
45 183
45 192
45 214
45 223
45 246
45 276
45 288
45 312
46 89
46 98
46 117
46 120
46 130
46 180
46 188
46 192
46 242
46 249
47 58
47 62
47 94
47 95
47 134
47 142
47 176
48 104
48 210
48 244
48 258
48 283
49 51
49 142
49 201
49 239
49 249
50 59
50 74
50 87
50 97
50 128
50 130
50 131
50 133
50 156
50 206
51 101
51 117
51 130
51 137
51 156
51 193
51 210
51 276
52 64
52 239
53 187
53 287
54 55
54 97
54 167
54 258
55 94
56 61
56 118
56 131
56 135
56 224
56 239
56 249
56 309
57 76
57 224
58 196
59 65
59 78
59 93
59 103
59 123
59 128
59 142
59 230
59 247
59 256
59 257
59 268
59 285
59 287
60 104
60 134
60 136
60 201
60 211
60 221
60 284
60 297
60 304
61 112
61 131
61 132
61 240
62 80
62 130
62 131
62 185
62 187
62 244
62 288
62 292
63 113
63 156
63 159
63 193
63 234
63 271
64 75
64 107
64 130
64 134
64 138
64 160
64 195
64 233
64 274
65 102
65 220
65 241
65 252
65 268
66 83
66 122
66 134
66 135
66 157
66 180
67 98
67 101
67 140
67 144
67 148
67 218
67 223
67 243
67 244
67 266
67 294
67 308
67 310
68 118
68 160
68 206
68 224
68 287
69 70
69 149
69 252
69 284
70 74
70 131
70 177
71 241
72 162
72 173
72 249
72 288
73 128
73 129
73 148
73 163
73 169
73 200
73 286
74 101
74 109
74 138
74 167
74 169
74 200
74 201
74 239
74 241
74 266
74 309
75 77
75 81
75 103
75 112
75 130
75 134
75 157
75 227
75 259
75 288
76 133
76 157
76 167
76 179
76 193
76 310
77 101
77 103
77 117
77 119
77 161
77 162
77 206
77 213
77 271
78 110
78 140
78 314
79 105
79 107
79 118
79 131
79 138
79 212
79 305
80 97
80 130
80 162
80 164
81 98
81 102
81 129
81 130
81 137
81 163
81 243
81 252
82 136
82 191
83 106
83 146
83 160
83 232
83 269
84 94
84 127
84 199
85 136
85 156
85 158
85 195
85 298
86 161
86 237
87 171
87 183
88 125
88 129
88 152
88 156
88 218
88 274
89 124
89 216
89 276
90 224
90 281
91 130
92 100
92 272
92 305
93 304
94 107
94 130
94 208
95 107
95 148
95 196
95 203
95 209
95 283
95 285
96 137
96 138
96 156
96 166
96 179
96 183
96 258
96 259
96 284
96 285
96 291
96 298
97 129
97 153
97 167
97 172
97 222
97 244
97 313
98 129
98 219
98 244
98 266
98 288
98 313
99 139
100 118
100 179
100 196
100 239
100 249
101 208
101 222
101 238
102 121
102 130
102 131
102 133
102 154
102 156
102 181
102 188
102 238
102 264
102 276
102 285
102 287
102 305
102 311
103 112
103 118
103 125
103 128
103 134
103 204
103 288
104 122
104 130
104 140
104 180
104 200
104 202
104 206
104 239
104 310
104 311
105 114
105 173
105 174
105 211
105 290
106 130
106 217
106 223
106 304
107 176
107 216
107 217
107 238
107 254
107 272
108 220
108 258
108 285
108 286
108 307
110 255
110 288
111 138
111 246
111 249
113 287
114 154
114 197
114 243
115 129
115 191
115 230
116 131
117 135
117 284
117 298
117 313
118 129
118 134
118 191
118 193
118 208
118 239
118 244
118 249
118 287
119 275
119 306
120 230
120 234
120 288
121 258
121 285
122 131
122 154
122 156
122 177
122 198
122 249
122 269
122 298
123 268
123 310
124 135
124 138
124 156
124 205
124 210
124 236
124 292
124 295
125 238
125 280
127 179
128 129
128 182
128 228
128 249
128 261
128 286
129 131
129 136
129 156
129 157
129 167
129 180
129 185
129 191
129 217
129 219
129 221
129 252
129 258
129 266
129 267
129 268
129 289
129 303
130 135
130 142
130 156
130 169
130 171
130 188
130 202
130 213
130 214
130 239
130 243
130 260
130 276
130 292
131 134
131 136
131 138
131 140
131 156
131 161
131 167
131 190
131 204
131 273
131 279
131 281
131 292
132 133
132 137
132 140
132 200
132 220
133 135
133 140
133 148
133 156
133 160
133 196
133 198
133 208
133 218
133 219
133 252
133 257
133 263
133 264
133 266
133 268
133 272
133 275
133 305
134 156
134 165
134 179
134 200
134 209
134 230
134 239
134 240
134 258
134 285
134 287
134 291
134 293
134 297
134 307
134 308
134 310
135 136
135 140
135 157
135 164
135 167
135 180
135 206
135 215
135 240
135 249
135 258
135 281
135 283
135 286
135 299
136 180
136 193
136 215
136 217
136 231
136 234
136 268
136 295
137 157
137 206
137 221
137 245
138 156
138 200
138 248
139 210
140 162
142 167
142 242
142 275
143 218
143 312
144 165
144 171
145 156
145 205
145 260
147 218
148 200
148 209
148 213
148 222
148 231
148 245
148 278
148 298
149 215
149 223
149 266
149 298
150 156
150 167
150 206
150 231
150 264
150 314
151 291
152 157
152 193
152 207
152 258
152 295
152 310
153 242
153 272
155 214
155 292
156 165
156 173
156 190
156 221
156 224
156 287
156 295
157 200
157 220
157 221
157 271
157 272
157 288
158 288
159 249
159 272
159 303
160 270
160 295
161 251
161 302
162 206
162 210
162 219
162 267
162 287
162 303
163 288
165 192
165 287
166 220
167 171
167 173
167 191
167 219
167 240
167 243
167 268
167 296
167 304
169 174
169 239
170 218
172 241
172 255
172 287
173 182
174 272
174 287
175 211
175 275
177 229
177 241
178 213
178 260
179 206
179 224
179 232
179 264
180 185
180 209
180 238
180 239
181 193
181 207
181 220
181 238
181 254
185 283
187 193
187 206
187 278
188 204
188 224
188 240
188 255
188 266
188 281
189 198
190 205
191 212
191 295
191 298
192 237
192 244
193 298
193 303
194 257
195 239
195 241
195 243
196 266
197 206
197 245
197 252
197 269
199 241
200 227
200 233
200 271
200 281
200 285
201 238
201 293
203 216
204 242
204 269
205 214
205 303
206 231
206 242
208 218
208 310
209 220
209 222
209 252
210 232
210 263
210 270
210 275
211 266
212 244
212 314
213 229
213 249
213 268
213 302
215 232
215 244
215 255
215 300
216 276
218 232
218 252
218 281
218 295
219 269
220 222
220 304
220 307
220 308
222 258
223 283
224 242
224 269
224 307
226 289
227 260
232 272
232 280
232 283
233 239
233 283
236 298
238 249
238 255
238 274
239 242
239 269
239 286
241 249
241 252
241 254
241 287
241 296
242 297
245 301
246 249
246 266
246 271
247 264
247 303
248 286
249 260
249 261
249 266
249 272
249 278
249 303
250 256
251 276
253 286
255 288
255 292
258 269
258 288
259 305
260 301
261 305
264 303
268 274
269 273
269 287
272 305
273 285
274 298
275 288
275 298
275 301
276 305
278 285
278 295
279 302
282 288
286 287
286 293
287 304
288 313
290 292
291 311
