0 11
0 32
0 148
0 200
1 97
1 111
1 186
1 190
1 193
1 242
1 247
2 8
2 33
2 49
2 67
2 73
2 115
2 118
2 119
2 122
2 130
2 160
2 195
2 241
2 272
2 284
3 56
3 123
3 135
3 136
3 247
3 252
3 286
4 77
4 135
4 157
4 272
4 279
5 30
5 53
5 80
5 91
5 124
5 134
5 135
5 140
5 145
5 160
5 195
5 266
5 283
5 300
6 7
6 33
6 48
6 59
6 126
6 167
6 220
6 276
6 285
6 287
7 32
7 59
7 67
7 79
7 89
7 118
7 130
7 134
7 136
7 140
7 162
7 191
7 194
7 216
7 217
7 218
7 249
7 250
8 12
8 16
8 31
8 33
8 43
8 64
8 124
8 134
8 149
8 210
8 238
8 276
9 26
9 76
9 90
9 149
9 184
9 189
9 193
9 242
10 16
10 76
10 184
10 215
11 23
11 28
11 56
11 109
11 131
11 157
12 16
12 64
12 179
12 193
12 211
13 21
13 98
13 124
13 220
13 249
14 37
14 140
14 290
15 47
15 134
15 216
15 217
15 290
15 303
16 32
16 33
16 44
16 118
16 131
16 140
16 148
16 154
16 222
16 223
16 246
16 264
16 287
16 301
17 106
17 193
17 203
17 248
18 24
18 28
18 40
18 56
18 64
18 140
18 219
18 275
18 278
19 89
19 235
19 305
20 61
20 62
20 82
20 94
20 123
20 130
20 144
20 149
20 150
20 224
20 239
20 247
21 71
21 141
21 155
21 188
21 220
21 288
22 73
22 131
22 239
23 87
23 145
23 148
23 193
23 288
24 50
24 80
24 101
24 158
24 163
24 200
24 211
24 216
24 242
24 288
25 36
25 95
25 154
25 185
25 191
25 216
25 251
25 268
25 275
25 300
25 306
26 220
27 34
27 193
27 258
27 305
28 34
28 67
28 98
28 152
29 47
29 120
29 218
30 68
30 156
30 195
30 286
30 288
30 310
31 67
31 116
31 134
31 154
31 161
31 184
31 200
31 254
32 36
32 54
32 59
32 73
32 126
32 159
32 188
32 197
32 231
32 241
32 261
32 282
32 285
32 286
32 287
32 299
33 47
33 50
33 56
33 67
33 99
33 105
33 115
33 131
33 173
33 206
33 217
33 220
33 246
33 263
33 291
33 305
34 80
34 121
34 131
34 134
34 177
34 180
34 208
34 218
34 245
34 299
35 131
35 134
35 193
35 206
35 249
36 51
36 72
36 94
36 136
36 252
37 286
38 140
38 294
38 303
39 40
39 83
39 105
39 163
39 180
39 293
40 51
40 59
40 60
40 70
40 163
40 272
41 133
41 135
41 188
41 206
41 244
41 294
42 87
42 131
42 135
42 233
42 287
43 144
43 148
43 156
43 201
43 245
44 87
44 140
44 224
44 249
45 68
45 91
45 104
45 131
45 133
45 153
45 156
45 215
45 217
45 231
45 233
45 296
46 63
46 72
46 96
46 101
46 113
46 128
46 207
46 242
46 304
47 75
47 78
47 87
47 99
47 129
47 131
47 241
48 73
48 105
48 124
48 131
48 146
48 156
48 180
48 200
48 210
49 74
49 114
49 118
49 129
49 135
49 139
49 161
49 231
49 239
49 294
50 67
50 80
50 110
50 179
50 180
50 200
50 249
50 276
50 304
51 71
51 94
51 129
51 135
51 147
51 185
51 201
51 249
51 264
53 108
53 205
54 133
54 249
54 286
55 94
55 135
55 144
55 195
55 217
55 249
55 272
55 293
56 92
56 119
56 235
56 249
56 287
57 236
57 269
57 273
58 95
58 98
58 174
58 255
59 80
59 97
59 128
59 146
59 166
59 167
59 180
59 213
59 233
59 252
59 287
60 80
60 92
60 123
60 218
60 287
60 297
60 303
60 305
61 135
61 231
61 258
62 133
62 136
62 149
62 210
62 258
62 269
62 275
63 134
63 290
64 74
64 110
64 206
64 242
64 279
65 156
66 133
66 138
66 142
67 104
67 191
67 284
68 148
68 149
68 165
68 172
68 200
68 239
68 262
69 130
69 155
69 156
69 191
69 278
70 195
70 205
73 80
73 95
73 120
73 265
74 77
74 86
74 124
74 134
74 154
74 160
74 179
74 220
75 93
75 101
75 121
75 122
75 124
75 134
75 167
75 215
75 220
75 234
75 288
76 90
76 91
76 130
76 190
76 286
77 84
77 99
78 136
78 161
78 184
78 191
78 231
78 232
78 298
78 313
79 150
79 188
79 286
79 295
79 304
80 96
80 131
80 150
80 205
80 218
80 233
80 238
80 273
80 285
80 287
81 96
81 129
81 135
81 211
81 214
82 148
83 89
83 110
83 142
83 271
84 239
84 249
84 286
85 88
85 107
85 136
85 184
85 218
85 239
85 284
86 156
86 193
87 116
87 129
87 131
87 160
87 174
87 217
88 95
88 135
88 136
88 191
88 196
88 278
89 99
89 218
89 286
89 297
89 305
90 107
90 175
90 188
90 287
91 134
91 227
92 180
92 235
92 287
93 131
93 171
94 116
94 204
94 267
94 304
95 130
95 220
96 194
96 200
96 245
96 299
96 314
97 104
97 129
97 206
97 295
98 100
98 104
98 123
98 157
98 164
98 201
98 205
98 283
99 156
99 243
100 166
101 109
101 151
101 217
101 236
101 249
101 252
102 134
102 136
102 137
102 149
102 181
102 229
103 133
103 134
103 147
103 167
103 172
103 200
103 272
103 281
103 288
103 295
104 117
104 134
104 166
104 293
105 222
105 244
106 118
106 123
106 154
106 178
106 261
106 286
107 123
107 134
107 150
107 181
107 195
107 232
107 261
108 210
108 231
108 243
108 269
108 290
109 131
109 220
110 124
110 139
110 156
110 157
110 195
110 196
110 218
110 229
110 305
110 315
112 116
113 121
113 174
114 246
115 164
116 136
116 157
116 288
117 129
117 135
117 137
117 210
118 132
118 150
118 184
118 188
118 210
118 218
118 235
118 238
118 256
118 288
119 156
120 131
120 224
121 131
121 136
121 160
121 161
121 179
121 220
121 232
121 271
121 276
121 286
122 190
122 191
122 303
122 306
123 135
123 154
123 241
123 247
123 303
124 129
124 136
124 157
124 224
125 240
126 157
127 155
128 135
128 149
128 233
129 131
129 133
129 134
129 137
129 158
129 161
129 195
129 197
129 210
129 216
129 220
129 236
129 237
129 241
129 287
129 288
129 295
130 131
130 133
130 134
130 135
130 136
130 157
130 164
130 182
130 185
130 192
130 212
130 215
130 218
130 224
130 225
130 227
130 239
130 243
130 246
130 252
130 258
130 264
130 273
130 274
130 285
130 298
130 302
130 306
130 308
131 136
131 161
131 172
131 174
131 206
131 210
131 218
131 262
131 266
131 271
131 277
131 287
132 188
132 210
132 220
132 284
132 314
133 142
133 157
133 160
133 162
133 165
133 224
133 236
133 239
133 241
133 255
133 268
133 270
133 310
133 315
134 135
134 153
134 161
134 177
134 190
134 212
134 220
134 222
134 223
134 225
134 232
134 239
134 269
134 288
134 305
134 311
135 160
135 162
135 166
135 167
135 170
135 188
135 200
135 202
135 211
135 220
135 242
135 244
135 266
136 150
136 158
136 168
136 182
136 193
136 205
136 218
136 247
136 258
136 275
136 276
136 300
137 302
137 305
138 259
139 302
140 156
140 195
140 213
140 220
140 238
140 284
141 213
142 193
142 196
142 218
142 222
142 242
142 277
142 307
143 251
144 243
145 246
145 279
146 224
147 247
148 234
148 244
148 247
148 260
148 275
149 155
149 165
149 234
149 239
149 247
149 283
150 200
150 285
151 166
151 220
152 154
152 167
152 175
152 288
152 297
153 222
156 161
156 167
156 169
156 193
156 194
156 200
156 205
156 215
156 217
156 223
156 232
156 270
156 287
156 289
156 310
157 177
157 191
157 196
157 215
157 220
157 258
157 271
157 276
157 284
159 217
159 236
159 314
160 167
160 178
160 210
160 237
160 287
160 315
161 286
163 208
164 194
164 197
164 232
164 292
164 298
165 200
166 288
167 205
168 180
168 188
169 307
170 255
170 284
171 288
172 257
173 196
173 224
175 230
175 290
178 269
178 289
179 287
180 251
181 200
182 200
182 254
182 262
182 294
184 222
184 231
184 248
184 279
185 216
185 246
185 313
186 215
187 220
188 193
188 287
188 311
190 250
191 220
191 274
191 315
193 240
193 241
193 280
194 213
194 233
195 218
195 275
195 283
196 200
196 216
197 205
197 224
197 307
199 275
199 282
200 209
200 215
200 241
200 288
200 309
201 217
201 287
202 232
203 223
204 231
204 287
204 288
205 224
205 228
205 243
205 286
205 315
206 238
206 313
207 249
209 287
209 304
210 259
210 305
212 295
214 218
214 223
214 314
215 293
215 311
217 231
217 257
217 279
220 232
220 233
220 236
220 283
220 292
220 306
223 252
224 229
224 303
230 245
230 249
230 252
230 313
231 275
231 286
231 304
231 308
233 239
233 288
233 311
234 239
239 247
239 295
241 242
241 312
242 262
242 275
244 277
244 280
245 249
245 271
248 301
249 262
249 281
249 287
255 285
256 294
256 301
258 288
260 287
260 307
261 295
262 286
265 287
268 287
268 305
269 286
269 298
270 279
271 286
272 275
272 287
276 288
280 287
280 296
283 288
286 287
287 304
288 305
291 292
293 295
304 314
