0 1
0 25
0 51
0 77
0 120
0 288
1 14
1 48
1 77
1 140
1 142
1 209
2 4
2 9
2 19
2 25
2 56
2 60
2 64
2 85
2 90
2 97
2 126
2 130
2 136
2 148
2 157
2 173
2 200
2 239
2 240
2 272
2 283
2 284
2 288
2 293
2 299
3 55
3 138
3 163
3 218
3 242
3 276
4 5
4 32
4 37
4 42
4 48
4 50
4 61
4 107
4 193
4 272
4 288
4 299
5 13
5 16
5 66
5 77
5 87
5 128
5 129
5 133
5 311
6 134
6 149
6 304
7 41
7 62
7 101
7 113
7 121
7 142
7 154
7 209
7 220
7 236
7 250
7 275
7 287
8 33
8 39
8 48
8 58
8 60
8 74
8 136
8 147
8 167
8 180
8 208
8 229
8 230
8 239
8 252
8 268
8 269
9 46
9 64
9 138
9 139
9 304
10 102
10 131
10 251
11 159
11 206
12 18
12 37
12 61
12 75
12 87
12 106
12 133
12 136
12 148
12 206
12 227
12 234
12 258
12 287
13 75
13 80
13 109
13 136
13 137
13 171
13 173
14 34
14 70
14 104
14 127
14 161
14 196
14 238
15 87
15 97
15 134
15 153
15 155
15 201
15 210
15 232
15 309
16 39
16 46
16 51
16 60
16 64
16 69
16 108
16 117
16 133
16 206
16 299
16 310
17 258
18 21
18 38
18 119
18 133
18 220
18 272
18 286
18 287
19 59
19 131
19 164
19 201
20 35
20 46
20 133
20 136
20 180
20 298
21 41
21 213
22 68
22 179
22 190
22 310
23 43
23 55
23 91
23 119
23 147
23 208
23 230
24 44
24 84
24 102
24 129
24 133
24 204
24 298
25 56
25 185
25 206
25 215
25 233
25 249
25 292
26 63
27 126
27 131
27 286
28 35
28 60
28 83
28 92
28 138
28 156
28 193
28 206
28 284
28 311
28 314
29 32
29 118
29 279
30 33
30 59
30 105
30 217
30 276
30 311
31 80
31 109
31 130
31 173
31 178
31 212
31 240
31 242
31 244
31 268
31 286
32 41
32 47
32 80
32 122
32 132
32 168
32 181
32 220
32 228
32 235
32 236
32 251
33 34
33 42
33 44
33 45
33 47
33 93
33 103
33 136
33 137
33 160
33 202
33 223
33 248
33 269
33 278
33 284
33 303
34 109
34 149
34 161
34 171
34 199
34 276
34 287
35 134
35 140
35 174
35 184
35 283
35 311
36 138
36 156
36 191
36 206
36 220
36 263
36 287
36 304
37 43
37 77
37 134
37 145
38 285
38 299
39 107
39 129
39 133
39 149
39 205
40 59
40 244
41 72
41 91
41 191
41 259
42 75
42 76
42 134
42 141
42 185
42 200
42 219
42 268
42 309
43 118
43 156
44 103
44 135
44 156
44 163
45 47
45 70
45 75
45 80
45 87
45 89
45 121
45 130
45 131
45 156
45 208
45 210
45 215
45 279
46 51
46 78
46 79
46 111
46 132
46 133
46 149
46 220
46 236
47 68
47 76
47 80
47 105
47 109
47 129
47 130
47 154
47 244
47 249
47 297
47 299
48 56
48 89
48 242
49 121
49 129
49 133
49 138
49 213
49 245
49 249
50 82
50 96
50 103
50 118
50 122
50 131
50 163
50 184
50 211
50 242
50 295
51 95
51 145
51 160
51 169
51 239
51 247
51 296
51 313
52 120
52 212
52 288
53 98
54 134
54 138
54 141
54 217
54 235
54 304
55 151
55 311
55 315
56 88
56 100
56 101
56 131
56 145
56 158
56 258
57 111
57 306
58 79
58 131
59 74
59 75
59 104
59 109
59 136
59 162
59 191
59 200
59 206
59 220
59 231
59 287
60 68
60 100
60 124
60 133
60 146
60 149
60 157
60 231
60 240
60 241
60 242
60 249
60 273
61 148
62 130
62 162
62 172
62 195
62 218
62 241
62 304
63 81
63 135
63 234
64 67
64 72
64 88
64 94
64 122
64 174
64 220
64 223
64 288
64 307
64 314
65 130
65 272
66 134
66 279
67 117
67 134
67 135
67 136
67 200
67 210
67 231
68 108
68 115
68 134
68 160
68 162
68 172
68 230
68 232
68 236
69 80
69 153
69 194
69 216
69 268
69 287
70 156
70 223
71 152
71 193
71 213
72 133
72 152
72 221
72 231
73 117
73 220
74 93
74 118
74 133
74 134
74 148
74 149
74 168
74 204
74 210
74 239
74 249
75 87
75 98
76 177
76 185
76 189
76 210
76 217
77 118
77 135
77 171
77 196
77 200
78 102
78 130
78 135
78 164
78 174
78 232
78 234
79 96
79 102
79 128
79 133
79 161
79 191
79 206
79 220
79 238
79 266
79 287
80 124
80 185
80 216
80 219
81 118
81 134
81 157
81 230
82 117
82 214
82 260
83 212
83 277
83 302
84 155
84 220
85 89
85 104
85 287
86 96
86 108
86 191
87 90
87 108
87 116
87 134
87 135
87 159
87 191
87 211
87 238
87 252
87 258
88 98
88 135
88 209
88 262
88 309
89 130
89 131
89 152
89 159
89 202
89 225
89 237
89 242
89 244
89 278
89 281
90 219
90 241
92 133
92 140
92 173
92 179
92 250
92 257
92 269
93 255
93 274
94 129
94 159
94 180
94 277
95 121
96 102
96 103
96 206
96 252
97 158
97 225
97 235
97 297
98 99
98 103
98 123
98 130
98 135
99 117
99 119
99 206
99 212
99 249
100 105
100 148
101 127
101 133
101 135
101 144
101 161
101 264
102 129
102 131
102 135
102 145
102 164
102 180
102 210
102 241
102 292
102 310
103 112
103 141
103 156
103 166
103 217
103 306
104 124
104 180
104 249
105 206
106 121
106 124
106 126
106 133
106 136
106 188
106 238
107 133
107 143
107 175
107 181
107 245
107 264
108 133
109 135
109 148
109 288
109 291
109 313
110 156
110 235
110 239
110 264
114 123
114 254
114 283
114 310
115 120
115 260
117 129
117 131
117 141
117 150
117 178
117 190
117 261
117 301
118 124
118 129
118 130
118 131
118 133
118 142
118 156
118 204
118 216
118 272
118 289
118 292
120 122
120 135
120 197
120 245
120 291
120 313
121 156
121 231
121 273
122 136
122 148
122 180
122 234
122 276
122 287
122 296
122 304
123 174
123 220
123 232
123 240
123 260
124 131
124 134
124 160
124 168
124 174
124 219
127 184
127 208
127 305
128 138
128 161
128 166
128 179
128 275
129 139
129 147
129 148
129 154
129 167
129 170
129 193
129 205
129 219
129 237
129 241
129 290
129 305
130 134
130 136
130 138
130 140
130 142
130 145
130 167
130 169
130 173
130 216
130 222
130 234
130 271
130 287
130 291
130 292
130 293
131 138
131 140
131 141
131 184
131 191
131 269
131 280
131 287
131 293
131 296
131 303
132 156
132 263
133 138
133 142
133 160
133 188
133 191
133 202
133 208
133 230
133 233
133 239
133 241
133 248
133 267
133 274
133 285
133 288
133 299
134 139
134 148
134 154
134 156
134 165
134 168
134 179
134 206
134 239
134 241
134 249
134 250
134 260
134 275
134 277
134 286
134 287
134 294
135 139
135 151
135 197
135 204
135 222
135 239
135 284
135 286
135 287
135 303
136 156
136 159
136 162
136 172
136 184
136 204
136 212
136 216
136 224
136 225
136 239
136 286
136 288
137 298
137 308
138 167
138 200
138 219
138 260
138 279
138 286
139 210
139 211
139 220
139 291
140 153
140 214
140 223
141 229
141 279
142 154
143 181
143 192
143 238
144 256
145 157
145 161
145 197
145 280
145 286
145 296
145 310
147 156
147 178
148 225
148 260
148 276
148 284
148 286
148 301
149 156
149 187
149 194
149 284
149 286
149 305
149 309
149 312
150 156
150 184
152 170
152 200
152 210
152 223
152 267
154 200
154 210
155 156
155 220
155 303
155 315
156 189
156 208
156 217
156 223
156 233
156 239
156 261
156 263
156 265
156 269
156 274
157 184
157 188
157 215
157 230
157 250
157 303
159 186
159 240
159 275
159 288
160 167
160 204
160 209
160 211
160 261
160 288
161 224
161 300
162 233
162 249
163 189
163 232
164 247
164 275
165 215
165 313
166 266
167 215
167 288
169 186
169 198
169 285
171 194
171 229
172 173
172 287
173 264
174 201
174 270
174 304
175 215
176 230
176 245
176 284
176 310
177 207
179 232
179 245
180 206
180 264
180 288
180 307
181 196
181 200
181 224
182 248
183 258
185 206
185 249
185 303
186 201
187 210
187 287
188 258
188 287
189 199
190 258
190 298
192 210
193 244
193 269
193 286
195 295
196 217
198 268
200 236
200 242
200 254
200 266
200 274
200 286
200 305
201 305
201 314
202 307
203 304
205 230
205 239
206 219
206 266
206 288
206 296
207 221
208 229
209 231
209 287
210 220
211 279
211 293
213 286
214 252
215 284
217 243
217 273
218 265
218 288
219 268
219 277
219 285
220 229
220 276
220 304
224 239
224 249
224 263
224 286
224 301
224 307
226 284
229 238
231 249
232 245
234 284
234 298
234 302
234 303
238 242
239 270
241 290
242 256
242 305
247 285
249 273
249 278
254 276
256 260
258 269
258 287
260 272
261 278
263 294
264 287
266 289
269 281
271 276
275 279
275 287
276 280
282 287
284 296
285 301
286 287
286 313
287 294
287 303
288 306
307 308
