0 4
0 156
0 204
0 216
0 244
0 249
1 131
1 250
2 21
2 22
2 45
2 64
2 73
2 80
2 85
2 89
2 90
2 104
2 112
2 131
2 135
2 149
2 167
2 180
2 193
2 214
2 215
3 7
3 39
3 61
3 88
3 127
3 130
3 240
3 263
3 269
4 20
4 27
4 69
4 110
4 131
4 258
4 266
4 292
5 20
5 42
5 118
5 149
5 254
6 31
6 74
6 76
6 102
6 173
6 206
6 275
7 24
7 33
7 56
7 92
7 106
7 125
7 130
7 135
7 207
7 210
7 230
7 277
7 283
7 293
8 20
8 32
8 74
8 84
8 117
8 123
8 157
8 180
8 192
8 210
9 74
9 80
9 124
9 213
9 249
9 266
9 283
10 156
10 220
10 273
10 278
11 80
11 135
11 233
11 241
11 260
11 308
12 37
12 109
12 130
12 162
12 181
12 195
12 204
12 218
12 223
12 229
12 232
12 249
12 256
12 265
12 266
12 315
13 31
13 32
13 39
13 70
13 101
13 139
13 221
13 239
13 263
13 268
14 49
14 71
14 72
14 134
14 152
14 210
14 239
14 257
14 286
15 25
15 45
15 117
15 131
15 156
15 157
15 255
16 29
16 37
16 45
16 57
16 87
16 135
16 136
16 193
16 201
16 212
16 214
16 228
16 261
16 269
16 297
16 305
16 314
17 18
17 129
17 131
17 138
17 208
18 77
18 102
18 130
18 181
18 191
18 210
18 285
19 45
19 129
19 136
20 105
20 116
20 152
20 191
20 224
20 260
21 51
21 58
21 75
21 220
22 218
23 59
23 105
23 129
23 222
23 229
24 108
24 110
24 134
24 136
24 148
24 174
24 239
25 41
25 65
25 74
25 92
25 98
25 102
25 110
25 124
25 136
25 142
25 218
26 54
26 129
26 133
26 258
27 67
27 133
27 138
27 156
27 168
27 215
27 218
27 250
27 309
28 35
28 44
28 64
28 66
28 124
28 148
28 156
28 217
28 244
28 252
28 274
28 304
29 44
29 50
29 133
29 186
29 189
30 89
30 111
30 142
30 180
30 217
30 267
31 41
31 50
31 80
31 98
31 117
31 118
31 129
31 135
31 153
31 156
31 197
31 200
31 232
31 255
31 266
31 303
32 34
32 46
32 48
32 54
32 81
32 134
32 155
32 185
32 224
32 245
32 246
32 262
32 271
32 272
32 290
33 45
33 57
33 64
33 87
33 103
33 149
33 159
33 172
33 208
33 222
33 249
33 287
34 64
34 95
34 129
34 131
34 156
34 173
34 205
34 208
34 263
35 59
35 66
35 128
35 131
35 136
35 156
35 188
35 252
35 293
36 89
36 92
36 118
36 186
36 216
37 55
37 80
37 136
37 149
37 163
37 243
37 286
38 50
38 118
38 129
38 259
38 286
39 85
39 102
39 105
39 200
39 246
39 285
40 141
40 188
40 200
40 231
40 246
40 291
41 46
41 97
41 171
41 261
41 272
41 287
41 296
42 68
42 99
42 223
42 239
42 288
43 49
43 114
43 120
43 124
43 130
43 149
43 160
43 216
44 126
44 152
44 173
44 246
44 249
45 120
45 121
45 124
45 130
45 131
45 133
45 140
45 146
45 148
45 185
45 193
45 245
45 261
46 49
46 102
46 113
46 117
46 122
46 134
46 150
46 174
46 181
46 206
46 217
47 56
47 65
47 103
47 129
47 151
47 177
47 247
47 277
47 287
48 54
48 86
48 134
48 222
48 241
49 97
49 107
49 131
49 174
49 261
50 90
50 105
50 161
50 216
50 224
50 315
51 101
51 102
51 119
51 154
51 157
51 206
51 229
51 239
51 272
51 277
51 284
51 299
51 304
52 83
52 117
53 73
53 218
54 71
54 146
54 174
54 237
54 240
54 242
54 252
55 60
55 113
55 264
56 59
56 131
56 150
56 215
58 98
58 286
59 214
59 220
59 245
59 264
59 281
59 285
59 289
60 82
60 149
60 232
60 233
60 271
61 133
61 160
61 210
62 108
62 129
62 135
62 161
62 189
62 219
62 259
63 177
63 185
63 287
63 298
64 87
64 121
64 130
64 154
64 215
64 231
64 244
64 313
65 133
65 216
66 89
66 131
66 218
66 240
67 75
67 124
67 156
67 167
67 185
67 202
67 232
67 233
67 252
67 274
67 311
68 104
68 105
68 135
68 156
68 210
68 228
68 232
68 287
69 115
69 130
69 177
69 238
69 282
70 181
70 193
70 239
71 106
71 202
71 210
72 129
72 150
72 230
72 250
72 297
73 118
73 137
73 283
74 99
74 129
74 200
74 249
74 276
74 285
75 78
75 80
75 84
75 136
75 142
75 156
75 212
75 215
75 239
75 277
76 100
76 145
76 211
77 97
77 102
77 156
77 220
77 225
77 241
78 110
78 112
78 154
78 175
78 210
78 241
79 133
79 136
79 157
80 115
80 134
80 135
80 222
81 139
81 167
81 224
81 230
81 284
82 132
83 97
83 128
83 154
83 165
84 132
84 196
84 277
85 103
85 124
85 208
85 214
86 129
86 130
86 156
86 285
87 88
87 142
87 210
87 219
87 245
87 258
88 130
88 156
88 171
88 204
89 93
89 117
89 133
89 200
89 205
89 237
89 242
89 275
89 292
89 304
90 129
90 135
90 220
90 249
91 108
91 135
91 149
92 128
92 131
92 133
92 135
92 188
93 137
94 105
94 137
94 156
94 200
94 270
95 122
95 215
96 103
96 131
97 136
97 298
98 126
98 128
98 134
98 155
98 167
98 186
98 250
98 252
98 288
99 131
99 133
99 253
99 270
99 287
100 219
101 117
101 133
101 200
101 307
102 124
102 130
102 146
102 173
102 185
102 217
102 305
103 136
103 137
103 138
103 157
103 161
103 167
103 200
103 233
103 256
103 269
103 287
103 302
104 108
104 129
104 182
104 198
104 208
104 215
104 272
104 275
104 303
105 119
105 133
105 135
105 205
105 287
106 121
106 124
106 178
106 180
106 193
106 242
106 264
106 272
106 275
106 295
107 167
108 133
108 156
108 239
108 295
109 201
109 272
109 293
110 121
110 148
110 156
110 287
110 311
111 131
111 157
111 235
112 135
112 142
112 170
112 270
114 129
114 132
114 156
114 218
114 305
115 279
116 134
117 159
117 210
117 220
117 243
117 288
118 122
118 133
118 145
118 148
118 167
118 173
118 249
118 288
120 134
120 138
120 239
120 243
121 131
121 227
121 231
122 154
122 159
122 160
122 168
122 180
122 216
122 224
122 233
122 242
123 129
123 133
123 233
124 133
124 134
124 173
124 193
126 139
126 159
126 309
127 145
127 181
127 185
128 157
128 188
128 266
129 130
129 131
129 133
129 134
129 142
129 152
129 156
129 161
129 165
129 171
129 179
129 183
129 193
129 213
129 220
129 227
129 243
129 299
129 301
130 138
130 148
130 180
130 204
130 222
130 223
130 237
130 239
130 271
130 284
130 286
130 292
131 133
131 137
131 145
131 151
131 152
131 157
131 164
131 174
131 200
131 205
131 217
131 242
131 258
131 275
131 286
131 287
132 133
132 149
132 206
133 134
133 162
133 169
133 178
133 204
133 206
133 210
133 212
133 215
133 218
133 220
133 283
133 288
134 136
134 141
134 167
134 171
134 182
134 191
134 212
134 237
134 287
134 306
135 136
135 144
135 152
135 157
135 177
135 180
135 188
135 215
135 223
135 226
135 237
135 245
135 247
135 249
135 261
135 279
135 285
135 290
135 296
135 298
135 304
136 148
136 157
136 160
136 167
136 201
136 220
136 247
136 255
136 258
136 286
137 185
138 235
138 241
139 161
139 178
139 184
140 193
140 202
140 214
140 224
140 305
141 196
141 239
141 281
142 179
142 233
142 257
142 287
143 193
143 211
143 244
144 187
144 215
144 261
144 276
144 277
145 156
145 180
145 188
145 243
145 249
145 260
145 312
147 310
148 156
148 168
148 174
148 231
149 224
149 283
149 302
150 210
150 241
150 286
151 210
151 211
151 293
152 211
152 216
152 230
152 299
152 307
153 156
153 210
154 162
154 193
155 284
156 161
156 164
156 167
156 215
156 222
156 231
156 239
156 275
156 277
156 278
156 280
156 308
157 168
157 180
157 266
157 288
157 311
158 246
159 220
159 314
160 191
160 239
161 191
161 249
161 259
162 179
162 220
162 224
162 282
163 207
164 171
164 200
164 276
164 314
166 188
166 287
167 180
167 239
167 285
169 235
171 200
172 309
173 214
174 215
174 232
174 283
174 286
175 193
176 239
177 232
177 279
179 201
179 206
179 260
179 286
179 288
180 248
180 289
181 288
182 249
182 287
183 196
183 238
184 191
184 220
184 254
185 224
185 276
188 200
188 233
188 238
188 278
190 279
190 312
191 245
192 221
192 253
193 200
193 210
193 218
193 243
193 275
193 287
193 293
194 196
195 287
195 303
196 247
196 302
197 224
197 236
197 248
197 257
197 278
198 293
199 216
199 233
199 241
199 268
199 277
200 214
200 219
200 220
200 231
200 258
200 298
201 247
201 287
204 292
205 265
205 311
206 286
206 287
207 224
208 283
208 298
209 287
210 233
210 258
212 262
212 266
213 296
214 315
215 217
215 237
215 241
215 249
215 288
215 302
216 217
218 226
218 240
218 246
218 283
219 233
219 249
219 279
220 255
220 261
220 288
220 303
220 307
220 310
222 224
222 261
224 248
224 264
224 267
224 283
224 287
225 230
227 264
228 278
230 231
230 247
230 297
231 243
231 249
231 257
231 275
231 293
231 311
232 242
232 301
233 239
233 267
233 292
233 304
234 262
235 275
238 239
238 240
239 275
239 304
240 280
241 244
241 303
242 288
242 313
243 299
248 286
248 295
249 252
249 276
249 286
249 288
249 300
252 291
252 302
252 303
255 276
255 299
255 305
257 306
259 303
263 289
267 299
269 304
270 287
270 301
271 285
271 292
273 288
273 293
279 288
281 285
283 303
284 305
286 291
286 298
287 309
287 313
297 298
305 308
