0 22
0 53
0 119
0 124
0 131
0 136
0 233
0 241
0 286
0 296
0 307
1 14
1 59
1 102
1 275
2 32
2 33
2 40
2 50
2 52
2 54
2 56
2 64
2 79
2 110
2 114
2 129
2 153
2 180
2 230
2 238
2 242
2 252
2 264
2 266
2 267
2 288
2 291
2 304
3 99
3 106
3 145
3 274
3 304
4 7
4 16
4 101
4 108
4 119
4 159
4 280
4 287
5 152
5 172
5 214
5 230
5 269
5 283
5 309
6 20
6 131
6 298
7 35
7 39
7 57
7 60
7 74
7 78
7 98
7 99
7 123
7 140
7 195
7 217
7 220
7 240
7 252
7 266
7 267
7 275
7 280
7 283
8 12
8 16
8 30
8 51
8 62
8 93
8 127
8 156
8 163
8 193
8 225
8 236
8 269
8 290
9 25
9 35
9 137
9 193
9 286
9 287
9 303
10 81
10 131
10 135
10 252
11 18
11 67
11 74
11 128
11 151
11 167
12 25
12 32
12 34
12 39
12 74
12 86
12 88
12 133
12 148
12 156
12 205
12 211
13 110
13 131
13 133
13 180
13 231
14 33
14 86
14 106
14 118
14 160
14 215
14 287
14 313
15 80
15 159
15 297
16 33
16 59
16 60
16 129
16 133
16 139
16 157
16 218
16 219
16 229
16 233
16 237
16 255
16 285
16 314
18 51
18 60
18 87
18 101
18 156
18 158
18 159
18 221
18 258
18 288
19 31
19 43
19 62
19 162
19 166
19 307
20 52
20 129
20 131
20 154
20 166
20 179
20 303
21 54
21 66
21 74
21 184
21 294
22 180
22 206
23 102
23 158
23 275
24 40
24 106
24 129
24 133
24 181
24 217
24 256
24 287
25 27
25 34
25 58
25 67
25 135
25 148
25 156
25 237
26 177
26 233
27 46
27 52
27 130
27 156
28 32
28 46
28 52
28 61
28 87
28 90
28 102
28 105
28 148
28 152
28 156
28 174
28 178
28 194
28 210
28 243
28 252
29 60
29 68
29 285
30 56
30 66
30 79
30 87
30 133
31 41
31 47
31 51
31 129
31 142
31 156
31 161
31 188
31 189
31 214
31 237
31 269
32 34
32 48
32 50
32 65
32 80
32 130
32 156
32 157
32 164
32 173
32 188
32 216
32 233
32 271
32 285
32 286
32 287
32 305
33 51
33 64
33 104
33 137
33 161
33 181
33 184
33 196
33 208
33 299
34 36
34 83
34 88
34 286
35 152
35 167
35 179
35 200
35 249
36 48
36 174
36 215
36 290
37 46
37 59
37 188
37 252
38 85
38 108
38 118
38 134
38 160
38 193
38 233
39 129
39 172
39 208
39 222
40 46
40 208
40 231
41 168
41 220
42 76
42 118
42 130
42 149
43 86
43 111
43 114
43 130
43 133
43 137
43 167
43 233
43 269
43 314
44 52
44 98
44 135
44 211
44 255
44 268
45 68
45 131
45 149
45 160
45 192
45 212
45 287
45 298
45 299
46 118
46 133
46 193
46 202
46 212
46 257
46 281
47 67
47 91
47 99
47 105
47 109
47 156
47 208
48 50
48 52
48 83
48 103
48 104
48 133
48 237
49 101
49 115
49 205
50 209
51 136
51 142
51 185
51 251
51 288
51 296
52 145
52 173
53 60
53 106
54 69
54 77
54 87
54 129
54 189
54 215
54 275
54 315
55 91
55 127
55 155
55 160
55 201
55 206
56 66
56 104
56 135
56 179
56 181
56 215
56 216
56 252
56 277
58 87
58 287
59 67
59 87
59 93
59 105
59 106
59 118
59 129
59 130
59 156
59 176
59 208
59 220
59 224
59 256
60 79
60 129
60 133
60 156
60 268
60 305
61 131
62 74
62 111
62 127
62 129
62 130
62 167
62 174
62 179
62 248
63 135
64 124
64 156
64 167
64 172
64 200
64 213
64 225
64 249
64 287
65 118
65 131
65 161
65 286
66 152
66 200
66 206
66 232
66 297
67 75
67 96
67 97
67 98
67 117
67 131
67 143
67 205
67 247
67 272
67 286
68 97
68 134
68 163
69 80
69 126
70 82
70 130
70 231
70 259
71 136
71 302
72 123
72 135
72 217
72 310
73 88
73 193
74 75
74 201
74 211
74 243
74 253
74 284
75 130
75 185
75 235
76 130
76 136
76 179
76 277
77 105
77 135
77 174
77 193
78 91
78 109
78 139
78 247
78 289
79 122
79 128
79 156
79 267
79 269
80 136
80 148
80 173
80 176
80 239
81 95
81 130
81 177
81 220
81 229
81 286
82 193
83 118
83 223
84 177
85 133
85 234
85 239
85 276
86 159
86 208
86 252
87 88
87 101
87 129
87 133
87 134
87 135
87 218
87 233
87 305
88 271
89 249
89 305
90 97
90 276
91 104
91 105
91 135
92 100
92 105
92 152
92 234
92 260
92 286
92 303
92 307
92 314
93 215
94 130
95 102
95 121
95 181
95 188
96 98
96 161
96 232
97 133
97 140
97 191
98 110
98 119
98 196
99 124
99 134
99 157
100 145
101 104
101 136
102 103
102 116
102 204
102 206
102 216
102 218
102 249
102 264
102 287
102 301
103 131
103 134
103 136
103 148
103 167
103 193
103 200
103 205
103 224
103 244
103 263
103 276
103 284
104 108
104 123
104 148
104 194
104 242
105 162
105 210
105 223
105 244
105 293
105 300
106 156
106 167
106 177
106 191
106 242
106 266
107 131
107 149
107 285
108 136
108 157
108 168
108 298
109 167
109 217
109 254
109 297
110 130
110 135
110 247
110 248
110 258
110 275
110 288
110 295
110 303
111 152
111 181
111 258
112 218
112 303
113 276
114 156
114 287
115 117
115 197
116 232
117 179
117 262
117 276
118 157
118 200
118 216
118 239
118 249
118 305
119 133
119 193
119 255
119 286
120 138
120 210
120 285
121 153
121 157
121 287
122 148
122 234
122 257
122 285
122 288
122 311
123 204
123 208
124 129
124 131
124 133
124 150
124 154
124 180
124 249
124 288
126 129
126 220
127 135
127 176
127 224
128 156
128 220
129 131
129 132
129 133
129 148
129 150
129 159
129 160
129 181
129 191
129 200
129 202
129 206
129 211
129 213
129 220
129 225
129 228
129 233
129 239
129 272
129 304
129 307
129 310
130 131
130 140
130 142
130 145
130 146
130 156
130 162
130 163
130 180
130 200
130 223
130 252
130 258
130 260
130 269
130 284
130 309
130 313
131 132
131 133
131 152
131 154
131 156
131 160
131 167
131 171
131 207
131 231
131 233
131 249
131 286
131 305
131 311
132 152
132 156
132 200
132 221
132 305
133 134
133 137
133 140
133 148
133 157
133 160
133 164
133 180
133 195
133 206
133 216
133 217
133 218
133 219
133 232
133 242
133 249
133 258
134 136
134 140
134 143
134 175
134 188
134 202
134 204
134 216
134 231
134 239
134 251
134 266
134 273
134 289
134 311
135 138
135 145
135 150
135 164
135 174
135 183
135 190
135 234
135 241
135 259
135 266
135 274
135 295
136 157
136 175
136 220
136 241
137 272
138 159
138 167
138 190
138 205
138 310
139 240
140 153
140 156
140 193
140 215
140 233
140 239
140 271
140 280
142 180
142 232
142 252
143 286
145 212
145 284
145 296
145 302
146 239
146 285
147 247
148 150
148 160
148 192
148 210
148 263
148 264
148 269
148 287
148 309
149 194
152 176
152 188
152 247
153 249
154 157
154 217
154 220
154 244
154 258
156 162
156 168
156 180
156 214
156 215
156 219
156 226
156 243
156 257
156 268
156 287
156 297
156 305
157 160
157 227
157 263
157 266
157 284
157 291
158 251
158 292
160 162
160 265
160 315
161 179
161 207
161 210
161 293
162 200
162 216
163 200
164 224
164 239
165 208
166 184
166 187
166 213
167 271
167 278
171 214
172 220
172 230
172 247
172 251
172 263
172 277
172 290
173 180
173 203
173 249
173 313
174 220
174 286
175 242
176 307
177 243
177 278
178 195
178 202
179 180
179 212
179 278
179 288
179 295
180 196
180 246
180 249
180 252
180 275
180 285
180 305
180 309
181 272
181 284
181 290
182 239
182 300
184 227
184 281
187 195
187 233
188 194
188 233
188 280
188 292
188 314
189 248
190 273
191 241
191 276
191 279
192 202
192 233
192 252
193 210
193 258
193 267
196 242
197 200
198 275
200 220
200 259
200 266
200 273
200 284
200 288
200 301
200 303
200 309
201 210
201 249
201 269
202 232
202 288
202 315
203 241
203 267
204 205
206 216
206 271
206 305
207 255
208 210
208 235
208 239
208 249
209 213
210 249
210 269
210 305
211 303
212 238
212 274
213 215
213 241
213 247
213 269
214 220
215 220
215 252
215 298
215 314
217 239
217 245
218 232
219 230
219 245
219 286
219 294
219 303
219 307
220 247
220 249
220 276
220 293
221 287
222 249
222 263
223 265
224 236
224 268
228 314
229 242
229 315
230 266
230 269
230 296
231 285
233 271
233 284
236 274
237 287
238 245
238 249
239 258
239 274
239 276
239 279
239 304
241 291
241 298
241 304
242 276
242 278
242 304
243 283
243 303
245 281
248 305
249 269
249 275
249 305
252 293
258 288
259 288
261 265
261 287
261 303
264 286
266 287
266 300
267 276
268 300
269 271
272 288
273 274
273 294
275 307
278 279
278 288
280 295
283 301
285 294
287 296
288 309
