0 75
0 164
0 229
0 271
1 42
1 67
1 74
1 121
1 142
1 208
1 210
1 288
2 5
2 22
2 51
2 59
2 69
2 76
2 87
2 97
2 98
2 103
2 118
2 130
2 166
2 204
2 250
2 286
2 291
2 302
3 52
3 62
3 129
3 130
3 143
3 151
3 186
3 189
3 220
3 224
4 83
4 105
4 145
4 156
4 168
4 180
4 193
4 194
4 219
4 230
4 241
4 276
5 11
5 19
5 39
5 45
5 137
5 156
6 105
6 129
6 130
6 133
6 259
6 293
7 46
7 95
7 103
7 105
7 121
7 124
7 150
7 156
7 184
7 249
7 298
8 32
8 36
8 44
8 59
8 101
8 118
8 122
8 132
8 133
8 134
8 167
8 180
8 184
8 193
8 198
8 217
8 220
8 232
8 287
8 292
8 304
9 10
9 17
9 41
9 88
9 98
9 135
9 166
9 188
10 43
10 49
10 132
10 240
11 46
11 57
11 130
11 180
11 238
12 31
12 40
12 59
12 117
12 151
12 156
12 167
12 260
12 285
12 286
13 18
13 37
13 45
13 133
13 150
13 191
13 239
13 272
14 15
14 16
14 17
14 45
14 49
14 58
14 60
14 121
14 122
14 130
14 131
14 133
14 148
14 171
14 172
14 205
14 256
14 278
14 286
14 287
14 312
15 34
15 118
15 124
15 129
15 130
15 140
15 154
15 167
15 250
15 268
15 271
15 309
16 36
16 50
16 81
16 94
16 96
16 113
16 118
16 122
16 134
16 146
16 150
16 159
16 168
16 179
16 211
16 226
16 238
17 130
17 134
17 145
17 301
18 21
18 64
18 74
18 88
18 122
18 131
18 159
18 164
18 285
18 288
19 60
19 64
19 164
20 31
20 33
20 35
20 48
20 67
20 123
20 131
20 142
20 212
21 64
21 149
21 205
22 134
23 51
23 64
23 73
23 124
23 130
23 150
23 181
23 202
24 31
24 42
24 45
24 79
24 127
24 167
24 200
24 217
24 226
24 241
24 272
25 62
25 67
25 117
25 131
25 134
25 136
25 138
25 231
25 232
25 280
25 287
26 94
27 43
27 47
27 167
27 229
27 265
28 46
28 135
28 138
28 142
28 172
28 180
28 201
28 287
28 291
28 301
28 304
29 34
29 98
29 110
29 118
29 148
29 161
29 191
29 278
29 293
30 42
30 51
30 88
30 156
30 165
30 181
30 281
31 32
31 48
31 78
31 96
31 113
31 137
31 152
31 157
31 191
31 224
31 232
31 252
31 253
31 272
31 291
32 40
32 48
32 59
32 101
32 121
32 124
32 131
32 134
32 135
32 138
32 148
32 200
32 224
32 226
32 249
32 255
32 303
33 36
33 47
33 56
33 107
33 110
33 124
33 133
33 185
33 191
33 206
33 243
33 244
33 289
33 304
33 306
33 314
34 46
34 81
34 161
34 172
34 195
34 286
34 287
35 78
35 96
35 134
35 164
35 211
35 224
35 249
36 37
36 43
36 103
36 141
36 143
36 210
36 242
36 246
37 105
37 142
37 193
37 208
38 200
38 238
39 59
39 70
39 99
39 179
39 288
40 55
40 95
40 131
40 148
41 63
41 134
41 239
41 276
41 287
41 290
42 95
42 156
42 278
42 298
43 45
43 67
43 106
43 136
43 193
43 206
43 305
44 117
45 51
45 65
45 83
45 105
45 135
45 171
45 176
45 180
45 188
45 220
45 276
45 287
46 50
46 60
46 75
46 131
46 145
46 199
46 231
46 232
46 246
46 273
47 48
47 122
47 134
47 218
47 269
47 277
48 148
48 210
48 252
49 70
49 112
49 122
49 153
49 156
49 179
49 234
50 69
50 151
50 207
50 216
50 220
50 232
50 239
50 244
50 250
50 270
51 62
51 130
51 134
51 137
51 145
51 151
51 152
51 158
51 287
52 145
52 191
52 261
53 117
53 118
53 124
54 152
54 158
54 190
54 224
55 66
55 131
55 169
55 258
56 89
56 101
56 102
56 111
56 143
56 153
56 215
56 263
57 83
57 149
58 67
58 180
59 74
59 79
59 128
59 129
59 130
59 133
59 135
59 142
59 156
59 159
59 161
59 251
59 252
59 266
60 68
60 104
60 129
60 131
60 133
60 231
60 232
60 238
60 269
60 273
60 309
61 122
61 133
61 180
61 217
61 242
61 264
61 272
62 64
62 96
62 135
63 122
63 141
63 232
63 249
64 77
64 98
64 103
64 109
64 112
64 271
66 130
66 207
66 268
66 294
67 86
67 99
67 111
67 130
67 200
67 238
67 242
68 130
68 131
68 133
68 195
68 230
68 310
69 130
69 137
70 131
70 149
70 223
70 291
71 104
71 135
72 80
72 85
72 96
72 98
72 130
72 219
72 223
72 239
73 80
73 243
74 88
74 98
74 129
74 152
74 170
74 180
74 201
74 287
75 110
75 118
75 136
75 210
75 243
75 282
76 156
76 206
76 277
76 310
77 129
77 200
77 212
77 220
77 258
77 285
78 118
78 131
78 152
78 179
79 94
79 130
79 167
79 193
79 288
79 308
80 238
80 245
80 276
81 89
81 96
81 131
81 145
81 238
81 239
82 118
83 132
83 136
83 185
84 91
84 133
85 152
85 164
85 258
85 265
85 266
86 107
86 206
86 224
86 252
87 118
87 131
87 134
87 135
87 150
87 171
87 205
87 237
88 129
88 141
88 144
88 281
89 174
89 214
89 220
89 234
89 247
90 133
90 157
92 130
92 154
92 209
92 273
93 248
94 113
94 130
94 135
94 160
94 195
95 157
96 117
96 162
96 178
97 117
97 121
98 99
98 104
98 129
98 134
98 162
98 242
98 249
98 277
98 287
98 298
99 157
99 177
101 131
101 132
101 134
101 152
101 164
101 167
101 200
101 242
101 255
101 288
102 107
102 134
102 174
102 193
102 238
103 148
103 153
103 212
103 287
103 301
104 117
104 118
104 131
104 135
104 156
104 200
104 201
104 287
104 304
104 313
105 107
105 161
105 162
105 218
105 269
106 135
106 200
106 217
106 248
107 120
107 154
107 258
107 272
107 277
108 129
109 131
109 162
109 196
109 224
109 312
110 135
110 136
110 141
110 161
110 241
110 249
111 133
111 157
111 180
111 219
111 276
112 142
112 283
113 130
113 135
113 234
114 129
114 130
114 135
114 287
115 135
115 188
115 258
116 206
117 178
118 134
118 144
118 161
118 209
118 233
118 242
118 245
118 250
119 238
120 126
120 130
120 136
121 131
121 132
121 133
121 218
121 243
121 273
122 124
122 132
122 135
122 174
122 193
122 225
122 304
123 200
123 276
124 130
124 167
124 180
124 199
124 213
124 279
124 280
124 293
125 181
126 136
126 237
126 269
126 310
127 129
127 157
127 288
128 177
128 247
129 130
129 131
129 133
129 152
129 156
129 158
129 167
129 184
129 220
129 231
129 247
129 256
129 259
129 271
129 279
129 281
129 303
129 314
130 131
130 140
130 143
130 145
130 154
130 162
130 167
130 179
130 180
130 211
130 215
130 219
130 220
130 248
130 266
130 271
130 288
130 305
131 138
131 156
131 169
131 171
131 179
131 180
131 193
131 200
131 206
131 217
131 225
131 242
131 272
131 283
131 293
131 297
131 305
132 133
132 156
132 271
132 276
132 305
133 134
133 136
133 148
133 179
133 180
133 185
133 217
133 218
133 230
133 233
133 249
133 255
133 272
133 284
133 287
133 293
133 298
134 144
134 147
134 149
134 159
134 165
134 167
134 182
134 190
134 191
134 194
134 242
134 245
134 252
134 267
134 285
134 313
135 136
135 145
135 156
135 157
135 198
135 200
135 217
135 230
135 239
135 249
135 298
136 157
136 191
136 193
136 217
136 271
136 315
137 213
138 176
138 234
138 241
139 144
139 247
139 268
140 145
140 191
140 230
140 249
140 305
140 311
141 275
142 155
142 204
142 261
142 286
144 215
144 219
144 278
144 290
145 287
146 164
146 200
146 305
148 197
148 247
148 282
148 288
149 161
149 197
149 249
149 273
149 308
150 305
150 307
151 205
152 197
154 288
155 229
155 269
156 227
156 288
156 295
156 301
156 303
156 308
157 188
157 205
157 287
157 305
158 168
158 242
159 239
159 245
159 258
159 293
160 190
160 244
160 265
161 185
161 249
162 215
162 287
163 222
163 278
164 179
164 214
164 242
164 272
165 198
165 279
165 285
165 305
165 307
166 231
167 220
167 224
167 232
167 238
167 240
167 255
167 285
167 304
170 195
171 288
172 201
173 193
173 196
173 218
174 213
174 295
177 206
177 212
177 273
177 287
179 202
180 188
180 191
180 200
180 210
180 244
180 254
180 268
180 287
180 290
180 293
181 307
184 210
184 248
186 296
187 200
187 224
188 200
188 215
188 292
192 226
192 272
193 201
193 233
193 246
193 258
195 220
195 223
195 247
195 305
197 249
197 264
200 236
200 243
200 273
200 274
200 275
200 293
201 257
203 232
203 313
204 220
206 272
206 273
209 258
210 239
210 251
210 258
210 265
210 272
211 229
211 269
213 269
214 261
214 287
214 313
215 227
216 218
216 239
216 313
217 233
219 249
219 250
219 279
220 230
220 270
220 286
220 287
220 288
220 309
221 302
223 278
224 261
224 274
229 278
229 304
231 234
231 304
232 287
233 268
234 263
235 265
237 298
238 244
238 285
238 296
239 241
239 243
239 244
239 275
239 286
239 293
240 287
241 267
241 274
242 269
242 299
243 287
245 259
245 285
249 265
249 288
249 292
249 309
250 282
250 286
250 288
255 288
255 294
263 279
263 286
263 315
264 298
265 287
267 311
268 304
269 278
275 287
275 301
279 288
279 292
283 290
288 304
288 305
291 314
294 309
298 301
301 304
