0 25
1 100
1 219
1 226
2 5
2 13
2 51
2 93
2 128
2 215
2 304
2 309
3 76
3 127
3 173
3 203
3 279
4 20
4 52
4 111
4 187
4 207
4 241
4 310
5 60
5 66
5 122
5 135
5 151
5 186
5 189
5 191
5 215
5 219
5 235
5 266
5 271
5 279
5 286
6 25
6 73
6 98
6 100
6 112
6 122
6 126
6 140
6 171
6 186
6 202
6 296
7 9
7 28
7 76
7 77
7 80
7 113
7 121
7 127
7 128
7 134
7 176
7 179
7 180
7 188
7 201
7 233
8 90
8 92
8 115
8 214
8 222
8 241
9 45
9 77
9 125
9 205
9 258
10 75
10 176
10 183
10 226
10 268
11 18
11 74
11 100
11 123
11 199
12 76
12 90
12 100
12 125
12 204
12 264
12 275
12 286
13 17
13 124
13 204
13 207
14 23
14 234
14 235
15 67
15 75
15 123
15 150
15 166
15 193
15 226
16 154
16 161
16 223
16 250
17 78
17 93
17 123
17 202
17 214
17 260
17 264
18 114
18 123
18 164
18 255
19 61
19 67
19 77
19 189
19 261
20 86
20 88
20 190
20 232
21 83
21 140
21 308
22 86
22 89
22 103
22 105
22 147
22 170
22 219
22 235
22 246
22 278
23 72
23 100
23 125
23 129
23 130
23 143
23 172
23 231
23 238
23 259
24 56
24 201
24 272
25 41
25 46
25 244
25 268
26 35
26 121
26 168
26 204
26 217
26 226
26 234
26 266
27 73
27 195
27 220
28 31
28 77
28 92
28 233
28 235
28 309
29 75
29 121
29 122
29 207
29 209
29 232
29 259
30 79
30 108
31 36
31 105
31 128
31 233
31 279
31 280
32 43
32 125
32 129
32 178
32 232
33 61
33 105
33 180
33 241
34 100
34 104
34 121
34 127
34 133
34 172
34 297
35 40
35 70
35 114
35 122
35 128
35 142
35 154
35 166
35 167
35 193
35 237
35 246
35 288
35 312
35 313
36 47
36 57
36 103
36 124
36 166
36 175
36 195
36 199
36 220
36 238
37 51
37 122
37 123
37 134
37 212
37 226
37 311
38 121
38 209
38 246
39 41
39 111
39 233
39 275
40 53
40 61
40 76
40 85
40 168
40 192
40 224
40 233
40 252
40 257
40 286
40 309
40 312
41 124
41 125
41 129
41 140
41 170
41 192
41 235
41 258
41 296
41 297
41 308
42 72
42 90
42 100
42 114
42 129
42 147
42 180
42 195
42 239
42 278
43 77
43 87
43 199
43 204
43 224
43 233
43 312
44 177
44 182
45 283
45 286
46 121
46 124
46 128
46 241
46 273
47 117
47 226
47 228
48 108
48 140
48 154
48 223
49 64
49 73
49 165
49 182
49 189
49 197
50 165
50 180
51 77
51 84
51 100
51 106
51 140
51 166
51 183
51 257
52 79
52 81
52 140
52 212
52 238
52 249
53 77
53 92
53 213
53 228
53 235
53 246
53 304
54 86
54 101
54 110
54 119
54 133
54 173
54 265
54 270
54 283
55 64
55 112
55 180
55 188
55 243
55 299
55 309
56 206
56 233
56 304
57 76
57 121
57 151
57 225
58 90
58 129
58 208
59 77
59 87
59 100
59 115
59 151
59 154
59 165
59 266
61 155
61 190
61 233
61 246
61 299
62 86
62 126
62 157
62 232
62 236
63 129
64 192
64 266
64 280
64 292
65 124
65 139
65 189
66 106
66 113
66 143
66 248
67 127
67 201
68 121
68 267
69 250
69 259
70 135
70 206
70 271
72 100
72 202
72 305
73 79
73 128
73 156
73 174
73 220
73 223
73 232
73 269
74 121
74 128
75 76
75 129
75 134
75 158
75 177
75 180
75 202
75 235
75 269
75 292
76 90
76 100
76 109
76 130
76 204
76 226
76 232
76 262
76 301
77 94
77 100
77 115
77 119
77 123
77 126
77 139
77 212
77 214
77 217
77 232
77 234
77 235
77 250
77 283
77 286
77 288
78 84
78 90
78 191
79 126
80 100
80 124
80 160
80 173
80 177
80 255
80 260
80 267
80 302
81 127
81 171
81 198
81 246
82 111
82 118
82 123
82 292
83 147
83 153
83 157
83 273
84 100
85 99
85 111
85 112
85 127
85 151
85 188
85 204
85 232
85 233
85 249
86 129
86 176
86 226
87 286
88 121
88 138
88 177
89 123
89 137
89 204
89 222
89 291
90 99
90 100
90 121
90 123
90 129
90 143
90 148
90 188
90 195
90 207
90 222
90 226
90 273
90 289
90 305
90 313
91 127
91 203
91 313
91 315
92 100
92 128
92 160
92 236
92 284
93 141
94 234
95 112
95 116
95 125
95 241
95 246
97 113
97 173
97 191
97 223
97 232
97 235
98 160
98 163
98 266
98 271
99 100
99 115
99 122
99 124
99 127
99 129
99 172
99 232
99 236
99 264
100 103
100 105
100 111
100 121
100 122
100 123
100 139
100 163
100 177
100 192
100 205
100 233
100 252
100 279
100 304
103 127
103 150
103 201
104 125
104 147
104 246
104 266
104 292
104 311
105 108
105 119
105 129
105 184
105 187
105 257
105 264
105 296
106 139
106 219
106 227
106 236
106 241
107 232
107 309
108 168
108 237
109 285
110 117
110 122
110 125
110 126
110 195
110 207
110 233
110 237
110 279
110 304
111 136
111 160
111 183
111 206
111 235
111 265
111 295
112 125
112 220
113 126
113 159
113 183
113 301
114 204
114 207
114 219
114 226
116 235
117 133
117 180
117 226
117 236
118 220
119 122
119 126
119 129
119 163
120 147
120 223
120 232
120 235
120 241
121 122
121 123
121 129
121 145
121 163
121 168
121 219
121 221
121 226
121 237
121 238
121 240
121 242
121 248
121 252
121 257
121 261
121 275
121 283
121 292
122 124
122 126
122 131
122 133
122 149
122 150
122 154
122 176
122 194
122 198
122 200
122 221
122 226
122 240
122 247
122 274
122 310
123 125
123 126
123 127
123 129
123 139
123 180
123 185
123 192
123 197
123 202
123 204
123 235
123 246
123 266
123 293
124 128
124 129
124 146
124 168
124 195
124 211
124 227
124 232
124 233
124 247
124 269
124 271
124 274
124 283
124 292
124 309
125 131
125 133
125 134
125 144
125 158
125 178
125 197
125 199
125 215
125 223
125 234
125 235
125 253
125 259
125 261
125 283
125 295
126 128
126 134
126 151
126 153
126 162
126 169
126 175
126 181
126 195
126 206
126 219
126 232
126 235
126 236
126 243
126 286
126 292
127 129
127 176
127 183
127 187
127 200
127 203
127 204
127 207
127 221
127 227
127 234
127 237
127 241
127 277
127 309
128 129
128 141
128 166
128 173
128 192
128 218
128 219
128 229
128 233
128 234
128 258
128 283
128 309
129 178
129 190
129 215
129 216
129 235
129 238
129 246
129 258
129 265
129 266
129 279
129 313
131 160
131 232
131 299
132 166
132 180
132 202
132 262
133 199
133 274
134 144
134 159
134 166
134 170
134 182
134 187
134 193
134 204
134 231
134 253
134 286
134 298
134 306
134 309
135 139
135 198
135 199
135 200
135 212
135 221
135 232
135 259
135 305
136 166
137 200
137 264
138 193
138 228
139 144
139 208
139 238
139 268
139 304
139 313
140 157
140 192
140 260
141 203
141 216
141 217
141 233
141 259
141 267
142 243
143 206
143 271
143 291
144 221
144 292
145 292
146 305
147 174
148 176
149 207
149 238
149 264
150 233
150 266
150 279
151 170
151 204
151 228
151 236
152 163
153 247
153 309
154 223
154 234
154 246
155 195
155 301
156 175
156 277
158 202
158 266
158 278
158 304
158 315
160 163
160 208
160 234
160 264
160 285
162 182
162 249
163 197
164 201
164 264
165 182
165 211
165 223
165 279
166 204
166 223
166 286
167 168
167 175
167 226
167 311
168 180
168 233
168 240
168 276
169 182
169 189
169 195
169 267
171 191
171 266
172 220
172 233
172 261
173 237
173 280
174 180
174 220
174 228
174 234
175 185
175 309
176 206
176 210
176 216
176 309
177 312
178 204
180 229
180 276
181 221
181 256
182 232
183 208
185 238
185 279
185 302
186 220
186 223
186 236
186 246
187 204
187 253
188 222
188 227
188 260
189 193
189 217
189 226
189 250
191 257
192 209
192 210
192 226
192 232
192 261
192 277
193 253
193 279
195 198
195 205
195 221
195 224
195 235
195 265
197 314
198 233
198 239
198 259
200 291
200 304
201 219
201 267
201 279
201 300
201 313
202 292
203 309
204 226
204 233
204 234
204 243
204 257
205 266
206 266
206 285
207 237
207 274
207 311
208 246
209 220
210 288
211 226
211 291
214 233
215 264
216 227
216 234
216 259
216 261
216 302
216 308
217 233
217 247
217 279
218 257
218 259
218 304
219 235
219 249
219 266
219 297
219 303
219 312
220 226
223 233
223 266
224 276
225 233
226 233
226 260
226 266
226 282
226 283
226 297
226 309
227 234
230 266
232 240
232 241
232 255
233 235
233 261
233 313
234 239
234 266
234 313
235 255
235 260
236 255
236 278
239 255
241 254
241 261
241 283
245 265
247 309
261 288
262 263
265 280
266 275
266 294
266 297
267 269
267 309
267 315
268 309
271 309
272 286
272 292
274 310
277 279
278 284
279 302
286 288
300 304
304 309
