0 91
0 200
0 233
0 268
1 7
1 164
2 116
2 121
2 255
2 271
2 296
3 124
3 162
3 266
3 279
3 285
3 309
4 16
4 123
4 155
4 193
4 200
4 232
4 280
5 57
5 59
5 91
5 92
5 97
5 110
5 122
5 125
5 128
5 129
5 188
5 203
5 222
5 266
5 286
5 302
5 309
6 13
6 40
6 58
6 77
6 110
6 117
6 124
6 151
6 193
6 204
6 207
7 36
7 40
7 158
7 206
7 232
7 245
7 301
8 193
9 10
9 55
9 64
9 67
9 139
9 152
9 189
9 191
10 35
10 54
10 144
10 266
11 191
11 204
11 219
12 35
12 76
12 100
12 121
12 219
12 228
12 309
13 25
13 68
13 74
13 115
13 134
13 148
13 156
13 160
13 180
13 211
13 217
13 247
13 261
13 301
14 35
14 125
14 204
14 211
14 216
14 233
14 248
15 100
15 153
16 35
16 73
16 106
16 110
16 121
16 127
16 129
16 204
17 123
17 124
17 168
17 187
17 195
17 206
17 217
17 287
17 309
18 70
18 115
18 160
18 178
18 206
18 208
19 44
20 32
20 99
20 100
20 112
20 121
20 169
20 232
20 243
20 288
20 301
21 111
21 279
21 305
22 125
22 201
22 235
22 293
23 27
23 36
23 174
23 265
23 304
24 57
24 58
24 121
24 126
24 170
24 197
24 247
24 265
24 309
25 165
25 219
26 40
26 121
26 125
26 295
26 314
27 60
27 69
28 79
28 111
28 115
28 266
29 54
29 76
29 97
29 110
29 111
29 169
29 238
30 40
30 122
31 75
31 147
31 226
31 277
32 109
32 180
32 232
32 241
32 313
33 41
33 84
33 106
33 129
33 144
33 155
33 223
33 292
34 77
34 88
34 123
34 277
34 292
35 38
35 40
35 56
35 68
35 92
35 105
35 106
35 127
35 128
35 144
35 168
35 207
35 235
35 246
36 56
36 59
36 76
36 104
36 106
36 127
36 139
36 188
36 189
36 253
37 42
37 128
37 135
37 164
37 183
37 235
37 253
37 305
38 121
38 132
39 57
39 85
39 121
39 123
39 192
40 44
40 75
40 83
40 95
40 100
40 106
40 123
40 182
40 200
40 215
40 232
40 233
40 248
40 260
40 288
40 298
41 52
41 66
41 69
41 124
41 286
42 69
42 72
42 88
42 115
42 121
42 142
42 160
42 276
42 279
42 313
43 233
44 86
44 94
44 224
44 235
44 244
44 266
44 309
45 123
45 266
45 309
46 51
46 57
46 76
47 168
47 210
47 232
48 221
49 71
49 115
49 135
49 215
49 232
49 261
50 127
51 100
51 173
51 200
51 223
51 238
51 261
51 279
51 288
52 85
52 107
52 259
52 262
52 279
52 280
53 246
53 309
54 61
54 181
54 218
54 294
55 90
55 127
55 153
55 247
55 248
56 72
56 126
56 134
56 158
57 62
57 96
57 125
57 127
57 178
57 195
58 241
59 76
59 92
59 122
59 125
59 128
59 159
59 160
59 189
59 245
59 261
59 310
60 61
60 127
60 162
60 234
61 102
61 126
61 134
61 241
61 301
62 83
62 99
62 173
62 201
62 211
63 177
63 309
64 181
64 255
65 99
65 219
65 238
66 187
66 195
66 231
66 235
67 93
67 96
67 111
67 122
67 128
67 179
67 181
67 188
68 180
68 200
69 121
70 237
70 253
70 261
70 286
71 157
71 221
72 74
72 108
72 160
72 169
72 204
73 80
73 94
73 143
73 162
73 180
73 204
73 211
73 220
73 234
73 235
74 99
74 130
74 133
74 261
74 271
75 100
75 121
75 123
75 158
75 233
76 77
76 89
76 98
76 105
76 142
76 143
76 188
76 258
76 271
76 279
76 309
77 87
77 99
77 104
77 110
77 124
77 125
77 128
77 242
77 295
78 127
78 145
78 166
79 129
79 288
80 106
80 111
80 123
80 235
80 238
80 240
81 188
81 201
81 247
81 253
81 279
82 129
82 233
82 263
83 149
83 160
83 170
83 235
84 122
84 134
85 127
85 157
85 160
85 173
85 200
85 241
85 267
86 90
86 122
86 162
86 234
88 155
88 214
88 314
89 117
89 128
89 152
89 191
89 192
89 235
89 308
90 105
90 108
90 159
90 181
90 196
90 216
90 238
90 241
90 266
90 279
91 237
91 274
91 283
92 201
92 236
93 104
93 209
93 303
93 304
94 188
95 111
95 124
95 126
95 155
95 226
96 282
97 163
98 142
98 155
98 223
98 235
98 258
98 267
98 278
98 297
99 113
99 124
99 128
99 160
99 203
99 212
99 232
99 235
100 103
100 126
100 129
100 135
100 141
100 149
100 163
100 201
100 219
100 225
100 266
100 276
100 299
101 131
102 204
103 206
103 232
104 121
104 126
104 127
104 131
104 157
104 202
104 234
105 169
105 243
105 246
106 124
106 141
106 255
106 279
106 285
107 128
107 286
108 127
108 202
108 234
109 257
110 124
110 127
110 158
110 180
110 183
110 197
110 221
110 232
110 251
111 124
111 154
111 202
111 233
111 243
111 245
111 254
111 259
111 264
111 274
112 134
112 139
112 151
112 163
112 201
112 218
112 247
112 299
113 121
113 233
113 234
113 246
113 279
115 116
115 126
115 150
115 151
115 196
115 201
115 219
116 180
116 246
117 144
117 153
117 221
117 226
117 230
119 121
119 161
119 233
120 126
120 162
120 207
120 232
120 273
120 278
120 309
121 124
121 129
121 143
121 153
121 158
121 159
121 160
121 176
121 189
121 206
121 207
121 219
121 233
121 235
121 241
121 253
121 254
121 279
121 284
121 293
121 304
122 124
122 125
122 130
122 142
122 159
122 171
122 187
122 188
122 202
122 206
122 209
122 219
122 222
122 231
122 233
122 234
122 236
122 241
122 247
122 269
122 285
122 307
122 311
123 126
123 128
123 129
123 130
123 134
123 141
123 147
123 164
123 180
123 195
123 198
123 208
123 232
123 235
123 238
123 247
123 258
123 259
123 265
123 266
123 309
124 125
124 127
124 133
124 139
124 146
124 174
124 209
124 222
124 223
124 224
124 228
124 232
124 235
124 238
124 241
124 275
124 286
124 309
125 127
125 160
125 174
125 175
125 180
125 198
125 199
125 204
125 219
125 232
125 234
125 244
125 265
125 266
125 275
125 299
125 304
126 139
126 144
126 159
126 160
126 187
126 219
126 223
126 226
126 232
126 251
126 255
126 266
126 278
126 283
126 286
126 290
127 129
127 138
127 155
127 193
127 195
127 209
127 210
127 216
127 217
127 224
127 225
127 266
127 292
128 134
128 142
128 165
128 189
128 193
128 199
128 204
128 208
128 209
128 210
128 223
128 235
128 241
128 246
128 247
128 252
128 268
128 273
128 296
128 309
129 134
129 154
129 178
129 186
129 200
129 229
129 233
129 300
129 304
129 309
130 139
131 140
131 169
131 177
131 248
131 297
132 175
132 215
132 225
132 243
133 202
133 227
133 292
133 297
133 302
134 158
134 165
134 166
134 266
134 273
135 233
135 257
135 298
135 305
136 233
136 235
137 192
137 213
138 174
138 217
139 155
139 168
139 219
139 280
139 283
140 166
140 174
140 213
140 221
140 258
141 170
141 204
141 216
142 183
142 221
142 225
142 232
142 296
143 209
143 226
143 268
143 271
144 266
144 273
147 242
147 291
148 163
148 176
149 200
149 228
150 208
151 163
151 207
151 231
152 158
152 219
152 254
153 232
154 279
155 192
155 309
156 208
157 233
157 275
157 279
158 163
158 188
158 240
158 262
158 267
159 203
159 228
159 296
160 170
160 194
160 223
161 169
161 211
162 175
162 220
163 251
163 269
163 271
164 220
164 254
164 309
165 234
165 247
165 291
166 189
166 195
168 171
168 200
168 229
168 234
168 249
169 261
169 285
170 208
170 263
170 266
170 304
172 200
172 235
172 284
173 226
173 227
173 237
173 266
173 302
174 219
175 223
176 278
177 204
177 253
178 232
178 261
178 272
179 286
180 233
180 309
182 237
182 281
183 210
183 233
185 259
185 275
186 232
186 247
186 309
187 224
187 233
188 232
188 247
188 291
189 223
189 247
192 198
192 234
192 264
192 288
193 250
193 266
193 293
195 232
195 233
195 276
197 268
198 234
198 257
198 306
200 226
200 302
201 203
201 219
201 253
201 258
202 243
202 286
203 228
203 232
204 215
204 221
204 232
204 233
204 252
204 259
204 314
205 219
206 226
206 234
207 212
207 226
207 249
207 266
209 232
209 259
210 235
210 312
211 278
212 306
213 232
214 235
214 304
215 223
215 228
216 218
216 255
216 286
217 234
217 267
219 234
219 235
219 309
220 234
221 291
222 232
222 273
222 276
223 251
224 226
225 267
226 234
226 240
226 265
226 278
226 309
226 313
226 314
228 261
228 278
230 241
230 267
231 247
232 233
232 234
232 236
232 255
232 259
232 275
232 286
232 308
233 240
233 262
233 292
233 296
233 305
234 266
234 271
234 274
234 276
234 304
234 308
235 237
235 289
235 299
235 302
236 295
238 260
238 268
238 308
239 286
240 252
240 271
241 287
241 298
241 304
246 272
248 262
250 289
250 299
252 306
253 257
253 273
255 279
255 288
256 299
260 266
261 311
263 264
266 267
266 294
267 289
268 297
268 308
268 309
272 292
275 307
286 305
288 312
289 302
290 309
290 313
293 304
