0 4
0 68
0 126
0 128
1 62
1 127
1 171
1 197
1 240
2 5
2 13
2 119
2 124
2 129
2 189
3 52
3 59
3 127
3 156
3 286
4 5
4 10
4 57
4 123
4 133
4 135
4 159
4 163
4 197
4 226
4 232
4 279
4 296
5 17
5 57
5 76
5 91
5 97
5 122
5 124
5 134
5 193
5 204
5 219
5 235
5 304
6 10
6 56
6 60
6 109
6 121
6 126
6 219
6 234
6 238
6 314
7 48
7 111
7 127
7 160
7 189
7 203
7 206
7 229
7 232
7 234
7 252
7 272
8 174
8 229
9 13
9 106
9 121
9 122
9 171
10 12
10 80
10 90
10 154
10 168
10 215
10 235
11 23
11 76
11 103
11 125
11 166
11 173
11 233
11 238
12 42
12 69
12 105
12 118
12 121
12 170
12 219
12 268
12 274
13 30
13 52
13 73
13 80
13 125
13 219
13 223
14 36
14 81
14 91
14 103
14 182
14 220
14 234
14 240
14 304
15 24
15 160
15 204
16 35
16 37
16 110
16 126
16 162
16 192
16 279
16 297
16 304
17 36
17 37
17 61
17 74
17 125
17 127
17 168
17 182
17 187
17 215
17 232
17 285
18 23
18 100
18 226
18 313
19 125
20 77
20 111
20 122
20 123
20 134
20 159
20 160
20 163
20 220
20 247
20 266
21 76
21 98
21 123
21 125
21 216
22 94
22 128
22 142
22 145
22 165
22 192
22 239
23 40
23 83
23 99
23 134
23 181
23 226
24 56
24 77
24 84
24 125
24 128
24 162
24 226
25 53
25 100
25 219
25 223
25 301
26 105
26 125
26 128
26 139
26 144
27 99
27 120
27 219
27 268
28 40
28 96
28 121
28 126
28 129
28 130
28 140
28 160
28 168
28 216
28 219
28 275
28 310
28 314
29 52
29 77
29 90
29 91
29 235
29 261
30 35
30 90
30 241
30 268
31 98
31 122
31 129
31 137
31 192
31 214
32 42
32 189
32 192
33 98
33 100
33 125
33 128
34 35
34 36
34 38
34 122
34 124
34 155
34 201
34 264
35 41
35 106
35 121
35 122
35 126
35 155
35 200
35 203
35 204
35 210
35 217
35 233
35 241
35 249
35 267
35 273
35 296
35 302
35 310
36 66
36 75
36 95
36 123
36 128
36 129
36 168
36 226
36 241
37 111
37 112
37 129
37 259
37 280
38 90
38 201
38 249
38 250
38 304
39 52
39 99
39 124
39 126
39 140
39 207
39 232
39 234
39 313
40 50
40 56
40 73
40 80
40 113
40 120
40 123
40 124
40 181
40 216
40 232
40 266
40 288
41 62
41 90
41 95
41 123
41 128
41 158
41 180
41 202
41 276
42 58
42 124
42 136
42 291
43 65
43 220
43 274
44 112
44 134
44 165
44 169
44 279
45 124
46 59
46 66
46 84
46 193
47 142
49 77
49 134
49 142
49 197
49 202
49 217
49 246
50 76
50 129
50 174
50 280
51 66
51 74
51 83
51 90
51 113
51 120
51 122
51 163
51 226
51 235
51 249
51 304
51 309
52 83
52 97
52 98
52 119
52 126
52 159
52 241
52 299
53 96
53 244
54 56
54 126
54 143
54 152
54 191
54 236
54 237
54 239
54 309
55 71
55 121
55 238
56 90
56 99
56 122
56 134
56 162
56 183
56 249
57 122
57 123
57 134
57 139
57 219
57 276
57 277
57 286
57 314
58 138
59 106
59 127
59 167
59 204
59 219
59 223
59 249
59 264
60 62
60 129
60 201
60 210
60 221
61 85
61 105
61 110
61 120
61 130
61 137
61 279
61 288
62 99
62 168
62 309
63 204
63 232
64 115
64 219
64 232
65 160
65 233
66 79
66 130
66 134
66 137
66 140
66 265
66 266
67 206
67 233
68 99
68 146
68 155
68 226
68 233
68 298
69 87
69 163
69 302
70 235
70 239
70 266
71 122
71 155
71 204
72 168
72 174
72 204
72 205
72 215
72 233
72 246
72 261
73 99
73 110
73 121
73 141
73 163
73 173
73 182
73 207
73 229
73 254
74 125
74 236
74 251
74 264
74 288
75 76
75 86
75 100
75 102
75 117
75 118
75 129
75 159
75 160
75 191
75 204
75 215
75 235
76 78
76 115
76 117
76 124
76 132
76 159
76 186
76 200
76 204
76 219
76 312
77 89
77 106
77 121
77 150
77 157
77 161
77 216
77 230
77 247
77 273
77 304
77 315
78 123
78 200
78 255
79 190
80 92
80 105
80 126
80 128
80 169
80 219
81 126
81 209
81 234
82 92
82 128
82 226
82 240
83 123
83 146
84 158
84 175
84 309
85 92
85 104
85 108
85 123
85 179
85 233
85 255
85 292
85 299
86 90
86 99
86 148
86 149
86 218
87 235
88 104
88 115
88 211
88 220
88 257
89 113
89 140
89 168
89 208
89 219
89 221
89 234
89 287
89 296
90 91
90 95
90 111
90 122
90 126
90 128
90 130
90 194
90 234
90 279
90 282
91 123
91 203
91 219
91 255
92 123
92 127
92 143
93 121
93 176
93 187
93 280
93 291
94 255
94 272
95 99
95 134
95 162
95 167
95 185
95 237
95 261
95 264
95 279
96 124
96 131
96 219
97 159
97 211
97 232
97 311
98 121
98 125
98 188
98 245
99 116
99 122
99 124
99 164
99 180
99 194
99 208
99 220
99 234
99 236
99 240
100 106
100 117
100 118
100 131
100 134
100 187
100 196
100 197
100 200
100 221
100 247
100 250
100 292
101 168
101 218
102 108
102 160
102 202
102 219
102 313
103 120
104 242
104 296
105 162
105 263
106 124
106 144
106 190
106 215
106 288
106 309
107 110
107 122
107 176
107 209
108 157
108 296
109 117
109 181
109 262
110 126
110 133
110 151
110 208
110 226
110 268
111 117
111 129
111 271
111 280
112 126
112 180
112 183
112 189
112 202
112 206
112 233
112 244
112 246
113 121
114 121
114 237
114 250
115 121
115 125
115 128
115 129
115 232
116 273
117 122
117 124
117 125
117 158
117 180
117 196
117 207
117 240
117 280
118 123
118 125
118 196
118 206
118 214
118 234
118 305
119 123
119 199
120 129
120 244
120 279
120 290
120 309
121 122
121 124
121 134
121 144
121 158
121 168
121 178
121 182
121 183
121 194
121 226
121 232
121 250
121 271
121 275
121 277
121 286
121 289
121 292
122 124
122 125
122 127
122 143
122 159
122 160
122 173
122 175
122 180
122 187
122 193
122 209
122 216
122 218
122 226
122 289
122 312
123 124
123 128
123 134
123 144
123 160
123 166
123 167
123 168
123 174
123 180
123 182
123 202
123 203
123 205
123 207
123 208
123 219
123 222
123 232
123 234
123 239
123 240
123 255
123 261
123 267
123 270
123 305
124 129
124 141
124 160
124 181
124 185
124 204
124 208
124 213
124 221
124 234
124 277
124 314
125 134
125 136
125 152
125 171
125 218
125 219
125 226
125 233
125 234
125 245
125 266
125 274
125 277
125 288
125 292
125 302
125 303
126 145
126 147
126 169
126 174
126 179
126 189
126 202
126 214
126 215
126 221
126 232
126 238
126 250
126 258
126 268
126 288
126 304
126 308
127 130
127 134
127 156
127 157
127 168
127 189
127 213
127 219
127 221
127 235
127 237
127 241
127 245
127 261
127 267
127 276
127 285
127 288
127 308
127 310
127 313
127 315
128 129
128 133
128 135
128 152
128 163
128 166
128 193
128 194
128 199
128 211
128 214
128 223
128 224
128 234
128 247
128 257
128 270
128 278
128 292
129 139
129 149
129 160
129 164
129 170
129 183
129 193
129 220
129 233
129 237
129 256
129 272
129 279
129 282
129 283
129 304
129 309
130 236
130 279
131 185
131 193
131 238
132 195
132 232
132 239
133 226
134 166
134 189
134 217
134 219
134 221
134 249
134 257
134 309
135 173
135 187
136 223
136 227
136 232
137 166
137 294
139 200
139 204
139 218
139 233
139 286
140 169
140 180
140 185
140 219
140 223
140 232
140 235
140 236
140 265
140 266
140 275
140 292
141 177
142 216
142 304
143 226
143 243
144 192
144 307
145 166
145 226
147 270
147 292
149 189
149 200
149 217
150 234
151 163
151 262
151 276
152 174
152 202
152 204
152 216
152 237
153 243
153 284
154 165
154 188
154 246
155 176
155 233
158 165
158 297
158 313
159 161
159 185
159 211
159 232
160 174
160 286
160 292
160 309
162 244
162 249
162 304
162 309
163 204
163 249
163 280
164 297
165 179
165 235
165 244
165 279
165 285
165 304
166 200
166 233
167 233
167 239
167 276
168 204
168 258
168 279
168 304
168 309
169 204
169 229
169 234
169 282
169 315
170 174
170 176
170 188
170 266
170 304
171 204
171 273
172 255
173 197
173 204
173 243
173 266
174 180
174 253
175 232
175 253
176 235
177 250
178 204
178 240
178 280
180 265
180 266
181 238
181 252
182 199
182 266
182 312
183 185
183 261
183 274
183 298
183 304
184 236
185 206
185 217
185 226
186 232
186 252
188 268
189 240
189 243
189 309
191 200
191 230
192 219
192 258
192 266
195 207
195 228
195 232
195 266
195 288
195 309
199 234
199 250
199 313
201 219
201 259
201 267
201 273
201 280
201 285
202 214
202 309
204 223
204 261
204 262
204 279
205 281
205 315
206 227
206 228
206 307
206 310
206 313
207 223
207 233
207 267
207 280
207 309
208 219
210 255
210 309
211 240
211 309
212 226
214 226
214 273
214 296
216 232
216 243
216 292
217 234
217 235
217 238
218 232
218 234
218 288
218 301
219 223
219 234
219 266
219 285
219 292
221 266
221 302
222 232
223 226
223 246
223 305
223 314
224 226
224 271
224 279
224 286
226 247
228 243
228 252
230 237
232 261
232 267
232 274
233 263
233 265
233 266
233 271
233 279
233 288
233 309
234 235
234 249
234 279
234 304
234 309
235 238
235 252
235 259
235 279
235 309
236 241
236 297
239 289
241 279
241 309
243 309
245 265
246 293
249 290
251 263
252 278
253 277
255 256
255 257
255 314
258 264
259 309
261 279
262 296
262 309
265 288
266 274
266 286
266 304
267 309
271 273
273 279
276 286
276 309
276 314
282 292
285 304
302 313
313 314
