0 68
0 298
1 2
1 124
1 134
1 163
2 23
2 41
2 52
2 90
2 124
2 129
2 169
2 217
2 253
2 273
3 73
3 108
3 125
3 130
3 220
3 253
4 10
4 20
4 124
4 125
4 137
4 147
4 183
4 193
4 199
4 206
4 232
4 260
4 279
4 304
5 40
5 55
5 99
5 126
5 127
5 134
5 135
5 141
5 149
5 171
5 193
5 197
5 201
5 216
5 288
5 307
6 7
6 10
6 39
6 71
6 100
6 125
6 127
6 134
6 198
6 232
6 241
6 243
6 247
6 264
6 267
7 11
7 54
7 74
7 124
7 145
7 155
7 171
7 211
7 236
7 266
7 269
7 283
7 305
8 104
8 107
8 135
9 199
9 246
10 71
10 115
10 124
10 187
11 13
11 126
12 36
12 76
12 80
12 121
12 138
12 279
13 17
13 35
13 41
13 109
13 112
13 125
13 126
13 194
13 232
13 241
13 304
14 17
14 76
14 160
14 164
15 22
15 29
15 110
15 117
15 118
15 214
15 279
16 31
16 35
16 90
16 122
16 124
16 126
16 180
16 195
17 70
17 110
17 125
17 126
17 135
17 139
17 202
17 232
17 236
18 51
18 83
18 264
18 265
18 288
18 312
19 59
19 121
19 180
19 232
20 84
20 121
20 122
20 163
20 241
20 261
20 283
20 287
21 99
21 113
21 165
21 185
21 243
22 40
22 42
22 146
22 206
22 233
23 53
23 77
23 128
23 129
23 171
23 226
24 135
24 142
24 202
24 212
24 215
25 113
25 123
26 90
26 129
26 144
26 150
27 110
27 125
27 214
28 34
28 40
28 76
28 84
28 98
28 246
28 278
29 40
29 240
29 245
29 275
29 312
30 182
30 189
30 270
31 39
31 70
31 125
31 128
31 285
32 57
32 122
32 129
32 195
32 216
32 266
32 268
32 274
33 113
33 226
34 49
34 59
34 80
34 99
34 168
34 192
34 309
35 55
35 59
35 60
35 100
35 123
35 125
35 127
35 147
35 173
35 192
35 206
35 219
35 232
35 233
35 236
35 271
35 273
35 288
35 301
35 306
36 88
36 90
36 144
36 159
36 160
36 219
36 237
36 246
36 279
36 290
37 77
37 90
37 267
37 288
38 89
38 235
38 254
38 304
39 76
39 90
39 123
39 128
39 150
39 163
39 206
39 274
39 280
40 59
40 107
40 127
40 143
40 149
40 159
40 165
40 204
40 210
40 249
40 315
41 56
41 59
41 74
41 76
41 121
41 127
41 166
42 57
42 70
42 83
42 120
42 160
42 170
42 180
42 232
42 266
43 72
43 99
43 139
44 223
44 299
45 195
45 253
47 128
48 83
49 91
49 112
49 113
49 180
49 201
49 206
49 236
50 71
50 98
50 128
50 179
50 286
50 304
51 73
51 96
51 106
51 157
51 165
51 267
51 270
52 64
52 72
52 119
52 159
52 219
52 225
52 313
53 55
53 304
54 106
54 131
54 143
55 90
55 123
55 207
55 220
55 259
56 91
56 98
56 105
56 110
56 125
56 135
56 175
56 232
56 263
56 264
56 305
57 83
57 201
57 219
57 233
57 266
57 309
58 90
58 111
58 124
58 233
59 70
59 75
59 77
59 122
59 226
59 292
59 299
60 123
60 208
60 308
61 66
61 88
61 99
61 100
61 112
61 134
61 288
62 123
62 214
62 223
62 259
62 264
62 275
62 286
63 232
63 257
65 165
65 246
65 279
66 128
66 163
66 165
66 226
67 90
67 123
67 226
67 261
67 280
68 98
68 219
69 123
69 124
70 72
70 192
70 295
71 76
71 126
71 195
71 201
72 78
72 105
72 123
72 124
72 204
72 206
72 210
72 233
72 236
73 98
73 126
73 160
73 181
73 198
73 201
73 221
73 234
73 236
73 258
73 278
73 314
74 76
74 133
74 226
74 279
74 304
75 76
75 89
75 105
75 124
75 129
75 198
75 221
75 235
76 87
76 99
76 110
76 122
76 126
76 128
76 204
76 209
76 234
76 241
76 257
76 264
76 275
76 280
77 93
77 109
77 126
77 129
77 186
77 210
77 212
77 218
77 235
77 259
77 268
77 311
78 90
79 112
80 99
80 154
80 201
80 239
80 247
80 315
81 110
81 124
81 135
81 304
82 163
82 203
82 230
82 261
84 126
84 129
84 140
84 204
84 225
84 267
84 270
85 105
85 112
85 119
85 125
85 174
85 197
86 121
86 140
86 148
86 204
86 271
86 281
86 294
87 188
87 220
87 241
87 289
88 265
88 297
89 90
89 105
89 176
89 259
89 309
90 119
90 126
90 127
90 128
90 169
90 186
90 204
90 216
90 218
90 226
91 178
92 233
93 102
93 168
93 304
95 121
95 134
95 139
95 226
95 298
96 129
96 134
96 176
96 222
96 264
97 122
97 123
97 125
97 288
98 117
98 129
98 131
98 134
98 204
98 220
98 232
98 257
98 285
99 122
99 125
99 127
99 134
99 144
99 166
99 197
99 198
99 215
99 235
99 247
99 271
99 278
99 291
99 309
100 106
100 121
100 125
100 132
100 162
100 174
100 180
100 201
100 204
100 234
100 243
100 248
100 269
100 280
100 293
100 313
100 314
101 118
103 124
103 226
103 277
104 123
104 195
105 123
105 129
105 230
105 235
105 245
105 277
106 124
106 126
106 232
106 279
106 288
106 296
107 109
107 122
107 124
107 126
107 235
107 259
108 114
108 232
108 270
109 204
109 221
109 233
109 263
110 124
110 126
110 134
110 185
110 218
110 233
110 234
110 246
110 279
111 124
111 173
111 180
111 189
111 218
111 278
112 152
112 200
112 221
112 235
112 242
113 135
113 204
113 234
113 305
114 188
115 123
115 128
115 228
116 162
117 236
117 241
117 267
117 286
117 304
118 128
118 173
118 304
119 121
119 124
119 125
119 150
119 168
120 128
120 212
120 215
120 268
121 123
121 128
121 137
121 139
121 140
121 163
121 180
121 189
121 192
121 202
121 219
121 233
121 261
121 266
121 285
121 286
122 125
122 126
122 134
122 162
122 164
122 180
122 190
122 192
122 212
122 226
122 233
122 235
122 279
122 282
122 285
123 134
123 139
123 160
123 162
123 174
123 196
123 197
123 246
123 259
123 276
123 277
123 282
123 284
123 304
124 128
124 141
124 153
124 161
124 174
124 178
124 193
124 204
124 210
124 214
124 215
124 219
124 224
124 227
124 258
124 259
124 279
124 286
124 291
124 311
125 128
125 137
125 143
125 151
125 158
125 189
125 203
125 211
125 224
125 226
125 232
125 233
125 234
125 236
125 237
125 241
125 245
125 246
125 254
125 260
125 261
125 263
125 264
125 267
125 271
125 282
125 302
126 129
126 141
126 153
126 160
126 163
126 179
126 195
126 221
126 232
126 233
126 238
126 257
126 266
126 284
126 306
126 309
127 129
127 187
127 192
127 208
127 212
127 218
127 224
127 226
127 232
127 237
127 243
127 264
127 279
127 292
127 300
127 306
127 308
128 129
128 130
128 146
128 167
128 168
128 183
128 189
128 192
128 233
128 274
128 286
128 297
128 310
129 133
129 135
129 147
129 158
129 162
129 166
129 170
129 195
129 200
129 207
129 263
129 279
129 283
129 287
129 296
129 303
130 272
131 302
131 304
132 140
133 144
133 204
133 217
134 137
134 155
134 158
134 159
134 183
134 185
134 195
134 219
134 225
134 233
134 236
134 240
134 257
134 259
134 268
134 271
134 283
134 304
135 187
135 202
135 203
135 204
135 257
137 174
137 228
137 235
137 243
137 246
137 268
138 139
139 142
139 197
139 220
139 226
139 313
140 187
140 257
140 274
140 276
141 161
141 251
141 296
142 197
142 201
142 204
142 242
142 267
142 286
143 203
143 210
143 222
143 231
144 215
144 223
145 280
146 164
147 193
147 253
148 221
148 232
148 240
148 266
149 221
149 233
150 246
150 279
151 188
152 234
153 174
153 192
154 232
154 233
154 236
154 261
155 201
155 235
156 207
156 296
157 233
157 263
158 197
158 275
159 244
160 169
160 185
160 209
160 212
160 246
160 260
160 282
160 288
161 256
161 282
162 177
163 188
163 204
163 233
163 243
163 273
164 174
164 242
164 253
165 205
165 241
166 212
166 309
167 234
168 174
168 207
168 235
168 262
169 174
169 207
169 261
170 239
170 309
171 226
171 241
172 184
172 247
172 302
173 235
174 198
174 199
174 256
174 262
175 235
175 304
176 233
176 273
176 309
177 187
177 212
177 290
178 195
178 204
178 206
178 226
179 183
179 207
180 219
180 235
180 250
180 279
181 224
181 288
182 233
182 279
182 304
183 191
183 203
183 288
185 241
185 266
186 230
186 238
187 198
187 232
188 203
188 208
188 269
189 219
189 241
191 220
191 241
191 302
192 232
192 276
194 235
195 261
195 312
196 220
198 275
198 290
198 308
200 240
201 223
201 226
201 232
201 233
201 234
201 241
201 257
202 273
202 290
203 247
203 278
203 313
204 221
204 230
204 238
204 280
204 287
204 288
206 311
207 219
207 274
208 244
210 278
212 226
212 235
214 247
215 233
215 284
215 309
217 239
217 279
217 283
217 293
217 309
218 225
218 226
218 311
219 226
219 232
219 237
219 246
219 312
220 243
220 264
222 268
222 279
222 280
222 292
223 224
223 253
224 261
224 300
226 232
226 273
227 228
227 232
227 314
228 240
231 249
232 233
232 234
232 237
232 241
232 247
232 249
232 265
232 284
232 286
232 292
232 301
233 235
233 239
233 252
233 266
233 271
233 307
234 246
234 248
234 269
234 278
235 241
235 252
235 270
235 286
235 309
236 268
239 264
240 309
241 258
241 260
246 279
247 264
247 296
248 304
249 284
250 283
250 288
252 273
252 299
253 309
256 278
260 283
261 291
261 309
266 304
267 309
271 278
271 283
275 302
279 282
279 301
279 315
286 302
288 309
304 309
305 309
308 315
