0 110
0 189
0 299
1 15
1 136
1 204
1 246
2 123
2 128
2 186
2 227
2 287
2 291
3 13
3 89
3 90
3 196
3 206
3 212
3 240
3 309
4 13
4 21
4 234
4 237
4 309
4 313
5 10
5 17
5 19
5 73
5 109
5 121
5 122
5 124
5 125
5 128
5 135
5 156
5 171
5 222
5 240
5 284
6 75
6 124
6 125
6 212
6 240
6 262
7 28
7 101
7 122
7 129
7 202
7 293
7 304
8 26
8 293
9 99
9 124
9 127
9 224
9 234
9 243
9 304
10 13
10 73
10 188
10 219
10 239
10 267
11 124
11 180
12 39
12 117
12 128
12 176
12 234
13 22
13 50
13 80
13 111
13 126
13 162
13 166
13 179
13 205
13 250
13 274
13 309
14 60
14 121
14 234
14 269
14 279
15 128
15 233
15 234
16 75
16 95
16 111
16 123
16 189
16 193
16 209
16 247
16 292
16 299
17 54
17 80
17 110
17 121
17 134
17 177
17 178
17 195
17 249
17 266
18 128
18 137
18 158
18 168
18 186
18 241
18 261
18 276
18 283
18 304
19 34
19 42
19 66
19 121
19 130
20 39
20 125
20 126
20 128
20 139
20 147
20 171
20 233
20 291
21 127
21 233
21 253
21 297
22 35
22 68
22 88
22 103
22 122
22 124
22 140
22 217
22 231
22 236
22 238
22 293
22 314
23 85
23 88
23 122
23 125
23 129
23 134
23 142
23 173
23 219
23 283
24 37
24 54
24 57
24 115
24 125
24 128
24 137
24 161
24 237
25 40
25 82
25 100
25 163
25 185
26 40
26 90
26 129
26 309
27 165
27 188
27 199
28 29
28 30
28 40
28 55
28 100
28 293
28 311
29 35
29 42
29 86
29 149
29 161
29 201
29 241
29 275
29 298
30 83
30 137
30 163
30 199
30 239
31 121
31 123
31 129
31 227
31 240
32 36
32 41
32 85
32 107
32 152
32 188
32 232
32 289
32 313
33 35
33 104
33 121
33 198
34 41
34 59
34 76
34 93
34 108
34 121
34 193
34 235
34 237
35 40
35 85
35 90
35 98
35 124
35 127
35 156
35 160
35 176
35 186
35 192
35 223
35 233
35 238
35 239
35 261
36 38
36 49
36 80
36 106
36 116
36 117
36 123
36 128
36 204
36 309
37 98
37 123
37 134
38 121
38 139
39 123
39 125
39 156
39 172
40 52
40 76
40 118
40 124
40 126
40 127
40 135
40 136
40 166
40 193
40 196
40 233
40 302
41 73
41 121
41 125
41 128
41 158
41 203
41 286
42 99
42 113
42 126
42 147
42 274
42 309
43 77
44 86
44 129
44 140
44 151
45 127
45 217
46 75
46 84
46 124
46 314
47 144
47 203
47 278
48 61
48 279
49 65
49 110
49 126
49 129
49 145
49 259
50 99
50 215
50 228
50 266
51 53
51 111
51 128
51 129
51 232
51 244
51 257
51 277
51 313
52 100
52 122
52 130
52 134
52 135
52 144
52 197
52 235
52 246
52 254
52 257
53 100
53 129
53 169
54 86
54 104
54 195
54 206
54 216
54 233
54 268
54 309
55 71
55 160
55 244
56 90
56 105
56 216
57 126
57 268
58 121
59 67
59 108
59 117
59 122
59 168
59 176
59 183
59 313
60 112
61 97
61 113
61 123
61 126
61 164
61 181
61 201
61 223
62 123
62 183
62 224
63 105
64 200
64 233
64 241
64 276
66 81
66 89
66 112
66 123
66 133
66 182
66 203
67 126
67 226
67 233
67 286
68 184
68 226
69 127
69 165
70 124
70 127
70 198
70 234
71 176
71 201
71 252
71 273
72 122
72 153
72 160
72 271
73 79
73 125
73 182
73 207
73 232
73 233
73 252
74 100
74 134
74 232
75 98
75 100
75 120
75 127
75 134
75 155
75 189
75 195
75 206
75 234
75 271
75 278
75 292
76 82
76 98
76 105
76 127
76 133
76 141
76 157
76 178
76 180
76 204
76 206
76 226
76 233
76 264
76 276
77 83
77 119
77 123
77 162
77 196
77 215
77 223
77 230
77 232
77 245
77 255
77 285
77 286
77 306
77 309
77 315
78 134
79 102
79 161
79 168
79 192
80 155
80 170
80 180
80 195
80 233
80 309
81 121
81 122
81 141
81 166
81 169
81 234
81 279
81 297
83 130
83 279
83 286
84 100
84 103
84 125
84 129
84 218
84 255
85 105
85 120
85 123
85 134
85 139
85 154
85 168
85 187
85 203
85 241
85 255
86 99
86 121
86 164
86 185
86 309
87 89
87 106
87 155
87 235
87 249
88 123
88 151
88 207
89 106
89 123
89 161
89 232
89 233
89 266
89 274
89 277
89 284
90 100
90 105
90 106
90 124
90 125
90 135
90 138
90 183
90 202
90 203
90 220
90 235
90 244
90 253
90 280
91 99
91 123
91 188
91 233
92 259
92 276
93 180
93 253
93 266
93 274
93 281
95 98
95 111
95 128
95 129
95 187
95 208
95 300
96 219
96 257
97 123
97 126
97 168
97 210
98 121
98 151
98 162
98 245
98 266
98 294
99 105
99 110
99 117
99 127
99 157
99 180
99 215
99 234
99 259
99 273
99 290
100 108
100 110
100 112
100 117
100 122
100 124
100 128
100 173
100 174
100 206
100 219
100 259
100 266
100 279
100 286
100 309
101 107
101 128
101 143
101 225
101 233
101 267
103 171
103 217
103 221
103 236
104 132
104 197
105 122
105 173
105 218
105 219
105 236
105 252
105 268
106 120
106 196
106 226
106 309
107 140
107 223
108 124
108 127
108 160
108 203
108 268
109 126
109 173
109 221
110 121
110 122
110 155
110 158
110 186
110 198
110 204
110 215
110 235
110 253
110 264
110 274
111 126
111 166
111 197
111 232
111 234
111 237
111 276
111 309
112 192
112 228
112 266
112 302
113 142
115 153
116 160
117 123
117 124
117 129
117 195
117 259
117 263
117 279
118 174
119 122
119 198
119 280
121 123
121 126
121 128
121 142
121 153
121 161
121 183
121 185
121 216
121 226
121 233
121 239
121 254
121 255
121 270
121 277
121 279
122 123
122 124
122 125
122 127
122 131
122 133
122 149
122 155
122 162
122 163
122 193
122 197
122 198
122 221
122 223
122 237
122 266
122 273
122 286
122 301
122 309
123 127
123 129
123 147
123 152
123 155
123 176
123 232
123 261
123 304
124 125
124 126
124 127
124 128
124 139
124 147
124 149
124 152
124 159
124 160
124 163
124 173
124 181
124 191
124 206
124 210
124 219
124 226
124 233
124 263
124 286
124 305
124 314
124 315
125 128
125 135
125 138
125 140
125 174
125 181
125 204
125 207
125 209
125 222
125 223
125 231
125 233
125 235
125 279
125 280
125 283
125 286
125 299
126 129
126 134
126 142
126 169
126 174
126 183
126 191
126 202
126 205
126 207
126 213
126 215
126 216
126 233
126 241
126 245
126 264
126 298
126 307
127 128
127 129
127 140
127 142
127 149
127 153
127 189
127 204
127 215
127 218
127 235
127 247
127 248
127 257
127 271
127 283
127 287
128 141
128 145
128 147
128 161
128 164
128 169
128 191
128 192
128 197
128 232
128 241
128 281
128 302
128 306
129 149
129 155
129 158
129 166
129 168
129 178
129 209
129 215
129 224
129 228
129 233
129 234
129 235
129 238
129 266
129 299
130 156
130 184
130 191
130 234
130 279
131 165
131 173
131 234
131 304
132 201
134 151
134 169
134 172
134 174
134 182
134 192
134 217
134 232
134 233
134 235
134 250
134 292
134 304
135 150
135 166
135 218
135 219
135 235
135 259
135 271
135 294
136 157
136 173
137 175
138 232
139 177
139 193
139 216
139 217
139 220
139 226
140 150
140 186
140 215
140 280
141 155
141 169
142 207
143 197
143 236
143 241
144 233
146 168
147 180
147 183
147 265
147 266
147 277
147 280
148 171
148 173
148 193
149 305
151 255
151 306
151 307
152 185
152 219
153 160
153 259
153 279
154 157
154 198
155 161
155 163
155 201
155 216
156 217
157 244
157 309
158 195
158 221
158 246
158 314
159 208
159 218
159 252
159 309
160 168
160 201
160 214
160 257
160 280
161 174
161 240
162 193
162 204
162 226
162 234
162 250
162 287
163 243
164 238
164 277
165 215
165 216
165 236
165 261
166 183
166 220
166 264
166 303
167 267
168 185
168 236
168 253
170 204
170 259
170 314
172 204
173 240
173 264
174 212
174 308
176 200
176 221
176 259
176 279
176 315
178 212
178 223
178 232
179 232
179 304
179 309
180 198
180 204
180 210
180 225
180 232
180 234
180 235
180 250
180 266
182 194
182 219
182 241
183 231
183 238
183 309
185 229
185 234
186 198
186 205
186 233
186 241
186 243
186 295
187 219
187 231
188 309
189 216
189 233
189 266
190 230
191 202
191 228
191 232
191 265
192 206
192 228
192 232
192 234
193 309
194 202
194 309
195 304
195 309
197 234
197 255
198 253
199 212
199 279
199 309
200 235
201 212
201 262
202 278
202 286
202 297
203 243
203 273
203 309
204 216
204 235
204 256
204 257
204 262
204 279
205 272
206 233
206 239
206 261
206 277
206 288
207 232
207 234
207 241
207 296
208 232
209 256
210 264
212 235
214 233
215 233
215 245
215 304
216 221
216 233
216 234
216 289
216 309
217 247
217 297
218 252
218 264
219 223
219 238
219 292
220 232
220 274
220 304
221 234
223 309
224 237
224 246
225 234
226 232
226 234
227 232
228 233
229 287
230 267
231 232
231 266
231 288
231 304
232 241
233 237
233 253
233 280
233 283
233 309
233 313
234 265
234 297
235 245
235 288
236 245
237 246
237 288
238 292
240 301
241 279
243 261
244 314
245 262
245 277
249 266
252 274
255 295
257 259
257 304
257 309
260 288
262 280
264 277
266 286
266 310
271 304
279 304
283 288
295 304
304 309
309 315
