0 126
0 168
0 171
0 184
1 23
1 51
1 56
1 266
2 121
2 127
2 153
2 159
2 204
2 215
2 234
2 249
2 271
2 307
2 309
3 5
3 99
3 134
3 176
4 23
4 141
4 222
4 234
4 288
5 81
5 86
5 99
5 100
5 119
5 131
5 160
5 195
5 206
5 209
5 219
5 232
5 235
5 245
6 47
6 77
6 78
6 127
6 131
6 135
6 139
6 171
6 277
6 288
7 40
7 41
7 112
7 128
7 200
7 201
7 213
7 292
8 18
8 46
8 59
8 100
8 127
8 154
8 160
8 235
8 243
8 250
8 275
9 53
9 111
9 183
9 202
9 280
9 296
10 98
10 112
10 125
10 156
10 202
10 227
10 234
10 252
11 133
11 202
12 39
12 40
12 72
12 87
12 96
12 132
12 153
13 29
13 76
13 112
13 123
13 144
13 156
13 186
13 201
13 234
14 81
14 111
14 123
14 141
14 147
14 207
14 267
14 306
15 43
15 61
15 122
15 160
16 57
16 60
16 100
16 146
16 195
16 208
17 44
17 81
17 124
17 126
17 129
17 137
17 140
17 154
17 197
17 232
17 234
17 298
17 312
18 41
18 55
18 57
18 93
18 100
18 123
18 124
18 219
19 231
20 34
20 106
20 145
20 195
20 268
21 76
21 160
21 246
21 280
22 67
22 89
22 99
22 212
22 233
22 262
22 304
23 110
23 125
23 126
23 129
23 220
23 232
23 234
24 39
24 201
24 233
24 247
24 289
24 307
24 309
25 134
25 155
25 180
26 76
26 175
27 90
27 201
28 40
28 41
28 100
28 140
28 151
28 219
28 244
28 252
28 267
28 299
28 309
29 67
29 114
29 188
29 266
29 284
29 297
30 123
30 126
30 150
30 155
30 279
31 51
31 173
31 206
31 232
31 233
31 283
31 315
32 85
32 129
33 90
33 123
33 202
33 234
34 49
34 52
34 80
34 87
34 122
34 137
34 226
34 233
34 235
35 76
35 89
35 99
35 106
35 121
35 125
35 128
35 139
35 157
35 166
35 178
35 180
35 184
35 199
35 206
35 235
35 266
35 279
35 304
36 84
36 85
36 88
36 153
36 214
36 215
36 216
36 231
36 241
36 245
36 257
36 289
36 295
37 79
37 123
37 124
37 125
37 257
37 283
38 127
38 135
38 160
38 204
39 60
39 126
39 185
39 259
39 298
40 103
40 123
40 124
40 128
40 134
40 177
40 185
40 193
40 243
40 267
40 278
40 287
41 110
41 198
41 219
41 223
41 301
42 120
42 122
42 125
42 193
42 224
42 232
43 90
43 204
43 304
44 192
44 197
45 261
46 88
46 127
46 221
47 57
47 83
47 298
48 127
49 89
49 124
49 127
49 129
49 180
49 246
49 304
50 62
50 232
50 247
50 288
51 198
51 201
51 265
51 288
52 53
52 66
52 110
52 117
52 154
52 183
52 188
52 193
52 309
53 63
53 127
53 157
53 173
53 235
53 236
53 253
53 291
54 62
54 124
54 126
54 130
54 134
54 140
54 178
54 187
54 189
54 215
55 62
55 99
55 100
55 185
55 190
55 225
56 85
56 231
56 279
56 286
57 81
57 84
57 126
57 128
57 130
57 143
57 199
57 200
57 202
57 252
57 277
58 122
58 160
58 199
58 292
59 76
59 77
59 110
59 117
59 127
59 132
59 139
59 279
60 119
60 219
60 311
61 99
61 118
61 121
61 123
61 125
61 128
61 174
61 187
61 202
61 260
62 128
62 129
62 176
62 218
62 304
64 93
64 148
65 91
65 121
66 95
66 124
66 167
66 175
66 226
66 261
66 311
67 75
67 185
67 232
67 255
67 267
67 299
68 127
69 111
69 126
69 175
69 213
69 220
69 227
69 232
70 134
70 226
70 255
71 228
72 76
72 216
72 266
73 104
73 114
73 123
73 145
73 147
73 187
73 193
73 234
73 261
73 286
73 309
74 111
74 226
75 135
75 162
75 233
76 165
76 185
76 188
76 217
76 226
76 288
76 295
77 85
77 96
77 122
77 123
77 128
77 129
77 162
77 191
77 233
77 275
77 309
78 170
79 98
79 219
80 81
80 110
80 123
80 134
80 135
80 216
80 232
80 273
81 106
81 108
81 124
81 141
81 232
81 291
82 234
82 299
83 153
83 185
83 268
84 121
84 136
84 169
84 200
84 221
84 226
84 232
84 313
85 99
85 100
85 127
85 128
85 160
85 173
85 193
85 238
85 275
85 295
85 301
85 305
86 141
86 170
86 214
86 298
87 210
87 234
88 160
88 170
88 176
89 115
89 123
89 142
89 172
89 182
89 232
89 241
89 302
90 103
90 125
90 126
90 128
90 163
90 180
90 204
90 217
90 234
90 247
90 269
91 112
92 105
92 209
92 231
93 115
93 125
94 233
95 130
95 135
95 169
95 186
95 218
95 232
95 304
96 128
96 212
96 248
97 125
97 137
97 151
97 184
97 220
98 99
98 149
98 231
99 103
99 115
99 125
99 128
99 129
99 155
99 160
99 174
99 182
99 200
99 233
99 279
100 108
100 128
100 135
100 181
100 223
100 236
100 237
100 241
100 246
100 264
100 280
100 291
100 309
101 163
101 174
101 312
102 128
102 241
103 106
103 172
103 250
103 288
103 296
104 123
104 124
105 117
105 121
105 201
105 216
105 232
106 122
106 123
106 135
106 172
106 184
106 218
106 255
107 114
107 129
107 134
107 231
107 233
108 166
108 298
109 123
109 268
110 122
110 124
110 126
110 129
110 201
110 204
110 308
111 123
111 135
111 174
111 253
111 255
111 271
111 284
112 114
112 163
112 223
112 304
113 140
113 206
113 252
114 117
114 140
115 125
115 139
115 168
115 204
115 239
115 247
115 279
116 171
116 221
116 237
117 163
117 174
117 188
117 204
117 246
117 252
117 292
117 304
118 260
119 201
119 237
119 302
120 252
121 122
121 124
121 125
121 134
121 135
121 144
121 153
121 164
121 169
121 172
121 174
121 176
121 204
121 233
121 239
121 253
121 262
121 295
121 304
121 314
122 124
122 125
122 128
122 133
122 134
122 139
122 181
122 182
122 183
122 199
122 200
122 205
122 206
122 209
122 223
122 226
122 234
122 243
122 255
122 279
122 284
122 293
122 294
122 297
122 304
123 129
123 141
123 147
123 160
123 162
123 165
123 168
123 169
123 181
123 189
123 218
123 226
123 230
123 233
123 257
123 264
123 267
123 268
123 273
123 286
124 128
124 141
124 155
124 197
124 208
124 215
124 220
124 226
124 232
124 254
124 261
125 127
125 137
125 143
125 162
125 170
125 185
125 193
125 232
125 235
125 278
125 289
125 304
126 129
126 152
126 159
126 162
126 170
126 180
126 201
126 229
126 232
126 237
126 251
126 257
126 279
126 293
126 314
127 135
127 144
127 160
127 174
127 176
127 177
127 189
127 191
127 219
127 223
127 233
127 241
127 243
127 264
127 266
127 290
127 296
127 304
128 135
128 149
128 156
128 157
128 166
128 176
128 181
128 201
128 212
128 220
128 232
128 264
128 266
128 267
128 286
128 302
129 134
129 151
129 189
129 228
129 233
129 234
129 249
129 257
129 262
129 267
129 275
129 278
129 292
130 137
130 173
130 238
130 309
131 168
131 203
131 226
131 234
131 307
132 156
132 196
132 315
133 246
134 137
134 151
134 157
134 163
134 195
134 216
134 237
134 268
134 314
135 155
135 176
135 220
135 235
136 234
137 176
137 206
137 219
137 292
138 140
138 309
139 166
139 239
140 142
140 152
140 292
140 302
141 162
141 174
141 214
141 234
141 291
141 292
141 299
142 155
143 264
144 209
144 238
144 273
144 286
145 169
145 233
147 166
149 182
149 234
152 193
152 254
153 260
154 168
154 172
154 264
154 266
155 162
155 234
155 238
155 245
156 206
156 227
156 264
156 272
157 226
157 234
157 235
157 252
158 173
158 206
158 208
158 212
158 277
158 293
159 224
160 176
160 226
160 241
160 252
160 288
161 235
161 265
161 277
162 223
162 232
162 274
163 168
163 236
163 274
163 291
163 297
164 201
165 201
165 210
165 218
166 215
166 297
167 215
167 238
167 243
168 223
168 246
168 307
169 208
170 176
170 259
170 266
171 204
172 253
173 179
173 185
173 266
174 195
174 204
174 208
174 223
174 304
174 313
175 268
176 229
177 202
178 204
178 221
178 258
180 225
180 249
180 257
180 274
180 286
180 308
181 216
181 225
181 255
182 215
182 220
182 225
182 228
182 286
183 256
183 261
185 236
185 258
185 313
186 203
186 246
191 259
192 204
192 218
192 232
192 312
193 238
193 257
193 273
194 199
195 207
195 219
195 221
195 232
196 302
199 234
199 282
199 299
200 219
200 226
200 234
200 259
200 261
201 202
201 216
202 205
202 233
202 291
203 261
203 264
204 220
204 222
204 245
204 280
204 304
206 225
206 232
206 238
206 240
206 279
206 282
206 288
207 214
207 218
207 219
207 228
207 235
208 235
208 279
209 233
210 278
212 230
214 235
214 302
216 225
216 247
216 264
216 309
217 297
218 231
219 232
219 272
219 275
219 285
219 309
219 314
220 233
223 238
223 260
223 277
223 309
224 226
224 232
224 233
225 292
226 259
226 279
226 286
226 306
227 229
227 235
230 249
232 235
232 255
232 262
232 304
232 305
233 246
233 279
233 287
233 293
234 238
234 246
234 259
234 264
234 280
234 292
234 308
234 310
235 238
235 241
235 256
235 265
235 280
235 312
236 264
236 298
236 309
237 244
240 283
241 288
241 292
241 309
243 309
244 268
245 304
246 261
246 266
247 285
249 271
250 285
253 259
253 273
255 259
255 267
255 305
256 280
257 304
262 283
264 280
267 304
269 309
272 294
272 309
274 291
276 308
278 302
286 297
288 304
297 309
304 308
