0 5
0 124
1 6
1 39
2 6
2 23
2 29
2 31
2 58
2 111
2 121
2 127
2 226
2 261
2 265
3 90
3 129
3 255
4 71
4 90
4 112
4 123
4 171
4 193
4 200
4 202
4 219
4 223
4 234
4 252
4 272
4 292
5 73
5 75
5 77
5 81
5 99
5 100
5 147
5 207
5 261
5 312
6 75
6 125
6 159
6 188
6 195
6 223
6 302
7 12
7 27
7 94
7 110
7 125
7 131
7 173
7 218
7 219
7 226
7 279
7 281
7 309
8 160
9 15
9 100
9 234
10 26
10 37
10 90
10 149
10 232
10 235
10 246
10 247
11 22
11 122
11 193
11 256
13 22
13 44
13 60
13 98
13 120
13 122
13 154
13 170
13 203
13 224
13 280
14 61
14 70
14 83
14 100
14 129
14 180
14 183
14 241
15 61
15 155
15 193
15 233
16 23
16 49
16 51
16 74
16 112
16 202
16 235
16 286
17 81
17 82
17 96
17 102
17 129
17 180
17 189
17 203
17 232
17 235
17 291
18 35
18 41
18 129
18 182
18 193
18 235
19 58
19 120
19 186
20 36
20 45
20 76
20 77
20 164
20 199
20 214
20 220
20 261
20 284
20 299
21 65
21 79
21 207
21 237
22 92
22 121
22 209
22 231
22 266
23 32
23 78
23 105
23 122
23 128
23 137
23 140
23 164
23 170
23 180
23 195
23 209
23 227
23 233
23 235
23 238
24 110
24 210
24 229
24 296
25 234
26 122
26 226
26 247
27 163
27 217
28 121
28 123
28 153
28 235
28 246
28 277
28 301
29 118
29 127
29 165
29 169
29 226
29 257
29 286
29 304
30 99
30 181
31 66
31 117
31 180
31 222
32 69
32 87
32 181
33 122
33 134
33 143
33 237
33 241
34 42
34 84
34 123
34 235
34 267
34 304
35 85
35 90
35 99
35 110
35 134
35 156
35 165
35 168
35 181
35 183
35 203
35 212
35 214
35 266
35 282
35 309
36 65
36 147
36 233
36 237
36 241
36 273
36 276
36 293
37 59
37 67
37 100
37 123
37 128
37 173
37 174
37 220
37 226
37 265
37 269
38 40
38 59
38 90
38 122
38 309
39 44
39 70
39 121
39 123
39 125
39 134
39 173
39 187
39 275
40 86
40 93
40 95
40 99
40 157
40 201
40 220
40 234
40 241
41 77
41 106
41 110
41 119
41 125
41 128
41 163
41 189
41 254
41 313
42 66
42 160
42 257
42 264
42 304
42 309
43 89
43 141
44 56
44 122
44 179
44 279
45 282
46 233
47 51
47 114
48 129
48 131
48 158
48 232
49 110
49 154
50 91
50 263
51 72
51 111
51 176
51 177
51 189
51 286
52 125
52 126
52 152
52 174
52 175
52 219
52 235
52 292
53 99
53 127
53 160
53 226
54 74
54 77
54 120
54 124
54 129
54 141
54 142
54 160
54 193
54 195
54 218
54 227
55 105
55 121
55 123
55 162
55 168
55 219
55 257
55 279
56 76
56 122
56 145
56 199
56 232
56 253
56 306
57 100
57 126
57 197
57 202
57 235
57 268
57 277
57 279
58 201
59 89
59 104
59 121
59 124
59 125
59 157
59 169
59 180
59 232
59 233
59 241
59 273
59 284
60 72
61 77
61 95
61 126
61 151
61 177
61 204
61 235
61 309
62 111
62 236
63 158
63 232
64 174
65 78
65 206
65 231
66 77
66 96
66 102
66 125
66 134
66 159
66 214
66 273
67 85
67 279
67 309
70 124
70 159
70 193
70 203
71 111
71 154
72 90
72 91
72 95
72 116
72 125
72 126
72 232
72 282
73 81
73 121
73 139
73 155
73 180
73 219
73 255
73 264
73 278
74 121
74 141
74 271
74 293
75 125
75 226
75 235
75 250
76 86
76 94
76 95
76 107
76 121
76 122
76 154
76 163
76 225
76 299
76 303
76 305
77 90
77 103
77 121
77 122
77 126
77 155
77 165
77 188
77 232
77 238
77 249
77 251
77 258
77 264
77 273
77 278
77 286
77 304
78 117
78 131
78 264
79 108
79 128
79 235
80 123
80 142
80 152
80 168
80 202
80 212
80 304
81 90
81 124
81 128
81 193
81 222
81 226
81 234
81 309
82 122
82 123
82 228
82 309
83 85
83 118
83 175
84 119
84 143
85 89
85 111
85 125
85 160
85 165
85 183
85 188
85 223
85 259
85 265
86 90
86 102
86 122
86 127
86 156
86 219
87 97
87 141
87 231
88 100
88 122
88 135
88 180
88 233
88 279
89 96
89 109
89 129
89 189
89 204
89 212
89 234
89 304
90 105
90 112
90 121
90 122
90 158
90 177
90 182
90 188
90 201
90 202
90 228
90 234
90 252
91 127
91 203
91 207
91 277
92 127
92 173
92 283
93 99
93 233
95 99
95 100
95 122
95 123
95 128
95 134
95 163
95 195
95 247
95 266
95 275
95 308
96 122
96 123
96 257
96 309
97 143
97 203
97 309
98 112
98 135
98 277
99 105
99 114
99 129
99 132
99 160
99 168
99 187
99 195
99 199
99 233
99 242
99 276
100 122
100 127
100 151
100 155
100 162
100 174
100 235
100 238
100 246
100 292
100 311
101 132
101 205
101 288
102 117
102 124
102 126
102 174
103 124
103 233
103 259
104 221
104 235
104 256
104 277
105 128
105 181
105 234
105 247
105 259
106 118
106 126
106 141
106 172
106 173
106 232
106 257
107 153
107 171
107 209
107 233
108 124
108 201
108 208
108 252
109 127
109 129
109 197
110 127
110 160
110 163
110 168
110 178
110 204
110 220
110 223
110 303
111 122
111 125
111 134
111 216
111 222
111 251
112 123
112 140
112 179
112 235
113 234
115 239
115 267
115 285
116 134
117 121
117 124
117 125
117 129
117 134
117 147
117 174
117 204
118 121
118 286
119 122
119 234
120 121
120 249
120 256
120 264
121 122
121 123
121 125
121 128
121 140
121 147
121 154
121 155
121 174
121 186
121 200
121 220
121 234
121 235
121 240
121 246
121 249
121 294
121 315
122 124
122 154
122 228
122 248
122 261
122 283
122 292
122 311
123 126
123 127
123 129
123 134
123 160
123 162
123 163
123 168
123 173
123 176
123 195
123 204
123 206
123 210
123 217
123 219
123 226
123 233
123 234
123 241
123 247
123 278
123 281
123 304
123 309
124 138
124 149
124 234
124 248
124 268
124 273
124 286
124 313
125 126
125 128
125 129
125 134
125 144
125 159
125 166
125 171
125 182
125 202
125 207
125 216
125 230
125 232
125 235
125 237
125 302
126 127
126 134
126 144
126 155
126 165
126 169
126 186
126 197
126 198
126 203
126 209
126 240
126 241
126 252
126 277
126 280
126 287
126 309
127 130
127 136
127 147
127 157
127 166
127 173
127 181
127 182
127 186
127 199
127 201
127 214
127 232
127 234
127 249
127 268
127 275
127 285
127 286
127 288
127 298
128 135
128 156
128 168
128 182
128 186
128 219
128 235
128 250
128 266
129 134
129 152
129 155
129 165
129 183
129 199
129 201
129 203
129 204
129 235
129 243
129 245
129 257
129 261
129 267
129 279
129 286
129 297
129 309
130 147
130 225
130 234
131 134
131 135
131 232
131 238
131 283
132 147
132 189
132 239
133 174
133 220
133 223
133 231
134 189
134 198
134 204
134 206
134 224
134 229
134 252
134 267
134 279
134 283
134 285
134 304
135 139
135 153
135 165
135 195
135 226
135 233
135 304
135 305
136 174
137 160
137 234
137 277
138 141
138 193
138 240
138 246
139 158
139 180
139 235
140 199
140 249
140 267
141 181
141 204
142 266
143 160
143 167
144 168
144 202
144 207
144 214
144 221
144 244
144 246
144 249
144 285
146 195
146 204
148 199
149 160
150 304
151 166
151 219
151 250
151 283
151 309
152 218
152 243
152 273
152 304
153 227
153 233
153 257
153 263
153 273
154 233
154 234
154 235
154 255
154 256
154 285
154 299
156 232
156 261
156 309
157 223
157 235
157 267
158 169
158 177
158 207
158 232
158 278
159 241
160 203
160 204
160 217
160 256
161 233
162 169
162 232
162 234
162 309
163 202
163 234
163 235
164 200
165 169
165 200
165 224
165 258
165 280
166 222
166 279
168 186
168 217
168 246
168 257
169 186
169 243
170 194
170 228
171 203
171 234
171 241
172 177
173 174
173 184
173 239
173 272
174 256
175 228
175 282
175 290
176 183
176 193
176 206
177 199
177 206
177 305
180 232
180 273
181 283
182 203
182 236
182 273
183 204
183 212
183 266
185 211
186 189
188 239
188 240
188 258
189 219
189 223
189 283
190 215
191 203
191 232
191 234
191 257
191 275
192 230
192 275
193 234
193 297
195 233
195 252
195 280
195 307
197 209
197 264
198 226
198 266
198 279
199 206
201 218
201 234
201 240
201 279
202 262
202 304
203 287
204 206
204 219
204 232
204 242
204 243
204 247
204 288
205 304
206 266
206 286
206 309
207 214
207 233
207 236
207 266
208 259
208 261
208 301
209 223
209 233
210 228
210 233
210 241
212 292
213 229
213 233
214 241
215 218
215 263
216 296
217 222
217 235
218 219
218 267
218 279
219 235
219 279
219 288
220 234
220 311
221 226
221 268
222 233
223 233
223 235
223 253
223 299
224 264
224 266
225 257
226 236
226 243
226 279
226 291
226 294
227 234
229 266
230 235
230 262
231 304
232 234
232 271
232 275
232 282
232 293
232 311
233 244
233 247
233 251
233 266
233 282
233 301
233 309
234 235
234 270
234 279
234 292
234 309
235 243
235 259
235 279
237 279
237 304
238 259
246 262
246 276
247 296
250 264
252 266
252 305
255 271
257 269
259 314
261 269
261 304
262 305
264 312
265 313
269 279
269 288
275 304
279 290
285 309
288 305
289 290
292 309
302 304
304 313
