0 24
0 73
0 100
0 124
0 134
0 143
0 154
0 203
1 11
1 77
1 106
1 222
1 241
2 3
2 11
2 39
2 81
2 85
2 119
2 122
2 155
2 206
2 209
2 217
2 230
2 258
2 278
2 283
2 301
2 309
3 121
3 125
3 134
3 228
4 10
4 39
4 70
4 90
4 104
4 108
4 149
4 163
4 234
4 236
4 279
4 313
5 11
5 32
5 59
5 75
5 76
5 77
5 90
5 91
5 100
5 124
5 136
5 142
5 152
5 165
5 169
5 209
5 219
5 225
5 227
5 235
5 239
5 277
5 278
6 54
6 77
6 124
6 134
6 154
6 162
6 198
6 208
6 234
6 264
6 265
6 273
6 280
6 309
7 30
7 129
7 134
7 137
7 163
7 181
7 200
7 201
7 223
8 54
8 136
8 139
8 149
8 160
8 264
8 304
9 81
9 82
9 140
9 142
9 157
9 209
9 241
10 24
10 40
10 51
10 99
10 126
10 157
10 165
10 199
10 203
10 245
10 292
11 98
11 234
12 23
12 173
12 246
12 294
13 18
13 28
13 36
13 76
13 90
13 128
13 129
14 25
14 42
14 99
14 133
14 144
15 26
16 19
16 92
16 174
16 189
16 233
16 282
17 44
17 123
17 226
17 232
18 76
18 95
18 188
18 211
18 296
18 300
19 20
19 29
19 82
19 114
19 121
19 138
19 141
19 234
20 37
20 160
20 185
20 226
20 241
21 80
21 122
21 159
21 249
22 49
22 180
22 210
22 214
22 220
22 249
23 35
23 140
23 232
23 267
23 313
24 121
24 123
24 125
24 160
24 237
24 308
25 106
25 171
25 275
26 123
26 124
26 138
26 154
26 241
27 33
27 121
27 129
27 231
27 247
27 262
28 84
28 99
28 112
28 122
28 123
28 130
28 235
28 245
29 39
29 65
29 71
29 106
29 125
29 160
29 201
29 207
29 210
29 233
29 279
30 112
31 48
31 78
31 109
31 128
31 180
31 189
31 195
31 232
31 304
32 100
32 128
32 144
32 165
32 215
32 239
32 250
32 263
33 42
33 157
33 285
34 52
34 56
34 66
34 237
34 241
34 269
34 271
34 279
35 42
35 59
35 60
35 73
35 76
35 90
35 124
35 126
35 134
35 139
35 141
35 160
35 173
35 174
35 183
35 232
35 233
35 234
35 259
35 263
36 68
36 91
36 101
36 127
36 144
36 188
36 217
36 247
36 255
36 276
36 294
37 44
37 58
37 86
37 228
37 285
38 129
38 291
39 64
39 125
39 154
39 159
39 177
39 189
39 192
39 240
40 41
40 67
40 84
40 101
40 121
40 122
40 127
40 128
40 136
40 163
40 170
40 206
40 313
41 73
41 90
41 140
41 204
41 238
41 283
42 44
42 63
42 81
42 92
42 100
42 134
42 175
42 182
42 219
42 235
42 264
42 274
42 278
42 279
43 106
43 146
43 157
44 57
44 76
44 85
44 90
44 121
44 127
44 174
44 189
45 93
45 100
45 174
46 100
46 107
46 179
46 232
46 272
47 55
48 159
48 182
48 278
49 57
49 73
49 146
50 129
51 100
51 121
51 134
51 140
51 148
51 152
51 204
51 223
51 235
51 238
51 304
52 77
52 86
52 129
52 140
52 152
52 158
52 163
52 168
52 193
52 232
52 302
53 98
53 157
53 233
53 286
53 289
54 92
54 122
54 124
54 128
54 159
54 160
54 190
54 243
54 258
54 292
55 122
55 201
55 247
56 123
56 124
56 160
56 180
56 185
56 261
56 265
57 125
57 128
57 208
57 216
57 225
58 73
58 121
58 124
59 77
59 89
59 121
59 122
59 125
59 160
59 169
59 180
59 255
59 266
59 309
60 128
60 134
60 163
61 90
61 100
61 123
61 158
61 201
61 257
62 84
62 234
63 123
63 221
63 226
64 106
64 125
64 188
65 235
65 255
66 121
66 127
66 130
66 168
66 219
66 237
66 251
66 309
67 90
67 143
67 159
67 232
68 257
69 106
69 129
69 174
70 111
70 124
70 166
70 231
70 269
70 297
71 145
71 243
71 256
71 286
72 77
72 125
72 158
72 159
72 204
72 210
72 225
72 234
72 256
73 127
73 161
73 180
73 217
73 235
74 122
74 193
74 266
75 99
75 101
75 123
75 152
75 154
75 219
75 220
75 230
75 235
75 280
76 77
76 100
76 124
76 160
76 168
76 192
76 201
76 237
76 254
76 278
77 79
77 110
77 128
77 142
77 144
77 157
77 181
77 183
77 216
77 222
77 240
77 259
77 268
77 288
77 305
77 314
78 288
79 126
79 301
79 304
80 81
80 83
80 99
80 125
80 153
80 258
80 277
81 122
81 123
81 134
81 151
82 111
82 129
82 282
82 309
83 84
83 165
83 282
83 309
84 90
84 106
84 141
84 180
84 189
84 224
85 98
85 99
85 142
85 203
85 234
85 241
85 253
85 256
85 259
85 273
86 114
86 126
86 127
86 141
86 142
86 152
86 232
86 313
87 123
87 314
89 90
89 125
89 172
89 193
89 213
89 229
89 255
89 257
89 279
90 186
90 204
90 207
90 220
90 223
90 232
90 285
91 99
91 100
91 127
91 218
92 117
92 218
92 238
93 96
93 113
93 120
93 121
93 125
93 129
93 159
93 204
94 124
95 125
95 204
95 279
95 304
96 154
96 155
97 129
97 185
97 262
98 125
98 207
98 234
98 235
98 279
99 105
99 108
99 119
99 121
99 123
99 126
99 127
99 147
99 150
99 163
99 168
99 191
99 233
99 238
100 121
100 125
100 154
100 160
100 219
100 234
100 237
100 255
100 280
100 282
100 285
100 309
101 288
102 187
102 231
103 119
103 121
103 259
103 302
104 174
104 175
104 253
105 110
105 290
106 139
106 166
106 189
106 218
106 231
107 129
107 131
107 200
108 124
108 129
109 154
109 231
110 196
110 200
110 210
110 218
110 226
110 262
110 268
110 288
110 289
111 129
111 152
111 234
111 252
111 283
112 125
112 137
112 204
112 210
112 226
112 279
113 119
113 141
113 144
114 216
114 279
115 160
115 279
117 154
117 156
117 189
117 191
117 194
117 202
117 226
117 232
117 233
117 236
117 239
117 252
117 301
117 309
118 165
118 166
119 189
120 124
121 124
121 128
121 138
121 141
121 160
121 164
121 168
121 178
121 180
121 195
121 196
121 201
121 204
121 226
121 235
121 268
121 290
122 124
122 140
122 141
122 149
122 158
122 160
122 163
122 188
122 195
122 210
122 219
122 223
122 240
122 246
122 248
122 264
122 279
122 304
122 309
123 124
123 125
123 126
123 128
123 132
123 134
123 139
123 140
123 161
123 174
123 185
123 187
123 219
123 220
123 233
123 257
123 262
123 264
123 292
123 302
124 129
124 134
124 138
124 140
124 141
124 190
124 204
124 220
124 225
124 228
124 257
124 259
124 260
124 261
124 268
124 269
124 304
124 307
124 309
124 312
125 126
125 128
125 148
125 151
125 152
125 168
125 199
125 246
125 255
125 278
125 308
125 309
126 140
126 160
126 174
126 182
126 189
126 192
126 218
126 219
126 220
126 233
126 235
126 254
126 264
126 267
126 279
126 291
126 311
127 128
127 142
127 178
127 180
127 185
127 200
127 206
127 217
127 220
127 226
127 228
127 231
127 235
127 236
127 264
127 266
127 267
127 279
127 282
127 292
128 143
128 144
128 148
128 168
128 171
128 173
128 174
128 179
128 191
128 204
128 207
128 219
128 223
128 241
128 255
128 285
128 296
128 310
129 133
129 136
129 151
129 172
129 178
129 184
129 211
129 219
129 234
129 235
129 265
129 279
129 280
129 287
129 292
130 212
130 299
131 143
131 147
131 150
131 176
132 165
132 223
132 241
132 279
132 302
134 139
134 174
134 177
134 214
134 233
134 274
135 152
135 155
135 160
135 167
135 219
135 232
135 246
135 261
135 279
135 280
137 160
137 164
137 175
138 274
139 206
140 174
140 266
140 287
141 159
141 279
141 296
142 151
142 173
142 267
143 171
143 231
143 301
144 197
144 242
144 247
144 253
144 280
144 300
146 304
147 286
147 303
148 232
148 296
149 235
149 268
149 291
150 286
150 297
150 309
151 201
151 227
152 197
152 201
153 236
154 235
154 285
155 209
155 243
155 246
155 264
157 186
157 233
157 262
157 265
157 266
157 299
158 211
158 238
158 275
159 185
159 262
160 176
160 201
160 208
160 210
160 219
160 271
160 280
160 304
162 171
162 210
162 212
162 222
162 304
163 201
163 246
163 300
164 292
165 197
166 239
166 266
166 287
167 195
167 278
168 173
168 235
168 304
168 314
170 219
170 253
171 220
171 248
172 180
172 302
173 190
173 219
174 212
175 231
176 280
177 223
177 256
180 234
180 240
180 245
180 273
180 277
181 235
181 267
182 206
182 214
182 226
182 291
183 233
183 250
185 216
185 232
185 291
186 202
188 192
188 232
189 219
189 243
189 265
189 285
190 200
190 226
190 261
190 297
192 237
193 313
195 304
195 315
196 222
196 241
196 255
197 235
197 240
197 266
198 232
199 220
199 310
200 239
200 268
201 205
201 220
201 234
201 251
202 241
203 234
204 219
204 222
204 226
204 229
204 235
204 249
204 251
204 261
204 273
204 284
206 212
206 264
207 258
207 261
208 279
209 218
209 259
210 276
210 286
210 288
210 309
211 309
212 302
214 223
214 258
215 221
215 226
215 299
216 235
216 279
217 232
218 223
219 240
219 253
220 233
220 246
220 314
221 224
223 309
224 231
224 233
224 243
226 234
226 280
226 293
226 309
228 275
228 309
232 310
233 234
233 241
233 259
233 262
234 235
234 238
234 252
234 259
234 267
234 308
235 273
235 288
235 302
235 307
237 280
238 274
240 296
241 264
241 268
245 247
246 275
246 309
247 275
249 286
252 266
252 277
253 272
257 286
257 309
258 264
259 262
259 308
260 292
260 309
261 279
261 299
262 287
264 271
271 277
272 289
275 299
278 302
279 295
280 309
304 311
