0 125
0 128
0 186
0 310
1 149
2 85
2 87
2 104
2 117
2 124
2 125
2 126
2 226
2 231
3 52
3 99
3 117
3 127
3 146
3 202
3 204
3 233
3 277
3 294
4 102
4 121
4 127
4 185
4 188
4 232
4 297
5 9
5 26
5 35
5 43
5 57
5 123
5 125
5 126
5 138
5 155
5 163
5 188
5 207
5 243
5 266
5 274
5 285
5 306
5 315
6 17
6 47
6 56
6 60
6 68
6 70
6 78
6 110
6 126
6 127
6 128
6 157
6 162
6 181
6 189
6 222
6 226
6 232
6 234
6 261
6 279
6 315
7 16
7 18
7 23
7 45
7 67
7 123
7 159
7 165
7 207
7 219
7 226
7 238
7 263
8 164
8 174
9 23
9 86
9 189
9 298
10 35
10 52
10 65
10 77
10 100
10 106
10 110
10 114
10 126
10 140
10 204
11 121
12 58
12 127
12 140
12 171
12 246
12 266
12 296
12 308
13 96
13 125
13 131
13 144
13 145
13 162
13 190
13 195
13 221
13 235
14 15
14 88
14 173
15 80
15 196
15 232
16 45
16 82
16 127
16 130
16 151
16 233
16 286
16 292
17 20
17 25
17 55
17 76
17 100
17 126
17 193
17 201
17 221
17 274
18 36
18 56
18 85
18 89
18 109
18 127
18 160
18 193
18 304
19 151
19 160
19 209
19 279
20 62
20 100
20 125
20 153
20 267
20 296
20 309
21 58
21 77
21 133
21 158
21 169
21 239
22 113
22 129
22 131
22 188
22 195
22 219
22 255
22 266
22 275
23 40
23 72
23 85
23 162
23 234
23 257
24 100
24 127
25 34
25 56
26 35
26 98
26 126
26 129
26 135
27 35
27 124
28 53
28 132
28 138
28 174
28 238
28 264
28 268
28 286
29 34
29 107
29 121
29 123
29 151
29 193
29 198
29 260
30 100
30 121
30 204
31 42
31 67
31 238
31 280
32 117
32 126
32 127
32 202
32 304
33 121
34 204
35 52
35 59
35 76
35 99
35 100
35 105
35 121
35 127
35 129
35 139
35 209
35 210
35 215
35 247
35 276
35 288
35 302
36 99
36 111
36 123
36 129
36 132
36 139
36 163
36 178
36 204
36 219
36 223
36 266
37 90
37 99
37 105
37 110
37 123
37 126
37 159
37 183
37 188
37 206
37 226
37 266
37 276
37 288
37 302
38 44
38 127
38 128
38 134
38 155
39 46
39 84
39 120
39 160
39 280
40 85
40 106
40 124
40 126
40 146
40 192
40 206
40 253
41 49
41 64
41 81
41 89
41 90
41 100
41 135
41 204
41 207
41 233
41 264
41 278
41 299
41 304
42 81
42 90
42 162
42 165
42 217
42 222
42 291
43 75
43 90
43 123
44 89
44 119
44 162
44 220
44 224
44 245
44 267
44 285
46 81
46 122
46 168
47 52
47 58
47 61
47 98
47 127
47 209
47 221
47 263
48 85
49 166
49 174
49 217
49 240
50 100
51 76
51 106
51 134
51 160
51 186
51 189
51 257
52 79
52 126
52 127
52 131
52 140
52 163
52 191
52 200
52 267
52 286
52 306
53 168
53 226
53 257
54 80
54 85
54 100
54 133
54 189
54 225
54 236
55 58
55 121
55 127
55 140
55 165
55 193
55 201
55 206
56 99
56 126
56 180
56 195
56 204
56 217
56 233
56 268
57 65
57 79
57 122
57 123
57 183
57 189
57 196
57 226
57 235
58 285
59 104
59 123
59 129
59 172
59 206
59 255
59 278
60 127
60 279
61 121
61 201
61 268
62 134
62 151
63 185
63 218
64 90
64 170
64 226
65 84
66 83
66 90
66 124
66 185
66 234
66 241
67 123
68 100
68 112
68 214
68 241
68 290
68 313
69 124
69 246
70 102
70 232
71 274
72 100
72 107
72 121
72 124
72 220
72 232
72 269
72 278
72 299
73 97
73 125
73 134
73 140
73 177
73 183
73 192
73 219
73 234
73 268
73 297
74 90
74 173
74 189
74 249
75 90
75 162
75 174
75 204
75 245
76 85
76 100
76 119
76 121
76 122
76 126
76 128
76 149
76 176
76 213
76 234
76 261
76 265
77 85
77 99
77 111
77 123
77 126
77 134
77 169
77 190
77 202
77 236
77 276
78 99
78 168
79 122
79 126
79 129
79 207
80 86
80 114
80 123
80 127
80 135
80 204
80 220
80 224
80 238
81 203
81 216
82 85
82 165
82 192
82 206
82 309
83 99
83 117
83 124
83 257
83 289
84 121
84 122
84 183
84 243
84 293
84 310
85 99
85 100
85 110
85 122
85 193
85 201
85 271
86 156
86 179
86 228
86 234
86 264
86 274
87 144
87 164
87 169
87 185
87 226
88 98
88 174
88 305
89 90
89 97
89 111
89 128
89 232
89 258
90 93
90 95
90 115
90 124
90 127
90 128
90 139
90 151
90 170
90 203
90 218
90 235
90 261
90 274
91 142
91 233
91 235
91 293
92 100
92 129
92 177
92 196
93 129
93 151
93 163
93 226
93 279
94 95
94 215
94 218
95 111
95 112
95 119
95 123
95 124
95 135
95 173
95 174
95 182
95 225
95 238
95 240
96 127
96 238
97 275
98 100
98 108
98 122
98 136
98 189
98 233
98 286
98 296
99 100
99 127
99 161
99 176
99 177
99 223
99 231
99 272
99 304
99 309
100 104
100 127
100 129
100 130
100 151
100 180
100 226
100 252
100 259
100 287
100 296
100 297
100 312
101 122
101 123
101 238
102 275
103 121
103 124
103 128
103 176
103 198
103 267
104 147
104 148
104 159
104 161
104 188
104 195
104 255
104 266
104 267
105 124
105 126
105 128
105 144
105 158
105 166
105 210
106 141
106 153
106 193
106 215
106 226
106 235
106 271
106 274
106 275
107 123
107 203
107 228
107 241
107 267
107 271
108 123
108 204
108 292
109 305
110 139
110 141
110 147
110 215
110 221
110 240
111 121
111 151
111 177
111 233
111 238
111 265
111 274
111 311
112 124
112 267
112 288
112 297
113 259
115 142
115 174
115 232
115 235
115 252
117 126
117 160
117 173
117 189
118 123
118 124
118 191
119 158
120 127
120 206
121 122
121 123
121 126
121 132
121 147
121 152
121 166
121 180
121 197
121 207
121 216
121 218
121 232
121 233
121 252
121 275
121 276
121 277
121 287
121 297
121 307
122 123
122 124
122 125
122 129
122 134
122 142
122 143
122 148
122 160
122 204
122 209
122 221
122 238
122 241
122 264
122 279
122 292
122 302
122 304
122 312
122 315
123 129
123 134
123 139
123 159
123 163
123 169
123 176
123 183
123 187
123 232
123 246
123 266
123 280
123 298
123 309
124 125
124 129
124 180
124 202
124 252
124 260
124 269
124 279
124 289
124 313
124 314
125 139
125 167
125 183
125 192
125 204
125 208
125 217
125 226
125 233
125 243
125 246
125 288
125 306
126 128
126 129
126 140
126 156
126 166
126 169
126 176
126 192
126 204
126 215
126 221
126 223
126 232
126 235
126 257
126 267
126 279
126 296
126 311
127 134
127 165
127 180
127 181
127 183
127 188
127 204
127 206
127 207
127 220
127 226
127 234
127 239
127 249
127 284
127 296
128 143
128 147
128 163
128 164
128 165
128 182
128 187
128 218
128 226
128 237
128 241
128 243
128 273
128 279
128 301
129 149
129 153
129 160
129 171
129 192
129 209
129 217
129 220
129 226
129 231
129 232
129 247
129 249
129 271
129 285
129 288
130 198
130 203
130 219
130 235
130 257
130 279
131 144
132 158
132 173
132 235
132 283
133 308
134 160
134 176
134 189
134 204
134 206
134 227
134 236
134 253
134 263
134 267
134 304
134 311
135 149
135 188
135 202
135 235
135 237
135 273
136 219
137 162
137 192
139 148
139 217
139 234
139 303
140 158
140 166
140 168
140 187
140 232
141 201
142 206
142 271
142 286
142 293
143 179
143 240
144 232
144 291
145 160
145 207
147 164
147 234
149 160
149 212
149 217
149 235
149 257
149 304
150 213
151 199
151 203
151 288
152 199
152 206
153 160
153 246
153 309
154 167
154 168
154 212
155 173
155 180
155 204
155 234
155 246
155 251
155 261
155 268
155 280
156 243
157 185
157 304
158 162
158 226
158 241
158 266
159 267
160 165
160 252
160 265
160 314
161 227
162 175
162 177
162 202
162 237
162 265
162 304
162 309
163 237
163 245
163 247
163 286
165 236
165 237
165 304
166 207
166 218
166 286
167 254
167 279
168 188
168 204
168 268
169 184
169 220
170 219
171 221
171 238
173 183
173 204
173 217
173 235
173 241
173 277
174 189
174 192
174 217
174 304
174 309
175 291
176 233
176 255
176 314
177 187
178 243
179 188
179 238
179 257
179 304
180 279
180 298
181 189
181 279
182 200
182 214
182 234
182 274
183 192
183 204
183 226
185 200
185 269
185 278
186 233
186 235
186 261
186 299
187 233
187 287
187 304
188 189
188 234
189 196
189 199
189 232
189 309
190 282
191 192
192 258
192 280
193 233
194 226
195 283
195 313
197 226
197 286
198 221
198 239
199 246
199 283
200 240
200 242
200 245
202 236
202 240
202 282
203 207
203 222
203 226
203 235
203 304
204 214
204 234
204 244
204 262
204 264
204 304
205 311
206 207
206 209
206 233
206 252
206 268
206 282
207 217
207 233
207 236
207 255
207 259
207 272
207 309
208 271
208 301
208 305
209 260
211 275
211 292
212 267
212 310
214 231
215 261
217 224
217 226
218 291
218 311
219 224
219 263
219 304
219 313
220 224
221 226
221 253
222 279
223 229
223 233
223 264
224 250
225 233
226 233
226 234
226 253
226 304
226 309
227 280
228 293
232 246
232 258
232 264
232 266
232 273
232 280
233 273
233 303
234 235
234 255
234 278
235 267
235 271
235 302
235 303
237 246
239 264
240 285
240 292
241 257
241 267
249 267
251 299
253 268
253 271
253 309
254 257
255 264
255 276
257 260
257 309
259 309
261 280
264 271
264 276
265 313
266 309
266 313
267 268
278 313
290 309
295 313
304 314
309 314
