0 39
0 98
0 109
0 192
0 304
1 122
2 127
2 133
2 139
2 151
2 204
2 209
2 215
2 219
2 232
2 286
3 15
3 202
3 233
3 278
4 11
4 77
4 134
4 199
4 287
5 13
5 17
5 47
5 52
5 73
5 123
5 124
5 126
5 143
5 210
5 257
5 275
5 298
5 307
6 7
6 61
6 117
6 129
6 167
6 171
6 183
6 189
6 217
6 232
6 249
6 251
7 42
7 54
7 76
7 90
7 105
7 127
7 139
7 157
7 206
7 232
7 235
7 241
7 279
7 301
8 196
8 291
9 59
9 72
9 85
9 90
9 127
9 180
9 195
9 234
9 236
10 41
10 77
10 149
10 202
10 213
10 286
10 300
11 23
11 158
11 197
11 308
12 53
12 128
12 218
12 250
13 77
13 154
13 160
13 177
13 180
13 192
13 219
13 232
13 274
13 288
13 304
14 110
14 135
14 182
14 220
15 16
15 126
15 199
16 59
16 71
16 123
16 158
16 235
17 18
17 20
17 54
17 76
17 84
17 111
17 124
17 127
17 128
17 142
17 153
17 182
17 235
17 252
17 266
17 309
18 56
18 106
18 129
18 189
18 201
19 127
19 234
19 236
20 36
20 66
20 105
20 125
20 255
20 314
21 36
21 62
21 99
21 123
21 168
21 204
21 216
22 67
22 98
22 130
22 144
22 163
22 172
22 280
23 111
23 124
23 140
23 204
23 215
23 236
24 61
24 147
24 268
24 309
25 82
26 95
26 126
26 127
26 134
26 135
26 166
26 177
26 210
27 98
27 125
27 238
27 249
28 41
28 77
28 96
28 232
28 285
29 44
29 71
29 102
29 121
29 125
29 126
29 135
29 249
29 306
30 68
30 244
31 40
31 83
31 240
32 67
32 235
33 35
33 59
33 115
33 219
33 252
33 273
33 274
34 69
34 162
34 279
34 290
34 304
34 311
35 66
35 90
35 122
35 126
35 127
35 131
35 160
35 232
35 250
35 303
35 307
36 66
36 125
36 132
36 187
36 188
36 204
36 232
36 234
36 252
37 40
37 59
37 62
37 67
37 132
37 137
37 142
37 254
38 54
38 126
38 215
39 55
39 90
39 93
39 126
39 127
39 221
39 280
40 77
40 81
40 122
40 123
40 149
40 186
40 187
40 225
40 232
40 247
41 95
41 107
41 122
41 123
41 131
41 226
41 273
42 70
42 124
42 140
42 201
42 220
42 226
42 240
42 241
43 122
43 135
44 73
44 81
44 125
44 182
44 223
44 266
45 173
45 232
45 276
46 60
46 122
46 123
46 206
47 232
47 265
48 55
49 70
49 134
49 139
49 191
50 76
50 203
50 219
51 115
51 126
51 195
51 221
51 223
51 257
51 303
51 315
52 124
52 185
52 196
52 249
52 266
52 292
53 66
53 80
53 126
53 255
53 269
53 306
53 309
54 110
54 114
54 145
54 260
55 72
55 100
55 123
55 127
55 143
55 266
55 309
55 313
56 74
56 86
56 160
56 192
56 219
57 99
57 122
57 162
57 195
57 214
57 296
58 115
58 124
58 234
59 107
59 125
59 169
59 178
59 200
59 204
59 228
59 247
60 263
61 62
61 95
61 122
61 125
61 180
61 186
61 253
62 277
65 83
65 122
65 168
65 206
65 220
65 290
66 75
66 76
66 126
66 145
66 172
66 233
66 234
67 121
67 231
68 74
69 124
70 167
70 195
70 260
70 302
71 77
71 122
71 131
71 182
72 88
72 102
72 106
72 109
72 137
72 226
72 235
72 249
73 84
73 111
73 134
73 140
73 200
73 265
73 287
74 121
74 233
74 247
74 279
74 304
75 93
75 107
75 128
75 129
75 187
76 77
76 103
76 112
76 119
76 121
76 128
76 131
76 151
76 156
76 202
76 218
76 219
76 226
76 279
76 291
77 79
77 81
77 124
77 130
77 134
77 180
77 215
77 250
78 106
78 168
78 211
78 221
79 274
80 123
80 127
80 143
80 144
80 193
80 233
80 252
81 99
81 122
81 127
82 208
83 124
83 165
83 198
83 206
83 274
84 88
84 117
84 129
84 134
84 135
85 120
85 121
85 132
85 162
85 201
85 254
85 257
85 273
86 255
86 286
86 311
87 297
88 204
88 241
89 95
89 109
89 121
89 134
89 218
89 221
89 234
89 305
89 309
90 120
90 122
90 134
90 136
90 161
90 226
90 235
91 232
91 297
92 125
92 162
92 204
92 293
92 309
93 121
93 178
94 122
95 127
95 135
95 142
95 204
95 299
97 122
97 128
97 157
97 226
97 297
97 309
98 129
98 141
98 192
98 226
98 275
98 294
98 312
99 106
99 108
99 122
99 124
99 125
99 129
99 131
99 133
99 139
99 173
99 199
99 232
99 234
99 235
99 246
100 121
100 134
100 140
100 147
100 158
100 175
100 180
100 201
100 232
100 233
100 234
100 241
100 250
100 272
101 117
101 234
102 213
103 110
103 129
104 105
104 118
104 121
104 122
104 139
104 204
104 232
104 304
104 313
105 106
105 139
105 146
105 163
105 176
105 233
105 265
105 307
106 203
106 214
106 215
106 228
106 233
107 121
107 160
107 185
108 267
108 292
110 127
110 168
110 212
110 239
110 257
110 297
111 120
111 123
111 126
111 127
111 171
111 207
111 216
111 260
112 145
112 168
112 183
112 199
112 205
112 226
112 235
112 262
114 219
115 128
115 144
115 160
116 162
116 235
117 126
117 151
117 237
117 257
117 278
117 293
118 252
118 296
119 124
119 201
120 124
120 134
120 153
120 196
121 124
121 125
121 127
121 129
121 139
121 158
121 168
121 172
121 178
121 185
121 189
121 204
121 206
121 228
121 234
121 235
121 245
121 246
121 255
121 274
121 304
122 125
122 126
122 129
122 139
122 148
122 155
122 160
122 168
122 170
122 175
122 202
122 204
122 234
122 235
122 250
122 256
122 275
122 286
123 124
123 128
123 129
123 143
123 166
123 210
123 226
123 233
123 234
123 235
123 239
123 241
123 264
123 265
123 274
123 304
124 125
124 126
124 129
124 138
124 141
124 144
124 158
124 162
124 186
124 191
124 195
124 200
124 210
124 219
124 226
124 235
124 240
124 241
124 245
124 255
124 291
124 309
125 126
125 128
125 174
125 190
125 192
125 199
125 223
125 224
125 232
125 241
125 278
125 307
126 128
126 129
126 162
126 178
126 191
126 197
126 200
126 202
126 221
126 232
126 233
126 238
126 255
126 257
126 270
126 309
126 313
127 128
127 135
127 136
127 141
127 180
127 183
127 186
127 191
127 193
127 201
127 214
127 220
127 226
127 277
127 309
127 314
128 130
128 134
128 146
128 165
128 204
128 210
128 221
128 226
129 181
129 192
129 206
129 207
129 212
129 225
129 241
129 265
129 309
130 192
130 279
131 186
131 234
131 286
133 214
133 255
133 265
134 137
134 180
134 206
134 219
134 243
134 246
134 266
134 267
134 297
134 314
135 145
135 180
135 232
135 234
135 247
137 216
137 241
139 172
139 223
139 275
139 309
140 177
140 181
140 232
141 158
141 173
141 192
141 202
141 310
142 275
142 304
143 165
143 185
143 221
143 231
143 238
143 273
143 277
144 168
144 272
145 149
146 266
147 197
147 278
147 309
148 187
149 189
149 195
150 279
150 282
151 220
151 259
152 202
152 219
152 254
153 240
153 279
154 245
155 209
155 259
155 314
156 238
156 302
157 168
158 259
158 264
158 265
158 279
158 298
159 165
159 192
159 243
159 266
160 195
160 226
160 233
160 272
160 279
160 290
161 214
162 235
162 238
162 271
162 304
163 229
163 241
163 299
164 241
165 181
165 231
165 240
166 216
166 280
166 309
167 241
167 266
168 207
168 212
168 219
168 300
170 235
171 204
171 233
171 238
172 203
172 283
173 193
173 288
173 309
174 257
174 273
174 299
175 187
175 226
175 235
176 178
176 208
176 218
176 250
176 264
176 286
176 309
177 233
178 243
179 180
179 280
180 182
180 203
180 204
180 214
180 233
180 235
180 265
180 266
181 198
181 266
182 252
183 204
183 212
183 233
184 273
185 266
185 274
186 203
186 206
186 235
187 199
187 230
187 261
187 304
188 206
189 195
189 221
189 235
189 279
192 223
192 288
192 304
193 234
193 258
193 290
195 227
195 238
195 289
195 299
198 221
198 309
199 218
199 231
200 257
200 261
201 204
201 257
201 275
201 298
201 314
202 240
202 264
202 276
203 234
203 240
203 243
203 271
204 250
204 273
204 274
204 288
205 230
206 234
206 269
207 219
207 272
207 288
208 223
208 226
208 289
209 234
209 264
209 275
209 278
209 286
210 240
210 261
212 238
212 254
214 272
215 223
215 305
216 222
216 261
216 282
217 226
217 233
217 266
217 286
217 296
218 262
218 269
218 302
219 266
219 267
219 278
220 221
220 252
220 266
220 280
221 257
222 226
222 247
222 286
223 226
224 234
224 266
224 285
225 245
225 276
226 266
226 289
226 296
228 267
229 232
231 292
232 267
232 280
232 296
232 304
233 234
233 259
233 309
234 238
234 246
234 257
234 265
235 240
235 279
235 292
236 292
237 247
238 311
239 269
239 309
240 299
243 286
245 261
246 257
247 279
250 268
252 274
252 279
253 277
253 309
257 276
259 285
262 301
265 274
268 287
272 288
274 297
280 304
281 304
283 301
285 309
299 304
302 312
304 309
