0 40
0 121
0 187
1 125
2 16
2 32
2 36
2 115
2 123
2 214
2 233
2 234
2 277
2 304
3 54
3 192
3 232
3 246
3 254
3 262
4 52
4 90
4 106
4 135
4 176
4 235
4 236
4 264
4 278
4 314
5 19
5 22
5 31
5 49
5 55
5 68
5 99
5 124
5 130
5 137
5 172
5 191
5 197
5 204
5 220
5 257
5 259
5 269
5 309
6 122
6 129
6 149
6 206
6 215
6 252
6 255
6 263
6 280
6 285
7 52
7 61
7 100
7 125
7 127
7 160
8 264
8 310
9 137
9 214
9 219
9 232
9 233
9 239
10 27
10 31
10 76
10 100
10 115
10 138
10 204
10 235
10 257
10 264
11 118
11 168
11 230
12 76
12 97
12 215
12 241
12 288
13 43
13 121
13 150
13 174
14 105
14 129
14 130
14 189
14 234
14 274
15 80
15 152
15 158
15 161
16 19
16 77
16 236
16 285
17 31
17 49
17 110
17 213
17 219
17 309
18 85
18 99
18 165
18 188
18 217
19 139
19 200
19 278
20 70
20 121
20 143
20 233
20 252
20 266
20 302
21 32
21 223
22 129
22 131
22 234
23 100
23 125
23 129
23 160
23 195
23 199
23 232
23 249
23 308
23 314
24 30
24 97
24 110
24 121
24 127
24 204
24 277
24 285
25 51
25 52
25 124
26 45
26 134
26 178
26 254
27 36
27 90
27 106
27 124
27 129
27 131
28 53
28 77
28 84
28 124
28 127
28 195
28 197
29 36
29 229
29 262
30 92
30 243
31 56
31 66
31 125
31 199
31 224
31 261
32 66
32 77
32 96
32 125
32 128
32 129
32 189
32 223
32 228
33 34
33 99
34 77
34 121
34 128
35 42
35 57
35 99
35 121
35 128
35 134
35 138
35 141
35 160
35 173
35 174
35 183
35 260
35 264
35 269
35 275
35 276
35 280
35 286
36 73
36 89
36 99
36 106
36 125
36 129
36 134
36 135
36 172
36 190
36 217
36 234
36 257
36 264
37 76
37 103
37 119
37 121
37 127
37 128
37 153
37 186
37 204
37 226
37 232
37 280
38 75
38 199
38 232
38 265
39 70
39 125
39 133
40 51
40 123
40 126
40 127
40 128
40 134
40 192
40 195
40 206
40 216
40 221
40 234
40 252
40 254
40 262
40 267
40 275
40 280
40 299
40 309
41 47
41 80
41 90
41 210
41 278
42 80
42 167
42 185
43 76
43 125
43 140
43 202
43 266
44 124
44 154
44 207
44 222
44 231
44 233
44 296
45 88
45 211
46 141
46 233
47 231
47 250
47 296
47 308
49 168
49 240
50 54
50 71
50 99
50 113
50 127
50 194
50 233
51 61
51 75
51 108
51 110
51 120
51 126
51 134
51 152
51 166
51 195
51 308
52 158
52 171
52 181
52 279
53 122
53 125
54 59
54 72
54 89
54 123
54 267
54 276
54 302
55 100
55 131
55 235
55 266
55 267
56 127
56 153
56 207
56 212
57 96
57 125
57 132
57 140
57 226
58 309
59 134
59 198
59 200
59 229
60 206
61 90
61 124
61 198
61 236
61 309
62 128
62 225
62 227
63 100
63 124
64 76
64 99
64 124
64 206
65 126
65 241
66 70
66 89
66 90
66 120
66 126
66 127
66 217
66 226
66 315
67 121
67 123
67 128
67 163
67 204
67 215
67 278
67 292
67 309
69 168
69 226
70 73
70 125
70 127
70 202
70 267
71 125
71 216
72 89
72 99
72 124
72 158
72 189
72 195
72 201
72 208
72 261
73 123
73 134
73 167
73 193
73 203
73 208
73 209
73 232
74 104
74 158
74 241
75 125
75 127
75 131
75 204
75 219
75 245
75 300
76 77
76 79
76 85
76 90
76 97
76 115
76 173
76 189
76 207
76 255
76 276
77 123
77 126
77 137
77 155
77 164
77 167
77 189
77 193
77 232
77 255
77 266
77 268
77 269
77 309
78 312
79 121
79 259
80 113
80 140
80 142
81 205
81 233
81 241
82 168
82 185
82 186
82 224
82 265
84 124
84 125
84 134
84 141
84 232
84 234
84 261
84 309
85 105
85 122
85 166
85 233
85 234
85 298
85 304
86 122
86 123
86 176
86 201
86 202
86 233
86 279
86 314
87 115
87 133
87 202
87 309
88 99
88 158
88 241
89 134
89 165
89 217
89 241
89 262
90 100
90 123
90 129
90 137
90 153
90 161
90 181
90 183
90 191
90 219
90 226
90 246
90 258
90 275
92 146
92 182
93 111
93 114
93 120
93 133
93 141
94 99
95 97
95 121
95 126
95 136
95 158
95 162
95 172
95 175
95 180
95 209
95 265
95 314
96 153
96 172
97 145
98 100
98 109
98 122
98 124
98 151
98 158
98 173
98 206
98 240
99 111
99 123
99 135
99 140
99 162
99 175
99 217
99 219
99 220
99 225
99 236
99 251
99 297
99 299
99 314
100 104
100 118
100 125
100 127
100 144
100 169
100 201
100 204
100 206
100 226
100 231
100 234
100 235
100 257
100 279
100 304
103 122
103 125
103 311
104 144
104 226
104 259
104 262
104 304
105 144
105 180
105 276
106 123
106 124
106 126
106 128
106 168
106 186
106 223
106 304
107 124
107 127
107 134
107 144
107 195
107 203
107 205
107 212
107 232
107 235
107 257
107 258
107 273
108 128
108 212
108 233
108 236
108 239
108 265
109 155
109 203
110 137
110 144
110 218
110 266
110 288
111 117
111 124
111 126
111 129
111 202
111 207
111 216
111 234
111 264
111 298
111 309
112 123
112 135
112 209
112 210
112 284
113 273
113 274
113 280
113 303
115 232
116 127
116 163
116 174
116 271
117 121
117 126
117 128
117 174
117 193
117 234
119 288
120 123
120 126
120 134
120 253
120 309
121 122
121 123
121 124
121 125
121 126
121 134
121 135
121 139
121 154
121 189
121 204
121 223
121 230
121 244
121 250
121 272
121 273
121 285
121 288
121 307
122 124
122 128
122 129
122 135
122 137
122 140
122 152
122 173
122 184
122 200
122 208
122 226
122 234
122 241
122 246
122 259
122 269
122 271
122 304
123 127
123 129
123 140
123 181
123 188
123 201
123 215
123 243
123 249
123 252
123 256
123 274
123 297
123 300
123 311
124 126
124 128
124 129
124 134
124 135
124 137
124 147
124 157
124 168
124 183
124 204
124 226
124 234
124 241
124 255
124 280
124 289
124 298
124 314
125 126
125 129
125 134
125 136
125 139
125 155
125 180
125 203
125 212
125 228
125 232
125 252
125 302
126 128
126 137
126 138
126 151
126 165
126 168
126 174
126 180
126 192
126 223
126 253
126 267
126 275
126 283
126 286
126 289
126 293
126 296
126 297
126 309
126 310
127 128
127 132
127 145
127 160
127 182
127 186
127 189
127 191
127 196
127 212
127 222
127 233
127 234
127 236
127 275
127 278
128 163
128 165
128 188
128 189
128 195
128 201
128 203
128 204
128 211
128 216
128 221
128 232
128 241
128 250
128 285
128 313
129 143
129 160
129 189
129 200
129 201
129 206
129 207
129 233
129 280
129 291
131 271
132 181
132 201
132 206
133 264
133 292
133 294
134 175
134 236
134 245
134 280
134 286
134 288
134 309
135 141
135 156
135 170
135 209
135 257
135 259
136 225
136 266
137 204
137 221
137 301
138 226
138 279
139 147
139 192
139 223
139 279
140 226
140 228
141 221
141 240
141 271
141 299
142 226
142 304
144 158
144 199
144 223
144 226
144 264
144 309
145 188
145 247
146 258
147 176
147 188
147 224
147 314
148 184
148 206
149 169
150 262
150 292
151 204
152 201
153 235
153 273
155 205
155 248
156 180
157 241
157 257
157 262
157 264
158 182
158 200
158 204
158 231
159 175
159 216
159 241
160 174
160 185
160 200
160 237
160 304
162 169
162 183
162 234
163 233
163 237
163 292
165 219
165 238
165 302
166 186
166 200
166 217
166 218
166 259
167 238
168 207
168 268
168 293
168 314
169 214
169 267
170 245
172 223
172 240
173 198
174 197
174 226
174 245
174 252
174 259
175 195
175 243
177 216
180 209
180 234
180 260
180 309
181 201
181 268
181 288
181 313
182 232
182 277
182 313
183 185
183 234
183 279
183 296
183 312
184 199
185 200
186 313
187 284
187 289
189 195
189 235
190 202
191 211
191 220
192 232
193 236
193 304
194 312
195 204
195 226
197 230
198 226
199 214
200 208
200 271
201 204
201 207
201 234
201 277
201 279
201 291
201 302
202 205
203 207
203 266
203 268
203 279
203 297
204 209
204 233
204 286
204 291
204 309
205 245
206 234
206 263
206 265
206 266
206 307
207 224
207 244
207 257
207 266
207 286
208 233
208 264
209 309
210 260
210 304
212 243
213 258
213 260
214 259
214 267
215 239
215 261
216 238
216 257
217 237
217 241
217 246
217 304
217 309
218 271
219 233
219 314
220 255
220 263
220 266
221 264
221 280
221 299
221 309
223 257
223 272
224 230
224 253
225 239
225 252
225 264
226 233
226 240
226 257
226 259
226 312
228 310
230 292
230 304
232 233
232 238
232 245
232 257
232 266
232 268
232 280
232 297
232 309
233 238
233 239
233 302
234 241
234 263
234 266
234 289
234 293
235 238
235 243
235 250
236 293
236 304
237 241
237 267
237 276
237 297
238 302
240 266
240 276
244 286
246 282
247 283
247 309
249 271
253 267
254 309
255 288
255 304
258 267
266 299
268 309
269 288
272 310
275 299
276 301
276 304
278 291
279 298
279 309
285 304
298 309
302 312
302 313
