0 5
0 70
0 241
0 266
0 294
1 90
1 132
1 297
2 54
2 77
2 117
2 121
2 124
2 129
3 55
3 98
3 106
3 180
3 213
3 224
3 226
3 309
4 5
4 40
4 95
4 122
4 123
4 124
4 129
4 134
4 139
4 144
4 249
4 289
5 85
5 123
5 134
5 139
5 167
5 267
5 268
6 10
6 122
6 124
6 163
6 172
6 173
6 174
6 219
6 257
6 313
7 8
7 40
7 42
7 51
7 70
7 91
7 108
7 127
7 147
7 232
7 237
7 263
7 286
8 66
8 135
8 288
9 126
9 127
9 137
9 185
9 261
9 301
10 21
10 37
10 42
10 76
10 186
10 200
10 210
11 68
11 269
12 90
12 168
12 202
12 233
12 276
13 77
13 92
13 97
13 162
13 207
13 212
13 222
13 309
14 105
14 151
14 222
14 232
15 177
16 55
16 77
16 184
16 206
16 228
16 234
16 261
17 72
17 79
17 86
17 90
17 108
17 119
17 124
17 180
17 235
17 279
17 296
17 303
17 312
18 43
18 123
18 135
18 160
18 235
19 56
19 131
20 33
20 85
20 124
20 134
20 234
20 253
20 262
20 309
21 75
21 164
22 252
22 297
23 85
23 93
23 112
23 127
23 226
23 233
23 234
23 309
23 310
24 39
24 96
24 110
24 128
24 129
24 169
24 233
25 125
25 138
25 234
26 59
26 93
26 127
26 155
26 206
27 53
27 114
27 186
28 73
28 155
28 181
28 233
28 261
28 286
29 39
29 100
29 127
29 233
29 305
30 121
30 158
31 118
31 126
31 130
31 218
32 112
32 122
32 174
32 189
32 204
32 226
33 175
33 203
33 264
34 108
34 125
34 139
34 172
34 255
34 266
35 45
35 99
35 115
35 123
35 126
35 128
35 151
35 152
35 189
35 197
35 204
35 210
35 262
36 49
36 59
36 70
36 98
36 100
36 121
36 124
36 126
36 134
36 204
36 211
36 232
36 276
36 282
37 42
37 51
37 80
37 84
37 128
38 124
38 235
39 42
39 110
39 135
39 159
39 170
39 181
39 259
39 282
40 71
40 73
40 76
40 85
40 123
40 126
40 153
40 164
40 201
40 218
40 261
40 310
41 70
41 99
41 110
41 124
41 192
41 257
41 260
41 310
42 89
42 90
42 126
42 160
42 168
42 224
42 235
42 253
42 314
43 88
44 121
44 124
44 125
44 127
44 136
45 304
46 123
46 204
46 241
47 105
47 212
47 231
47 297
48 126
48 283
49 100
49 121
49 126
49 243
50 113
50 127
50 244
51 52
51 74
51 124
51 125
51 129
51 141
51 216
51 266
52 56
52 95
52 134
52 152
52 234
52 266
54 59
54 90
54 121
54 195
54 256
55 72
55 160
55 234
55 262
55 292
56 90
56 99
56 127
56 134
56 166
56 191
56 233
56 247
56 271
57 129
57 189
57 200
57 304
58 67
58 122
58 206
59 70
59 82
59 97
59 122
59 151
59 189
59 212
59 219
59 224
59 226
59 309
60 81
60 122
60 235
60 236
61 121
61 123
61 127
61 129
61 156
61 218
61 225
61 227
61 238
61 268
62 304
64 184
65 121
65 126
65 162
65 205
65 267
65 309
66 67
66 125
66 168
66 206
66 283
67 82
67 126
67 127
67 158
67 238
67 261
68 127
68 274
69 128
69 232
69 235
70 90
70 106
70 109
70 124
70 126
70 274
70 301
71 138
71 163
71 226
72 75
72 85
72 99
72 100
72 195
72 197
72 226
72 264
73 89
73 121
73 131
73 160
73 237
73 249
73 260
73 292
73 309
74 80
74 155
74 192
74 214
74 225
74 309
75 100
75 110
75 132
75 236
76 80
76 105
76 127
76 128
76 175
76 199
76 277
76 304
77 113
77 123
77 141
77 180
77 196
77 207
77 237
77 262
78 134
78 221
78 257
78 309
79 157
79 195
79 271
80 86
80 123
80 124
80 276
80 304
81 98
81 124
81 160
82 166
82 232
82 308
83 113
83 121
83 236
84 106
84 122
84 125
84 134
84 205
84 276
84 277
85 105
85 122
85 123
85 124
85 174
85 299
85 309
86 123
86 200
87 125
88 134
89 91
89 204
89 209
89 215
89 271
89 311
90 100
90 122
90 129
90 137
90 155
90 157
90 160
90 165
90 223
90 230
90 238
90 247
90 257
90 297
91 121
91 262
91 263
91 286
92 309
93 137
93 171
93 232
93 262
94 112
95 120
95 127
95 140
95 203
95 232
96 142
96 234
96 235
97 121
97 137
97 162
97 171
97 187
98 114
98 117
98 218
98 286
99 119
99 126
99 130
99 157
99 164
99 180
99 212
99 219
99 233
99 253
99 255
99 263
99 280
99 287
99 297
100 123
100 126
100 127
100 135
100 160
100 189
100 206
100 229
100 236
100 241
100 262
100 270
100 280
101 122
102 124
103 120
103 125
103 177
103 226
103 227
104 123
104 143
105 123
105 274
106 140
106 217
106 233
106 279
106 301
107 200
108 204
109 204
110 122
110 173
110 191
110 206
111 131
111 132
111 196
111 234
111 250
111 292
112 128
112 130
112 157
112 185
112 217
112 311
113 123
113 159
113 236
113 257
114 123
114 254
114 264
115 124
115 127
115 185
115 229
116 129
116 219
117 123
117 198
117 234
119 189
119 217
119 269
120 163
120 165
120 228
120 249
120 304
121 123
121 125
121 127
121 129
121 149
121 151
121 159
121 163
121 165
121 173
121 176
121 180
121 192
121 200
121 201
121 232
121 241
121 265
121 279
121 301
121 312
122 127
122 134
122 137
122 143
122 162
122 180
122 182
122 194
122 206
122 226
122 234
122 246
122 296
122 306
122 313
122 314
123 131
123 134
123 139
123 163
123 180
123 187
123 219
123 226
123 228
123 229
123 235
123 238
123 241
123 243
123 263
123 267
123 283
123 284
123 288
123 304
123 313
124 125
124 126
124 129
124 139
124 147
124 166
124 183
124 195
124 207
124 209
124 222
124 223
124 240
124 255
124 257
124 261
124 269
124 279
124 283
124 302
124 306
125 129
125 132
125 147
125 153
125 158
125 169
125 174
125 175
125 180
125 190
125 200
125 204
125 234
125 235
125 240
125 250
125 263
125 293
125 311
126 128
126 129
126 139
126 152
126 165
126 172
126 190
126 194
126 200
126 204
126 206
126 226
126 227
126 234
126 235
126 256
127 145
127 173
127 195
127 209
127 218
127 225
127 231
127 247
127 286
127 309
128 129
128 163
128 177
128 206
128 212
128 222
128 230
128 235
128 259
128 262
128 279
129 135
129 146
129 155
129 173
129 174
129 193
129 223
129 255
129 266
130 160
130 169
130 272
131 137
131 140
131 155
131 195
131 234
132 147
132 162
132 234
132 252
132 262
132 286
132 294
132 301
133 135
133 165
133 191
133 199
134 160
134 161
134 169
134 186
134 218
134 219
134 237
134 246
134 300
134 307
135 235
135 242
135 291
137 202
137 207
137 227
137 235
138 171
138 183
138 197
139 144
139 179
139 182
139 193
139 194
139 201
139 274
140 157
140 185
140 197
140 207
140 228
140 235
140 254
140 304
141 159
141 197
141 234
141 282
142 219
142 304
143 195
143 223
144 199
144 204
144 215
144 219
145 206
147 208
147 232
149 279
150 232
150 299
151 176
151 207
151 223
151 283
152 186
153 286
154 263
154 277
155 266
156 235
156 268
157 188
157 208
157 232
158 178
158 196
158 213
158 304
159 288
160 163
160 202
160 309
160 313
162 279
163 188
163 204
163 232
164 243
165 197
165 249
168 254
168 271
168 314
169 233
169 241
170 233
170 309
171 200
171 260
172 218
172 225
173 246
173 309
174 266
175 200
175 226
175 234
175 237
177 226
179 204
179 226
179 235
179 278
180 181
180 218
180 221
180 226
180 233
180 279
181 200
181 291
181 309
182 187
182 266
183 203
183 234
183 236
183 256
184 226
185 187
185 201
185 234
186 271
187 212
187 216
187 241
187 282
187 286
188 238
188 292
188 304
189 232
191 219
192 219
192 238
192 309
193 299
195 226
195 235
195 251
195 304
195 314
195 315
196 233
197 210
198 232
199 210
199 212
199 235
199 241
200 231
200 264
201 206
201 209
201 219
201 232
201 267
201 288
201 308
202 232
202 246
202 257
202 292
204 212
204 217
204 224
204 226
204 232
204 236
204 246
204 277
204 296
204 299
205 219
207 211
207 217
210 219
210 313
211 309
212 223
212 285
213 261
215 266
216 234
216 288
217 280
217 293
218 240
218 264
218 271
218 288
218 298
218 304
219 252
219 253
219 255
219 288
219 309
220 226
220 236
221 232
221 268
221 279
221 309
223 238
223 279
223 294
224 250
225 239
226 234
226 251
226 261
226 266
226 280
226 304
227 261
228 232
228 275
228 304
230 264
231 249
232 233
232 263
232 301
232 309
233 251
233 254
233 266
233 269
233 309
234 236
234 259
234 274
234 309
234 312
235 251
235 257
235 299
235 311
236 240
237 307
237 308
238 243
238 267
239 246
239 286
240 264
240 279
240 290
241 314
243 267
243 295
244 304
245 291
246 309
246 313
247 271
247 278
247 291
252 276
252 280
252 301
253 273
258 286
259 266
261 285
263 276
263 309
265 309
266 286
266 298
267 268
270 273
276 291
277 292
279 300
279 309
279 313
289 309
290 297
292 295
292 299
292 311
297 309
300 304
