0 17
0 49
0 139
0 252
1 55
1 268
2 17
2 19
2 40
2 85
2 223
2 292
2 304
2 309
2 313
3 79
3 123
3 202
3 204
3 206
3 239
3 313
4 20
4 53
4 55
4 123
4 163
4 246
5 7
5 15
5 20
5 36
5 40
5 42
5 72
5 92
5 123
5 125
5 128
5 129
5 135
5 149
5 158
5 168
5 188
5 189
5 197
5 228
5 235
5 309
6 25
6 126
6 173
6 218
7 28
7 36
7 59
7 121
7 126
7 162
7 166
7 186
7 226
7 231
7 233
7 235
7 250
7 263
7 304
8 42
8 276
9 105
9 117
9 129
10 36
10 39
10 40
10 89
10 106
10 160
10 185
10 199
10 235
10 265
10 291
11 54
11 140
12 81
12 103
12 201
12 309
13 41
13 94
13 103
13 111
13 204
13 231
13 255
13 266
13 310
14 52
14 73
14 84
14 140
14 241
16 95
16 125
16 138
16 226
17 80
17 99
17 121
17 127
17 162
17 189
17 204
17 274
17 307
18 38
18 124
18 129
18 169
18 195
18 235
19 100
19 247
20 36
20 103
20 292
21 101
21 134
22 86
22 103
22 111
22 156
22 168
22 265
22 280
23 89
23 112
23 216
23 309
24 42
24 66
24 82
24 125
24 154
24 195
24 220
24 234
24 238
25 125
26 72
26 125
26 139
26 191
26 252
27 90
27 124
27 127
27 207
27 230
28 99
28 129
28 176
28 216
29 96
29 100
29 111
29 126
29 155
29 232
30 216
30 259
31 99
31 125
31 172
31 292
32 65
32 125
32 137
32 147
32 174
32 231
32 232
32 247
32 299
32 304
32 312
33 85
33 128
33 145
33 160
33 203
33 244
34 81
34 123
34 125
34 129
34 216
34 224
35 37
35 49
35 52
35 123
35 126
35 127
35 132
35 144
35 166
35 210
35 216
35 219
35 247
36 118
36 123
36 153
36 174
36 180
36 216
36 228
36 313
37 124
37 234
37 235
37 247
37 258
38 41
38 55
38 76
38 78
38 111
38 309
39 144
39 174
39 227
39 268
40 67
40 84
40 98
40 103
40 122
40 123
40 125
40 129
40 140
40 162
40 174
40 175
40 190
40 252
40 253
40 259
40 279
40 286
41 55
41 143
41 250
41 251
41 263
41 287
42 81
42 90
42 106
42 122
42 125
42 129
42 168
42 245
42 268
42 309
43 124
43 127
43 240
44 66
44 97
44 126
44 165
45 235
46 77
46 90
46 210
46 262
46 268
47 125
47 168
47 309
49 76
49 77
49 154
49 166
49 200
49 241
49 283
49 299
49 313
50 71
50 93
50 99
51 77
51 89
51 117
51 121
51 204
51 207
51 209
51 233
51 238
51 252
51 255
51 306
52 59
52 91
52 119
52 127
52 143
52 160
52 232
52 241
52 260
52 304
53 180
53 278
54 62
54 119
54 124
54 125
54 142
54 159
54 180
54 214
54 237
54 274
55 56
55 99
55 104
55 192
55 206
56 61
56 85
56 90
56 122
56 139
56 265
57 80
57 123
57 124
57 125
57 221
59 75
59 145
59 155
59 259
60 71
60 126
60 233
61 77
61 134
61 226
61 246
61 288
62 64
62 122
62 124
62 257
62 259
62 287
63 189
63 202
63 216
64 99
64 107
64 158
64 266
65 204
65 231
65 273
65 291
66 116
66 177
66 279
66 305
67 77
67 79
67 143
67 168
67 247
68 123
68 200
68 279
69 75
69 103
69 231
70 105
70 122
70 125
70 207
70 220
70 234
71 123
71 174
71 187
71 302
73 90
73 126
73 128
73 157
74 133
75 76
75 90
75 133
75 153
75 160
75 161
75 163
75 173
75 241
75 286
76 90
76 91
76 102
76 112
76 123
76 125
76 126
76 129
76 150
76 163
76 220
76 234
76 235
76 241
76 269
76 300
76 304
77 80
77 88
77 95
77 99
77 122
77 128
77 131
77 139
77 212
77 217
77 221
77 239
77 241
77 266
77 267
77 295
79 120
79 174
80 100
80 121
80 126
80 129
80 148
80 153
80 194
80 237
81 82
81 160
82 233
82 263
83 100
83 128
83 143
84 135
84 170
84 201
84 235
84 285
85 106
85 134
85 169
85 201
85 209
85 266
85 286
86 124
86 166
86 186
86 208
87 266
87 285
88 103
88 212
88 302
89 121
89 168
89 192
89 207
89 241
89 257
89 274
90 100
90 117
90 125
90 135
90 143
90 144
90 157
90 158
90 168
90 237
90 245
90 267
90 268
90 274
90 288
91 117
91 194
91 283
92 236
92 272
93 152
93 233
94 144
95 103
95 110
95 125
95 127
95 252
95 285
95 304
96 100
96 125
96 188
96 313
97 114
97 278
98 122
98 126
98 162
98 223
98 294
99 101
99 106
99 123
99 125
99 126
99 127
99 129
99 134
99 158
99 173
99 193
99 233
99 240
99 241
99 267
99 286
100 129
100 132
100 139
100 159
100 167
100 174
100 195
100 202
100 209
100 219
100 233
100 257
100 261
100 283
100 293
100 312
101 168
102 206
103 127
103 140
103 171
103 226
103 253
104 105
104 123
104 159
104 185
104 189
104 222
104 257
105 128
105 143
105 207
105 219
106 125
106 126
106 199
106 220
106 232
106 288
106 309
107 188
107 279
108 115
108 124
108 131
108 163
108 209
108 216
108 223
108 265
108 286
109 195
109 217
109 273
109 304
110 157
110 159
110 195
110 232
110 246
110 265
110 309
111 113
111 142
111 233
111 236
111 246
112 122
112 127
112 249
114 123
114 165
114 233
115 126
115 167
115 224
115 235
116 175
117 212
117 266
117 289
117 294
117 307
117 313
119 128
119 314
120 233
120 234
120 259
120 266
121 123
121 125
121 126
121 128
121 142
121 152
121 155
121 163
121 189
121 217
121 232
121 233
121 234
121 243
121 252
121 253
121 261
121 262
121 266
121 267
121 271
121 298
121 311
122 139
122 163
122 182
122 195
122 205
122 226
122 231
122 233
122 245
122 266
122 268
122 286
123 125
123 155
123 174
123 181
123 198
123 200
123 203
123 211
123 214
123 233
123 235
123 236
123 259
123 265
123 266
123 278
124 128
124 139
124 141
124 156
124 159
124 162
124 178
124 180
124 181
124 182
124 185
124 189
124 217
124 225
124 226
124 232
124 241
124 247
124 248
124 249
124 267
124 268
124 308
125 128
125 147
125 168
125 189
125 204
125 218
125 221
125 226
125 241
125 243
125 247
125 253
125 255
125 259
125 262
125 273
125 308
126 128
126 131
126 132
126 134
126 159
126 192
126 220
126 238
126 249
126 265
126 284
126 291
126 315
127 131
127 140
127 157
127 186
127 208
127 226
127 234
127 241
127 261
127 280
127 294
127 309
128 129
128 133
128 135
128 143
128 159
128 160
128 173
128 179
128 210
128 219
128 231
128 234
128 238
128 264
128 271
128 304
129 132
129 137
129 160
129 193
129 197
129 224
129 233
129 254
129 271
129 272
129 280
129 299
129 302
129 310
130 134
130 164
130 226
131 166
131 189
131 257
131 267
132 150
132 160
132 187
132 221
132 238
133 221
133 238
133 243
134 137
134 217
134 218
134 223
134 239
134 241
134 267
134 293
135 156
135 178
135 186
135 202
135 235
135 277
136 200
137 155
137 173
137 207
138 161
138 222
139 168
139 219
139 261
139 304
139 305
140 179
140 194
140 198
140 205
140 226
140 268
141 200
141 255
142 311
143 166
143 172
143 183
143 193
143 223
143 226
143 279
143 297
143 309
144 162
144 225
144 235
144 277
145 234
145 246
147 182
147 192
147 213
148 173
148 266
148 309
149 160
149 186
149 199
149 271
151 218
151 239
152 153
153 200
153 204
153 225
153 267
153 309
154 162
154 169
155 186
155 224
155 246
155 270
155 304
155 313
156 169
156 174
157 192
157 251
158 168
158 224
158 232
158 274
159 171
159 177
160 164
160 166
160 199
160 202
160 203
160 215
160 223
160 235
160 261
161 183
161 188
161 292
162 202
162 219
162 247
163 180
163 227
163 262
163 273
163 278
164 294
166 210
166 219
166 233
166 264
166 288
167 252
168 195
169 190
169 220
169 279
169 286
170 279
172 210
172 214
172 232
173 264
174 201
174 206
175 224
176 179
176 309
177 204
178 192
178 208
178 231
178 239
180 208
180 234
180 288
181 235
181 277
182 303
182 309
183 185
183 194
183 223
183 232
183 269
183 304
184 246
184 272
185 235
186 264
187 195
187 266
187 304
188 192
188 234
188 284
189 204
189 299
192 201
193 305
193 313
194 232
195 286
196 220
196 252
199 226
200 210
201 226
201 263
201 288
203 209
203 214
203 218
203 232
204 219
204 304
205 223
206 286
207 209
207 215
207 218
207 307
208 252
210 279
210 298
212 219
212 234
212 266
212 309
212 313
216 310
217 226
217 246
219 235
219 262
221 260
223 233
223 312
224 239
224 246
224 257
224 279
226 250
226 255
226 261
226 269
226 304
226 309
227 233
227 280
227 304
228 233
229 235
230 278
231 252
231 259
232 249
232 250
232 262
232 266
232 267
232 273
232 279
232 292
232 308
233 246
233 290
233 295
234 278
235 253
235 258
235 266
235 286
235 304
236 266
237 248
237 265
238 291
239 249
240 259
240 276
240 284
241 255
241 284
241 310
243 266
243 267
247 283
249 282
252 255
252 274
253 305
255 261
255 286
257 279
257 307
259 263
259 308
260 291
260 305
267 286
268 279
271 286
271 313
273 284
274 279
275 309
276 312
280 304
288 292
291 313
293 309
309 312
