0 76
0 84
0 119
0 232
0 253
1 103
1 235
1 257
1 266
1 293
2 3
2 29
2 68
2 121
2 122
2 125
2 129
2 131
2 148
2 226
2 257
2 262
3 24
3 35
3 123
3 126
3 186
3 196
3 272
3 299
4 23
4 35
4 54
4 97
4 107
4 108
4 123
4 155
4 178
4 191
4 192
4 218
4 220
4 232
4 257
4 273
5 13
5 20
5 21
5 77
5 85
5 109
5 112
5 125
5 126
5 134
5 149
5 207
5 212
5 253
5 267
5 273
5 278
5 309
5 315
6 104
6 105
6 108
6 123
6 137
6 148
7 9
7 20
7 32
7 40
7 52
7 85
7 111
7 121
7 125
7 139
7 159
7 224
7 226
7 230
7 298
7 309
7 314
8 32
8 120
8 125
8 205
8 252
8 286
9 16
9 39
9 66
9 111
9 153
9 160
9 188
9 241
10 24
10 61
10 125
10 127
10 154
10 157
10 211
10 226
10 234
11 232
11 302
12 99
12 197
12 302
13 163
13 191
13 204
13 219
13 233
13 259
14 22
14 61
14 66
14 90
14 105
14 106
14 134
14 195
14 259
15 129
15 204
15 243
15 263
16 41
16 119
16 122
16 135
16 248
17 77
17 121
17 124
17 165
17 184
17 199
17 232
17 234
17 280
17 299
17 309
18 59
18 123
18 125
18 133
18 180
18 232
18 259
18 264
18 266
19 48
19 76
19 214
20 71
20 139
20 219
20 232
20 279
21 27
21 156
21 234
22 125
22 128
22 143
22 213
22 226
22 301
23 106
23 205
23 234
23 237
23 246
23 314
24 35
24 129
24 199
24 273
25 220
25 234
26 143
26 160
26 241
27 76
28 75
28 100
28 197
28 219
28 246
29 76
29 107
29 123
29 128
29 147
29 226
29 235
29 259
29 260
30 123
31 72
31 156
31 233
31 291
31 304
32 104
32 121
32 134
32 158
32 160
32 169
32 226
32 236
32 253
32 274
33 67
34 110
34 175
34 195
34 262
34 273
34 299
35 39
35 77
35 86
35 94
35 111
35 121
35 122
35 125
35 200
35 208
35 215
35 229
35 233
35 238
35 241
35 245
35 246
35 271
36 110
36 123
36 175
36 202
36 217
36 234
36 241
36 266
36 280
37 129
37 132
37 167
37 188
37 201
37 216
37 233
37 240
38 51
38 126
38 135
38 201
39 56
39 78
39 123
39 134
39 165
39 204
39 226
40 124
40 135
40 140
40 155
40 189
40 211
40 232
40 267
41 47
41 61
41 66
41 72
41 125
41 188
41 195
41 232
42 77
42 89
42 127
42 153
42 233
42 263
42 279
42 286
43 71
43 174
44 76
44 99
45 115
46 125
46 182
46 260
47 72
47 234
47 266
48 104
48 112
49 128
49 144
49 166
49 232
49 262
49 271
49 309
50 175
50 235
51 123
51 152
51 196
51 201
51 206
51 285
52 71
52 77
52 78
52 100
52 151
52 263
52 291
52 292
52 309
53 124
53 126
53 221
54 57
54 117
54 128
54 157
54 192
54 202
54 219
54 222
54 246
54 259
54 279
55 100
55 125
55 144
55 292
56 98
56 128
56 158
56 198
57 101
57 246
57 264
57 292
58 76
58 202
59 79
59 89
59 99
59 123
59 196
59 202
59 230
59 262
60 183
60 204
61 72
61 91
61 119
61 262
61 266
62 100
62 129
62 193
62 246
62 259
63 100
63 160
63 218
64 100
64 223
64 234
65 104
65 138
65 302
66 124
66 138
66 141
66 204
66 205
66 232
66 239
66 252
66 296
67 123
67 142
67 158
67 288
68 156
68 241
69 74
69 202
69 278
69 281
70 73
70 87
70 181
71 138
71 220
72 77
72 81
72 99
72 141
72 234
72 314
73 86
73 99
73 116
73 121
73 126
73 143
73 163
73 218
73 223
73 232
73 247
73 261
74 90
74 99
74 123
74 155
75 121
75 124
75 126
75 129
75 135
75 143
75 180
75 206
75 247
75 276
75 277
76 123
76 128
76 144
76 160
76 168
76 195
76 205
76 217
76 226
76 236
76 265
76 298
76 309
77 121
77 123
77 168
77 169
77 174
77 219
77 231
77 263
78 170
78 257
79 226
79 241
79 255
80 186
80 210
80 235
80 292
81 162
81 264
82 125
82 173
82 193
82 233
82 277
83 166
83 168
84 114
84 123
84 129
84 166
84 180
84 186
84 236
84 246
85 127
85 136
85 167
85 193
85 202
85 234
85 265
86 123
86 199
86 216
86 233
86 243
86 267
87 122
87 160
87 207
87 225
87 259
88 130
88 252
89 99
89 124
89 128
89 131
89 161
89 163
89 185
89 191
89 214
89 236
89 270
90 111
90 126
90 127
90 128
90 180
90 209
90 216
90 222
90 235
90 308
91 183
91 197
92 124
92 263
93 100
93 110
93 186
93 253
93 273
94 226
95 129
95 171
95 180
95 203
95 212
95 246
95 269
95 296
96 175
96 236
96 247
96 261
97 111
97 123
97 153
97 180
97 208
97 286
98 122
98 123
98 219
98 223
98 311
99 100
99 145
99 168
99 189
99 204
99 208
99 223
99 233
99 235
100 122
100 126
100 169
100 181
100 207
100 214
100 224
100 241
100 249
100 255
100 269
100 271
100 276
100 289
101 103
101 117
101 134
101 177
101 219
101 241
101 292
102 123
102 128
102 151
102 154
102 192
103 108
103 125
103 239
103 246
104 124
104 235
104 250
105 124
105 129
105 193
105 200
105 231
106 111
106 126
106 163
106 173
106 223
106 228
106 232
106 242
106 246
106 304
107 261
107 304
108 140
108 233
109 124
110 113
110 127
110 131
110 288
111 124
111 126
111 127
111 160
111 183
111 208
111 218
111 228
111 232
111 236
111 294
112 123
112 144
112 199
112 221
113 122
113 238
114 160
115 135
115 148
115 185
115 214
115 257
115 297
116 207
116 219
116 264
117 121
117 151
117 175
117 195
117 241
117 257
117 259
117 299
119 121
119 124
119 155
119 236
119 268
120 127
120 134
120 152
121 122
121 124
121 130
121 132
121 133
121 137
121 142
121 143
121 150
121 152
121 153
121 164
121 168
121 174
121 183
121 189
121 193
121 195
121 199
121 206
121 225
121 231
121 234
121 236
121 266
121 305
121 309
122 124
122 130
122 141
122 191
122 195
122 210
122 219
122 221
122 232
122 234
122 235
122 264
122 267
122 280
122 283
122 309
123 128
123 129
123 144
123 181
123 207
123 218
123 230
123 232
123 233
123 255
123 267
123 285
123 292
124 125
124 127
124 144
124 165
124 205
124 209
124 219
124 223
124 226
124 233
124 246
124 253
124 255
124 264
124 271
124 274
124 308
125 129
125 140
125 141
125 185
125 202
125 206
125 223
125 232
125 238
125 243
125 246
125 253
125 264
125 285
125 286
125 298
126 127
126 163
126 207
126 227
126 233
126 235
126 238
126 243
126 246
126 266
126 278
126 280
126 304
127 128
127 135
127 145
127 165
127 175
127 176
127 181
127 183
127 191
127 193
127 199
127 223
127 232
127 233
127 235
127 264
127 266
127 268
127 274
128 129
128 145
128 163
128 189
128 232
128 235
128 252
128 264
128 268
128 276
128 289
128 293
128 310
129 136
129 141
129 186
129 188
129 227
129 232
129 234
129 235
129 244
129 313
130 168
130 193
130 260
131 173
131 280
131 309
132 286
132 288
132 298
133 265
134 139
134 197
134 266
134 275
134 304
134 308
135 147
135 171
135 248
135 265
135 293
136 239
137 224
137 226
137 262
137 291
138 175
139 162
139 249
139 278
139 309
140 191
140 238
140 289
140 304
140 305
140 307
140 309
141 206
141 220
141 221
141 233
141 234
142 182
142 279
143 271
143 292
144 234
145 262
145 271
146 228
146 256
147 168
147 173
147 219
147 249
149 263
151 200
151 235
153 247
155 180
155 274
155 286
155 314
156 279
157 235
157 283
157 304
158 205
158 206
158 219
158 266
158 282
160 185
160 195
160 232
160 236
160 256
160 261
161 251
162 171
162 198
162 207
162 222
162 267
162 297
163 188
163 219
163 263
165 174
165 271
165 292
166 207
166 226
166 232
166 301
166 304
167 304
168 187
168 204
168 206
168 311
169 187
169 189
169 195
169 218
169 241
169 259
169 271
169 280
170 197
170 203
170 220
170 232
171 204
171 234
172 283
173 187
173 217
173 259
174 259
174 290
174 293
175 194
175 224
175 287
176 184
176 189
176 288
177 220
180 185
180 192
180 252
180 264
180 290
181 182
182 278
182 304
183 236
184 260
185 218
185 235
185 292
187 226
187 246
189 235
189 266
190 228
191 226
191 235
191 236
191 273
191 283
191 301
195 201
195 223
195 226
196 206
197 280
198 235
199 200
199 234
201 209
201 258
201 286
201 304
201 309
202 233
202 252
202 279
202 286
203 235
204 206
204 222
204 232
204 233
204 235
204 266
204 267
204 268
204 279
204 308
205 266
205 274
205 304
206 234
206 240
206 314
207 232
208 266
208 275
209 259
210 295
211 276
213 304
216 279
216 289
217 227
217 232
217 283
217 299
219 309
219 313
220 233
221 273
221 309
221 312
223 234
223 247
223 304
224 226
226 262
226 267
226 274
226 305
228 235
228 241
228 287
231 309
232 233
232 240
232 253
232 274
232 284
232 287
232 314
233 235
233 237
233 243
233 293
233 294
233 310
234 235
234 252
234 266
234 291
234 302
234 312
236 237
237 255
237 312
238 261
238 266
239 240
240 306
241 271
241 276
241 302
242 284
243 292
245 246
245 304
246 264
247 263
255 280
262 304
266 275
266 280
266 297
267 303
268 291
271 303
274 306
274 314
280 293
281 298
283 304
284 298
288 290
288 313
293 298
299 309
302 311
304 309
309 313
