0 55
0 125
0 127
0 151
1 17
1 90
1 135
1 253
1 292
2 68
2 120
2 121
2 160
2 173
2 181
2 183
2 219
2 233
2 284
2 286
3 70
3 90
3 107
3 121
3 127
3 292
3 306
4 125
4 150
4 235
4 236
4 261
4 264
5 36
5 47
5 76
5 83
5 112
5 122
5 124
5 189
5 199
5 256
6 32
6 34
6 118
6 125
6 143
6 173
6 180
6 191
6 200
6 206
6 229
6 254
6 260
6 264
6 276
6 306
7 14
7 55
7 58
7 73
7 77
7 88
7 120
7 123
7 126
7 135
7 168
7 173
7 226
7 231
7 243
7 249
7 259
7 266
7 271
7 278
8 90
8 122
8 190
8 218
9 114
9 131
9 152
9 170
9 235
9 238
9 299
10 64
10 66
10 78
10 97
10 100
10 101
10 121
10 195
10 216
10 227
11 202
12 75
12 100
12 123
12 180
12 217
12 261
12 279
13 18
13 67
13 68
13 99
13 147
13 233
13 309
14 35
14 55
14 100
14 121
14 191
15 24
15 234
16 57
16 59
16 80
16 127
16 128
16 226
16 264
16 272
17 22
17 65
17 105
17 123
17 125
17 155
17 180
17 203
17 226
17 261
17 303
18 118
18 145
19 30
19 76
19 117
19 232
19 246
19 306
20 36
20 90
20 138
20 140
20 160
20 215
20 234
20 253
21 133
21 167
21 223
22 27
22 28
22 35
22 57
22 100
22 108
22 131
22 217
22 308
23 58
23 121
23 122
23 124
23 126
23 152
23 161
23 203
23 226
24 29
24 72
24 120
24 211
24 289
25 43
26 100
26 204
26 233
26 234
26 246
26 252
27 61
27 112
27 122
27 195
27 309
28 115
28 127
28 204
28 231
28 239
29 100
29 123
29 140
29 158
29 210
29 215
29 235
29 284
30 41
30 204
31 188
31 266
32 88
32 90
32 100
32 176
32 209
32 265
32 266
33 35
33 37
33 99
33 123
33 126
33 127
34 51
34 98
34 117
34 190
34 246
34 259
35 126
35 128
35 133
35 134
35 152
35 156
35 162
35 163
35 166
35 189
35 204
35 211
35 222
35 234
35 252
36 40
36 61
36 75
36 117
36 129
36 268
37 61
37 79
37 216
37 253
37 281
38 59
38 127
38 131
38 145
38 226
38 238
39 52
39 124
39 126
39 233
39 234
39 243
39 309
40 181
40 183
40 186
40 207
40 210
41 99
41 104
41 113
41 131
41 183
41 222
42 54
42 75
42 81
42 114
42 119
42 204
42 212
42 232
42 238
42 266
42 271
43 139
43 174
43 206
43 233
44 62
44 84
44 112
44 134
44 218
44 234
44 268
45 235
47 85
47 166
47 259
48 204
48 254
49 123
49 152
49 165
49 226
49 234
49 241
50 85
50 111
50 224
51 83
51 122
51 125
51 182
52 57
52 100
52 104
52 124
52 128
52 160
52 199
52 216
52 233
52 262
52 272
52 278
52 288
52 292
53 90
53 138
53 234
54 81
54 84
54 95
54 100
54 103
54 124
54 187
54 236
55 117
55 126
55 156
55 176
55 266
55 280
56 71
56 207
56 219
57 85
57 106
57 110
59 75
59 82
59 122
59 125
59 150
59 200
59 209
59 218
59 234
59 241
59 292
60 110
60 219
62 207
62 290
63 140
63 309
64 169
64 198
64 226
65 149
65 206
66 87
66 127
66 134
66 220
66 233
66 238
67 93
67 127
67 129
67 156
67 203
67 235
67 267
68 288
68 309
69 75
69 227
70 82
70 99
70 124
70 259
70 279
71 123
72 121
72 204
73 112
73 125
73 180
73 195
73 236
74 155
74 178
74 199
75 90
75 101
75 128
75 148
75 179
75 183
75 235
75 246
75 277
75 309
76 93
76 95
76 123
76 126
76 127
76 131
76 193
76 233
76 266
76 291
77 96
77 100
77 108
77 126
77 143
77 220
77 235
77 236
77 271
77 279
77 290
77 301
78 91
78 124
78 235
79 232
79 288
80 121
80 129
80 223
80 235
81 97
81 129
81 150
81 189
81 238
81 247
81 274
82 85
82 277
82 286
83 93
83 99
83 157
83 173
84 121
84 122
84 126
84 147
84 233
84 243
85 90
85 97
85 121
85 177
85 197
85 262
85 288
86 110
87 112
87 165
87 312
88 125
88 171
88 212
89 94
89 106
89 123
89 217
89 309
90 100
90 112
90 122
90 123
90 132
90 180
90 182
90 222
90 228
90 232
90 246
90 257
90 299
91 195
91 212
91 236
92 99
92 124
92 129
92 232
92 248
92 265
93 100
93 233
93 262
95 127
95 130
95 140
95 183
95 217
95 275
96 122
96 235
96 304
97 100
97 160
97 246
97 286
98 126
98 138
99 122
99 123
99 125
99 171
99 174
99 185
99 189
99 192
99 206
99 217
99 246
99 266
99 271
99 309
100 104
100 117
100 121
100 124
100 125
100 126
100 142
100 170
100 173
100 189
100 221
100 232
100 235
100 246
100 288
100 307
102 227
102 258
103 113
103 122
103 139
103 168
103 201
103 235
103 278
104 130
104 245
104 267
104 268
105 127
105 128
105 168
105 169
105 219
105 309
106 110
106 125
106 141
106 149
106 169
106 186
106 221
106 225
106 233
106 292
107 119
107 125
107 201
107 223
107 235
108 128
108 144
108 218
108 273
109 233
110 124
110 125
110 134
110 266
110 280
110 299
111 113
111 117
111 121
111 122
111 123
111 124
111 125
111 137
111 187
111 226
111 298
112 209
112 241
113 124
113 172
113 240
114 123
114 151
115 144
115 159
115 285
116 151
116 168
116 274
117 147
117 151
117 241
117 266
117 312
118 173
118 234
119 231
119 286
120 122
120 143
121 123
121 124
121 134
121 139
121 161
121 168
121 178
121 182
121 198
121 215
121 219
121 231
121 234
121 236
121 275
121 292
121 304
121 313
122 123
122 128
122 132
122 134
122 152
122 157
122 160
122 195
122 212
122 215
122 219
122 222
122 232
122 235
122 236
122 237
122 240
122 242
122 272
122 277
123 124
123 126
123 127
123 147
123 189
123 211
123 225
123 233
123 265
123 267
123 279
123 302
124 125
124 128
124 129
124 153
124 162
124 163
124 180
124 182
124 188
124 193
124 200
124 219
124 226
124 241
124 243
124 253
124 262
124 274
124 288
124 305
124 312
125 127
125 128
125 154
125 160
125 217
125 223
125 247
125 277
125 284
126 128
126 168
126 183
126 204
126 232
126 233
126 266
126 280
127 135
127 160
127 165
127 168
127 183
127 188
127 189
127 204
127 209
127 218
127 221
127 227
127 232
127 233
127 235
127 255
127 257
127 279
127 295
127 296
127 305
128 129
128 151
128 187
128 191
128 207
128 233
128 236
128 263
128 268
128 280
128 297
128 309
129 138
129 156
129 162
129 168
129 182
129 185
129 220
129 232
129 233
129 238
129 266
129 268
129 279
129 290
129 298
129 309
130 207
130 236
131 134
132 200
132 226
132 275
132 304
133 192
133 199
133 237
134 135
134 141
134 142
134 163
134 171
134 232
134 234
134 260
134 309
135 146
135 157
135 166
135 170
135 221
135 288
135 293
137 170
138 160
138 162
138 165
138 179
138 219
138 304
139 155
139 212
139 285
140 154
140 201
140 216
140 304
141 166
141 231
141 280
142 197
143 145
143 183
143 202
143 235
143 292
144 158
144 169
144 174
144 215
144 246
145 297
145 309
146 183
146 226
148 253
149 172
149 201
149 226
149 254
149 314
150 235
150 267
151 195
151 215
152 218
152 233
152 284
152 304
153 175
153 201
153 279
155 162
155 229
155 253
155 280
155 313
156 210
156 261
157 181
157 291
158 203
158 205
158 230
158 249
158 304
159 239
160 165
160 193
160 209
160 217
160 258
160 264
162 217
162 235
162 236
162 246
163 164
163 217
163 235
163 246
163 267
164 288
165 173
165 223
165 314
166 250
167 217
168 186
168 264
169 226
169 309
170 192
173 196
173 201
173 238
173 243
173 308
174 266
174 275
174 304
176 207
176 233
177 178
177 195
177 278
177 282
177 312
178 264
178 266
180 195
180 212
180 223
180 245
180 247
181 226
181 269
182 189
182 190
183 253
184 301
185 277
186 304
187 241
188 196
188 233
188 309
189 233
190 310
192 243
193 233
193 235
193 249
194 286
195 223
195 234
195 238
195 243
195 306
196 197
197 216
197 233
198 204
199 292
200 201
200 214
201 259
201 261
202 220
202 231
202 266
202 291
203 225
204 208
204 212
204 219
204 241
204 272
204 305
204 308
206 228
206 232
206 241
206 261
206 285
207 246
207 275
208 227
208 235
208 279
209 237
209 291
210 228
210 247
210 297
212 253
213 226
214 223
214 253
215 308
216 245
217 233
218 235
218 245
219 221
219 222
219 239
220 281
220 299
220 305
221 235
221 309
222 226
223 232
223 255
224 235
224 260
224 297
225 284
226 267
226 292
227 235
227 265
228 274
228 283
228 309
228 314
231 272
231 298
232 235
232 247
232 252
232 259
232 264
232 265
232 273
233 253
233 289
233 301
234 274
234 280
234 294
234 309
235 244
235 245
235 272
235 279
236 237
236 243
236 266
238 254
240 314
241 266
241 290
241 309
247 249
247 265
247 279
250 304
251 289
252 288
253 279
255 259
256 260
257 264
259 275
259 286
260 275
264 276
265 309
266 304
269 286
271 310
276 314
279 288
305 314
309 312
309 313
