0 12
1 47
1 77
1 125
1 257
2 5
2 101
2 122
2 127
2 201
2 215
2 219
2 233
2 234
2 241
2 264
2 309
3 70
3 101
3 122
3 231
3 309
4 5
4 17
4 67
4 89
4 100
4 123
4 138
4 180
4 185
4 189
4 193
4 225
4 259
4 267
5 23
5 36
5 73
5 80
5 95
5 122
5 128
5 130
5 147
5 158
5 163
5 180
5 201
5 204
5 219
5 234
5 298
6 13
6 16
6 95
6 166
6 175
6 208
6 230
6 235
6 241
6 288
7 35
7 66
7 84
7 121
7 123
7 160
7 165
7 181
7 216
7 233
7 266
7 276
8 125
9 114
9 124
9 134
10 55
10 98
10 144
10 147
10 155
10 185
10 211
10 267
10 279
11 117
11 123
11 128
11 173
11 193
11 234
12 36
12 42
12 59
12 67
12 113
12 121
12 159
12 233
12 235
12 286
13 57
13 120
13 123
13 134
13 138
13 174
13 309
14 21
14 61
14 226
14 232
14 261
15 53
15 99
15 138
15 153
15 219
15 256
15 263
16 76
16 99
16 132
16 144
16 197
16 237
16 264
17 20
17 29
17 40
17 67
17 99
17 131
17 171
17 183
17 187
17 189
17 226
17 267
18 48
18 99
18 309
18 313
18 314
19 55
19 79
19 144
19 214
19 249
19 253
20 69
20 122
20 174
20 219
20 233
20 249
20 255
21 95
22 105
22 162
22 202
23 50
23 99
23 105
23 112
23 117
23 123
23 127
23 183
23 233
23 305
24 73
24 121
24 162
24 183
24 198
24 292
25 165
25 233
25 236
26 102
26 124
27 127
28 206
28 232
28 236
28 277
28 304
29 69
29 97
29 98
29 123
29 180
29 188
29 203
29 254
29 274
30 91
31 41
31 99
31 304
32 121
32 144
32 167
32 201
32 235
32 309
33 85
33 125
33 150
33 185
34 40
34 59
34 163
34 185
34 229
34 259
35 60
35 66
35 81
35 96
35 108
35 122
35 128
35 137
35 143
35 151
35 159
35 160
35 174
35 204
35 232
35 246
35 250
35 314
36 46
36 85
36 119
36 137
36 144
36 151
36 204
36 222
36 226
36 309
37 56
37 60
37 93
37 106
37 124
37 158
37 203
37 267
37 313
38 39
38 67
38 179
38 218
38 229
39 77
39 105
39 173
39 237
39 270
39 272
40 66
40 192
40 232
40 243
40 276
41 111
41 173
41 195
41 233
42 124
42 172
42 183
42 193
42 208
42 246
42 249
42 268
43 44
43 112
43 160
43 195
43 235
44 87
44 163
44 232
45 124
46 212
47 76
47 121
48 215
48 226
49 81
49 140
49 144
49 174
49 226
49 237
49 257
49 264
50 189
50 264
51 96
51 173
52 160
52 216
52 276
52 279
53 93
53 186
54 121
54 207
54 275
55 117
55 159
55 189
55 202
55 204
55 206
55 251
56 103
56 126
56 202
57 188
57 226
57 238
58 123
58 129
58 164
58 193
59 72
59 110
59 113
59 128
59 222
59 233
59 235
59 266
59 267
59 304
60 100
60 313
61 131
61 134
62 141
62 158
62 176
64 103
64 313
65 134
65 231
65 235
65 309
65 312
66 122
66 123
66 217
66 258
66 260
67 77
67 100
67 105
67 123
67 125
67 166
67 169
67 223
68 70
68 277
69 180
70 227
70 233
71 76
71 151
71 233
71 234
71 271
72 160
72 250
72 269
73 107
73 110
73 111
73 125
73 128
73 272
74 122
74 135
74 171
74 176
74 197
74 257
75 98
75 99
75 121
75 180
75 197
75 226
75 234
75 247
75 293
76 81
76 97
76 122
76 123
76 171
76 180
76 223
76 257
76 284
76 285
77 80
77 99
77 112
77 127
77 130
77 132
77 135
77 139
77 180
77 197
77 214
77 223
77 232
77 235
77 255
77 257
77 266
77 273
77 293
78 129
78 233
78 234
78 278
79 130
79 135
79 180
79 215
80 107
80 128
80 199
80 219
80 220
80 232
80 235
80 236
80 315
81 172
81 177
81 232
81 266
82 181
83 121
83 229
83 264
83 288
83 311
84 122
84 168
84 203
84 234
85 100
85 124
85 125
85 133
85 139
85 235
85 259
85 273
85 274
85 296
86 115
86 141
86 170
86 198
86 208
86 314
87 126
87 127
87 237
88 100
88 239
89 125
89 126
89 192
89 225
89 226
89 258
90 122
90 152
90 195
90 204
90 215
90 218
90 235
90 254
91 95
91 187
91 206
91 209
91 226
91 245
92 174
92 261
92 278
93 123
93 125
93 173
93 260
95 123
95 125
95 133
95 204
95 219
95 229
96 106
96 124
96 127
96 230
96 247
97 112
97 120
98 122
98 124
98 162
98 222
98 227
98 238
98 280
99 100
99 105
99 121
99 123
99 126
99 127
99 128
99 147
99 162
99 202
99 222
99 226
99 255
99 259
99 270
99 297
99 299
100 104
100 160
100 237
100 244
102 127
102 142
102 177
102 185
102 266
103 203
104 178
104 180
105 130
105 155
105 204
105 213
105 228
105 246
105 257
105 264
105 274
106 111
106 127
106 129
106 182
106 206
106 237
106 257
107 186
107 223
107 279
108 279
108 313
109 204
109 266
110 121
110 128
110 134
110 144
110 159
110 196
111 127
111 129
111 142
111 171
111 173
111 223
111 249
112 122
112 123
112 222
113 271
114 140
114 182
114 201
114 226
114 262
115 122
116 167
117 127
117 134
117 155
117 217
117 224
117 226
117 257
118 218
118 266
119 232
120 122
120 180
120 315
121 122
121 127
121 128
121 133
121 134
121 174
121 177
121 204
121 219
121 220
121 221
121 239
121 247
121 261
121 265
121 273
122 127
122 129
122 142
122 159
122 160
122 162
122 180
122 183
122 185
122 203
122 246
122 258
122 259
122 285
122 292
122 299
123 124
123 125
123 127
123 129
123 132
123 140
123 156
123 159
123 187
123 189
123 195
123 200
123 201
123 224
123 234
123 257
123 264
123 267
123 286
123 293
123 309
124 128
124 133
124 134
124 140
124 153
124 180
124 184
124 185
124 186
124 216
124 219
124 226
124 253
124 286
124 299
124 307
125 142
125 143
125 144
125 154
125 161
125 179
125 180
125 200
125 208
125 209
125 213
125 218
125 226
125 227
125 228
125 232
125 233
125 239
125 241
125 243
125 246
125 259
125 266
125 279
125 291
125 294
125 298
126 128
126 145
126 148
126 166
126 180
126 210
126 236
126 265
126 266
127 173
127 180
127 195
127 197
127 225
127 228
127 235
127 252
127 262
127 264
127 304
127 309
128 134
128 136
128 143
128 148
128 149
128 151
128 165
128 200
128 204
128 209
128 223
128 246
128 256
129 151
129 154
129 165
129 178
129 179
129 188
129 195
129 202
129 209
129 226
129 261
129 283
129 286
129 292
129 313
130 268
131 222
131 264
131 291
132 216
132 234
134 160
134 165
134 168
134 200
134 204
134 231
134 243
134 283
135 150
135 309
136 180
137 139
137 179
137 230
137 298
138 143
138 255
138 280
138 304
138 310
139 147
139 182
139 226
139 257
139 259
139 286
140 160
140 186
140 216
140 288
140 304
140 309
141 162
141 180
141 185
141 231
142 199
143 232
143 241
144 165
144 233
145 219
145 257
146 286
147 226
147 299
149 203
150 267
150 291
151 213
151 218
151 311
152 220
152 232
153 189
153 255
154 252
155 310
156 237
156 279
156 294
156 304
157 232
157 310
158 216
158 232
159 161
159 275
160 191
160 219
160 227
160 235
160 277
160 303
161 175
162 221
162 254
162 267
163 176
163 309
164 180
164 276
165 169
165 174
165 219
165 236
166 174
166 238
166 240
166 245
166 280
166 309
167 180
167 274
168 280
168 282
168 309
169 216
169 224
170 208
170 309
171 172
171 191
171 258
172 210
172 223
173 246
174 216
175 265
176 281
177 224
177 228
177 235
178 204
178 212
178 282
178 299
180 181
180 201
180 203
180 240
180 267
180 272
180 280
180 302
181 226
182 252
182 306
183 188
183 199
183 229
185 224
185 235
185 271
186 195
186 214
187 241
187 255
187 267
188 197
188 209
188 285
189 258
189 309
192 231
193 226
193 249
194 271
195 197
195 253
195 264
195 282
195 290
197 225
197 233
197 237
197 246
197 311
198 232
198 237
199 219
200 207
200 261
201 202
201 204
201 255
201 301
202 301
203 217
203 234
203 312
204 215
204 233
204 234
204 286
204 302
204 309
204 312
206 212
207 216
207 267
207 269
208 232
208 234
209 233
209 246
209 286
212 233
212 246
212 257
212 265
212 313
214 279
215 229
215 265
217 274
217 286
217 309
218 299
219 241
219 261
219 267
219 268
219 305
219 309
221 255
222 259
223 279
224 237
225 232
225 259
226 234
226 241
226 259
226 264
226 282
226 284
226 296
226 314
227 282
228 232
232 235
232 237
232 244
232 260
232 261
232 267
232 285
232 296
232 304
233 234
233 257
233 267
233 282
233 286
234 238
234 257
234 283
234 292
235 262
235 269
235 275
235 304
236 252
236 279
237 249
237 309
238 259
238 278
241 246
241 273
247 288
249 266
250 264
250 271
253 258
253 297
257 281
259 304
259 307
261 299
262 266
262 269
263 275
263 278
266 284
266 313
269 292
270 304
279 309
285 307
298 313
