0 124
0 177
0 239
1 6
1 104
1 309
2 42
2 55
2 81
2 119
2 129
2 138
2 187
2 199
2 226
2 294
3 41
3 49
3 72
3 84
3 109
3 123
3 239
3 244
3 284
4 41
4 74
4 76
4 92
4 107
4 122
4 162
4 183
4 207
5 37
5 39
5 77
5 90
5 97
5 116
5 137
5 154
5 157
5 181
5 191
5 223
5 253
5 261
5 269
5 273
5 286
6 33
6 84
6 90
6 121
6 122
6 134
6 173
7 32
7 37
7 84
7 103
7 110
7 117
7 121
7 183
7 188
7 189
7 206
7 207
7 232
7 240
7 246
7 252
8 10
8 58
9 20
9 32
10 22
10 29
10 51
10 58
10 121
10 127
10 144
10 279
10 294
10 314
11 87
11 228
12 147
12 160
12 207
12 309
13 99
13 121
13 128
13 129
13 168
13 173
13 191
13 193
13 199
13 226
13 234
13 257
13 304
14 99
14 125
14 126
14 174
14 180
14 257
15 105
15 260
15 266
16 41
16 54
16 82
16 105
16 147
16 192
16 241
16 279
16 306
17 25
17 51
17 128
17 140
17 153
17 172
17 207
17 255
17 259
17 286
17 309
18 87
18 122
18 128
18 148
18 233
19 33
19 106
19 186
19 246
20 86
20 89
20 140
20 185
20 186
20 198
20 204
20 235
20 241
21 240
21 259
22 201
22 228
22 263
22 293
23 59
23 68
23 86
23 124
23 181
23 194
24 30
24 69
24 75
24 129
24 187
24 204
24 251
25 162
26 90
26 115
26 186
27 105
27 141
27 154
27 158
27 233
27 266
28 40
28 54
28 123
28 156
28 158
28 177
28 201
28 226
28 230
28 233
29 83
29 102
29 105
29 106
29 208
29 212
29 262
29 304
30 104
30 123
31 91
31 173
31 185
31 189
31 204
32 40
32 121
32 129
32 216
33 107
33 127
33 219
33 233
34 69
34 152
34 168
34 206
34 232
34 240
35 61
35 100
35 110
35 119
35 124
35 128
35 147
35 168
35 189
35 208
35 210
35 227
35 238
35 279
35 305
36 90
36 127
36 176
36 222
36 227
36 237
36 277
37 132
37 147
38 77
38 117
38 129
38 233
39 139
39 163
39 280
40 41
40 43
40 51
40 66
40 76
40 123
40 126
40 128
40 129
40 142
40 157
40 165
40 193
40 211
40 219
40 222
40 234
40 235
40 262
40 297
40 308
41 42
41 49
41 86
41 92
41 121
41 127
41 143
41 172
41 184
41 223
41 235
42 128
42 139
42 207
43 223
43 232
43 272
44 56
44 136
44 265
45 162
46 160
46 276
47 65
47 70
47 113
47 123
47 125
47 134
47 174
47 235
48 218
48 314
49 76
49 82
49 113
49 121
49 134
49 150
49 226
49 233
51 139
51 171
51 220
51 246
51 288
52 54
52 84
52 121
52 122
52 131
52 235
52 258
52 279
52 304
53 80
53 122
53 133
53 216
54 57
54 75
54 82
54 121
54 188
54 235
54 259
55 59
55 67
55 80
55 88
55 112
55 123
55 124
55 131
55 144
56 90
56 99
56 127
56 165
56 213
56 228
57 124
57 216
58 153
59 65
59 128
59 142
59 223
59 226
59 239
59 262
60 309
61 126
61 162
61 195
61 216
61 232
61 241
63 92
63 99
63 126
63 254
64 72
64 187
64 200
66 81
66 95
66 99
66 139
66 260
66 315
67 257
68 84
68 137
68 204
69 134
70 75
70 137
70 183
70 234
71 193
71 197
72 88
72 90
72 100
72 122
72 168
72 203
72 241
73 75
73 174
73 210
73 234
73 246
73 286
74 99
74 127
74 228
74 233
74 241
74 251
74 253
75 79
75 112
75 134
75 204
75 225
75 250
75 264
75 304
76 77
76 100
76 121
76 147
76 157
76 180
76 212
76 275
76 304
76 309
77 81
77 90
77 100
77 111
77 123
77 168
77 186
77 188
77 198
77 205
77 206
77 215
77 217
77 233
77 246
77 261
77 287
77 309
78 99
79 123
79 226
79 306
80 121
80 247
81 87
81 90
82 226
82 235
83 204
83 279
84 106
84 221
84 227
85 100
85 111
85 228
85 239
86 129
86 206
86 221
87 111
87 152
87 168
87 173
87 280
88 183
88 204
88 207
88 219
88 232
88 255
88 304
89 121
89 168
89 207
89 220
89 228
89 242
89 288
89 297
89 308
90 117
90 121
90 124
90 126
90 128
90 129
90 135
90 142
90 157
90 189
90 204
90 214
90 215
90 234
90 243
90 288
90 292
91 121
91 187
91 292
92 117
92 232
93 104
93 197
95 128
95 129
95 163
95 237
95 241
96 187
96 223
97 123
97 160
98 127
98 222
98 226
98 301
99 117
99 123
99 129
99 135
99 174
99 204
99 233
99 236
99 239
99 280
100 115
100 122
100 123
100 201
100 226
100 234
100 258
101 105
101 235
101 268
102 166
102 168
102 252
102 300
103 226
103 232
103 279
104 128
104 174
104 204
104 219
104 261
105 128
105 199
105 211
105 227
106 126
106 174
106 204
106 266
107 124
107 243
107 273
108 189
108 209
110 122
110 135
110 147
110 180
110 183
110 214
110 234
110 235
110 315
111 126
111 177
111 229
111 243
111 261
112 149
112 180
113 121
113 157
113 158
113 171
113 178
113 225
113 233
113 304
114 135
114 189
114 240
114 258
115 170
115 263
116 201
117 122
117 158
117 241
118 144
118 161
118 189
118 279
119 171
119 263
120 164
120 171
120 193
120 241
120 263
120 291
121 123
121 124
121 126
121 128
121 140
121 141
121 144
121 161
121 166
121 174
121 200
121 212
121 215
121 233
121 235
121 254
121 281
121 297
121 309
121 313
122 123
122 125
122 128
122 129
122 135
122 138
122 140
122 141
122 151
122 159
122 161
122 163
122 183
122 193
122 201
122 206
122 208
122 220
122 257
122 268
122 271
122 297
123 127
123 128
123 129
123 137
123 139
123 154
123 157
123 172
123 194
123 199
123 202
123 217
123 222
123 232
123 236
123 260
123 261
123 266
123 280
123 298
123 308
124 125
124 131
124 141
124 177
124 178
124 183
124 219
124 221
124 226
124 232
124 233
124 234
124 263
124 273
124 284
125 128
125 129
125 133
125 137
125 151
125 169
125 185
125 195
125 212
125 216
125 219
125 233
125 236
125 240
125 245
125 257
125 272
125 274
125 282
125 292
125 307
126 160
126 173
126 177
126 185
126 204
126 210
126 233
126 234
126 240
126 255
126 274
126 290
126 292
126 301
126 304
127 128
127 134
127 147
127 148
127 200
127 202
127 219
127 232
127 233
127 235
127 299
128 134
128 144
128 158
128 159
128 166
128 188
128 201
128 204
128 207
128 223
128 232
128 246
128 259
128 266
128 279
128 280
128 282
129 166
129 170
129 183
129 209
129 219
129 220
129 232
129 233
129 274
129 291
129 309
130 222
130 234
131 266
132 204
132 226
132 234
133 264
134 135
134 181
134 241
134 245
134 261
134 277
135 171
135 208
135 266
136 184
136 262
137 201
137 257
138 203
138 246
138 304
139 193
139 204
139 238
139 245
139 287
139 305
140 142
140 214
141 189
141 200
141 259
142 218
142 247
143 150
143 168
143 183
144 186
144 204
144 229
144 233
145 171
145 218
145 241
145 309
146 246
147 191
147 192
148 167
148 177
148 195
148 240
150 217
150 256
151 228
151 261
151 275
152 163
152 279
152 306
153 160
153 171
153 204
153 259
154 155
154 219
154 223
154 233
154 313
155 298
158 168
158 202
159 182
159 201
159 220
159 226
159 239
159 241
159 314
160 165
160 173
160 174
160 215
160 226
160 233
160 301
161 165
162 234
162 246
162 304
163 183
163 227
163 229
163 304
164 168
164 189
165 174
165 177
165 181
165 210
167 212
167 217
167 293
168 169
168 173
168 186
168 209
168 234
168 245
168 266
168 294
170 190
170 220
170 272
171 224
171 234
171 235
171 279
172 179
173 193
173 201
173 202
173 226
173 313
174 243
175 226
175 233
175 271
175 309
176 222
176 241
177 204
178 223
178 271
180 193
180 200
180 203
180 205
180 217
180 240
180 267
180 299
180 309
180 314
181 193
181 244
181 276
181 285
182 232
182 243
183 238
183 266
183 309
185 191
185 203
185 219
185 223
185 268
186 272
187 233
188 231
188 235
188 276
188 280
188 315
189 191
189 259
189 290
189 301
190 208
191 288
192 261
192 314
193 203
193 225
193 285
194 195
194 207
194 309
195 215
195 216
195 226
195 241
195 257
195 267
195 309
195 314
198 279
200 219
201 304
201 315
202 246
202 258
203 224
203 275
204 216
204 218
204 236
204 245
204 247
204 309
205 263
206 236
207 234
207 236
207 292
208 232
208 267
209 239
209 278
210 259
211 219
212 233
215 245
215 309
216 309
217 233
217 257
217 264
218 243
219 231
219 235
219 285
220 234
220 280
220 292
220 309
220 314
221 247
221 313
222 262
222 309
223 257
223 309
224 226
224 234
224 237
224 255
224 276
226 237
226 247
226 249
226 302
227 259
231 233
232 264
232 285
232 306
232 308
233 237
233 264
233 288
233 298
233 308
233 309
234 257
234 279
235 245
235 272
235 284
235 288
235 292
235 307
235 309
236 304
236 309
237 304
237 309
238 256
245 280
249 269
250 253
252 309
253 297
255 304
256 279
256 304
257 304
259 286
260 292
261 279
261 309
262 263
262 275
264 266
264 309
265 304
266 284
267 279
267 304
269 304
269 307
273 274
273 279
276 304
278 284
287 296
288 302
290 302
295 299
297 313
304 309
309 314
