0 14
0 28
0 40
0 207
0 219
0 220
0 305
1 90
1 233
2 57
2 67
2 89
2 100
2 112
2 120
2 126
2 129
2 167
2 204
2 226
2 236
2 274
3 40
3 74
3 78
3 127
3 234
3 243
4 90
4 126
4 128
4 185
4 234
4 289
5 28
5 38
5 54
5 97
5 111
5 121
5 122
5 124
5 165
5 169
5 178
5 186
5 188
5 234
5 235
5 238
5 271
5 303
5 314
6 45
6 125
6 128
6 191
6 217
6 231
6 241
7 77
7 99
7 160
7 181
7 232
7 236
7 253
7 261
8 123
8 162
8 245
9 31
9 36
9 125
9 185
9 226
9 231
9 234
9 309
10 27
10 33
10 83
10 84
10 99
10 126
10 127
10 128
10 131
10 143
10 174
10 197
10 225
10 232
10 279
10 285
10 296
11 41
12 84
12 103
12 115
12 117
12 123
12 124
12 129
12 164
12 200
12 309
13 29
13 40
13 106
13 112
13 127
13 186
13 202
13 297
13 312
14 40
14 77
14 89
14 100
14 127
14 174
14 253
14 284
14 309
15 93
15 126
15 228
16 40
16 124
17 36
17 41
17 51
17 58
17 100
17 127
17 128
17 133
17 139
17 218
17 231
17 255
17 257
17 267
17 273
17 304
18 53
18 55
18 77
18 136
18 215
18 263
18 292
19 24
19 127
19 142
19 204
19 235
19 289
20 36
20 123
20 147
20 226
20 228
21 105
21 121
21 131
21 193
21 232
21 233
21 238
22 55
22 122
22 126
22 156
22 182
22 207
22 212
22 296
22 309
23 87
23 106
23 125
23 128
23 166
23 171
23 246
24 165
24 166
25 58
25 127
25 201
26 125
26 156
26 204
27 117
27 207
27 230
27 244
27 255
27 291
27 309
27 315
28 148
28 201
28 204
28 209
28 238
28 298
29 58
29 94
29 98
29 125
29 126
29 141
29 160
29 214
29 223
29 290
29 296
30 195
31 192
31 233
31 241
31 292
32 91
32 100
32 108
32 122
32 134
32 151
32 204
32 215
32 219
32 267
32 276
32 291
32 294
32 309
33 34
33 100
33 217
34 80
34 84
34 129
34 198
34 216
34 235
34 303
34 313
35 127
35 129
35 131
35 143
35 153
35 170
35 191
35 217
35 224
35 241
35 247
35 257
35 266
36 49
36 54
36 55
36 122
36 185
36 227
36 264
36 309
37 90
37 127
37 138
37 203
37 210
37 238
37 247
38 91
38 123
38 126
39 80
39 83
39 121
39 122
39 197
39 220
39 238
39 267
40 99
40 126
40 173
40 231
40 264
40 311
41 57
41 67
41 82
41 85
41 90
41 98
41 122
41 126
41 159
41 174
41 183
41 245
41 304
41 309
42 75
42 121
42 168
42 230
42 236
42 264
43 67
43 84
43 126
43 127
43 172
44 51
44 204
44 227
46 121
46 128
46 234
46 261
47 105
47 237
47 264
47 277
48 121
48 127
49 121
49 201
49 207
49 226
50 54
50 267
51 63
51 124
51 129
51 139
51 140
51 176
51 264
51 278
51 304
51 312
52 58
52 77
52 128
52 134
52 160
52 172
52 198
52 293
53 59
53 117
53 127
53 226
53 257
54 87
54 111
54 134
54 138
54 139
54 173
54 201
54 236
55 85
55 124
55 191
55 215
55 260
56 92
56 101
56 126
56 128
56 129
56 159
56 229
57 99
57 126
57 179
57 206
57 223
59 80
59 85
59 114
59 127
59 192
59 201
59 226
59 309
60 107
60 190
60 296
61 77
61 79
61 233
61 240
61 253
62 77
62 91
62 96
62 99
62 138
62 235
63 147
63 166
63 265
64 75
64 189
64 283
65 121
65 198
65 224
65 234
65 286
66 124
66 133
66 185
66 195
66 202
66 224
67 134
67 171
67 201
67 306
68 262
70 92
70 201
70 233
70 234
70 253
71 127
71 264
72 219
72 234
72 292
73 81
73 95
73 129
73 158
73 159
73 176
73 245
73 249
73 250
73 266
73 279
74 76
74 124
74 233
74 279
75 99
75 134
75 168
75 188
75 234
75 257
75 292
76 89
76 106
76 127
76 185
76 214
76 232
76 233
76 245
76 266
76 271
76 292
77 89
77 100
77 106
77 110
77 113
77 122
77 123
77 125
77 128
77 129
77 224
77 226
77 234
77 235
77 243
77 309
78 90
78 191
79 102
79 110
79 129
79 210
79 288
80 151
80 164
80 182
80 266
81 92
82 112
82 121
82 279
83 121
83 122
83 126
84 95
84 100
84 104
84 131
84 158
84 169
84 192
84 264
85 114
85 139
85 201
85 204
85 232
85 254
85 297
86 170
86 203
86 212
86 238
86 271
86 279
86 280
87 124
88 128
89 117
89 158
89 202
89 214
89 219
89 220
89 226
89 314
90 105
90 121
90 122
90 124
90 128
90 143
90 182
90 191
90 199
90 226
91 127
91 128
91 140
92 124
92 223
93 162
93 235
93 292
94 305
95 117
95 121
95 125
95 128
95 159
95 226
95 261
95 266
96 113
96 204
96 238
96 309
97 290
98 134
98 137
98 139
98 168
98 235
98 265
98 277
99 129
99 204
99 209
99 210
99 211
99 237
99 266
99 291
99 296
100 126
100 128
100 135
100 148
100 167
100 185
100 201
100 233
100 255
100 264
100 297
100 307
101 142
102 108
102 128
102 202
102 222
103 128
103 201
103 225
103 251
103 279
105 123
105 126
105 182
105 219
105 233
105 252
105 261
105 275
105 288
106 121
106 123
106 173
106 174
106 226
107 218
108 126
108 234
109 163
110 117
110 125
110 148
110 181
110 193
110 203
110 232
110 292
111 144
111 272
111 275
112 127
112 132
112 174
112 192
113 159
115 144
115 216
115 252
116 130
116 296
117 123
117 160
117 204
117 206
117 257
119 276
120 233
120 299
121 122
121 124
121 128
121 134
121 138
121 143
121 144
121 159
121 160
121 170
121 185
121 201
121 218
121 227
121 233
121 234
121 239
121 279
121 288
121 294
121 309
122 125
122 128
122 133
122 140
122 151
122 157
122 169
122 183
122 202
122 232
122 235
122 237
122 260
122 273
122 281
122 296
122 304
122 306
122 309
122 312
123 124
123 125
123 137
123 139
123 150
123 153
123 161
123 162
123 169
123 170
123 178
123 200
123 225
123 232
123 235
123 239
123 245
123 258
123 262
123 266
123 308
123 309
123 312
123 315
124 125
124 126
124 163
124 206
124 207
124 216
124 218
124 227
124 233
124 234
124 292
125 129
125 135
125 153
125 154
125 157
125 158
125 160
125 180
125 206
125 223
125 232
125 234
125 247
125 278
126 149
126 160
126 165
126 170
126 186
126 208
126 211
126 216
126 223
126 227
126 232
126 235
126 237
126 241
126 250
126 267
126 291
127 133
127 134
127 140
127 181
127 188
127 218
127 222
127 234
127 235
127 266
127 279
128 139
128 168
128 174
128 186
128 217
128 219
128 230
128 232
128 241
128 247
128 277
128 286
129 181
129 215
129 226
129 227
129 232
129 264
129 275
129 276
129 292
129 299
130 201
130 238
131 271
132 174
132 239
132 264
132 279
133 168
133 202
133 226
133 254
133 281
134 180
134 232
134 233
134 235
134 237
134 247
134 252
135 191
135 204
135 218
135 231
135 235
135 293
135 302
136 309
137 174
137 189
137 262
137 264
139 160
139 180
139 186
139 202
139 209
139 297
139 304
140 178
141 162
141 264
142 200
143 219
143 241
143 257
144 168
144 211
144 288
145 276
146 235
147 201
147 272
147 297
150 198
150 235
151 204
152 159
152 234
152 274
153 175
153 277
154 180
154 197
154 200
155 188
155 189
155 232
155 276
155 304
156 232
156 297
157 158
157 189
159 234
159 255
159 282
159 285
159 297
160 170
160 178
160 192
160 202
160 206
160 233
160 309
162 241
163 175
163 195
163 200
163 280
164 180
164 304
165 200
165 233
166 181
166 204
166 304
168 223
168 233
168 297
168 304
169 219
169 261
169 280
170 214
170 232
171 193
172 204
172 268
173 271
173 283
173 299
173 304
174 198
175 266
176 309
177 234
177 269
177 309
178 234
180 298
181 215
183 216
184 288
185 201
185 202
185 216
185 230
185 245
185 269
186 279
187 233
188 224
189 298
192 232
192 285
193 304
193 313
195 203
195 222
195 226
195 246
195 260
195 282
195 285
196 291
197 304
198 221
199 260
199 286
200 212
200 263
200 298
201 209
201 250
202 238
202 298
203 217
203 309
204 210
204 240
204 279
204 298
205 259
206 212
206 279
207 234
208 219
208 226
208 237
209 233
209 243
209 247
209 276
209 296
210 232
211 216
212 233
212 245
214 232
215 246
216 248
216 252
216 261
217 275
217 288
218 241
218 259
218 288
219 224
219 226
219 235
219 266
219 268
220 221
220 246
220 252
222 309
223 233
223 290
225 286
226 233
226 235
226 264
226 305
228 235
229 252
229 286
230 234
231 234
231 280
232 236
232 238
232 268
232 278
232 279
232 298
232 304
233 234
233 243
233 246
233 256
233 257
233 260
234 304
235 259
235 274
235 286
235 310
235 313
236 265
236 292
238 266
241 277
246 278
247 248
247 273
251 312
255 277
255 313
256 309
259 260
259 292
261 268
261 286
262 286
265 276
265 296
265 305
266 279
266 288
266 309
269 309
272 279
277 309
279 286
280 309
281 312
283 292
283 293
285 291
286 314
292 297
292 309
293 311
304 309
311 315
