0 201
0 250
1 59
1 234
1 246
2 7
2 75
2 89
2 98
2 100
2 121
2 224
3 5
3 129
3 135
3 138
3 144
3 223
3 228
3 266
3 292
4 99
4 123
4 127
4 156
4 158
4 206
4 222
4 266
4 277
4 304
5 52
5 87
5 109
5 127
5 159
5 163
5 205
5 212
5 215
5 250
5 275
6 37
6 90
6 112
6 159
6 199
6 233
6 246
6 250
7 10
7 12
7 22
7 57
7 77
7 97
7 119
7 135
7 157
7 180
7 204
7 225
7 234
7 253
7 258
8 104
9 80
9 93
9 101
9 165
9 194
9 239
10 40
10 64
10 80
10 102
10 106
10 121
10 124
10 135
10 169
10 192
10 280
11 90
11 121
11 127
11 177
11 211
11 257
12 40
12 124
12 207
12 226
12 252
13 41
13 100
13 124
13 127
13 173
13 177
13 178
13 183
13 204
13 215
13 266
14 110
14 140
14 180
14 241
14 287
15 34
15 85
15 285
16 21
16 84
16 121
16 151
16 220
16 250
17 30
17 74
17 77
17 99
17 115
17 122
17 124
17 151
17 191
17 206
17 235
17 268
17 309
18 72
18 73
18 121
18 136
18 204
18 229
18 247
18 297
19 99
19 105
19 123
19 130
20 58
20 67
20 87
20 151
20 156
20 183
20 217
20 219
20 257
21 40
21 125
21 162
21 183
21 232
21 261
21 278
22 76
22 98
22 111
22 122
22 178
22 199
22 204
22 217
22 288
23 41
23 54
23 65
23 84
23 104
23 108
23 163
23 204
23 205
23 242
24 70
24 100
24 135
24 164
24 191
24 248
24 278
25 120
26 125
26 160
26 179
27 42
27 143
28 57
28 86
28 99
28 123
28 135
28 166
28 202
28 233
28 236
29 42
29 96
29 118
29 122
29 125
29 202
29 214
29 221
29 280
30 36
30 100
30 279
31 230
31 246
32 128
32 129
32 158
32 275
32 279
32 285
33 65
33 98
33 121
34 95
34 264
34 279
35 57
35 74
35 76
35 77
35 95
35 121
35 122
35 123
35 134
35 152
35 168
35 185
35 189
35 195
35 198
35 229
35 234
35 264
35 283
35 290
35 300
35 314
36 39
36 50
36 52
36 62
36 70
36 99
36 117
36 122
36 123
36 172
36 186
36 196
36 210
36 221
36 226
36 234
36 256
36 260
37 56
37 77
37 90
37 97
37 99
37 103
37 127
37 134
37 241
38 112
38 126
38 197
38 233
38 240
38 282
39 54
39 120
39 127
39 160
39 206
39 241
39 267
40 65
40 77
40 99
40 100
40 107
40 108
40 110
40 112
40 120
40 126
40 129
40 195
40 214
40 217
40 266
40 273
40 306
40 307
41 55
41 105
41 111
41 166
41 168
41 223
41 288
41 304
41 309
42 90
42 100
42 113
42 143
42 153
42 160
42 188
42 210
42 224
42 261
42 267
42 270
43 85
43 129
43 194
43 223
43 228
44 201
44 221
44 232
44 279
45 233
46 80
47 158
49 57
49 74
49 139
49 158
49 159
49 200
50 75
50 132
51 156
51 160
51 204
51 292
52 130
52 165
52 209
52 235
52 307
52 311
53 112
53 116
53 121
53 176
53 219
53 233
53 246
54 76
54 123
54 124
54 132
54 139
54 174
54 231
54 261
55 92
55 126
55 127
55 168
55 209
55 253
56 67
56 76
56 87
56 241
56 243
56 288
57 85
57 105
57 122
57 143
57 197
57 304
57 309
58 59
58 223
59 121
59 127
59 137
59 191
59 309
60 93
60 176
60 190
61 98
61 147
61 235
62 90
64 124
64 255
65 80
65 124
65 178
65 184
65 216
66 88
66 100
66 114
66 127
66 141
67 124
67 125
67 128
67 176
67 233
68 168
69 76
69 192
69 221
69 239
70 73
70 123
70 161
70 170
70 193
70 224
70 226
70 294
71 259
71 279
71 307
72 77
72 91
72 104
72 123
72 124
72 235
73 76
73 126
73 142
73 217
73 227
73 233
73 235
73 237
73 297
73 299
74 99
74 124
74 127
74 135
74 286
75 124
75 127
75 168
75 234
75 240
75 279
75 283
76 103
76 127
76 165
76 198
76 209
76 233
76 254
77 91
77 104
77 122
77 126
77 160
77 179
77 208
77 292
77 309
78 115
78 176
78 195
78 210
79 152
79 166
79 201
80 238
80 245
81 127
81 219
81 222
81 279
81 299
82 90
82 107
82 129
82 232
82 241
83 127
83 198
83 226
83 241
83 301
84 90
84 106
84 128
84 131
84 165
84 173
84 232
84 304
85 113
85 122
85 123
85 125
85 127
85 163
85 164
85 203
85 232
85 278
85 299
86 91
86 99
86 141
86 171
86 192
86 309
87 90
87 128
87 129
87 175
87 200
87 240
87 299
88 123
88 124
88 152
88 288
89 122
89 128
89 191
89 294
89 302
89 303
89 312
90 105
90 109
90 110
90 134
90 203
90 218
90 240
90 246
90 247
90 269
90 276
90 279
90 304
90 306
91 111
91 204
91 239
91 271
92 315
93 310
95 226
95 308
95 313
96 126
96 204
96 271
97 126
97 195
98 129
98 163
98 235
98 247
99 125
99 126
99 134
99 143
99 159
99 160
99 194
99 214
99 217
99 223
99 235
99 285
99 309
100 103
100 110
100 123
100 124
100 125
100 128
100 166
100 173
100 178
100 183
100 186
100 198
100 204
100 207
101 117
101 250
103 125
103 139
103 152
104 108
104 134
104 143
104 225
104 266
105 127
105 144
105 154
106 126
106 128
106 129
106 130
106 144
106 180
106 227
106 236
106 253
107 220
107 230
107 266
108 155
108 200
108 227
108 257
109 130
109 142
109 182
110 171
110 201
110 239
110 241
110 253
111 123
111 128
111 145
111 189
111 235
111 237
111 288
112 206
112 218
112 264
112 266
112 288
113 123
114 249
114 267
115 119
115 123
115 128
115 279
116 182
117 133
117 158
117 170
117 234
119 177
120 162
120 171
120 201
120 232
120 233
120 239
120 271
121 124
121 126
121 128
121 130
121 163
121 169
121 186
121 203
121 209
121 220
121 223
121 232
121 233
121 235
121 255
121 261
121 262
121 266
121 278
121 286
121 312
122 126
122 127
122 132
122 137
122 142
122 144
122 153
122 168
122 173
122 197
122 204
122 215
122 216
122 220
122 233
122 236
122 250
122 259
122 269
122 275
123 132
123 137
123 138
123 139
123 141
123 144
123 147
123 152
123 153
123 155
123 165
123 168
123 171
123 181
123 189
123 200
123 201
123 232
123 238
123 262
123 276
123 285
123 299
123 304
123 314
124 125
124 127
124 128
124 129
124 133
124 134
124 141
124 146
124 155
124 158
124 160
124 176
124 180
124 186
124 203
124 226
124 233
124 235
124 261
124 285
124 302
124 305
124 314
125 126
125 135
125 149
125 174
125 204
125 232
125 236
125 246
125 288
125 292
125 310
126 128
126 137
126 140
126 165
126 175
126 186
126 195
126 204
126 207
126 243
126 245
126 253
126 264
126 276
126 281
126 309
126 313
127 129
127 147
127 187
127 196
127 204
127 219
127 220
127 235
127 237
127 252
127 255
127 283
127 294
128 143
128 144
128 152
128 172
128 175
128 202
128 219
128 273
129 130
129 135
129 158
129 178
129 193
129 197
129 201
129 206
129 229
129 260
129 286
129 287
129 298
129 309
129 311
130 180
130 183
131 188
131 192
131 206
131 247
132 139
133 253
133 286
133 309
134 135
134 173
134 206
134 207
134 210
134 228
134 235
134 241
134 245
134 259
134 265
134 286
134 314
135 216
135 269
136 139
136 200
136 238
137 185
137 247
138 262
138 264
139 154
139 182
139 311
140 154
140 161
140 168
140 202
140 227
140 267
140 308
141 257
141 261
141 309
143 155
143 168
143 189
143 302
143 309
144 172
144 232
146 309
147 157
147 187
147 189
147 237
148 201
148 226
150 172
150 305
152 255
153 226
153 300
155 192
156 302
157 200
157 226
158 283
160 166
160 200
160 202
160 204
160 217
160 235
160 241
160 259
160 275
161 216
162 165
162 273
162 286
162 292
163 279
164 278
165 195
165 204
165 239
165 259
166 251
166 276
167 192
168 173
168 235
168 238
168 265
169 172
169 264
170 195
170 309
171 233
171 309
172 173
172 183
173 175
173 206
173 278
174 218
174 286
175 191
175 219
176 208
176 226
176 314
177 266
178 220
179 290
179 315
180 299
181 219
182 266
183 216
183 232
183 235
185 235
186 309
186 314
187 255
187 257
188 230
188 231
188 259
188 305
189 198
189 235
189 277
189 295
191 261
191 267
191 271
192 204
192 235
192 304
193 206
193 261
195 222
195 235
195 293
195 302
197 218
197 286
198 258
200 225
200 247
201 244
201 267
201 277
201 296
202 240
202 245
202 249
202 279
202 280
203 219
203 233
204 223
204 236
204 244
204 251
204 264
206 232
206 277
206 292
207 226
207 241
207 292
208 266
208 293
211 241
212 307
213 292
214 309
215 234
215 235
215 289
216 232
216 244
217 226
217 241
217 250
217 273
218 298
218 309
219 232
219 251
219 266
219 280
219 298
220 241
220 314
221 226
221 239
222 228
222 234
222 241
222 309
224 277
225 313
226 233
226 243
226 259
226 266
226 267
226 276
226 288
226 309
227 230
231 276
231 308
232 241
232 254
232 278
232 279
232 282
232 302
233 235
233 266
233 271
234 253
234 256
234 265
234 309
235 239
235 246
235 266
235 279
235 288
235 303
236 246
236 292
237 241
237 286
237 287
237 302
238 288
238 299
238 310
239 259
239 293
239 297
241 309
244 252
244 310
246 250
246 313
247 255
247 264
247 314
249 304
250 256
250 272
251 299
252 273
252 297
252 304
253 257
256 276
257 312
259 266
259 315
261 304
261 309
262 285
262 291
264 267
264 283
264 286
264 304
266 286
266 288
266 292
271 283
271 309
272 282
276 282
284 288
284 304
284 306
288 297
288 309
292 295
296 309
299 312
302 311
304 313
