0 1
0 17
0 76
0 93
0 124
1 77
2 35
2 42
2 50
2 77
2 90
2 125
2 196
2 203
2 304
3 77
3 83
3 111
3 195
3 207
3 216
3 241
3 246
3 283
4 5
4 42
4 43
4 77
4 128
4 168
4 277
5 76
5 81
5 91
5 121
5 122
5 123
5 126
5 144
5 160
5 168
5 180
5 204
5 206
5 219
5 232
5 249
5 254
5 262
5 271
5 276
5 279
5 304
6 55
6 61
6 77
6 85
6 88
6 91
6 95
6 99
6 102
6 117
6 120
6 129
6 142
6 160
6 223
6 234
6 265
6 309
7 32
7 80
7 94
7 99
7 115
7 123
7 126
7 142
7 167
7 209
7 233
7 257
7 261
7 288
8 166
8 173
9 73
9 90
9 113
9 264
9 286
9 309
10 80
10 151
10 158
10 171
10 220
11 102
11 127
11 235
12 95
12 99
12 101
12 125
12 154
12 174
12 240
13 21
13 49
13 88
13 89
13 115
13 123
13 173
13 204
13 233
13 234
13 238
13 263
13 299
13 309
14 85
14 163
14 187
14 309
15 112
15 121
15 157
15 293
16 19
16 24
16 33
16 90
16 113
16 127
16 133
16 162
16 246
16 288
17 28
17 124
17 150
17 204
17 304
18 123
18 176
18 180
18 260
18 286
19 52
19 88
19 98
20 121
20 122
20 128
20 203
20 226
20 257
20 266
20 315
21 75
21 139
21 217
21 267
22 42
22 218
23 40
23 72
23 74
23 141
23 160
23 218
23 219
23 236
23 266
23 286
23 304
24 29
24 40
24 57
24 99
24 123
24 201
24 204
24 301
26 61
26 62
26 124
26 131
26 165
26 177
26 185
26 248
27 86
27 93
27 105
27 171
28 29
28 72
28 97
28 104
28 228
28 277
29 74
29 111
29 129
29 151
29 279
30 129
30 162
31 44
31 72
31 116
31 117
31 123
31 183
31 204
31 215
32 90
32 128
32 133
32 234
32 259
32 309
33 232
34 44
34 62
34 88
34 140
34 266
35 121
35 126
35 131
35 146
35 162
35 180
35 189
35 192
35 198
35 203
35 216
35 226
35 261
35 278
35 279
35 293
35 309
36 45
36 50
36 52
36 73
36 87
36 126
36 128
36 129
36 169
36 186
36 195
36 216
36 246
36 252
37 38
37 40
37 129
37 147
37 195
37 210
37 234
37 245
38 115
38 243
39 53
39 65
39 99
39 106
39 163
39 246
39 252
39 257
39 304
40 66
40 91
40 92
40 96
40 99
40 111
40 116
40 121
40 122
40 129
40 154
40 163
40 168
40 174
40 219
40 221
40 247
40 297
40 309
40 311
41 51
41 59
41 87
41 95
41 106
41 115
41 123
41 162
41 180
41 189
41 282
42 104
42 140
42 220
42 264
42 269
43 44
43 95
43 117
43 165
44 85
44 98
44 106
44 123
46 304
47 122
47 128
48 129
49 174
49 220
49 221
50 63
50 131
50 156
50 219
51 67
51 86
51 88
51 100
51 107
51 121
51 122
51 124
51 128
51 140
51 232
51 270
51 314
52 112
52 124
52 232
53 59
53 86
53 121
53 153
53 175
53 204
53 220
54 90
54 95
54 117
54 198
54 214
54 233
54 309
55 85
55 199
55 255
55 313
56 108
56 147
56 167
56 223
57 124
57 190
57 279
58 90
58 122
58 274
59 132
59 134
59 195
59 233
59 261
59 266
60 309
61 76
61 122
61 127
62 121
62 137
62 166
64 191
64 215
64 235
65 100
65 233
65 252
65 288
66 68
66 77
66 102
66 127
66 128
66 195
66 201
66 235
66 264
67 123
67 255
68 156
68 309
69 125
70 98
70 280
71 92
71 181
72 92
72 114
72 126
72 157
72 217
72 243
72 266
72 269
73 84
73 121
73 126
73 138
73 165
73 177
74 204
75 81
75 99
75 117
75 163
75 174
75 232
75 234
75 277
75 279
75 291
76 88
76 89
76 90
76 93
76 121
76 126
76 127
76 134
76 139
76 189
76 193
76 198
76 209
76 220
76 234
76 241
76 265
76 303
77 105
77 106
77 113
77 123
77 124
77 125
77 129
77 134
77 220
77 267
79 153
79 160
79 212
79 301
80 95
80 127
80 134
80 190
80 236
80 241
80 259
80 313
81 107
81 241
81 260
81 274
82 123
82 141
82 195
83 90
83 99
83 126
83 127
83 144
83 179
83 265
84 111
84 125
84 129
84 138
84 156
84 174
85 149
85 156
85 166
85 181
85 201
85 234
85 238
85 263
86 134
86 217
86 233
86 235
86 279
88 171
88 186
88 216
88 229
89 107
89 130
89 139
89 267
90 111
90 129
90 139
90 163
90 223
90 226
90 232
90 238
90 245
91 110
91 226
92 259
93 123
93 179
93 249
93 301
94 213
95 183
95 191
95 202
95 278
95 288
95 289
95 302
96 123
97 117
97 189
97 278
98 134
98 163
98 252
98 309
99 101
99 129
99 153
99 219
99 235
99 237
99 240
99 246
99 255
99 263
99 264
99 302
100 115
100 116
100 134
100 142
100 143
100 178
100 201
100 207
100 211
100 220
100 255
100 309
101 256
101 309
102 128
103 104
103 112
103 117
103 125
103 134
103 200
103 292
104 124
104 160
104 220
104 241
104 313
105 126
105 129
105 204
105 267
105 285
105 304
105 305
105 309
106 122
106 123
106 126
106 139
106 140
106 141
106 144
106 225
106 304
106 307
107 127
107 215
107 218
107 235
107 309
108 123
109 309
109 310
110 127
110 142
110 158
110 163
110 201
110 239
110 262
110 280
110 284
111 129
111 154
111 176
111 232
111 238
111 243
111 279
112 160
112 201
114 246
115 123
115 141
115 200
115 234
115 257
115 286
115 309
116 219
116 279
117 121
117 134
117 154
117 174
117 219
117 221
117 292
118 160
118 266
119 186
120 122
120 136
120 183
121 123
121 124
121 126
121 139
121 169
121 170
121 180
121 203
121 204
121 217
121 220
121 235
121 236
121 241
121 246
121 265
121 271
121 277
121 302
121 309
122 127
122 140
122 141
122 146
122 157
122 159
122 162
122 173
122 183
122 191
122 195
122 204
122 207
122 216
122 224
122 226
122 232
122 233
122 257
122 268
122 273
122 297
122 304
122 309
122 314
123 124
123 140
123 143
123 160
123 167
123 189
123 197
123 201
123 265
123 266
123 272
123 277
123 279
123 309
124 126
124 129
124 144
124 148
124 151
124 155
124 161
124 168
124 195
124 196
124 201
124 208
124 216
124 219
124 224
124 226
124 233
124 235
124 246
124 257
124 262
124 265
124 267
124 288
124 299
124 305
124 309
125 126
125 127
125 128
125 136
125 140
125 150
125 158
125 159
125 174
125 184
125 198
125 200
125 204
125 208
125 216
125 225
125 226
125 230
125 232
125 241
125 243
125 253
125 254
125 262
125 267
125 268
125 272
125 283
125 314
126 127
126 128
126 165
126 189
126 227
126 230
126 233
126 246
126 265
126 285
126 309
127 141
127 171
127 173
127 197
127 234
127 251
127 252
127 276
127 298
127 309
128 131
128 132
128 167
128 168
128 183
128 204
128 220
128 223
128 232
128 247
128 258
128 286
129 148
129 201
129 221
129 228
129 235
129 252
129 262
129 277
129 279
129 304
129 309
131 141
131 178
131 219
131 273
132 210
132 217
133 271
134 142
134 155
134 226
134 237
134 246
134 261
135 180
135 249
135 279
137 160
137 168
137 180
137 201
137 246
138 232
138 275
138 299
139 189
139 198
139 247
139 288
140 224
140 269
140 283
141 259
142 189
142 223
142 234
142 246
142 279
143 182
143 279
144 160
144 274
145 181
147 233
147 253
147 280
147 305
148 201
149 256
150 174
151 194
151 226
151 276
153 168
153 204
154 188
154 190
155 160
155 194
155 209
155 259
155 276
156 235
156 254
156 267
157 162
157 168
157 177
158 189
158 231
158 254
159 217
159 235
159 236
160 166
160 173
160 202
160 219
160 226
160 233
160 235
160 257
160 266
161 163
161 199
162 206
162 235
162 243
162 250
162 265
162 309
163 182
163 199
163 207
163 232
163 234
163 239
163 249
163 267
163 273
164 225
165 196
165 237
165 239
165 262
165 301
165 314
166 288
166 297
166 301
167 238
167 255
168 221
169 237
169 309
171 285
172 195
173 190
174 204
174 219
174 226
174 235
174 257
174 266
175 192
175 204
175 206
175 267
176 221
177 219
177 264
178 180
178 215
178 234
178 241
178 259
179 185
180 195
180 208
180 226
180 237
180 257
181 266
181 287
182 207
182 208
182 215
182 226
183 196
183 221
183 232
183 287
185 197
185 212
185 240
185 289
186 197
186 206
186 234
186 255
186 267
186 285
186 288
187 230
187 236
188 203
188 249
188 294
189 206
189 232
189 261
191 228
191 234
192 217
192 223
192 257
193 234
193 279
193 309
195 226
195 233
196 235
197 232
199 243
199 273
199 279
199 304
200 217
201 217
201 225
201 232
201 241
201 266
201 277
201 286
202 208
202 209
202 233
203 234
204 257
204 288
205 246
205 304
206 216
206 235
207 219
207 247
207 292
208 219
208 220
209 232
209 246
212 308
213 304
214 276
215 220
215 233
215 278
216 219
217 232
217 261
218 233
218 266
218 277
219 223
219 234
219 264
219 265
219 271
219 288
220 271
220 275
220 313
221 255
221 257
221 260
222 268
222 288
223 235
223 257
223 283
223 286
223 291
223 304
224 235
225 228
226 272
226 283
226 288
227 232
228 291
229 240
230 305
231 247
231 260
231 276
231 294
232 281
232 309
233 268
233 275
233 297
233 309
234 250
234 279
234 294
234 310
234 313
236 261
236 289
237 264
237 266
238 303
239 286
239 307
241 278
241 282
241 308
242 254
246 261
246 280
246 298
252 262
252 286
257 296
258 271
259 309
261 296
261 302
263 275
264 286
265 268
265 300
266 277
266 290
266 312
269 314
271 273
271 296
276 302
277 309
279 283
279 309
290 309
291 309
303 306
304 309
