0 35
0 36
0 61
0 90
0 123
0 163
0 181
0 238
1 34
1 69
1 90
1 126
1 140
2 57
2 67
2 87
2 151
2 153
2 160
2 187
2 206
2 302
3 93
3 182
3 219
4 31
4 62
4 121
4 122
4 180
4 202
4 215
4 258
4 292
4 304
5 76
5 84
5 85
5 97
5 99
5 122
5 127
5 143
5 160
5 197
5 203
5 220
5 233
5 245
6 17
6 50
6 83
6 123
6 127
6 162
6 182
6 183
6 211
6 241
6 257
7 36
7 51
7 76
7 84
7 127
7 181
7 195
7 225
7 228
7 245
7 266
8 35
8 125
8 209
9 16
9 24
9 59
9 98
9 122
9 124
9 158
9 173
9 188
9 200
9 203
9 220
9 221
9 257
9 264
9 271
9 278
10 76
10 94
10 121
10 122
10 129
10 235
11 202
11 207
11 232
12 37
12 56
12 70
12 116
12 123
12 125
12 132
12 145
12 232
13 86
13 105
13 191
13 209
13 212
13 233
13 250
13 266
13 274
14 29
14 94
14 95
14 124
14 125
14 137
14 155
14 198
14 239
14 299
15 40
15 49
15 54
15 67
15 126
15 279
16 83
16 118
16 221
16 234
17 36
17 40
17 41
17 59
17 89
17 90
17 121
17 214
17 221
17 224
17 233
17 247
17 251
17 288
18 59
18 100
18 106
18 108
18 117
18 122
18 157
19 127
19 160
19 286
20 59
20 122
20 124
20 287
21 212
22 30
22 40
22 107
22 157
22 209
22 232
22 246
22 252
22 308
23 39
23 57
23 131
23 141
23 180
23 207
23 217
23 267
23 314
24 36
24 124
24 129
24 234
24 238
24 309
25 183
25 231
26 34
26 35
26 110
26 125
26 129
26 192
26 282
27 121
27 133
27 193
27 219
28 55
28 62
28 67
28 85
28 195
28 269
28 288
28 304
28 314
29 40
29 66
29 73
29 77
29 90
29 153
29 271
29 315
30 163
30 188
31 38
31 126
31 168
31 182
31 294
32 64
32 92
32 128
32 144
32 221
32 313
33 160
33 162
33 171
33 180
33 241
33 244
34 59
34 98
34 121
34 160
34 187
34 203
34 271
35 38
35 69
35 75
35 77
35 82
35 85
35 87
35 94
35 111
35 126
35 129
35 152
35 162
35 169
35 246
35 309
36 41
36 122
36 125
36 141
36 155
36 172
36 219
36 233
36 235
36 238
36 241
36 247
36 265
36 278
37 129
37 134
37 159
37 174
37 187
37 233
38 88
38 135
38 160
38 185
38 202
38 227
38 240
39 55
39 65
39 85
39 141
39 155
39 176
39 192
39 225
39 282
39 283
39 309
40 82
40 157
40 158
40 160
40 172
40 189
40 221
40 227
40 234
40 235
40 241
40 252
40 279
41 63
41 100
41 124
41 127
41 202
41 204
41 223
41 249
41 250
41 288
42 57
42 59
42 80
42 126
42 129
42 172
42 217
42 264
42 286
43 117
43 127
44 77
44 120
44 238
44 252
45 77
45 99
45 263
45 311
46 169
46 231
47 125
47 175
47 209
48 96
48 126
49 54
49 106
49 112
49 139
49 158
49 172
49 223
50 99
50 180
51 61
51 67
51 92
51 129
51 182
51 193
51 228
52 85
52 271
53 105
53 127
53 176
53 190
53 280
53 288
54 97
54 99
54 104
54 121
54 166
54 175
54 204
54 296
55 121
55 122
55 195
55 233
55 276
56 73
56 81
56 120
56 131
56 140
56 165
56 245
57 59
57 85
57 111
57 127
57 191
58 123
58 240
59 126
59 128
59 141
59 171
59 193
59 203
59 222
59 232
59 233
59 239
60 67
60 180
60 286
61 84
61 100
61 102
61 122
61 129
61 206
61 252
61 304
62 122
62 165
62 195
63 99
63 194
63 260
64 142
64 202
64 287
65 69
65 75
65 127
65 283
66 77
66 126
66 127
66 134
66 157
66 198
66 234
66 243
67 129
67 172
67 230
67 237
67 255
68 69
68 77
68 111
68 160
68 165
68 233
69 89
69 135
69 257
70 89
70 90
70 119
70 129
71 125
71 309
72 90
72 92
72 108
72 137
72 149
72 180
72 233
72 235
73 122
73 144
73 211
73 234
73 263
73 289
74 163
74 277
74 294
75 100
75 121
75 124
75 224
75 226
76 89
76 90
76 123
76 124
76 132
76 172
76 174
76 206
76 219
76 226
76 233
76 234
76 255
76 263
76 286
77 84
77 95
77 122
77 127
77 129
77 134
77 155
77 166
77 178
77 226
77 233
77 234
77 246
79 103
79 104
79 121
79 177
79 247
79 285
79 304
80 96
80 103
80 109
80 164
80 179
81 85
81 103
81 122
81 123
81 130
81 236
81 288
81 294
81 295
82 119
82 157
82 201
82 243
83 96
83 120
83 173
83 253
84 98
84 111
84 129
84 134
84 154
84 227
84 273
84 276
84 307
85 93
85 99
85 111
85 114
85 121
85 122
85 125
85 192
85 235
85 250
85 291
86 192
86 229
86 233
86 244
87 126
87 208
87 219
87 230
87 261
89 158
89 233
89 269
90 105
90 108
90 123
90 127
90 168
90 170
90 216
90 218
90 228
90 232
90 260
90 263
90 279
90 302
91 124
91 202
91 234
91 284
92 207
92 269
92 309
93 112
93 122
93 167
93 264
94 200
95 126
95 128
95 193
95 194
95 202
96 126
98 278
98 279
99 100
99 102
99 115
99 117
99 121
99 124
99 126
99 134
99 137
99 147
99 182
99 212
99 216
99 253
99 282
100 121
100 122
100 126
100 149
100 153
100 155
100 219
100 223
100 234
100 247
100 291
101 103
101 127
101 139
102 112
102 201
102 223
103 122
103 134
103 161
103 197
103 232
103 309
104 124
104 126
104 220
105 168
105 277
106 134
106 165
106 201
106 204
106 232
106 263
106 296
106 298
107 127
107 131
107 225
107 235
108 119
108 121
108 203
108 265
108 309
109 127
109 209
109 235
110 122
110 158
110 160
110 186
110 192
110 206
110 219
110 234
110 243
110 280
111 123
111 134
111 202
111 207
111 292
112 159
112 198
112 207
113 124
113 186
113 195
113 210
113 260
113 267
114 261
115 123
115 126
115 236
115 281
116 122
116 134
116 188
117 121
117 126
117 159
117 189
117 191
117 308
118 223
119 131
119 140
119 268
120 126
120 149
120 181
120 197
120 207
120 309
121 123
121 124
121 126
121 127
121 131
121 137
121 140
121 181
121 184
121 200
121 201
121 233
121 240
121 241
121 266
122 124
122 126
122 129
122 131
122 146
122 158
122 162
122 183
122 188
122 226
122 232
122 250
122 266
122 278
122 304
122 309
123 124
123 127
123 128
123 133
123 150
123 185
123 207
123 219
123 226
123 238
123 246
123 250
123 273
123 285
124 153
124 158
124 160
124 168
124 180
124 181
124 182
124 197
124 204
124 232
124 235
124 246
124 257
124 267
124 279
124 286
124 288
124 302
125 127
125 162
125 183
125 202
125 204
125 210
125 232
125 244
125 264
126 143
126 172
126 199
126 220
126 227
126 232
126 288
127 134
127 143
127 144
127 174
127 180
127 183
127 191
127 205
127 210
127 226
127 232
127 233
127 234
127 235
127 244
127 251
127 278
127 304
128 129
128 143
128 160
128 164
128 175
128 197
128 206
128 222
128 233
128 234
128 239
128 253
128 261
128 262
128 287
128 297
128 302
129 188
129 212
129 234
129 236
129 247
129 252
129 274
129 276
129 279
129 283
131 134
131 149
131 271
131 296
132 204
132 235
132 249
132 299
133 173
134 166
134 186
134 195
134 217
134 220
134 232
134 233
134 234
134 285
135 154
135 178
135 216
135 219
135 233
135 266
137 206
137 238
137 255
137 271
138 165
138 201
139 140
139 189
139 252
139 274
139 279
140 142
140 226
140 229
140 236
140 238
141 233
142 177
142 204
142 297
143 158
143 162
143 174
143 237
143 299
144 200
144 223
144 234
144 253
145 212
148 159
148 219
148 221
148 246
149 186
149 188
151 181
151 182
151 189
151 233
151 236
151 313
152 168
152 216
152 224
152 304
154 237
154 267
154 309
155 170
155 204
155 223
155 309
156 195
156 214
156 220
156 232
157 204
157 267
157 295
158 162
158 186
158 217
158 226
158 264
159 185
160 235
160 256
160 263
160 279
161 197
162 165
162 215
162 254
162 299
163 207
163 226
163 234
163 243
165 231
166 182
166 193
166 216
166 232
166 235
166 241
166 272
166 286
168 195
168 201
168 216
168 233
168 278
169 263
169 304
170 220
170 234
171 197
172 252
173 189
173 226
173 227
173 230
173 233
173 285
174 183
174 195
174 267
175 221
175 256
175 273
175 279
175 313
176 223
179 226
180 192
180 257
181 233
181 234
182 195
182 216
182 221
183 226
183 227
183 251
183 269
183 271
183 304
183 306
184 206
185 199
185 217
185 259
186 195
186 251
187 232
187 233
188 224
188 232
188 301
188 309
189 288
190 216
192 216
192 232
192 233
192 257
193 279
195 212
195 237
195 279
195 288
196 201
196 228
197 229
198 206
199 238
199 262
199 303
200 234
200 266
200 268
200 276
200 292
200 310
201 204
201 206
201 231
201 235
201 241
201 259
201 280
201 309
202 220
202 259
202 289
203 226
203 232
203 314
204 226
204 232
204 235
204 246
204 255
204 261
204 264
204 271
204 286
204 302
205 266
206 208
206 235
206 236
207 217
208 233
208 279
209 221
209 222
209 238
209 247
209 309
211 232
211 241
213 243
215 219
215 234
215 279
215 304
216 219
216 241
216 302
217 251
217 305
218 279
218 308
219 253
219 259
219 269
219 279
219 280
220 224
220 281
221 237
222 236
222 267
223 241
223 243
223 282
223 288
223 292
224 233
224 253
226 237
226 247
226 266
226 304
227 257
227 304
228 235
228 241
228 268
232 233
232 234
232 235
232 263
232 279
233 235
233 246
233 249
234 256
234 278
234 279
234 309
234 312
234 315
235 244
235 247
235 271
235 275
235 277
235 313
236 253
236 305
237 259
237 302
237 308
238 266
241 247
241 260
241 263
241 288
241 297
243 255
245 279
246 248
246 255
247 252
247 297
250 290
251 288
252 279
253 265
253 302
254 276
257 306
259 279
266 296
266 309
267 273
268 290
268 311
271 275
271 309
273 280
277 304
280 302
285 311
291 304
291 310
