0 32
0 49
0 119
0 122
1 46
2 35
2 40
2 89
2 97
2 126
2 159
2 259
3 8
3 12
3 22
3 26
3 40
3 51
3 121
3 124
3 126
3 147
3 261
4 5
4 9
4 75
4 93
4 106
4 120
4 129
4 186
4 219
4 233
4 240
4 266
4 297
5 29
5 49
5 75
5 89
5 90
5 124
5 125
5 126
5 127
5 128
5 129
5 134
5 141
5 166
5 175
5 194
5 203
5 204
5 262
5 304
6 52
6 55
6 101
6 105
6 115
6 122
6 166
6 168
6 171
6 176
6 241
6 274
6 282
7 86
7 110
7 111
7 125
7 148
7 163
7 187
7 193
7 214
7 248
7 255
8 249
8 276
9 37
9 49
9 80
9 124
9 162
9 165
10 20
10 85
10 125
10 128
10 140
10 193
10 237
10 279
11 21
11 42
11 51
11 84
11 128
12 13
12 44
12 74
12 122
12 164
12 179
12 238
12 248
13 34
13 44
13 122
13 151
13 232
13 259
13 264
13 268
13 282
14 100
14 106
14 171
14 240
14 257
14 309
14 310
15 178
15 183
15 304
16 197
16 204
16 207
16 239
16 267
16 285
17 75
17 83
17 90
17 100
17 130
17 193
17 214
17 227
18 40
18 173
18 206
18 234
18 260
18 276
18 309
19 127
19 205
19 233
19 256
20 22
20 23
20 59
20 73
20 93
20 168
20 174
20 189
20 219
20 226
20 237
21 121
21 315
22 90
22 134
22 144
23 41
23 68
23 100
23 134
23 279
23 291
24 246
24 265
24 309
24 314
25 149
26 74
26 82
26 128
26 238
26 259
26 280
27 164
27 166
27 216
27 309
28 44
28 73
28 83
28 105
28 126
28 129
28 205
28 223
29 62
29 127
29 182
29 183
29 204
29 226
30 168
30 187
31 53
31 66
31 105
31 176
31 186
31 260
32 34
32 39
32 123
32 233
33 51
33 127
33 252
34 40
34 124
34 127
34 148
34 220
34 262
34 311
35 59
35 70
35 81
35 127
35 151
35 163
35 186
35 221
35 232
35 233
35 250
35 262
35 285
36 56
36 107
36 122
36 129
36 179
36 220
36 279
36 309
36 311
37 57
37 124
37 126
37 192
37 207
37 226
38 233
38 309
39 53
39 116
39 153
40 63
40 64
40 66
40 75
40 126
40 128
40 156
40 192
40 195
40 204
40 208
40 210
40 232
40 247
40 255
40 257
40 261
40 305
41 128
41 147
41 173
41 181
41 221
41 233
41 309
42 61
42 75
42 168
42 201
42 309
43 55
43 124
44 128
44 171
44 193
44 272
45 134
45 234
46 123
46 176
47 131
47 195
47 234
48 73
48 174
49 95
49 121
49 254
50 136
50 141
51 90
51 100
51 189
51 197
51 201
51 226
51 314
52 77
52 121
52 126
52 127
52 139
52 186
52 204
52 226
52 235
52 282
52 288
53 89
53 129
53 167
53 223
53 234
54 117
54 160
54 178
54 230
55 132
55 215
56 99
56 104
56 124
57 125
57 156
57 178
57 206
57 238
57 267
57 291
58 66
58 122
58 217
58 309
59 100
59 124
59 154
59 165
59 168
59 195
59 248
59 270
59 275
59 288
59 309
61 76
61 121
61 122
61 123
61 180
61 183
61 266
62 84
62 98
62 262
62 289
63 127
63 199
64 76
64 126
64 144
64 195
64 204
65 70
66 76
66 107
66 129
66 226
66 233
66 259
66 267
66 296
66 299
67 176
67 204
67 241
67 250
68 140
68 196
68 261
69 75
69 121
69 139
69 177
70 156
70 257
71 249
72 99
72 208
72 255
73 77
73 90
73 202
73 207
73 212
74 97
75 85
75 121
75 122
75 145
75 204
75 302
75 304
76 80
76 117
76 122
76 125
76 126
76 130
76 138
76 160
76 164
76 202
76 220
76 252
76 295
76 308
76 309
77 99
77 123
77 125
77 133
77 144
77 151
77 183
77 215
77 226
77 260
77 308
79 122
79 127
79 160
79 194
79 210
80 86
80 166
80 180
80 204
80 235
80 263
80 265
80 297
81 128
82 165
82 228
82 232
83 121
83 176
83 201
83 205
83 235
84 168
84 194
84 309
85 106
85 125
85 129
85 204
85 243
85 255
85 266
86 99
86 121
86 191
86 246
86 304
86 312
87 99
87 102
87 279
88 121
88 144
88 289
89 128
89 152
89 202
89 233
89 271
90 100
90 110
90 125
90 128
90 141
90 158
90 160
90 179
90 185
90 186
90 187
90 195
90 215
90 218
90 234
90 257
90 272
90 274
90 276
90 286
91 127
91 129
91 189
91 279
92 181
93 168
93 199
93 304
94 122
94 181
94 241
95 209
95 237
95 261
95 274
96 111
96 158
96 238
97 121
97 264
98 112
98 159
98 201
98 276
99 110
99 124
99 125
99 134
99 178
99 199
99 205
99 206
99 217
99 233
99 246
99 277
100 104
100 121
100 123
100 163
100 209
100 247
100 266
100 288
100 309
101 173
102 168
102 204
102 232
102 233
102 259
103 127
103 148
103 157
103 187
103 206
103 304
103 315
104 123
104 132
104 176
104 271
104 309
105 117
105 121
105 125
105 134
105 193
105 261
105 271
105 292
105 305
105 309
106 177
106 180
106 181
106 228
106 235
106 247
107 127
107 183
107 204
108 110
108 125
108 134
108 273
109 185
110 111
110 122
110 126
110 127
110 155
110 181
110 189
110 201
110 208
110 214
110 249
110 264
111 127
111 156
111 226
111 233
112 135
112 180
112 246
112 291
113 123
113 273
113 288
114 123
114 225
115 121
115 125
115 126
115 166
115 168
115 179
115 223
116 122
116 126
116 266
117 134
117 144
117 160
117 195
117 241
117 313
118 126
118 212
119 125
119 133
119 258
119 281
119 304
120 180
120 226
120 250
120 266
121 123
121 125
121 134
121 160
121 165
121 185
121 195
121 201
121 213
121 226
121 230
121 243
122 124
122 125
122 126
122 129
122 134
122 137
122 146
122 183
122 191
122 200
122 204
122 207
122 212
122 216
122 225
122 232
122 238
122 270
122 279
122 280
122 307
122 311
122 312
123 124
123 125
123 135
123 143
123 144
123 147
123 159
123 160
123 162
123 165
123 168
123 200
123 202
123 204
123 232
123 235
123 247
123 258
123 303
123 309
124 125
124 127
124 134
124 144
124 159
124 162
124 186
124 188
124 199
124 200
124 221
124 253
124 259
124 264
124 265
124 266
124 279
124 286
124 288
125 161
125 162
125 167
125 177
125 195
125 207
125 208
125 235
125 259
125 278
125 282
125 286
125 288
125 309
125 311
126 127
126 129
126 139
126 187
126 196
126 209
126 210
126 223
126 229
126 232
126 241
126 245
126 265
126 307
127 128
127 149
127 151
127 166
127 170
127 181
127 201
127 220
127 232
127 238
127 243
127 250
127 304
127 313
128 143
128 145
128 160
128 162
128 165
128 187
128 196
128 197
128 200
128 206
128 231
128 232
128 233
128 274
128 280
129 153
129 185
129 192
129 193
129 195
129 203
129 224
129 226
129 231
129 232
129 234
129 239
129 265
129 286
129 313
130 154
130 234
130 237
130 246
131 181
131 232
131 235
131 238
131 255
131 266
131 278
131 286
132 226
132 259
132 309
133 288
133 304
133 309
134 208
134 239
134 285
135 149
135 162
135 226
135 308
136 180
137 279
138 143
138 200
138 202
138 277
139 163
139 180
139 185
139 200
139 245
139 247
139 272
140 187
140 233
140 238
140 251
141 155
141 157
141 165
141 207
141 227
141 258
142 232
142 239
143 157
143 172
143 204
143 208
143 224
144 160
144 234
144 235
145 158
147 198
147 252
147 314
149 160
149 262
150 311
151 160
151 298
152 193
153 223
153 254
153 259
153 314
154 202
154 235
154 271
155 169
155 190
155 236
155 240
156 218
156 233
156 239
157 162
157 180
157 195
157 220
157 257
157 309
158 189
158 191
158 192
158 203
158 238
158 255
158 279
159 173
159 296
159 301
160 170
160 173
160 176
160 177
160 181
160 192
160 241
160 294
160 295
160 309
160 314
161 175
161 232
161 246
162 202
162 215
162 279
163 164
163 180
163 183
163 243
163 266
164 284
165 173
165 223
165 236
165 266
165 282
166 249
166 280
168 200
168 224
168 233
168 235
168 243
168 253
169 195
169 208
169 283
170 247
170 250
171 261
172 201
172 206
172 221
173 220
173 226
173 257
174 234
174 241
175 201
175 286
176 234
176 241
176 292
179 238
179 264
180 193
180 206
180 210
180 235
180 304
181 295
182 275
183 184
183 231
183 274
184 285
185 277
186 204
186 312
187 203
187 208
187 226
187 268
187 275
188 204
188 232
188 251
188 304
189 191
189 234
192 197
193 232
193 233
193 234
193 235
194 304
195 234
195 301
197 309
198 234
198 286
200 233
201 226
202 217
202 234
202 238
202 266
202 267
203 261
203 313
204 209
204 214
204 234
204 309
204 313
206 207
206 233
206 298
206 302
206 305
208 292
209 266
209 297
210 266
210 297
211 235
212 215
212 232
212 266
214 264
215 304
215 312
216 233
217 235
217 262
218 222
219 236
219 261
219 309
220 267
220 285
221 234
221 241
221 311
223 235
223 249
223 279
223 303
223 304
223 307
224 232
225 234
225 250
225 291
226 232
226 257
226 286
226 307
227 233
230 309
232 234
232 255
232 257
232 280
232 300
232 309
233 234
233 245
233 284
234 243
234 266
234 267
234 293
234 299
234 309
235 239
235 305
235 314
236 309
238 276
239 285
239 286
241 271
243 273
246 314
247 266
247 304
248 303
250 267
253 263
257 302
261 262
262 277
262 304
264 309
266 291
267 277
267 288
267 298
276 307
279 304
279 309
279 315
283 314
292 303
307 313
