1 48
1 137
1 217
2 24
2 86
2 123
2 127
2 214
3 17
3 90
3 102
3 106
3 107
3 246
3 279
3 283
4 54
4 95
4 123
4 124
4 127
4 150
4 187
4 304
5 20
5 40
5 49
5 57
5 77
5 101
5 103
5 106
5 124
5 132
5 151
5 192
5 196
5 222
5 233
5 243
5 246
5 247
5 301
5 306
5 309
6 16
6 39
6 110
6 168
6 174
6 180
7 28
7 131
7 148
7 153
7 172
7 189
7 195
7 219
7 249
8 42
8 52
8 126
8 232
8 252
9 116
9 129
9 222
9 232
9 283
10 127
10 191
10 196
10 197
10 210
10 241
11 79
11 121
11 173
11 266
12 17
12 38
12 166
12 177
12 182
13 73
13 95
13 111
13 115
13 125
13 140
13 151
13 189
14 110
14 123
14 204
15 19
15 99
15 115
15 156
15 217
15 223
16 121
16 126
16 148
16 223
16 241
16 253
16 255
16 257
16 299
16 304
17 44
17 107
17 110
17 129
17 157
17 168
17 172
17 188
17 196
17 201
17 233
17 264
17 273
17 304
17 309
17 311
18 61
18 199
18 210
18 220
18 271
19 27
19 123
19 192
19 261
20 22
20 99
20 140
20 152
20 180
20 199
21 110
21 265
22 125
22 128
22 192
22 210
22 309
23 48
23 74
23 168
23 271
24 37
24 45
24 99
24 124
24 125
24 174
24 218
25 186
25 219
26 55
26 129
26 226
26 268
26 311
27 88
27 103
27 168
27 199
28 37
28 51
28 125
28 234
28 285
28 297
28 309
29 39
29 160
29 210
29 218
29 259
29 267
30 79
30 266
30 313
31 234
31 274
32 81
32 85
32 135
32 157
32 175
32 236
32 286
34 64
34 85
34 111
34 124
34 126
34 135
35 37
35 54
35 55
35 67
35 96
35 100
35 107
35 119
35 122
35 124
35 158
35 191
35 206
35 222
35 241
35 254
35 299
36 67
36 115
36 126
36 148
36 181
36 210
36 314
37 48
37 80
37 82
37 125
37 129
37 137
37 140
37 181
37 240
37 241
37 267
37 273
37 290
37 305
38 41
38 52
38 106
38 123
38 252
38 296
39 54
39 96
39 140
39 160
39 174
39 201
40 70
40 106
40 122
40 131
40 143
40 155
40 158
40 183
40 199
40 204
40 219
40 234
40 264
40 288
40 303
41 62
41 66
41 168
41 208
41 220
41 221
42 76
42 86
42 88
42 124
42 189
42 200
42 231
42 268
42 278
42 283
43 166
43 204
43 226
44 67
44 91
44 110
44 207
44 226
44 314
45 103
45 160
49 85
49 106
49 128
49 139
49 158
49 262
50 73
50 123
50 163
50 219
51 100
51 160
51 187
51 192
51 195
51 196
51 207
51 259
51 273
52 121
52 168
53 92
53 126
53 217
53 219
53 232
54 208
54 235
55 61
55 112
55 128
55 143
55 235
55 279
56 241
57 69
57 92
57 144
57 168
58 134
58 268
59 87
59 89
59 118
60 85
60 109
60 129
60 165
61 86
61 125
61 129
61 226
61 227
62 201
62 221
62 266
63 126
63 256
64 235
64 271
65 163
65 203
65 247
65 274
66 121
66 309
67 127
67 168
67 222
67 280
68 296
69 91
69 147
70 76
70 110
70 125
70 128
70 142
70 298
70 311
71 277
72 92
72 101
72 127
72 134
72 182
72 200
72 271
73 78
73 101
73 129
73 162
73 193
73 233
75 129
75 158
75 264
75 291
75 304
75 309
76 77
76 85
76 86
76 88
76 90
76 124
76 134
76 177
76 191
76 204
76 216
76 237
76 241
76 283
77 78
77 90
77 125
77 140
77 163
77 192
77 212
77 224
77 228
77 234
77 235
77 236
77 238
77 304
78 129
78 171
78 219
78 279
79 126
80 168
80 203
80 253
80 291
80 308
81 234
82 224
82 267
83 100
83 111
83 127
83 191
83 304
83 307
84 115
84 130
84 187
84 238
85 125
85 144
85 152
85 212
85 241
85 259
85 282
86 179
86 221
86 280
87 193
87 195
87 200
88 124
88 126
88 265
89 105
89 110
89 152
89 177
89 197
90 111
90 160
90 185
90 203
90 221
90 233
90 240
90 258
90 279
90 283
91 121
91 185
91 206
92 104
92 208
93 207
94 95
94 226
95 98
95 102
95 125
95 135
95 144
95 206
95 218
95 286
95 291
96 99
96 126
96 304
97 99
97 126
98 107
98 134
98 140
98 195
98 197
98 207
98 219
98 279
98 280
99 111
99 124
99 233
99 238
99 266
99 296
100 104
100 125
100 126
100 129
100 135
100 155
100 170
100 173
100 180
100 189
100 196
100 227
100 235
100 247
100 283
101 107
101 128
102 124
102 128
102 309
103 134
103 139
103 163
103 273
103 283
104 115
104 204
104 233
104 237
104 246
105 124
105 126
105 128
105 236
105 239
105 302
105 313
106 127
106 171
106 205
106 226
106 233
106 250
107 129
107 142
107 221
107 286
108 278
109 113
109 309
110 133
110 148
110 195
110 202
110 226
111 112
111 114
111 135
111 147
111 174
111 195
111 285
111 309
112 152
112 160
112 162
112 309
113 125
113 143
114 123
114 160
114 234
115 120
115 182
115 283
115 309
116 299
117 122
117 126
117 212
117 226
117 271
118 234
118 288
119 264
121 125
121 126
121 135
121 160
121 166
121 184
121 188
121 189
121 195
121 210
121 215
121 227
121 233
121 246
121 260
121 266
121 269
121 271
121 279
121 299
121 302
121 306
121 307
122 123
122 127
122 135
122 140
122 143
122 151
122 161
122 163
122 175
122 201
122 202
122 206
122 209
122 212
122 217
122 220
122 241
122 252
122 262
122 279
122 283
122 298
122 305
123 125
123 126
123 128
123 129
123 130
123 133
123 158
123 166
123 167
123 168
123 170
123 180
123 190
123 192
123 195
123 216
123 220
123 223
123 227
123 234
123 235
123 240
123 241
123 266
123 292
124 126
124 129
124 144
124 191
124 200
124 204
124 219
124 235
124 253
124 255
124 265
124 269
124 293
124 302
125 126
125 128
125 135
125 149
125 160
125 175
125 201
125 203
125 233
125 236
125 244
125 248
125 252
125 264
125 294
125 309
125 314
126 128
126 139
126 148
126 160
126 165
126 168
126 170
126 185
126 217
126 220
126 232
126 233
126 235
126 237
126 251
126 264
126 266
126 280
126 309
127 128
127 133
127 134
127 149
127 150
127 151
127 157
127 159
127 178
127 183
127 195
127 207
127 215
127 226
127 227
127 232
127 264
127 267
127 297
127 304
128 155
128 168
128 171
128 177
128 195
128 206
128 219
128 233
128 304
128 308
128 313
129 143
129 201
129 210
129 220
129 231
129 232
129 249
130 156
130 173
130 282
130 288
130 291
130 309
132 201
132 207
133 140
133 220
134 160
134 173
134 201
134 219
134 239
134 265
135 151
135 167
135 169
135 215
135 304
136 204
136 256
137 169
137 177
137 238
138 293
139 170
139 175
139 204
139 283
140 158
140 201
140 206
141 218
141 240
142 236
142 290
143 150
143 185
143 188
144 146
144 204
144 235
145 153
146 163
147 234
147 304
147 312
148 294
150 254
151 169
151 207
151 226
152 238
152 297
153 155
153 157
153 204
153 217
153 262
154 157
154 182
154 196
154 204
154 266
155 166
155 210
155 230
155 262
156 304
157 169
157 304
158 160
158 169
158 197
158 213
158 226
158 243
159 170
159 257
160 168
160 173
160 188
160 189
160 204
160 206
160 235
160 240
160 241
160 271
160 285
160 311
161 252
162 163
162 233
162 260
162 309
163 201
163 214
163 279
165 180
165 216
165 218
165 226
166 195
167 304
168 204
168 216
168 232
169 197
169 261
169 267
170 175
170 189
170 216
170 256
170 304
173 221
173 235
173 246
174 229
174 257
174 258
175 294
176 180
176 191
176 286
176 287
177 191
179 309
180 181
180 211
180 217
180 236
180 247
180 264
181 202
181 216
181 261
181 314
182 187
182 262
183 209
183 219
183 247
183 267
183 304
186 191
186 297
187 241
189 226
189 233
189 264
190 262
190 279
192 215
192 226
192 244
192 264
193 279
194 274
195 276
195 292
199 205
199 234
199 302
199 303
200 243
201 264
201 304
201 309
202 224
203 232
203 301
204 256
204 262
204 266
204 309
205 309
207 209
207 221
207 240
207 302
207 309
208 215
208 288
209 261
209 281
210 223
210 233
210 235
210 252
210 263
212 220
212 236
212 263
214 226
215 310
216 309
217 279
217 304
218 223
218 297
218 309
219 226
219 239
220 226
220 279
221 232
222 274
223 247
223 286
224 285
225 285
226 233
226 234
226 238
226 261
226 272
226 274
227 234
227 271
227 279
228 291
228 315
232 246
232 263
233 237
233 265
233 279
233 283
233 288
233 312
234 271
234 283
235 236
235 261
236 264
237 293
238 245
238 246
238 280
238 288
239 263
240 257
241 313
242 264
246 252
246 273
246 288
247 264
250 264
251 285
252 293
254 287
254 291
255 261
259 277
260 314
263 266
265 266
268 307
272 284
273 276
273 309
274 304
278 285
278 304
279 309
284 313
286 304
289 309
