0 9
0 76
0 113
0 185
0 280
1 123
1 133
1 134
1 185
1 262
2 41
2 76
2 112
2 116
2 122
2 128
2 130
2 143
2 169
2 182
2 214
2 265
3 18
3 21
3 48
3 61
3 71
3 86
3 90
3 134
3 160
3 232
3 233
4 16
4 41
4 93
4 102
4 121
4 123
4 127
4 163
4 168
4 232
4 309
4 315
5 13
5 24
5 43
5 77
5 95
5 98
5 99
5 124
5 126
5 129
5 200
5 206
5 207
5 226
5 235
5 236
5 243
5 259
5 271
5 278
5 290
5 303
6 31
6 34
6 92
6 192
6 209
6 266
6 280
6 288
7 11
7 23
7 59
7 85
7 112
7 127
7 129
7 157
7 180
7 184
7 222
7 261
8 85
8 105
8 216
9 20
9 75
9 126
9 144
9 204
9 216
9 274
9 279
9 309
9 314
10 20
10 24
10 55
10 82
10 93
10 114
10 135
10 163
10 168
11 98
11 128
11 184
11 212
12 27
12 79
12 134
12 206
12 213
12 216
12 226
12 235
12 265
13 122
13 134
13 144
13 183
13 204
13 206
13 264
13 297
14 20
14 35
14 44
14 123
14 152
14 200
15 141
15 170
15 266
16 35
16 94
16 100
16 102
16 121
16 122
16 124
16 189
16 304
17 106
17 126
17 221
17 246
17 266
17 309
18 68
18 202
18 241
18 265
18 304
19 76
19 163
20 29
20 47
20 52
20 110
20 122
20 124
20 162
20 169
20 219
20 257
21 110
21 134
21 309
22 24
22 46
22 188
22 218
22 236
22 262
22 274
22 297
23 99
23 110
23 137
23 165
23 180
23 217
23 299
24 32
24 77
24 98
24 108
24 117
24 212
24 217
24 225
24 232
25 207
25 311
26 97
26 126
26 129
26 193
26 204
26 243
26 288
27 168
27 304
28 75
28 129
28 155
28 193
28 207
28 210
28 264
28 266
28 313
29 95
29 121
29 123
29 129
29 153
29 169
29 200
29 233
29 275
29 279
30 96
31 84
31 216
32 59
32 123
32 138
33 57
33 100
33 105
33 121
33 241
33 247
34 180
34 185
34 186
34 309
35 39
35 49
35 98
35 125
35 129
35 133
35 137
35 139
35 206
35 209
35 210
35 214
35 227
35 271
35 279
35 309
36 56
36 73
36 81
36 90
36 121
36 124
36 128
36 129
36 141
36 147
36 151
36 156
36 223
36 224
36 235
36 269
37 89
37 110
37 122
37 124
37 128
37 231
37 304
38 42
38 77
38 235
39 122
39 127
39 134
39 154
39 203
40 44
40 78
40 90
40 116
40 134
40 140
40 174
40 215
40 219
40 226
40 244
40 283
40 304
41 72
41 95
41 117
41 122
41 123
41 204
41 217
41 234
41 240
41 275
42 51
42 58
42 121
42 127
42 129
42 151
42 233
42 257
43 81
43 127
43 140
43 168
44 47
44 77
44 99
44 121
44 123
44 178
44 193
44 204
44 238
46 99
46 185
47 61
47 123
49 54
49 85
49 90
49 125
49 154
49 201
49 238
49 267
49 315
50 167
50 180
50 271
51 95
51 124
51 126
51 129
51 139
51 213
51 223
51 225
51 309
52 108
52 122
52 151
52 177
52 208
52 265
53 80
54 67
54 108
54 167
54 216
54 219
54 259
54 267
55 99
55 112
55 145
55 157
55 160
55 226
55 232
55 235
55 279
55 283
56 67
56 121
56 238
56 266
57 77
57 84
57 122
57 166
57 286
57 304
59 78
59 86
59 100
59 106
59 128
59 134
59 183
59 186
59 214
59 261
59 278
59 304
60 222
61 75
61 110
61 152
61 160
61 208
61 238
61 284
61 288
61 289
62 124
62 166
62 210
62 235
62 265
63 238
63 266
64 74
64 121
64 215
65 71
65 85
65 105
65 125
65 126
65 129
65 223
65 232
65 304
66 124
66 138
66 235
66 241
66 266
66 279
67 143
67 226
67 234
67 257
67 267
67 304
68 109
68 123
69 180
69 226
70 138
70 193
70 266
70 283
71 88
71 163
71 201
71 264
72 83
72 122
72 159
72 180
72 224
72 234
72 240
72 264
72 314
73 85
73 92
73 166
73 204
73 237
73 309
73 313
74 92
74 125
74 126
74 134
74 243
75 96
75 122
75 125
75 126
75 130
75 172
75 180
75 232
76 122
76 123
76 157
76 161
76 163
76 188
76 207
76 214
76 225
76 236
76 266
77 80
77 97
77 99
77 124
77 126
77 131
77 160
77 222
77 233
77 259
77 271
79 123
79 206
79 216
79 222
79 271
79 309
80 153
80 232
80 275
81 240
81 255
81 263
81 289
82 120
82 127
83 222
83 226
83 233
83 280
84 89
84 91
84 93
84 100
84 151
84 202
85 120
85 178
85 203
85 258
86 100
86 123
86 125
86 162
86 217
86 220
86 232
87 107
87 139
88 90
88 100
88 152
88 226
88 236
89 122
89 159
89 234
89 238
89 303
89 304
90 123
90 125
90 129
90 160
90 220
90 226
90 231
90 239
90 245
90 255
90 264
90 271
90 288
90 310
91 100
91 126
91 172
91 201
91 206
91 243
92 188
92 235
93 132
93 151
93 163
93 234
93 246
94 277
95 126
95 174
95 180
95 219
95 235
95 243
95 304
97 137
97 144
97 174
97 204
97 271
97 290
98 107
98 124
98 129
98 182
98 198
98 209
98 222
98 245
99 105
99 124
99 128
99 129
99 134
99 160
99 175
99 182
99 212
99 217
99 221
99 229
99 259
99 266
99 269
99 288
99 303
99 315
100 110
100 116
100 120
100 128
100 129
100 139
100 140
100 158
100 170
100 181
100 189
100 204
100 219
100 232
100 233
100 261
100 286
100 307
101 124
101 232
101 261
102 241
103 107
103 160
103 172
103 188
103 309
104 111
104 122
104 125
104 128
104 206
104 232
105 122
105 127
105 140
105 171
106 112
106 122
106 154
106 312
107 160
107 188
108 143
108 234
108 252
108 266
109 204
109 235
109 267
110 121
110 184
110 197
110 214
110 220
110 259
110 284
110 311
111 121
111 122
111 135
111 139
111 199
111 245
112 118
112 141
112 147
112 163
112 233
112 235
112 258
112 266
112 288
114 176
114 193
114 200
114 235
115 172
115 204
115 237
115 255
116 124
116 193
116 280
117 124
117 138
117 153
117 182
117 201
117 208
117 233
117 236
117 304
117 308
120 142
120 204
120 233
120 266
121 124
121 125
121 127
121 131
121 134
121 136
121 139
121 157
121 160
121 162
121 174
121 206
121 232
121 236
121 246
121 262
121 264
121 278
121 295
122 140
122 159
122 168
122 170
122 195
122 196
122 200
122 201
122 204
122 232
122 233
122 284
122 285
122 297
122 301
123 126
123 131
123 143
123 151
123 155
123 165
123 172
123 174
123 188
123 192
123 202
123 204
123 207
123 217
123 223
123 232
123 234
123 235
123 236
123 239
123 241
123 259
123 279
123 283
124 128
124 143
124 148
124 155
124 165
124 174
124 188
124 200
124 217
124 218
124 226
124 234
124 236
124 241
124 265
124 288
124 314
125 127
125 139
125 142
125 154
125 179
125 181
125 189
125 196
125 223
125 235
125 236
125 243
125 247
125 252
125 277
125 298
125 309
126 127
126 128
126 133
126 187
126 195
126 200
126 203
126 204
126 209
126 232
126 234
126 241
126 253
126 259
126 279
126 309
126 315
127 140
127 147
127 155
127 177
127 185
127 188
127 206
127 218
127 219
127 232
127 233
127 246
127 306
127 307
128 139
128 146
128 154
128 201
128 208
128 232
128 236
128 263
128 264
128 309
129 149
129 229
129 241
129 278
130 213
131 135
131 241
131 266
131 309
132 141
132 159
133 201
133 204
134 158
134 160
134 191
134 195
134 223
134 232
134 257
135 142
135 168
135 173
135 218
135 252
135 259
135 261
135 285
135 288
136 273
137 228
137 289
137 314
138 266
139 182
139 241
139 275
139 278
139 311
140 174
140 175
140 197
140 201
140 219
140 288
141 194
141 306
142 214
142 291
143 196
143 218
143 239
144 168
144 195
144 206
144 262
144 309
145 160
145 189
145 261
145 264
147 219
147 252
148 234
149 235
149 252
151 179
151 183
152 226
152 252
153 166
153 200
153 215
153 226
154 160
154 174
154 204
154 231
154 235
154 258
156 167
156 188
156 269
157 160
157 233
157 260
157 304
158 223
158 232
158 271
159 170
159 214
159 249
160 187
160 189
160 222
160 231
160 235
160 237
160 241
160 262
160 309
161 180
162 163
162 243
162 279
162 280
163 187
163 241
163 246
163 290
164 221
165 199
165 226
165 285
166 226
167 235
168 183
168 189
168 240
168 291
168 302
168 313
169 224
170 176
170 189
170 233
172 234
173 249
174 186
174 189
174 197
174 232
174 259
174 285
174 309
176 219
176 226
176 232
176 272
178 238
178 305
180 244
181 200
181 204
181 278
182 232
183 219
183 226
183 260
183 265
184 223
184 296
185 222
185 232
187 247
187 301
188 201
188 216
188 235
189 194
189 209
189 234
189 253
189 296
190 217
191 235
192 224
192 232
192 253
192 264
192 282
193 249
195 203
195 228
197 216
199 213
199 232
200 251
200 297
200 304
201 234
201 247
201 259
204 219
204 226
204 231
204 246
204 249
204 279
205 246
206 207
206 279
206 289
207 223
208 251
208 273
209 239
209 259
209 273
210 222
210 240
210 289
211 241
212 219
212 233
212 284
212 309
213 232
214 221
214 222
214 304
215 264
216 222
216 226
217 228
217 274
217 293
218 245
218 279
218 286
219 252
219 267
219 280
219 292
219 300
219 309
220 235
221 286
222 263
222 279
222 292
223 226
223 234
223 266
223 279
224 233
224 241
224 255
225 245
225 303
226 267
226 277
232 233
232 235
232 252
232 264
232 271
232 304
232 305
232 309
233 246
233 282
233 283
233 288
233 309
234 250
234 279
234 280
234 297
235 243
235 245
235 258
235 291
235 304
235 308
236 271
236 309
238 239
238 247
238 252
238 264
239 285
239 298
240 247
240 260
241 243
241 274
245 266
246 260
246 281
251 309
252 266
252 309
254 310
255 266
255 303
256 294
258 266
261 287
262 274
263 273
264 266
264 302
266 272
266 299
266 308
269 305
272 309
279 296
279 312
280 297
284 314
294 309
297 309
297 314
309 313
