0 113
0 124
0 162
0 183
1 180
1 198
1 226
1 286
2 34
2 90
2 127
2 170
2 212
2 218
2 219
2 264
3 127
3 149
3 184
4 56
4 73
4 93
4 99
4 122
4 138
4 160
4 169
4 200
4 234
4 277
4 283
4 290
5 17
5 28
5 33
5 58
5 84
5 110
5 121
5 122
5 124
5 152
5 157
5 160
5 178
5 200
5 204
5 209
5 219
5 239
6 37
6 91
6 121
6 122
6 125
6 266
6 267
6 277
6 288
6 292
7 21
7 62
7 77
7 89
7 108
7 129
7 153
7 173
7 195
7 230
7 233
7 299
8 72
8 84
8 204
8 256
9 30
9 76
9 123
9 126
9 224
10 16
10 54
10 115
10 121
10 144
10 149
10 169
10 181
10 202
10 233
11 117
11 162
11 165
11 173
11 174
11 196
11 223
12 21
12 25
12 134
12 271
13 55
13 90
13 100
13 153
13 156
13 202
13 234
13 253
14 81
14 160
14 214
14 262
15 43
15 104
15 129
15 149
15 185
15 199
15 246
15 303
16 49
16 73
16 121
17 98
17 253
17 258
17 307
18 160
18 197
18 221
19 42
19 122
19 274
20 42
20 95
20 126
20 188
20 233
20 235
21 128
21 219
22 37
22 91
22 108
22 128
22 135
22 278
23 35
23 40
23 57
23 96
23 99
23 125
23 249
23 264
24 85
24 89
24 110
24 126
25 226
25 239
25 265
26 32
26 51
26 56
26 65
26 273
27 75
27 81
27 208
27 224
27 293
28 105
28 128
28 159
28 200
28 210
28 219
28 224
29 35
29 49
29 111
29 134
29 162
29 187
30 42
31 113
31 231
31 277
32 34
32 121
32 124
32 129
32 206
32 223
32 261
32 297
33 105
33 124
33 142
33 174
33 240
34 126
34 279
35 59
35 74
35 75
35 123
35 129
35 141
35 154
35 195
35 206
35 227
35 249
35 286
35 304
36 66
36 98
36 109
36 111
36 170
36 202
36 232
36 303
37 52
37 59
37 144
37 232
37 233
37 264
37 293
38 54
38 107
39 121
39 123
39 127
39 223
39 235
39 245
39 309
40 54
40 57
40 72
40 73
40 106
40 128
40 129
40 140
40 154
40 165
40 173
40 219
40 266
40 267
40 275
41 46
41 51
41 118
41 123
41 154
41 174
41 245
41 286
42 123
42 241
42 255
42 260
43 89
43 128
43 232
43 297
44 72
44 77
44 83
44 122
44 127
44 129
44 188
45 74
45 235
46 123
46 173
46 226
47 219
47 263
48 59
48 124
49 83
49 127
49 134
49 188
49 212
50 77
50 233
50 257
51 74
51 99
51 172
51 218
51 226
52 59
52 123
52 233
52 252
52 279
52 304
53 66
53 98
53 163
53 229
53 288
54 61
54 70
54 97
54 111
54 129
54 141
54 251
55 97
55 121
55 180
55 195
55 232
55 235
56 124
56 127
56 159
56 189
57 122
57 175
57 188
57 296
57 304
58 111
58 120
58 125
58 286
59 77
59 86
59 110
59 116
59 151
59 159
59 183
59 226
59 262
59 264
59 309
60 76
60 105
60 121
60 122
60 160
61 62
61 87
61 107
61 147
61 189
61 206
61 231
61 264
62 90
62 99
62 102
62 140
62 207
62 233
62 285
63 122
63 132
63 176
63 234
64 99
64 127
64 302
65 128
65 237
65 271
66 129
66 135
66 202
66 217
66 292
66 295
66 304
67 110
67 159
67 176
67 188
67 202
68 159
69 84
69 140
69 247
70 133
70 182
70 226
70 235
71 122
72 95
72 126
72 185
72 188
72 266
72 273
73 124
73 162
73 166
73 227
73 304
73 307
74 123
75 173
75 233
75 238
75 277
76 77
76 101
76 117
76 125
76 126
76 129
76 150
76 159
76 168
76 174
76 216
76 233
76 241
76 247
76 253
77 86
77 102
77 108
77 121
77 129
77 140
77 147
77 149
77 153
77 154
77 163
77 177
77 265
78 111
78 309
79 153
79 203
80 98
80 123
80 154
80 269
80 271
80 294
81 98
81 127
81 213
81 309
82 121
82 133
82 171
82 257
82 266
82 308
83 117
83 170
83 177
83 277
84 108
84 122
84 163
84 198
84 226
84 275
85 144
85 147
85 153
85 162
85 207
85 218
85 224
85 246
85 266
85 286
86 121
86 126
86 134
86 142
86 219
86 232
86 241
86 309
87 111
87 155
87 233
88 126
88 246
89 117
89 141
89 147
89 193
89 221
89 223
89 250
89 280
90 93
90 99
90 123
90 125
90 137
90 140
90 148
90 151
90 155
90 174
90 185
90 200
90 227
90 233
90 253
90 281
91 111
91 124
91 176
91 204
91 234
91 239
91 282
91 309
92 175
92 183
93 95
93 99
93 116
93 305
94 296
95 165
95 170
95 177
95 232
95 276
96 117
96 218
97 129
97 135
97 252
97 267
97 276
98 173
98 183
98 189
98 233
98 262
98 263
99 108
99 121
99 122
99 124
99 125
99 150
99 157
99 195
99 230
99 238
99 240
99 253
99 279
99 309
100 107
100 109
100 112
100 119
100 147
100 180
100 264
100 300
100 307
102 127
102 151
102 158
102 193
102 274
103 121
103 217
103 266
104 129
104 232
105 164
105 176
105 204
105 233
105 235
105 276
106 127
106 140
106 181
106 234
106 297
107 108
107 125
107 142
107 156
107 228
108 160
108 207
108 217
108 234
109 189
110 117
110 123
110 128
110 168
110 170
110 223
110 235
110 288
111 112
111 115
111 127
111 152
111 190
111 204
112 141
112 149
112 201
112 227
112 282
113 180
113 220
114 262
115 185
115 201
115 256
115 279
115 298
116 127
116 130
116 285
117 124
117 222
119 134
120 176
120 193
120 231
120 234
120 262
120 286
121 122
121 123
121 125
121 135
121 138
121 143
121 150
121 160
121 169
121 171
121 212
121 218
121 233
121 246
121 249
121 259
121 264
121 274
121 276
121 279
121 297
121 299
122 124
122 126
122 130
122 154
122 157
122 159
122 188
122 241
122 243
122 245
122 246
122 256
122 266
122 267
122 276
122 282
122 291
122 299
123 125
123 128
123 134
123 135
123 148
123 166
123 168
123 174
123 177
123 181
123 183
123 185
123 223
123 232
123 234
123 238
123 243
123 247
123 266
123 268
123 274
123 302
123 308
124 126
124 127
124 139
124 176
124 201
124 212
124 220
124 234
124 236
124 246
124 263
124 286
124 288
125 134
125 147
125 148
125 149
125 153
125 171
125 178
125 180
125 203
125 217
125 219
125 223
125 232
125 235
125 240
125 265
125 266
125 267
125 277
125 279
125 311
125 315
126 131
126 145
126 151
126 153
126 160
126 196
126 203
126 212
126 223
126 226
126 234
126 235
126 237
126 286
127 129
127 134
127 138
127 140
127 144
127 159
127 174
127 175
127 176
127 215
127 223
127 260
127 266
127 290
127 294
127 302
127 305
128 130
128 134
128 138
128 160
128 176
128 192
128 199
128 208
128 216
128 219
128 225
128 234
128 239
128 246
128 266
128 271
128 309
129 146
129 155
129 168
129 178
129 183
129 193
129 202
129 212
129 221
129 231
129 239
129 266
129 287
129 314
130 169
130 180
131 133
131 226
131 233
131 277
132 169
132 192
133 253
134 137
134 140
134 141
134 154
134 202
134 232
134 255
134 264
134 278
134 309
134 314
135 153
135 210
135 212
135 255
135 286
136 146
137 221
137 265
138 173
138 199
138 273
139 164
139 218
139 227
139 232
139 234
139 282
140 189
140 210
140 223
140 232
140 259
142 203
142 250
143 195
143 214
144 219
144 234
145 179
145 309
146 275
147 172
147 206
148 238
148 312
151 221
152 185
152 226
152 232
153 161
153 180
153 223
154 209
154 266
155 203
155 224
155 234
155 292
155 297
155 303
156 310
156 315
157 261
157 266
158 172
158 180
158 203
158 226
158 312
158 314
159 168
159 187
159 201
159 218
159 221
160 209
160 241
160 296
161 168
161 233
161 235
162 180
162 202
162 211
162 283
163 165
163 234
163 246
163 288
163 304
165 212
165 225
165 246
165 283
166 180
166 201
166 241
166 266
168 189
168 200
168 201
168 232
168 261
168 267
169 285
170 189
170 217
171 223
171 226
172 233
172 279
172 292
173 189
173 197
173 199
173 200
173 217
173 219
173 232
173 235
174 238
174 261
175 216
175 226
175 239
176 271
178 238
179 224
180 188
180 216
180 230
180 232
180 237
180 302
180 304
181 188
181 218
182 220
182 261
182 313
183 249
183 261
183 279
183 290
184 189
185 244
185 281
187 226
187 267
188 246
188 249
188 261
188 262
188 264
190 246
192 232
192 264
193 223
193 232
193 235
195 197
195 219
195 232
195 287
195 314
196 234
197 215
198 233
198 289
199 259
200 222
200 223
201 240
201 247
201 266
201 287
201 291
202 236
202 241
202 283
203 235
203 289
203 315
204 206
204 216
204 232
204 245
204 253
204 278
205 264
206 232
207 223
207 277
207 283
207 308
209 222
209 236
209 283
212 233
212 275
212 304
213 309
215 304
216 234
216 262
216 294
217 241
217 304
218 219
218 241
218 280
219 262
219 275
219 309
220 232
221 232
221 273
221 304
222 232
223 235
223 241
223 278
224 234
225 311
226 232
226 247
226 249
226 264
226 286
227 298
228 232
228 245
228 304
230 239
231 266
232 237
232 270
232 279
232 288
232 313
233 240
233 245
233 249
233 276
233 309
234 237
234 239
234 243
234 304
235 236
235 239
235 240
235 254
235 263
235 264
235 283
235 288
235 296
235 302
236 241
236 255
237 264
237 294
238 309
240 311
241 257
241 259
243 271
245 301
246 312
246 314
250 286
254 266
254 279
255 282
255 292
260 302
262 272
266 275
266 280
268 279
271 286
273 310
279 282
279 309
286 292
286 309
290 309
291 313
297 309
303 309
304 309
309 315
