0 86
0 126
0 128
0 155
0 170
0 216
0 249
1 129
1 231
2 3
2 60
2 77
2 80
2 129
2 175
2 201
2 215
2 229
2 233
2 279
2 288
3 19
3 68
3 79
3 122
3 127
3 133
3 223
3 226
3 309
4 86
4 89
4 168
4 186
4 208
4 219
4 297
4 299
4 304
5 13
5 123
5 126
5 132
5 233
5 238
5 243
5 263
5 289
5 297
6 14
6 95
6 100
6 112
6 122
6 125
6 126
6 129
6 145
6 162
6 172
6 216
6 234
6 258
6 279
6 311
7 37
7 51
7 99
7 126
7 150
7 202
7 234
8 77
9 35
9 110
9 127
9 135
9 171
9 218
9 233
10 56
10 74
10 116
10 127
10 166
10 220
11 122
11 149
11 218
11 226
12 29
12 92
12 110
12 134
12 214
12 241
12 267
13 27
13 28
13 32
13 41
13 54
13 92
13 98
13 100
13 125
13 173
13 182
13 228
14 15
14 125
14 169
14 288
15 24
15 90
15 97
15 133
16 76
16 121
16 122
16 124
16 129
16 133
16 190
16 219
17 84
17 100
17 117
17 125
17 126
17 160
17 197
17 232
17 241
17 243
17 261
17 267
18 129
18 142
18 143
18 311
19 219
19 231
19 278
20 98
20 128
20 158
20 163
20 193
20 241
20 261
21 199
21 224
21 241
21 261
22 35
22 99
22 280
23 49
23 50
23 93
23 105
23 166
23 174
23 201
23 261
23 265
24 50
24 59
24 98
24 100
24 112
24 122
24 183
24 252
24 265
25 129
25 162
26 95
27 149
27 174
27 193
27 288
28 35
28 68
28 99
28 127
28 133
28 183
28 216
29 126
29 134
29 178
29 192
29 200
29 205
29 252
30 38
30 126
30 232
30 304
31 100
31 128
31 157
31 162
31 217
32 35
32 104
32 125
32 126
32 304
33 36
33 125
33 232
33 241
34 46
34 74
34 75
34 85
34 90
34 111
34 127
34 128
34 131
34 144
34 231
34 234
34 235
34 243
34 309
35 42
35 77
35 93
35 100
35 129
35 173
35 180
35 182
35 183
35 232
35 257
35 268
36 84
36 90
36 100
36 112
36 155
36 189
36 212
36 221
36 308
37 84
37 126
37 163
37 269
37 313
38 112
38 122
38 201
38 241
39 69
39 71
39 89
39 128
39 129
39 168
39 178
39 191
39 200
39 235
39 247
39 298
40 50
40 52
40 90
40 103
40 124
40 126
40 142
40 158
40 160
40 195
40 250
40 264
41 44
41 56
41 121
41 123
41 126
41 215
41 220
41 226
41 232
41 266
42 121
42 123
42 142
42 156
42 171
42 190
42 236
42 240
42 270
43 295
44 75
44 125
44 135
44 190
44 266
44 273
44 307
45 104
47 233
48 86
48 206
49 83
49 108
49 153
49 182
50 200
51 99
51 121
51 127
51 134
51 190
51 227
51 246
51 313
52 67
52 133
52 144
52 160
52 188
52 216
52 226
52 262
52 271
52 280
52 297
53 230
53 282
53 285
54 122
54 157
54 207
54 218
54 219
54 235
55 120
55 127
55 128
55 134
55 223
55 226
55 233
55 241
56 121
56 124
56 181
56 226
56 291
56 292
57 76
57 134
57 149
57 168
57 174
57 188
57 209
57 223
57 280
57 283
59 75
59 127
59 128
59 151
59 202
59 234
59 288
60 311
61 70
61 77
61 124
61 128
61 136
61 225
61 284
62 114
62 117
62 143
62 168
62 175
62 232
62 255
63 309
64 233
64 297
65 77
66 89
66 92
66 98
66 104
66 111
66 128
66 138
66 163
67 128
67 173
67 175
67 303
67 309
68 172
68 254
68 267
69 119
69 124
69 165
69 217
70 126
70 149
70 279
70 296
71 219
71 257
72 79
72 113
72 117
72 126
73 95
73 121
73 124
73 127
73 157
73 160
73 229
73 265
73 279
73 289
74 121
74 124
74 126
74 221
75 111
75 117
75 123
75 127
75 128
75 140
75 160
75 162
75 249
76 79
76 108
76 123
76 126
76 128
76 137
76 142
76 147
76 162
76 238
76 252
76 259
76 283
77 86
77 87
77 126
77 128
77 139
77 173
77 192
77 233
77 235
77 253
77 255
77 273
77 285
77 304
77 308
78 125
78 156
79 172
79 201
79 258
80 123
80 129
80 207
80 235
81 123
81 125
82 128
82 129
82 200
82 212
82 240
82 260
82 268
83 106
83 192
83 233
83 253
84 104
84 116
84 232
84 267
84 286
85 95
85 99
85 122
85 124
85 125
85 159
85 163
85 170
85 216
85 217
85 224
85 246
86 188
86 239
87 220
87 233
88 164
88 203
88 257
89 104
89 136
89 224
89 234
89 252
89 267
90 104
90 107
90 125
90 126
90 132
90 133
90 135
90 139
90 153
90 180
90 206
90 223
90 227
90 235
90 240
90 242
90 296
91 158
91 227
91 297
92 123
92 176
93 125
93 148
93 250
94 110
94 135
94 174
94 283
95 125
95 126
95 143
95 180
95 185
95 189
95 221
95 291
95 292
95 315
96 126
96 212
96 238
97 119
97 121
98 113
98 217
98 237
98 284
99 117
99 122
99 129
99 133
99 167
99 168
99 172
99 181
99 204
99 207
99 226
100 121
100 123
100 127
100 128
100 131
100 134
100 145
100 158
100 161
100 169
100 195
100 199
100 210
100 216
100 255
100 261
100 262
100 266
100 309
101 121
101 220
102 106
102 158
103 164
103 255
103 286
104 124
104 126
104 274
105 124
105 126
105 227
105 232
105 233
105 234
105 238
105 241
105 286
105 309
106 161
106 174
106 188
106 223
106 232
106 235
106 283
106 311
107 141
107 271
107 277
108 148
108 182
108 243
108 255
108 280
109 236
110 121
110 135
110 147
110 164
110 167
110 183
110 189
110 201
110 243
110 252
110 262
110 304
111 296
112 212
112 241
113 140
113 223
113 257
113 286
114 232
114 288
114 310
115 157
117 122
117 135
117 152
117 173
117 187
117 238
117 273
117 297
118 162
118 240
118 252
119 142
119 145
119 172
119 179
119 274
120 176
120 223
120 232
120 264
121 125
121 126
121 128
121 129
121 150
121 155
121 156
121 180
121 183
121 204
121 212
121 222
121 232
121 235
121 299
121 309
121 311
122 124
122 135
122 139
122 140
122 143
122 154
122 157
122 160
122 167
122 190
122 195
122 199
122 218
122 226
122 233
122 255
123 125
123 127
123 133
123 142
123 148
123 149
123 160
123 161
123 167
123 170
123 171
123 206
123 221
123 232
123 233
123 234
123 241
123 273
123 279
123 304
124 126
124 127
124 129
124 136
124 148
124 151
124 152
124 177
124 183
124 192
124 216
124 219
124 226
124 238
124 257
124 266
124 267
124 279
124 283
124 287
124 302
124 304
124 307
125 129
125 134
125 137
125 146
125 166
125 170
125 179
125 185
125 207
125 221
125 226
125 231
125 233
125 238
125 239
125 247
125 280
125 285
125 290
125 303
125 311
125 313
126 127
126 129
126 139
126 147
126 151
126 170
126 180
126 186
126 192
126 196
126 210
126 237
126 239
126 262
126 273
126 288
126 304
127 134
127 158
127 195
127 200
127 201
127 232
127 235
127 241
127 255
127 261
127 291
128 130
128 139
128 192
128 218
128 266
128 274
128 286
129 131
129 172
129 173
129 179
129 180
129 187
129 193
129 211
129 216
129 226
129 232
129 233
129 236
129 258
129 279
129 288
129 292
129 297
129 309
130 174
130 219
131 239
131 266
132 135
132 139
132 160
132 185
132 191
133 140
134 139
134 151
134 180
134 205
134 226
134 232
134 234
134 250
134 266
134 309
135 197
135 215
135 221
135 251
135 297
135 303
136 226
137 142
137 168
137 235
137 260
138 152
139 159
139 162
139 233
139 235
140 165
140 266
140 291
140 314
142 166
142 235
142 285
143 182
143 202
143 234
143 238
143 245
143 309
147 160
147 182
147 233
147 241
147 304
148 239
148 288
149 186
150 176
150 234
150 256
151 204
151 206
151 292
152 286
152 292
153 219
154 173
154 180
154 204
154 235
154 299
155 197
155 266
156 173
156 230
156 232
157 172
157 178
157 188
157 216
158 159
159 162
159 215
160 206
160 222
160 234
160 235
162 243
163 178
163 226
163 234
163 259
163 279
163 288
164 246
165 202
165 205
165 294
166 251
166 309
168 224
168 226
168 235
169 212
170 235
170 271
171 206
171 225
171 235
172 200
173 198
173 209
173 257
174 188
174 217
175 204
175 224
175 287
176 183
176 225
177 241
177 267
178 314
180 189
180 226
180 257
180 266
180 311
181 243
182 234
182 264
183 188
183 247
183 250
183 287
183 311
184 207
184 223
185 206
185 276
185 315
186 189
187 195
187 253
188 223
188 235
188 244
189 221
189 239
189 246
189 266
189 286
191 222
191 290
193 204
193 234
193 257
193 263
193 267
193 307
197 206
197 235
199 204
199 210
199 212
199 268
199 298
200 288
201 227
201 236
201 253
201 291
202 237
203 264
203 267
203 273
204 206
204 232
204 234
204 241
204 266
204 304
205 227
206 222
206 232
206 247
206 279
206 314
207 265
208 309
209 266
209 268
209 274
210 286
212 228
212 232
212 233
212 261
214 229
214 245
214 249
216 219
216 241
216 314
217 234
217 269
218 290
218 297
218 309
219 235
219 236
219 241
219 285
219 286
219 309
220 266
220 275
223 233
223 235
225 265
226 238
226 246
226 261
226 265
226 266
226 269
226 300
226 312
228 235
228 303
229 302
232 234
232 286
233 235
233 309
234 266
235 240
235 272
235 276
235 291
235 309
236 302
237 292
238 262
240 241
241 246
241 279
241 283
241 312
243 247
246 249
246 255
246 259
246 304
247 268
247 304
250 311
253 271
255 297
255 309
257 290
259 261
259 279
261 268
261 281
261 294
261 304
264 275
264 290
265 267
266 304
267 278
269 280
276 279
276 282
279 291
279 297
279 309
286 294
287 304
304 312
308 309
