0 51
0 74
0 76
0 165
0 217
1 100
1 119
1 135
1 192
2 4
2 5
2 100
2 124
2 127
2 223
2 233
2 262
3 20
3 44
3 106
3 122
3 125
3 152
3 162
3 173
3 309
4 8
4 13
4 51
4 54
4 77
4 110
4 130
4 144
4 168
4 187
4 193
4 206
4 219
4 232
4 239
4 309
4 310
5 12
5 62
5 122
5 125
5 127
5 129
5 178
5 185
5 186
5 216
5 229
5 232
5 238
5 255
5 279
6 21
6 39
6 52
6 59
6 73
6 108
6 152
6 160
6 165
6 274
6 279
7 26
7 35
7 61
7 99
7 112
7 122
7 126
7 163
7 173
7 208
7 267
7 292
7 293
8 37
8 211
8 313
9 90
9 125
9 129
9 198
9 276
9 292
10 20
10 38
10 92
10 116
10 121
10 125
10 193
10 200
10 211
10 229
10 305
11 95
11 122
11 134
11 140
11 199
11 235
12 20
12 32
12 97
12 134
12 185
12 187
12 263
12 266
13 95
13 110
13 128
13 168
13 217
13 223
14 17
14 35
14 104
14 121
14 122
15 180
15 223
15 262
15 302
16 51
16 59
16 125
16 134
16 163
16 183
16 207
16 238
17 51
17 55
17 123
17 124
17 126
17 129
17 230
17 292
18 31
18 35
18 176
18 199
19 226
20 66
20 124
20 252
20 304
20 308
21 180
21 234
21 275
22 82
22 90
22 105
22 232
22 302
23 37
23 77
23 91
23 123
23 139
23 189
23 204
23 309
24 26
24 122
24 127
24 147
24 162
24 180
24 264
24 267
24 304
25 146
25 204
25 267
26 155
26 232
26 294
27 124
27 240
27 246
28 76
28 95
28 104
28 105
28 110
28 126
28 143
29 67
29 74
29 90
29 113
29 122
29 124
29 128
29 154
29 160
29 195
29 218
29 220
29 231
29 263
30 110
30 111
30 127
30 263
31 47
31 105
31 288
32 59
32 77
32 99
32 125
32 135
32 144
32 241
32 247
33 59
33 90
33 122
33 234
34 42
34 129
34 138
34 160
34 179
34 234
34 283
35 37
35 51
35 64
35 68
35 70
35 83
35 123
35 124
35 125
35 140
35 195
35 217
35 266
35 288
35 309
35 311
36 38
36 157
36 191
36 197
36 258
36 290
36 311
37 95
37 132
37 155
37 259
38 100
38 121
39 76
39 100
39 124
39 151
39 219
39 259
40 61
40 75
40 126
40 129
40 202
40 216
40 220
40 223
40 232
40 262
40 294
41 66
41 80
41 99
41 147
41 162
41 220
41 224
41 232
41 233
41 234
41 244
41 257
41 258
42 44
42 57
42 100
42 121
42 192
42 202
42 261
42 282
42 297
43 100
43 219
44 121
44 137
44 304
45 126
46 99
47 215
47 235
47 286
48 124
48 127
48 201
49 64
49 70
49 73
49 100
49 222
49 246
49 279
50 122
50 266
51 66
51 119
51 121
51 126
51 128
51 138
51 145
51 154
51 174
51 212
51 213
51 223
51 232
51 279
52 66
52 79
52 219
52 233
52 247
52 294
53 96
53 105
53 115
53 125
53 191
53 246
53 266
54 117
55 69
55 154
55 260
56 85
56 99
56 123
56 124
56 129
56 132
56 160
56 201
56 208
56 220
56 223
56 240
56 255
56 271
57 72
57 135
57 145
57 166
57 209
57 226
57 236
58 136
59 77
59 86
59 117
59 124
59 141
59 170
59 201
59 214
59 217
59 225
59 281
59 291
60 67
60 171
61 86
61 108
61 169
61 172
61 201
61 214
61 256
61 262
62 90
62 95
62 234
62 239
63 124
63 202
63 210
63 232
64 76
65 99
65 120
65 189
66 125
66 186
66 232
66 234
66 255
66 302
67 79
67 126
67 236
67 266
67 313
68 241
68 267
69 189
69 199
69 309
70 85
70 121
70 165
70 202
70 235
70 237
70 272
71 140
72 75
72 206
73 95
73 157
73 269
74 86
74 99
74 146
74 192
74 207
74 231
75 128
75 129
75 158
75 223
75 264
75 272
76 77
76 83
76 100
76 123
76 157
76 177
76 180
76 240
77 84
77 90
77 117
77 127
77 129
77 157
77 162
77 165
77 206
77 235
77 245
77 261
77 266
77 275
77 280
78 123
78 246
78 286
79 106
79 165
79 192
79 304
80 81
80 204
80 221
80 284
80 288
81 87
81 95
81 113
81 129
81 180
81 218
81 247
81 251
81 252
82 220
82 238
83 105
83 255
84 89
84 115
84 124
84 126
84 144
84 158
84 170
84 219
84 238
84 263
84 304
85 124
85 128
85 129
85 134
85 160
85 172
85 196
85 238
85 289
86 124
86 226
86 238
87 204
88 140
89 103
89 213
89 233
89 235
89 238
89 268
90 126
90 154
90 168
90 173
90 208
90 219
90 221
90 255
90 275
91 106
91 123
91 226
91 256
91 304
92 121
92 128
92 288
93 143
93 168
93 193
93 259
93 267
94 134
94 266
95 121
95 130
95 131
96 122
96 128
96 255
96 304
97 98
97 180
97 234
98 103
98 123
98 139
98 222
98 233
98 246
98 252
98 258
98 266
99 112
99 123
99 124
99 126
99 127
99 156
99 160
99 236
99 246
100 107
100 110
100 111
100 112
100 120
100 123
100 125
100 163
100 198
100 219
100 228
100 232
100 255
100 262
100 266
100 274
100 279
100 286
100 304
100 309
100 313
101 122
101 123
101 128
101 206
101 245
102 120
102 247
103 128
103 151
104 209
105 156
105 166
105 206
105 225
105 238
105 257
105 288
106 119
106 124
106 160
106 185
106 212
106 223
106 233
106 239
106 240
106 257
106 309
107 304
108 121
108 126
108 196
108 217
109 226
109 299
110 124
110 125
110 167
110 168
110 195
111 127
111 161
111 192
111 226
111 235
111 245
111 253
111 270
111 304
112 147
112 202
113 235
114 128
114 166
114 233
114 267
115 121
115 124
115 234
115 239
116 163
116 235
117 121
117 197
117 208
117 214
117 235
118 153
119 173
120 168
121 131
121 137
121 147
121 153
121 182
121 199
121 204
121 221
121 239
121 256
121 266
121 268
121 289
121 297
121 309
122 126
122 128
122 132
122 136
122 137
122 139
122 144
122 166
122 168
122 169
122 195
122 199
122 207
122 208
122 215
122 221
122 241
122 264
122 266
122 279
122 283
122 296
122 304
122 305
122 309
122 310
122 311
123 129
123 134
123 141
123 142
123 150
123 158
123 168
123 195
123 201
123 233
123 245
123 257
123 262
123 266
123 271
123 276
123 279
124 128
124 157
124 174
124 188
124 217
124 222
124 233
124 241
124 247
124 261
124 275
124 282
124 302
124 305
125 126
125 168
125 171
125 183
125 200
125 207
125 233
125 236
125 255
125 261
125 268
125 288
125 293
125 304
126 134
126 154
126 172
126 182
126 193
126 234
126 244
126 246
126 279
126 291
126 309
127 133
127 135
127 137
127 144
127 160
127 166
127 174
127 175
127 183
127 185
127 189
127 191
127 197
127 201
127 233
127 234
127 253
127 279
127 288
127 298
127 313
128 129
128 137
128 140
128 155
128 156
128 177
128 180
128 187
128 189
128 204
128 210
128 215
128 221
128 223
128 233
128 249
128 277
128 279
128 288
129 157
129 159
129 194
129 210
129 234
129 269
129 274
129 296
130 176
131 219
131 226
131 249
133 180
133 235
134 152
134 200
134 234
134 241
135 172
135 233
135 246
135 304
135 309
135 313
136 223
138 188
138 223
138 270
139 148
139 157
139 163
139 219
139 220
139 262
139 267
139 270
139 291
140 175
140 226
140 232
140 246
141 233
141 243
141 245
142 158
142 246
142 291
142 302
143 235
144 206
144 276
147 158
150 251
150 275
152 159
152 261
153 259
153 292
153 309
154 183
154 200
154 235
155 170
155 209
155 255
156 170
156 283
157 204
157 223
158 170
158 174
158 176
158 179
158 202
158 217
158 218
158 245
158 259
160 185
160 186
160 197
160 261
160 263
160 279
160 311
161 201
161 296
162 179
162 199
162 292
163 168
163 200
163 232
164 206
164 310
165 168
166 168
166 182
166 232
166 235
166 257
167 288
168 179
169 175
169 233
170 184
170 207
170 235
170 236
170 309
171 214
171 219
172 213
172 232
172 262
172 267
173 259
173 262
174 181
174 224
174 234
174 310
175 193
175 270
176 232
176 309
177 216
177 223
177 259
178 313
179 204
179 234
179 275
179 309
180 195
180 212
180 232
180 304
181 297
182 250
183 203
183 282
185 228
185 279
185 297
186 255
187 197
187 253
188 226
189 218
189 220
189 314
191 217
191 220
191 266
191 292
191 304
192 207
192 217
192 228
192 304
195 267
195 268
195 288
196 268
198 285
199 228
199 274
200 228
200 255
200 263
201 204
201 234
201 280
202 226
202 276
204 247
204 309
205 246
206 207
207 226
209 223
209 255
209 279
209 286
211 237
211 309
212 223
212 263
215 219
215 226
216 233
216 296
217 226
217 265
218 304
218 313
219 246
219 288
219 292
220 224
221 232
221 244
221 307
222 293
222 309
223 309
224 278
225 233
226 246
226 266
226 274
226 279
226 299
226 313
227 234
227 268
228 233
228 241
228 303
228 309
231 279
231 286
231 309
232 233
232 249
232 288
232 304
232 309
233 234
233 257
233 265
233 266
235 236
235 243
235 255
235 264
235 313
235 314
237 253
237 271
238 264
239 259
240 267
241 261
241 296
241 304
244 264
250 269
250 276
255 288
257 304
259 292
259 311
264 267
264 271
265 309
266 280
271 279
273 275
278 292
278 299
279 309
286 289
288 309
288 311
290 314
291 315
297 298
309 311
