0 35
0 65
0 77
0 106
0 113
0 180
0 234
0 273
1 67
1 121
1 126
1 192
2 77
2 126
2 165
2 180
2 189
2 197
2 200
2 203
2 272
2 301
3 23
3 39
3 41
3 59
3 233
3 299
3 312
4 20
4 72
4 74
4 87
4 119
4 122
4 126
4 139
4 166
4 223
4 246
4 272
4 273
5 28
5 35
5 49
5 109
5 134
5 164
5 180
5 192
5 193
5 204
5 214
5 240
5 255
5 309
6 12
6 119
6 121
6 122
6 129
6 165
6 226
6 232
6 249
6 257
7 25
7 87
7 105
7 122
7 123
7 166
7 204
7 220
7 235
7 236
8 86
8 98
8 141
8 191
8 234
8 246
9 127
9 171
9 195
9 226
9 308
10 64
10 110
10 131
10 134
10 159
10 186
10 200
10 228
10 246
10 262
11 104
11 132
11 194
12 129
12 135
12 180
12 229
12 266
12 290
13 14
13 30
13 98
13 125
13 127
13 144
13 165
13 244
14 49
14 150
14 220
14 228
14 234
14 286
14 300
15 217
15 284
15 314
16 18
16 77
16 106
16 110
17 66
17 71
17 103
17 125
17 175
17 267
17 292
18 105
18 108
18 121
18 201
19 26
19 35
19 36
19 249
20 123
20 129
20 204
20 266
21 28
21 33
21 37
21 38
21 77
21 134
21 160
21 175
21 210
21 230
22 117
22 122
22 130
22 218
22 266
22 267
23 27
23 55
23 99
23 123
23 145
23 165
23 216
23 220
23 236
23 250
23 259
23 286
23 299
24 40
24 41
24 67
24 76
24 81
24 93
24 134
24 166
24 219
25 65
26 175
27 168
27 215
27 235
28 73
28 76
28 139
28 223
29 33
29 35
29 74
29 76
29 77
29 80
29 88
29 107
29 135
29 176
29 191
29 200
29 241
29 278
29 289
30 126
30 226
31 39
31 49
31 121
32 41
32 55
32 57
32 99
32 124
32 128
32 142
32 188
32 197
32 226
32 304
32 315
33 98
33 221
33 233
33 252
34 41
34 122
34 141
34 158
34 183
34 222
35 67
35 90
35 91
35 95
35 105
35 108
35 116
35 126
35 129
35 137
35 139
35 152
35 173
35 188
35 217
35 226
36 111
36 147
36 168
36 175
36 223
37 122
37 210
37 217
38 66
38 72
38 234
39 41
39 44
39 86
39 107
39 112
39 125
39 204
39 223
39 247
39 273
39 276
39 294
40 52
40 57
40 84
40 99
40 128
40 158
40 164
40 207
40 209
40 219
40 232
40 258
40 266
40 309
41 65
41 110
41 273
42 88
42 99
42 128
42 147
42 167
42 231
42 236
42 241
42 269
42 302
43 127
43 232
43 304
44 130
44 200
44 238
44 292
45 125
46 185
46 296
47 108
47 293
48 259
49 120
49 200
49 232
50 99
50 182
50 234
51 52
51 59
51 68
51 100
51 122
51 127
51 132
51 134
51 219
51 257
51 268
51 286
52 95
52 123
52 126
52 204
52 206
53 93
53 123
53 206
54 203
54 222
54 252
54 291
55 106
55 127
55 264
55 271
55 309
56 119
56 124
56 169
56 304
57 78
59 84
59 122
59 176
59 200
59 219
59 282
59 309
60 121
60 135
61 139
61 208
61 234
62 216
62 223
62 261
63 147
63 185
63 202
63 207
64 80
65 123
65 193
65 216
66 111
66 140
66 144
66 156
66 168
66 203
66 206
66 276
67 125
67 132
67 180
67 265
67 286
68 89
68 103
68 220
68 234
68 279
69 188
70 142
70 220
70 224
70 309
71 293
72 78
72 128
72 162
72 204
72 216
73 84
73 119
73 141
73 164
73 207
73 208
73 226
73 235
73 280
73 293
73 309
74 123
74 146
74 216
74 218
74 264
75 77
75 113
75 129
75 163
75 170
75 193
75 273
76 81
76 100
76 105
76 115
76 121
76 123
76 124
76 125
76 129
76 202
76 226
76 266
76 279
76 311
77 121
77 128
77 144
77 148
77 158
77 190
77 219
77 222
77 227
77 228
77 235
77 241
77 265
77 266
77 296
79 154
79 186
79 204
79 309
80 126
80 183
80 189
80 219
80 265
80 294
81 120
81 126
81 160
81 173
81 252
81 304
82 128
82 226
82 309
83 126
83 223
83 226
83 265
83 298
84 128
84 135
84 209
84 266
84 291
85 90
85 127
85 128
85 279
85 314
86 107
86 110
86 126
86 127
86 235
87 107
87 128
87 232
87 241
88 127
88 158
88 160
88 216
88 246
88 265
89 95
89 105
89 125
89 134
89 155
89 177
89 197
89 205
89 309
90 105
90 129
90 195
90 201
90 204
90 206
90 207
90 212
90 268
90 282
91 128
91 155
91 235
91 271
92 157
92 246
93 161
93 163
93 186
93 235
93 245
93 304
95 124
95 129
95 168
95 170
95 222
95 229
95 234
96 130
96 176
97 121
97 257
98 121
98 124
98 144
98 168
98 182
98 243
98 250
99 121
99 123
99 128
99 159
99 180
99 187
99 196
99 204
99 213
99 223
99 231
99 235
99 247
99 269
99 279
99 311
100 122
100 163
100 193
100 198
100 207
100 236
100 257
100 275
100 288
100 313
102 118
102 123
102 312
103 144
103 187
103 232
103 233
104 122
104 147
104 235
104 257
104 265
105 121
105 135
105 166
105 183
105 210
105 240
105 279
106 121
106 129
106 134
106 138
106 220
106 236
106 299
106 309
107 163
107 201
107 278
108 122
108 133
108 180
108 219
108 233
109 125
109 158
110 122
110 123
110 135
110 141
110 160
110 232
110 241
110 247
110 283
111 139
111 183
111 190
111 226
111 237
112 140
112 206
113 123
113 231
115 165
115 209
116 265
116 266
117 125
117 126
117 128
117 201
117 202
117 217
117 219
117 220
117 243
117 279
118 169
119 241
119 310
120 127
120 185
120 267
120 279
120 286
120 309
121 124
121 125
121 126
121 166
121 185
121 202
121 217
121 232
121 234
121 235
121 250
121 257
121 259
121 264
121 280
121 286
121 304
121 308
121 313
122 125
122 127
122 139
122 160
122 187
122 201
122 226
122 233
122 235
122 237
122 255
122 257
122 260
122 266
122 267
122 279
122 292
122 309
123 125
123 126
123 129
123 134
123 135
123 166
123 178
123 195
123 198
123 199
123 206
123 228
123 235
123 240
123 275
123 277
123 290
123 292
123 314
124 128
124 134
124 151
124 160
124 162
124 201
124 204
124 207
124 221
124 236
124 251
124 252
124 257
124 299
124 309
124 312
125 126
125 131
125 134
125 140
125 142
125 143
125 160
125 164
125 175
125 181
125 199
125 204
125 217
125 226
125 231
125 232
125 233
125 239
125 240
125 253
125 260
125 266
125 292
125 304
125 309
126 132
126 169
126 171
126 176
126 188
126 189
126 195
126 202
126 204
126 215
126 230
126 232
126 261
126 262
126 277
126 311
127 129
127 131
127 142
127 148
127 155
127 162
127 164
127 197
127 201
127 219
127 226
127 238
127 260
127 262
127 271
127 286
127 291
127 302
127 305
127 306
128 129
128 153
128 160
128 167
128 188
128 198
128 221
128 234
128 235
128 240
128 246
128 254
128 275
128 285
128 309
129 141
129 146
129 147
129 180
129 190
129 203
129 207
129 219
129 241
129 280
130 291
131 201
131 233
132 134
132 218
132 230
132 247
132 292
133 233
134 135
134 141
134 160
134 166
134 182
134 198
134 203
134 224
134 232
134 234
134 235
134 304
134 314
135 152
135 160
135 201
135 243
137 142
137 168
137 193
137 207
137 219
137 231
137 234
137 244
137 257
137 307
138 207
139 215
139 285
140 156
140 186
140 267
140 283
141 265
142 232
143 145
143 147
143 233
143 236
143 278
144 153
144 158
144 180
144 226
144 279
145 166
145 174
145 288
147 219
150 158
150 228
150 232
151 160
151 280
152 233
152 309
153 165
153 170
154 264
155 212
155 244
155 298
156 175
156 238
156 309
157 280
157 311
158 163
158 226
158 279
158 309
159 231
159 312
160 168
160 182
160 184
160 203
160 267
160 278
160 298
162 226
162 275
163 193
163 220
163 253
164 240
165 168
166 217
166 304
167 185
168 173
168 188
168 191
168 236
169 200
169 218
169 259
169 266
169 280
169 304
169 309
170 173
170 206
172 224
172 273
172 286
173 201
173 255
174 233
174 235
174 241
174 275
174 286
174 309
175 304
176 226
176 294
177 288
178 292
180 185
181 215
181 234
182 195
182 232
182 279
183 218
183 236
185 277
186 276
187 241
187 312
188 207
188 210
189 195
189 278
189 283
189 294
191 279
192 206
192 247
192 309
193 280
195 210
195 226
196 223
196 275
197 217
197 235
197 314
198 221
199 293
200 206
200 207
200 223
200 256
201 226
201 236
201 275
201 309
202 257
202 295
203 257
203 288
204 220
204 226
204 234
204 245
204 257
204 308
204 312
206 213
206 226
206 262
208 293
209 222
209 223
210 302
211 263
213 246
213 254
214 234
215 223
215 279
216 229
216 243
217 220
218 233
218 311
219 229
219 256
219 286
220 298
223 234
223 292
224 287
226 234
226 235
226 311
227 257
228 241
228 250
228 266
228 271
230 257
232 234
232 296
232 309
233 235
233 239
233 263
233 291
233 297
233 305
234 241
234 245
234 246
234 304
234 309
234 311
235 241
235 246
235 258
235 288
236 256
236 262
237 238
237 283
238 278
239 279
240 247
240 259
240 269
240 277
240 309
241 266
241 280
242 309
246 261
246 290
246 304
247 257
247 286
247 290
249 264
249 268
252 260
252 266
253 309
259 265
259 280
260 307
264 298
266 269
267 315
268 288
271 273
274 288
277 286
285 301
291 309
304 309
305 308
