0 20
1 44
1 83
1 226
1 279
2 4
2 35
2 127
2 129
2 188
2 276
3 22
3 40
3 90
3 133
3 141
3 274
3 314
4 5
4 34
4 73
4 110
4 123
4 128
4 177
4 178
4 264
4 279
5 11
5 14
5 16
5 24
5 28
5 68
5 89
5 90
5 124
5 127
5 134
5 136
5 150
5 175
5 180
5 195
5 201
5 222
5 253
5 264
6 27
6 61
6 124
6 127
6 206
6 233
6 237
6 287
7 76
7 186
7 193
8 122
9 44
9 121
9 128
9 149
9 155
9 203
9 206
9 235
10 28
10 57
10 72
10 110
10 148
10 187
10 220
10 232
10 292
10 299
11 35
11 226
12 123
12 126
12 140
12 148
12 259
12 286
12 291
12 296
12 309
13 44
13 102
13 110
13 195
13 217
13 219
13 233
13 289
13 309
14 110
14 135
14 183
14 243
14 268
14 301
14 310
15 23
15 25
15 90
15 123
15 206
15 309
16 56
16 80
16 99
16 128
16 203
17 27
17 46
17 67
17 121
17 123
17 259
17 280
18 21
18 65
18 129
18 137
18 139
18 144
18 151
18 219
18 232
19 73
19 238
20 97
20 106
20 125
20 126
20 128
20 221
20 226
20 237
20 265
20 291
21 28
21 127
21 259
22 72
22 129
22 142
22 200
22 233
22 247
22 266
22 313
23 84
23 110
23 122
23 137
23 155
23 200
24 86
24 89
24 140
24 257
25 294
26 125
26 129
27 53
27 128
27 166
27 259
28 49
28 74
28 116
28 206
28 299
28 315
29 35
29 81
29 90
29 100
29 124
29 140
30 129
30 176
31 76
31 160
31 181
31 189
32 75
32 83
32 114
32 124
32 129
32 147
32 237
33 182
34 65
34 121
34 125
34 126
35 99
35 119
35 140
35 143
35 155
35 227
35 238
35 311
36 90
36 130
36 140
36 157
36 200
36 204
36 206
36 219
36 225
36 228
36 232
36 233
37 121
37 158
37 241
37 266
37 304
38 80
38 115
38 163
38 242
38 271
39 95
39 111
39 124
39 135
39 180
39 253
39 263
40 55
40 56
40 71
40 83
40 103
40 124
40 128
40 133
40 147
40 182
40 232
40 236
40 273
40 302
41 121
41 125
41 129
41 192
41 210
41 264
41 279
42 107
42 123
42 124
42 126
42 155
43 55
43 125
43 126
44 79
44 213
44 232
44 233
44 279
45 209
45 314
46 66
46 135
46 148
47 235
49 69
49 89
50 76
50 149
50 181
50 198
50 278
51 54
51 122
51 135
51 234
51 245
51 304
52 93
52 125
52 286
53 65
53 106
53 121
53 201
54 88
54 203
54 240
54 246
54 256
55 61
55 124
55 167
55 207
56 121
56 140
56 197
56 209
56 304
57 62
57 102
57 193
57 201
58 82
58 100
58 111
58 232
58 315
59 63
59 69
59 102
59 134
59 145
59 166
59 223
59 226
59 233
59 241
59 253
60 82
60 234
61 66
61 81
61 82
61 84
61 99
61 107
61 119
61 122
62 129
62 137
63 103
64 85
65 85
65 253
66 84
66 85
66 234
67 161
68 123
68 126
68 226
68 234
68 309
69 98
69 122
70 163
70 284
71 195
71 224
72 97
72 110
72 143
72 146
72 209
72 232
72 246
73 92
73 121
73 185
73 205
73 269
73 286
74 81
74 127
74 209
74 212
74 216
75 76
75 86
75 100
75 109
75 124
75 128
75 203
75 252
75 308
76 83
76 93
76 95
76 100
76 122
76 129
76 166
76 232
76 233
76 251
76 280
77 86
77 113
77 115
77 121
77 153
77 165
77 183
77 219
77 232
77 235
77 286
78 134
79 234
80 132
80 206
80 314
81 127
81 134
81 202
82 124
82 138
82 157
82 173
82 250
82 288
83 202
83 235
84 110
84 189
84 219
84 223
85 88
85 95
85 120
85 121
85 122
85 128
85 145
85 165
85 170
85 185
85 278
85 286
86 226
86 232
88 108
88 139
88 151
88 261
89 104
89 134
89 187
89 192
89 221
89 233
89 309
90 93
90 126
90 129
90 141
90 143
90 231
90 266
90 292
91 100
91 126
91 139
91 165
92 168
92 212
92 238
92 276
93 128
93 211
93 234
93 286
94 160
94 247
95 122
95 181
95 234
95 288
96 122
96 160
97 103
97 126
97 217
97 226
97 252
98 122
98 123
98 124
98 193
98 217
99 100
99 122
99 130
99 134
99 147
99 151
99 154
99 160
99 162
99 168
99 192
99 210
99 262
99 288
99 305
99 309
100 110
100 112
100 121
100 124
100 125
100 126
100 127
100 133
100 134
100 139
100 166
100 180
100 192
100 204
100 210
100 264
100 273
100 304
100 309
101 104
101 236
101 242
102 129
103 105
103 109
103 122
103 133
103 182
103 196
103 262
103 266
104 237
105 113
105 147
105 227
105 239
105 253
105 267
106 122
106 177
106 180
106 219
107 178
107 281
108 117
108 145
108 233
108 309
109 249
110 122
110 162
110 163
110 167
110 184
110 219
110 238
110 289
110 309
111 140
111 189
111 200
111 235
111 241
111 257
111 286
112 119
112 134
112 182
112 193
112 234
113 125
113 241
114 271
115 160
115 204
115 206
117 125
117 204
117 212
117 232
117 235
119 158
119 204
119 246
119 308
120 124
120 126
120 186
120 204
121 123
121 140
121 157
121 160
121 167
121 188
121 192
121 193
121 203
121 204
121 210
121 218
121 231
121 233
121 238
121 255
121 266
121 267
121 275
121 286
121 288
121 299
121 304
121 310
122 123
122 124
122 129
122 145
122 155
122 168
122 174
122 180
122 181
122 182
122 193
122 197
122 208
122 232
122 234
122 238
122 239
122 247
122 279
123 129
123 135
123 137
123 145
123 146
123 148
123 149
123 195
123 203
123 216
123 219
123 226
123 233
123 252
123 258
123 309
123 314
124 126
124 127
124 129
124 148
124 156
124 163
124 168
124 173
124 176
124 177
124 185
124 204
124 226
124 232
124 234
124 240
124 243
124 302
125 127
125 142
125 144
125 174
125 183
125 187
125 202
125 215
125 218
125 226
125 233
125 235
125 253
125 264
125 266
125 279
125 283
125 289
126 129
126 131
126 139
126 141
126 146
126 158
126 160
126 173
126 193
126 226
126 265
126 277
126 283
126 284
126 305
127 202
127 223
127 226
127 232
127 234
127 269
127 279
127 285
127 307
128 165
128 172
128 189
128 217
128 219
128 226
128 241
128 243
128 246
128 252
128 278
128 296
128 304
128 309
129 133
129 157
129 162
129 169
129 178
129 201
129 204
129 235
129 265
130 259
130 312
131 166
131 276
131 304
132 134
132 146
132 149
132 267
133 160
133 189
133 206
133 279
134 143
134 168
134 204
134 212
134 221
134 223
134 233
134 234
134 249
134 312
134 313
135 162
135 219
135 226
135 228
135 232
135 266
135 277
136 151
136 174
136 190
137 232
137 259
137 292
138 241
139 143
139 201
139 203
139 226
139 262
139 304
140 174
140 241
140 259
140 261
140 274
140 285
140 304
141 188
141 223
141 285
141 288
142 160
143 149
143 166
143 232
144 146
144 259
145 204
145 209
145 241
146 163
147 173
147 304
148 160
148 224
148 309
149 177
149 201
149 259
150 227
151 168
151 304
151 309
152 180
152 272
153 218
153 246
153 297
155 193
155 195
155 223
156 188
156 232
157 208
158 233
158 235
158 255
159 232
159 238
159 263
160 161
160 183
160 188
160 245
160 252
160 253
160 267
160 285
161 192
161 283
161 292
162 189
162 214
162 219
162 232
162 278
163 221
164 228
165 201
165 212
165 257
166 187
166 219
166 264
166 288
166 304
167 252
168 232
168 264
168 274
168 276
168 286
169 176
169 216
169 222
169 224
169 227
170 219
170 309
170 312
171 201
171 266
171 268
172 204
172 264
172 266
173 189
173 200
173 207
173 219
174 192
174 279
175 177
175 206
175 211
175 285
176 182
176 204
177 199
177 274
178 201
179 262
180 195
180 200
180 213
180 216
180 219
180 235
180 254
180 268
181 218
181 228
182 304
183 217
183 243
183 252
183 266
183 304
184 274
185 224
185 253
185 294
185 310
186 247
187 263
187 304
189 258
189 291
189 304
190 245
191 226
191 245
192 221
192 235
192 246
192 276
193 199
193 220
193 271
194 313
195 204
195 206
195 236
195 249
197 218
197 284
200 209
200 276
200 294
201 207
201 222
201 266
201 296
201 311
201 313
202 246
203 232
203 260
204 212
204 226
204 279
204 305
205 222
206 219
206 220
206 226
206 236
206 271
206 313
207 235
207 237
207 243
207 276
208 283
209 276
210 274
212 283
212 309
213 276
214 309
215 232
216 223
216 235
216 243
218 221
219 220
219 238
219 241
219 252
219 280
220 259
221 279
222 259
222 304
223 226
223 235
223 241
223 288
223 309
224 233
224 304
225 279
225 302
226 259
226 261
226 275
226 282
229 268
229 279
229 309
231 304
232 234
232 235
232 241
232 252
232 280
232 282
232 302
232 309
233 236
233 238
233 253
233 259
233 264
233 279
233 283
233 304
234 238
234 261
234 266
234 269
234 295
234 297
234 304
234 309
235 237
235 241
235 248
235 251
235 269
235 290
235 309
236 266
236 312
237 238
238 309
239 265
241 246
241 249
241 262
241 286
241 303
242 271
243 300
245 259
246 312
247 253
250 279
252 259
252 276
252 315
255 269
259 262
261 292
262 266
263 264
264 280
265 294
267 288
279 290
279 308
288 305
290 309
297 306
299 304
302 312
309 311
