0 11
0 126
0 233
0 285
1 55
1 75
1 115
1 124
1 213
2 40
2 66
2 96
2 98
2 144
2 299
2 309
3 76
3 122
3 123
3 126
3 134
3 171
3 277
3 312
4 23
4 54
4 59
4 68
4 99
4 173
4 182
4 224
4 269
4 314
5 13
5 15
5 29
5 34
5 52
5 76
5 115
5 119
5 129
5 238
5 241
5 243
6 10
6 28
6 31
6 99
6 105
6 108
6 121
6 122
6 125
6 129
6 141
6 164
6 168
6 226
6 292
7 122
7 124
7 126
7 155
7 223
7 263
8 49
9 62
9 75
9 124
9 179
9 244
9 305
10 54
10 121
10 122
10 163
10 192
10 304
11 29
11 59
11 101
11 102
11 129
11 145
12 236
12 239
12 246
13 33
13 90
13 202
13 204
13 232
13 233
13 264
13 302
13 304
13 305
13 309
14 37
14 46
14 127
14 142
14 205
14 233
14 262
15 52
15 105
15 125
15 129
15 149
16 125
16 140
16 265
17 54
17 77
17 95
17 141
17 234
17 288
17 297
18 123
18 171
18 201
19 119
19 219
19 231
20 21
20 28
20 162
20 189
20 234
20 266
20 268
21 68
21 105
21 112
21 125
22 90
22 100
22 122
22 124
22 137
22 222
23 39
23 61
23 88
23 121
23 124
23 126
23 168
23 175
23 192
23 249
23 257
24 56
24 77
24 85
24 98
24 121
24 124
24 137
24 160
24 167
24 171
24 190
24 309
25 267
26 195
27 124
28 37
28 41
28 125
28 144
28 157
28 195
28 210
28 261
29 32
29 77
29 85
29 99
29 105
29 137
29 140
29 151
29 215
30 137
31 51
31 121
31 123
31 215
31 236
31 260
32 87
32 107
32 124
32 129
32 218
32 234
32 279
33 42
33 59
33 189
33 235
34 71
34 90
34 243
34 252
34 267
35 37
35 51
35 54
35 89
35 100
35 103
35 105
35 120
35 122
35 124
35 126
35 128
35 132
35 135
35 144
35 177
35 180
35 194
35 209
35 226
35 232
35 234
35 259
35 263
35 306
35 309
36 56
36 82
36 103
36 107
36 122
36 124
36 169
36 243
36 245
36 261
36 285
37 90
37 100
37 101
37 126
37 134
37 166
37 235
37 246
38 84
38 116
38 123
38 127
38 128
38 264
38 279
39 44
39 76
39 84
39 126
39 143
39 160
39 169
39 203
39 235
39 284
39 303
39 313
40 50
40 58
40 73
40 84
40 100
40 123
40 124
40 126
40 127
40 155
40 173
40 182
40 207
40 212
40 233
40 235
40 253
40 284
41 103
41 105
41 126
41 127
41 135
41 221
41 234
42 67
42 80
42 111
42 277
42 298
43 122
43 227
43 247
43 249
44 195
44 234
46 66
46 67
46 120
46 128
46 185
46 294
48 240
49 75
49 96
49 99
49 127
49 184
49 241
49 268
49 280
50 232
51 67
51 123
51 127
51 128
51 158
51 182
51 219
51 223
51 266
52 90
52 124
52 163
52 174
52 233
53 232
54 80
54 99
54 134
54 153
54 160
54 172
54 193
54 279
54 300
54 308
55 93
55 124
55 177
55 235
55 282
56 58
56 72
56 125
56 166
56 199
56 232
56 298
56 304
57 72
57 90
57 95
57 170
57 192
57 259
57 275
57 309
58 121
58 123
58 129
58 134
58 248
59 76
59 125
59 140
59 142
59 204
59 246
59 296
60 110
60 234
60 274
61 113
61 168
61 216
62 182
63 138
63 139
64 74
64 76
64 99
65 123
66 95
66 117
66 126
66 137
66 174
66 304
66 309
67 73
67 76
67 81
67 149
67 158
67 194
67 200
67 204
67 227
68 99
68 182
68 192
68 195
69 153
69 160
69 294
70 121
70 126
70 129
70 144
70 223
71 128
72 83
72 96
72 119
72 219
72 230
72 253
73 104
73 122
73 124
73 127
73 154
73 168
73 203
73 291
74 80
74 126
74 275
75 121
75 125
75 126
75 170
75 207
75 218
75 226
76 84
76 99
76 100
76 106
76 124
76 141
76 157
76 162
76 167
76 180
76 201
76 208
76 209
76 218
76 225
76 226
76 241
76 243
76 252
76 259
76 262
76 280
77 121
77 123
77 124
77 126
77 129
77 145
77 152
77 198
77 233
77 235
77 239
77 241
78 227
79 82
79 99
80 204
80 206
80 277
81 128
81 259
81 285
82 122
82 170
83 122
83 175
83 277
83 294
84 126
84 201
84 310
85 90
85 178
85 233
85 304
86 155
86 206
86 235
86 263
87 134
87 212
88 150
88 294
89 128
89 237
89 254
89 277
90 92
90 152
90 168
90 173
90 193
90 196
90 232
90 241
90 265
90 274
90 304
91 315
92 154
92 220
93 195
93 220
94 131
94 143
94 183
95 220
95 228
95 272
96 134
96 160
96 234
97 164
97 220
98 122
98 128
98 302
99 125
99 134
99 135
99 147
99 175
99 210
99 238
99 241
99 288
99 309
99 314
100 111
100 124
100 140
100 158
100 163
100 172
100 178
100 189
100 201
100 247
100 280
100 308
101 231
102 160
102 189
102 219
102 254
103 124
103 184
103 313
104 134
104 139
104 160
104 162
104 217
104 241
105 126
105 131
105 142
105 162
105 186
105 234
105 273
105 279
106 122
106 126
106 127
106 140
106 211
106 253
106 259
106 266
106 281
106 314
107 233
107 244
107 293
107 302
108 226
109 129
110 117
110 122
110 125
110 160
110 162
110 165
110 166
110 220
110 238
110 288
111 127
111 177
111 220
111 226
111 243
111 278
112 139
112 192
113 137
113 180
113 265
114 174
115 205
115 226
115 232
115 240
116 292
117 144
117 167
117 172
117 216
117 233
117 309
118 153
119 135
119 210
119 246
120 122
120 143
120 309
121 122
121 123
121 124
121 127
121 128
121 129
121 134
121 135
121 172
121 173
121 174
121 180
121 185
121 209
121 210
121 211
121 239
121 253
121 261
121 276
121 302
121 308
122 123
122 126
122 133
122 134
122 139
122 154
122 160
122 164
122 169
122 191
122 193
122 209
122 230
122 231
122 237
122 245
122 278
123 126
123 129
123 160
123 171
123 176
123 178
123 196
123 200
123 201
123 204
123 226
123 232
123 245
123 257
123 268
123 279
123 283
123 297
124 126
124 128
124 133
124 135
124 139
124 147
124 169
124 171
124 174
124 182
124 185
124 210
124 232
124 235
124 241
124 243
124 277
125 143
125 147
125 149
125 155
125 158
125 169
125 180
125 192
125 197
125 234
125 245
125 250
125 260
125 288
125 299
126 159
126 160
126 195
126 209
126 210
126 226
126 231
126 241
126 246
126 257
126 279
126 283
126 304
126 309
127 152
127 155
127 202
127 213
127 219
127 226
127 241
127 275
127 296
127 304
128 129
128 161
128 163
128 165
128 178
128 180
128 204
128 213
128 220
128 221
128 222
128 228
128 232
128 234
128 235
128 246
128 263
128 264
128 266
128 286
129 134
129 143
129 169
129 173
129 182
129 199
129 206
129 214
129 215
129 223
129 236
129 237
130 232
131 134
133 165
133 210
133 264
134 139
134 162
134 189
134 226
134 230
134 232
134 241
134 256
134 291
135 240
135 309
136 220
137 304
138 160
138 225
139 215
140 160
140 180
140 188
140 202
140 299
141 200
141 285
142 206
142 235
143 233
143 284
143 304
143 309
144 156
144 193
144 222
144 261
144 265
145 174
145 232
147 177
147 241
148 313
149 259
149 309
151 163
151 234
151 249
151 250
152 279
153 234
153 269
154 172
154 259
155 162
155 215
155 280
155 301
156 206
156 313
157 197
158 207
158 228
158 231
158 235
158 286
158 292
159 259
159 272
160 168
160 212
160 235
162 166
162 217
162 244
162 248
163 187
163 195
163 202
163 264
164 210
165 234
165 243
165 244
166 204
166 294
166 314
168 198
168 200
168 211
168 226
168 233
168 279
169 192
169 205
169 239
170 177
170 203
170 232
170 285
171 309
172 241
173 217
173 239
175 252
175 304
176 204
176 249
177 200
177 216
178 199
178 202
178 298
179 183
179 222
179 226
179 280
180 187
180 208
180 217
180 221
180 279
181 226
181 232
181 252
182 271
182 307
183 226
185 201
185 279
187 232
187 260
188 232
188 309
189 202
189 204
189 233
189 280
189 304
191 226
193 204
193 222
193 291
193 296
193 301
194 288
195 221
195 233
195 262
196 218
196 302
197 260
197 280
198 254
199 256
199 309
200 232
200 266
200 303
201 230
201 267
201 292
202 228
202 279
202 309
203 271
204 229
204 234
204 309
204 312
206 255
206 257
206 299
207 263
208 220
208 241
209 223
210 232
210 285
210 308
212 282
213 219
214 227
214 234
214 273
215 219
215 226
215 266
215 272
216 218
216 233
218 226
218 253
219 227
219 244
219 255
219 284
219 309
220 269
220 275
221 266
221 286
223 233
223 259
224 234
224 266
225 288
226 236
226 282
226 305
226 309
226 313
228 233
228 236
228 251
228 257
229 284
231 275
232 261
232 273
232 304
232 309
232 313
233 285
233 309
234 239
234 268
234 273
234 279
234 282
234 309
235 251
235 309
236 241
238 240
238 276
238 279
238 304
239 241
239 247
239 288
240 314
241 245
241 294
244 260
244 283
245 259
246 265
247 262
247 266
247 286
249 304
249 309
253 278
253 299
254 257
254 275
257 259
259 302
261 284
263 309
264 267
264 268
264 310
264 314
266 273
268 314
269 299
271 276
279 297
280 306
287 309
289 297
292 304
295 301
304 315
312 315
