0 35
0 74
0 200
0 236
0 263
1 39
1 75
2 35
2 41
2 105
2 131
2 165
2 204
2 206
2 285
3 23
3 27
3 122
3 163
3 273
3 309
3 313
4 53
4 70
4 100
4 108
4 139
4 234
5 15
5 39
5 129
5 145
5 151
5 168
5 181
5 241
5 255
5 264
5 276
6 12
6 54
6 86
6 105
6 214
6 215
6 219
6 220
6 232
6 298
7 51
7 60
7 61
7 95
7 99
7 106
7 121
7 237
7 297
7 309
7 313
8 66
8 124
8 188
8 217
9 16
9 32
9 264
9 309
10 40
10 58
10 76
10 78
10 84
10 98
10 139
10 166
10 183
10 189
10 222
10 233
10 246
10 266
10 276
10 279
10 294
10 304
11 246
12 59
12 100
12 110
12 126
12 204
12 223
12 309
13 25
13 69
13 85
13 89
13 121
13 191
13 195
13 197
13 223
13 266
14 72
14 168
14 195
14 233
14 243
15 24
15 108
15 222
16 40
16 129
16 219
16 267
17 73
17 126
17 127
17 134
17 159
17 180
17 200
17 221
17 233
17 247
17 266
17 309
17 314
18 44
18 76
18 99
18 110
18 165
18 185
18 277
19 106
19 309
20 75
20 128
20 131
20 177
20 191
20 194
20 268
21 232
21 286
21 309
22 77
22 126
22 133
22 247
23 54
23 69
23 80
23 128
23 200
23 230
23 233
23 245
23 254
24 34
24 75
24 84
24 126
24 147
24 200
24 308
25 29
25 115
25 221
26 89
26 117
26 238
27 100
27 129
27 168
28 80
28 100
28 101
28 124
28 175
28 204
28 216
28 234
28 279
28 286
28 311
29 59
29 106
29 109
29 121
29 138
29 314
30 236
30 237
31 61
31 77
31 121
31 207
31 241
31 266
32 122
32 123
32 124
32 234
32 305
33 35
33 42
33 73
33 112
33 126
33 228
33 309
34 56
34 61
34 122
34 183
34 234
34 259
35 43
35 95
35 121
35 122
35 124
35 129
35 134
35 148
35 181
35 190
35 195
35 204
35 219
35 232
35 259
35 260
36 114
36 119
36 145
36 156
36 168
36 208
36 233
37 91
37 158
37 241
37 287
38 90
38 160
39 110
39 125
39 127
39 129
39 133
39 157
39 178
39 180
39 196
39 234
39 238
39 252
39 267
40 76
40 100
40 106
40 143
40 174
40 201
40 233
41 72
41 127
41 143
41 309
42 44
42 52
42 85
42 106
42 125
42 126
42 141
42 169
42 229
42 279
42 280
42 313
43 94
43 132
44 86
44 123
44 126
44 141
44 171
44 177
44 236
45 99
45 105
46 49
46 121
46 246
48 178
49 147
49 201
49 262
49 279
49 309
50 85
50 103
50 159
50 233
51 89
51 125
51 216
51 233
51 241
51 252
51 266
52 121
52 161
52 177
52 192
52 202
52 218
52 281
52 305
53 72
53 123
53 137
53 185
53 201
53 251
54 93
54 126
54 132
54 160
54 275
55 85
55 95
55 160
55 213
56 214
56 276
56 279
57 79
57 105
57 128
57 134
57 174
57 302
58 80
58 134
58 165
59 126
59 128
59 191
59 241
59 279
59 288
60 182
60 247
61 81
61 116
61 125
61 126
61 180
61 285
62 89
62 187
62 206
62 233
63 178
64 116
65 122
65 137
65 238
66 69
66 76
66 105
66 121
66 126
66 161
66 200
66 235
66 238
66 252
66 259
66 302
66 304
66 314
67 76
67 85
67 129
67 170
67 224
67 245
67 266
68 110
68 180
68 279
70 75
70 115
70 128
70 142
70 193
70 218
71 134
72 108
72 126
72 172
72 213
72 232
72 238
73 127
73 147
73 217
73 253
73 266
73 286
73 288
74 96
74 122
74 163
75 89
75 128
75 131
75 150
75 163
75 220
75 280
76 90
76 94
76 99
76 127
76 129
76 182
76 226
76 232
76 247
76 268
76 288
77 90
77 100
77 112
77 118
77 122
77 125
77 127
77 140
77 148
77 203
77 205
77 207
77 233
77 234
77 243
77 249
77 255
77 264
77 288
78 163
78 189
79 124
79 141
79 156
79 259
79 286
80 97
80 99
80 105
80 108
80 128
80 170
80 216
80 279
81 175
82 147
83 123
83 158
84 90
84 100
84 124
84 126
84 148
84 177
85 105
85 121
85 195
85 212
85 252
86 166
86 180
86 188
87 260
87 309
88 139
88 185
88 309
89 132
89 134
89 139
89 140
89 168
89 232
90 98
90 122
90 136
90 169
90 172
90 199
90 221
90 252
90 276
90 277
90 309
91 125
91 169
91 235
92 110
92 112
92 241
92 266
92 286
93 122
93 183
93 204
95 104
95 123
95 195
95 219
95 282
96 241
97 217
98 100
98 114
98 123
98 149
98 216
98 266
98 314
99 121
99 124
99 125
99 129
99 159
99 175
99 194
99 225
99 229
99 239
99 244
99 271
99 288
99 304
99 305
99 308
100 127
100 144
100 160
100 179
100 182
100 200
100 208
100 219
100 222
100 223
100 226
100 235
100 260
100 279
100 308
101 113
101 124
101 213
102 266
102 267
103 111
103 160
103 185
104 111
104 134
105 160
105 204
106 127
106 151
106 165
106 173
106 198
106 219
106 233
106 234
106 235
106 307
107 210
107 233
109 117
110 239
110 269
110 292
111 220
111 224
111 227
111 232
112 125
112 145
112 195
112 215
112 232
112 235
112 267
113 135
113 168
113 192
113 201
114 125
114 164
115 125
115 163
115 193
115 232
115 298
116 127
116 252
117 125
117 127
117 139
117 168
117 175
117 192
117 234
117 236
117 244
117 252
117 267
117 279
117 304
117 309
118 179
118 232
119 124
119 133
119 206
119 226
119 266
120 123
120 146
120 235
121 157
121 160
121 168
121 175
121 188
121 189
121 191
121 204
121 206
121 218
121 219
121 232
121 238
121 241
121 259
121 263
121 268
121 297
121 302
121 307
121 315
122 125
122 141
122 145
122 160
122 163
122 173
122 183
122 187
122 209
122 214
122 215
122 220
122 223
122 239
122 240
122 256
122 261
122 294
122 296
122 306
122 309
123 124
123 126
123 138
123 139
123 144
123 155
123 162
123 170
123 177
123 183
123 186
123 209
123 221
123 222
123 237
123 239
123 258
123 267
123 278
123 288
123 297
124 125
124 142
124 168
124 174
124 192
124 201
124 206
124 216
124 226
124 243
124 247
124 261
124 308
124 309
125 128
125 131
125 140
125 143
125 163
125 174
125 203
125 204
125 216
125 220
125 232
125 235
125 243
125 259
126 129
126 134
126 139
126 153
126 178
126 186
126 195
126 210
126 223
126 233
126 241
126 243
126 261
126 263
126 265
126 266
126 285
127 131
127 134
127 135
127 138
127 144
127 178
127 189
127 196
127 207
127 216
127 223
127 233
127 235
127 256
127 265
127 288
127 305
127 307
128 129
128 134
128 150
128 206
128 238
128 266
128 275
129 148
129 156
129 187
129 230
129 232
129 233
129 247
129 266
129 270
130 168
131 160
131 178
131 202
131 207
131 217
131 273
131 305
132 151
132 223
133 282
134 162
134 182
134 184
134 226
134 227
134 233
134 245
134 286
134 314
135 204
135 223
135 234
135 280
136 232
136 241
137 145
137 163
137 168
137 226
137 233
138 268
139 140
139 189
139 232
139 252
140 180
140 199
140 207
140 212
140 240
140 267
140 285
141 215
141 231
141 234
142 165
142 188
142 199
143 208
143 215
143 217
143 233
143 280
143 295
143 302
143 309
144 162
144 227
144 236
144 314
145 204
145 281
146 180
146 191
147 230
148 294
148 314
149 259
151 174
151 204
152 252
152 287
153 187
153 203
153 275
154 160
154 183
154 285
155 209
155 233
155 235
155 241
155 250
155 292
155 307
156 235
156 246
156 286
156 309
157 204
157 215
157 234
157 265
157 309
158 235
158 236
158 246
159 186
159 265
160 200
160 205
160 207
160 218
160 232
160 234
160 254
160 273
160 304
160 314
161 202
161 239
161 261
162 209
162 233
162 242
163 231
163 233
163 235
163 241
163 309
164 189
165 203
166 228
166 309
166 312
167 241
168 233
168 234
168 292
169 203
169 231
169 261
169 264
170 233
171 204
171 279
172 195
172 283
173 189
173 196
173 241
173 274
174 235
175 216
175 288
176 267
177 180
177 220
177 235
177 252
178 204
178 232
180 183
180 232
180 251
180 263
180 264
180 266
180 273
180 292
180 309
181 227
182 190
182 234
182 306
182 309
183 204
183 223
183 227
183 240
184 189
184 226
185 204
185 304
186 253
188 197
188 291
189 219
189 233
190 219
192 204
192 235
192 250
193 216
193 217
194 195
194 219
194 232
194 309
195 204
195 218
195 232
195 280
195 297
195 309
197 312
198 219
198 313
199 241
200 215
200 234
200 261
202 225
202 226
202 238
202 241
202 267
203 219
204 233
204 235
204 275
206 226
206 234
206 266
207 213
207 292
208 236
209 233
209 274
209 304
210 243
210 271
212 224
212 241
214 309
215 233
216 291
217 218
217 250
217 279
219 233
219 255
219 275
219 295
220 280
220 314
221 279
221 315
222 230
222 233
222 278
223 259
224 263
226 238
226 264
226 275
226 302
228 253
230 233
232 235
232 261
232 264
232 299
233 261
233 266
233 309
234 235
234 243
234 246
234 272
234 280
235 257
235 276
235 281
235 304
236 280
238 255
238 273
240 296
241 305
243 266
246 260
247 257
249 276
250 261
252 259
252 304
257 264
257 302
257 314
259 290
260 278
261 265
262 273
262 277
264 292
265 279
266 297
266 309
267 309
271 287
271 308
274 306
276 309
277 280
278 296
279 298
279 304
282 304
285 292
286 315
