0 90
0 111
0 123
0 137
0 165
0 226
0 279
1 91
1 126
1 276
2 16
2 51
2 52
2 117
2 118
2 124
2 125
2 127
2 195
2 259
2 273
2 280
2 289
3 44
3 110
3 125
3 134
4 13
4 14
4 82
4 97
4 102
4 122
4 124
4 127
4 159
4 163
4 173
4 214
4 223
4 228
4 250
4 266
4 309
5 24
5 35
5 42
5 75
5 117
5 121
5 140
5 180
5 199
5 202
5 234
5 240
5 255
5 280
5 282
5 304
6 7
6 22
6 85
6 100
6 131
6 202
6 226
6 237
6 238
6 253
6 256
7 104
7 127
7 134
7 183
7 185
7 204
7 257
7 264
7 268
7 309
8 89
8 99
8 210
9 11
9 54
9 89
9 127
9 160
9 195
9 279
10 33
10 117
10 128
10 238
10 312
11 110
11 126
11 139
11 304
12 122
12 212
12 247
13 28
13 35
13 119
13 159
13 238
13 288
14 91
15 107
15 280
16 35
16 125
16 257
16 260
16 304
17 19
17 42
17 105
17 132
17 133
17 204
17 216
17 232
17 252
17 267
17 279
17 294
18 36
18 54
18 72
18 99
18 125
18 240
19 67
19 122
19 243
20 48
20 107
20 233
21 54
21 217
21 232
22 77
22 89
22 105
22 218
22 252
22 264
23 54
23 98
23 121
23 122
24 56
24 65
24 117
24 144
24 160
25 69
25 134
25 200
25 201
25 249
26 49
26 75
26 179
26 193
26 205
26 232
27 46
27 254
28 73
28 121
28 126
28 182
28 185
28 241
28 310
29 30
29 51
29 105
29 125
29 127
29 128
29 129
29 160
29 169
29 203
29 248
30 40
30 111
30 128
30 299
31 158
31 246
32 86
32 91
32 124
32 127
32 195
32 206
32 217
34 111
34 125
34 207
34 235
34 304
35 39
35 65
35 82
35 102
35 109
35 117
35 120
35 121
35 125
35 127
35 136
35 138
35 141
35 191
35 202
35 212
35 224
35 232
35 241
35 280
35 292
35 304
35 309
35 313
36 52
36 85
36 103
36 121
36 125
36 149
36 151
36 232
37 41
37 99
37 100
37 198
37 207
37 261
38 90
38 122
39 59
39 61
39 66
39 126
39 145
39 220
39 235
39 309
40 55
40 95
40 129
40 138
40 235
40 236
40 237
41 128
41 137
41 234
42 90
42 232
42 308
42 313
43 61
44 84
44 124
44 182
44 193
44 255
45 85
45 203
46 80
46 90
46 100
46 306
47 114
49 51
49 160
49 200
49 220
49 228
49 245
49 257
50 170
50 220
50 232
50 253
50 278
51 100
51 125
51 129
51 170
51 180
51 228
52 156
52 173
52 284
52 304
53 127
53 243
54 76
54 86
54 122
54 123
54 201
55 59
55 121
55 123
55 183
55 234
55 246
56 57
56 74
56 75
56 83
56 106
56 124
56 127
56 131
56 208
57 76
57 129
57 149
57 207
57 217
58 125
58 158
58 206
59 66
59 96
59 117
59 131
59 180
59 186
59 192
59 234
59 236
59 265
59 309
60 129
60 304
61 122
61 204
61 210
61 257
61 261
61 279
63 220
64 75
65 84
65 88
65 99
65 124
65 232
65 252
65 309
66 76
66 121
66 141
66 167
66 179
66 209
66 220
66 230
66 232
66 243
66 286
67 85
67 125
67 126
67 255
67 302
68 129
68 153
68 196
68 235
69 73
69 95
69 126
69 266
69 267
70 77
70 98
70 99
70 124
70 134
70 241
71 235
72 124
72 127
72 199
72 239
72 271
73 121
73 206
73 223
73 232
73 293
74 121
74 129
74 174
74 210
75 108
75 226
75 249
75 259
76 77
76 90
76 123
76 124
76 129
76 134
76 137
76 138
76 215
76 228
76 232
76 234
76 250
76 261
77 85
77 95
77 121
77 125
77 127
77 132
77 218
77 219
77 233
77 283
78 120
79 88
79 126
79 233
80 126
80 128
80 129
80 134
80 188
81 91
81 117
81 124
81 132
81 141
81 220
81 235
81 249
81 266
82 116
82 121
82 222
82 231
82 304
83 99
83 134
83 226
83 239
84 125
84 232
84 234
84 265
84 271
85 121
85 128
85 129
85 181
85 219
85 235
85 302
86 134
86 186
87 140
87 154
87 240
88 123
88 197
89 186
89 203
89 226
89 233
89 309
89 311
90 99
90 105
90 108
90 124
90 128
90 129
90 134
90 145
90 153
90 158
90 168
90 202
90 216
90 224
90 234
90 259
90 313
91 125
91 183
92 94
92 123
93 99
93 131
93 201
93 268
93 296
94 122
94 155
94 205
94 216
95 100
95 120
95 134
95 177
95 195
96 106
96 130
96 137
96 143
96 265
97 99
97 107
97 122
97 151
97 176
97 259
97 308
98 122
98 236
98 290
99 111
99 123
99 127
99 135
99 137
99 197
99 202
99 208
99 210
99 228
99 304
99 312
100 112
100 121
100 126
100 127
100 135
100 155
100 189
100 243
100 256
101 185
101 220
102 110
102 141
102 145
102 157
102 185
102 206
102 244
103 110
103 127
103 162
103 193
103 197
103 204
103 233
104 127
104 142
104 241
105 110
105 125
105 226
105 232
105 234
105 279
106 121
106 162
106 195
107 163
107 181
108 200
109 235
110 115
110 144
110 168
110 172
110 206
110 220
110 257
111 158
111 168
111 174
111 183
111 201
111 205
111 231
112 201
112 207
112 218
113 115
113 124
113 144
113 151
113 181
113 212
113 232
114 122
114 170
114 309
115 191
115 243
115 315
116 122
117 127
117 133
117 164
117 179
117 204
117 226
117 246
117 266
117 271
117 274
118 170
118 211
118 266
119 285
120 128
120 220
120 235
120 283
121 123
121 125
121 126
121 129
121 130
121 139
121 140
121 199
121 233
121 241
121 257
121 258
121 270
121 275
121 277
121 298
121 309
122 123
122 125
122 126
122 129
122 144
122 145
122 156
122 165
122 184
122 185
122 193
122 195
122 209
122 226
122 228
122 233
122 234
122 263
122 266
122 269
122 274
122 279
123 128
123 132
123 134
123 150
123 160
123 171
123 172
123 179
123 206
123 224
123 234
123 252
123 266
123 273
123 285
123 305
123 309
124 125
124 127
124 130
124 163
124 174
124 175
124 176
124 182
124 188
124 201
124 226
124 243
124 246
124 252
124 262
124 265
124 271
124 276
124 292
124 293
124 315
125 134
125 135
125 138
125 143
125 147
125 162
125 173
125 180
125 182
125 204
125 221
125 223
125 234
125 236
125 241
125 266
125 292
125 297
125 312
126 127
126 133
126 140
126 145
126 152
126 168
126 170
126 176
126 182
126 189
126 195
126 206
126 222
126 232
126 234
126 272
126 274
126 291
126 292
126 304
126 309
126 314
127 140
127 143
127 150
127 158
127 178
127 188
127 192
127 201
127 204
127 236
127 245
127 252
127 254
127 265
127 287
127 296
127 304
128 158
128 190
128 192
128 217
128 224
128 241
128 264
128 267
128 283
128 309
128 313
129 154
129 155
129 161
129 170
129 193
129 203
129 216
129 219
129 239
129 252
129 255
129 266
130 135
130 232
130 235
131 143
131 286
132 165
132 268
133 153
133 217
134 163
134 180
134 183
134 187
134 189
134 201
134 206
134 218
134 221
134 246
134 297
135 143
135 160
135 207
135 218
135 220
135 237
135 246
136 223
137 174
137 186
137 201
137 217
137 226
137 228
137 235
137 259
137 279
138 160
138 188
138 293
139 177
139 202
139 219
139 232
139 235
140 192
140 207
140 276
141 154
142 174
142 193
142 239
143 172
143 300
144 160
147 168
147 249
148 181
148 209
148 303
149 233
149 234
151 204
151 231
152 269
153 206
153 233
153 239
154 233
155 202
155 280
156 262
156 264
156 312
157 266
158 162
158 220
158 226
159 160
159 187
159 252
159 304
160 289
161 186
161 263
162 185
162 204
162 244
163 204
163 219
163 232
163 314
164 266
164 309
165 233
165 237
165 304
166 227
167 274
168 178
168 180
168 220
168 226
168 228
168 232
168 245
168 249
169 180
169 182
169 208
171 276
172 233
172 292
173 192
173 203
173 223
173 232
173 255
173 262
174 185
174 280
175 226
177 192
178 201
179 189
179 226
179 234
180 207
180 309
181 215
181 239
182 233
184 224
185 195
185 228
185 279
185 311
186 207
186 219
186 284
186 293
187 221
187 247
187 306
188 222
188 243
189 192
189 213
189 223
189 292
192 251
192 266
193 201
193 245
195 215
196 261
197 222
197 235
198 229
198 312
199 221
199 275
200 217
200 267
201 229
201 267
202 224
202 235
202 239
202 261
203 206
203 235
203 276
204 232
204 305
204 313
206 211
206 255
206 272
206 273
207 233
208 238
210 259
210 271
211 222
214 249
215 255
215 292
215 309
216 226
216 232
217 229
217 252
217 276
217 279
217 299
218 292
218 309
219 233
219 237
219 266
219 273
219 279
219 309
219 312
220 226
220 255
220 267
221 253
221 262
221 267
222 234
222 238
222 265
223 261
224 234
226 238
229 230
232 235
232 283
232 286
232 315
233 298
234 235
234 239
234 246
234 267
234 274
234 279
234 286
234 304
235 249
235 265
235 280
238 251
238 286
238 309
240 241
241 266
241 302
246 257
246 314
247 260
249 257
250 256
252 266
252 291
253 255
253 302
257 291
259 299
259 309
262 266
265 276
265 286
266 268
266 274
267 301
269 278
271 304
274 285
275 293
279 280
279 296
279 309
291 299
292 299
292 309
299 309
305 309
