0 48
0 80
0 89
0 124
0 129
0 308
1 126
1 134
1 140
1 158
2 24
2 31
2 83
2 125
2 186
2 199
2 201
2 209
2 219
2 228
2 235
3 4
3 28
3 36
3 125
3 210
3 214
3 227
3 262
3 289
3 305
4 122
4 143
4 201
4 227
4 232
4 242
4 299
5 31
5 39
5 41
5 44
5 90
5 115
5 119
5 124
5 128
5 137
5 172
5 174
5 210
5 214
5 218
5 232
5 235
6 9
6 47
6 57
6 60
6 75
6 85
6 115
6 121
6 126
6 165
6 207
6 226
6 276
7 19
7 28
7 32
7 36
7 62
7 65
7 76
7 77
7 81
7 117
7 122
7 128
7 130
7 155
7 180
7 228
7 232
7 286
7 309
7 314
8 233
9 79
9 82
9 92
9 174
9 208
9 260
10 28
10 56
10 72
10 122
10 124
10 160
10 195
10 297
12 57
12 121
12 127
12 220
13 73
13 105
13 154
13 162
14 29
14 106
14 125
14 159
14 160
14 181
14 206
14 226
14 232
14 236
14 240
14 245
15 20
15 28
15 47
15 128
15 228
16 20
16 89
16 218
17 21
17 104
17 124
17 129
17 148
17 154
17 188
17 204
17 245
17 292
18 42
18 123
18 168
18 201
19 212
19 264
20 122
20 125
20 232
20 234
20 235
20 242
20 267
20 299
21 55
21 68
21 116
22 124
22 126
22 141
22 152
22 268
22 309
22 312
23 90
23 121
23 122
23 124
23 188
23 219
23 258
23 274
24 89
24 295
24 314
25 58
25 292
26 35
26 40
26 73
26 74
26 78
26 140
26 198
26 201
27 124
27 160
27 163
28 85
28 90
28 121
28 122
28 125
28 143
28 149
28 181
28 197
29 35
29 90
29 100
29 123
29 126
29 128
29 141
29 183
29 204
29 234
29 247
29 309
30 77
30 163
31 123
31 162
31 291
32 110
32 135
32 206
33 109
33 117
33 231
33 232
33 243
34 55
34 59
34 79
34 129
34 140
34 205
34 234
34 238
34 304
35 76
35 90
35 98
35 109
35 112
35 120
35 125
35 166
35 209
35 233
35 241
35 267
36 53
36 68
36 75
36 99
36 100
36 126
36 127
36 136
36 162
36 226
36 252
36 289
37 52
37 61
37 73
37 76
37 152
37 202
37 220
37 244
38 90
38 120
38 127
38 158
38 233
39 121
39 195
39 207
39 272
40 48
40 90
40 100
40 123
40 128
40 145
40 163
40 168
40 188
40 190
40 204
40 209
40 223
40 233
40 266
40 267
40 283
40 286
41 125
41 126
41 157
41 204
41 218
41 221
41 235
41 245
41 264
42 109
42 134
42 232
42 240
42 247
42 309
43 105
44 76
44 81
44 208
45 219
45 234
46 68
46 122
47 121
47 309
48 66
48 70
48 100
48 195
48 255
49 74
49 214
49 281
50 51
50 111
50 125
50 208
51 127
51 128
51 201
51 226
51 279
51 315
52 123
52 126
52 129
52 147
52 199
52 204
52 231
52 264
52 280
53 85
53 207
53 231
53 234
54 77
54 123
54 186
54 193
54 235
54 239
54 265
55 121
55 305
56 113
56 121
56 123
56 128
56 131
56 202
56 232
56 243
56 267
57 129
57 142
57 174
57 202
57 206
57 223
57 236
57 266
58 180
58 204
59 77
59 134
59 233
59 235
59 279
60 183
60 201
60 242
60 283
61 85
61 90
61 189
61 200
61 226
61 314
62 103
62 126
62 132
62 151
62 187
62 222
62 267
62 275
63 104
63 119
64 99
64 112
64 234
64 253
65 78
65 233
66 160
66 189
66 195
66 219
66 232
66 266
66 283
66 309
67 86
67 124
67 132
67 134
67 162
67 174
67 220
67 223
67 245
67 261
67 279
67 296
68 129
69 163
69 217
69 304
70 127
70 129
71 167
72 99
72 100
72 234
72 236
73 99
73 117
73 123
73 124
73 152
73 223
73 246
73 266
74 100
74 126
75 76
75 107
75 124
75 129
75 201
75 240
75 288
75 311
76 98
76 100
76 124
76 126
76 130
76 134
76 144
76 179
76 181
76 190
76 205
76 206
76 219
76 233
76 265
76 266
76 268
76 304
77 84
77 99
77 101
77 104
77 122
77 124
77 126
77 138
77 158
77 169
77 201
77 203
77 224
77 233
77 237
77 246
77 253
77 267
77 276
77 313
78 144
78 233
78 309
79 83
79 129
79 134
79 191
79 223
79 298
80 123
80 127
80 165
80 273
81 95
81 122
81 149
81 180
81 212
81 252
82 124
82 200
83 84
83 111
83 124
83 183
83 219
83 252
83 286
84 121
84 134
84 179
84 201
84 250
85 107
85 112
85 134
85 135
85 146
85 185
85 189
85 205
85 206
85 288
86 91
86 127
86 147
86 176
86 181
86 245
86 256
87 189
87 190
87 204
87 235
88 99
88 139
88 204
88 226
88 247
88 283
89 95
89 128
89 184
89 204
89 221
89 224
89 236
90 107
90 110
90 125
90 206
90 268
90 290
91 124
91 309
92 127
92 238
93 106
93 132
95 126
95 129
95 135
95 167
95 172
95 200
95 219
95 234
95 271
96 121
96 124
96 129
96 139
97 105
97 123
97 132
97 235
97 273
98 109
98 125
98 140
98 202
98 266
99 106
99 121
99 122
99 123
99 124
99 201
99 202
99 216
99 246
99 263
99 267
99 273
100 123
100 124
100 125
100 126
100 128
100 134
100 219
100 226
100 232
100 250
100 273
100 309
101 121
101 204
102 168
102 204
102 225
102 234
103 166
103 239
103 243
103 247
103 267
104 138
104 151
104 162
104 245
104 246
104 279
104 309
105 120
105 174
105 216
105 241
105 247
105 300
106 121
106 122
106 128
106 129
106 142
106 144
106 158
106 168
106 183
106 218
106 226
106 274
106 294
107 219
107 229
107 246
108 155
108 232
108 233
108 257
109 112
109 182
110 129
110 309
111 121
111 163
111 180
111 192
111 304
112 126
112 207
112 236
112 281
113 124
113 189
113 315
114 193
114 249
114 271
115 125
115 163
115 173
115 273
116 152
117 120
117 122
117 132
117 188
117 194
117 204
117 210
117 243
117 244
117 247
117 268
119 134
119 200
119 215
119 223
119 226
119 234
119 261
119 304
120 129
120 173
121 123
121 124
121 125
121 127
121 129
121 137
121 190
121 206
121 225
121 233
121 235
121 239
121 255
121 290
122 154
122 160
122 166
122 203
122 206
122 220
122 222
122 232
122 240
122 266
122 289
122 313
123 124
123 128
123 134
123 158
123 191
123 192
123 199
123 219
123 222
123 226
123 234
123 252
123 262
123 274
123 291
123 304
123 309
124 127
124 128
124 129
124 137
124 154
124 157
124 159
124 160
124 161
124 171
124 173
124 191
124 194
124 200
124 214
124 226
124 231
124 240
124 243
124 261
124 267
124 271
124 276
124 309
125 139
125 155
125 166
125 180
125 201
125 218
125 232
125 233
125 234
125 235
125 240
125 241
125 257
125 263
125 299
126 196
126 219
126 225
126 233
126 266
126 267
126 283
126 292
126 294
126 303
127 130
127 133
127 135
127 162
127 167
127 197
127 204
127 212
127 215
127 225
127 232
127 266
127 270
127 280
127 286
127 309
128 129
128 141
128 158
128 165
128 193
128 211
128 232
128 278
128 279
128 309
129 147
129 155
129 171
129 205
129 219
129 232
129 255
129 278
129 279
129 288
129 312
130 204
130 266
131 134
131 193
131 235
131 263
131 295
131 302
132 163
133 226
133 234
133 257
134 171
134 172
134 179
134 201
134 207
134 232
134 234
134 243
134 254
134 255
134 304
134 309
135 203
135 206
135 216
135 232
135 233
135 267
135 291
135 298
136 267
137 139
137 173
137 195
137 236
137 258
139 293
140 168
140 178
140 212
140 219
140 261
141 155
142 187
142 228
142 291
142 314
143 226
143 232
143 241
143 264
145 266
146 271
147 232
147 309
149 236
149 264
149 311
150 232
150 233
150 264
151 172
151 232
151 233
151 271
151 308
153 192
153 267
155 259
155 267
156 170
156 253
157 158
157 204
158 170
158 251
159 163
159 172
159 241
160 185
160 192
160 198
160 225
160 232
160 233
160 237
160 238
160 259
160 303
161 202
162 188
162 204
162 217
162 233
162 259
162 273
162 313
163 185
163 193
163 226
163 252
164 266
166 264
167 224
167 259
168 210
168 214
168 218
168 226
168 233
168 256
168 265
168 273
168 278
168 288
169 223
169 235
169 275
170 212
170 243
170 245
171 234
171 304
173 204
173 206
173 235
173 279
174 234
174 237
174 247
174 296
175 240
177 217
177 279
178 201
178 208
178 278
180 204
180 226
180 233
180 235
180 261
181 193
181 199
181 236
181 259
182 217
182 279
183 223
183 309
185 221
185 235
185 289
188 204
188 254
188 276
189 200
189 309
190 216
190 235
191 221
192 226
192 237
192 273
193 220
193 236
194 221
195 226
195 233
195 234
195 243
195 257
195 271
195 309
196 239
197 200
197 220
197 234
197 235
197 237
197 288
197 312
198 208
198 262
199 234
199 312
200 288
201 227
201 241
201 245
201 266
201 278
202 230
202 232
202 279
202 294
203 224
203 259
203 276
204 226
204 227
204 241
204 256
204 262
204 309
206 232
206 244
207 232
207 267
207 273
207 292
208 217
209 234
210 221
210 235
210 276
211 293
212 215
212 236
214 233
215 232
215 237
216 233
217 266
218 229
218 233
218 279
219 233
219 235
219 309
219 313
220 233
220 261
220 274
221 222
221 224
221 233
221 308
222 247
222 265
223 232
223 297
223 304
224 277
224 310
225 258
226 232
226 254
226 269
228 258
230 250
230 288
231 296
232 234
232 236
232 246
232 252
232 292
233 288
233 297
234 276
234 280
234 296
234 305
234 314
235 274
235 291
235 304
235 306
235 315
236 257
237 241
237 252
238 247
238 263
238 280
239 271
239 282
239 309
240 266
240 309
241 250
241 284
241 293
242 272
244 279
246 258
246 277
247 305
247 309
251 285
252 283
253 305
253 309
255 265
255 304
255 305
259 261
263 264
263 272
263 302
264 266
264 286
266 304
266 312
267 292
271 313
274 291
277 303
282 286
282 309
285 313
291 302
293 304
302 304
