0 119
0 159
0 160
1 14
1 46
1 175
2 36
2 66
2 91
2 128
2 141
2 234
3 33
3 65
3 101
3 102
3 125
3 166
3 185
3 226
4 24
4 61
4 96
4 182
4 280
4 288
4 309
5 36
5 44
5 59
5 92
5 100
5 124
5 126
5 156
5 162
5 166
5 204
5 219
5 226
5 235
6 7
6 75
6 82
6 111
6 121
6 147
6 150
6 160
6 170
6 219
6 243
6 269
6 308
7 17
7 23
7 35
7 41
7 75
7 93
7 98
7 100
7 110
7 122
7 202
7 239
8 79
8 105
8 111
8 229
9 26
9 36
9 122
9 273
10 48
10 86
10 123
10 164
10 195
10 201
10 271
10 309
11 127
11 170
11 257
12 80
12 116
12 180
12 192
12 202
12 255
13 16
13 24
13 37
13 52
13 124
13 144
13 168
13 217
13 234
13 266
14 105
14 223
15 98
15 219
16 20
16 39
16 90
16 182
16 207
16 219
16 232
17 134
17 147
17 163
17 232
17 255
17 283
17 297
18 54
18 104
18 110
18 165
18 203
18 264
19 20
19 266
20 73
20 82
20 105
20 120
20 121
20 129
20 192
20 199
20 226
20 264
20 292
21 67
21 127
22 23
22 36
22 73
22 103
22 116
22 122
22 130
22 135
22 188
22 232
23 99
23 121
23 127
23 137
23 154
23 160
23 219
23 267
23 268
23 291
24 129
24 192
24 219
24 228
24 246
24 275
24 307
25 52
25 95
25 121
25 123
25 141
25 188
25 204
25 266
26 100
26 121
26 160
26 206
26 228
26 233
26 289
28 39
28 103
28 134
28 190
28 220
28 226
28 304
29 103
29 106
29 122
29 128
29 232
29 235
29 276
29 288
29 292
30 84
30 103
30 147
31 116
31 121
31 203
31 219
31 253
32 121
32 123
32 178
32 230
32 233
32 238
32 253
32 275
33 190
33 247
34 99
34 117
34 154
34 204
34 229
34 232
34 252
34 271
35 36
35 67
35 70
35 75
35 88
35 96
35 186
35 207
35 212
35 221
35 227
35 267
36 55
36 63
36 90
36 98
36 114
36 126
36 140
36 182
36 208
36 226
36 231
36 233
36 280
37 43
37 51
37 112
37 122
37 129
37 148
37 228
37 233
37 246
38 76
38 144
38 177
39 61
39 86
39 114
39 128
39 160
39 226
39 311
40 79
40 109
40 124
40 127
40 134
40 147
40 180
40 195
40 253
40 268
40 288
40 309
41 112
41 135
41 169
41 172
41 296
42 80
42 121
42 122
42 123
42 124
42 129
42 137
42 216
42 239
42 271
43 66
43 76
43 158
43 184
43 229
43 232
43 234
43 264
44 197
46 214
46 309
47 82
47 218
48 308
49 76
49 126
49 165
49 199
49 210
49 218
49 232
49 235
49 257
49 279
50 98
50 180
50 238
50 261
51 52
51 121
51 129
51 168
51 216
51 232
51 258
51 259
51 271
51 275
51 280
52 58
52 59
52 128
52 154
52 220
52 222
52 236
53 118
53 160
54 106
54 125
54 180
54 195
54 246
54 266
55 83
55 84
55 116
55 192
55 220
56 133
56 134
56 137
56 170
56 233
57 104
57 185
57 268
58 95
59 66
59 82
59 89
59 101
59 135
59 137
59 144
59 233
59 235
59 238
59 261
60 224
60 278
61 83
61 108
61 121
61 123
61 129
61 137
61 170
61 206
61 213
61 226
61 271
61 292
62 81
62 121
62 140
62 233
62 234
63 251
64 114
64 122
64 261
65 85
65 128
65 193
65 241
65 255
66 169
66 218
66 219
66 234
66 276
66 280
67 207
67 218
68 309
69 217
69 246
69 259
70 77
70 94
70 219
70 275
71 74
71 134
71 200
72 124
72 129
72 147
72 190
73 111
73 122
73 173
73 234
73 262
73 304
74 99
74 178
74 225
75 84
75 90
75 127
75 201
75 224
75 304
76 99
76 124
76 134
76 176
76 189
76 210
76 259
76 268
76 292
76 299
77 82
77 88
77 90
77 100
77 105
77 106
77 108
77 120
77 122
77 137
77 145
77 147
77 164
77 166
77 169
77 206
77 226
77 229
77 236
77 258
78 100
79 206
79 287
80 81
80 85
80 139
80 153
80 163
80 181
80 185
80 204
80 234
80 253
80 278
81 99
81 137
81 142
81 221
82 109
84 143
84 199
84 233
85 111
85 125
85 126
85 168
85 204
85 227
85 247
85 272
85 301
86 99
86 148
86 174
86 206
86 222
86 257
88 142
88 143
89 90
89 123
89 124
89 151
89 186
89 226
89 267
89 295
89 312
90 118
90 124
90 139
90 141
90 158
90 169
90 180
90 217
90 271
91 134
91 148
91 243
92 99
92 124
92 134
92 233
92 235
93 98
93 112
93 158
93 199
94 141
95 96
95 119
95 126
95 152
95 162
95 187
95 216
95 279
95 286
96 122
96 209
96 234
96 311
97 106
98 126
98 127
98 231
98 240
98 288
99 100
99 125
99 126
99 170
99 175
99 189
99 203
99 216
99 220
99 221
99 226
99 233
99 234
99 240
99 243
99 259
99 280
99 309
100 109
100 122
100 124
100 126
100 127
100 129
100 158
100 170
100 203
100 220
100 233
100 246
100 253
100 266
100 297
101 123
101 166
102 121
102 139
102 166
103 265
104 111
104 168
104 220
105 126
105 128
105 162
105 219
105 232
105 243
105 277
105 314
106 123
106 128
106 226
106 236
106 274
107 125
107 198
107 219
107 234
107 259
108 232
108 238
109 155
109 227
109 235
110 120
110 134
110 155
110 158
110 219
110 248
110 279
110 292
110 313
111 201
111 205
111 297
112 123
112 174
112 246
112 255
112 296
112 305
113 120
113 129
113 197
113 209
114 163
115 121
115 122
115 153
115 175
115 305
116 187
116 234
116 235
116 279
117 123
117 224
117 233
117 247
117 305
118 126
118 305
119 241
120 129
120 152
120 204
120 273
121 122
121 126
121 127
121 128
121 129
121 163
121 165
121 201
121 206
121 224
121 227
121 232
121 246
121 253
121 257
121 271
122 124
122 128
122 149
122 152
122 153
122 175
122 178
122 200
122 221
122 226
122 264
122 286
122 291
122 313
122 314
123 126
123 128
123 140
123 147
123 148
123 190
123 223
123 227
123 232
123 233
123 241
123 257
123 282
123 292
123 304
123 309
124 126
124 129
124 135
124 148
124 157
124 158
124 177
124 184
124 191
124 195
124 206
124 231
124 233
124 243
124 246
124 254
124 266
124 290
124 299
125 134
125 162
125 180
125 181
125 189
125 225
125 231
125 232
125 235
125 245
125 296
126 127
126 129
126 134
126 162
126 188
126 189
126 201
126 212
126 217
126 220
126 224
126 226
126 232
126 235
126 239
126 245
126 257
126 309
126 312
127 128
127 160
127 166
127 204
127 205
127 207
127 218
127 224
127 232
127 246
127 275
127 276
127 277
127 299
127 304
128 129
128 130
128 133
128 173
128 204
128 206
128 210
128 233
128 248
128 268
129 135
129 143
129 160
129 172
129 185
129 201
129 226
129 233
129 235
129 243
129 246
129 247
129 271
129 279
130 204
131 142
131 231
131 232
131 304
132 185
132 187
132 227
133 220
134 167
134 170
134 171
134 176
134 180
134 183
134 187
134 195
134 225
134 233
134 277
135 137
135 150
135 165
135 226
135 247
135 309
136 156
136 189
137 198
137 234
137 255
137 266
137 304
139 185
139 274
140 233
140 297
140 315
141 189
142 245
142 277
142 304
143 170
143 187
143 226
143 232
143 234
144 207
144 234
144 261
144 266
147 158
147 197
147 207
147 236
147 300
149 173
149 228
150 313
151 226
151 273
152 206
152 304
154 224
155 160
155 235
156 184
157 195
157 226
157 238
158 243
158 246
158 271
158 274
158 279
158 304
160 174
160 188
160 207
160 220
160 234
160 293
161 231
161 246
162 180
162 200
162 218
162 219
162 259
163 309
165 176
165 216
165 218
165 232
166 179
166 195
166 215
166 239
166 294
166 309
168 180
168 209
168 232
168 241
168 282
168 285
169 206
170 263
171 189
171 204
171 226
171 234
172 180
172 263
172 286
173 192
173 195
173 226
173 262
174 192
175 286
176 227
176 292
177 192
177 252
178 246
180 189
180 202
180 232
180 241
181 183
181 233
182 235
183 203
183 232
183 233
185 232
185 235
186 234
186 279
187 237
187 244
188 195
188 235
188 257
188 299
189 234
191 315
192 227
192 239
193 237
193 267
193 281
195 206
195 230
195 267
197 233
197 291
199 232
199 278
200 215
200 227
200 251
201 230
201 232
202 297
204 207
204 220
204 226
204 232
207 235
208 232
208 309
209 304
210 233
211 230
211 232
212 284
213 258
214 241
215 226
215 244
215 264
216 232
216 252
217 218
217 220
219 236
219 241
219 245
220 224
221 241
221 252
221 303
221 309
222 237
222 310
223 243
223 279
226 232
226 234
226 236
226 241
226 251
226 259
226 267
226 282
226 309
227 235
227 304
230 271
231 293
232 234
232 238
232 288
232 292
233 243
233 252
233 264
233 271
233 292
233 295
233 311
233 313
234 261
234 266
235 255
235 264
235 266
235 267
235 302
238 256
238 288
238 305
239 246
239 305
241 290
241 311
246 267
246 268
247 309
251 255
252 257
252 262
255 258
255 272
257 271
258 292
259 309
260 265
262 311
263 266
264 280
264 309
265 267
266 267
266 297
266 304
269 309
282 295
