0 162
0 312
1 146
1 153
1 162
1 216
1 220
2 6
2 16
2 53
2 126
2 204
2 234
2 241
2 257
3 10
3 44
3 91
3 115
3 117
3 197
3 251
4 73
4 122
4 124
4 143
4 158
4 168
4 184
4 204
4 215
5 34
5 40
5 49
5 68
5 74
5 77
5 85
5 86
5 96
5 123
5 201
5 202
5 222
5 230
5 243
5 252
5 304
5 313
6 34
6 40
6 100
6 127
6 129
6 177
6 232
6 243
6 257
6 259
6 311
7 106
7 124
7 142
7 219
7 232
7 264
8 122
8 154
8 180
9 13
9 76
9 85
9 307
10 76
10 77
10 89
10 121
10 129
10 215
10 216
11 16
11 78
11 106
11 122
11 158
11 250
11 261
11 306
12 34
12 76
12 98
12 120
12 123
12 124
12 143
12 166
12 178
12 252
12 277
13 90
13 98
13 100
13 160
13 169
13 250
13 266
13 279
14 96
14 125
14 126
14 137
14 156
14 160
14 183
14 203
14 207
14 211
14 234
14 236
15 65
15 121
16 116
16 121
16 176
16 203
16 223
16 257
17 54
17 121
17 126
17 157
17 160
17 194
17 204
17 219
17 226
17 264
18 59
18 75
18 76
18 81
18 160
18 280
19 253
20 36
20 63
20 78
20 125
20 183
20 192
21 128
21 229
22 122
22 195
22 246
22 259
22 311
23 112
23 123
23 129
23 130
23 160
23 195
23 200
23 232
23 252
23 280
24 180
24 182
24 228
24 276
24 283
25 121
25 128
25 207
25 258
26 100
26 125
26 127
26 165
27 76
27 97
28 127
28 129
28 278
28 282
28 304
29 61
29 72
29 100
29 102
29 125
29 138
29 173
29 221
29 271
29 273
30 34
30 257
30 285
30 292
31 160
31 296
32 40
32 61
32 114
32 219
32 226
32 233
33 139
33 144
33 206
33 207
33 231
33 247
34 166
34 263
35 44
35 66
35 93
35 96
35 100
35 112
35 119
35 121
35 122
35 123
35 178
35 223
35 232
35 235
35 240
35 266
35 277
36 120
36 122
36 123
36 138
36 171
36 204
36 212
36 223
36 256
37 102
37 243
38 99
38 110
38 144
38 210
38 241
39 70
39 196
39 197
39 234
39 266
39 272
39 280
40 100
40 123
40 126
40 128
40 177
40 216
40 220
40 271
40 288
41 45
41 83
41 99
41 122
41 123
41 128
41 196
41 244
42 46
42 77
42 96
42 120
42 155
42 197
42 219
42 304
42 309
43 49
43 164
43 173
44 99
44 120
44 135
44 273
44 279
45 132
46 134
46 153
46 246
47 121
47 129
48 88
48 123
48 308
49 85
49 96
49 122
49 133
49 215
49 233
49 253
49 296
50 86
51 91
51 110
51 192
51 222
51 232
51 233
51 240
51 266
51 309
51 313
52 77
52 128
52 168
52 217
52 234
52 258
52 277
52 286
53 128
54 115
54 128
54 271
54 281
54 293
54 298
55 79
55 129
55 148
55 201
55 306
56 137
56 223
56 262
56 292
56 308
56 314
57 106
57 128
57 193
57 285
58 110
59 82
59 102
59 103
59 125
59 126
59 140
59 198
61 100
61 280
61 303
62 76
62 127
62 158
62 244
63 73
64 66
64 309
65 72
65 95
65 123
65 125
65 127
65 184
65 233
66 122
66 125
66 140
66 152
66 180
66 209
66 221
67 90
67 123
67 134
67 202
67 268
67 286
68 129
68 204
68 228
69 122
69 134
70 137
70 279
70 308
71 198
71 200
71 223
72 95
72 104
72 105
72 123
72 229
72 247
73 121
73 125
73 126
73 128
73 142
73 216
73 238
73 266
73 293
74 100
74 110
74 116
74 121
74 124
74 128
74 255
75 169
75 210
75 226
75 238
75 246
75 263
75 279
76 99
76 106
76 121
76 122
76 125
76 127
76 137
76 201
76 203
76 204
76 219
76 223
76 234
76 240
76 275
76 285
76 286
76 292
76 297
76 315
77 100
77 112
77 122
77 127
77 131
77 152
77 165
77 177
77 188
77 214
77 236
77 243
77 245
77 274
77 284
77 292
77 304
77 310
78 84
78 189
79 85
79 212
79 233
79 241
80 127
80 246
80 250
80 257
81 89
81 95
81 123
81 202
81 302
82 94
82 96
82 100
82 309
83 107
83 126
83 162
83 257
84 127
84 163
84 188
84 236
84 247
84 313
85 89
85 119
85 122
85 231
85 292
86 122
86 237
87 123
88 104
88 178
88 188
88 209
88 298
89 121
89 233
89 236
89 237
89 266
89 314
90 118
90 122
90 124
90 139
90 157
90 173
90 214
90 219
90 221
90 232
90 233
90 268
90 297
90 309
91 106
91 131
91 235
93 312
94 99
94 204
94 280
95 124
95 312
96 148
96 204
97 232
97 266
97 269
98 120
98 269
99 128
99 156
99 162
99 204
99 210
99 227
99 234
99 243
99 252
99 261
99 286
100 111
100 123
100 126
100 134
100 180
100 209
100 219
100 221
100 230
100 246
100 259
100 313
101 140
101 152
102 188
102 232
102 267
103 121
103 183
103 186
104 126
104 234
104 274
105 173
105 204
105 279
105 304
106 129
106 186
106 206
106 265
107 155
107 157
107 166
107 233
108 199
108 201
109 234
110 115
110 207
110 240
110 259
111 125
111 168
111 189
111 191
111 223
111 261
112 127
112 128
112 166
113 122
113 276
114 125
115 121
115 125
115 126
115 129
115 215
115 223
115 228
115 309
116 156
116 234
117 126
117 127
117 144
117 151
117 201
117 212
117 234
117 235
117 264
119 128
119 129
119 232
119 311
120 242
120 255
121 125
121 134
121 141
121 151
121 168
121 173
121 192
121 198
121 201
121 219
121 227
121 229
121 232
121 235
121 236
121 241
121 242
121 261
121 274
121 313
121 314
122 138
122 141
122 143
122 153
122 163
122 168
122 173
122 174
122 201
122 215
122 225
122 233
122 235
122 238
122 247
122 269
122 298
122 309
123 124
123 126
123 128
123 134
123 142
123 155
123 165
123 176
123 183
123 223
123 235
123 247
123 253
123 292
124 125
124 139
124 158
124 164
124 172
124 192
124 193
124 208
124 224
124 236
124 304
124 306
125 127
125 128
125 138
125 147
125 155
125 164
125 171
125 180
125 182
125 213
125 219
125 232
125 235
125 238
125 249
125 250
125 280
125 305
125 308
126 130
126 135
126 142
126 149
126 160
126 195
126 218
126 221
126 226
126 232
126 267
126 272
126 291
126 297
126 298
126 314
127 161
127 169
127 170
127 181
127 185
127 187
127 217
127 222
127 223
127 225
127 228
127 235
127 252
127 257
127 259
127 288
127 306
128 129
128 135
128 139
128 159
128 163
128 175
128 180
128 189
128 232
128 233
128 235
128 269
128 290
128 296
129 134
129 135
129 177
129 185
129 204
129 207
129 238
129 246
129 249
129 274
130 155
130 228
130 261
131 172
131 205
132 195
132 198
132 216
132 268
132 299
132 309
133 164
133 224
134 169
134 200
134 220
134 240
134 250
134 278
134 293
135 255
135 259
136 229
137 280
138 143
138 165
138 207
138 278
138 287
139 141
139 168
139 173
139 232
139 313
140 172
140 220
140 250
141 144
141 170
141 263
141 289
142 165
142 311
143 187
143 204
143 279
143 311
144 171
144 187
144 188
144 232
145 188
145 220
147 163
147 192
147 220
147 234
148 188
149 273
151 212
151 232
153 246
155 217
155 229
155 233
156 206
157 162
157 171
157 203
157 210
157 218
157 258
157 261
158 215
158 261
158 305
160 182
160 202
160 208
160 230
160 233
160 246
160 290
161 266
162 189
162 233
162 314
163 237
163 241
163 294
163 296
164 278
164 314
165 212
165 220
165 279
166 200
166 210
166 243
167 262
167 284
168 181
168 232
169 218
169 236
169 277
169 299
170 177
170 304
171 221
171 253
172 200
172 252
172 294
173 195
173 202
173 226
173 286
174 200
174 216
174 223
174 292
175 296
176 180
177 200
178 266
179 204
179 222
179 288
179 304
180 202
180 205
180 233
180 235
180 267
180 280
180 313
180 314
180 315
181 222
181 227
182 235
182 253
182 271
183 188
183 232
183 238
183 299
184 259
185 226
186 204
186 283
186 309
187 198
187 231
187 264
188 223
189 252
189 296
189 305
191 206
191 299
192 193
192 285
193 215
193 221
193 261
195 233
195 262
197 304
198 207
198 307
199 304
199 315
200 266
201 232
202 228
202 296
203 220
203 254
203 261
203 309
204 217
204 218
204 219
204 233
204 239
204 270
204 309
206 278
206 304
207 219
207 223
207 301
208 219
209 231
209 235
209 289
210 266
211 233
214 216
215 304
218 223
219 221
219 234
219 243
220 234
221 241
221 288
221 297
223 228
223 253
223 264
223 294
224 229
224 230
224 234
224 273
224 292
224 294
225 259
226 268
226 278
226 279
227 297
228 252
230 306
232 251
232 263
232 275
232 296
233 293
234 238
234 243
234 273
234 278
234 305
234 309
235 246
235 261
235 264
235 306
236 284
237 267
237 285
238 243
238 297
239 268
240 288
241 280
241 296
243 275
243 288
243 309
245 266
245 313
246 286
249 309
251 269
253 278
253 301
255 272
257 268
257 303
265 268
266 267
266 269
266 315
268 304
270 275
272 284
278 311
279 280
279 309
285 309
287 288
