0 206
1 100
1 161
1 249
1 279
2 122
2 235
3 98
3 119
3 122
3 176
3 200
3 202
3 219
3 231
3 309
3 314
4 9
4 36
4 52
4 117
4 122
4 266
4 267
4 284
5 19
5 24
5 89
5 111
5 121
5 135
5 139
6 11
6 68
6 84
6 87
6 111
6 126
6 195
6 206
6 255
6 302
7 17
7 40
7 50
7 113
7 120
7 125
7 160
7 201
7 234
7 241
7 277
8 155
8 262
9 43
9 78
9 144
9 204
9 226
9 235
10 48
10 81
10 127
10 130
10 180
10 219
10 235
10 255
10 261
11 67
11 112
11 282
12 16
12 22
12 27
12 60
12 90
12 123
12 129
12 246
12 297
13 24
13 123
13 125
13 140
13 144
13 152
13 179
13 232
13 257
13 307
14 219
14 294
15 128
16 21
16 22
16 51
16 120
16 134
16 138
17 25
17 65
17 140
17 161
17 233
17 234
18 83
18 233
18 241
19 32
19 145
19 188
19 240
20 22
20 42
20 46
20 54
20 55
20 99
20 111
20 140
20 188
20 221
21 122
21 125
21 127
22 74
22 122
22 126
22 128
22 156
22 210
22 240
23 40
23 72
23 99
23 141
23 205
23 215
23 261
23 299
24 38
24 123
24 124
24 152
24 183
24 206
24 228
24 233
25 93
25 141
25 229
26 59
26 66
26 137
26 267
26 298
26 311
27 99
27 129
27 207
27 304
28 74
28 124
28 168
28 202
28 232
28 241
29 93
29 95
29 119
29 124
29 125
29 127
29 144
29 156
29 165
29 185
29 199
29 202
29 203
29 235
29 279
30 45
30 125
30 220
31 110
31 128
31 169
31 210
31 218
31 233
32 76
32 90
32 104
32 123
32 160
32 178
32 209
32 233
32 234
32 303
32 309
33 123
34 120
34 124
34 133
34 202
34 206
34 217
34 219
34 235
34 261
34 283
34 304
35 70
35 110
35 121
35 123
35 150
35 206
35 214
35 233
35 234
35 235
35 282
35 287
36 51
36 59
36 127
36 136
36 160
36 183
36 197
36 226
36 236
37 58
37 119
37 121
37 123
37 129
37 212
38 74
38 85
38 125
38 255
38 303
39 121
39 163
39 170
39 182
39 193
39 200
40 48
40 60
40 65
40 76
40 84
40 86
40 106
40 132
40 175
40 192
40 201
40 223
40 291
40 299
40 304
41 57
41 105
41 115
41 126
41 133
41 182
41 261
41 299
41 314
42 57
42 154
42 161
42 173
42 222
42 234
42 247
42 309
43 285
43 286
44 84
44 85
44 95
44 120
44 125
44 127
44 142
44 155
44 304
45 134
45 188
46 59
46 105
46 288
47 90
47 296
48 129
49 156
49 223
49 234
49 283
50 66
50 198
51 56
51 160
51 212
51 222
51 226
51 233
51 294
51 297
52 121
52 122
52 125
52 194
52 219
52 232
52 233
52 237
52 240
52 243
52 245
52 266
52 283
53 285
54 115
54 123
54 128
54 257
54 314
55 99
55 127
55 129
55 183
55 200
55 204
55 218
55 275
56 75
56 77
56 125
56 146
56 158
56 180
56 232
56 234
57 67
57 89
57 99
57 134
57 151
57 206
57 224
58 220
59 73
59 104
59 106
59 116
59 125
59 127
59 139
59 148
59 155
59 221
60 129
60 131
60 219
60 233
60 286
61 76
61 135
62 181
63 140
63 226
63 248
64 279
64 280
65 123
65 200
66 124
66 128
66 134
66 168
66 169
66 178
66 193
66 221
66 232
66 282
66 306
67 77
67 90
67 106
67 118
67 138
67 155
67 246
68 125
68 226
69 80
69 84
70 107
70 132
71 165
71 206
71 236
71 266
72 110
72 122
72 129
72 234
72 236
72 257
73 92
73 121
73 126
73 128
73 145
73 213
73 267
74 91
74 97
74 99
74 104
74 140
74 142
74 220
74 297
75 104
75 159
75 252
75 266
75 304
76 83
76 123
76 124
76 147
76 151
76 178
76 203
76 223
76 224
76 271
77 81
77 106
77 119
77 141
77 155
77 165
77 169
77 173
77 174
77 189
77 199
77 203
77 204
77 224
77 264
77 310
77 312
77 315
78 174
78 203
78 218
78 235
79 91
79 115
79 129
80 91
80 102
80 121
80 122
80 167
80 181
80 233
80 298
81 123
81 135
81 140
81 151
81 238
81 277
82 217
82 232
82 238
82 302
83 149
83 215
83 223
84 127
84 142
84 152
84 200
84 208
84 314
85 107
85 110
85 126
85 129
85 132
85 146
85 152
85 161
85 189
85 217
85 248
85 266
85 267
85 288
86 103
86 107
86 123
86 143
87 129
88 235
88 304
89 117
89 122
89 140
89 172
89 177
89 204
89 218
89 220
89 226
90 98
90 99
90 122
90 173
90 216
90 233
90 235
90 288
90 304
91 140
92 99
92 117
92 236
92 246
92 251
93 100
93 142
93 216
93 235
94 232
95 125
95 127
95 129
95 135
95 208
95 212
95 246
96 219
97 130
97 173
97 197
97 219
98 123
98 162
98 209
98 216
98 313
99 151
99 195
99 227
99 232
99 233
99 241
99 268
99 312
100 116
100 124
100 129
100 139
100 149
100 163
100 178
100 205
100 208
100 217
100 232
100 235
100 275
100 276
100 278
100 288
100 299
100 309
101 129
102 144
102 233
103 121
103 134
103 160
103 165
103 210
103 233
104 145
104 206
104 224
104 235
104 240
104 267
105 121
105 238
105 267
106 124
106 127
106 210
106 233
106 234
106 238
106 241
106 299
107 117
107 126
107 231
107 276
108 129
108 236
108 253
109 138
109 141
110 127
110 131
110 143
110 151
110 166
110 227
110 290
111 115
111 125
111 195
111 203
111 238
111 259
112 149
112 221
112 233
112 275
113 166
113 207
113 212
113 246
113 309
115 180
115 199
115 233
116 183
116 246
117 126
117 159
117 182
117 185
117 313
118 134
118 189
118 277
119 267
120 133
120 191
120 209
120 266
121 128
121 132
121 134
121 144
121 160
121 165
121 185
121 223
121 226
121 265
122 126
122 127
122 129
122 139
122 151
122 166
122 176
122 213
122 233
122 234
122 262
123 140
123 156
123 158
123 170
123 175
123 180
123 189
123 210
123 224
123 226
123 235
123 238
123 246
123 247
123 306
123 309
124 125
124 174
124 232
124 235
124 241
124 244
124 264
124 267
124 274
124 279
124 285
124 288
124 311
124 314
125 130
125 138
125 139
125 140
125 154
125 200
125 212
125 219
125 247
125 266
125 267
125 271
125 286
126 128
126 129
126 137
126 144
126 158
126 165
126 168
126 201
126 206
126 223
126 224
126 228
126 252
126 259
126 271
126 286
127 128
127 129
127 153
127 156
127 158
127 206
127 222
127 224
127 233
127 236
127 240
127 266
127 283
127 290
127 292
128 147
128 189
128 192
128 204
128 235
128 255
128 259
128 277
128 289
128 304
128 309
129 168
129 169
129 179
129 194
129 195
129 197
129 226
129 232
129 235
129 251
129 256
129 261
129 279
129 309
130 235
131 134
131 170
132 282
133 148
133 172
133 234
133 298
134 144
134 160
134 170
134 204
134 233
134 234
134 235
134 239
134 261
134 266
135 212
135 217
135 243
136 204
136 233
137 302
139 144
139 157
139 202
139 219
140 181
140 195
140 199
140 277
141 168
141 238
141 286
141 288
142 234
142 260
142 269
143 159
143 173
144 181
144 209
144 226
144 267
147 251
147 255
147 260
148 186
148 309
149 159
149 266
151 195
151 271
152 249
153 155
153 160
153 267
153 303
154 212
155 204
155 216
155 219
155 279
155 309
156 166
156 195
156 288
157 245
157 277
158 176
158 181
158 236
158 244
158 285
158 293
159 206
159 216
159 235
159 252
159 268
160 180
160 185
160 223
160 294
160 304
161 238
162 187
162 188
162 192
162 264
163 246
163 249
163 267
165 230
165 249
165 303
165 307
166 171
166 226
167 219
168 178
168 235
168 314
168 315
169 177
169 224
169 253
170 235
170 269
170 315
173 235
173 237
174 195
174 228
175 236
176 198
176 202
176 241
176 262
177 183
177 225
177 226
177 264
177 279
177 284
178 282
178 298
179 206
180 204
180 228
180 239
180 244
180 259
180 266
181 233
181 296
182 228
182 232
182 234
182 242
182 266
182 272
183 219
183 233
183 235
183 274
185 226
185 232
185 234
185 250
187 218
187 296
187 310
188 266
189 260
189 286
189 304
191 254
192 232
192 237
192 279
193 234
193 235
195 208
195 232
196 212
196 279
197 207
197 283
197 304
199 204
199 307
200 235
200 284
200 313
201 222
201 232
201 235
201 296
201 297
201 298
202 203
202 215
202 264
202 288
202 309
203 260
203 292
203 297
204 206
204 224
204 232
204 233
204 249
204 262
204 266
204 275
204 288
204 296
206 209
206 247
207 219
207 223
207 245
207 255
207 280
207 315
208 213
208 252
208 268
209 232
209 291
210 234
211 222
211 249
211 302
212 226
212 235
215 220
215 308
216 287
216 291
217 237
217 257
217 303
218 243
218 252
218 304
219 232
219 233
219 249
219 275
219 315
221 235
221 260
221 285
221 288
222 226
222 263
222 306
223 226
223 233
223 274
223 309
225 247
226 233
226 234
226 236
226 267
226 275
226 288
226 296
226 313
227 315
228 244
229 280
230 280
230 314
231 275
232 279
232 309
233 235
233 245
233 257
233 263
233 298
233 301
233 309
234 236
234 253
235 245
235 246
235 256
235 257
235 265
235 294
235 298
235 304
235 306
236 238
236 261
238 304
239 278
241 246
241 284
241 285
243 292
246 255
248 291
251 275
252 257
253 266
253 315
255 257
257 264
257 267
258 308
261 264
264 306
266 286
267 292
273 278
276 304
278 309
279 304
281 289
287 292
291 309
292 308
295 313
302 313
304 305
