0 187
1 174
1 201
1 205
1 217
2 37
2 42
2 125
2 230
2 235
2 249
2 254
2 257
2 267
2 272
2 288
3 50
3 85
3 180
3 241
3 256
3 282
4 13
4 36
4 96
4 98
4 123
4 124
4 184
4 233
4 292
4 309
5 17
5 67
5 107
5 111
5 124
5 126
5 145
5 170
5 233
5 241
5 257
5 264
5 303
6 42
6 85
6 100
6 117
6 123
6 124
6 125
6 127
6 129
6 136
6 226
6 229
6 276
7 36
7 40
7 121
7 122
7 133
7 202
7 204
7 217
7 233
7 249
7 309
8 89
8 121
8 122
8 125
8 269
9 39
9 77
9 122
9 125
9 163
9 233
9 259
9 266
9 296
10 127
10 174
10 183
10 233
10 313
11 44
11 110
11 234
11 241
11 312
12 171
13 99
13 109
13 134
13 144
13 165
13 168
13 180
13 198
13 220
13 232
13 233
13 236
13 255
13 271
14 69
14 76
14 122
14 124
14 196
15 34
15 65
15 90
15 95
15 216
16 68
16 235
17 43
17 54
17 75
17 91
17 115
17 117
17 124
17 129
17 151
17 160
17 165
17 169
17 197
17 200
17 267
17 304
18 77
18 121
18 124
19 125
19 138
20 95
20 103
20 106
20 162
20 169
20 173
20 176
20 185
20 219
20 269
20 274
21 90
21 123
21 197
21 204
22 100
22 127
22 188
22 200
22 206
22 215
22 245
23 122
23 168
23 183
23 192
23 195
23 212
23 234
23 299
23 313
24 121
24 128
24 174
24 199
24 209
24 309
25 241
25 298
26 220
26 274
27 37
27 64
28 160
28 222
28 235
29 35
29 116
29 118
29 124
29 165
29 173
29 193
29 199
29 208
29 241
29 311
30 81
30 115
31 188
31 218
31 235
31 238
31 260
32 34
32 65
32 118
32 149
32 233
32 234
32 263
33 73
33 103
33 135
33 168
33 220
33 226
34 155
34 160
34 226
34 313
35 36
35 80
35 85
35 110
35 123
35 126
35 128
35 134
35 143
35 148
35 151
35 192
35 226
35 232
35 234
35 235
35 241
35 255
36 91
36 118
36 121
36 123
36 154
36 160
36 304
37 99
37 111
37 122
37 124
37 136
37 217
37 234
38 44
38 168
38 218
38 297
39 42
39 111
39 113
39 127
39 134
39 227
39 243
39 252
40 64
40 76
40 112
40 120
40 124
40 126
40 144
40 159
40 176
40 180
40 206
40 235
40 303
40 308
41 110
41 134
41 192
41 210
41 235
41 279
41 288
41 296
42 56
42 134
42 141
42 143
42 204
42 252
43 110
43 245
43 264
43 308
44 90
44 121
44 122
44 124
44 126
44 139
44 234
45 219
46 61
46 278
46 284
47 234
47 255
47 292
47 309
48 272
48 279
49 77
49 83
49 135
49 256
50 121
51 65
51 100
51 125
51 235
51 251
51 257
52 60
52 99
52 122
52 160
52 189
52 204
52 224
52 226
52 239
52 264
52 309
53 110
53 125
53 129
53 216
53 253
53 277
53 284
54 59
54 73
54 89
54 136
54 140
54 226
55 132
55 134
55 264
56 66
56 121
56 123
56 128
56 204
57 70
57 108
57 122
57 124
57 168
57 193
57 236
57 302
58 64
58 84
58 90
58 123
58 124
58 127
58 140
59 62
59 67
59 75
59 76
59 99
59 135
59 149
59 207
59 216
59 226
59 232
59 235
59 256
59 288
60 122
60 125
60 192
61 93
61 117
61 119
61 124
61 135
61 136
61 159
61 168
61 190
61 221
61 266
62 77
63 90
65 129
66 160
66 206
66 211
66 212
66 260
66 271
67 180
67 195
67 233
67 235
67 238
67 293
68 91
68 123
68 267
68 288
69 226
69 261
69 300
70 88
70 99
70 241
71 122
71 125
71 141
71 195
71 215
71 264
72 91
72 141
72 162
72 211
72 241
72 282
73 111
73 128
73 240
73 309
74 97
74 129
74 133
74 278
75 124
75 129
75 216
75 264
75 269
76 90
76 110
76 124
76 128
76 162
76 163
76 180
76 225
76 233
76 235
76 241
76 280
77 105
77 123
77 125
77 134
77 158
77 173
77 178
77 201
77 212
77 264
77 267
77 274
77 278
77 304
78 167
78 183
78 273
79 132
79 193
79 232
80 134
80 288
80 292
80 299
81 123
81 127
81 134
81 235
81 247
82 122
82 204
83 129
83 238
84 85
84 123
84 126
84 135
84 160
84 163
84 226
84 234
84 313
85 87
85 99
85 124
85 131
85 206
85 235
85 271
85 288
85 301
86 182
86 204
86 241
86 313
87 121
87 219
88 99
89 142
89 220
89 234
89 239
89 250
89 267
89 279
90 100
90 123
90 124
90 126
90 128
90 201
90 202
90 203
90 222
90 225
90 233
90 255
90 262
90 276
90 279
91 111
91 122
91 160
92 126
92 131
92 234
92 259
92 283
93 112
93 126
93 147
93 286
94 124
94 197
95 121
95 122
95 123
95 125
95 193
95 202
95 208
95 227
95 244
95 262
95 280
96 180
96 216
97 125
97 206
98 155
98 309
99 106
99 122
99 123
99 128
99 134
99 165
99 172
99 202
99 207
99 218
99 219
99 232
99 259
100 112
100 121
100 123
100 125
100 126
100 127
100 135
100 139
100 150
100 169
100 174
100 196
100 203
100 207
100 233
100 234
100 259
100 269
100 292
100 304
100 306
100 309
101 142
101 235
102 127
102 129
102 140
102 235
103 125
103 127
103 204
103 209
103 215
103 235
103 239
104 125
104 147
104 157
105 111
105 187
105 243
106 123
106 124
106 127
106 131
106 160
106 189
106 197
106 232
106 241
106 314
107 134
108 122
108 124
109 125
109 128
109 209
109 234
109 279
110 128
110 169
110 209
110 264
110 267
110 313
111 121
111 128
111 129
111 217
111 241
111 264
111 288
112 122
112 314
113 257
113 288
113 313
115 203
115 215
115 229
116 135
116 219
117 193
117 221
117 224
117 238
117 262
117 309
118 122
118 195
119 121
119 124
120 127
120 151
120 173
120 195
120 231
120 233
121 122
121 125
121 129
121 138
121 141
121 158
121 169
121 181
121 192
121 197
121 200
121 201
121 206
121 224
121 226
121 231
121 232
121 233
121 283
121 286
121 309
122 127
122 168
122 174
122 189
122 192
122 197
122 200
122 204
122 206
122 212
122 214
122 230
122 233
122 234
122 235
122 259
122 287
122 297
122 299
122 304
123 125
123 129
123 160
123 161
123 188
123 202
123 203
123 204
123 208
123 214
123 224
123 226
123 227
123 228
123 232
123 235
123 243
123 246
123 262
123 267
123 270
123 276
123 278
123 286
124 126
124 128
124 130
124 160
124 161
124 171
124 173
124 189
124 219
124 220
124 221
124 227
124 231
124 232
124 235
124 238
124 271
124 288
124 292
124 309
125 138
125 151
125 154
125 169
125 189
125 217
125 219
125 221
125 243
125 247
125 252
125 292
125 299
126 131
126 154
126 156
126 165
126 168
126 179
126 203
126 208
126 216
126 223
126 229
126 279
126 296
127 152
127 173
127 180
127 197
127 223
127 231
127 233
127 235
127 271
127 305
128 168
128 178
128 181
128 195
128 207
128 247
128 253
128 266
128 274
128 278
128 291
129 135
129 166
129 168
129 204
129 217
129 223
129 233
129 264
129 266
129 292
130 247
130 267
131 198
131 215
131 237
131 250
131 270
131 276
132 136
132 219
133 174
133 265
134 139
134 159
134 179
134 186
134 187
134 188
134 193
134 196
134 206
134 209
134 214
134 223
134 228
134 231
134 235
134 239
134 264
134 279
134 298
135 192
135 223
136 237
138 139
138 147
138 190
138 208
139 185
140 157
140 182
140 247
140 266
141 168
141 251
141 310
141 313
142 147
142 192
142 206
143 206
143 217
143 232
143 286
144 170
144 216
144 241
144 247
144 309
144 313
145 255
145 309
146 174
146 282
147 166
147 226
147 276
148 152
148 216
148 234
149 288
149 297
150 163
151 232
151 261
152 153
152 226
152 271
153 166
153 212
153 235
153 266
153 304
154 177
154 215
154 268
154 280
155 173
155 208
155 234
155 250
155 260
155 310
156 267
157 165
157 220
157 251
158 199
158 246
158 315
159 227
160 165
160 204
160 232
160 233
160 253
160 304
161 163
162 185
162 298
163 188
163 195
163 204
163 219
163 246
165 226
165 276
166 246
166 279
166 309
166 312
167 241
167 278
168 221
168 234
168 309
169 208
169 215
170 304
170 309
170 310
170 314
171 226
171 315
172 195
172 197
172 231
173 199
173 218
173 238
173 292
174 244
174 246
174 267
174 301
175 194
175 200
175 234
175 240
175 254
176 184
176 230
176 258
177 286
179 232
179 277
179 296
180 225
180 274
180 285
181 203
181 233
181 234
181 309
182 236
183 237
185 195
185 201
185 226
185 233
187 195
187 202
188 223
188 235
188 277
189 197
189 206
189 223
189 226
189 228
189 232
189 235
189 276
189 292
190 216
191 293
191 296
193 216
195 204
195 218
195 232
195 259
196 207
197 214
197 235
198 207
199 217
199 274
200 203
200 232
200 246
200 249
200 266
200 291
201 211
201 234
201 257
201 286
202 212
202 217
202 220
202 222
202 232
202 290
203 223
203 237
203 306
204 206
204 209
204 211
204 216
204 218
204 220
204 233
204 235
204 238
204 241
204 304
206 236
206 246
206 273
206 278
206 279
207 239
207 270
209 215
210 232
210 253
211 214
212 252
214 273
215 297
216 246
217 236
217 265
218 219
218 279
219 227
219 232
219 235
219 304
219 309
220 279
221 236
221 245
221 259
221 304
222 263
223 241
223 271
223 296
224 234
225 274
226 232
226 234
226 252
226 299
227 234
227 235
228 265
228 276
229 273
231 284
231 313
232 235
232 263
232 266
233 235
233 266
233 267
233 283
233 291
234 269
235 238
235 308
235 309
236 250
237 274
237 309
237 314
238 279
238 309
240 246
241 266
241 314
243 259
244 301
246 255
246 267
246 309
246 314
247 304
250 305
252 313
253 288
254 279
257 267
257 280
258 274
260 310
261 304
262 309
264 309
267 309
268 276
271 304
272 304
272 309
275 312
276 315
278 279
279 282
282 294
284 286
309 312
313 314
