0 13
0 276
1 55
1 96
1 275
2 5
2 123
2 127
2 129
2 165
2 232
2 233
2 237
3 99
3 111
3 124
3 125
3 219
4 9
4 72
4 74
4 78
4 93
4 134
4 209
4 243
4 296
5 7
5 48
5 62
5 85
5 100
5 121
5 123
5 128
5 169
5 199
5 224
5 240
5 280
6 49
6 118
6 121
6 134
6 150
6 153
6 174
6 178
6 233
6 313
7 31
7 123
7 147
7 180
7 232
7 283
8 176
8 313
9 19
9 40
9 89
9 104
9 128
9 144
9 148
9 187
10 29
10 40
10 67
10 128
10 129
10 134
10 155
10 202
10 216
10 224
10 250
10 266
11 20
11 168
11 232
12 128
12 137
12 164
12 241
12 309
13 23
13 36
13 122
13 123
13 127
13 134
13 168
13 194
13 217
13 232
14 88
14 162
14 183
14 248
14 314
15 99
15 313
16 136
16 155
16 197
16 222
17 31
17 42
17 53
17 157
17 165
17 210
17 227
17 240
18 87
18 180
18 233
18 268
18 283
19 217
19 241
20 62
20 121
20 126
20 169
20 252
20 266
20 287
20 299
21 70
21 99
21 125
21 146
21 153
21 219
22 41
22 264
22 269
23 28
23 41
23 70
23 85
23 124
23 158
23 206
23 226
24 49
24 121
24 174
24 212
25 132
25 139
25 154
26 124
26 173
26 221
26 225
26 235
26 309
27 90
28 70
28 100
28 124
28 126
28 255
28 275
28 312
29 73
29 76
29 77
29 111
29 127
29 142
29 181
29 256
29 261
30 56
30 97
30 155
30 232
30 282
31 35
31 59
31 122
32 65
32 110
32 232
33 153
33 186
33 215
33 298
34 72
34 81
34 124
34 276
35 41
35 52
35 73
35 107
35 126
35 128
35 131
35 166
35 172
35 174
35 180
35 183
35 188
35 197
35 233
35 247
35 260
35 268
35 288
35 309
36 40
36 121
36 133
36 158
36 169
36 180
36 184
36 226
36 235
36 257
36 277
36 285
37 55
37 121
37 160
37 183
37 186
37 227
38 67
38 104
38 151
38 266
39 41
39 55
39 132
39 161
39 182
39 274
39 309
40 70
40 124
40 128
40 145
40 161
40 201
40 232
40 246
41 56
41 78
41 110
41 120
41 126
41 135
41 137
41 154
41 165
41 217
41 233
41 286
42 48
42 71
42 75
42 110
42 165
42 180
43 128
43 308
44 106
44 127
44 226
44 267
45 126
46 123
46 186
46 232
47 110
47 121
47 141
47 235
48 127
48 158
49 51
49 90
49 123
49 183
50 100
50 257
51 89
51 103
51 122
51 182
51 204
51 226
51 246
52 79
52 129
52 131
52 153
52 158
52 203
52 210
52 233
52 235
52 237
52 247
52 252
52 262
52 304
52 309
53 258
53 301
54 97
54 127
54 193
54 223
54 266
54 286
54 287
55 125
55 128
55 174
55 226
55 296
56 61
56 75
56 76
56 122
56 123
56 235
56 300
57 76
57 128
57 170
57 220
57 238
59 72
59 76
59 118
59 123
59 199
59 205
59 219
59 222
59 235
59 271
60 90
60 122
60 315
61 66
61 125
61 129
62 134
62 240
62 282
63 122
63 167
64 100
64 214
65 99
65 119
66 80
66 99
66 121
66 130
66 208
67 122
67 202
67 215
67 298
68 99
68 224
68 228
68 312
69 233
69 264
70 151
70 204
70 209
70 228
71 271
71 288
72 100
72 108
72 116
72 131
72 193
72 234
73 114
73 120
73 128
73 129
73 144
73 182
73 232
73 284
73 304
74 95
74 144
74 174
74 200
74 234
74 241
75 99
75 211
75 251
75 306
75 311
76 87
76 95
76 99
76 117
76 124
76 133
76 135
76 158
76 162
76 186
76 217
76 288
76 291
76 301
76 309
77 82
77 123
77 127
77 128
77 134
77 219
77 232
77 256
77 268
77 272
77 286
77 288
79 105
79 121
79 122
79 200
79 277
80 103
80 122
80 123
80 130
80 180
80 200
80 266
81 104
81 121
81 128
81 134
81 161
81 200
81 279
82 127
82 129
82 195
82 226
82 238
83 124
83 142
83 253
84 126
84 176
84 196
84 217
84 245
85 100
85 109
85 122
85 195
85 201
85 226
85 239
85 279
85 309
86 121
86 126
86 174
87 113
87 129
87 206
87 265
87 315
88 182
88 313
89 122
89 129
89 163
89 189
89 220
89 269
89 287
89 300
90 97
90 125
90 151
90 160
90 174
90 193
90 201
90 203
90 232
90 239
90 240
90 258
90 276
90 281
90 309
90 310
91 100
91 119
91 296
92 124
92 165
92 275
93 106
93 124
93 126
93 127
93 233
93 235
95 96
95 202
95 216
96 147
96 215
96 219
96 226
97 159
97 206
98 110
98 125
98 155
98 208
98 239
98 257
98 264
99 127
99 128
99 129
99 162
99 164
99 186
99 215
99 216
99 226
99 259
99 269
99 295
99 302
99 309
100 122
100 149
100 168
100 189
100 191
100 214
100 257
100 289
101 232
102 167
103 125
104 166
104 226
105 112
105 127
105 129
105 137
105 183
105 184
105 201
105 238
105 240
105 279
106 123
106 149
106 167
106 189
106 235
106 243
106 263
106 270
106 277
107 177
109 204
109 253
110 233
110 307
111 122
111 197
111 225
111 234
111 235
111 247
111 250
111 252
111 299
112 121
112 123
112 172
112 182
112 201
112 261
112 275
112 286
112 312
113 122
113 134
113 271
114 129
115 219
115 233
115 288
115 290
116 226
116 232
116 236
117 121
117 202
117 266
117 267
117 276
117 302
118 129
118 193
118 266
119 127
119 237
119 241
120 134
120 239
121 122
121 128
121 153
121 169
121 200
121 201
121 216
121 218
121 220
121 222
121 224
121 226
121 234
121 235
121 246
121 257
121 276
121 299
121 309
122 123
122 137
122 180
122 183
122 197
122 206
122 226
122 228
122 232
122 233
122 234
122 243
122 266
122 278
122 280
123 127
123 128
123 144
123 151
123 165
123 166
123 176
123 180
123 195
123 203
123 204
123 226
123 246
123 265
123 267
123 273
123 275
123 285
123 286
123 304
124 125
124 128
124 129
124 158
124 162
124 188
124 196
124 202
124 211
124 219
124 223
124 226
124 235
124 239
124 247
124 248
124 267
124 268
124 278
124 284
124 304
124 309
125 129
125 140
125 151
125 158
125 173
125 192
125 201
125 202
125 203
125 211
125 221
125 233
125 234
125 294
125 298
125 306
126 178
126 182
126 185
126 186
126 192
126 203
126 216
126 220
126 233
126 234
126 238
126 240
126 255
126 257
126 261
126 268
127 135
127 154
127 163
127 167
127 181
127 195
127 201
127 203
127 229
127 233
127 237
127 257
127 261
127 265
127 266
127 304
127 307
127 315
128 134
128 141
128 156
128 159
128 165
128 171
128 187
128 189
128 223
128 232
128 237
128 238
128 241
128 250
128 259
128 286
128 288
129 138
129 143
129 152
129 170
129 207
129 223
129 230
129 233
129 275
129 304
130 155
131 134
131 235
131 309
132 243
132 267
132 304
133 183
134 140
134 152
134 199
134 200
134 205
134 222
134 232
134 243
134 250
134 304
135 143
135 204
135 243
136 268
137 279
137 307
139 201
139 202
139 210
140 233
140 279
141 194
141 206
141 296
142 309
143 203
143 232
143 252
144 197
144 207
144 221
144 266
144 315
146 240
147 163
147 185
147 187
147 201
148 173
148 233
149 165
149 174
149 304
151 232
151 297
152 227
152 315
153 158
153 188
153 200
153 216
153 243
154 206
155 193
155 195
155 298
156 233
156 266
156 309
157 238
157 293
158 183
158 185
158 234
158 241
158 293
159 202
159 226
160 162
160 182
160 204
160 206
160 230
160 234
162 234
163 169
163 220
163 261
163 309
164 265
164 271
165 238
166 168
166 202
166 209
167 263
167 279
168 173
168 224
168 226
168 239
168 286
169 183
169 266
170 204
170 238
170 285
170 309
171 201
171 219
173 212
173 226
173 264
174 199
174 236
175 206
175 209
175 227
175 238
177 202
177 206
178 226
178 233
178 304
180 193
180 204
180 207
180 232
180 234
180 235
182 206
182 223
182 231
182 309
183 201
183 304
183 309
185 201
185 232
185 309
186 195
186 208
186 233
186 238
186 252
187 195
187 206
188 232
188 273
189 222
189 259
191 273
192 219
192 232
192 235
192 268
193 232
193 241
193 243
193 267
193 299
195 216
195 302
196 207
196 279
197 238
197 240
198 206
198 226
198 309
199 209
199 309
200 219
200 287
201 206
201 221
201 234
201 235
201 249
201 250
201 308
201 309
201 314
202 222
202 234
202 239
202 243
202 289
203 216
203 296
204 206
204 209
204 223
204 232
204 250
204 286
204 288
205 233
205 238
206 220
206 265
206 273
206 314
207 246
207 256
207 288
208 232
208 250
208 253
209 310
210 302
211 258
212 243
212 247
214 234
214 264
214 279
214 297
215 273
216 234
216 257
217 226
217 303
217 313
219 253
219 268
219 307
220 223
220 225
221 249
221 266
221 286
222 241
222 243
223 241
223 250
223 264
223 307
223 309
224 291
225 238
225 293
226 237
226 238
226 244
227 238
227 257
227 267
228 266
228 306
230 309
231 271
232 244
232 261
232 274
232 284
232 287
232 299
233 234
233 264
233 266
233 272
233 278
233 285
234 266
234 296
234 304
235 247
235 271
235 307
235 308
238 279
239 293
239 304
241 255
241 264
241 272
243 276
243 304
245 252
246 278
246 314
247 286
249 266
249 279
254 304
255 279
255 311
259 279
259 288
259 304
265 273
265 274
265 304
266 275
266 280
266 285
267 304
268 298
268 307
269 309
271 288
275 304
278 294
281 292
294 309
