0 59
0 72
0 224
0 240
0 305
1 123
1 251
2 9
2 62
2 73
2 167
2 171
2 210
2 217
2 235
2 264
2 283
3 17
3 40
3 127
4 31
4 115
4 130
4 153
4 199
4 206
4 259
4 271
4 277
5 11
5 14
5 28
5 36
5 37
5 67
5 76
5 81
5 89
5 90
5 122
5 124
5 148
5 160
5 200
5 202
5 204
5 232
5 291
5 309
6 20
6 29
6 39
6 41
6 84
6 93
6 99
6 123
6 129
6 144
6 304
6 315
7 22
7 37
7 46
7 57
7 73
7 95
7 121
7 123
7 139
7 168
7 204
7 223
7 249
7 276
7 286
7 304
8 27
8 127
8 181
9 232
9 245
9 267
9 279
9 292
10 16
10 35
10 56
10 110
10 120
10 123
10 164
10 187
10 207
10 309
11 137
11 140
11 168
11 232
11 279
12 60
12 76
12 110
12 115
12 124
12 128
12 129
12 145
12 151
12 160
12 186
12 268
12 309
13 22
13 27
13 125
13 132
13 168
13 288
14 22
14 28
14 122
14 156
14 171
14 182
14 267
15 77
15 123
15 129
15 158
15 159
15 203
15 226
15 253
15 304
16 34
16 80
16 93
16 158
16 210
17 59
17 88
17 93
17 107
17 111
17 170
17 189
17 235
18 23
18 125
18 129
18 135
18 235
18 286
19 22
19 95
19 199
20 122
20 232
20 234
20 257
20 302
21 29
21 89
21 120
21 124
21 134
21 159
21 233
22 124
22 127
22 209
22 234
22 265
23 49
23 52
23 90
23 125
23 129
23 206
23 246
23 265
23 266
23 307
24 63
24 73
24 140
24 234
24 283
25 72
25 263
25 304
26 89
26 125
26 292
27 98
27 121
27 152
27 204
27 246
27 247
27 253
28 126
28 127
28 156
28 160
28 171
28 181
28 206
28 257
29 201
29 222
30 111
30 138
30 235
30 276
31 121
31 137
31 266
32 40
32 49
32 97
32 99
32 129
32 168
32 218
32 239
32 266
33 89
33 142
34 128
34 158
34 221
34 232
34 240
34 241
34 261
35 39
35 41
35 57
35 72
35 97
35 99
35 159
35 221
35 226
35 245
35 286
35 309
36 40
36 104
36 122
36 128
36 132
36 137
36 162
36 232
36 241
36 282
36 288
37 90
37 112
37 129
37 133
37 135
37 237
37 267
37 304
38 41
38 56
38 142
39 85
39 134
39 143
39 167
39 197
39 218
39 224
39 241
40 41
40 73
40 77
40 98
40 141
40 233
40 238
41 106
41 134
41 160
41 200
41 229
41 233
42 85
42 93
42 95
42 104
42 168
42 197
42 266
43 61
43 126
43 230
43 271
44 126
44 178
44 197
44 275
44 306
45 217
46 63
46 225
46 250
48 240
49 121
49 131
49 151
49 155
49 241
49 309
50 152
50 208
50 235
51 54
51 69
51 141
51 231
51 236
51 253
51 304
52 96
52 121
52 127
52 135
52 144
52 182
53 81
53 129
53 235
53 252
54 104
54 124
54 126
54 187
54 198
54 199
54 206
54 228
54 264
55 253
55 279
56 189
56 200
56 204
56 235
56 246
56 279
57 124
57 226
57 239
57 246
58 110
59 124
59 159
59 209
59 226
60 122
60 235
61 85
61 100
61 101
61 121
61 127
61 196
62 108
62 126
62 271
63 189
64 291
65 110
65 124
65 128
65 133
65 187
66 72
66 127
66 304
67 139
67 145
67 212
67 231
67 313
68 103
68 165
68 221
69 121
69 232
69 234
69 305
70 99
71 194
71 267
71 280
72 77
72 90
72 127
73 126
73 127
73 128
73 134
73 136
73 162
73 188
73 218
73 226
73 232
73 233
73 262
73 309
74 121
74 140
74 225
75 170
75 192
75 235
75 308
76 77
76 81
76 106
76 117
76 124
76 134
76 186
76 204
76 226
76 234
76 262
76 279
76 291
77 84
77 109
77 116
77 119
77 121
77 124
77 135
77 147
77 197
77 199
77 211
77 217
77 221
77 226
77 229
77 259
77 302
78 125
79 91
80 99
80 129
80 180
80 183
80 224
80 286
81 97
81 176
81 186
81 218
81 219
81 309
82 121
82 279
83 90
83 123
83 125
83 217
83 221
84 128
84 214
84 232
84 262
84 264
84 314
85 91
85 95
85 125
85 128
85 186
85 214
85 217
85 218
85 237
85 253
85 255
86 122
86 127
86 149
87 121
87 129
88 123
88 128
89 99
89 123
89 183
89 202
89 207
89 232
89 244
89 249
89 264
89 275
89 307
90 93
90 111
90 126
90 129
90 143
90 156
90 181
90 193
90 199
90 202
90 234
90 238
90 298
91 123
91 125
92 219
93 97
93 100
93 122
93 180
93 189
95 105
95 122
95 135
95 172
95 202
95 208
95 296
95 303
96 143
96 172
96 173
97 122
98 123
98 138
98 153
98 159
98 167
98 170
98 186
98 198
98 250
98 310
99 123
99 134
99 160
99 246
99 261
99 281
99 288
100 110
100 116
100 122
100 126
100 128
100 143
100 168
100 172
100 182
100 183
100 188
100 226
100 232
100 236
100 241
101 128
102 126
102 140
102 219
103 172
103 213
103 232
104 193
104 201
104 265
104 304
104 311
105 121
105 126
105 180
106 175
106 185
106 204
106 226
106 233
106 257
106 269
107 169
108 166
108 286
109 121
110 121
110 148
110 168
110 173
110 198
110 231
110 307
111 126
111 157
111 172
111 192
111 217
111 232
111 266
111 287
112 207
112 215
112 221
112 232
112 239
112 255
112 263
112 265
112 279
112 286
113 168
113 235
113 285
114 182
115 127
115 258
115 279
116 272
116 288
116 311
117 122
117 126
117 128
117 137
117 157
117 160
117 172
117 178
117 189
117 198
117 226
117 234
117 257
117 263
117 271
118 121
118 125
118 200
119 124
119 217
119 247
120 123
120 170
120 233
120 253
121 122
121 125
121 126
121 128
121 138
121 156
121 157
121 158
121 162
121 166
121 173
121 185
121 193
121 195
121 211
121 218
121 220
121 226
121 233
121 241
121 249
121 257
121 280
121 291
121 309
122 123
122 124
122 129
122 147
122 167
122 181
122 195
122 199
122 201
122 206
122 227
122 231
122 238
122 249
122 253
122 257
122 266
122 272
122 309
123 124
123 125
123 126
123 127
123 129
123 134
123 137
123 161
123 168
123 204
123 207
123 208
123 215
123 235
123 240
123 246
123 251
123 288
124 131
124 133
124 142
124 161
124 172
124 173
124 210
124 215
124 223
124 225
124 232
124 234
124 266
124 299
124 309
124 313
125 127
125 128
125 144
125 152
125 161
125 173
125 184
125 204
125 206
125 217
125 218
125 223
125 235
125 238
125 268
125 275
125 308
126 127
126 129
126 132
126 159
126 179
126 191
126 194
126 220
126 233
126 239
126 262
126 302
127 128
127 134
127 137
127 143
127 171
127 188
127 225
127 234
127 241
127 261
127 268
127 273
127 277
128 139
128 146
128 173
128 187
128 202
128 204
128 216
128 217
128 220
128 235
128 238
128 304
128 313
129 149
129 160
129 180
129 207
129 230
129 247
129 257
129 261
129 266
130 291
131 225
131 266
132 174
132 250
134 223
134 232
134 239
134 240
134 241
134 243
134 273
134 280
134 286
134 304
135 143
135 156
135 167
135 216
135 255
135 297
135 315
136 196
137 223
137 240
137 273
138 158
138 181
138 207
138 223
138 309
139 168
140 141
140 233
140 279
140 282
141 177
141 309
142 162
142 209
142 246
142 312
143 203
144 160
144 166
144 298
145 229
145 258
145 279
146 260
147 158
147 232
148 313
151 167
151 169
151 257
151 279
152 226
152 235
152 247
153 226
153 274
153 312
154 160
154 180
155 189
155 218
155 276
156 199
156 266
157 204
157 233
157 314
158 175
158 197
158 233
159 199
159 209
159 236
160 162
160 183
160 245
160 252
160 266
160 268
160 279
161 232
161 246
162 249
163 221
163 266
164 191
165 167
165 189
165 210
165 299
166 237
166 255
167 197
167 232
168 180
168 185
168 203
168 226
168 228
168 232
169 185
169 207
169 241
170 255
170 268
170 315
171 233
172 232
172 307
173 204
173 220
173 223
173 280
174 207
174 209
174 238
175 259
176 220
177 192
177 207
177 232
177 279
178 209
179 237
179 246
180 183
180 266
180 274
180 309
181 258
181 269
181 286
182 200
182 233
182 238
183 188
183 243
183 250
183 262
183 267
183 273
184 252
185 226
185 232
185 236
185 240
185 279
186 204
186 219
186 287
187 225
187 268
187 310
188 223
188 297
188 302
189 202
189 226
189 248
189 291
192 228
192 257
192 258
192 305
193 234
194 307
195 200
195 232
195 234
195 243
195 265
197 256
197 314
198 260
199 227
200 235
200 266
200 269
201 221
201 236
202 211
203 215
203 266
203 292
204 206
204 223
204 232
204 253
204 254
204 275
204 291
206 222
206 223
206 246
206 256
207 220
207 278
208 232
208 240
209 245
210 308
212 267
212 312
214 261
214 278
214 285
215 279
216 280
217 241
218 226
218 283
219 237
219 275
219 286
219 288
219 312
220 223
221 249
221 270
221 309
223 232
223 257
223 269
223 309
226 262
226 286
227 280
229 232
229 293
230 257
230 282
232 258
232 259
232 264
232 282
232 285
232 286
232 293
232 302
233 234
233 238
233 247
233 305
233 309
234 241
234 277
234 279
235 246
235 268
235 285
235 311
236 277
236 309
237 243
237 271
237 279
237 304
238 241
238 286
238 292
240 282
240 286
240 309
241 253
241 273
243 314
244 288
246 255
247 255
247 284
247 293
248 309
249 287
252 255
252 280
253 300
258 314
259 296
260 309
264 304
266 279
266 306
266 309
268 280
271 279
274 283
276 297
276 313
278 304
279 299
280 304
282 292
283 309
286 309
298 299
302 309
304 305
