0 36
0 62
0 137
1 5
1 58
1 229
2 4
2 12
2 39
2 99
2 112
2 142
2 153
2 276
2 288
2 309
3 57
3 192
3 220
3 234
3 260
4 34
4 117
4 122
4 140
4 220
4 250
4 268
4 288
5 35
5 42
5 66
5 81
5 88
5 90
5 98
5 103
5 112
5 121
5 127
5 130
5 134
5 154
5 180
5 191
5 222
5 235
6 7
6 47
6 58
6 97
6 106
6 128
6 134
6 165
6 235
6 292
7 9
7 20
7 42
7 50
7 78
7 86
7 126
7 127
7 141
7 220
7 224
7 241
7 309
8 111
9 113
9 252
9 313
10 51
10 85
10 86
10 100
10 119
10 123
10 128
10 236
11 220
11 233
11 236
12 18
12 75
12 85
12 124
12 183
12 195
12 252
12 291
13 17
13 20
13 29
13 38
13 65
13 77
13 90
13 98
13 271
13 280
13 309
14 139
14 201
14 204
14 219
14 236
15 37
15 66
15 163
16 70
16 78
16 119
16 125
16 199
16 278
17 56
17 91
17 105
17 111
17 129
17 231
17 246
18 70
18 168
18 171
18 227
18 228
19 80
19 123
19 304
20 52
20 59
20 121
20 131
20 137
20 187
20 281
21 37
21 99
21 183
22 33
22 119
22 122
22 126
22 172
22 189
22 221
22 232
22 251
22 304
23 27
23 37
23 55
23 100
23 134
23 204
23 207
23 212
23 239
23 252
23 259
24 36
24 54
24 158
24 235
24 266
25 125
25 227
26 34
26 77
26 122
26 138
26 246
26 279
27 38
27 160
27 252
28 72
28 81
28 122
28 304
29 126
29 169
29 204
29 233
29 262
29 282
30 35
30 148
30 159
30 167
30 293
31 75
31 93
31 216
31 261
31 314
32 67
32 76
32 126
32 211
32 236
32 268
32 273
32 313
33 85
33 126
33 257
34 39
34 75
34 189
34 201
34 208
34 304
34 315
35 39
35 59
35 66
35 77
35 125
35 129
35 134
35 167
35 218
35 221
35 233
35 237
35 274
35 276
35 304
36 115
36 127
36 142
36 206
36 252
36 266
36 311
37 100
37 115
37 124
37 133
37 148
37 219
37 306
38 40
38 148
38 231
38 232
39 144
39 145
39 234
39 239
40 71
40 86
40 125
40 126
40 198
40 202
40 232
40 264
40 265
40 292
41 46
41 54
41 77
41 123
41 174
41 212
41 221
41 226
41 274
42 76
42 142
42 160
42 197
42 202
42 234
42 237
43 135
43 309
44 108
44 115
44 122
44 155
44 175
44 187
44 263
45 208
46 125
46 160
46 223
46 268
47 257
48 56
49 235
50 126
50 160
51 64
51 74
51 85
51 95
51 99
51 124
51 226
51 233
51 259
51 280
52 81
52 83
52 144
52 151
52 176
53 88
53 200
53 206
53 234
54 99
54 110
54 121
54 126
54 131
54 151
54 222
54 234
54 308
55 128
55 156
55 266
55 303
55 304
56 76
56 126
56 163
56 166
56 223
56 241
56 309
57 129
57 165
57 180
57 182
57 226
57 231
57 237
58 111
58 165
58 192
58 226
59 76
59 93
59 100
59 105
59 107
59 117
59 121
59 122
59 125
59 129
59 137
59 234
60 126
60 247
61 91
61 173
62 145
62 309
63 121
63 140
64 189
64 233
64 235
64 313
65 234
65 303
66 107
66 128
66 130
66 149
66 266
66 312
67 122
67 155
67 189
67 221
67 235
67 260
67 297
68 112
68 120
68 187
68 191
69 122
70 100
70 180
70 243
71 95
71 123
71 128
72 90
72 144
72 181
72 193
73 99
73 104
73 117
73 129
73 134
73 253
73 289
74 123
74 160
74 206
74 232
75 122
75 124
75 165
75 191
75 206
75 253
75 297
76 95
76 105
76 139
76 153
76 187
76 197
76 202
76 204
76 208
76 209
76 226
77 83
77 89
77 124
77 128
77 163
77 182
77 222
77 238
77 303
77 314
79 94
80 121
80 137
80 140
81 123
81 127
81 134
81 189
81 204
82 88
82 144
82 154
82 167
83 195
83 204
83 272
83 285
84 95
84 108
84 162
84 182
84 232
84 278
84 305
84 309
85 113
85 121
85 128
85 180
85 233
85 234
85 260
86 192
86 199
86 207
86 261
86 266
87 99
87 127
88 90
88 163
88 233
89 121
89 139
89 165
89 241
89 259
89 311
90 95
90 107
90 123
90 129
90 134
90 140
90 158
90 196
90 202
90 218
90 220
90 224
91 232
92 126
93 189
93 201
93 241
93 275
94 163
95 112
95 124
95 126
95 129
95 155
95 156
95 162
95 241
95 277
95 310
96 155
96 269
97 123
97 158
97 215
97 234
98 121
98 140
98 196
98 197
98 208
98 309
99 207
99 232
99 266
99 267
99 292
99 304
99 314
100 127
100 129
100 133
100 147
100 189
100 190
100 201
100 235
100 271
100 280
100 283
101 140
101 219
102 108
102 167
102 173
103 156
103 160
103 258
103 309
104 139
104 174
104 190
104 211
104 216
104 247
105 156
105 202
105 233
105 235
105 276
106 174
106 197
106 200
106 233
106 278
107 241
107 274
108 121
108 204
108 235
108 275
109 158
109 235
109 279
110 123
110 201
110 207
110 232
110 234
111 122
111 222
111 276
112 123
112 186
112 219
112 227
112 275
113 225
114 128
115 123
115 124
115 130
115 234
115 312
116 151
116 268
117 124
117 143
117 158
117 219
117 243
119 219
119 232
119 259
119 268
120 126
120 159
120 160
120 170
120 186
120 271
121 122
121 126
121 127
121 128
121 159
121 162
121 165
121 195
121 201
121 211
121 233
121 240
121 241
121 243
121 279
121 297
121 309
122 127
122 129
122 130
122 131
122 139
122 142
122 160
122 172
122 189
122 198
122 203
122 204
122 209
122 210
122 230
122 232
122 233
122 261
122 262
122 266
122 283
122 286
122 301
122 307
122 309
123 126
123 127
123 134
123 141
123 142
123 144
123 160
123 171
123 189
123 194
123 210
123 216
123 227
123 232
123 264
123 267
123 292
123 299
123 312
123 314
124 125
124 126
124 132
124 141
124 142
124 143
124 154
124 166
124 206
124 243
124 268
124 274
124 304
125 129
125 137
125 149
125 166
125 170
125 180
125 191
125 192
125 198
125 207
125 226
125 228
125 238
125 243
125 264
125 273
126 127
126 137
126 161
126 173
126 188
126 204
126 206
126 207
126 219
126 233
126 234
126 235
126 243
126 274
126 280
126 293
126 294
127 155
127 160
127 168
127 192
127 195
127 196
127 197
127 206
127 219
127 233
127 234
127 264
127 304
127 309
128 137
128 165
128 170
128 186
128 197
128 212
128 226
128 233
128 234
128 241
128 249
128 266
128 280
128 293
128 304
129 141
129 151
129 181
129 197
129 221
129 232
129 241
129 260
129 271
131 168
131 202
132 192
132 201
133 173
133 189
133 206
134 151
134 199
134 200
134 204
134 206
134 207
134 223
134 236
134 238
134 239
134 241
134 246
134 250
134 252
134 254
134 313
135 154
135 157
135 176
135 212
135 223
135 225
135 234
135 257
135 267
136 176
136 204
137 203
137 250
137 259
138 193
138 226
138 235
139 144
139 171
139 180
139 185
139 189
139 222
139 265
140 164
140 199
140 234
140 251
141 177
141 226
141 280
143 165
143 178
143 223
143 234
143 235
143 267
144 202
144 235
144 261
146 233
147 181
148 229
149 279
150 229
150 264
151 154
152 155
152 195
152 260
152 273
154 193
155 264
155 269
157 195
158 159
158 220
158 256
158 293
158 304
159 209
159 236
159 304
160 173
160 219
160 233
160 271
160 279
160 304
160 309
161 183
161 265
161 269
162 257
162 262
162 312
164 190
165 166
165 183
165 235
166 240
166 244
167 172
167 240
168 210
168 219
168 238
168 255
168 282
169 226
169 245
169 313
171 224
171 232
172 206
172 237
172 293
172 304
173 188
173 210
173 235
173 239
173 253
174 191
174 204
174 237
174 267
175 249
177 193
178 182
179 286
180 188
180 231
180 234
180 278
180 292
181 208
181 280
181 309
183 204
183 262
185 195
185 280
187 223
187 285
188 240
189 233
189 235
189 257
190 304
191 235
191 257
191 278
191 279
192 241
192 255
192 263
192 268
193 240
194 202
195 197
195 215
195 229
195 238
195 267
196 241
197 224
197 257
199 219
199 236
200 235
201 275
201 293
202 209
203 223
203 235
204 206
204 209
204 226
204 234
204 235
206 234
206 235
206 252
206 290
207 226
207 258
207 262
207 305
208 265
210 226
210 243
211 309
211 314
212 226
212 234
212 313
214 217
214 244
216 268
217 234
217 309
218 276
218 292
219 232
219 238
219 309
220 238
220 252
220 273
220 292
221 295
222 228
223 226
225 277
226 228
226 234
226 235
226 252
226 265
226 274
226 279
226 303
226 309
227 232
228 234
228 241
228 266
229 261
231 285
232 234
232 239
232 241
232 257
232 266
232 267
232 276
233 252
233 261
233 262
233 269
233 274
233 283
234 235
234 267
234 279
235 247
235 267
235 279
235 298
235 311
236 268
236 273
237 241
237 257
238 241
239 255
239 273
239 304
240 259
240 269
240 312
241 253
241 275
241 309
243 266
245 286
249 259
249 313
251 281
252 298
252 301
253 268
253 272
257 279
257 292
258 264
259 292
260 268
261 298
261 311
263 298
264 309
266 272
269 278
271 297
272 275
279 286
291 293
292 302
297 314
304 311
