0 206
0 244
0 309
1 10
1 106
1 264
2 89
2 104
2 124
2 128
2 139
2 160
2 204
2 229
2 276
2 279
3 7
3 35
3 56
3 76
3 95
3 99
3 121
3 125
3 137
3 143
3 188
3 197
3 261
4 12
4 43
4 100
4 138
4 155
4 261
4 298
5 16
5 31
5 41
5 51
5 65
5 76
5 81
5 89
5 95
5 121
5 165
5 195
5 272
5 273
6 41
6 75
6 77
6 122
6 185
6 200
6 297
6 305
7 30
7 32
7 35
7 66
7 77
7 83
7 110
7 126
7 142
7 149
7 184
7 193
7 197
7 217
7 219
7 237
7 309
8 75
8 122
8 279
9 42
9 80
9 127
9 141
9 246
10 51
10 84
10 99
10 138
10 145
10 174
10 178
10 180
10 204
10 234
10 241
10 263
11 15
11 92
12 54
12 151
12 217
12 263
13 28
13 96
13 183
13 226
13 239
13 247
13 286
14 234
15 67
15 128
15 225
15 266
16 17
16 53
16 65
16 128
16 129
16 220
16 221
16 226
16 304
16 309
17 95
17 144
17 200
17 204
17 223
17 252
17 286
17 292
17 309
18 61
18 123
18 232
18 234
18 258
18 266
19 76
19 208
19 265
19 314
20 53
20 70
20 77
20 98
20 99
20 111
20 130
20 166
20 187
20 266
20 309
21 112
21 122
21 129
21 145
22 39
22 109
22 121
22 130
22 188
22 195
22 233
22 241
22 243
23 35
23 42
23 75
23 100
23 124
23 126
23 219
23 223
23 294
24 67
24 77
24 162
24 173
24 219
25 174
25 226
26 67
26 69
26 220
26 309
27 76
27 128
28 51
28 103
28 126
28 159
28 182
28 288
29 99
29 111
29 129
29 143
29 151
29 181
29 218
29 226
29 234
29 247
29 254
29 307
30 67
30 86
30 235
31 100
31 137
31 195
31 208
32 33
32 127
32 142
32 144
32 149
32 205
32 299
33 177
33 190
33 234
33 255
33 290
33 303
34 71
34 97
34 103
34 124
34 129
34 157
34 166
34 215
34 232
34 234
34 243
35 40
35 127
35 168
35 190
35 199
35 215
35 220
35 222
35 233
35 267
35 271
35 309
36 49
36 84
36 85
36 89
36 122
36 124
36 158
36 204
36 228
36 246
36 272
37 46
37 99
37 117
37 127
37 134
37 135
37 231
37 234
37 238
37 277
37 305
38 75
38 81
38 136
38 227
38 303
39 123
39 125
39 126
39 134
39 135
39 168
39 192
39 201
39 296
40 107
40 122
40 129
40 139
40 173
40 217
40 223
40 233
40 237
40 239
40 247
40 267
40 287
40 311
41 51
41 59
41 75
41 124
41 168
41 178
41 246
41 249
41 251
41 257
41 304
42 109
42 122
42 209
42 214
42 227
42 247
43 162
44 45
44 247
46 52
46 54
46 123
47 174
47 198
47 234
48 125
48 246
49 50
49 99
49 111
49 126
49 212
49 235
49 272
51 79
51 130
51 143
51 195
51 197
51 219
51 309
52 57
52 105
52 122
52 129
52 141
52 168
52 201
52 220
52 233
52 235
52 240
52 268
52 292
52 306
53 187
53 243
54 59
54 129
54 140
54 160
54 162
54 234
54 245
54 264
54 313
55 195
55 240
55 258
55 309
56 115
56 128
56 131
56 139
56 144
56 155
56 208
56 240
57 97
57 104
57 125
57 235
58 113
58 125
58 168
59 100
59 132
59 159
59 202
59 233
59 266
59 274
60 84
60 295
61 111
61 122
61 163
61 189
61 219
61 232
61 240
62 98
62 195
62 199
62 276
62 309
63 180
64 125
64 128
64 286
65 202
66 67
66 106
66 247
67 80
67 158
67 174
67 263
67 299
68 129
68 133
68 180
68 205
68 296
69 140
69 309
70 75
70 123
70 124
70 163
70 233
70 255
71 112
71 240
71 249
71 264
72 89
72 95
72 108
72 122
72 125
72 127
72 233
72 246
72 254
72 258
73 77
73 80
73 83
73 110
73 121
73 199
74 77
75 106
75 110
75 123
75 126
75 261
75 309
76 85
76 90
76 101
76 121
76 122
76 140
76 166
76 178
76 235
76 236
76 264
76 279
76 290
76 304
77 81
77 84
77 118
77 129
77 133
77 134
77 180
77 195
77 207
77 221
77 223
77 232
77 235
77 264
77 280
77 291
78 90
78 123
78 305
79 228
79 235
79 257
80 272
81 126
81 141
81 157
81 241
81 247
81 266
81 288
81 303
82 155
82 222
82 264
83 166
84 120
84 121
84 126
84 168
84 206
84 220
84 241
85 128
85 151
85 162
85 223
85 257
85 291
86 119
87 309
88 158
88 232
88 256
89 117
89 173
90 110
90 123
90 126
90 137
90 168
90 188
90 207
90 213
90 220
90 278
90 279
91 126
91 173
91 303
93 111
93 239
93 313
94 127
94 240
95 96
95 123
95 134
95 143
95 160
95 201
95 227
95 257
95 308
96 115
96 144
96 153
96 168
96 194
96 234
98 124
98 127
98 178
98 226
98 232
98 234
99 105
99 112
99 137
99 139
99 154
99 167
99 177
99 181
99 218
99 219
99 257
99 313
100 137
100 141
100 159
100 166
100 171
100 187
100 193
100 199
100 241
100 246
100 311
100 314
101 134
101 303
102 124
102 262
103 108
103 209
103 236
104 140
104 172
104 220
104 222
105 207
105 212
106 124
106 197
106 201
106 204
106 265
106 299
106 309
107 189
107 195
107 203
108 112
108 206
109 193
109 230
110 124
110 127
110 128
110 190
110 193
110 300
111 121
111 126
111 155
111 179
111 202
111 225
111 233
111 266
112 113
113 234
114 235
115 207
115 233
115 241
115 262
116 215
116 219
116 273
117 131
117 180
117 184
117 199
117 251
117 286
119 252
120 205
120 246
121 122
121 124
121 130
121 133
121 139
121 144
121 152
121 156
121 185
121 186
121 191
121 193
121 217
121 235
121 237
121 250
121 255
121 265
121 268
121 285
121 287
121 312
122 125
122 138
122 158
122 159
122 160
122 201
122 213
122 215
122 233
122 235
122 266
122 295
122 304
123 127
123 129
123 131
123 200
123 211
123 215
123 223
123 226
123 232
123 237
123 261
123 278
123 299
124 127
124 142
124 145
124 151
124 152
124 169
124 174
124 175
124 202
124 232
124 262
124 265
124 275
124 292
124 304
124 305
124 313
125 127
125 130
125 147
125 173
125 178
125 193
125 200
125 201
125 206
125 215
125 216
125 218
125 226
125 233
125 234
125 235
125 241
125 247
125 276
125 280
125 296
125 302
125 303
125 309
125 313
125 314
126 127
126 128
126 155
126 160
126 178
126 192
126 200
126 232
126 235
126 237
126 241
126 267
126 278
126 280
126 288
126 311
127 151
127 157
127 167
127 168
127 182
127 183
127 200
127 203
127 212
127 234
127 235
127 241
127 249
127 254
127 258
127 263
127 272
127 274
127 279
127 298
128 166
128 174
128 204
128 226
128 235
128 236
128 266
128 286
128 288
129 135
129 138
129 141
129 165
129 225
129 240
129 248
129 249
129 253
129 266
129 284
129 309
130 185
131 137
131 226
132 135
132 138
132 151
132 204
132 232
132 236
132 297
133 186
133 240
133 275
134 141
134 159
134 177
134 183
134 197
134 208
134 221
134 226
134 236
134 241
134 273
134 283
134 309
134 313
135 159
135 176
135 209
135 212
135 233
135 286
135 292
135 309
137 168
137 180
137 216
138 237
138 274
139 309
140 162
140 201
140 226
140 239
140 301
141 233
142 266
143 235
143 249
143 253
143 271
143 300
144 166
145 226
145 255
147 161
147 204
147 220
148 261
148 279
149 155
149 219
149 226
150 194
151 207
151 271
152 180
152 267
154 225
155 185
155 259
155 262
155 283
156 279
157 189
157 214
157 233
157 275
157 292
158 229
158 232
158 243
158 296
158 313
159 198
160 163
160 168
160 172
160 207
160 233
160 241
160 247
160 248
160 288
161 215
162 310
163 191
163 196
163 218
163 226
163 231
163 263
163 288
165 201
165 273
166 174
166 183
166 299
168 176
168 178
168 180
168 183
168 187
168 224
168 237
168 252
168 261
168 279
168 291
168 301
169 174
169 193
169 285
169 288
169 290
169 315
170 212
170 215
170 246
171 195
171 285
172 183
172 255
173 189
173 233
173 234
173 246
173 288
174 235
174 237
175 238
175 243
176 233
176 287
177 275
178 234
178 241
180 234
180 274
180 305
181 257
181 291
182 199
183 206
183 226
183 232
183 245
183 260
184 200
184 216
186 215
186 266
187 235
187 237
187 244
187 265
187 273
188 219
188 310
189 212
189 226
189 257
189 292
189 306
191 212
191 242
191 246
191 302
191 309
193 232
193 234
193 256
195 263
195 282
195 304
197 236
197 238
197 304
198 199
198 200
198 252
199 246
199 309
200 233
200 294
200 299
201 221
201 235
201 246
202 252
202 260
202 309
203 215
203 234
203 259
204 223
204 241
204 243
204 264
204 282
204 309
206 221
206 234
206 264
207 214
207 226
207 277
209 235
210 235
210 279
211 237
211 259
213 234
214 228
215 260
216 221
216 228
216 259
216 283
217 238
217 303
218 233
219 259
219 279
219 280
220 279
220 312
221 273
223 262
223 279
224 250
224 266
225 235
226 234
226 238
226 240
226 244
226 245
226 264
226 271
228 247
232 233
232 249
232 257
232 263
232 314
233 236
233 253
233 292
233 302
233 307
234 241
234 256
234 257
234 264
234 276
235 241
235 247
235 257
236 299
237 280
238 264
240 309
241 304
242 287
244 273
245 304
246 256
246 261
249 259
250 252
250 309
252 273
252 275
253 261
257 261
257 263
257 288
258 299
259 266
261 282
263 264
264 280
266 271
266 295
268 285
272 309
274 283
275 313
279 286
281 304
283 287
291 302
