0 6
0 51
0 100
0 123
0 124
0 207
1 67
1 107
1 122
1 147
1 217
1 309
2 50
2 59
2 160
2 167
2 220
2 240
3 6
3 10
3 50
3 126
3 130
3 149
3 151
3 153
3 170
3 178
3 279
3 280
4 13
4 68
4 82
4 95
4 121
4 140
4 160
4 162
4 204
4 292
5 31
5 34
5 35
5 51
5 82
5 88
5 109
5 122
5 124
5 126
5 127
5 151
5 204
5 266
5 279
5 292
5 306
6 7
6 47
6 117
6 123
6 125
6 139
6 147
6 157
6 159
6 232
6 235
6 241
6 266
6 279
7 56
7 90
7 98
7 111
7 124
7 134
7 205
7 235
7 266
7 268
8 121
8 241
9 121
9 196
9 207
9 235
9 261
10 16
10 76
10 80
10 100
10 121
10 125
10 141
10 142
10 203
10 204
10 226
11 98
11 125
11 223
12 14
12 53
12 100
12 122
12 123
12 181
12 183
12 213
12 235
12 269
12 280
13 19
13 67
13 91
13 140
14 28
14 131
14 309
14 311
15 39
15 93
15 99
15 128
15 196
15 216
16 90
16 230
16 238
16 273
16 314
17 33
17 34
17 126
17 181
17 311
18 124
18 183
18 246
19 83
19 99
19 112
19 125
19 292
20 100
20 124
20 147
20 165
20 180
20 182
20 233
20 263
20 313
21 37
21 128
22 38
22 80
22 85
22 129
22 143
22 155
22 176
22 207
23 35
23 36
23 53
23 59
23 68
23 77
23 121
23 123
23 124
23 140
23 166
23 175
23 195
24 39
24 42
24 131
24 226
24 235
24 309
25 99
25 122
25 134
25 240
25 267
25 299
26 33
26 85
26 99
26 173
26 279
26 292
27 148
27 220
27 223
28 112
28 136
28 181
28 233
28 235
29 92
29 100
29 123
29 166
29 185
29 217
29 219
29 232
29 275
30 67
30 102
30 111
30 134
31 56
31 96
31 126
31 161
31 199
31 221
32 39
32 44
32 134
33 126
33 127
34 56
34 61
34 117
34 128
34 174
35 36
35 82
35 124
35 143
35 188
35 226
35 258
35 262
35 268
35 278
35 296
36 47
36 54
36 84
36 105
36 210
36 234
36 237
36 297
36 309
37 99
37 108
37 124
37 134
37 168
37 174
37 229
37 245
37 290
38 51
38 128
38 203
38 226
38 228
39 75
39 118
39 129
39 152
39 192
39 214
40 112
40 125
40 158
40 163
40 180
40 232
40 235
40 239
40 241
40 250
40 275
40 285
41 72
41 111
41 125
41 186
41 233
41 241
41 273
42 59
42 75
42 123
42 127
42 175
42 199
42 214
42 255
42 264
42 304
43 44
43 51
43 121
43 129
43 173
43 241
43 243
44 67
44 74
44 121
44 143
44 168
44 178
45 55
45 224
46 117
47 245
47 257
47 279
49 100
49 120
49 147
49 154
49 181
50 127
50 139
50 183
50 285
51 129
51 181
51 193
51 206
52 53
52 153
52 162
52 184
52 214
52 220
53 268
53 281
54 99
54 121
54 127
55 126
55 293
56 107
56 116
56 162
56 188
56 221
56 238
56 259
56 299
57 134
57 262
57 285
57 307
58 122
58 204
59 81
59 88
59 110
59 121
59 126
59 148
59 195
59 204
59 279
59 304
60 131
60 143
60 172
61 125
61 153
61 157
61 174
61 221
62 75
62 91
62 128
62 134
62 183
62 185
62 235
62 279
65 166
66 75
66 84
66 100
66 122
66 144
67 89
67 112
67 125
67 153
67 207
68 82
68 120
68 126
68 245
68 304
69 127
69 170
70 135
70 157
70 217
71 77
71 79
71 160
71 212
72 108
72 121
72 122
72 152
72 193
73 92
73 128
73 171
73 189
73 201
73 216
73 231
73 271
74 123
74 134
74 151
74 253
74 267
74 291
74 298
75 123
75 127
75 134
75 158
75 202
75 218
75 225
75 265
75 291
75 292
76 85
76 112
76 126
76 129
76 136
76 144
76 201
76 203
76 215
76 223
76 234
76 246
76 259
76 275
76 302
76 304
77 99
77 128
77 135
77 182
77 195
77 197
77 199
77 200
77 304
77 308
78 93
78 276
78 279
79 115
79 123
79 134
79 220
80 100
80 153
80 162
80 200
80 204
80 221
80 289
81 106
81 123
81 164
81 167
81 241
82 106
82 140
82 224
83 121
83 160
83 223
83 228
84 108
84 121
84 123
84 127
84 178
84 232
84 262
84 280
84 299
84 315
85 100
85 126
85 166
85 209
85 235
85 259
85 301
86 217
86 279
87 204
88 122
88 196
89 90
89 183
89 214
89 264
89 304
89 310
89 311
90 110
90 124
90 126
90 127
90 147
90 149
90 156
90 201
90 226
90 234
90 305
91 206
91 246
91 295
92 95
92 114
92 204
92 205
92 240
93 124
93 279
94 95
94 118
95 96
95 107
95 169
95 234
95 260
95 265
96 109
96 110
96 166
97 100
97 120
97 129
97 134
97 170
97 304
98 121
98 125
98 126
98 127
98 134
98 139
98 164
98 170
98 199
98 226
98 252
98 259
99 116
99 125
99 130
99 135
99 143
99 152
99 154
99 191
99 192
99 222
99 237
99 288
99 309
100 110
100 117
100 119
100 124
100 127
100 142
100 193
100 203
100 204
100 219
100 235
100 236
100 264
100 309
101 134
101 180
102 271
103 219
104 115
104 121
104 125
104 128
104 173
104 236
104 260
104 266
105 182
105 235
105 237
106 137
106 164
106 235
106 259
107 195
107 219
107 232
107 255
107 285
108 159
108 202
109 160
109 288
110 129
110 163
110 203
110 234
110 249
110 267
110 302
111 126
111 135
111 167
111 232
112 125
112 128
112 232
112 259
112 279
115 131
115 196
115 288
116 204
117 223
117 233
117 267
119 220
120 233
120 264
121 126
121 129
121 133
121 158
121 162
121 174
121 185
121 219
121 228
121 231
121 233
121 246
121 258
121 266
121 271
121 279
121 309
122 124
122 126
122 132
122 133
122 143
122 158
122 172
122 185
122 195
122 200
122 207
122 218
122 226
122 232
122 234
122 239
122 244
122 246
122 277
122 282
122 286
123 127
123 129
123 133
123 139
123 143
123 152
123 153
123 162
123 173
123 187
123 195
123 198
123 203
123 204
123 211
123 215
123 233
123 234
123 238
123 265
123 279
123 291
123 293
123 294
124 126
124 127
124 129
124 154
124 160
124 175
124 180
124 187
124 238
124 259
124 271
124 285
124 308
125 127
125 145
125 146
125 159
125 174
125 199
125 204
125 213
125 215
125 226
125 237
125 258
125 274
125 278
125 296
125 309
125 312
126 127
126 129
126 130
126 160
126 163
126 174
126 193
126 203
126 204
126 213
126 226
126 231
126 266
126 272
126 309
127 128
127 135
127 140
127 210
127 220
127 256
127 302
127 312
128 185
128 187
128 196
128 226
128 232
128 235
128 239
128 255
128 299
129 134
129 151
129 161
129 169
129 170
129 195
129 208
129 230
129 234
129 239
129 240
129 245
129 288
130 141
130 173
131 166
131 182
131 220
131 237
131 288
132 308
133 185
133 232
133 279
134 135
134 144
134 167
134 180
134 183
134 204
134 221
134 226
134 249
134 259
134 267
134 285
135 139
135 158
135 160
135 185
135 188
135 276
136 162
136 249
137 149
137 221
137 236
137 282
138 273
139 140
139 144
139 166
139 178
139 235
139 243
139 286
140 201
140 244
140 267
141 191
141 218
141 241
142 166
142 268
143 158
143 223
143 243
143 247
143 279
144 156
144 157
144 233
144 235
146 174
146 259
148 162
148 189
149 252
149 279
151 170
151 171
151 214
151 226
151 262
151 285
152 256
153 176
153 314
154 279
155 173
155 200
156 222
157 305
158 160
158 186
158 224
158 243
160 171
160 197
160 240
160 270
160 273
162 187
162 257
162 279
163 169
163 271
163 288
164 252
165 168
165 173
165 279
166 176
166 192
168 232
168 233
168 235
168 271
170 188
170 243
172 189
172 223
172 237
173 243
173 264
174 279
174 315
176 247
177 259
177 285
178 223
179 264
179 305
180 192
180 195
180 233
180 304
180 306
181 210
181 217
181 311
183 286
183 309
184 249
185 202
185 307
186 191
186 292
188 219
188 253
188 304
188 309
189 203
191 204
191 223
192 304
192 312
193 222
193 238
195 264
195 277
195 313
196 240
197 202
197 233
198 234
199 219
199 230
199 279
200 207
200 226
200 308
201 204
201 207
202 237
203 217
203 266
203 275
204 262
204 312
205 234
205 286
206 234
207 288
208 228
209 235
209 271
209 309
209 315
210 232
210 249
212 244
212 251
212 266
214 279
215 219
215 235
216 279
217 264
218 223
219 224
219 228
219 233
219 276
220 224
220 311
221 225
223 224
223 252
223 266
223 310
225 291
226 232
226 241
226 265
226 279
228 271
229 231
231 257
232 266
232 286
232 288
233 235
233 261
233 287
233 291
234 241
234 245
234 247
234 273
234 303
235 241
235 253
235 271
235 297
237 286
238 311
239 274
240 269
241 277
241 285
242 279
243 275
245 267
246 265
246 271
246 275
246 276
246 280
247 302
250 305
253 309
257 266
257 305
259 290
259 313
261 268
262 302
263 304
264 314
266 267
266 279
266 305
267 278
267 279
274 311
276 280
279 288
279 307
280 309
280 313
286 298
286 306
294 309
302 309
309 314
