0 10
0 32
0 41
0 46
0 124
0 165
0 255
1 69
1 106
1 117
1 134
1 201
1 226
1 233
2 4
2 69
2 75
2 108
2 113
2 123
2 124
2 134
2 137
2 162
2 164
2 174
2 180
2 181
2 222
3 63
3 131
3 149
3 188
3 266
4 35
4 58
4 89
4 97
4 123
4 142
5 10
5 20
5 32
5 48
5 76
5 77
5 99
5 102
5 122
5 128
5 138
5 148
5 155
5 236
5 243
5 254
5 274
5 276
5 299
5 309
6 25
6 29
6 81
6 114
6 121
6 123
6 129
6 160
6 197
6 294
7 10
7 122
7 125
7 126
7 128
7 138
7 267
8 127
8 135
8 206
8 315
9 52
9 90
9 188
9 203
9 278
9 282
10 35
10 86
10 90
10 99
10 100
10 123
10 151
10 219
10 226
10 232
10 264
10 304
11 36
11 64
11 110
11 163
11 232
12 22
12 29
12 35
12 66
12 89
12 112
12 132
12 197
12 211
12 279
13 35
13 56
13 72
13 76
13 163
13 233
13 288
13 309
14 90
14 105
14 138
14 160
14 190
14 201
14 233
14 235
15 43
15 49
15 124
15 168
15 199
16 106
16 122
16 148
16 215
16 257
17 18
17 20
17 26
17 48
17 90
17 99
17 128
17 129
17 200
17 223
17 304
17 311
18 107
18 121
18 133
18 137
18 214
18 224
18 232
19 67
19 129
19 206
19 226
20 53
20 67
20 68
20 125
20 162
20 180
20 195
20 234
20 311
21 45
21 201
21 206
22 98
22 227
22 280
23 133
23 139
23 140
23 217
23 267
23 298
24 54
24 121
24 129
24 292
24 304
25 117
25 152
25 238
26 36
26 73
26 195
26 232
26 272
26 283
27 36
27 37
27 120
28 35
28 41
28 62
28 112
28 200
28 235
28 247
29 36
29 49
29 243
30 94
30 195
31 106
31 129
31 172
31 179
31 223
31 303
32 51
32 63
32 79
32 124
32 162
32 200
32 279
33 103
33 122
33 123
33 125
33 134
33 160
33 200
33 302
34 78
34 110
34 111
34 122
34 125
34 234
34 255
34 274
35 52
35 54
35 73
35 101
35 120
35 121
35 129
35 135
35 138
35 195
35 200
35 223
35 224
35 230
35 253
36 43
36 61
36 75
36 105
36 111
36 121
36 122
36 124
36 125
36 188
36 216
36 233
36 270
37 82
37 153
37 187
38 88
38 99
38 117
38 125
38 126
38 169
38 219
38 232
39 128
39 134
39 202
39 289
40 54
40 61
40 75
40 80
40 93
40 125
40 184
41 77
41 83
41 97
41 168
41 173
41 195
41 206
41 212
41 225
41 253
41 278
41 292
42 218
42 239
42 269
43 50
43 176
43 213
43 233
43 239
44 127
44 223
45 125
45 220
46 123
46 216
46 228
46 252
47 120
47 123
48 54
48 77
48 286
49 78
49 138
49 177
49 185
49 221
49 250
50 99
50 122
51 111
51 120
51 168
51 247
52 67
52 112
52 233
52 292
53 78
53 111
53 124
53 132
53 249
53 277
55 100
55 121
55 132
56 110
56 127
56 188
56 226
56 231
57 104
57 107
57 125
57 139
57 175
57 217
57 226
57 304
58 75
58 121
59 76
59 138
59 216
59 304
60 123
60 204
60 226
60 228
61 102
61 184
61 246
61 286
62 90
62 133
62 195
62 219
62 257
62 292
62 309
63 166
63 220
63 284
65 226
65 273
65 309
66 123
66 169
66 249
66 265
67 88
67 110
67 122
67 127
67 128
67 131
67 147
67 232
67 306
67 309
67 313
68 124
68 127
68 230
68 239
70 126
70 128
70 174
70 312
71 127
71 220
71 236
72 82
72 149
72 157
72 195
72 204
72 232
73 90
73 100
73 143
73 173
73 183
73 226
73 233
73 247
73 278
74 100
74 195
74 199
74 241
75 76
75 99
75 117
75 126
75 141
75 152
75 167
75 184
75 209
75 236
75 240
75 248
75 250
75 288
75 314
76 95
76 129
76 167
76 203
76 223
76 226
76 232
76 235
76 286
76 304
77 95
77 125
77 127
77 155
77 163
77 189
77 204
77 216
77 226
77 238
77 240
77 287
78 160
78 309
79 156
79 206
80 123
80 126
80 160
80 222
80 233
80 234
80 271
80 309
81 103
81 129
81 164
81 262
81 304
81 309
82 100
82 126
82 198
83 159
83 232
83 241
83 285
84 109
84 157
84 174
84 216
84 224
85 110
85 120
85 123
85 129
85 202
85 304
86 111
86 122
86 233
86 279
86 307
87 123
88 166
89 121
89 122
89 129
89 140
89 297
89 301
90 91
90 99
90 107
90 110
90 119
90 121
90 125
90 126
90 131
90 151
90 162
90 188
90 205
90 217
90 237
90 249
90 286
91 100
91 122
91 125
91 128
91 199
91 238
91 304
92 224
92 234
93 105
93 121
93 123
93 134
93 137
93 138
93 210
93 271
94 142
94 235
95 106
95 128
95 130
95 137
95 232
95 261
95 268
95 288
96 129
96 257
96 264
97 247
98 149
98 234
98 249
99 105
99 112
99 123
99 127
99 143
99 154
99 226
99 264
100 106
100 124
100 128
100 130
100 143
100 148
100 209
100 218
100 233
100 240
100 252
100 263
100 285
101 122
101 267
102 107
102 123
103 109
103 168
103 200
103 266
103 279
103 294
104 131
105 123
105 263
105 274
106 108
106 123
106 209
106 222
106 234
106 240
106 277
106 286
107 154
107 169
107 232
107 233
107 264
107 286
108 121
108 165
109 116
109 123
109 128
109 139
109 288
110 123
110 125
110 129
110 135
110 143
110 146
110 193
110 212
110 233
111 112
111 135
111 183
111 232
112 120
112 223
112 228
112 231
113 204
113 224
113 234
113 271
114 162
114 235
114 279
115 121
115 127
115 129
115 222
115 223
115 261
116 202
117 131
117 157
117 197
117 206
117 241
117 264
117 265
120 127
120 201
121 122
121 127
121 128
121 129
121 132
121 144
121 156
121 172
121 181
121 192
121 193
121 204
121 216
121 222
121 230
121 231
121 233
121 266
121 269
121 279
121 313
122 125
122 127
122 129
122 131
122 134
122 172
122 185
122 189
122 200
122 202
122 204
122 221
122 233
122 234
122 236
122 243
122 275
122 286
122 303
122 304
123 125
123 128
123 160
123 200
123 232
123 234
123 261
123 266
123 275
123 278
123 280
123 288
123 302
123 308
124 125
124 126
124 130
124 134
124 156
124 189
124 238
124 254
124 267
124 277
124 279
124 286
124 299
124 309
125 152
125 153
125 160
125 180
125 193
125 200
125 207
125 232
125 233
125 234
125 245
125 259
125 264
125 271
125 286
125 305
125 310
126 127
126 130
126 131
126 133
126 148
126 161
126 163
126 164
126 166
126 188
126 219
126 233
126 234
126 253
126 263
127 128
127 144
127 175
127 183
127 188
127 203
127 206
127 220
127 234
127 238
127 243
127 265
127 267
127 268
127 308
128 129
128 140
128 147
128 149
128 155
128 169
128 174
128 189
128 191
128 192
128 202
128 204
128 215
128 224
128 226
128 228
128 238
128 304
129 160
129 187
129 232
129 237
129 250
129 257
129 301
129 309
130 175
130 299
130 309
131 144
131 162
131 178
131 220
131 233
131 234
131 261
132 197
132 283
133 174
133 185
133 233
134 140
134 143
134 151
134 163
134 166
134 173
134 211
134 233
134 235
134 243
135 180
135 232
135 233
135 309
137 246
139 165
139 197
139 204
139 207
139 208
140 149
140 193
140 257
140 285
141 158
141 163
141 208
141 223
142 204
143 180
143 266
144 167
144 232
144 237
145 213
147 204
147 220
147 222
147 296
148 176
148 201
149 160
149 202
149 215
149 264
149 314
151 227
151 280
151 305
152 168
152 232
152 253
152 264
153 166
153 175
153 178
153 189
153 235
153 278
153 289
154 168
154 207
154 219
155 207
155 304
156 163
156 307
157 223
158 200
158 264
158 291
158 298
160 163
160 204
160 223
160 232
160 243
160 269
162 165
162 171
162 215
162 241
162 276
163 204
163 206
163 217
163 265
163 288
164 243
165 205
165 234
166 170
166 204
166 212
166 246
166 309
168 199
168 257
168 260
169 214
169 232
169 262
170 264
170 292
170 304
171 192
171 206
171 267
171 279
172 210
173 189
173 206
173 283
174 235
174 286
174 294
175 181
175 232
175 233
175 234
175 243
176 216
176 240
176 286
177 185
177 254
178 204
179 294
180 195
180 210
180 223
180 234
181 303
182 235
183 202
183 241
183 255
185 195
185 226
186 280
187 304
187 309
188 289
189 204
189 233
189 264
189 276
191 206
192 263
193 241
194 285
195 246
195 258
195 285
196 204
196 233
196 235
197 204
197 215
197 226
197 311
198 217
198 226
199 235
199 269
200 278
201 243
201 279
201 293
201 309
202 203
202 220
202 225
202 271
203 294
204 232
204 236
204 271
204 286
204 300
204 309
206 243
206 263
206 264
206 273
206 279
208 309
208 313
209 228
209 233
209 313
210 219
210 309
212 237
213 237
214 252
216 279
217 218
217 237
217 253
217 284
217 288
218 253
218 267
218 313
219 232
219 252
219 271
219 288
219 291
220 232
220 261
221 266
221 283
221 292
222 246
222 277
223 229
223 237
223 253
223 274
224 230
224 257
224 265
224 266
224 276
225 287
226 233
226 252
226 257
226 259
226 279
226 301
226 304
227 297
229 241
232 234
232 239
232 292
233 238
233 304
234 241
234 288
235 241
235 279
235 299
236 259
238 241
238 257
238 263
238 288
240 274
240 283
240 288
241 265
241 291
243 260
243 292
250 267
252 288
253 288
253 304
255 286
257 304
259 280
259 299
262 309
264 284
264 292
264 304
266 287
266 296
266 304
268 271
271 276
274 309
274 310
279 292
279 293
280 312
288 299
