0 7
0 10
0 59
0 91
0 142
0 189
0 253
1 12
1 46
1 64
1 83
1 125
1 127
1 185
1 206
1 232
2 14
2 78
2 122
2 125
2 134
2 192
2 207
2 211
2 286
3 12
3 19
3 85
3 122
3 180
3 183
3 218
3 309
4 75
4 84
4 97
4 99
4 123
4 160
4 187
4 219
4 232
4 255
4 279
4 304
5 16
5 36
5 37
5 51
5 74
5 111
5 116
5 122
5 124
5 132
5 153
5 157
5 159
5 168
5 182
5 189
5 194
5 204
5 214
5 239
5 241
5 262
5 266
5 267
5 269
5 271
5 288
6 25
6 91
6 129
6 162
6 195
6 214
6 229
6 234
6 309
7 22
7 29
7 37
7 71
7 72
7 99
7 102
7 103
7 122
7 126
7 129
7 161
7 182
7 200
7 226
7 233
7 241
7 264
8 40
8 168
8 224
9 14
9 17
9 52
9 185
9 226
9 232
9 291
9 299
10 88
10 100
10 110
10 125
10 127
10 233
10 267
11 97
11 127
11 208
11 261
12 24
12 34
12 218
12 309
13 51
13 112
13 121
13 125
13 134
13 243
13 265
14 100
14 139
14 185
14 222
14 291
15 42
15 122
15 202
15 273
16 98
16 129
17 35
17 41
17 99
17 106
17 206
17 227
17 233
17 235
17 247
17 264
17 304
18 116
18 144
18 248
18 260
19 122
19 127
20 35
20 39
20 56
20 63
20 93
20 122
20 124
20 125
20 156
20 266
21 22
21 57
21 156
21 164
21 217
21 309
22 73
22 81
22 236
22 297
23 107
23 128
23 157
23 173
23 186
23 192
23 219
23 226
23 233
23 236
23 273
24 66
24 196
24 235
24 279
24 283
25 157
25 184
25 235
25 266
26 51
26 54
26 124
26 162
26 234
26 266
27 28
27 36
27 121
27 222
28 75
28 122
29 121
29 128
29 129
29 198
29 206
29 212
29 232
29 239
29 241
30 78
31 117
31 123
31 167
31 226
32 51
32 62
32 93
32 124
32 147
32 160
32 205
32 233
33 94
33 99
33 121
33 208
33 258
34 126
34 127
34 198
34 206
34 235
35 36
35 50
35 66
35 68
35 77
35 100
35 123
35 127
35 130
35 156
35 174
35 203
35 214
35 222
35 226
35 231
35 288
35 309
36 84
36 99
36 152
36 153
36 160
36 165
36 246
36 279
36 292
37 129
37 160
37 183
38 133
38 139
39 100
39 127
39 128
39 175
39 235
39 254
39 266
39 276
39 278
39 298
40 68
40 123
40 125
40 127
40 139
40 141
40 144
40 146
40 192
40 199
40 232
40 233
40 243
40 252
41 52
41 116
41 122
41 224
41 226
41 257
42 61
42 83
42 85
42 134
42 188
42 195
42 196
42 220
42 235
43 123
43 172
43 215
43 231
44 61
44 165
44 188
44 243
44 279
46 52
46 162
46 296
47 85
48 201
49 99
49 124
50 143
50 173
50 200
51 125
51 139
51 163
51 178
52 53
52 57
52 80
52 87
52 123
52 129
52 131
52 185
52 186
52 201
52 239
52 241
52 257
52 264
53 79
53 125
53 162
53 195
53 311
54 66
54 90
54 153
54 228
54 233
55 199
55 243
55 312
56 104
56 124
56 126
56 127
56 130
56 140
56 180
56 233
56 266
57 111
57 124
57 204
57 222
57 257
57 282
58 123
58 124
58 134
58 289
59 80
59 113
59 120
59 122
59 125
59 152
59 195
59 212
59 241
59 312
61 91
61 92
61 123
61 127
61 165
61 227
61 264
61 283
62 118
62 163
62 166
62 215
62 238
62 288
63 95
64 163
65 127
65 200
65 240
66 91
66 175
66 204
66 234
67 93
67 135
67 145
67 160
67 279
67 294
68 75
68 105
68 115
68 122
68 127
68 304
68 309
69 198
70 126
70 174
70 195
70 228
70 232
70 283
72 160
72 180
72 186
72 187
72 221
72 239
73 81
73 126
73 173
73 219
73 235
73 241
73 305
73 309
74 85
74 218
74 275
75 129
75 155
75 188
75 192
75 206
75 226
75 231
76 79
76 80
76 105
76 106
76 122
76 127
76 140
76 174
76 217
76 235
77 80
77 85
77 88
77 112
77 115
77 123
77 125
77 134
77 143
77 146
77 148
77 210
77 217
77 241
77 306
78 180
78 296
79 96
79 102
80 99
80 122
80 127
80 134
80 147
80 156
80 204
80 209
80 215
80 235
80 236
80 292
81 152
81 163
81 200
82 117
82 125
82 159
82 168
82 202
82 225
82 266
83 127
83 129
83 149
83 226
83 233
83 309
84 123
84 204
84 235
84 258
84 283
85 90
85 114
85 122
85 135
85 162
85 171
85 189
85 206
85 234
85 235
85 263
86 99
86 125
86 128
86 129
86 234
86 279
86 293
86 298
87 127
87 142
87 159
87 180
87 233
87 274
88 125
88 189
89 106
89 113
89 171
89 193
89 199
89 231
89 267
89 288
90 110
90 131
90 134
90 204
90 236
90 246
90 292
90 297
91 106
91 159
91 168
91 210
91 278
92 122
93 99
93 139
93 151
93 215
93 238
93 261
95 110
95 124
95 187
95 196
95 209
96 98
96 266
98 107
98 126
98 128
98 253
98 309
99 120
99 121
99 123
99 125
99 129
99 135
99 140
99 151
99 176
99 189
99 192
99 206
99 223
99 234
99 235
99 241
99 246
99 299
100 112
100 122
100 126
100 127
100 128
100 130
100 134
100 155
100 182
100 198
100 233
100 262
100 273
100 282
100 292
100 297
100 314
101 121
102 112
102 122
102 126
102 176
102 199
102 204
102 256
103 185
103 283
103 304
104 124
104 125
104 129
104 139
104 178
104 191
104 221
104 288
105 188
105 200
105 201
105 206
105 217
105 239
105 286
106 121
106 124
106 134
106 223
106 263
107 110
107 126
108 170
108 259
108 271
109 170
109 174
109 304
110 122
110 144
110 168
110 246
111 134
111 137
111 171
111 182
111 189
111 202
111 216
111 219
111 273
111 279
111 291
112 135
112 153
112 180
113 122
113 223
113 309
114 160
114 193
114 260
114 271
115 129
115 160
115 228
115 238
115 281
116 121
116 193
117 125
117 160
117 233
117 239
117 264
118 243
119 125
119 267
120 274
121 122
121 123
121 125
121 128
121 165
121 192
121 195
121 197
121 200
121 204
121 206
121 217
121 218
121 219
121 232
121 235
121 247
121 257
121 259
121 271
121 272
122 124
122 127
122 134
122 160
122 174
122 177
122 180
122 181
122 189
122 192
122 199
122 203
122 206
122 218
122 220
122 226
122 227
122 234
122 255
122 261
123 139
123 151
123 173
123 174
123 185
123 195
123 204
123 206
123 207
123 218
123 222
123 239
123 240
123 247
123 252
123 271
123 277
123 285
123 304
124 139
124 173
124 188
124 197
124 212
124 220
124 226
124 228
124 232
124 233
124 238
124 241
124 261
124 262
124 264
124 299
124 304
124 309
125 140
125 147
125 154
125 160
125 165
125 174
125 176
125 219
125 221
125 222
125 235
125 240
125 253
125 283
125 287
125 296
125 304
126 132
126 135
126 137
126 147
126 148
126 151
126 162
126 172
126 173
126 234
126 235
126 237
126 241
126 245
126 246
126 261
126 266
126 307
126 312
127 128
127 129
127 134
127 144
127 186
127 199
127 202
127 204
127 205
127 207
127 219
127 228
127 232
127 233
127 237
127 254
127 267
127 273
127 291
128 144
128 147
128 165
128 180
128 183
128 189
128 195
128 214
128 221
128 233
128 252
128 314
129 142
129 174
129 195
129 222
129 232
129 235
129 239
129 241
129 247
129 259
129 273
129 286
129 304
130 204
131 140
131 176
131 208
131 242
131 257
131 282
133 136
133 139
133 180
133 238
133 288
133 309
134 160
134 197
134 220
134 232
134 233
134 235
134 252
134 276
134 280
134 299
135 137
135 158
135 163
135 200
135 262
136 192
137 168
137 186
137 262
138 160
138 204
138 292
139 158
139 219
139 232
139 294
140 141
140 249
141 196
141 201
141 217
141 228
142 171
142 257
142 301
143 156
143 178
143 187
143 197
143 206
143 215
144 234
144 246
144 279
144 286
145 234
145 266
145 279
146 232
147 168
147 307
148 180
148 201
148 240
148 241
149 206
149 238
151 180
152 172
152 216
152 233
152 266
153 179
154 171
154 207
154 266
155 250
155 252
155 282
155 302
156 183
156 206
156 298
157 160
158 180
158 200
158 203
158 219
158 233
159 173
159 188
160 162
160 164
160 185
160 192
160 214
160 218
160 224
160 233
160 292
160 303
160 308
161 310
162 171
162 235
162 265
163 191
163 225
164 221
165 189
165 214
165 241
165 244
166 286
168 172
168 204
168 209
168 249
168 264
168 271
168 298
169 288
169 291
170 176
170 207
170 208
170 286
170 293
170 302
172 237
173 178
173 199
173 227
174 212
174 271
174 278
176 269
178 235
180 195
180 200
180 211
180 233
180 239
180 272
180 273
181 238
182 214
182 304
183 191
183 204
184 286
185 220
185 254
186 233
187 306
188 217
188 236
188 250
188 257
188 304
189 247
189 259
189 267
189 279
191 207
191 250
192 235
193 194
193 220
195 202
195 204
195 220
195 264
197 203
197 218
197 231
198 199
199 292
200 219
200 246
200 252
200 291
201 204
201 266
203 254
204 217
204 219
204 259
204 299
206 208
206 212
206 285
206 306
206 309
207 226
207 252
209 279
209 304
210 283
210 304
211 309
212 293
213 214
214 237
214 259
214 309
215 280
215 304
216 236
216 303
217 311
218 241
219 230
219 247
219 302
220 260
220 261
220 279
221 296
221 309
222 226
222 279
223 225
223 234
223 246
223 280
223 309
224 304
226 230
226 234
226 235
226 236
226 252
226 266
226 267
226 278
226 288
226 298
226 299
228 232
228 233
228 235
228 257
228 284
231 249
231 257
232 234
232 239
232 272
232 275
232 279
232 299
232 307
232 315
233 247
233 266
234 236
234 246
234 247
234 253
234 257
234 277
234 299
234 309
235 243
235 254
235 268
235 279
235 286
235 309
236 267
237 264
238 278
239 252
240 249
240 262
240 267
241 246
241 285
243 279
243 285
243 304
246 309
247 261
248 285
249 299
252 271
253 313
254 276
255 291
259 312
259 313
260 315
261 307
263 310
264 309
265 314
267 274
268 279
268 304
270 308
271 310
273 279
275 294
279 290
279 304
279 313
280 308
285 296
286 303
292 309
294 309
306 314
309 314
