0 7
0 59
0 60
0 114
1 4
1 85
1 121
2 16
2 24
2 117
2 124
2 127
2 137
2 196
2 202
2 235
2 269
2 276
3 17
3 125
3 197
3 217
3 250
4 18
4 32
4 71
4 128
4 140
4 143
4 144
4 292
5 18
5 39
5 64
5 80
5 94
5 110
5 122
5 124
5 165
5 183
5 265
6 27
6 32
6 49
6 117
6 124
6 127
6 129
6 144
6 218
6 234
6 235
6 261
6 279
7 35
7 40
7 57
7 87
7 98
7 122
7 139
7 174
7 192
7 226
7 235
7 253
7 258
7 266
7 279
7 308
8 201
8 263
8 304
9 55
9 100
9 124
9 151
9 204
9 210
9 226
9 283
9 314
10 24
10 77
10 110
10 129
10 166
10 175
10 192
10 273
10 289
11 103
11 243
12 44
12 98
12 128
12 129
12 309
13 33
13 56
13 122
13 210
13 227
13 309
14 36
14 59
14 115
14 266
15 57
15 62
16 43
16 59
16 81
16 139
16 207
16 249
16 267
16 274
16 280
17 66
17 128
17 141
17 182
17 208
17 226
17 234
17 255
17 266
18 34
18 123
18 124
18 169
18 219
18 226
18 272
19 52
19 90
19 217
19 276
19 309
20 124
20 134
20 226
20 235
20 259
20 279
21 122
21 128
21 235
21 276
21 283
22 126
22 128
22 137
22 234
22 255
22 285
23 29
23 32
23 46
23 80
23 119
23 120
23 121
23 141
23 158
23 174
23 232
23 233
23 286
23 303
24 40
24 59
24 61
24 64
24 73
24 84
24 99
24 125
24 189
24 232
24 233
24 240
25 119
25 126
25 132
25 233
25 255
26 64
26 80
26 82
26 98
26 100
26 173
26 221
27 54
27 166
28 45
28 105
28 111
28 193
28 226
28 233
28 288
29 72
29 124
29 128
29 172
29 232
31 68
31 70
31 104
31 111
31 140
31 239
31 250
32 35
32 125
32 128
32 129
32 135
32 159
32 181
32 291
32 305
33 35
33 71
33 119
33 126
33 131
33 174
33 177
33 264
33 304
34 50
34 68
34 87
34 93
34 134
34 168
34 204
34 292
34 295
34 296
35 40
35 41
35 44
35 56
35 75
35 99
35 115
35 169
35 185
35 201
35 228
35 233
35 234
35 297
35 304
36 40
36 75
36 80
36 93
36 122
36 127
36 234
37 40
37 267
38 216
38 221
38 234
39 62
39 74
39 174
39 197
39 232
39 268
39 278
40 56
40 73
40 102
40 104
40 127
40 221
40 231
40 233
40 257
40 279
40 302
41 49
41 57
41 69
41 185
41 199
41 228
42 204
42 231
42 235
42 255
42 309
43 140
43 155
43 193
44 61
44 77
44 180
44 299
45 107
45 239
45 294
46 75
46 92
46 117
46 122
47 54
47 182
49 77
49 111
49 141
49 147
49 180
49 204
49 264
51 123
51 141
51 143
51 180
51 182
51 216
51 226
51 233
51 294
51 309
52 57
52 77
52 91
52 106
52 125
52 132
52 173
52 174
52 212
52 233
52 293
52 314
53 90
53 117
53 219
53 223
54 95
54 145
54 158
54 204
55 59
55 135
55 201
55 233
55 293
56 57
56 127
56 129
57 264
58 67
58 250
58 295
58 315
59 84
59 105
59 127
59 130
59 152
59 192
59 204
59 258
59 294
60 85
60 123
61 76
61 90
61 105
61 115
61 123
61 161
61 218
61 236
62 264
63 122
63 126
63 232
63 235
63 241
63 257
64 99
64 129
64 246
65 74
65 138
65 252
66 96
66 112
66 124
66 128
66 133
66 171
66 194
66 228
66 267
66 282
67 120
67 122
67 128
67 130
67 169
67 203
67 233
67 235
67 251
68 127
68 204
68 304
69 90
69 127
69 176
69 204
69 234
70 88
70 122
70 286
71 72
71 186
72 75
72 128
73 99
73 100
73 124
73 129
73 182
73 218
73 266
74 111
74 123
74 168
74 189
74 294
75 122
75 124
75 140
75 151
75 184
75 267
75 286
75 304
76 117
76 119
76 121
76 126
76 134
76 154
76 166
76 168
76 173
76 197
76 221
76 257
76 261
76 309
77 115
77 121
77 123
77 124
77 132
77 134
77 155
77 204
77 247
77 266
77 279
78 104
78 121
78 137
79 207
80 105
80 115
80 193
80 206
80 312
81 86
81 108
81 118
81 134
81 136
81 187
82 217
82 222
83 128
83 140
83 204
83 207
84 116
84 232
84 264
84 266
84 304
84 312
85 114
85 168
85 174
85 183
85 204
85 209
85 266
86 197
86 206
86 218
87 272
88 123
89 90
89 121
89 144
89 149
89 162
89 166
89 195
89 261
90 93
90 95
90 100
90 121
90 125
90 126
90 129
90 160
90 186
90 192
90 198
90 216
90 232
90 278
90 279
90 286
91 125
91 134
91 207
92 144
92 160
92 210
94 128
94 204
95 105
95 135
95 208
95 233
95 269
95 280
95 286
96 122
96 154
97 134
97 143
97 197
98 99
98 138
98 159
99 115
99 119
99 122
99 123
99 126
99 129
99 140
99 165
99 174
99 202
99 211
99 217
99 221
99 232
99 234
99 271
100 106
100 122
100 124
100 125
100 126
100 127
100 167
100 202
100 225
100 226
100 265
100 271
100 279
100 286
102 169
102 207
102 222
104 121
104 202
105 124
105 141
105 149
105 195
105 249
105 257
105 266
106 117
106 123
106 126
106 142
106 198
106 311
108 129
108 155
108 233
109 227
109 229
110 120
110 123
110 129
110 175
110 206
110 223
110 232
110 244
111 121
111 126
111 179
111 301
112 142
112 235
112 297
113 115
114 132
114 197
114 206
114 258
115 121
115 141
115 151
115 171
115 234
115 241
115 246
115 271
115 286
116 259
116 275
117 120
117 127
117 166
117 204
117 274
119 129
119 296
120 141
120 171
120 191
120 206
120 207
121 122
121 124
121 127
121 134
121 143
121 151
121 160
121 186
121 208
121 223
121 226
121 230
121 232
121 233
121 235
121 243
121 280
121 292
121 303
122 125
122 127
122 128
122 131
122 140
122 145
122 159
122 160
122 162
122 164
122 177
122 201
122 206
122 222
122 223
122 233
122 234
122 237
122 247
122 264
122 268
122 274
122 278
122 280
122 299
122 304
122 312
123 124
123 126
123 128
123 133
123 135
123 149
123 155
123 158
123 160
123 166
123 167
123 192
123 201
123 202
123 208
123 219
123 233
123 234
123 247
123 252
123 267
123 273
123 278
123 291
124 127
124 155
124 158
124 160
124 163
124 165
124 185
124 199
124 204
124 211
124 212
124 216
124 233
124 234
124 241
124 250
124 267
124 273
124 283
124 299
125 132
125 157
125 160
125 168
125 193
125 197
125 212
125 220
125 223
125 226
125 238
125 275
125 279
125 292
126 129
126 132
126 133
126 162
126 163
126 168
126 178
126 189
126 195
126 210
126 252
126 253
126 256
126 266
126 288
126 292
127 145
127 165
127 175
127 187
127 189
127 216
127 220
127 234
127 263
127 265
127 288
127 292
128 175
128 185
128 210
128 219
128 232
128 233
128 267
128 273
128 279
128 292
128 304
129 135
129 158
129 165
129 170
129 184
129 186
129 200
129 219
129 223
129 234
129 254
129 266
129 272
129 274
129 275
129 280
129 292
129 293
129 309
130 150
130 232
130 264
131 157
131 189
131 210
131 232
132 141
132 150
132 223
133 160
133 162
133 195
133 202
133 262
133 276
134 178
134 204
134 216
134 223
134 226
134 229
134 233
134 266
134 283
134 286
134 289
134 302
135 173
135 210
135 223
135 232
135 306
136 304
137 158
137 170
137 177
137 263
137 282
138 183
138 195
138 232
138 313
139 208
139 268
139 280
139 288
139 301
140 178
140 204
140 233
140 274
140 293
143 180
143 206
143 240
143 288
144 166
144 216
144 264
144 304
145 209
145 234
145 237
147 302
148 203
151 235
151 269
151 304
152 187
152 266
153 279
154 194
155 165
156 266
157 160
157 293
158 172
158 192
158 193
158 200
158 204
158 232
158 261
158 280
158 311
159 160
159 193
159 195
159 216
159 296
160 220
160 234
160 236
160 261
160 278
161 193
162 223
162 268
162 304
163 237
163 283
163 292
164 203
165 166
165 201
166 272
167 195
167 217
167 248
168 185
168 282
168 285
169 174
169 203
171 236
171 278
172 269
173 180
173 233
173 255
173 299
174 200
174 241
175 209
175 294
176 235
177 234
177 267
178 180
178 223
178 234
178 276
179 222
180 192
180 193
180 204
181 202
181 215
182 216
182 232
182 305
183 234
183 241
183 274
185 269
185 285
185 309
186 267
187 232
187 279
188 232
188 273
188 302
189 231
189 264
189 266
189 303
190 221
192 233
192 270
193 204
193 236
193 264
193 268
194 288
195 237
195 309
196 200
196 204
197 261
197 308
198 266
200 241
201 209
201 219
201 232
201 235
201 296
202 233
203 234
203 292
204 214
204 245
204 257
204 286
204 309
206 278
206 279
206 304
207 234
207 253
207 314
208 259
209 244
209 307
209 308
210 236
210 247
212 216
213 309
214 238
214 308
216 222
216 247
216 278
217 304
219 235
219 258
219 266
219 279
221 231
221 271
221 283
221 302
223 232
223 233
223 250
223 266
223 309
225 232
226 232
226 236
226 241
226 299
226 309
227 239
228 233
228 239
228 272
228 278
228 283
228 302
228 313
231 266
232 233
232 256
232 266
232 279
232 309
233 284
233 290
234 236
234 255
234 259
234 266
234 279
234 309
235 242
235 247
235 267
236 292
238 283
239 241
239 264
240 261
241 243
241 274
241 286
243 288
243 304
245 247
245 309
246 266
246 286
246 292
252 311
253 261
254 266
255 280
255 304
260 311
262 264
262 268
266 277
266 286
267 315
268 314
274 288
276 284
277 279
279 286
279 301
282 290
288 299
