0 2
0 8
0 12
0 40
0 73
0 76
0 145
1 99
1 127
1 184
1 214
1 255
2 19
2 37
2 40
2 77
2 98
2 110
2 159
2 234
2 235
2 269
2 279
2 308
2 309
3 26
3 100
3 123
3 140
3 150
3 160
3 165
3 267
4 33
4 54
4 77
4 126
4 180
4 207
4 225
4 226
4 305
5 23
5 99
5 121
5 123
5 132
5 193
5 195
5 232
5 234
6 85
6 124
6 125
6 141
6 154
6 155
6 159
6 177
6 189
6 236
7 52
7 59
7 93
7 110
7 142
7 180
7 208
7 226
7 239
7 255
7 298
8 21
8 86
8 104
8 108
8 120
8 123
8 286
9 106
9 163
9 270
9 304
10 77
10 119
10 125
10 296
11 53
11 70
11 82
11 178
11 288
12 100
12 110
12 122
12 123
12 148
12 234
12 249
13 63
13 109
13 123
13 138
13 153
13 160
13 203
13 219
13 227
13 233
13 235
14 33
15 95
15 109
15 168
15 185
15 231
15 263
16 159
16 168
16 179
16 180
16 275
17 39
17 49
17 87
17 100
17 104
17 112
17 120
17 131
17 138
17 200
17 202
17 204
17 219
17 227
17 252
17 274
17 291
18 92
18 111
18 122
18 126
18 140
18 175
18 180
18 235
18 236
19 57
19 98
19 126
19 134
19 138
19 162
19 192
20 24
20 28
20 47
20 128
21 121
21 206
22 85
22 128
22 159
22 187
22 237
23 47
23 90
23 127
23 134
23 156
23 184
23 191
23 202
23 226
23 247
23 249
24 76
24 85
24 88
24 112
24 199
24 208
24 234
25 255
26 122
26 195
26 255
27 126
27 128
28 52
28 82
28 193
28 204
28 219
28 226
28 233
29 52
29 104
29 115
29 122
29 147
29 148
29 168
29 173
29 197
29 204
29 237
29 309
30 54
30 73
30 84
31 32
31 84
31 115
31 124
31 204
32 72
32 120
32 123
32 126
32 128
32 134
32 221
32 269
32 293
32 304
33 72
33 236
33 309
34 55
34 72
34 107
34 121
34 139
34 180
34 241
35 44
35 54
35 79
35 100
35 122
35 153
35 171
35 175
35 190
35 197
35 201
35 226
35 232
35 243
35 245
35 261
35 286
35 288
35 304
36 37
36 78
36 99
36 123
36 172
36 185
36 195
36 212
36 223
36 246
36 272
36 279
36 301
37 83
37 92
37 100
37 175
37 234
38 106
38 132
38 273
39 76
39 108
39 246
39 264
39 297
40 57
40 66
40 99
40 127
40 139
40 146
40 156
40 163
40 188
40 192
40 233
40 273
40 282
40 291
40 304
41 83
41 122
41 160
41 186
41 226
41 260
42 48
42 124
42 179
42 226
43 122
43 124
43 167
43 245
44 72
44 138
44 212
44 291
45 90
45 99
45 135
45 154
45 206
46 122
46 127
46 128
46 259
46 309
47 77
47 99
47 158
47 202
47 272
48 125
49 74
49 120
49 129
49 217
49 233
49 288
50 73
50 76
50 105
50 123
50 160
50 226
50 246
51 122
51 134
51 140
51 192
51 200
51 223
52 60
52 70
52 73
52 125
52 142
52 145
52 203
52 244
52 253
52 257
53 257
53 295
54 77
54 132
54 162
54 178
54 216
54 271
55 105
55 204
55 226
55 247
55 298
56 135
56 243
56 308
57 75
57 92
57 95
57 107
57 123
57 138
57 201
58 240
58 262
59 83
59 104
59 124
59 127
59 136
59 196
59 221
59 250
59 284
59 289
59 299
60 95
61 72
61 99
61 110
61 140
61 206
61 234
61 267
61 309
62 84
64 91
64 126
64 129
64 217
64 309
65 69
65 86
65 90
65 136
65 235
66 89
66 110
66 122
66 126
66 127
66 140
66 192
66 216
66 288
66 304
67 74
67 84
67 89
67 161
67 212
67 276
67 312
68 122
69 292
70 113
70 121
70 233
71 154
71 234
71 314
72 95
72 122
72 123
72 143
72 155
72 202
72 237
73 82
73 100
73 104
73 129
73 193
73 239
73 255
73 279
74 122
74 253
74 277
75 84
75 98
75 111
75 115
75 135
75 167
75 228
75 233
75 234
75 309
76 77
76 85
76 89
76 107
76 110
76 124
76 125
76 140
76 167
76 173
76 188
76 197
76 200
76 215
76 217
76 232
76 235
76 238
77 86
77 100
77 106
77 108
77 117
77 124
77 127
77 128
77 144
77 157
77 187
77 203
77 212
77 219
77 226
77 235
77 257
77 276
78 191
78 218
79 106
79 127
79 156
79 223
79 266
80 121
80 124
80 180
80 183
80 187
80 236
80 241
80 279
81 163
81 166
81 199
81 234
81 291
82 100
82 181
83 142
83 171
83 195
83 248
83 273
84 129
84 152
84 174
84 278
85 106
85 125
85 174
85 237
85 273
85 288
85 304
86 90
86 135
86 173
86 223
87 108
87 182
87 263
88 201
89 110
89 124
89 127
89 128
89 143
89 178
89 217
89 238
89 241
90 102
90 117
90 122
90 127
90 131
90 135
90 180
90 181
90 225
90 226
90 232
90 243
90 246
90 249
90 250
90 264
90 267
91 112
91 234
91 240
91 279
92 160
92 200
92 277
93 165
93 170
93 177
93 233
93 234
94 185
94 217
95 104
95 123
95 125
95 134
95 192
95 250
95 265
95 273
95 279
96 153
96 232
97 279
98 124
98 127
98 220
98 236
98 238
98 314
99 100
99 123
99 125
99 129
99 210
99 219
99 226
99 233
99 234
99 238
99 284
99 289
99 304
100 121
100 128
100 129
100 144
100 164
100 183
100 221
100 234
100 235
100 238
100 241
100 261
100 262
101 122
101 139
101 253
101 302
101 304
101 308
102 133
102 143
102 179
102 202
102 226
102 234
102 285
103 122
103 137
103 291
104 126
104 204
104 273
104 280
105 128
105 135
105 165
105 182
105 233
105 277
105 278
106 124
106 170
106 174
106 204
106 210
106 212
106 223
106 243
106 250
107 127
107 171
107 204
108 168
108 304
109 200
109 284
110 123
110 140
110 239
110 291
111 121
111 122
111 180
111 207
111 234
111 238
111 266
111 283
111 308
111 315
112 156
112 160
113 127
113 173
113 266
114 165
114 234
114 266
115 129
115 131
115 163
115 259
116 314
117 121
117 123
117 126
117 138
117 163
117 180
118 203
118 233
118 309
119 121
119 256
119 266
119 267
119 279
120 123
120 140
120 180
120 265
120 275
121 125
121 127
121 143
121 153
121 177
121 187
121 197
121 232
121 233
121 234
121 241
121 246
121 247
121 279
121 284
121 286
121 315
122 126
122 128
122 129
122 130
122 134
122 139
122 144
122 147
122 169
122 174
122 177
122 195
122 232
122 235
122 238
122 240
122 241
122 259
122 264
122 266
122 268
122 273
122 274
122 297
122 306
122 309
122 310
123 124
123 127
123 128
123 129
123 133
123 137
123 148
123 159
123 187
123 206
123 208
123 219
123 220
123 224
123 226
123 228
123 232
123 241
123 249
123 257
123 261
123 279
123 292
123 297
123 304
123 308
123 311
124 126
124 127
124 128
124 137
124 139
124 140
124 144
124 149
124 154
124 174
124 180
124 188
124 204
124 225
124 234
124 236
124 237
124 241
124 243
124 259
124 261
124 276
124 282
124 285
124 286
124 290
124 303
125 128
125 132
125 138
125 141
125 155
125 166
125 189
125 209
125 210
125 217
125 266
125 267
125 280
125 292
126 128
126 129
126 131
126 144
126 192
126 202
126 226
126 234
126 235
126 237
126 278
126 288
126 292
127 130
127 147
127 200
127 204
127 232
127 247
127 257
127 267
127 286
127 304
128 129
128 134
128 172
128 181
128 188
128 189
128 198
128 208
128 221
128 235
128 271
128 297
129 131
129 140
129 166
129 222
129 234
129 235
129 251
129 261
129 279
129 284
130 217
130 250
130 273
130 288
131 188
131 218
131 245
131 257
131 279
132 204
132 234
133 135
133 153
133 186
133 209
133 224
133 226
133 234
133 272
134 154
134 192
134 196
134 209
134 241
134 276
134 278
134 290
134 315
135 231
135 268
135 278
136 153
137 144
137 219
137 260
139 309
140 203
140 233
140 306
141 146
141 162
141 186
141 206
141 226
141 232
141 235
141 312
143 233
143 286
144 158
144 161
144 186
144 309
145 279
145 283
146 235
146 262
147 165
147 167
147 218
147 298
149 186
149 261
151 169
151 181
151 219
151 232
153 155
153 204
154 168
154 236
154 257
154 309
155 162
155 166
155 244
155 267
156 169
156 234
156 304
157 204
158 252
158 259
159 200
159 233
159 236
160 165
160 166
160 208
160 247
160 264
160 310
161 269
162 195
162 223
162 272
162 280
163 188
165 182
165 226
166 180
166 181
166 204
166 232
166 233
166 236
166 257
167 263
167 297
168 206
168 222
168 234
168 241
168 267
168 277
168 309
169 226
169 238
169 243
170 223
172 219
172 304
173 183
173 204
173 273
174 233
175 180
175 243
175 304
176 187
176 207
176 230
177 311
178 204
178 284
179 226
180 181
180 228
180 268
180 269
180 273
180 285
180 290
180 292
180 293
181 186
181 188
181 222
181 236
181 242
182 268
183 203
185 187
185 219
185 224
185 288
185 312
186 220
186 279
187 204
187 213
187 218
187 223
189 214
189 227
189 231
189 314
191 205
191 279
192 289
192 290
192 299
193 252
195 217
195 219
195 232
195 241
195 253
195 262
197 203
197 299
198 219
198 226
198 277
200 233
200 288
200 309
201 253
201 259
201 261
202 234
202 294
203 229
203 241
203 271
204 222
204 223
204 224
204 226
204 234
204 265
206 221
206 235
207 233
208 240
208 279
208 315
209 217
209 218
209 259
212 288
214 244
214 267
214 283
215 219
216 235
216 283
216 296
217 230
217 240
217 247
217 264
218 278
219 233
219 247
219 283
220 234
220 241
220 283
220 287
221 257
223 241
224 236
224 239
225 243
225 292
225 293
226 259
226 302
226 314
227 240
228 260
232 234
232 236
232 266
233 235
233 275
233 286
233 292
233 313
234 241
234 253
234 274
235 264
235 266
235 279
236 250
236 308
238 267
242 309
245 286
246 279
247 279
247 294
247 304
255 279
255 309
257 262
262 275
264 309
264 315
266 278
266 304
267 304
267 309
275 304
276 308
277 288
278 315
279 285
279 297
279 314
286 295
292 302
299 309
