0 40
0 112
0 114
0 133
1 188
1 202
1 252
2 41
2 52
2 90
2 121
2 124
2 127
2 135
2 139
2 226
2 265
2 288
3 40
3 51
3 55
3 180
3 198
3 204
3 271
3 299
4 77
4 90
4 120
4 122
4 123
4 126
4 127
4 166
4 174
4 218
4 220
4 223
4 232
4 234
4 255
4 265
5 23
5 62
5 76
5 99
5 103
5 121
5 123
5 125
5 126
5 136
5 180
5 209
5 223
5 235
5 247
5 263
5 281
5 312
6 12
6 18
6 41
6 100
6 114
6 122
6 130
6 134
6 224
6 257
7 28
7 56
7 91
7 100
7 117
7 124
7 126
7 128
7 158
7 182
7 232
7 236
7 264
7 270
7 307
8 46
8 112
8 143
8 204
9 40
9 75
10 36
10 40
10 43
10 56
10 62
10 99
10 100
10 123
10 124
10 128
10 136
10 163
10 169
10 222
11 166
11 215
11 266
12 35
12 147
12 168
12 228
12 279
12 314
13 38
13 68
13 93
13 126
13 193
14 40
14 51
14 84
14 92
14 206
14 239
15 84
15 100
15 128
16 18
16 32
16 77
16 80
16 124
16 127
16 128
16 149
16 181
16 254
16 276
17 20
17 38
17 85
17 128
17 134
17 174
17 193
17 233
17 288
18 37
18 96
18 100
18 134
18 180
18 233
18 279
18 309
18 311
19 43
19 135
19 221
20 76
20 95
20 141
20 171
20 215
20 216
20 217
20 296
21 110
21 127
21 210
22 96
22 103
22 207
22 216
22 279
23 55
23 86
23 122
23 204
23 206
23 211
23 234
23 266
23 314
24 55
24 123
24 126
24 168
24 191
24 195
24 200
24 234
24 241
24 250
24 273
24 276
25 130
25 140
25 238
26 93
26 101
26 124
26 203
26 300
27 126
27 128
27 144
27 287
28 109
28 112
28 124
28 126
28 127
28 133
28 141
28 151
28 174
28 193
28 228
29 36
29 111
29 126
29 223
29 265
29 267
29 268
30 54
30 155
30 179
30 309
31 32
31 226
31 284
32 36
32 122
32 175
32 279
33 107
34 90
34 96
34 105
34 120
34 128
34 293
34 300
35 37
35 95
35 104
35 121
35 122
35 124
35 233
35 252
35 260
35 261
35 263
35 276
35 303
36 71
36 75
36 104
36 117
36 124
36 125
36 160
36 226
36 233
37 56
37 60
37 128
37 174
37 188
37 195
38 66
38 95
38 223
38 228
38 309
39 42
39 120
39 121
39 280
40 55
40 91
40 123
40 129
40 160
40 219
40 228
40 234
40 235
40 282
41 57
41 66
41 83
41 95
41 99
41 121
41 125
41 212
41 233
41 236
41 243
42 88
42 110
42 124
42 125
42 128
42 202
42 203
42 287
43 51
43 86
43 127
43 292
43 298
44 75
44 90
44 100
44 123
44 127
44 195
44 258
45 124
46 100
46 217
47 286
48 127
48 221
48 271
49 96
49 125
49 190
49 217
49 306
49 309
50 127
50 134
50 206
50 211
50 309
51 52
51 126
51 134
51 212
51 229
51 234
51 271
51 312
52 88
52 124
52 174
52 223
52 298
53 113
53 125
53 142
53 206
53 277
53 280
54 77
54 80
54 149
54 160
54 163
54 174
54 280
55 70
55 174
56 70
56 120
56 132
56 157
56 158
56 185
56 193
56 259
56 304
57 79
57 83
57 123
57 166
58 127
58 134
58 187
59 85
59 93
59 121
59 123
59 157
59 204
59 212
59 234
60 266
61 91
61 124
61 128
61 134
61 152
61 167
62 77
62 225
63 127
63 173
63 232
63 298
64 126
64 279
64 288
65 122
65 134
65 163
66 121
66 123
66 186
66 232
66 264
66 266
66 308
67 73
67 76
67 106
67 112
67 122
67 226
68 315
69 99
69 189
70 121
70 154
70 221
70 232
70 233
72 120
72 124
72 125
72 186
72 293
73 76
73 81
73 85
73 163
73 189
73 280
74 159
74 165
74 166
74 201
74 234
74 299
75 90
75 122
75 157
75 204
75 237
75 238
75 246
75 288
76 105
76 124
76 129
76 158
76 174
76 182
76 204
76 213
76 219
76 236
76 271
76 274
77 124
77 127
77 128
77 129
77 160
77 162
77 180
77 189
77 222
77 254
77 301
77 309
78 90
78 180
79 111
79 124
80 97
80 122
80 124
80 128
80 134
80 139
80 185
80 234
80 291
80 304
81 92
81 99
81 121
81 129
81 206
81 219
81 259
82 124
82 160
82 266
83 125
83 158
83 180
83 195
83 212
83 279
83 309
83 314
84 104
84 121
84 142
84 182
84 268
85 115
85 125
85 143
85 216
85 219
85 234
85 236
85 241
85 303
86 100
86 121
86 126
86 137
86 224
86 285
86 299
87 121
87 125
87 163
87 243
88 111
88 216
89 100
89 102
89 107
89 121
89 138
89 160
89 237
89 243
90 121
90 127
90 128
90 139
90 170
90 203
90 219
90 232
90 276
90 278
90 304
91 95
91 97
91 128
91 202
92 106
93 202
94 97
94 235
95 162
95 189
95 243
96 204
96 215
97 124
97 245
97 299
97 304
98 104
98 176
98 265
98 304
99 106
99 115
99 121
99 122
99 123
99 127
99 131
99 133
99 154
99 166
99 167
99 187
99 189
99 223
99 226
99 233
99 234
99 241
99 245
99 247
99 257
99 275
99 298
99 313
100 106
100 108
100 110
100 111
100 154
100 187
100 198
100 206
100 223
100 231
100 234
100 235
100 236
100 265
100 273
100 292
101 124
101 157
101 229
102 265
102 279
103 209
103 288
103 308
104 134
104 235
104 247
104 309
105 121
105 172
105 236
106 126
106 142
106 144
106 160
106 204
106 292
106 298
107 110
107 164
107 179
108 121
108 122
108 133
108 185
109 207
110 124
110 158
110 227
110 247
111 115
111 122
111 123
111 126
111 134
111 144
112 189
112 211
112 214
112 286
113 121
113 125
113 234
113 257
113 266
114 286
115 123
115 162
115 279
115 291
116 128
117 125
117 126
117 188
117 233
117 245
119 211
119 231
119 234
119 252
120 186
120 241
121 122
121 125
121 128
121 129
121 132
121 139
121 180
121 202
121 203
121 219
121 221
121 226
121 238
121 255
121 267
121 270
121 279
121 290
121 309
122 123
122 127
122 128
122 136
122 151
122 156
122 186
122 200
122 206
122 208
122 210
122 215
122 217
122 226
122 231
122 232
122 246
122 253
122 260
122 302
123 124
123 128
123 190
123 200
123 209
123 218
123 219
123 223
123 232
123 235
123 264
124 125
124 137
124 139
124 157
124 158
124 216
124 217
124 220
124 226
124 234
124 261
124 266
124 274
124 277
124 286
124 292
124 309
125 128
125 129
125 131
125 140
125 151
125 159
125 162
125 164
125 193
125 202
125 208
125 209
125 220
125 232
125 233
125 257
125 279
125 283
125 288
125 309
125 310
126 130
126 134
126 138
126 140
126 160
126 189
126 195
126 203
126 212
126 217
126 218
126 231
126 233
126 243
126 267
126 314
127 137
127 140
127 160
127 169
127 189
127 228
127 230
127 232
127 233
127 246
127 277
127 313
128 151
128 176
128 195
128 197
128 200
128 202
128 204
128 206
128 226
128 232
128 255
128 309
129 147
129 156
129 161
129 186
129 191
129 225
129 241
129 271
129 275
130 162
130 233
130 285
130 308
132 137
132 158
132 304
133 268
133 313
134 136
134 171
134 183
134 199
134 204
134 226
134 232
134 233
134 239
134 258
134 276
135 179
135 180
135 233
135 305
136 160
136 170
136 189
136 273
137 166
137 185
137 202
137 217
137 254
137 315
138 261
139 143
139 155
139 189
139 304
140 145
140 188
140 257
141 183
141 201
142 178
142 234
142 276
143 185
143 228
143 247
143 309
144 220
144 239
144 279
145 160
145 168
145 266
147 151
147 165
147 168
147 182
147 186
148 198
149 234
149 305
151 155
152 232
152 255
153 157
153 297
154 177
154 191
154 199
154 275
155 173
155 249
155 268
156 235
156 241
157 204
158 206
158 233
158 268
158 269
158 274
159 262
159 276
159 312
160 167
160 209
160 236
160 255
160 267
160 270
161 249
162 232
162 304
163 165
163 204
163 208
163 219
163 235
163 237
163 263
163 279
163 294
163 304
163 309
164 210
166 175
166 176
166 209
166 239
167 264
167 277
167 304
168 186
168 233
168 235
168 241
168 257
168 309
169 222
170 182
170 234
170 259
172 185
173 198
173 242
173 264
174 222
174 232
174 294
174 299
175 225
176 232
176 238
176 299
177 234
177 262
178 260
179 253
179 261
180 197
180 201
180 212
180 235
180 272
180 288
180 313
181 309
182 187
182 243
182 299
183 235
183 309
185 187
185 258
186 253
186 264
187 216
187 217
187 233
187 234
188 196
189 224
189 239
189 253
189 268
190 194
190 206
190 280
190 309
191 204
192 233
192 277
193 207
194 197
194 234
194 239
195 204
195 234
195 237
195 286
196 203
196 249
196 291
196 309
197 234
199 224
200 223
200 232
200 237
200 279
200 287
201 214
201 223
201 226
201 232
201 235
201 283
202 208
204 218
204 235
204 237
204 240
204 241
204 266
204 299
205 207
206 220
206 234
206 235
206 275
208 304
209 233
209 236
213 233
213 261
216 223
216 225
216 238
216 304
218 271
219 232
219 253
219 257
219 304
221 234
223 266
223 309
224 264
224 278
224 289
226 231
226 232
226 234
226 249
226 250
226 259
226 266
226 278
226 292
227 235
228 257
228 298
232 233
232 241
232 247
232 249
232 275
233 236
233 241
233 298
233 309
233 313
234 255
234 258
234 304
235 241
235 245
235 251
235 253
235 265
235 273
235 288
235 296
235 302
235 304
236 279
236 287
238 259
238 280
241 243
241 276
242 305
243 292
246 277
246 297
247 288
249 298
249 311
250 254
252 268
253 275
255 261
255 266
258 263
259 304
260 265
268 279
282 314
286 309
294 309
297 309
304 307
