0 27
0 95
0 163
1 99
1 254
1 273
2 17
2 114
2 121
2 164
2 182
2 183
2 205
2 214
2 221
2 222
2 232
2 315
3 29
3 54
3 67
3 70
3 85
3 99
3 127
3 178
3 189
3 226
3 272
3 315
4 5
4 80
4 99
4 104
4 137
4 147
4 151
4 176
4 200
4 266
4 302
5 6
5 35
5 59
5 75
5 103
5 107
5 122
5 124
5 126
5 180
5 191
5 216
5 218
5 251
5 313
6 95
6 121
6 172
6 223
6 238
6 268
6 279
6 292
7 10
7 14
7 28
7 31
7 34
7 84
7 121
7 126
7 138
7 201
7 219
7 257
8 33
8 244
9 13
9 71
9 75
9 106
9 162
9 233
9 253
10 74
10 79
10 85
10 100
10 107
10 117
10 161
10 188
10 226
10 232
10 238
10 309
11 32
11 85
11 139
11 203
11 266
12 36
12 57
12 76
12 85
12 96
12 122
12 124
12 219
12 225
12 226
12 234
12 235
13 17
13 42
13 101
13 108
13 128
13 218
13 221
13 233
13 263
13 267
14 28
14 80
14 110
14 180
14 203
14 204
14 236
14 246
15 76
15 122
15 131
15 150
16 35
16 55
16 88
16 121
16 125
16 204
17 29
17 34
17 49
17 125
17 189
17 234
17 288
17 298
17 315
18 40
18 118
18 125
18 136
18 158
18 195
18 204
19 41
19 77
19 113
19 128
19 275
20 40
20 64
20 67
20 128
20 151
20 219
20 232
20 237
20 240
20 259
21 40
21 55
21 99
21 233
21 293
22 32
22 41
22 200
22 216
22 239
22 267
22 295
22 309
23 93
23 100
23 122
23 124
23 125
23 206
23 217
23 228
23 262
23 304
23 311
24 72
24 77
24 140
24 163
24 174
24 183
24 225
24 245
25 40
26 90
26 123
27 36
27 131
28 70
28 99
28 125
28 144
28 171
28 264
28 280
28 305
29 124
29 125
29 163
29 253
29 264
29 273
29 279
29 314
30 35
30 90
30 203
30 288
31 35
31 56
31 90
31 122
31 124
31 197
31 232
31 253
31 298
32 73
32 90
32 121
32 128
32 134
32 189
32 201
32 233
33 125
34 60
34 205
34 276
34 304
35 43
35 77
35 87
35 100
35 105
35 123
35 189
35 197
35 207
35 234
35 235
35 238
35 289
35 296
35 304
35 309
36 39
36 53
36 89
36 144
36 173
36 175
36 189
36 201
36 208
36 223
36 224
36 236
36 249
36 279
36 292
37 55
37 110
37 121
37 128
37 182
37 227
38 162
38 180
38 210
38 291
39 90
39 100
39 105
39 123
39 125
39 128
39 133
39 163
39 204
39 235
39 308
40 43
40 72
40 82
40 85
40 89
40 110
40 126
40 173
40 256
40 281
40 294
41 57
41 111
41 125
41 127
41 234
41 235
41 272
42 72
42 121
42 126
42 134
42 143
42 207
42 235
42 266
43 52
43 134
43 204
43 210
43 296
44 62
44 85
44 134
44 230
45 128
45 241
45 275
46 99
46 155
46 160
47 259
47 309
48 137
48 233
48 234
48 264
48 266
49 110
49 126
49 128
49 129
49 158
49 233
50 100
50 163
51 82
51 124
51 143
51 236
51 264
52 62
52 117
52 121
52 143
52 183
52 193
52 232
52 261
52 306
53 75
53 259
54 145
54 204
54 267
55 80
55 89
55 122
55 180
55 219
55 279
56 90
56 104
56 151
56 178
56 226
56 233
56 242
56 259
57 59
57 76
57 82
57 90
57 121
57 151
57 241
57 249
57 257
58 134
58 163
58 184
59 72
59 101
59 102
59 124
59 182
59 285
60 139
60 154
60 169
61 115
61 134
61 171
61 194
61 243
61 280
62 100
62 123
62 128
62 139
62 164
62 181
62 201
62 286
64 235
64 258
65 123
65 126
65 170
65 309
66 153
66 219
66 233
66 275
67 77
67 99
67 110
67 166
67 207
67 223
68 106
68 127
68 147
68 163
69 125
69 195
70 139
70 144
70 264
70 306
71 100
71 226
72 77
72 85
72 93
72 161
72 183
72 234
72 280
73 85
73 101
73 122
73 149
73 174
73 185
73 187
73 226
73 238
73 250
73 310
74 109
74 123
74 127
74 134
74 160
74 185
74 288
75 123
75 180
75 181
75 282
76 106
76 122
76 129
76 173
76 182
76 186
76 212
76 216
76 257
76 279
76 282
76 312
77 89
77 90
77 122
77 183
77 185
77 197
77 214
77 219
77 222
77 224
77 246
78 122
78 186
79 85
79 189
79 206
80 129
80 185
80 188
80 226
80 235
80 238
80 309
81 121
81 265
82 124
82 140
82 143
82 221
82 304
83 107
83 110
83 129
83 213
83 280
84 110
84 121
84 143
84 214
84 221
84 305
84 309
85 121
85 123
85 201
85 218
85 279
85 307
85 314
86 93
86 100
86 127
86 189
86 265
86 271
86 307
86 313
87 201
87 224
88 102
88 129
88 151
88 219
88 224
89 100
89 110
89 140
89 141
89 163
89 168
89 171
89 187
89 198
89 226
89 231
89 233
89 311
90 96
90 105
90 111
90 125
90 126
90 127
90 140
90 142
90 206
90 216
90 260
90 268
90 271
90 313
91 125
92 127
93 125
93 153
93 222
93 265
95 121
95 124
95 133
95 135
95 165
95 168
95 192
95 209
95 255
95 265
95 304
96 145
96 155
96 220
97 121
97 129
98 100
98 206
98 226
98 236
98 237
98 241
98 313
99 116
99 121
99 134
99 158
99 173
99 187
99 208
99 212
99 215
99 226
99 232
99 233
99 240
99 259
100 123
100 129
100 140
100 153
100 163
100 173
100 179
100 202
100 224
100 233
100 246
100 279
101 125
101 266
102 160
102 255
102 273
103 123
103 129
103 219
103 220
103 228
103 243
104 199
104 252
104 276
105 119
105 148
105 227
105 234
106 117
106 122
106 123
106 125
106 221
106 250
107 128
107 154
108 123
108 143
108 169
109 127
109 163
109 239
110 126
110 194
110 285
111 117
111 127
111 162
111 170
111 206
111 244
111 274
111 286
111 309
112 117
112 133
112 235
112 280
113 122
114 209
114 287
114 313
115 121
115 134
115 304
116 218
117 125
117 139
117 149
117 155
117 182
117 204
117 275
119 141
119 200
120 122
120 187
120 232
121 122
121 128
121 133
121 134
121 139
121 155
121 173
121 180
121 193
121 204
121 217
121 218
121 219
121 226
121 261
121 292
121 293
121 313
122 125
122 127
122 133
122 135
122 138
122 147
122 162
122 163
122 165
122 166
122 181
122 200
122 202
122 222
122 227
122 232
122 234
122 235
122 236
122 249
122 252
122 279
123 124
123 139
123 165
123 176
123 187
123 208
123 210
123 216
123 225
123 241
123 273
123 275
123 277
123 279
123 311
123 315
124 127
124 130
124 137
124 149
124 154
124 158
124 180
124 191
124 202
124 208
124 254
124 262
124 264
124 273
124 288
124 301
125 127
125 129
125 142
125 144
125 149
125 160
125 178
125 199
125 202
125 204
125 205
125 214
125 215
125 217
125 219
125 220
125 224
125 232
125 233
125 237
125 257
125 261
125 279
125 288
125 294
125 308
126 127
126 131
126 163
126 199
126 222
126 229
126 250
126 252
126 253
126 275
126 279
126 293
126 309
127 128
127 142
127 156
127 171
127 172
127 176
127 183
127 193
127 200
127 204
127 206
127 223
127 243
127 261
127 271
127 294
127 314
128 164
128 180
128 181
128 198
128 201
128 221
128 265
128 271
128 286
128 304
129 135
129 145
129 149
129 180
129 197
129 212
129 219
129 232
129 233
129 235
129 236
129 238
129 243
129 279
129 292
129 307
130 267
130 280
131 270
131 304
132 149
132 151
132 158
132 181
132 226
132 267
133 284
134 141
134 160
134 196
134 201
134 238
134 286
134 291
134 293
135 140
136 309
137 209
137 220
137 252
137 264
137 293
137 313
139 162
139 221
140 215
140 240
140 296
140 309
141 206
142 170
143 147
144 309
145 175
146 163
146 174
146 201
146 240
147 192
147 234
148 237
149 258
150 187
150 234
151 206
151 232
151 264
151 286
152 192
152 241
153 222
153 291
154 174
154 208
154 212
154 232
155 159
155 185
155 235
155 273
156 235
156 279
157 204
157 266
157 292
158 232
158 259
158 297
160 233
160 241
160 247
160 266
160 286
161 256
162 164
162 173
162 176
162 199
163 168
163 220
163 222
163 233
163 235
164 188
164 189
165 166
165 208
165 235
165 265
165 296
166 232
166 233
166 265
166 278
167 188
167 260
168 193
168 218
168 288
169 189
169 204
169 234
169 257
169 280
169 284
170 180
170 271
172 234
173 219
173 241
173 267
173 270
174 197
174 280
175 189
175 266
176 206
176 246
177 201
177 206
177 246
177 279
177 299
178 232
178 240
178 243
179 213
180 201
180 207
180 257
180 266
180 270
181 233
182 213
182 280
183 198
183 253
185 201
185 206
185 209
185 296
186 236
188 235
188 280
188 286
188 304
189 195
189 204
189 246
189 280
192 212
192 214
192 291
193 241
194 212
194 241
195 209
195 232
195 266
195 289
196 236
197 249
199 202
199 224
199 233
201 210
201 265
202 210
202 212
202 232
202 233
202 275
203 206
203 234
203 296
204 232
204 273
204 280
205 207
206 241
206 266
206 309
207 242
207 273
208 272
209 264
209 304
211 233
212 232
212 234
212 237
214 267
214 304
215 232
215 241
215 250
215 259
215 286
217 234
218 226
218 261
219 243
219 288
219 292
220 274
221 235
221 241
221 260
221 286
223 292
224 246
226 228
226 241
226 273
226 288
227 241
227 296
228 276
229 278
231 273
232 234
232 261
232 266
232 271
232 280
232 282
232 308
233 243
233 246
233 264
233 278
233 292
233 301
233 304
233 309
234 236
234 240
234 286
234 287
235 264
235 272
235 282
237 239
237 313
238 252
239 265
239 286
241 267
241 315
246 305
246 309
246 313
247 305
252 286
253 273
255 303
256 262
259 263
260 285
261 286
263 266
266 292
267 271
267 283
268 283
268 309
271 294
275 299
277 279
277 309
279 286
282 309
286 301
289 314
293 296
309 312
311 314
