0 4
0 224
0 304
0 307
1 228
1 231
1 309
2 6
2 60
2 98
2 99
2 123
2 133
2 141
2 226
2 246
3 128
3 232
3 236
3 264
4 27
4 110
4 111
4 127
4 198
4 233
4 238
4 255
4 258
4 276
4 309
5 57
5 85
5 90
5 99
5 107
5 119
5 125
5 126
5 128
5 188
5 191
5 195
5 237
5 282
5 304
6 12
6 27
6 104
6 106
6 108
6 124
6 125
6 140
6 188
6 195
7 49
7 86
7 89
7 110
7 112
7 167
7 181
7 183
7 232
8 100
8 125
8 208
9 90
9 122
9 129
9 166
9 168
9 260
9 312
10 12
10 23
10 27
10 54
10 106
10 113
10 121
10 122
10 123
10 127
10 141
10 148
10 266
11 16
11 54
11 75
11 77
11 134
11 212
11 235
11 275
12 49
12 52
12 119
12 128
12 143
12 181
12 183
12 192
12 199
12 234
13 65
13 81
13 95
13 105
13 115
13 124
13 127
13 128
13 134
13 139
13 168
13 221
13 264
13 271
13 299
14 33
14 51
14 215
14 226
15 104
16 75
16 90
16 122
16 123
16 134
16 164
17 18
17 20
17 35
17 89
17 122
17 125
17 180
18 90
18 103
18 123
18 162
18 173
18 220
18 233
18 249
18 314
19 127
19 133
19 246
20 33
20 106
20 112
20 122
20 145
20 167
20 168
20 252
20 279
21 236
21 246
22 71
22 125
22 158
22 217
22 232
22 246
22 304
23 217
23 219
23 233
24 35
24 115
24 121
24 127
24 267
24 292
26 121
26 195
26 280
27 168
27 178
27 194
27 217
27 311
28 74
28 89
28 108
28 121
28 122
28 124
28 135
28 164
28 189
28 266
28 271
29 32
29 35
29 54
29 100
29 122
29 123
29 151
29 171
29 191
29 304
30 127
30 221
30 235
30 263
31 54
31 62
31 79
31 102
31 151
32 92
32 120
32 175
32 287
32 307
33 129
33 133
33 309
34 113
34 124
34 129
34 203
34 208
34 225
34 233
34 237
34 251
35 48
35 68
35 77
35 90
35 96
35 119
35 122
35 124
35 126
35 127
35 129
35 159
35 160
35 233
36 66
36 83
36 88
36 104
36 125
36 148
36 154
36 155
36 214
36 219
36 257
36 266
37 99
37 138
37 149
37 180
37 182
37 239
38 77
38 107
38 212
38 219
39 76
39 118
39 151
39 206
39 238
39 246
40 59
40 79
40 108
40 127
40 139
40 193
40 232
40 259
40 301
41 54
41 71
41 92
41 107
41 117
41 123
41 157
41 286
42 104
42 126
42 131
42 142
42 171
42 208
42 226
42 228
42 231
42 235
42 241
42 253
42 259
43 122
43 158
43 222
43 227
43 233
44 47
44 89
44 100
44 185
44 204
44 304
45 98
45 104
45 247
45 301
46 129
47 74
47 83
47 139
47 292
48 122
49 61
49 100
49 120
49 123
49 127
49 145
49 184
49 223
49 276
51 56
51 78
51 80
51 103
51 145
51 189
51 236
51 263
52 55
52 76
52 80
52 100
52 106
52 124
52 143
52 165
52 235
52 252
52 280
53 103
53 123
53 142
53 159
53 161
53 162
54 80
54 168
54 233
54 237
54 283
54 299
55 123
55 135
55 202
55 220
55 223
55 285
55 313
56 189
56 200
56 233
56 245
56 271
57 90
57 128
57 143
57 299
58 85
58 122
58 160
58 202
58 216
59 99
59 211
59 227
59 264
59 271
60 233
60 283
61 67
61 127
61 219
61 258
61 312
62 78
62 100
62 121
62 149
62 171
62 184
62 205
62 224
62 283
63 125
63 182
64 89
64 100
65 74
65 119
65 253
65 309
66 111
66 117
66 124
66 199
66 307
67 79
67 102
67 132
67 156
67 162
67 182
67 195
67 202
67 216
67 235
67 250
68 81
68 122
68 196
68 214
68 232
69 75
69 95
69 153
69 305
70 123
70 126
71 75
71 204
72 75
72 177
72 259
72 273
73 124
73 164
73 165
73 166
73 204
73 223
73 231
73 260
73 266
73 269
73 302
73 311
74 235
74 283
74 298
75 95
75 122
75 165
75 207
75 212
75 236
75 293
75 307
76 97
76 104
76 110
76 111
76 131
76 135
76 161
76 209
76 219
76 223
76 259
77 108
77 121
77 123
77 124
77 128
77 173
77 186
77 195
77 198
77 201
77 203
77 204
77 226
77 230
77 257
77 303
79 124
79 176
80 88
80 123
80 159
81 122
81 127
81 148
82 217
82 288
83 197
83 235
84 86
84 122
84 187
84 201
84 264
85 123
85 129
85 140
85 158
85 174
85 293
85 299
86 161
86 166
86 186
87 127
87 169
87 193
87 202
88 227
88 264
89 127
89 223
89 234
89 306
90 100
90 105
90 107
90 110
90 125
90 127
90 153
90 171
90 198
90 201
90 224
90 226
90 232
90 243
90 303
90 307
91 122
92 121
92 235
93 155
93 172
93 235
94 126
94 127
95 162
95 201
95 302
96 219
96 233
96 301
97 139
97 158
97 203
97 235
97 261
98 127
98 185
98 235
98 243
98 255
98 294
98 314
99 106
99 126
99 149
99 157
99 167
99 180
99 200
99 203
99 209
99 221
99 232
99 233
99 244
99 246
99 269
99 276
99 278
99 309
100 117
100 124
100 152
100 155
100 168
100 192
100 206
100 217
100 219
100 226
100 232
100 234
100 235
100 239
100 240
100 243
100 279
100 282
100 286
100 305
100 315
101 134
101 259
102 161
102 189
102 204
103 124
104 128
104 133
104 165
104 249
105 123
105 127
105 142
105 218
105 225
105 259
106 122
106 149
106 167
106 210
107 125
107 129
107 177
107 191
107 290
108 128
108 196
108 309
109 118
109 229
109 296
110 122
110 123
110 128
110 147
110 206
111 185
111 268
112 123
112 167
112 174
112 309
112 310
113 124
113 133
113 204
113 219
114 173
114 218
115 124
115 166
115 263
115 280
116 168
116 309
117 128
117 131
117 163
117 165
117 169
117 226
118 204
119 133
120 121
120 124
120 212
120 286
121 122
121 127
121 128
121 129
121 135
121 137
121 160
121 177
121 185
121 193
121 197
121 204
121 207
121 212
121 222
121 232
121 238
121 255
121 271
121 273
121 278
122 125
122 131
122 139
122 140
122 173
122 181
122 183
122 187
122 199
122 204
122 219
122 220
122 246
122 258
122 264
122 267
122 272
122 278
122 285
122 309
123 125
123 128
123 174
123 187
123 201
123 219
123 241
123 247
123 252
123 271
123 273
123 277
123 286
123 288
123 308
124 128
124 168
124 176
124 200
124 204
124 207
124 215
124 220
124 232
124 233
124 253
124 276
124 307
125 128
125 147
125 148
125 160
125 168
125 175
125 185
125 188
125 193
125 214
125 219
125 224
125 226
125 232
125 297
125 315
126 143
126 161
126 168
126 180
126 186
126 189
126 198
126 210
126 226
126 228
126 238
126 257
126 258
126 278
126 288
126 315
127 162
127 195
127 212
127 219
127 234
127 253
127 264
127 278
127 284
127 286
127 299
127 302
127 304
127 313
128 140
128 159
128 220
128 222
128 226
128 235
128 297
129 131
129 134
129 139
129 141
129 165
129 168
129 198
129 204
129 206
129 217
129 218
129 261
129 265
129 267
129 272
129 277
129 285
129 303
129 310
130 161
130 241
130 276
131 206
132 177
132 223
132 258
134 155
134 191
134 193
134 235
134 265
134 276
134 304
135 140
135 163
135 204
135 226
135 233
135 237
135 246
135 277
135 314
136 279
136 290
137 250
137 298
138 232
138 292
139 198
139 200
139 212
139 233
139 270
140 156
140 159
140 171
140 232
140 245
140 278
141 160
141 218
141 225
141 277
141 313
142 297
143 174
144 182
145 275
146 202
146 266
146 278
147 174
147 219
147 238
148 180
149 180
149 185
149 207
150 247
151 259
152 238
152 271
152 299
153 163
153 211
153 245
153 266
154 172
154 234
154 290
155 234
155 235
155 238
157 210
157 219
157 225
157 235
157 297
158 168
158 221
158 249
158 264
158 266
158 272
158 304
159 272
159 288
160 171
160 221
160 234
160 252
160 265
160 279
160 309
162 204
163 232
163 294
164 234
165 166
165 196
165 216
165 222
165 247
166 241
166 265
167 201
167 228
168 201
168 216
168 220
168 232
168 286
169 232
169 299
170 221
170 258
171 209
171 274
172 174
172 201
173 219
173 233
173 271
174 212
174 221
175 252
176 181
176 201
176 235
176 271
176 273
176 296
177 286
178 236
180 204
180 217
180 246
180 266
181 282
182 197
182 271
183 241
183 276
185 233
185 304
185 308
186 301
187 193
187 271
188 199
188 237
188 288
189 191
189 200
189 220
189 235
189 283
190 219
190 239
190 274
192 234
192 279
192 313
193 215
193 226
194 266
195 226
195 232
195 233
195 296
196 268
197 241
197 267
197 272
198 253
199 275
199 279
200 244
200 279
201 216
201 223
201 232
201 296
201 299
202 225
202 233
202 241
204 217
204 228
204 236
204 250
204 253
204 292
206 223
206 235
207 232
207 305
208 234
209 232
209 293
210 221
212 233
212 283
213 228
214 221
216 223
216 266
216 287
218 220
218 246
218 271
219 234
219 275
219 292
220 234
220 253
220 313
221 283
222 237
223 234
223 252
223 314
223 315
224 247
224 252
224 263
224 314
225 234
225 253
226 236
226 240
226 253
226 266
226 269
226 296
226 309
226 311
227 231
228 232
230 260
232 258
232 264
232 278
233 235
233 243
233 250
233 302
234 265
234 278
234 279
235 241
235 254
235 291
238 252
238 264
241 266
241 275
246 313
247 279
249 267
249 288
253 314
254 280
256 308
257 267
257 300
258 304
259 264
264 271
264 299
264 313
265 266
266 309
268 311
273 302
277 309
280 288
292 302
296 299
304 314
