0 105
0 121
0 128
0 151
0 160
0 198
0 313
1 245
1 257
2 6
2 20
2 71
2 109
2 127
2 130
2 142
2 223
2 236
3 90
3 128
3 201
3 220
3 241
3 252
4 18
4 31
4 106
4 120
4 126
4 144
4 197
4 235
4 286
5 24
5 54
5 85
5 111
5 117
5 119
5 127
5 140
5 160
5 192
5 233
5 235
5 241
5 267
5 292
6 112
6 130
6 140
6 221
6 226
6 231
6 239
6 280
7 37
7 49
7 116
7 117
7 148
7 168
7 171
7 219
7 232
8 169
8 224
8 253
9 52
9 73
9 89
9 124
9 128
9 224
9 315
10 15
10 25
10 77
10 85
10 91
10 99
10 121
10 169
10 171
10 173
10 206
10 233
10 260
10 275
10 292
11 105
11 123
11 219
12 38
12 58
12 75
12 122
12 124
12 204
12 226
12 246
12 267
12 292
13 84
13 117
13 131
13 134
13 143
13 235
13 238
13 254
13 256
14 32
14 36
14 95
14 122
14 124
14 194
15 51
15 81
15 123
16 168
16 186
16 219
17 41
17 56
17 99
17 117
17 124
17 128
17 158
17 200
17 202
17 233
17 253
17 288
17 309
18 61
18 86
18 90
18 177
18 181
18 235
18 265
20 54
20 68
20 121
20 122
20 127
20 215
20 230
20 252
20 309
21 144
21 173
21 235
22 40
22 59
22 134
22 264
22 298
23 37
23 57
23 166
23 207
23 215
23 219
23 226
23 271
23 282
23 304
24 38
24 87
24 125
24 160
24 162
24 217
24 226
24 271
26 80
26 105
26 219
26 265
26 304
26 308
27 72
27 95
27 124
27 154
27 182
27 216
27 226
27 232
27 271
28 33
28 59
28 76
28 93
28 105
28 121
28 128
28 133
28 137
28 188
28 195
28 245
29 65
29 76
29 189
29 196
29 241
29 294
30 36
30 90
30 102
30 105
30 184
31 52
31 60
31 233
31 288
32 44
32 54
32 78
32 123
32 235
33 57
33 206
33 259
34 99
34 124
34 159
34 176
34 183
34 195
34 220
35 104
35 122
35 123
35 125
35 128
35 129
35 140
35 157
35 168
35 198
35 199
35 214
35 222
35 231
35 257
35 279
35 299
35 309
36 39
36 110
36 123
36 143
36 144
36 154
36 226
36 235
36 268
36 274
36 280
37 41
37 56
37 123
37 125
37 128
37 188
37 276
38 86
39 86
39 113
39 141
39 150
39 157
39 163
39 195
39 210
39 255
40 74
40 111
40 112
40 123
40 124
40 164
40 167
40 189
40 204
40 309
40 311
41 77
41 127
41 136
41 183
41 202
41 249
41 265
42 59
42 76
42 90
42 121
42 126
42 131
42 152
42 169
42 173
42 208
42 233
42 239
42 283
43 259
44 51
44 121
44 195
44 243
45 59
45 204
45 240
45 279
46 129
46 160
47 77
47 233
48 80
48 213
49 73
49 99
49 187
50 166
50 220
51 62
51 98
51 122
51 141
51 165
51 209
51 215
51 245
51 266
51 273
51 277
52 67
52 90
52 121
52 128
52 132
52 173
52 175
52 201
52 204
52 274
53 96
53 279
54 59
54 100
54 107
54 123
54 146
54 195
54 233
54 241
54 259
55 66
55 122
55 204
55 232
55 307
56 115
56 263
56 304
56 309
57 127
57 202
58 143
58 172
58 189
59 77
59 78
59 80
59 125
59 127
59 162
59 171
59 174
59 177
59 180
59 210
59 279
60 124
60 135
60 241
61 74
61 113
61 124
61 182
61 189
61 204
61 241
61 249
61 253
62 125
62 127
62 160
62 215
63 66
63 126
64 110
64 131
65 128
65 129
66 125
66 185
66 222
66 235
66 267
66 279
67 83
67 200
67 259
68 121
68 206
68 246
68 292
69 85
69 306
70 129
70 155
71 77
71 98
71 232
72 81
72 108
72 109
72 110
72 141
72 151
72 160
72 166
72 189
72 201
72 219
73 129
73 134
73 236
73 257
73 264
74 152
75 98
75 139
75 165
75 171
75 174
75 193
75 232
75 309
76 100
76 107
76 124
76 126
76 130
76 140
76 153
76 156
76 158
76 166
76 173
76 195
76 198
76 210
76 226
76 232
76 233
76 252
76 295
76 298
76 302
77 78
77 91
77 119
77 121
77 123
77 124
77 156
77 174
77 179
77 200
77 212
77 217
77 226
77 236
77 238
77 258
77 263
77 279
78 232
78 273
80 173
80 223
80 235
80 246
81 107
81 125
81 163
81 168
81 216
81 241
81 247
82 296
83 95
83 101
83 121
83 124
83 127
83 160
83 206
83 260
83 276
84 95
84 98
84 99
84 128
84 195
84 201
85 87
85 90
85 104
85 129
85 164
85 208
85 226
86 94
86 269
86 286
87 123
87 220
87 226
87 282
87 299
88 114
88 142
88 232
88 238
89 97
89 126
89 160
89 185
89 197
89 232
89 255
90 100
90 123
90 126
90 128
90 135
90 168
90 175
90 250
90 264
90 276
90 296
90 299
90 308
90 309
91 239
92 158
92 168
92 221
92 306
93 121
93 216
95 178
95 247
95 257
95 277
96 121
96 199
96 309
97 204
97 222
97 234
97 259
97 277
98 124
98 204
98 220
98 307
98 309
99 121
99 132
99 134
99 143
99 171
99 223
99 226
99 232
99 238
99 252
99 273
99 279
100 123
100 127
100 152
100 159
100 181
100 221
100 232
100 262
100 275
100 292
100 299
101 125
102 173
102 178
102 204
102 268
103 126
103 127
103 129
104 106
104 120
104 129
104 142
104 199
104 233
104 250
105 136
105 151
105 189
105 217
105 300
106 124
106 134
106 154
106 160
106 166
106 226
106 231
106 232
107 110
108 126
108 167
108 204
108 217
108 313
109 129
109 135
109 145
109 158
109 189
109 226
110 123
110 124
110 151
110 168
110 181
110 204
110 246
110 288
111 125
111 140
111 155
111 162
111 180
111 191
111 226
112 174
112 183
112 188
112 238
112 264
112 311
113 144
114 305
115 120
115 125
115 126
115 135
115 151
115 241
116 121
116 286
116 309
117 122
117 125
117 126
117 168
117 217
117 234
117 254
117 259
119 307
119 314
120 204
121 122
121 125
121 128
121 132
121 139
121 140
121 172
121 173
121 174
121 202
121 207
121 227
121 287
122 126
122 140
122 144
122 148
122 151
122 160
122 164
122 165
122 166
122 168
122 192
122 202
122 216
122 226
122 235
122 259
122 261
122 277
122 291
122 307
123 126
123 127
123 129
123 138
123 173
123 180
123 186
123 191
123 192
123 195
123 218
123 223
123 224
123 232
123 233
123 241
123 250
123 255
123 279
123 286
124 126
124 130
124 142
124 155
124 160
124 162
124 173
124 192
124 201
124 216
124 232
124 233
124 238
124 243
124 267
124 277
124 280
124 282
125 129
125 131
125 138
125 168
125 171
125 177
125 204
125 227
125 228
125 232
125 263
125 266
125 272
125 306
125 312
126 128
126 142
126 145
126 152
126 180
126 200
126 206
126 228
126 241
126 265
126 293
126 296
126 304
127 131
127 134
127 171
127 178
127 193
127 200
127 201
127 217
127 221
127 232
127 233
127 236
127 237
127 263
127 280
127 284
127 288
127 298
128 154
128 158
128 167
128 169
128 204
128 212
128 213
128 239
128 247
128 256
128 266
128 274
128 286
129 158
129 195
129 200
129 209
129 221
129 234
129 237
129 244
129 267
129 275
130 201
130 241
130 243
131 209
131 241
131 263
131 267
132 139
132 236
132 252
132 304
133 204
133 239
134 137
134 161
134 173
134 191
134 216
134 275
134 286
134 288
134 294
134 310
135 180
135 187
135 192
135 193
135 201
135 233
135 260
136 284
137 140
137 200
137 257
137 266
137 268
137 288
138 146
138 181
138 182
139 170
139 194
139 232
139 235
140 147
140 190
140 197
140 235
140 250
140 253
141 215
141 219
141 239
141 250
141 264
141 266
141 309
142 162
142 246
143 153
143 188
143 204
143 247
144 219
146 292
147 193
148 165
148 309
149 180
150 234
151 163
151 168
151 180
151 246
151 255
153 177
153 269
154 237
154 264
155 196
155 204
155 233
155 269
155 279
155 302
155 309
156 204
156 237
156 245
157 173
157 189
157 235
158 176
158 185
158 187
158 199
158 202
158 215
158 271
158 300
159 253
159 254
160 164
160 200
160 216
160 279
160 288
160 291
160 298
161 171
162 166
162 233
162 236
162 244
162 281
163 166
163 178
163 180
164 250
164 304
165 233
166 220
166 221
166 311
167 168
167 183
167 203
167 211
168 180
168 229
168 231
168 235
168 244
168 299
169 184
169 233
169 243
170 212
171 217
172 187
172 291
173 235
173 237
173 274
173 276
174 189
174 222
174 226
174 235
174 292
175 304
176 227
176 291
177 226
177 266
178 252
179 260
179 305
180 185
180 219
180 222
180 305
181 235
182 257
183 234
183 302
185 201
185 239
185 268
186 234
188 264
188 304
189 221
189 234
189 247
189 266
189 285
191 241
192 222
192 264
192 312
193 210
193 312
194 204
194 304
195 222
197 202
197 221
197 222
197 275
198 201
199 233
199 239
199 264
199 274
200 202
200 236
200 292
201 218
201 227
201 232
201 235
201 248
201 298
201 302
202 268
204 205
204 210
204 245
206 226
206 234
206 241
206 275
206 314
207 232
207 235
207 274
207 309
208 233
209 226
209 302
211 217
212 307
213 233
214 266
215 223
215 279
216 233
216 257
217 223
217 234
218 312
219 232
219 272
220 234
221 264
221 277
223 232
223 244
223 253
224 232
224 252
225 309
226 238
226 252
226 253
226 277
227 284
228 232
228 266
228 281
228 284
229 266
230 266
231 275
232 233
232 234
232 264
232 272
232 283
232 299
233 240
233 251
233 253
233 266
233 293
234 239
234 257
234 277
234 306
235 305
236 257
236 272
236 279
236 309
237 293
238 252
238 286
238 304
239 263
240 278
241 252
241 280
241 286
241 313
242 266
245 265
247 309
250 279
253 299
253 309
255 258
257 304
260 261
263 308
264 304
265 308
273 296
277 304
280 283
280 296
283 310
294 304
297 306
304 308
