0 56
0 76
0 183
0 207
0 257
1 125
1 128
1 144
1 268
2 5
2 26
2 90
2 91
2 128
2 173
2 181
2 183
2 200
2 243
2 257
2 272
3 30
3 84
3 133
3 208
3 288
4 20
4 35
4 57
4 66
4 128
4 189
4 200
4 223
4 297
5 21
5 25
5 72
5 122
5 125
5 126
5 151
5 165
5 167
5 181
5 184
5 202
5 216
5 263
5 274
5 275
5 280
5 311
5 312
6 32
6 64
6 85
6 91
6 122
6 140
6 163
6 174
6 180
6 234
6 289
6 313
7 59
7 75
7 96
7 122
7 124
7 127
7 200
7 218
7 219
7 220
7 234
7 236
7 238
7 261
7 266
7 313
8 27
8 62
8 124
8 266
9 76
9 82
9 90
9 93
9 186
9 231
10 85
10 103
10 122
10 124
10 128
10 160
10 172
10 182
10 189
10 221
10 246
10 259
10 301
11 85
11 192
11 292
12 17
12 25
12 90
12 98
12 180
12 195
12 216
12 259
12 266
12 304
13 42
13 77
13 99
13 104
13 116
13 120
13 121
13 124
13 158
13 168
13 180
13 189
13 193
13 226
13 264
13 267
14 123
14 169
14 173
15 121
15 264
15 282
16 86
16 123
16 232
16 233
16 292
17 72
17 117
17 121
17 122
17 123
17 129
17 189
17 203
17 210
17 264
17 277
17 279
18 106
18 131
18 204
18 227
18 232
19 128
19 129
19 155
19 222
19 249
20 21
20 40
20 67
20 72
20 124
20 125
20 134
20 168
20 252
20 253
20 273
21 24
21 62
21 98
21 122
22 88
23 28
23 48
23 129
23 138
23 182
23 235
24 45
24 85
24 122
24 218
24 234
24 252
25 151
25 216
25 220
26 123
27 41
27 190
27 234
28 46
28 75
28 76
28 226
28 235
28 259
28 264
29 129
29 157
29 186
29 195
29 247
29 307
30 128
30 188
30 209
30 219
30 238
31 108
32 98
32 129
32 171
32 201
32 219
32 229
32 232
32 238
32 299
33 100
33 140
33 142
33 179
33 252
34 127
34 156
34 180
34 233
35 51
35 57
35 76
35 77
35 117
35 122
35 123
35 125
35 128
35 139
35 163
35 217
35 241
35 266
35 268
35 274
35 306
36 56
36 66
36 90
36 122
36 159
36 167
36 170
37 53
37 87
37 126
37 135
37 204
37 223
38 75
38 96
38 125
39 51
39 89
39 101
39 117
39 217
39 223
39 279
39 280
40 66
40 101
40 110
40 125
40 127
40 129
40 151
40 166
40 207
40 226
40 231
40 232
40 234
40 241
40 243
40 306
41 68
41 90
41 122
41 160
41 214
41 246
41 314
42 48
42 50
42 105
42 125
42 152
42 195
42 207
42 250
43 110
43 124
43 197
44 75
44 121
44 122
44 124
44 128
44 199
46 79
46 180
46 206
46 233
46 311
47 180
47 189
47 190
48 63
49 96
49 174
49 204
49 235
49 241
49 259
49 265
49 304
49 311
50 174
50 232
51 60
51 121
51 125
51 126
51 164
51 166
51 173
51 245
52 54
52 58
52 114
52 121
52 123
52 125
52 173
52 187
52 195
52 267
53 123
53 149
53 212
53 233
53 237
53 266
54 122
54 123
54 130
54 134
54 226
55 131
55 182
55 203
55 219
55 249
55 283
56 122
56 201
57 75
57 148
57 162
57 219
57 308
58 162
58 186
58 261
59 99
59 143
59 147
59 187
59 243
59 302
60 197
60 199
60 246
60 277
60 304
61 70
61 126
61 129
61 233
61 234
61 262
64 127
64 234
65 137
66 80
66 98
66 121
66 163
66 219
66 234
67 127
67 310
68 124
68 221
69 123
69 309
70 128
71 72
72 76
72 93
72 111
72 131
72 259
72 283
72 285
73 126
73 135
73 154
73 165
73 171
73 203
73 204
73 221
73 239
73 253
73 301
74 124
74 139
75 105
75 111
75 195
75 208
75 279
76 94
76 99
76 100
76 105
76 122
76 123
76 147
76 177
76 180
76 200
76 213
76 216
76 241
76 246
76 264
76 265
76 266
76 271
76 293
76 304
76 309
77 96
77 111
77 122
77 124
77 128
77 150
77 180
77 200
77 210
77 219
77 253
78 180
80 126
80 158
80 201
80 202
80 221
80 235
80 237
80 262
81 83
81 154
81 160
82 124
82 204
82 288
83 147
84 123
84 127
84 128
84 144
84 174
84 238
85 123
85 140
85 160
85 203
85 234
85 256
85 310
86 151
86 162
86 241
87 121
87 138
87 219
87 315
88 126
88 153
88 170
88 232
89 127
89 128
89 144
89 165
89 226
90 121
90 124
90 145
90 159
90 195
90 197
90 208
90 232
90 237
90 252
90 257
90 273
90 274
90 277
91 121
91 207
92 123
92 135
92 271
93 311
94 234
95 104
95 113
95 126
95 162
95 264
95 280
96 187
96 274
96 292
97 125
97 204
97 241
98 204
98 210
98 279
98 290
98 299
99 100
99 104
99 125
99 127
99 130
99 134
99 200
99 204
99 214
99 225
99 234
99 246
99 285
100 124
100 129
100 134
100 163
100 235
100 243
100 270
100 279
102 123
102 127
103 181
104 124
104 127
104 139
104 199
104 221
104 261
104 265
105 151
105 174
105 224
105 235
105 266
105 309
106 124
106 137
106 186
106 221
106 233
106 250
106 271
107 117
108 124
108 262
109 117
110 117
110 121
110 127
110 189
110 197
110 211
110 243
110 245
111 166
111 229
111 302
112 121
112 201
112 258
112 286
113 129
113 130
113 232
114 129
114 219
114 266
115 122
115 123
115 147
115 172
115 195
115 202
116 256
117 121
117 127
117 160
117 169
117 195
117 217
117 236
117 265
117 276
118 121
118 127
118 267
119 234
119 284
120 128
120 138
120 174
120 218
121 123
121 126
121 129
121 131
121 134
121 145
121 156
121 162
121 168
121 189
121 192
121 210
121 213
121 220
121 225
121 232
121 241
121 257
121 271
121 288
122 127
122 128
122 157
122 165
122 166
122 173
122 176
122 189
122 200
122 204
122 212
122 219
122 237
122 249
122 265
122 275
122 286
122 292
122 309
122 310
122 311
123 127
123 144
123 195
123 207
123 218
123 221
123 278
123 286
123 293
123 314
124 125
124 127
124 135
124 136
124 140
124 141
124 142
124 146
124 154
124 166
124 176
124 193
124 197
124 209
124 213
124 217
124 223
124 232
124 233
124 240
124 259
124 265
124 304
125 145
125 157
125 158
125 165
125 188
125 191
125 196
125 212
125 223
125 225
125 269
125 291
125 304
125 309
126 129
126 134
126 149
126 159
126 160
126 183
126 206
126 215
126 219
126 262
126 264
126 269
126 286
126 296
127 144
127 180
127 183
127 188
127 206
127 214
127 224
127 229
127 234
127 238
127 250
127 285
127 304
128 129
128 139
128 166
128 168
128 179
128 192
128 204
128 206
128 223
128 241
128 276
128 292
129 135
129 141
129 149
129 158
129 159
129 168
129 213
129 235
129 236
129 253
129 259
129 280
129 282
130 134
130 217
130 303
131 183
131 226
132 257
133 309
134 140
134 142
134 158
134 168
134 202
134 207
134 220
134 224
134 246
134 266
134 279
134 280
134 304
134 309
134 314
135 141
135 202
135 211
135 233
135 234
135 258
136 160
136 247
137 208
137 220
137 226
137 279
138 233
138 245
139 160
140 174
140 220
140 232
141 206
142 234
143 183
143 199
143 279
144 176
144 185
144 187
144 204
144 231
144 277
144 299
146 200
147 186
147 214
147 235
148 158
149 156
150 233
151 241
153 195
153 200
153 235
153 263
154 220
154 233
154 246
157 232
157 255
158 164
158 280
159 229
160 201
160 202
160 215
160 233
160 236
160 239
160 241
160 245
160 280
161 168
161 204
161 223
161 313
163 219
163 304
164 240
165 167
165 192
165 279
165 282
165 297
166 199
166 266
167 168
168 225
169 254
169 273
169 299
169 309
170 239
171 243
171 279
173 182
173 202
174 178
174 235
174 278
174 287
176 285
176 294
177 182
177 226
178 220
178 238
178 265
178 280
179 193
179 235
179 240
180 190
180 244
185 294
186 193
186 286
187 246
187 299
188 204
189 234
189 259
191 233
192 215
194 302
195 207
195 219
195 230
195 264
195 309
196 259
196 261
196 294
197 288
198 233
198 279
199 236
200 235
200 285
200 292
201 225
201 228
201 241
201 283
202 223
202 226
202 266
202 312
204 232
204 237
204 246
204 261
204 267
204 286
206 212
206 220
206 233
206 234
206 265
206 302
207 216
207 226
207 247
209 243
209 244
209 294
210 234
212 226
212 235
212 265
212 271
213 265
214 219
214 251
215 228
216 249
217 234
217 292
219 246
219 266
219 291
220 235
221 300
222 311
223 232
223 237
223 292
226 228
226 231
226 232
226 234
226 235
226 245
226 264
226 266
228 261
228 266
229 235
231 269
232 235
232 241
232 255
232 267
232 314
233 245
233 246
233 254
233 277
233 299
233 307
233 309
234 246
234 257
234 259
234 261
234 308
234 311
235 257
235 278
235 287
236 256
238 261
238 292
239 279
241 246
241 279
241 297
246 265
246 267
246 273
251 262
254 266
254 301
255 261
255 264
255 307
266 267
271 278
271 296
271 301
272 297
273 280
274 282
278 296
279 288
285 306
286 309
288 304
288 311
289 315
290 309
304 309
