0 116
0 129
0 131
0 235
0 246
0 289
1 15
1 17
1 74
2 7
2 9
2 19
2 31
2 44
2 59
2 91
2 120
2 125
2 151
2 239
2 291
3 130
3 170
3 246
3 283
3 296
4 77
4 122
4 127
4 134
4 174
4 178
4 271
4 278
5 7
5 77
5 96
5 122
5 129
5 189
5 222
5 233
5 258
5 310
6 7
6 44
6 76
6 77
6 87
6 93
6 103
6 165
6 191
6 192
6 195
6 234
7 18
7 122
7 124
7 148
7 152
7 155
7 207
7 219
7 220
7 239
7 241
7 246
7 250
7 288
8 63
8 163
8 197
8 293
9 96
9 106
9 121
9 173
9 209
9 221
9 280
9 282
10 34
10 51
10 80
10 117
10 127
10 168
10 202
10 223
10 232
10 233
10 241
11 36
11 82
12 70
12 100
12 112
12 139
12 145
12 233
12 246
13 36
13 52
13 77
13 126
13 127
13 160
13 189
13 192
13 210
13 226
14 43
14 121
14 232
14 286
15 122
15 129
15 142
15 155
15 168
15 189
15 192
15 252
16 98
16 107
16 117
16 125
16 133
16 188
16 201
16 221
16 257
16 263
17 35
17 42
17 99
17 128
17 156
17 189
17 196
17 226
17 291
18 40
18 111
18 117
18 121
18 123
18 125
18 126
18 204
18 288
19 127
19 129
20 23
20 117
20 123
20 172
20 212
20 233
20 272
21 37
21 77
21 184
21 206
21 237
22 37
22 206
23 122
23 123
23 155
23 160
23 247
23 313
24 67
24 75
24 126
24 153
24 162
24 167
24 197
24 203
24 235
24 236
24 249
24 254
24 309
25 122
25 134
26 41
26 115
26 126
26 144
26 171
26 234
26 287
27 271
28 55
28 105
28 224
28 234
28 236
28 309
29 42
29 121
29 126
29 153
29 241
30 32
32 43
32 51
32 65
32 77
32 246
32 279
33 122
33 167
33 202
33 213
33 259
33 298
33 307
34 93
34 122
34 152
34 234
34 280
34 309
35 73
35 99
35 120
35 123
35 176
35 182
35 195
35 196
35 215
35 217
35 219
35 233
35 252
35 266
36 39
36 100
36 105
36 121
36 124
36 129
36 130
36 149
36 154
36 182
36 212
36 235
36 243
37 58
37 77
37 185
37 190
37 233
37 234
37 241
37 260
38 59
38 134
38 288
39 64
39 110
39 209
39 220
39 309
40 90
40 95
40 135
40 148
40 192
40 201
40 220
40 223
40 234
40 309
41 180
41 186
41 188
41 192
42 67
42 70
42 111
42 121
42 129
42 206
42 233
43 57
43 204
43 232
44 89
44 90
44 122
44 124
44 125
44 127
44 192
44 234
44 292
46 112
46 123
46 187
46 276
47 141
47 237
48 77
48 90
48 271
48 309
49 201
49 233
49 236
49 309
50 104
50 153
50 157
50 235
50 243
50 304
51 57
51 106
51 123
51 124
51 129
51 245
51 315
52 59
52 74
52 76
52 99
52 100
52 121
52 137
52 175
54 134
54 152
54 187
54 221
54 225
54 234
54 309
55 75
55 116
55 120
55 122
55 129
55 207
55 274
55 288
56 99
56 121
57 91
57 106
57 129
57 135
57 149
57 232
57 243
57 246
57 310
58 99
58 277
59 81
59 85
59 97
59 124
59 128
59 129
59 131
59 174
59 226
59 232
59 247
60 103
60 115
60 124
60 195
61 75
61 79
61 143
61 276
62 107
62 142
62 267
63 95
63 183
65 87
65 135
65 177
65 236
66 121
66 191
66 200
67 83
67 85
67 121
67 223
67 233
67 259
69 77
69 129
69 195
69 210
69 286
70 123
70 126
71 108
71 126
72 77
72 115
72 119
72 129
72 220
73 125
73 129
73 157
73 168
73 202
73 226
73 234
73 268
73 296
74 122
75 120
75 190
75 195
75 220
76 77
76 126
76 129
76 134
76 152
76 158
76 178
76 225
76 232
76 309
77 90
77 99
77 115
77 121
77 123
77 160
77 234
77 240
77 252
77 254
77 285
77 313
78 137
78 235
78 297
79 154
79 176
80 122
80 159
80 206
80 262
80 290
81 173
81 235
81 255
82 90
82 93
82 223
82 233
82 266
83 99
83 127
83 221
83 235
83 253
84 89
84 100
84 167
84 200
84 238
84 257
85 87
85 129
85 195
85 234
85 235
85 264
85 273
86 231
86 292
87 173
87 185
87 220
87 224
87 248
88 109
88 195
88 241
89 103
89 127
89 192
89 204
89 228
89 304
90 101
90 111
90 113
90 121
90 131
90 134
90 162
90 241
90 259
90 278
90 290
90 299
90 301
91 105
91 108
91 138
91 143
92 144
93 247
93 266
94 128
94 253
95 119
95 222
95 257
95 267
96 124
96 149
97 123
97 170
97 196
97 266
97 278
98 121
98 169
98 199
98 232
98 259
98 274
98 306
99 126
99 139
99 153
99 188
99 193
99 201
99 231
99 238
99 266
99 275
99 304
99 309
100 102
100 105
100 107
100 121
100 126
100 160
100 200
100 202
100 219
100 225
100 233
100 247
100 293
100 296
100 309
102 122
103 126
103 129
103 139
103 285
104 111
104 130
104 162
105 111
105 124
105 128
105 201
106 121
106 168
106 176
106 214
106 310
106 311
107 128
107 193
109 111
109 192
109 232
109 270
110 121
110 128
110 156
110 174
110 176
110 200
110 210
110 302
110 309
111 117
111 226
112 122
112 126
112 127
112 304
113 186
114 127
114 134
114 164
115 124
115 128
115 147
115 162
115 234
115 245
117 235
119 134
120 125
120 264
121 151
121 157
121 203
121 204
121 220
121 222
121 229
121 230
121 232
121 259
121 280
121 281
121 288
122 124
122 127
122 128
122 149
122 153
122 160
122 168
122 195
122 203
122 215
122 216
122 217
122 219
122 223
122 232
122 235
122 237
122 238
122 263
122 300
123 141
123 143
123 150
123 156
123 161
123 175
123 201
123 203
123 204
123 214
123 219
123 232
123 233
123 240
123 243
123 245
123 267
123 277
123 302
123 309
123 312
124 129
124 133
124 134
124 153
124 163
124 173
124 235
124 240
124 264
124 267
124 311
124 315
125 127
125 137
125 151
125 154
125 206
125 212
125 215
125 220
125 226
125 232
125 236
125 243
125 260
125 264
125 271
126 127
126 130
126 138
126 143
126 160
126 173
126 192
126 203
126 206
126 217
126 218
126 223
126 288
127 128
127 129
127 160
127 165
127 176
127 180
127 201
127 222
127 223
127 236
127 252
127 264
127 315
128 134
128 140
128 159
128 160
128 182
128 202
128 236
128 267
128 268
128 280
128 297
128 304
129 139
129 144
129 156
129 169
129 173
129 223
129 228
129 232
129 233
129 235
129 252
129 274
130 160
130 171
131 264
131 266
132 303
133 153
133 219
133 274
134 158
134 160
134 161
134 165
134 168
134 192
134 199
134 235
134 236
134 251
134 259
134 271
134 296
134 304
134 305
134 309
134 314
135 208
135 276
135 294
135 298
136 172
138 155
138 180
139 204
139 234
139 281
140 168
140 210
140 214
140 313
141 275
142 276
143 186
143 238
143 288
144 180
144 234
144 238
144 239
144 258
145 163
145 252
146 162
146 265
147 192
147 195
147 236
148 173
149 156
149 208
149 241
149 278
150 202
151 152
151 174
151 304
152 158
152 279
153 268
153 298
155 182
155 186
155 201
155 210
155 275
156 190
157 233
157 294
158 207
158 208
158 233
158 235
158 236
160 187
160 204
160 219
160 234
160 279
161 191
161 226
161 234
161 286
162 238
162 286
163 232
163 271
163 286
164 212
164 266
164 291
165 170
165 210
165 232
165 233
166 225
166 269
167 233
167 264
167 267
168 234
169 206
170 195
170 203
170 239
171 271
172 204
172 234
172 235
173 222
173 232
173 280
174 292
174 302
176 272
179 235
180 223
180 259
180 302
181 241
181 253
181 255
181 304
182 190
182 204
182 206
183 226
184 185
184 286
185 272
185 274
185 313
186 191
186 266
186 297
187 231
187 234
187 265
187 279
188 235
188 271
189 234
189 240
189 263
189 266
189 285
190 273
191 279
192 299
193 199
193 207
194 235
194 309
195 258
195 263
197 291
197 297
197 304
198 199
198 233
198 285
198 305
199 250
200 201
200 240
200 309
201 238
202 246
202 277
204 221
204 226
204 279
204 300
204 309
205 288
206 233
207 212
207 231
207 232
208 271
208 278
209 220
211 232
212 216
214 245
215 279
217 232
217 235
217 309
218 255
218 284
219 224
219 226
219 233
219 241
219 277
220 241
220 258
221 235
221 266
222 246
222 309
223 234
223 243
223 253
223 267
224 233
224 309
225 233
225 280
226 235
226 255
226 261
226 264
226 266
226 267
227 233
227 278
228 309
229 261
230 235
231 309
232 234
232 235
232 239
232 253
232 259
232 289
232 292
232 309
233 236
233 262
233 314
234 264
234 300
235 243
235 274
235 302
236 245
236 276
238 277
239 278
239 286
240 310
243 247
243 271
245 292
246 264
247 286
252 296
255 264
260 261
264 267
264 296
265 304
266 271
266 272
266 292
266 309
267 276
271 286
271 291
274 311
275 298
276 296
278 297
279 289
283 286
286 303
289 309
290 297
290 308
291 293
294 308
298 304
299 309
304 312
307 314
312 314
