0 100
0 267
1 84
1 126
1 155
1 259
1 290
2 106
2 121
2 125
2 151
2 186
3 37
3 112
4 19
4 51
4 86
4 98
4 122
5 22
5 31
5 40
5 41
5 42
5 100
5 106
5 123
5 127
5 153
5 207
5 208
5 209
5 231
5 255
5 289
5 290
5 292
5 315
6 48
6 118
6 141
6 155
6 171
6 197
6 208
6 247
6 288
7 28
7 67
7 77
7 84
7 90
7 107
7 127
7 128
7 129
7 162
7 183
7 258
7 266
7 274
7 285
8 47
8 90
8 95
8 126
9 68
9 75
9 99
9 234
9 268
9 279
10 32
10 41
10 73
10 100
10 128
10 134
10 180
10 188
10 197
10 272
11 51
11 72
11 157
11 160
11 219
12 18
12 90
12 157
12 158
12 160
12 186
12 233
12 235
13 17
13 91
13 105
13 108
13 123
13 125
13 175
13 211
13 277
13 279
14 21
14 34
14 54
14 100
14 135
14 137
14 174
14 189
14 238
15 39
15 127
15 137
15 219
16 121
16 210
16 234
16 258
17 73
17 91
17 136
17 175
17 217
17 265
17 266
17 269
17 277
18 187
18 200
18 221
18 223
18 282
19 76
19 98
19 100
19 114
19 160
19 223
19 241
20 77
20 124
21 55
21 126
21 226
21 272
21 285
22 90
22 129
22 157
22 162
22 170
22 288
22 301
23 123
23 153
23 197
23 241
23 301
24 99
24 123
24 125
24 129
24 134
24 155
24 271
25 59
25 85
25 176
26 75
26 156
26 160
26 186
26 233
27 173
27 204
27 215
27 233
27 300
28 45
28 116
28 126
28 128
28 183
28 211
28 214
28 223
28 266
29 30
29 99
29 108
29 112
29 126
29 129
29 168
29 264
29 294
30 76
31 77
31 83
31 137
31 285
32 72
32 87
32 123
32 215
32 283
33 120
33 189
34 36
34 74
34 86
34 180
34 226
34 232
34 302
34 309
35 55
35 56
35 73
35 75
35 90
35 115
35 124
35 125
35 128
35 129
35 141
35 147
35 168
35 201
35 220
35 235
35 252
35 256
35 257
35 267
35 315
36 42
36 51
36 69
36 78
36 80
36 82
36 90
36 117
36 126
36 217
36 271
36 279
37 49
37 59
37 78
37 129
37 147
37 183
38 283
39 69
39 81
39 100
39 127
39 168
39 186
39 235
39 311
40 77
40 123
40 163
40 188
40 234
40 257
40 267
40 304
40 312
41 81
41 108
41 121
41 123
41 180
41 195
41 204
41 208
41 238
41 252
42 100
42 121
42 124
42 126
42 177
42 241
42 265
42 304
43 51
43 66
43 73
43 204
43 232
43 262
44 78
44 122
44 125
44 139
44 173
44 182
45 160
45 190
45 233
46 123
47 96
47 166
49 97
49 124
49 127
49 282
49 304
50 127
50 233
51 54
51 95
51 99
51 121
51 125
52 85
52 91
52 99
52 100
52 115
52 121
52 127
52 156
52 188
52 199
52 204
52 205
52 309
52 312
53 56
53 61
53 119
53 168
53 174
54 56
54 89
54 99
54 121
54 126
54 165
54 182
54 217
54 223
54 235
55 110
55 137
55 198
55 214
55 217
55 236
56 60
56 75
56 106
56 139
56 217
56 239
57 83
57 89
57 95
57 123
57 124
58 161
58 165
58 180
58 232
59 121
59 122
59 134
59 230
59 287
60 135
61 200
61 214
62 127
62 144
62 168
62 207
62 232
62 233
62 234
63 85
63 99
63 106
63 153
63 302
64 290
65 76
65 80
65 311
66 102
66 123
66 173
66 183
66 204
66 206
66 218
66 288
67 75
67 120
67 121
67 128
67 142
67 147
67 255
68 124
68 236
69 137
69 215
70 90
70 125
70 246
70 280
70 288
71 271
71 288
72 98
72 110
72 135
72 146
72 168
72 183
72 185
72 192
72 206
72 215
72 266
73 89
73 126
73 169
73 192
73 209
73 238
73 288
74 103
74 234
74 245
75 99
75 147
75 168
75 176
75 180
75 199
75 215
75 234
75 257
76 79
76 100
76 122
76 159
76 185
76 223
76 226
76 247
76 293
76 299
77 84
77 122
77 129
77 151
77 181
77 197
77 225
77 233
77 265
77 266
77 271
78 201
78 226
79 129
79 139
80 99
80 114
80 180
80 231
80 234
80 283
80 309
81 110
81 138
81 174
81 176
81 315
82 111
82 309
83 139
83 165
83 257
83 279
84 148
84 218
84 312
85 98
85 121
85 126
85 127
85 128
85 129
85 160
85 169
85 174
85 183
85 214
85 217
85 224
85 232
85 255
85 268
85 279
85 280
86 128
86 134
87 147
87 163
87 206
88 200
88 234
88 266
89 93
89 110
89 160
89 168
89 169
89 221
89 252
89 259
89 271
89 279
89 309
90 98
90 99
90 113
90 125
90 174
90 193
90 197
90 206
90 235
90 271
91 201
91 206
92 126
92 215
92 226
92 232
93 111
93 220
94 124
95 100
95 124
95 129
95 137
95 173
95 233
95 287
96 123
96 240
97 99
97 166
97 187
97 193
98 99
98 105
98 116
98 145
98 155
98 204
99 121
99 122
99 125
99 135
99 140
99 163
99 168
99 173
99 191
99 218
99 232
99 292
99 309
99 314
100 106
100 122
100 125
100 127
100 128
100 137
100 160
100 166
100 226
100 229
100 232
100 266
100 293
101 232
102 123
102 202
102 285
103 111
103 149
103 186
103 221
103 226
104 105
104 121
104 123
104 128
104 153
104 233
105 209
105 264
105 266
105 277
106 109
106 163
106 209
106 223
106 283
107 124
108 110
108 143
108 191
108 271
108 279
110 140
110 206
111 120
111 140
111 166
111 257
111 299
112 123
112 129
112 138
112 186
112 221
112 224
112 241
112 304
113 164
113 229
113 232
113 294
114 240
115 304
116 231
117 122
117 128
117 131
117 198
117 234
117 235
117 277
119 121
119 144
119 177
121 122
121 123
121 139
121 157
121 162
121 177
121 180
121 187
121 241
121 261
121 262
121 271
121 285
121 312
121 315
122 129
122 154
122 155
122 167
122 174
122 175
122 209
122 210
122 219
122 222
122 223
122 234
122 240
122 283
122 296
122 303
122 306
123 124
123 129
123 134
123 135
123 144
123 151
123 154
123 163
123 195
123 219
123 226
123 230
123 235
123 246
123 253
123 260
123 279
123 283
123 288
123 309
124 125
124 126
124 131
124 132
124 137
124 140
124 157
124 177
124 185
124 216
124 227
124 234
124 238
124 245
124 247
124 269
124 301
124 304
124 309
124 314
125 127
125 128
125 135
125 153
125 166
125 171
125 179
125 181
125 182
125 183
125 195
125 202
125 226
125 231
125 238
125 241
125 257
125 280
125 315
126 130
126 140
126 141
126 166
126 187
126 219
126 224
126 233
126 257
126 292
127 128
127 131
127 134
127 139
127 155
127 167
127 182
127 190
127 206
127 212
127 220
127 221
127 225
127 231
127 258
127 268
127 271
127 276
127 278
127 289
127 302
127 304
127 305
128 144
128 154
128 177
128 211
128 215
128 224
128 231
128 238
128 276
128 278
128 304
129 147
129 148
129 154
129 158
129 186
129 216
129 226
129 234
129 249
129 250
129 313
130 233
131 268
131 291
132 134
132 165
132 202
132 231
132 314
133 141
133 180
133 200
133 201
133 207
133 237
133 309
133 311
134 140
134 157
134 168
134 200
134 216
134 222
134 234
134 235
134 245
134 257
134 278
134 280
134 303
134 309
135 223
135 225
135 261
135 277
136 237
136 315
137 309
138 233
139 173
139 189
139 220
139 279
140 145
140 180
140 226
140 240
140 291
140 309
141 218
141 231
142 238
142 249
142 257
143 236
144 226
144 235
145 147
145 226
147 195
147 212
147 232
147 238
147 303
149 201
150 180
150 188
151 183
151 202
151 223
151 285
151 292
153 158
153 238
154 227
154 266
154 279
155 176
155 216
155 249
155 266
156 160
156 223
156 267
157 208
158 164
158 170
158 194
158 217
158 239
158 271
160 228
160 268
160 278
160 311
162 238
162 271
163 200
163 234
163 292
165 235
165 240
165 243
165 304
167 207
167 231
167 259
167 304
168 214
168 233
168 239
168 261
169 274
169 284
170 253
170 276
171 210
171 213
171 226
171 264
171 304
172 309
173 186
173 214
173 221
173 250
174 201
174 212
174 223
174 232
174 234
175 286
176 180
176 231
176 237
177 186
177 241
179 231
179 314
180 206
181 237
182 232
182 276
183 234
183 267
183 268
183 308
183 314
184 192
186 212
186 217
186 226
186 232
187 222
187 232
187 267
188 220
188 234
188 307
189 224
189 304
191 262
191 279
192 195
192 235
192 301
193 274
194 198
194 273
195 207
195 233
195 273
196 276
197 280
197 307
199 231
199 298
200 246
200 266
201 232
201 253
201 272
201 313
202 232
202 247
203 226
203 276
203 308
204 218
204 279
204 283
204 288
204 305
204 308
206 226
206 233
206 242
206 255
206 309
207 236
207 310
208 267
208 297
209 217
209 226
209 255
210 233
210 236
210 313
212 228
212 249
213 234
215 226
215 230
216 241
218 304
219 220
219 226
219 228
219 232
219 233
219 234
219 302
219 313
221 228
223 274
223 309
225 241
225 273
226 231
226 232
226 233
226 246
226 255
226 257
226 264
226 292
227 235
230 305
231 233
231 235
231 305
231 313
232 233
232 235
232 252
232 289
232 313
233 293
233 313
234 235
234 236
234 274
234 305
235 308
235 309
236 297
238 277
239 292
239 309
240 252
240 285
240 304
241 264
243 272
243 304
245 266
245 274
247 304
249 301
250 309
253 255
253 286
255 257
255 277
257 300
260 289
264 279
264 309
266 309
267 274
267 279
268 293
269 275
271 279
275 283
276 286
277 312
283 291
286 292
286 309
288 312
297 305
302 305
306 309
311 315
