0 41
0 56
0 124
0 127
0 264
1 124
1 132
1 288
2 24
2 130
2 164
2 166
2 168
2 203
2 225
2 294
3 44
3 76
3 127
3 129
3 188
3 239
3 240
3 262
3 297
4 14
4 34
4 43
4 57
4 59
4 74
4 80
4 113
4 141
4 220
4 286
5 10
5 18
5 52
5 82
5 100
5 127
5 128
5 157
5 201
5 240
5 266
5 288
5 303
6 23
6 39
6 42
6 98
6 99
6 121
6 125
6 149
6 167
6 174
6 208
6 233
6 238
6 311
7 8
7 18
7 19
7 22
7 32
7 75
7 76
7 122
7 124
7 127
7 148
7 156
7 195
7 246
7 296
8 90
8 121
8 231
8 233
8 235
8 246
9 200
9 209
9 236
9 270
10 29
10 106
10 142
10 193
10 214
10 217
10 232
10 238
10 250
10 270
10 280
10 291
11 88
11 99
11 144
11 176
11 257
11 299
12 72
12 88
12 90
12 145
12 161
12 268
13 28
13 80
13 93
13 121
13 241
14 26
14 128
14 197
14 202
14 204
14 309
15 44
15 110
15 123
15 208
15 266
15 276
16 72
16 92
16 134
16 174
16 231
17 23
17 57
17 128
17 202
17 226
17 247
17 274
17 304
17 313
18 121
18 236
18 292
19 200
19 234
19 271
19 309
20 84
21 41
22 31
22 33
22 35
22 116
22 124
22 129
22 239
22 279
23 49
23 72
23 85
23 120
23 155
23 181
23 214
23 291
24 75
24 79
24 122
24 124
24 127
24 158
25 98
25 204
25 232
25 308
26 57
26 126
27 28
27 34
27 40
27 175
27 210
27 267
28 58
28 111
28 117
28 123
28 125
28 142
28 159
28 168
28 178
28 297
29 44
29 59
29 127
29 219
29 224
29 279
30 39
30 40
31 120
31 173
31 224
32 35
32 80
32 110
32 125
32 155
32 252
32 283
33 54
33 87
33 126
33 174
33 185
34 57
34 66
34 75
34 108
34 114
34 196
34 197
34 203
34 271
34 296
35 67
35 70
35 77
35 80
35 99
35 104
35 121
35 124
35 126
35 134
35 148
35 151
35 223
35 232
35 233
35 240
35 243
35 256
35 266
35 298
35 309
35 315
36 66
36 76
36 124
36 160
36 166
36 192
36 199
36 206
36 241
36 314
37 67
37 84
37 195
38 66
38 90
38 103
38 223
38 310
38 311
39 64
39 121
39 139
39 219
39 276
40 44
40 52
40 62
40 68
40 80
40 112
40 131
40 163
40 192
40 204
40 271
40 274
40 309
41 142
41 154
41 155
41 197
41 206
41 218
41 276
41 311
42 95
42 99
42 131
42 199
42 215
42 274
43 72
43 176
43 208
43 215
43 221
43 226
43 233
43 302
44 66
44 121
44 204
44 233
45 217
45 259
46 115
46 129
46 263
46 288
47 96
48 221
49 106
49 122
49 127
49 128
49 201
49 257
50 92
50 99
50 128
50 201
51 61
51 121
51 160
51 186
52 57
52 62
52 89
52 110
52 111
52 118
52 126
52 185
52 206
52 216
52 274
52 275
52 279
52 292
52 315
53 140
54 55
54 115
54 151
54 180
54 190
54 195
54 200
54 204
54 214
54 234
54 304
55 158
55 219
55 273
56 139
56 187
56 202
56 206
56 209
56 233
56 282
56 287
57 89
57 152
57 166
57 235
57 239
57 298
57 313
58 309
59 66
59 109
59 125
59 127
59 181
59 183
59 193
59 204
59 229
59 241
59 266
59 282
59 294
59 309
60 99
60 126
60 252
61 66
61 122
61 123
61 176
61 180
61 241
61 272
61 288
62 69
62 134
62 182
62 259
62 268
62 277
63 309
64 89
65 72
65 121
65 129
65 162
65 226
66 73
66 115
66 156
66 188
66 250
67 160
67 162
67 174
67 227
67 291
67 293
68 117
68 151
68 156
68 225
68 235
69 193
69 277
70 95
70 154
70 234
70 265
71 126
72 77
72 86
73 124
73 192
73 201
73 234
73 279
74 108
74 125
74 153
74 246
74 301
75 82
75 219
75 228
75 233
75 265
76 100
76 122
76 123
76 125
76 131
76 134
76 144
76 160
76 202
76 224
76 237
76 267
76 279
77 100
77 121
77 124
77 126
77 141
77 143
77 150
77 160
77 162
77 206
77 264
77 291
78 99
78 230
79 89
79 125
79 208
79 241
79 267
80 87
80 129
80 189
80 210
80 308
81 99
81 107
81 204
81 228
81 246
82 162
82 252
82 278
83 127
83 129
83 261
83 304
83 308
84 134
84 144
84 185
84 233
84 234
85 124
85 129
85 200
85 212
85 292
86 90
86 133
86 134
86 153
86 182
86 220
86 226
86 255
86 285
86 288
86 308
87 123
87 129
87 201
88 143
88 233
89 99
89 126
89 151
89 163
89 165
89 174
89 200
89 215
89 304
90 96
90 111
90 122
90 125
90 128
90 132
90 147
90 162
90 226
90 233
90 266
90 268
90 275
91 236
92 99
94 121
94 261
95 130
95 174
95 246
95 267
95 279
96 166
96 204
97 159
97 160
97 283
98 122
98 171
98 182
98 192
98 223
98 292
99 115
99 122
99 123
99 144
99 203
99 206
99 216
99 219
99 227
99 232
99 233
99 234
99 264
99 266
99 309
100 101
100 126
100 128
100 129
100 149
100 199
100 206
100 207
100 209
100 226
100 233
100 238
101 106
102 130
102 200
102 234
103 108
103 122
103 125
103 140
103 147
103 230
104 108
104 126
104 129
104 154
104 160
104 201
104 202
104 251
104 262
105 124
105 166
105 209
105 219
105 231
105 247
105 309
106 128
106 129
106 159
106 165
106 218
106 266
107 188
107 234
108 122
108 128
108 228
108 233
108 280
108 286
108 313
109 112
109 123
109 268
110 124
110 135
110 188
110 219
110 260
111 115
111 128
111 184
111 236
111 241
112 117
112 123
112 127
112 135
112 218
113 124
113 152
114 297
114 315
115 139
115 188
116 122
116 132
116 182
116 201
117 122
117 126
117 128
117 162
117 176
117 186
117 192
117 261
117 275
117 295
118 174
119 125
119 287
120 183
120 204
120 264
121 122
121 123
121 125
121 129
121 132
121 137
121 138
121 172
121 178
121 182
121 204
121 222
121 232
121 261
121 263
121 273
121 276
121 279
121 302
121 309
122 133
122 147
122 166
122 179
122 187
122 189
122 200
122 217
122 218
122 246
122 247
122 255
122 285
122 286
122 296
123 124
123 128
123 132
123 147
123 153
123 155
123 170
123 223
123 256
123 258
123 266
123 273
123 292
124 125
124 128
124 129
124 169
124 185
124 188
124 224
124 228
124 233
124 235
124 252
124 261
124 263
124 265
124 266
124 271
124 276
124 279
124 283
125 143
125 144
125 145
125 148
125 154
125 157
125 204
125 210
126 127
126 155
126 174
126 180
126 200
126 204
126 210
126 217
126 219
126 247
126 249
126 257
126 264
126 286
126 288
126 308
126 309
126 310
127 158
127 166
127 173
127 200
127 228
127 235
127 299
128 134
128 167
128 200
128 209
128 222
128 235
128 258
128 267
128 280
128 289
129 141
129 160
129 163
129 170
129 189
129 206
129 215
129 230
129 233
129 239
129 249
129 250
129 266
129 276
129 290
129 309
129 312
130 140
130 204
130 234
131 182
131 249
131 259
132 231
132 233
132 279
132 291
132 304
133 147
133 201
133 202
133 285
134 138
134 140
134 207
134 208
134 231
134 246
134 264
134 266
134 273
134 315
135 148
135 176
135 227
137 151
137 238
138 196
138 296
139 156
139 186
139 195
139 209
139 220
139 234
139 256
139 266
140 180
140 185
140 206
140 226
140 244
140 274
141 169
141 288
142 143
142 215
142 226
142 291
143 147
143 215
143 245
143 310
144 152
144 199
144 201
144 212
144 233
144 251
144 279
146 241
146 247
147 152
147 193
148 243
148 255
149 175
149 211
149 309
151 233
151 268
152 280
153 201
153 227
153 253
153 259
153 296
154 156
154 225
154 234
155 163
155 233
155 309
156 218
157 233
157 274
158 234
158 277
159 165
159 264
159 278
159 287
159 309
160 163
160 191
160 201
160 204
160 228
160 259
161 204
161 232
162 266
163 266
164 238
165 227
165 288
165 292
165 314
166 170
166 204
166 280
168 216
168 219
168 221
169 173
169 227
169 254
169 280
170 216
171 232
171 298
171 314
172 263
173 271
173 283
173 289
173 309
174 204
174 218
177 266
178 279
180 205
180 226
181 219
182 297
183 186
183 286
185 212
185 236
188 291
189 204
191 196
192 266
193 222
193 228
193 233
193 239
193 289
193 309
194 232
195 199
195 206
195 224
195 257
195 273
195 309
196 273
196 308
198 236
200 235
200 255
201 214
201 218
201 234
202 239
202 267
202 275
202 285
203 238
203 249
204 209
204 231
204 241
204 251
204 296
206 257
206 279
207 231
207 263
207 294
207 312
209 265
210 256
210 304
211 237
212 266
212 277
213 229
214 251
215 279
216 308
217 222
217 236
217 275
217 309
218 298
219 234
219 256
219 276
219 298
220 232
220 259
220 261
220 285
221 231
223 224
223 241
223 275
226 230
226 273
226 304
226 314
229 241
230 295
231 238
231 266
232 233
232 261
232 304
232 308
233 257
233 276
233 280
233 292
234 237
234 259
235 277
235 279
235 288
235 309
236 238
236 247
238 246
240 241
241 291
241 308
243 257
245 276
247 258
252 259
253 271
253 289
253 304
254 309
257 285
257 314
259 262
261 279
261 288
263 268
264 274
264 302
266 277
266 279
266 288
266 311
267 280
271 298
274 305
279 286
279 288
279 292
280 288
280 302
293 309
296 304
297 298
302 309
308 309
