0 36
0 124
0 202
0 295
0 313
1 52
1 85
1 135
1 232
2 14
2 142
2 162
2 181
2 186
3 15
3 122
3 124
3 207
3 234
3 241
4 61
4 70
4 85
4 90
4 121
4 155
4 185
4 226
5 76
5 101
5 124
5 126
5 127
5 129
5 140
5 179
5 206
5 219
5 269
6 35
6 73
6 90
6 111
6 119
6 124
6 143
6 160
6 178
6 197
6 216
6 241
6 271
6 273
7 18
7 91
7 100
7 121
7 124
7 125
7 135
7 226
7 232
7 304
7 309
8 139
9 90
9 100
9 121
9 124
9 147
9 197
9 210
9 259
10 36
10 173
10 206
10 223
10 308
11 50
11 62
11 98
11 110
12 13
12 176
13 31
13 46
13 77
13 100
13 117
13 121
13 122
13 129
13 137
13 145
13 194
13 208
13 219
13 241
14 100
14 111
14 124
14 171
14 236
14 283
14 309
15 126
15 233
15 234
15 310
16 117
16 124
16 245
16 264
17 34
17 96
17 168
17 175
17 182
17 199
17 259
17 304
18 84
18 90
18 122
18 149
18 181
18 233
18 234
18 279
20 36
20 76
20 101
20 214
20 243
20 267
22 43
22 121
22 135
22 174
23 39
23 85
23 125
23 129
23 134
23 173
23 189
23 219
23 234
23 252
23 276
23 313
24 72
24 121
24 312
25 218
25 264
26 85
26 168
26 264
27 51
27 154
27 190
27 240
28 70
28 84
28 164
28 204
28 214
28 232
28 234
28 235
28 272
28 288
29 40
29 54
29 74
29 79
29 98
29 106
29 109
29 121
29 128
29 200
29 226
29 237
30 37
30 55
30 67
30 154
30 160
30 180
30 308
31 55
31 121
31 123
31 148
31 231
32 73
32 123
32 255
32 283
32 309
33 38
33 72
33 90
33 128
33 159
33 192
33 235
33 315
34 99
34 125
34 143
34 162
34 199
35 44
35 75
35 85
35 90
35 100
35 107
35 111
35 122
35 128
35 131
35 135
35 162
35 163
35 165
35 180
35 247
35 251
35 254
35 258
35 309
36 41
36 42
36 59
36 124
36 143
36 154
36 166
36 223
36 226
36 258
36 269
36 278
37 124
38 159
38 172
39 61
39 105
39 253
40 56
40 68
40 99
40 112
40 121
40 122
40 126
40 146
40 156
40 160
40 256
41 87
41 88
41 108
41 122
41 202
41 241
41 283
42 95
42 99
42 103
42 126
42 128
42 168
42 189
42 192
42 207
42 276
42 309
43 102
43 204
43 266
44 76
44 106
44 117
44 123
44 129
44 232
44 237
45 117
46 100
48 81
48 231
48 235
48 288
49 59
49 96
49 110
49 223
49 261
49 262
50 264
51 85
51 117
51 121
51 134
51 226
51 232
51 235
52 59
52 166
52 210
52 243
52 247
52 257
53 127
54 90
54 123
54 157
54 191
54 262
54 275
55 66
55 233
55 261
55 313
56 115
56 240
57 70
57 134
57 155
57 172
57 208
57 237
57 313
58 167
58 183
58 228
59 76
59 98
59 155
59 163
59 193
59 233
59 235
60 116
61 99
61 104
61 170
61 226
61 229
61 243
62 99
62 126
62 270
63 143
63 204
64 76
64 149
64 233
64 235
65 81
65 90
65 245
66 121
66 123
66 139
66 149
66 270
67 95
67 110
67 121
67 126
67 153
67 233
67 234
67 259
67 265
68 73
68 90
68 312
69 77
69 81
69 86
70 152
71 151
71 153
71 160
71 202
72 90
72 101
72 113
72 309
73 82
73 204
73 207
73 223
73 226
73 241
73 264
73 266
74 187
75 99
75 125
75 126
75 189
75 250
76 90
76 95
76 121
76 122
76 130
76 148
76 160
76 186
76 199
76 208
76 215
76 220
76 232
76 243
76 254
76 279
76 309
77 83
77 99
77 122
77 123
77 130
77 206
77 208
77 226
77 232
77 280
77 286
78 100
78 139
78 267
79 132
79 201
79 223
79 282
79 306
80 100
80 124
80 140
80 227
80 234
81 126
81 134
81 217
81 237
81 274
82 151
82 167
82 206
83 89
83 139
84 96
84 102
84 122
84 125
84 214
85 122
85 125
85 219
85 266
86 163
86 232
87 100
87 162
87 208
87 218
88 125
88 235
89 204
89 226
89 233
89 237
89 259
90 107
90 123
90 124
90 126
90 128
90 129
90 139
90 148
90 158
90 174
90 189
90 227
90 232
90 257
90 274
90 280
90 288
90 292
90 304
91 171
91 278
91 292
92 107
92 252
93 110
93 128
93 310
95 99
95 126
95 183
95 206
95 261
96 111
97 103
97 128
97 155
97 234
98 115
98 144
98 204
98 264
99 100
99 117
99 121
99 125
99 130
99 134
99 137
99 176
99 200
99 214
99 218
99 246
99 263
99 278
100 151
100 189
100 215
100 252
100 274
101 139
103 123
103 148
103 202
104 250
104 283
105 114
105 142
105 193
105 220
105 241
105 246
106 124
106 134
106 136
106 171
106 187
106 196
106 204
106 263
106 267
106 271
106 314
107 123
107 180
107 199
108 127
108 206
108 219
108 230
108 238
108 257
108 273
108 279
109 129
110 124
110 142
110 202
110 217
110 235
110 312
111 126
111 165
111 183
112 121
112 142
112 202
112 206
112 214
113 193
113 208
113 234
113 247
115 121
115 123
115 125
115 134
115 139
115 152
115 233
115 252
115 283
116 125
116 126
117 121
117 128
117 161
117 162
118 188
119 124
119 304
120 124
120 139
120 149
120 232
120 241
120 266
121 122
121 124
121 127
121 129
121 142
121 146
121 148
121 156
121 166
121 174
121 181
121 207
121 215
121 217
121 218
121 228
121 232
121 235
121 238
121 247
121 249
121 283
121 302
121 309
122 123
122 130
122 157
122 166
122 183
122 186
122 209
122 239
122 240
122 241
122 264
122 266
122 279
123 125
123 127
123 128
123 134
123 139
123 146
123 156
123 163
123 189
123 191
123 197
123 200
123 201
123 206
123 218
123 226
123 232
123 235
123 238
123 261
123 278
123 279
123 295
123 304
124 126
124 150
124 171
124 182
124 189
124 193
124 220
124 230
124 232
124 233
124 240
124 267
124 286
124 288
124 305
124 311
125 128
125 147
125 160
125 167
125 168
125 172
125 177
125 179
125 185
125 202
125 203
125 210
125 219
125 226
125 228
125 234
125 236
125 239
125 271
125 272
125 309
125 312
126 127
126 140
126 147
126 149
126 163
126 168
126 170
126 180
126 187
126 210
126 215
126 220
126 226
126 233
126 236
126 245
126 252
126 255
126 257
126 263
126 267
126 271
126 288
126 291
126 304
126 309
127 134
127 139
127 143
127 227
127 234
127 253
127 266
127 289
127 304
127 309
127 313
127 315
128 130
128 132
128 165
128 193
128 219
128 232
128 233
128 241
128 247
128 266
128 279
128 287
128 303
128 311
129 133
129 151
129 183
129 204
129 206
129 216
129 246
129 249
129 251
129 279
129 309
130 140
131 219
131 229
131 235
132 235
132 311
133 226
133 263
134 149
134 168
134 174
134 182
134 204
134 220
134 232
134 235
134 274
135 141
135 212
135 247
137 162
137 224
137 233
137 235
139 209
139 220
139 261
139 264
139 269
139 304
140 234
140 235
140 237
141 279
141 302
142 213
142 233
142 253
143 191
143 212
143 219
143 220
143 243
143 266
143 309
144 145
144 152
144 221
144 223
144 234
144 269
144 289
145 189
145 262
145 297
146 164
148 235
149 152
151 215
151 226
152 202
152 221
152 253
152 269
152 288
154 216
154 268
154 309
155 220
155 225
156 222
156 284
157 181
158 223
158 235
158 279
159 291
160 168
160 192
160 202
160 215
160 226
160 233
160 241
160 244
160 252
160 267
160 292
160 301
161 253
162 201
162 226
162 232
162 304
162 309
162 315
163 189
163 202
163 235
163 262
164 188
164 204
165 208
165 234
165 276
166 226
167 204
167 266
168 223
168 233
168 234
168 244
168 247
168 266
169 237
170 234
171 209
171 219
171 239
172 175
172 253
172 283
172 286
172 309
173 201
173 263
174 192
174 232
176 261
177 205
177 215
178 180
178 232
178 283
179 226
180 187
180 203
180 216
180 218
181 196
181 204
181 223
182 188
182 192
183 309
184 266
185 294
187 188
187 201
187 232
187 235
188 203
188 265
189 237
189 252
189 262
189 299
191 206
191 268
192 232
192 304
193 195
193 220
193 252
195 215
195 233
195 241
195 265
195 292
196 234
197 224
197 265
197 304
199 206
200 262
200 286
200 288
201 238
202 232
202 236
202 241
202 266
203 274
203 295
204 231
204 266
204 297
206 226
206 303
206 304
207 247
207 309
207 314
208 223
212 219
212 304
213 217
214 215
214 216
215 266
215 274
215 286
216 235
216 272
217 226
217 232
218 313
219 233
219 289
220 273
220 314
222 233
223 232
223 294
223 308
225 276
225 282
226 232
226 249
226 265
226 274
226 279
228 285
229 261
231 232
231 234
231 309
232 250
232 257
232 266
232 271
232 279
232 280
232 306
233 237
233 246
233 272
233 288
234 236
234 246
234 249
234 254
235 240
235 267
235 271
235 273
235 304
236 254
236 308
237 314
238 246
238 258
238 259
239 281
239 297
241 251
243 276
244 288
245 266
245 275
246 292
246 302
249 255
251 288
252 264
256 289
257 259
259 274
259 313
259 314
260 304
264 279
264 309
265 266
265 298
266 276
266 285
274 285
274 308
276 292
278 279
278 304
279 309
280 288
285 297
292 296
304 313
