0 189
0 199
1 78
1 158
1 204
1 275
2 73
2 92
2 123
2 162
2 200
2 239
3 45
3 57
3 107
3 125
3 151
3 233
4 39
4 41
4 66
4 104
4 110
4 131
4 155
4 183
4 186
5 75
5 100
5 123
5 134
5 139
5 158
5 160
5 176
5 215
5 220
5 221
5 234
5 278
5 280
5 304
6 17
6 35
6 37
6 70
6 88
6 95
6 99
6 125
6 127
6 177
6 196
6 202
6 232
6 265
6 267
6 309
7 14
7 23
7 26
7 29
7 36
7 100
7 105
7 126
7 155
7 165
7 235
7 304
7 306
7 315
8 53
8 66
8 103
8 134
8 143
9 10
9 103
9 140
9 178
9 189
9 264
10 29
10 72
10 127
10 128
10 176
10 210
10 234
10 265
10 315
11 36
11 81
11 127
11 216
12 28
12 107
12 135
12 158
12 288
12 304
13 28
13 34
13 36
13 47
13 69
13 73
13 89
13 100
13 110
13 137
13 189
14 49
14 191
14 219
14 236
15 127
15 195
15 217
15 289
16 147
16 235
16 246
16 259
16 266
17 32
17 36
17 66
17 82
17 111
17 124
17 165
17 209
17 229
18 159
18 171
19 122
19 125
19 158
19 170
19 225
19 257
20 29
20 127
20 173
20 174
20 192
20 195
20 201
20 219
20 259
20 266
21 76
21 100
21 158
21 173
22 29
22 41
22 57
22 101
22 126
22 133
22 187
22 269
22 279
22 308
23 103
23 128
23 130
23 158
23 198
23 241
23 249
23 273
23 303
24 34
24 54
24 124
24 155
24 197
24 246
25 56
25 204
25 273
26 39
26 89
26 95
26 170
26 234
26 288
27 93
27 142
27 201
27 218
27 226
28 31
28 42
28 83
28 121
28 125
28 127
28 163
28 173
28 204
28 220
28 232
28 260
28 302
29 73
29 81
29 129
29 158
29 180
29 193
29 205
29 234
29 236
30 260
30 304
31 63
31 66
31 100
31 124
31 129
31 180
32 64
32 100
32 107
32 122
32 223
33 76
33 189
33 197
33 249
34 35
34 106
34 107
34 135
34 141
34 143
34 173
34 314
35 69
35 72
35 100
35 126
35 182
35 193
35 203
35 226
35 246
35 265
35 288
36 80
36 107
36 125
36 135
36 178
36 219
36 253
36 261
36 266
37 41
37 98
37 124
37 162
37 186
37 196
37 232
37 234
37 246
38 97
38 249
39 41
39 72
39 79
39 99
39 129
39 186
39 232
40 85
40 95
40 122
40 124
40 125
40 127
40 129
40 140
40 168
40 192
40 195
40 209
40 232
40 262
40 272
41 57
41 69
41 188
41 219
41 233
41 246
41 252
42 55
42 58
42 111
42 115
42 178
42 190
42 247
42 248
42 304
43 71
43 80
43 273
44 122
44 151
44 204
44 246
44 304
46 204
47 135
47 206
48 183
49 100
49 122
49 159
49 180
49 213
49 218
50 214
50 241
51 52
51 123
51 219
51 231
51 304
52 80
52 104
52 107
52 112
52 120
52 122
52 127
52 151
52 165
52 264
52 313
53 110
53 124
53 149
53 153
53 238
53 267
54 66
54 76
54 87
54 89
54 120
54 152
54 188
54 207
54 215
54 264
54 267
55 190
55 228
55 257
56 102
56 116
56 120
56 123
56 127
56 171
56 208
56 234
56 241
56 265
56 279
57 107
57 113
57 126
57 214
57 232
57 283
59 69
59 103
59 133
59 164
59 188
59 222
59 229
59 232
60 92
60 123
60 214
62 66
62 199
62 267
63 234
63 252
63 296
64 72
64 190
66 90
66 123
66 126
66 134
66 154
66 195
66 220
66 233
67 169
67 237
67 246
68 125
68 196
68 234
69 128
69 233
69 257
70 111
70 123
70 196
70 266
71 126
71 196
71 205
71 220
72 80
72 90
72 120
72 137
72 173
72 193
72 252
73 98
73 224
73 232
73 241
73 304
74 106
74 229
74 271
75 103
75 125
75 134
75 205
75 235
75 252
75 261
75 304
76 77
76 110
76 111
76 121
76 123
76 144
76 175
76 195
76 206
76 211
76 234
76 259
76 262
76 265
76 269
76 304
77 95
77 142
77 161
77 166
77 227
77 288
78 123
79 139
79 166
80 154
80 218
81 85
81 125
81 139
81 279
82 96
82 192
83 253
84 125
85 122
85 125
85 190
85 201
85 216
85 233
85 234
85 272
85 283
85 299
86 104
86 110
86 127
86 134
86 180
87 304
88 104
88 127
88 137
88 216
88 238
88 290
88 301
89 108
89 117
89 124
89 140
89 170
89 207
89 310
90 93
90 102
90 122
90 123
90 124
90 127
90 129
90 131
90 198
90 219
90 230
90 235
90 267
90 269
90 292
91 113
91 203
91 262
92 125
92 129
92 166
92 311
93 101
93 144
93 232
94 216
95 104
95 109
95 232
95 242
96 105
96 246
97 220
97 297
98 129
98 157
98 163
98 169
98 236
98 257
98 309
99 117
99 126
99 128
99 142
99 160
99 180
99 200
99 203
99 214
99 228
99 247
99 270
100 106
100 110
100 111
100 118
100 126
100 182
100 198
100 204
100 237
100 279
100 280
101 162
102 126
102 157
103 106
103 126
103 192
103 241
103 304
104 175
104 266
104 296
104 313
105 129
105 133
105 168
105 197
105 232
105 235
105 241
105 267
106 239
106 246
106 304
106 308
107 134
107 178
107 226
108 265
108 311
109 141
109 226
110 125
110 126
110 127
110 129
110 140
110 143
110 154
110 220
110 233
110 267
110 274
110 309
111 120
111 124
111 134
111 165
111 168
111 232
111 255
111 261
111 279
111 288
111 313
112 141
113 121
113 219
113 309
114 278
115 234
115 246
115 267
115 300
115 309
117 122
117 123
117 129
117 135
117 143
117 158
117 206
117 223
117 309
118 218
119 165
119 217
119 246
119 299
120 169
120 204
120 250
120 279
121 123
121 126
121 149
121 154
121 156
121 157
121 159
121 160
121 166
121 178
121 189
121 202
121 206
121 218
121 220
121 226
121 234
121 238
121 241
121 247
121 276
121 309
121 310
121 312
122 124
122 125
122 140
122 163
122 171
122 173
122 179
122 183
122 188
122 190
122 193
122 204
122 212
122 214
122 216
122 233
122 234
122 235
122 241
122 243
122 270
122 271
123 124
123 127
123 134
123 143
123 151
123 155
123 201
123 204
123 233
123 256
123 258
123 293
124 125
124 128
124 132
124 143
124 166
124 174
124 177
124 180
124 181
124 207
124 219
124 231
124 305
125 126
125 128
125 139
125 173
125 180
125 206
125 208
125 219
125 226
125 228
125 232
125 234
125 235
125 253
125 261
125 266
126 129
126 135
126 138
126 147
126 151
126 157
126 160
126 198
126 200
126 203
126 204
126 206
126 217
126 224
126 241
126 280
126 310
127 128
127 139
127 143
127 153
127 160
127 191
127 197
127 221
127 234
127 246
127 247
127 286
127 304
128 131
128 134
128 147
128 172
128 184
128 189
128 236
128 246
128 262
128 263
128 265
128 309
129 139
129 155
129 165
129 175
129 176
129 192
129 229
129 234
129 245
129 250
129 271
129 272
129 304
129 314
130 204
130 309
131 171
131 235
131 246
131 266
132 159
132 183
132 223
133 194
133 241
133 271
134 150
134 168
134 182
134 215
134 219
134 222
134 257
134 263
134 289
134 297
135 168
135 246
135 266
135 283
136 309
137 216
137 219
138 230
138 288
139 154
139 198
139 304
140 206
140 220
140 226
140 267
141 157
141 184
142 158
142 173
143 197
143 208
143 279
144 233
146 149
146 224
147 187
147 241
147 267
147 276
147 281
151 219
151 252
151 275
151 279
151 299
151 304
152 153
152 192
153 168
153 173
153 280
154 189
155 201
155 226
155 233
155 267
156 196
156 235
156 293
157 221
157 233
157 308
158 210
158 221
158 223
158 262
158 279
159 219
159 227
159 232
159 234
159 235
160 173
160 187
160 232
160 233
160 243
160 255
160 264
160 266
160 268
161 189
161 204
161 235
161 237
162 293
162 304
163 168
163 173
163 228
163 252
163 279
163 283
165 204
165 266
165 275
166 268
167 235
167 268
168 182
168 211
168 226
168 238
168 268
168 274
168 288
169 215
170 181
171 210
172 226
173 185
173 186
173 227
173 233
173 238
174 203
174 205
175 232
176 235
177 207
177 209
178 204
178 235
179 226
179 240
179 246
180 189
180 226
181 208
181 226
181 236
181 274
181 280
182 243
182 258
182 275
183 223
183 224
183 251
185 219
185 309
186 259
186 272
187 199
187 262
188 206
188 226
188 246
189 206
189 223
189 288
191 299
192 204
193 279
195 228
195 234
195 246
195 261
195 297
196 243
197 241
199 203
199 285
200 228
200 233
201 239
201 254
202 234
202 255
202 264
202 286
202 311
203 235
203 266
203 273
204 210
204 231
204 233
204 235
204 236
204 238
204 244
204 266
204 309
206 220
207 226
207 286
207 302
208 255
209 216
210 295
212 226
212 236
212 296
213 281
214 271
215 233
215 288
215 313
216 217
216 233
216 276
216 304
217 276
218 251
218 296
219 230
219 232
219 237
219 254
219 284
220 229
220 246
221 240
221 301
222 247
222 265
222 299
224 225
224 235
224 259
224 286
226 230
226 232
226 237
226 249
226 250
226 257
226 277
226 304
226 309
226 314
227 231
228 233
228 268
229 243
230 249
232 235
232 236
232 304
232 314
233 249
233 252
233 259
233 271
234 274
234 276
234 279
234 286
235 265
235 309
235 315
236 243
236 291
237 246
238 271
238 311
240 252
241 304
241 311
243 249
245 307
245 309
246 267
247 266
247 278
249 255
250 283
251 276
253 284
255 259
255 302
264 275
266 279
267 305
269 299
271 279
273 309
275 279
279 314
282 286
283 304
285 313
286 296
286 314
292 309
297 302
304 308
304 309
