0 49
0 92
0 117
0 122
0 155
1 35
1 74
1 129
1 259
2 5
2 9
2 35
2 158
2 175
3 40
3 189
3 244
4 129
4 160
4 168
4 220
4 293
4 297
4 303
5 10
5 59
5 90
5 100
5 110
5 129
5 212
5 213
5 275
5 304
5 313
6 99
6 123
6 204
6 241
6 280
7 20
7 26
7 29
7 41
7 57
7 77
7 84
7 100
7 107
7 127
7 137
7 147
7 206
8 106
8 204
8 224
8 243
8 266
9 123
9 126
9 160
9 209
9 234
9 288
10 18
10 20
10 36
10 99
10 125
10 126
10 137
10 145
10 147
10 201
10 232
10 308
11 233
11 261
12 13
12 26
13 142
13 174
13 217
13 222
13 258
14 79
14 121
14 124
14 126
14 212
14 219
15 90
15 141
16 65
16 69
16 79
16 97
16 192
17 43
17 49
17 68
17 75
17 125
17 127
17 129
17 135
17 223
17 226
17 234
17 254
17 274
17 309
18 94
18 237
18 238
18 245
19 57
19 122
20 47
20 206
20 217
20 273
21 67
21 121
22 112
22 128
22 135
22 139
22 220
22 226
22 235
22 263
22 271
22 279
22 304
23 44
23 69
23 121
23 290
24 42
24 76
24 89
24 122
24 125
24 182
24 232
24 244
24 258
24 314
25 160
25 226
25 232
25 277
26 90
26 199
26 218
27 57
27 123
27 134
27 139
27 201
27 212
27 215
27 233
28 106
28 124
28 139
28 201
28 255
28 288
29 52
29 57
29 102
29 253
29 286
29 291
29 294
29 314
30 41
30 54
30 137
30 174
30 183
30 278
31 76
31 82
31 195
32 35
32 127
32 128
32 133
32 134
32 202
32 238
32 256
32 286
33 99
33 117
33 121
33 122
33 142
33 155
34 76
34 134
34 187
34 214
34 226
34 288
35 40
35 61
35 91
35 109
35 117
35 123
35 127
35 128
35 135
35 196
35 208
35 209
35 234
35 235
35 240
35 279
36 67
36 112
36 118
36 124
36 140
36 155
36 169
36 217
36 245
36 255
37 115
37 165
37 229
37 300
38 56
38 235
39 73
39 90
39 121
39 122
39 200
39 226
39 233
39 266
39 279
40 74
40 82
40 112
40 125
40 127
40 129
40 155
40 159
40 195
40 232
40 234
40 236
40 241
40 275
40 306
41 51
41 78
41 87
41 172
41 174
41 182
42 66
42 94
42 183
42 219
43 66
43 235
44 161
44 234
44 288
45 232
45 233
45 304
46 52
46 111
46 149
46 166
47 123
48 117
48 191
49 54
49 99
49 123
49 129
49 134
49 189
49 246
49 256
49 286
49 291
50 124
50 149
51 105
51 204
52 98
52 104
52 115
52 122
52 123
52 126
52 129
52 195
52 204
52 228
52 250
52 283
52 315
53 123
53 168
53 208
53 235
53 241
54 59
54 74
54 100
54 124
54 140
54 147
54 226
54 232
54 235
54 243
54 244
54 264
55 76
55 163
55 166
55 277
56 85
56 100
56 123
56 139
56 248
56 259
56 308
57 95
57 102
57 111
57 126
57 152
57 154
57 159
57 168
57 241
57 293
58 124
58 232
59 123
59 128
59 162
59 181
59 265
59 303
59 309
60 85
60 123
60 129
60 288
61 189
61 223
61 241
61 289
62 84
62 121
62 165
62 232
62 283
63 226
64 181
64 209
65 120
65 125
65 226
65 268
65 285
66 92
66 125
66 129
66 216
66 233
66 235
66 239
66 249
67 73
68 127
68 142
68 235
68 288
69 108
69 125
69 175
70 90
70 108
71 76
71 122
71 193
72 85
72 124
72 127
72 249
72 266
73 121
73 124
73 165
73 168
73 173
73 183
73 240
73 283
74 173
75 180
75 218
75 226
76 93
76 95
76 103
76 106
76 121
76 122
76 128
76 129
76 162
76 200
76 215
76 219
77 90
77 99
77 100
77 110
77 121
77 122
77 123
77 127
77 131
77 132
77 180
77 233
77 247
77 258
77 309
79 100
79 161
80 100
80 135
80 179
80 234
81 106
81 203
82 126
82 186
83 86
83 89
83 90
83 169
83 216
83 315
84 135
84 257
85 90
85 102
85 124
85 158
85 172
85 189
85 252
85 292
86 90
86 115
86 191
87 135
88 129
88 182
89 109
89 141
89 152
89 264
89 266
89 267
89 304
90 93
90 115
90 117
90 124
90 139
90 153
90 158
90 166
90 169
90 174
90 220
90 233
90 235
91 99
91 151
91 192
91 227
91 294
92 129
92 256
93 103
93 129
94 206
95 110
95 122
95 125
95 232
95 233
97 284
97 291
98 160
98 168
98 234
99 122
99 129
99 135
99 155
99 172
99 195
99 217
99 224
99 252
99 264
99 309
100 108
100 110
100 112
100 113
100 123
100 143
100 169
100 174
100 183
100 188
100 204
100 206
100 232
100 269
100 279
102 123
103 123
103 187
104 106
104 111
104 163
104 268
105 106
105 111
105 122
105 124
105 132
105 220
105 232
105 234
105 264
106 110
106 121
106 128
106 130
106 169
106 204
106 232
106 246
106 304
107 125
107 138
107 151
107 279
108 110
108 123
108 127
108 169
108 219
108 265
108 309
108 311
109 116
110 202
110 212
110 257
110 266
111 160
111 195
111 217
111 240
111 250
111 276
112 168
112 173
112 219
112 247
112 304
113 115
113 128
113 142
113 157
114 304
115 123
115 127
115 216
115 235
115 304
116 119
116 213
116 219
116 235
117 121
117 127
117 138
117 232
119 142
119 202
119 225
119 229
119 265
120 129
120 147
120 188
120 205
120 313
121 123
121 126
121 128
121 130
121 134
121 138
121 158
121 167
121 172
121 189
121 195
121 206
121 212
121 219
121 227
121 236
121 240
121 245
121 247
121 251
121 286
121 292
121 293
121 309
122 127
122 140
122 153
122 157
122 166
122 168
122 183
122 186
122 195
122 208
122 209
122 234
122 238
122 274
122 277
122 278
122 309
123 124
123 126
123 129
123 134
123 135
123 138
123 142
123 159
123 169
123 186
123 201
123 207
123 213
123 219
123 235
123 253
123 264
123 286
123 294
123 309
124 149
124 182
124 196
124 203
124 223
124 226
124 232
124 234
124 251
124 253
124 257
124 261
124 266
124 288
124 304
125 126
125 128
125 138
125 143
125 161
125 175
125 189
125 193
125 206
125 208
125 223
125 235
125 240
125 246
125 259
125 263
125 314
126 129
126 141
126 147
126 149
126 151
126 155
126 163
126 186
126 201
126 203
126 228
126 235
126 238
126 260
126 263
126 285
126 309
127 129
127 131
127 152
127 156
127 165
127 168
127 201
127 202
127 212
127 231
127 257
127 276
128 160
128 166
128 168
128 171
128 172
128 173
128 180
128 188
128 216
128 220
128 226
128 232
128 233
128 234
128 238
128 246
128 254
128 262
128 276
128 304
129 166
129 174
129 187
129 206
129 224
129 233
129 309
130 135
130 147
130 240
130 283
131 143
131 157
131 172
131 202
131 309
132 217
132 220
132 257
132 279
132 309
133 220
133 232
134 140
134 143
134 192
134 196
134 209
134 215
134 227
134 229
134 233
134 240
134 252
134 288
134 291
135 140
135 238
136 137
137 142
137 160
137 218
137 309
138 228
138 283
139 158
139 223
139 253
140 163
140 181
140 195
140 241
140 257
140 291
141 262
141 268
141 288
142 159
142 239
143 174
143 188
143 190
143 219
144 204
144 217
144 219
144 238
144 285
145 195
145 314
146 160
146 199
146 309
147 259
147 292
147 304
148 170
148 233
149 253
149 267
149 286
150 232
150 243
150 247
151 182
151 183
151 255
151 258
152 290
153 154
153 159
153 201
154 160
154 180
154 271
155 187
155 232
156 174
156 178
156 210
156 253
157 233
158 185
158 189
158 191
158 226
158 249
159 174
159 177
159 279
160 201
160 204
160 266
160 272
160 304
161 315
162 195
163 224
163 232
163 234
163 286
165 206
165 209
165 224
165 309
166 249
166 252
167 259
168 187
168 197
168 214
168 234
168 274
168 310
169 215
169 259
169 289
169 304
170 204
171 241
171 309
174 240
175 186
178 233
178 282
180 233
180 264
180 266
180 285
180 309
181 204
181 278
181 304
183 233
183 247
183 286
183 294
183 315
184 219
184 241
184 243
185 259
186 257
186 274
187 264
188 233
188 252
188 268
191 206
192 243
192 309
193 253
193 279
193 282
193 309
195 209
195 233
195 309
198 232
199 258
199 291
200 282
200 309
201 204
201 217
201 223
201 261
201 266
201 309
202 226
202 241
202 278
203 265
204 220
204 235
204 251
205 232
205 279
206 252
206 269
207 208
207 259
209 285
210 219
210 220
210 232
210 233
210 309
211 313
215 234
215 264
216 259
217 279
217 309
219 233
219 267
219 268
220 246
220 314
221 283
221 304
223 261
223 279
223 304
224 258
224 259
224 293
226 233
226 235
226 238
226 282
226 292
226 303
227 280
227 302
232 233
232 234
232 241
232 265
232 278
232 279
232 304
232 311
233 262
233 280
233 305
233 314
234 254
234 267
234 278
234 285
234 286
234 289
234 292
234 296
234 299
235 241
235 246
235 247
235 264
235 285
235 313
236 237
236 243
236 304
236 309
237 313
240 315
241 298
241 309
246 267
246 274
246 282
247 266
247 297
247 309
250 309
252 281
255 275
255 312
259 291
260 266
261 268
261 285
262 309
263 279
264 304
266 277
266 280
267 309
268 271
271 309
271 314
272 314
273 288
277 309
280 282
280 309
285 309
288 295
302 309
