0 110
0 122
0 234
1 37
1 99
1 121
1 134
1 171
1 272
1 300
2 7
2 67
2 99
2 160
2 207
2 249
2 266
3 18
3 28
3 30
3 54
3 99
3 193
4 24
4 36
4 41
4 74
4 77
4 90
4 122
4 127
4 128
4 215
4 283
4 298
4 315
5 17
5 23
5 29
5 55
5 113
5 120
5 126
5 140
5 168
5 171
5 200
5 226
5 253
5 258
5 261
5 262
5 279
5 310
6 7
6 31
6 62
6 88
6 89
6 120
6 125
6 129
6 151
6 169
6 192
6 201
6 225
6 234
6 285
6 309
7 13
7 20
7 23
7 67
7 73
7 75
7 90
7 99
7 112
7 144
7 147
7 155
7 215
7 238
7 279
8 41
8 189
8 220
8 309
9 57
9 84
9 151
9 213
9 228
9 233
10 13
10 36
10 40
10 42
10 51
10 83
10 88
10 168
10 175
10 206
10 235
10 279
11 40
11 90
12 30
12 102
12 129
12 174
12 201
12 262
12 301
13 39
13 89
13 97
13 160
13 196
13 199
13 213
13 226
13 234
13 309
13 312
14 18
14 68
14 76
14 127
14 217
14 284
15 122
15 177
15 201
16 186
16 233
16 304
17 61
17 85
17 97
17 99
17 108
17 121
17 164
17 167
17 180
17 201
17 209
17 263
17 273
17 288
17 309
18 76
18 121
18 122
18 125
18 165
18 186
18 246
18 279
18 302
19 67
19 169
19 202
20 29
20 40
20 75
20 125
20 185
20 280
21 147
21 162
22 41
22 95
22 100
22 123
22 125
22 188
22 213
22 282
23 54
23 99
23 168
23 195
23 226
23 241
23 303
23 310
24 35
24 118
24 129
24 145
24 187
24 212
24 222
24 273
24 296
25 28
25 110
25 123
25 128
26 29
26 153
27 99
27 107
27 203
28 95
28 104
28 122
28 155
28 217
28 219
28 232
28 279
28 293
28 305
29 65
29 149
29 199
29 244
30 180
30 232
31 40
31 49
31 52
31 72
31 123
31 208
31 232
32 45
32 62
32 66
33 125
33 276
34 52
34 90
34 120
34 130
34 185
34 220
34 274
34 280
35 115
35 124
35 130
35 167
35 214
35 227
35 235
35 309
36 53
36 73
36 98
36 121
36 211
36 264
36 274
37 188
37 273
37 296
38 66
38 73
39 42
39 67
39 105
39 115
39 126
39 168
39 173
39 202
39 226
39 247
39 299
39 304
40 124
40 128
40 129
40 168
40 222
40 232
40 234
40 252
40 304
40 307
41 74
41 80
41 123
41 124
41 133
41 134
42 67
42 90
42 124
42 126
42 148
42 216
42 233
42 235
42 259
42 271
42 272
42 286
43 121
43 158
43 247
44 164
44 217
44 253
44 275
44 313
45 203
45 237
46 66
46 116
46 202
47 49
47 97
48 174
49 122
49 125
49 129
49 166
49 203
49 223
49 246
49 278
50 121
51 52
51 127
51 129
51 169
51 192
51 277
51 305
52 106
52 123
52 128
52 131
52 134
52 144
52 186
52 235
52 241
52 252
53 77
53 100
53 189
53 232
54 55
54 76
54 81
54 85
54 112
54 125
54 127
54 137
54 162
54 164
54 235
54 267
55 155
55 157
55 233
55 243
56 84
56 89
56 148
56 174
56 219
56 229
57 77
57 255
57 262
57 299
58 162
58 232
59 91
59 103
59 124
59 178
59 264
59 292
59 307
60 113
61 204
61 220
61 226
61 232
61 246
61 282
62 67
62 100
62 135
62 259
62 267
63 99
63 105
64 241
65 221
66 85
66 93
67 72
67 96
67 148
68 114
68 126
68 252
69 106
70 113
70 129
70 174
71 121
71 207
71 210
71 279
71 304
72 73
72 84
72 126
72 144
72 234
72 313
73 100
73 172
73 176
73 232
73 257
74 117
74 204
75 96
75 125
75 140
75 224
75 268
75 282
75 284
75 293
76 93
76 182
76 189
76 226
76 232
76 235
76 247
76 252
76 253
76 259
77 105
77 110
77 113
77 114
77 123
77 134
77 144
77 214
77 219
77 226
77 233
77 247
79 101
79 207
79 233
79 234
80 93
80 110
80 191
80 237
80 250
81 84
81 104
81 113
81 191
81 204
81 232
81 235
82 102
82 127
82 150
82 168
83 123
83 185
83 268
84 122
84 251
85 128
85 134
85 162
85 199
85 232
85 243
86 90
86 121
86 122
86 129
86 151
86 178
86 189
86 192
86 233
86 270
87 154
88 128
89 102
89 123
89 127
89 211
89 223
90 106
90 129
90 133
90 140
90 162
90 165
90 178
90 219
90 226
90 228
90 235
90 309
91 99
91 129
91 212
91 261
92 234
92 252
92 291
93 125
93 220
93 241
93 292
94 99
94 123
95 99
95 105
95 115
95 124
95 126
95 185
95 238
96 108
96 189
96 202
97 124
97 233
98 99
98 155
98 181
98 201
98 202
98 233
99 100
99 105
99 116
99 123
99 127
99 128
99 157
99 166
99 170
99 201
99 218
99 221
99 226
99 232
99 243
99 273
99 277
99 293
99 296
99 304
100 125
100 126
100 131
100 134
100 167
100 168
100 174
100 199
100 208
100 227
100 235
100 241
101 125
101 134
101 231
103 106
104 115
104 127
104 216
104 277
105 141
105 150
105 206
105 228
105 243
105 301
106 133
106 161
106 232
106 277
106 304
107 128
107 198
107 226
108 121
108 209
108 235
108 314
109 126
109 271
110 121
110 216
110 230
110 257
111 135
111 158
111 173
111 206
111 216
111 233
111 288
111 304
112 118
112 127
112 134
112 204
112 206
112 221
112 262
113 123
113 134
113 223
113 233
113 246
113 293
113 304
114 127
114 157
114 204
115 118
115 128
115 232
115 233
115 309
116 124
116 154
116 309
117 128
117 129
117 168
117 214
117 219
117 247
119 290
120 185
120 234
120 245
121 122
121 124
121 125
121 137
121 139
121 140
121 156
121 168
121 174
121 181
121 202
121 217
121 219
121 224
121 228
121 233
121 234
121 240
121 253
121 264
122 131
122 139
122 143
122 153
122 166
122 174
122 185
122 190
122 200
122 201
122 209
122 234
122 237
122 249
122 253
122 279
123 127
123 134
123 138
123 144
123 185
123 192
123 196
123 203
123 216
123 222
123 236
123 243
123 262
123 265
123 266
123 268
123 309
124 125
124 129
124 143
124 165
124 170
124 182
124 205
124 209
124 216
124 220
124 221
124 224
124 226
124 234
124 246
124 262
124 288
124 304
124 305
124 315
125 127
125 129
125 145
125 171
125 180
125 182
125 185
125 195
125 204
125 220
125 224
125 225
125 234
125 237
125 266
125 279
125 296
126 129
126 134
126 145
126 149
126 157
126 160
126 197
126 204
126 232
126 246
126 257
126 264
126 266
126 279
126 283
126 296
127 132
127 134
127 141
127 148
127 157
127 163
127 219
127 232
127 235
127 241
127 266
127 298
127 306
127 307
127 309
128 136
128 162
128 171
128 174
128 180
128 182
128 204
128 263
128 266
128 278
128 292
128 310
129 132
129 140
129 160
129 199
129 221
129 223
129 232
129 278
131 159
131 192
131 219
132 155
132 163
132 254
133 173
133 177
133 183
133 236
133 260
134 186
134 226
134 230
134 279
135 139
135 141
135 219
135 234
135 309
137 163
137 192
137 225
137 235
138 227
138 240
139 168
139 184
139 202
139 229
139 255
139 303
140 175
140 257
141 173
141 181
141 226
141 236
141 237
141 266
142 241
142 280
142 304
142 308
143 160
143 187
143 201
144 159
144 203
144 237
144 238
144 241
144 267
144 285
144 297
145 185
145 304
147 233
147 283
148 196
148 209
148 242
150 178
151 252
151 309
152 235
154 223
154 231
155 202
155 207
156 236
156 240
156 279
157 195
157 300
158 175
158 232
158 292
158 304
158 305
159 301
160 226
160 232
161 234
162 182
162 193
162 236
162 247
162 266
163 195
163 207
163 233
163 246
164 168
164 204
165 197
165 210
165 226
165 232
166 216
167 202
168 184
168 210
168 238
168 250
168 267
169 209
169 246
169 261
169 264
170 183
170 193
170 217
171 180
172 266
172 308
173 189
173 238
173 269
173 299
174 185
174 188
174 191
174 246
175 191
177 267
180 185
180 216
180 238
181 210
181 218
181 236
182 243
183 187
183 237
183 279
183 291
183 309
184 244
185 195
185 204
185 232
186 196
186 200
187 233
187 293
188 237
188 266
189 226
191 202
191 216
191 218
191 245
192 220
194 235
195 250
195 271
195 301
197 279
197 304
198 204
198 223
200 217
200 232
200 235
200 279
200 309
201 230
201 267
201 268
201 271
201 277
202 206
202 297
203 304
204 233
204 235
204 252
204 266
204 296
206 235
206 275
206 313
207 218
207 219
207 252
207 265
207 286
208 238
209 219
209 261
210 236
211 284
211 286
212 220
212 226
212 235
212 238
213 221
216 234
216 254
217 223
217 226
218 232
218 233
219 230
219 266
219 274
220 232
220 272
221 222
221 267
222 302
223 240
223 268
223 288
224 226
226 228
226 243
226 252
226 257
232 233
232 244
232 261
232 273
232 294
232 299
233 236
233 255
233 292
234 238
234 264
234 276
234 278
234 305
235 249
235 259
235 284
235 308
236 246
237 266
238 292
238 315
239 259
239 309
240 309
245 264
246 253
247 279
248 255
253 279
257 286
257 309
259 265
259 285
261 292
264 266
264 283
264 313
265 266
266 276
272 279
272 283
273 288
281 286
284 290
286 309
288 297
314 315
