0 122
0 147
0 192
0 228
0 266
1 77
1 134
1 186
1 219
2 28
2 56
2 80
2 95
2 117
2 125
2 151
2 168
2 239
2 288
2 298
2 309
3 51
3 52
3 100
3 117
3 126
3 133
3 157
3 180
3 257
3 258
4 16
4 61
4 112
4 117
4 129
4 135
4 137
4 172
4 193
4 197
4 259
4 266
4 292
5 9
5 22
5 98
5 125
5 129
5 191
5 201
5 232
5 235
5 238
5 292
5 303
5 309
6 8
6 21
6 36
6 80
6 97
6 125
6 129
6 231
6 233
6 237
6 241
6 252
6 255
6 286
7 117
7 122
7 128
7 135
7 182
7 211
7 223
7 272
7 286
8 80
8 129
8 180
8 189
8 241
9 23
9 67
9 89
9 99
9 193
9 204
9 207
9 266
9 280
10 125
10 158
10 201
10 235
10 251
10 272
10 279
11 28
11 56
11 102
11 122
11 129
12 233
12 288
13 18
13 26
13 54
13 115
13 138
13 180
13 232
13 245
13 260
14 111
14 125
14 128
14 155
14 157
14 199
14 226
15 50
15 92
15 183
15 212
15 216
15 314
16 65
16 111
16 139
16 160
16 252
17 77
17 121
17 125
17 182
17 193
17 198
17 232
17 240
17 255
17 292
18 85
18 99
18 127
18 235
18 257
19 129
19 162
19 230
19 269
19 286
20 73
20 90
20 100
20 123
20 159
20 202
20 235
21 36
21 76
21 90
21 107
21 165
22 89
22 113
22 125
22 174
22 234
22 277
22 309
22 312
23 99
23 128
23 129
23 225
23 259
24 61
24 127
24 152
24 243
25 44
25 90
25 95
25 126
25 131
25 235
25 309
26 35
26 46
26 100
26 286
27 34
27 123
27 132
28 99
28 126
28 216
28 266
29 39
29 45
29 94
29 99
29 104
29 121
29 217
29 224
30 34
30 126
30 241
30 286
31 35
31 78
31 127
31 139
31 268
31 272
32 68
32 105
32 110
32 241
33 122
33 314
34 59
34 89
34 90
34 110
34 152
34 227
34 240
35 70
35 80
35 81
35 98
35 101
35 106
35 110
35 117
35 121
35 144
35 170
35 174
35 229
35 241
35 266
35 285
35 305
36 69
36 75
36 77
36 85
36 90
36 105
36 107
36 117
36 118
36 122
36 123
36 126
36 183
36 208
36 234
36 259
36 266
36 279
36 294
36 300
37 50
37 78
37 89
37 100
37 169
37 245
37 264
38 67
38 90
38 247
39 61
39 73
39 81
39 102
39 128
39 163
39 198
39 201
39 212
39 290
40 59
40 61
40 93
40 95
40 100
40 123
40 126
40 158
40 201
40 224
40 235
41 59
41 67
41 120
41 124
41 127
41 185
41 195
41 200
41 227
41 269
41 285
42 59
42 156
42 160
43 123
44 116
44 123
44 161
44 209
44 241
46 77
46 115
47 81
47 126
48 74
48 230
49 89
49 90
49 92
49 165
49 253
50 173
50 174
50 190
50 241
51 95
51 99
51 121
51 129
51 140
51 240
52 90
52 139
52 180
52 206
52 283
53 232
54 66
54 94
54 170
54 177
54 197
54 280
55 89
55 237
55 241
55 304
56 73
56 106
56 122
56 123
56 128
56 137
56 236
56 286
56 297
57 115
57 126
57 200
57 218
57 257
57 263
57 282
58 100
58 115
58 140
58 210
59 89
59 112
59 123
59 185
59 280
60 102
60 132
60 234
61 90
61 92
62 90
62 108
62 122
62 127
62 128
62 167
62 210
63 193
65 76
65 204
65 262
66 143
66 217
66 232
67 115
67 122
67 125
67 201
67 233
68 73
68 95
68 126
68 178
69 85
69 219
69 220
69 259
70 125
70 223
70 286
71 147
71 204
71 226
72 125
72 203
72 217
72 260
72 309
73 121
73 126
73 149
73 204
73 233
73 278
73 288
74 106
74 124
74 160
74 162
74 171
74 226
74 246
74 302
75 77
75 80
75 103
75 140
75 173
75 192
75 198
75 222
75 224
75 225
75 309
76 118
76 121
76 123
76 126
76 174
76 175
76 178
76 195
76 202
76 206
76 215
76 222
76 226
76 230
76 234
76 265
76 273
76 312
77 107
77 124
77 126
77 134
77 140
77 202
77 204
77 219
77 232
77 235
77 238
77 268
78 114
78 215
79 206
79 217
80 160
80 173
80 216
80 233
80 234
80 269
81 121
81 154
81 255
81 272
82 127
83 138
83 180
83 240
83 279
84 134
84 153
84 163
84 207
85 116
85 129
85 133
85 163
85 166
85 184
85 206
85 213
85 222
85 266
85 267
85 299
86 129
86 134
86 137
86 215
86 264
87 207
88 124
89 90
89 124
89 125
89 156
89 157
89 179
89 198
89 218
89 292
89 304
90 99
90 104
90 124
90 129
90 170
90 180
90 186
90 204
90 234
90 261
90 264
90 273
90 294
91 165
91 177
91 233
91 261
91 283
91 304
92 112
92 178
92 220
93 158
93 179
93 253
93 288
94 219
94 238
95 110
95 126
95 171
95 177
95 178
95 249
96 126
96 154
96 264
97 122
97 256
98 149
98 172
98 185
98 206
98 233
99 115
99 124
99 187
99 192
99 228
99 247
99 309
100 115
100 117
100 119
100 126
100 174
100 180
100 189
100 195
100 218
100 226
100 252
100 268
100 283
100 315
101 126
101 233
102 112
102 124
102 158
102 180
102 195
102 278
103 107
103 124
103 136
103 267
104 105
104 122
104 215
104 226
104 234
104 256
104 292
105 122
105 134
105 168
105 223
105 238
105 301
106 126
106 178
106 204
106 209
106 231
106 267
106 312
107 124
107 144
107 165
107 180
107 197
107 232
107 234
107 255
108 129
108 271
108 294
109 213
110 129
110 143
110 233
110 234
110 235
110 259
110 302
111 121
111 182
111 204
111 219
112 235
112 237
114 141
114 233
115 124
115 155
115 187
115 269
115 285
116 166
117 123
117 128
117 134
117 168
117 195
117 204
117 228
118 123
118 241
119 122
120 183
120 286
120 297
121 125
121 129
121 135
121 152
121 153
121 162
121 166
121 177
121 198
121 216
121 217
121 226
121 228
121 241
121 249
121 266
121 279
121 285
121 297
122 127
122 129
122 136
122 150
122 155
122 160
122 163
122 168
122 169
122 173
122 180
122 182
122 189
122 193
122 202
122 203
122 206
122 219
122 232
122 241
122 246
122 264
122 282
122 292
122 304
122 305
123 126
123 128
123 129
123 137
123 153
123 154
123 160
123 187
123 195
123 202
123 228
123 234
123 249
123 257
123 266
123 271
123 279
123 281
124 125
124 129
124 143
124 147
124 189
124 199
124 203
124 206
124 232
124 247
124 259
124 270
124 289
124 304
125 133
125 137
125 149
125 153
125 179
125 182
125 188
125 193
125 196
125 201
125 218
125 226
125 240
125 243
125 247
125 260
125 288
125 295
126 127
126 129
126 140
126 142
126 143
126 153
126 156
126 166
126 167
126 186
126 191
126 201
126 202
126 220
126 237
126 243
126 258
126 260
126 261
126 309
127 128
127 135
127 151
127 165
127 180
127 182
127 191
127 212
127 220
127 223
127 234
127 240
127 261
127 268
127 280
127 283
127 301
127 304
128 129
128 140
128 168
128 199
128 234
128 235
128 269
128 279
129 139
129 160
129 171
129 195
129 206
129 209
129 234
129 249
129 262
129 273
129 279
129 302
129 307
129 309
130 195
130 199
130 241
130 253
131 144
131 235
131 285
131 304
132 158
132 219
133 166
134 151
134 168
134 175
134 180
134 212
134 253
134 274
134 278
134 288
134 291
134 311
135 145
135 163
135 175
135 197
135 233
135 263
135 276
136 160
136 290
136 304
137 183
137 241
137 250
139 149
139 180
139 181
139 185
140 153
140 180
140 198
140 235
140 238
140 266
140 283
141 204
141 270
141 286
142 217
142 277
143 162
143 170
143 176
143 255
143 312
144 176
144 183
144 235
144 243
144 264
145 204
146 264
147 234
148 178
148 243
149 279
151 157
151 162
151 232
152 160
152 222
154 178
154 279
155 168
155 233
155 245
155 247
155 265
156 243
157 193
157 233
157 288
158 193
158 219
158 244
158 280
158 304
159 223
159 277
160 170
160 192
160 273
160 280
160 299
161 250
162 310
163 234
164 234
165 175
165 191
165 216
165 218
165 234
166 212
166 232
166 262
166 267
166 268
166 313
167 201
168 196
168 280
169 195
169 241
169 279
170 185
170 206
171 260
171 309
173 195
173 235
173 241
173 284
173 288
174 182
174 216
174 219
175 199
175 262
176 188
177 204
177 213
177 224
177 233
177 298
177 303
178 228
178 232
178 233
178 301
179 206
180 182
180 201
180 221
180 292
180 293
181 304
182 188
182 227
182 259
183 232
183 293
184 209
185 232
185 233
186 279
187 208
187 313
188 196
188 204
188 220
188 234
188 259
189 200
189 208
189 212
189 218
189 265
189 275
191 232
191 237
192 197
192 239
192 304
193 201
194 259
195 201
195 235
195 309
197 219
197 241
197 260
198 204
200 208
200 243
200 257
200 267
201 218
201 311
202 211
202 296
203 206
203 260
204 207
204 210
204 226
204 232
204 261
204 279
204 313
206 283
207 210
207 255
208 263
209 220
209 221
209 222
210 313
211 309
212 234
213 257
213 288
214 232
214 236
214 279
215 233
215 237
215 250
216 245
216 267
217 226
217 237
217 266
218 223
218 233
219 220
219 232
219 245
219 280
219 313
220 251
220 271
221 266
221 284
222 223
223 235
223 300
226 232
226 235
226 236
226 243
226 261
226 267
226 274
226 285
226 286
226 303
226 304
226 313
227 263
227 273
227 305
227 311
229 249
231 233
231 264
231 268
231 313
232 234
232 235
232 237
232 240
232 241
232 254
232 276
232 309
233 240
233 246
233 247
233 257
233 261
233 262
233 275
233 279
233 297
234 241
234 243
234 246
234 263
234 267
234 273
234 285
234 306
235 265
235 286
235 304
235 309
236 257
237 286
237 299
237 315
238 304
239 271
239 280
240 249
240 261
240 272
241 285
241 292
241 304
241 310
243 294
243 304
245 267
247 304
250 259
252 263
256 274
257 284
259 264
260 280
260 291
261 279
262 304
264 266
264 312
266 315
270 271
271 292
272 283
275 288
276 309
278 312
279 304
279 308
280 288
280 292
292 314
