0 98
1 222
1 233
2 8
2 37
2 84
2 86
2 109
2 170
2 246
2 266
2 308
3 61
3 80
3 129
3 215
3 309
4 31
4 89
4 160
4 163
4 166
4 183
4 188
4 203
4 239
5 13
5 41
5 82
5 107
5 121
5 124
5 153
5 163
5 187
5 227
5 288
6 45
6 52
6 53
6 65
6 173
6 195
6 202
6 213
6 232
7 25
7 31
7 39
7 121
7 122
7 124
7 144
7 159
7 168
7 195
7 200
7 206
7 214
7 221
7 258
7 269
7 288
8 52
8 112
8 180
8 267
9 31
9 193
9 202
9 204
9 251
9 309
10 56
10 71
10 84
10 99
10 156
10 201
11 20
11 130
11 204
11 265
12 22
12 42
12 77
12 127
12 247
12 254
13 76
13 127
13 187
13 201
13 206
13 220
13 264
14 73
14 75
14 128
14 141
15 19
15 55
15 100
15 208
15 232
15 233
16 75
16 89
16 95
16 98
16 99
16 123
16 266
17 110
17 129
17 208
17 215
17 239
17 282
18 108
18 123
18 192
18 278
19 40
19 56
19 73
19 173
19 235
19 253
19 304
20 32
20 76
20 111
20 126
21 151
21 279
21 300
22 33
22 122
22 195
22 226
22 241
22 249
23 47
23 72
23 99
23 100
23 108
23 219
24 36
24 40
24 61
24 88
24 106
24 173
24 200
24 208
24 241
24 246
24 279
24 306
25 38
25 165
25 169
26 39
26 48
26 55
26 62
26 106
26 112
26 113
26 163
27 125
27 169
27 204
27 206
27 234
28 90
28 107
28 120
28 143
28 147
28 236
28 306
29 55
29 89
29 90
29 109
29 111
29 123
29 124
29 127
29 226
29 230
30 85
30 123
30 195
31 116
31 178
31 197
31 214
31 262
32 35
32 105
32 235
32 246
32 271
33 233
33 247
33 273
34 39
34 52
34 84
34 121
34 122
34 191
34 226
34 250
34 261
35 52
35 79
35 99
35 134
35 135
35 154
35 158
35 183
35 186
35 187
35 200
35 204
35 207
35 228
35 232
35 241
35 299
35 304
36 42
36 126
36 170
36 219
36 235
36 303
36 305
37 40
37 43
37 195
38 47
38 140
38 177
38 186
38 193
38 234
38 235
39 64
39 90
39 169
39 231
39 233
39 235
39 309
40 41
40 46
40 67
40 98
40 124
40 125
40 220
40 233
40 265
40 272
40 308
41 79
41 122
41 155
41 218
41 233
41 235
41 262
42 51
42 52
42 77
42 105
42 112
42 115
42 122
42 134
42 204
42 241
42 266
42 267
43 123
43 127
43 174
44 92
44 104
44 249
44 279
45 172
45 233
46 115
46 127
47 121
47 123
47 170
47 206
48 99
48 121
48 173
49 51
49 105
49 126
49 168
49 173
49 197
50 135
50 312
51 73
51 90
51 99
51 100
51 106
51 200
52 62
52 122
52 125
52 136
52 199
52 220
52 245
52 278
52 288
53 67
53 77
53 105
53 128
53 223
53 267
54 99
54 123
54 142
54 174
54 235
54 255
54 277
55 79
55 180
55 194
55 195
55 200
55 219
55 237
55 303
56 76
56 102
56 142
56 155
56 204
56 216
56 288
57 85
57 102
57 117
57 182
57 286
57 303
58 100
58 117
58 122
58 170
58 188
58 247
59 77
59 87
59 100
59 102
59 108
59 178
59 243
59 259
59 288
60 182
60 210
60 240
60 266
61 74
61 123
61 163
61 196
61 232
61 268
62 76
62 77
62 95
62 133
62 185
62 217
62 219
63 123
63 136
64 67
65 93
65 108
65 188
65 255
65 259
65 289
66 156
66 173
66 237
66 248
67 72
67 122
67 179
67 220
67 276
67 298
68 111
68 121
68 250
68 273
69 126
69 201
69 234
70 86
70 95
70 106
70 122
70 183
70 188
70 217
70 261
70 292
71 73
71 160
71 202
71 206
71 253
72 128
72 178
72 206
72 212
73 74
73 97
73 128
73 135
73 172
73 193
73 238
73 280
74 109
74 126
74 254
75 84
75 130
75 273
75 278
75 304
76 77
76 80
76 89
76 91
76 99
76 124
76 126
76 133
76 137
76 144
76 163
76 169
76 180
76 181
76 182
76 206
76 230
76 246
76 279
76 315
77 103
77 123
77 125
77 134
77 189
77 190
77 207
77 226
77 235
77 254
78 140
78 237
79 161
79 220
80 108
80 186
80 225
80 291
81 90
81 226
81 230
81 261
82 169
82 226
82 227
83 100
83 226
83 240
83 245
83 273
83 309
84 108
84 126
84 140
84 186
85 123
85 126
85 167
85 226
85 266
85 286
86 107
86 121
86 123
86 125
87 140
87 178
87 246
87 301
88 253
89 98
89 126
89 128
89 197
89 233
89 255
89 257
89 292
90 99
90 100
90 114
90 124
90 135
90 155
90 178
90 181
90 185
90 186
90 234
90 279
91 166
91 201
91 217
91 285
92 114
92 139
92 265
93 137
93 144
93 154
93 204
93 226
93 239
94 288
95 124
95 125
95 126
95 129
95 140
95 153
95 162
95 168
95 217
95 231
95 233
95 234
95 241
96 219
97 100
97 121
97 149
97 218
98 129
98 162
98 165
98 232
98 260
98 266
99 122
99 123
99 124
99 126
99 129
99 133
99 147
99 234
99 268
99 276
99 299
99 312
100 113
100 117
100 122
100 127
100 155
100 168
100 169
100 181
100 185
100 204
100 221
100 267
100 269
100 297
100 306
100 309
101 176
102 122
102 185
103 125
103 239
103 241
103 288
103 304
104 117
104 122
104 227
104 268
104 283
105 115
105 125
105 126
105 191
105 206
105 209
105 232
106 117
106 121
106 124
106 128
106 137
106 139
106 168
106 232
107 121
108 143
108 156
108 180
108 181
108 189
108 224
109 129
110 121
110 148
110 167
110 304
111 121
111 130
111 173
111 183
111 209
111 243
111 262
111 297
112 151
112 218
112 224
113 175
113 210
113 238
114 309
115 123
115 235
116 123
116 259
117 126
117 127
117 129
117 160
117 168
117 178
117 201
117 240
117 243
117 309
118 226
119 195
120 121
120 128
120 163
120 307
121 124
121 128
121 154
121 156
121 164
121 168
121 174
121 177
121 185
121 204
121 206
121 213
121 232
121 233
121 241
121 252
121 267
121 271
121 280
121 288
121 309
122 124
122 128
122 134
122 137
122 141
122 150
122 158
122 168
122 173
122 190
122 192
122 195
122 202
122 206
122 219
122 225
122 228
122 231
122 234
122 235
122 246
122 250
122 252
122 265
122 272
122 288
122 292
122 311
122 314
123 124
123 158
123 171
123 175
123 201
123 223
123 239
123 246
123 267
123 274
123 288
123 298
124 126
124 127
124 128
124 139
124 144
124 145
124 147
124 148
124 150
124 153
124 162
124 169
124 181
124 186
124 187
124 195
124 224
124 234
124 241
124 260
124 265
124 278
125 148
125 151
125 168
125 174
125 186
125 190
125 199
125 216
125 220
125 236
125 246
125 251
125 253
125 273
125 274
126 130
126 140
126 143
126 171
126 204
126 226
126 234
126 238
126 241
126 257
126 268
126 272
126 274
126 283
126 309
127 134
127 140
127 143
127 166
127 180
127 185
127 188
127 193
127 198
127 202
127 210
127 230
127 233
127 236
127 277
127 279
127 285
127 299
127 308
128 129
128 152
128 165
128 176
128 206
128 233
128 265
128 279
129 148
129 155
129 160
129 175
129 183
129 205
129 207
129 223
129 226
129 241
129 249
129 309
129 314
130 232
130 256
130 277
131 304
132 143
132 232
132 309
133 304
134 137
134 163
134 173
134 175
134 181
134 183
134 192
134 204
134 215
134 224
134 233
134 234
134 238
134 257
134 278
134 279
135 155
135 226
135 245
135 292
137 166
137 197
137 233
137 301
138 141
138 163
138 192
139 266
139 309
140 155
140 157
140 204
140 214
140 218
140 264
140 299
142 235
142 259
142 279
143 168
143 173
143 190
143 204
143 238
143 245
144 202
144 238
144 283
146 235
146 247
147 305
149 160
149 235
150 288
151 160
152 264
153 313
154 198
155 185
155 235
155 246
155 254
155 260
156 183
157 189
157 267
157 280
158 170
158 195
158 233
158 255
159 309
160 207
160 216
160 223
161 234
161 302
162 218
162 229
162 235
162 240
162 267
163 232
163 233
163 265
164 226
165 207
165 263
165 267
166 204
166 238
167 192
168 218
168 222
168 223
168 235
168 252
168 269
168 275
168 309
169 202
170 210
170 217
170 267
171 187
172 236
172 273
173 212
173 218
173 228
174 205
174 241
175 178
175 280
175 291
177 247
178 193
178 264
178 294
179 256
180 232
180 246
180 247
182 197
182 214
182 292
183 207
183 259
183 280
183 304
183 313
184 206
185 233
187 245
187 266
187 274
187 280
188 203
189 203
189 214
189 256
190 231
191 201
191 268
192 193
192 309
193 197
193 204
193 245
193 247
194 252
195 280
195 299
196 259
198 203
198 250
198 312
199 215
199 252
199 255
199 298
200 232
200 234
200 239
200 288
201 218
201 219
201 260
201 292
202 235
202 314
203 246
204 231
204 232
204 233
204 257
204 261
204 289
204 298
205 263
206 208
206 235
206 261
207 268
208 223
209 250
209 304
209 313
210 264
211 256
211 296
212 233
213 233
214 238
214 250
215 217
215 252
215 315
216 274
217 224
217 272
217 275
219 236
219 243
219 302
220 259
220 285
220 302
221 287
224 255
224 279
225 283
226 253
226 309
227 314
229 241
230 234
231 286
231 299
232 235
232 239
232 261
232 276
232 304
232 306
232 309
233 246
233 247
233 264
233 267
233 279
233 296
233 309
233 312
234 235
234 241
234 257
234 265
234 267
235 241
237 240
243 309
245 269
246 264
246 279
246 282
249 258
253 259
253 309
259 304
263 266
264 279
265 282
267 285
268 288
269 298
271 273
271 292
275 278
279 286
279 288
285 313
291 304
305 309
