0 66
0 130
0 157
0 229
1 6
1 141
1 263
1 303
2 4
2 24
2 35
2 84
2 121
2 123
2 130
2 160
2 163
2 197
2 203
2 252
3 112
3 204
3 222
3 253
3 292
4 7
4 17
4 39
4 80
4 100
4 123
4 201
4 204
4 206
4 226
4 264
5 6
5 10
5 17
5 20
5 26
5 42
5 55
5 70
5 71
5 76
5 86
5 95
5 110
5 121
5 124
5 126
5 127
5 130
5 131
5 147
5 153
5 204
5 233
5 244
5 313
6 33
6 44
6 66
6 69
6 89
6 99
6 109
6 122
6 127
6 130
6 158
6 223
6 238
6 304
7 13
7 28
7 29
7 84
7 88
7 91
7 106
7 112
7 122
7 124
7 128
7 165
7 173
7 190
7 212
7 233
7 292
8 39
8 54
9 126
9 258
10 121
10 123
10 125
10 127
10 160
10 223
10 304
11 122
11 129
11 201
11 216
11 279
12 51
12 126
12 129
12 188
12 201
12 233
12 243
13 129
13 140
13 176
13 194
13 233
13 251
13 312
14 66
14 104
14 110
14 161
14 167
14 192
14 235
14 246
14 247
15 20
15 41
15 98
15 226
15 235
16 235
17 34
17 126
17 134
17 138
17 158
17 160
17 185
17 193
17 195
17 207
17 233
17 277
18 19
18 37
18 90
18 121
18 204
18 232
18 304
19 162
19 212
19 235
20 54
20 126
20 132
20 135
20 174
20 232
20 238
20 309
21 122
21 124
22 47
22 174
22 247
22 258
23 128
23 268
23 280
24 48
24 100
24 122
24 125
24 126
24 134
24 195
24 204
24 235
25 124
25 249
26 37
26 63
26 68
26 90
26 100
26 114
26 233
27 76
27 123
28 125
28 149
28 151
28 176
28 292
29 69
29 74
29 124
29 132
29 139
29 154
29 189
29 221
29 228
29 233
29 269
29 287
29 289
30 76
30 100
30 124
30 241
31 128
31 168
31 191
31 267
32 39
32 67
32 76
32 92
32 122
32 204
32 244
33 106
33 123
33 143
33 176
33 193
33 243
34 41
34 52
34 126
34 140
34 169
34 172
34 180
34 233
34 237
34 268
34 279
34 304
35 43
35 52
35 59
35 80
35 108
35 121
35 127
35 165
35 210
35 222
35 227
35 238
35 247
35 249
35 280
35 286
35 315
36 43
36 52
36 59
36 73
36 90
36 98
36 100
36 121
36 122
36 141
36 168
36 174
36 177
36 229
36 269
36 282
37 59
37 85
37 123
37 126
37 206
37 277
37 279
38 120
38 142
38 202
38 241
39 134
39 181
39 237
39 240
40 99
40 100
40 102
40 121
40 122
40 124
40 125
40 129
40 141
40 178
40 201
40 218
40 235
40 238
40 259
40 296
41 76
41 124
41 128
41 129
41 135
41 191
41 216
41 234
41 247
42 90
42 271
42 280
42 309
43 121
43 201
44 121
44 155
44 163
44 195
44 283
45 128
45 293
46 129
47 147
47 217
47 241
47 261
47 279
48 89
48 181
48 315
49 115
49 138
49 212
50 89
50 129
50 302
51 67
51 77
51 91
51 128
51 204
51 205
51 206
51 279
51 286
51 309
52 107
52 127
52 145
52 155
52 257
52 276
53 110
53 126
53 158
53 189
53 212
54 90
54 99
54 111
54 124
54 128
54 186
54 207
55 59
55 121
55 122
55 124
55 163
55 201
55 294
56 158
56 185
56 227
57 117
57 122
57 235
57 265
57 290
57 296
58 124
58 168
59 73
59 75
59 76
59 100
59 108
59 194
59 266
60 107
60 124
60 288
61 105
61 209
61 247
61 254
62 123
62 129
62 136
62 151
62 167
62 189
62 232
62 235
62 241
62 271
64 107
65 77
65 153
65 156
65 234
66 157
66 160
66 187
66 225
66 236
66 314
67 85
67 106
67 111
67 134
67 233
67 263
67 266
68 200
68 204
68 208
68 235
69 125
70 151
70 204
70 309
71 93
71 123
71 300
72 261
72 263
73 100
73 120
73 134
73 219
73 238
73 246
73 304
73 309
74 75
74 100
74 146
75 117
75 118
75 122
75 124
75 125
75 126
75 257
75 288
76 85
76 90
76 126
76 151
76 169
76 170
76 216
76 225
76 232
76 233
77 106
77 117
77 125
77 127
77 160
77 174
77 182
77 202
77 222
77 234
77 235
77 247
77 264
77 268
77 298
78 163
78 230
78 232
79 112
79 291
80 122
80 123
80 126
80 134
80 188
80 202
80 223
81 100
81 105
81 304
82 166
82 204
83 90
83 137
83 216
83 227
83 259
83 261
83 276
83 315
84 119
84 124
84 189
84 205
84 234
84 252
85 86
85 97
85 120
85 129
85 174
85 204
85 207
85 209
85 218
85 220
85 306
86 221
86 232
86 302
87 235
88 130
88 210
88 262
89 202
89 204
89 209
89 218
89 257
89 271
89 299
90 93
90 121
90 123
90 126
90 135
90 140
90 152
90 211
90 220
90 233
90 247
90 266
90 293
90 308
90 314
91 115
91 123
91 173
91 235
91 261
91 313
92 106
92 158
93 127
93 139
93 234
95 100
95 122
95 140
95 200
95 208
95 234
95 274
96 125
96 132
96 163
96 164
96 199
97 135
98 140
98 197
98 198
98 219
98 257
99 117
99 121
99 122
99 127
99 196
99 215
99 217
99 226
99 232
99 257
99 259
99 264
99 309
100 104
100 105
100 125
100 127
100 128
100 129
100 181
100 216
100 233
100 234
100 240
100 266
100 281
101 126
101 295
102 274
103 127
103 134
103 219
103 224
103 278
103 304
104 113
104 296
105 111
105 129
105 169
105 197
105 236
105 259
105 266
106 112
106 126
106 195
106 201
106 228
106 232
106 236
106 255
106 304
106 309
107 121
107 204
108 147
108 159
108 233
108 255
109 123
109 226
110 160
110 163
110 192
110 206
110 238
110 242
111 140
111 162
111 191
111 231
111 257
111 267
112 201
113 115
113 240
113 279
114 118
114 206
115 123
115 245
115 309
116 183
116 202
117 125
117 127
117 179
117 181
117 206
117 233
117 280
118 151
118 200
119 179
119 185
119 201
119 309
120 127
120 241
120 290
121 126
121 155
121 162
121 189
121 203
121 239
121 247
121 304
121 309
122 123
122 124
122 127
122 133
122 134
122 146
122 160
122 163
122 166
122 176
122 190
122 217
122 235
122 255
122 257
122 259
122 269
122 272
122 283
122 304
122 309
123 129
123 154
123 163
123 180
123 192
123 210
123 215
123 219
123 226
123 241
123 246
123 274
123 279
123 292
123 306
123 309
124 125
124 127
124 134
124 152
124 160
124 182
124 222
124 226
124 234
124 267
124 282
124 309
125 129
125 136
125 145
125 149
125 172
125 200
125 215
125 257
125 266
125 271
125 273
125 277
125 299
125 301
125 304
125 314
126 127
126 134
126 156
126 163
126 166
126 173
126 184
126 200
126 201
126 203
126 222
126 233
126 288
127 128
127 129
127 138
127 160
127 165
127 169
127 178
127 187
127 204
127 206
127 240
127 252
127 307
128 129
128 131
128 134
128 137
128 138
128 140
128 155
128 169
128 219
128 223
128 227
128 232
128 235
128 257
128 266
128 278
128 283
128 293
129 132
129 135
129 137
129 141
129 148
129 159
129 170
129 216
129 219
129 228
129 273
129 279
129 282
129 301
130 166
130 215
130 233
130 234
131 272
131 287
133 200
133 203
133 206
133 231
134 135
134 140
134 174
134 193
134 203
134 206
134 219
134 230
134 232
134 233
134 266
134 267
134 278
134 307
135 165
135 187
135 233
136 239
137 185
137 304
138 143
139 274
139 275
140 262
140 273
141 211
141 273
141 278
142 195
143 152
144 197
144 233
144 234
144 266
145 304
146 201
146 243
147 169
147 234
147 244
147 291
148 271
148 292
149 304
150 286
151 235
151 273
151 276
154 161
154 192
154 219
154 225
154 285
154 286
155 219
155 235
155 291
155 304
157 241
157 279
158 165
158 213
159 172
159 245
159 252
159 259
160 203
160 216
160 234
160 235
160 254
160 259
160 266
160 286
161 212
163 180
163 239
163 252
164 185
164 200
166 176
166 233
166 235
166 259
167 173
168 170
168 192
168 200
168 202
168 204
168 229
168 235
168 240
169 187
169 188
169 193
169 201
169 225
169 232
169 280
170 304
171 206
171 233
171 285
171 298
173 201
173 219
173 259
173 269
173 309
174 177
174 186
174 234
174 304
175 308
176 305
178 234
179 183
179 189
179 238
180 223
180 240
181 201
181 202
181 226
183 234
183 241
183 274
184 226
184 315
185 218
185 265
186 226
186 259
187 188
188 192
188 196
188 236
189 210
189 230
189 247
189 269
190 217
191 279
192 235
193 204
193 288
195 246
195 265
195 272
195 282
196 198
196 200
196 262
197 231
197 241
197 283
198 204
199 201
199 203
199 274
199 305
200 232
200 246
200 286
201 231
201 266
201 296
202 222
202 257
203 218
203 233
203 296
203 298
204 226
204 231
204 235
204 266
204 296
206 226
206 312
207 233
210 257
211 238
213 283
214 257
215 231
216 290
216 292
217 243
217 304
217 309
218 268
218 309
218 314
219 233
219 234
219 274
219 288
219 305
220 238
220 293
221 233
222 279
222 309
223 226
223 232
224 302
225 237
225 309
226 262
226 266
226 303
226 304
226 309
226 315
228 268
229 237
229 276
231 272
232 267
232 290
232 311
233 241
233 246
233 261
233 265
233 274
233 283
233 285
233 296
233 313
234 241
234 246
234 272
234 278
234 285
234 297
235 252
235 294
235 302
236 249
240 252
240 255
240 307
241 262
241 265
241 268
241 294
243 271
245 295
246 267
246 291
247 304
247 309
248 309
249 257
250 276
258 288
265 299
266 271
266 304
266 309
268 279
270 298
271 315
279 315
283 285
292 299
292 309
296 309
306 309
