0 14
0 288
1 96
2 55
2 66
2 70
2 75
2 76
2 92
2 115
2 125
2 137
2 175
2 194
2 226
2 229
2 259
2 304
3 23
3 36
3 57
3 63
3 95
3 130
3 160
3 223
3 267
3 288
3 304
4 22
4 33
4 67
4 84
4 134
4 160
4 204
4 234
4 259
4 280
4 302
5 57
5 100
5 105
5 122
5 132
5 171
5 232
5 247
5 279
5 289
5 314
6 28
6 76
6 77
6 127
6 178
6 195
6 213
6 215
6 266
6 286
6 292
7 18
7 40
7 41
7 85
7 98
7 113
7 117
7 121
7 127
7 128
7 135
7 145
7 152
7 174
7 204
7 206
7 231
7 246
7 252
9 12
9 70
9 86
9 99
9 235
9 271
10 13
10 28
10 58
10 77
10 111
10 128
10 140
10 169
10 219
10 233
10 240
10 276
11 72
11 123
11 126
11 127
11 134
11 147
11 178
12 55
12 86
12 314
13 35
13 123
13 124
13 135
13 156
13 162
13 207
13 239
13 266
13 280
14 17
14 34
14 35
14 134
14 182
14 249
15 29
15 141
16 90
16 122
16 123
16 124
16 135
16 142
16 173
16 234
17 24
17 32
17 90
17 106
17 155
17 165
17 195
17 234
17 235
17 266
18 88
18 121
18 123
18 210
18 247
19 48
19 103
19 128
19 304
20 35
20 42
20 137
20 173
20 188
20 223
20 269
22 42
22 52
22 160
22 165
22 232
22 253
23 81
23 113
23 125
23 149
23 163
23 268
24 42
24 86
24 206
24 216
24 224
24 229
24 304
25 106
25 129
26 152
26 232
26 280
27 42
27 123
27 235
27 280
28 100
28 128
28 147
28 155
28 248
28 261
28 275
28 292
29 51
29 153
29 188
29 231
29 241
29 293
29 309
30 34
30 93
31 112
31 233
31 266
32 230
32 234
32 290
32 309
33 90
33 106
33 141
33 158
34 76
34 124
34 165
34 172
34 208
34 237
34 255
34 293
35 75
35 88
35 91
35 92
35 100
35 120
35 134
35 144
35 171
35 174
35 216
35 219
35 222
35 233
35 239
35 257
35 264
35 283
35 291
35 303
36 37
36 72
36 76
36 93
36 127
36 201
36 231
36 255
36 266
36 282
36 283
37 95
37 122
37 123
37 204
37 233
38 226
38 309
39 105
39 127
39 128
39 134
39 152
39 187
39 297
40 103
40 113
40 115
40 117
40 122
40 124
40 125
40 166
40 184
40 189
40 207
40 214
40 219
40 233
40 234
40 239
40 252
40 302
40 304
41 64
41 126
41 160
41 180
41 197
41 217
41 226
41 232
41 255
41 302
42 81
42 110
42 121
42 123
42 136
42 164
42 199
42 257
43 73
43 233
43 281
44 46
44 129
44 185
44 292
45 126
45 128
46 123
46 168
46 246
47 114
47 134
48 84
48 111
48 121
49 110
49 181
49 187
49 253
49 279
50 121
51 76
51 100
51 134
51 138
51 160
52 55
52 63
52 83
52 88
52 107
52 111
52 121
52 122
52 123
52 143
52 253
52 266
53 128
54 55
54 73
54 90
54 109
54 111
54 126
54 127
54 166
54 222
54 296
55 68
55 77
55 122
55 201
55 226
55 237
56 124
56 125
56 127
56 158
56 195
56 232
56 252
56 279
57 61
57 268
57 285
58 76
58 109
58 169
58 252
59 125
59 185
59 212
59 304
60 128
60 216
60 241
61 144
61 246
62 80
62 129
62 133
62 157
62 210
62 282
64 69
65 226
65 269
66 99
66 125
66 135
66 151
67 89
67 121
67 157
67 194
68 129
69 124
70 105
70 123
70 138
70 159
70 180
70 189
70 230
71 90
71 176
71 289
72 77
72 121
72 124
72 238
72 259
73 77
73 78
73 111
73 126
73 161
73 202
73 218
73 248
73 293
74 189
74 208
74 220
74 307
75 121
75 126
75 129
75 135
75 175
75 219
76 100
76 117
76 121
76 127
76 157
76 212
76 226
76 232
76 233
76 237
77 90
77 99
77 108
77 110
77 129
77 135
77 151
77 158
77 166
77 179
77 180
77 218
77 228
77 235
77 243
77 253
78 201
78 204
78 234
78 266
79 232
80 123
80 125
80 128
80 204
80 236
80 241
81 106
81 124
81 201
81 235
81 260
82 193
82 234
83 104
83 153
83 225
84 151
84 162
84 223
84 238
84 263
85 125
85 134
85 168
85 259
85 279
85 286
85 305
86 122
86 177
86 266
86 291
87 88
87 125
87 145
87 234
87 244
88 129
88 221
89 123
89 128
89 142
89 199
89 261
90 114
90 123
90 141
90 151
90 170
90 189
90 191
90 215
90 226
90 232
90 258
90 261
90 286
90 297
91 120
91 125
91 228
91 236
91 302
92 144
92 199
93 112
93 138
93 181
93 286
93 309
94 197
95 97
95 122
95 126
95 232
96 112
96 125
96 155
96 253
97 128
97 171
97 226
97 232
98 122
98 127
98 135
98 180
98 271
98 296
99 105
99 121
99 124
99 128
99 130
99 143
99 144
99 153
99 160
99 167
99 185
99 204
99 207
99 219
99 228
99 235
99 249
99 267
100 111
100 117
100 128
100 150
100 158
100 160
100 202
100 206
100 211
100 218
100 219
100 232
100 252
100 254
100 259
100 260
100 309
101 123
101 155
101 312
102 122
102 125
103 122
103 255
104 112
104 123
104 139
104 163
104 264
104 309
105 125
105 135
105 155
105 221
105 309
106 115
106 121
106 134
106 156
106 168
106 189
106 204
106 232
106 252
106 304
106 313
107 122
108 117
108 144
110 113
110 151
110 215
110 257
110 275
111 154
111 162
111 173
111 266
111 304
111 314
112 147
112 279
114 216
115 123
115 129
115 145
115 151
115 233
115 243
115 250
116 253
116 279
117 121
117 122
117 135
117 167
117 174
117 219
117 276
119 128
119 138
120 158
120 166
120 169
120 195
120 264
121 122
121 123
121 132
121 138
121 156
121 180
121 191
121 201
121 219
121 224
121 257
121 264
121 267
121 274
121 278
121 280
121 292
121 294
121 311
122 126
122 127
122 134
122 139
122 159
122 163
122 166
122 201
122 204
122 211
122 212
122 233
122 239
122 241
122 257
122 259
122 265
122 284
122 309
122 313
123 128
123 144
123 158
123 160
123 161
123 169
123 177
123 182
123 201
123 206
123 218
123 222
123 235
123 263
123 267
123 297
123 314
124 125
124 128
124 141
124 156
124 163
124 183
124 187
124 206
124 215
124 222
124 225
124 226
124 234
124 250
124 262
124 265
124 279
124 285
124 309
125 199
125 202
125 212
125 214
125 219
125 220
125 226
125 233
125 245
125 249
125 262
125 264
125 291
125 298
126 127
126 139
126 142
126 147
126 165
126 182
126 192
126 195
126 204
126 221
126 254
126 274
126 282
126 293
126 313
127 129
127 140
127 141
127 147
127 160
127 171
127 173
127 180
127 192
127 223
127 226
127 236
127 263
127 291
127 293
127 296
127 304
127 315
128 146
128 155
128 226
128 255
128 276
128 309
128 313
129 131
129 167
129 168
129 195
129 204
129 206
129 209
129 212
129 226
129 233
129 235
129 263
129 271
129 283
129 303
129 304
129 309
130 185
130 266
131 193
131 204
132 233
132 235
132 252
134 139
134 163
134 168
134 180
134 197
134 233
134 235
134 247
134 250
134 271
134 289
134 309
135 173
135 233
135 266
135 267
137 195
137 263
139 262
139 285
139 287
139 292
140 168
140 223
140 232
140 247
140 271
140 301
141 167
141 241
141 292
141 311
142 180
143 217
143 235
144 163
144 204
144 232
144 234
144 309
145 206
147 155
147 210
147 215
147 240
147 291
148 209
149 163
151 265
151 266
152 155
152 227
152 243
152 307
153 195
153 257
154 155
154 252
154 303
155 223
155 232
155 309
155 312
157 233
157 271
157 279
158 180
158 219
158 246
158 308
159 234
159 243
160 162
160 219
160 226
160 228
160 241
161 240
162 183
162 203
162 257
163 236
163 267
164 168
164 297
165 180
165 182
165 255
166 171
166 198
166 234
166 248
166 279
167 243
167 252
167 280
168 218
168 222
168 239
168 279
170 304
170 309
171 203
172 213
172 218
173 238
173 285
174 280
176 186
176 201
176 235
178 179
178 234
178 240
179 226
179 241
180 219
180 233
180 235
180 240
181 293
182 220
183 235
184 222
184 305
185 186
186 222
187 191
187 223
187 238
188 204
188 267
189 192
189 204
189 234
189 247
189 284
190 208
190 285
191 309
192 267
193 274
193 309
194 232
195 198
195 232
195 235
195 307
195 309
198 233
198 261
199 215
199 240
199 260
199 261
199 265
199 304
200 219
200 228
200 265
201 222
201 267
201 273
201 278
201 292
202 208
202 220
202 236
202 264
202 312
203 204
203 234
203 309
204 209
204 210
204 232
204 237
204 244
204 266
206 207
206 209
206 232
206 237
206 241
207 216
207 219
207 232
207 233
207 234
209 264
210 226
210 233
210 275
211 216
211 279
212 222
212 226
212 247
212 309
214 264
215 228
215 232
217 221
217 233
218 233
218 234
219 226
219 245
219 247
219 252
219 258
219 275
219 289
220 234
220 264
220 267
221 247
221 312
222 246
222 261
223 291
224 290
226 253
226 258
226 273
226 276
226 312
227 309
228 264
229 309
230 259
231 259
232 233
232 239
232 254
232 259
232 266
232 267
233 277
233 299
234 237
234 304
234 314
235 288
235 299
235 303
235 304
235 309
237 247
238 247
238 291
240 267
240 304
243 259
244 266
245 266
246 266
246 304
246 315
252 282
253 278
255 272
259 302
261 280
262 283
264 314
266 311
267 277
274 284
274 304
276 304
288 309
299 304
304 308
310 313
