0 124
0 125
0 143
0 234
0 253
1 74
1 127
1 135
1 243
2 6
2 22
2 26
2 82
2 90
2 129
2 131
2 155
2 246
2 257
2 259
2 315
3 10
3 95
3 121
3 123
3 137
3 144
3 235
3 252
3 261
3 267
4 17
4 40
4 57
4 75
4 85
4 95
4 143
4 216
4 220
4 235
4 275
5 6
5 53
5 58
5 103
5 111
5 116
5 128
5 131
5 152
5 158
5 183
5 216
5 273
5 289
5 315
6 36
6 100
6 106
6 127
6 138
6 143
6 146
6 176
6 252
6 262
6 288
6 304
6 310
7 32
7 61
7 72
7 77
7 125
7 152
7 160
7 163
7 180
7 185
7 257
7 261
8 43
8 77
8 266
9 81
9 119
9 134
9 233
9 309
10 78
10 99
10 125
10 140
10 188
10 191
10 208
10 232
10 309
11 41
11 106
11 128
11 160
11 221
11 226
12 41
12 55
12 90
12 176
12 206
12 304
12 314
13 155
13 211
13 224
13 229
13 273
14 15
14 108
14 169
14 315
15 57
15 112
15 155
15 200
15 240
15 241
15 275
16 75
16 117
16 119
16 134
16 197
17 57
17 84
17 121
17 270
17 271
17 288
18 90
18 130
19 104
19 203
20 56
20 61
20 73
20 90
20 99
20 124
20 130
20 149
20 174
20 189
20 217
20 279
20 283
21 55
21 90
21 100
21 273
21 304
22 123
22 127
22 223
22 232
22 304
23 40
23 87
23 100
23 122
23 132
23 153
23 219
23 223
23 261
23 275
23 313
24 29
24 77
24 85
24 124
24 176
24 196
24 204
25 53
25 128
25 263
25 309
26 35
26 128
26 169
26 176
26 217
26 222
27 35
27 49
27 109
27 203
27 232
28 76
28 90
28 128
28 145
28 182
28 220
28 234
28 279
29 125
29 181
29 266
29 268
29 288
30 91
31 66
31 76
31 183
31 195
31 285
31 298
32 34
32 39
32 121
32 144
32 172
32 195
32 199
32 200
32 215
33 36
33 77
33 198
34 44
34 70
34 122
34 126
34 188
34 189
34 193
34 232
34 292
35 54
35 78
35 160
35 180
35 183
35 200
35 206
35 213
35 223
35 226
35 240
35 257
35 265
35 274
36 76
36 84
36 99
36 123
36 154
36 172
36 179
36 227
36 259
36 309
37 42
37 61
37 77
37 125
37 168
37 179
37 241
38 60
38 112
38 238
39 75
39 77
39 100
39 140
39 160
39 165
39 193
40 72
40 73
40 111
40 153
40 174
40 182
40 232
40 235
40 271
40 298
40 314
41 56
41 68
41 86
41 104
41 127
41 160
41 169
41 183
41 223
41 269
42 90
42 118
42 129
42 233
42 235
43 160
43 181
44 123
44 128
44 196
44 230
45 84
45 224
46 205
47 70
47 260
49 73
49 84
49 165
49 171
49 202
49 223
49 249
50 91
50 195
50 250
51 98
51 110
51 158
51 232
51 248
51 313
52 84
52 121
52 153
52 187
52 192
52 237
52 246
52 289
53 72
54 55
54 76
54 160
54 168
54 234
54 252
54 264
55 97
55 121
55 153
55 195
55 238
55 309
56 67
56 100
56 123
56 135
56 143
56 162
56 207
56 212
56 279
56 301
57 127
57 180
57 204
57 232
57 304
58 71
58 140
58 309
59 73
59 86
59 99
59 124
59 178
59 206
59 288
59 308
60 115
60 168
61 63
61 64
61 107
61 154
61 171
61 204
61 235
61 257
61 268
62 69
62 72
62 95
62 99
62 112
62 192
62 212
62 218
63 232
65 127
65 309
66 68
66 124
66 125
66 132
66 134
66 140
66 203
66 218
67 76
67 160
67 218
67 285
68 99
68 105
68 266
69 160
70 80
70 112
71 116
72 192
72 233
73 79
73 90
73 109
73 127
73 131
73 133
73 159
73 198
73 223
73 285
74 100
74 153
74 233
74 291
75 126
75 182
75 235
75 313
76 82
76 90
76 92
76 98
76 110
76 115
76 126
76 129
76 130
76 160
76 182
76 189
76 200
76 234
76 235
76 261
76 267
76 271
76 299
76 305
77 87
77 111
77 122
77 126
77 139
77 180
77 232
77 243
77 257
77 260
77 285
78 127
78 225
79 82
79 271
80 199
80 233
80 235
80 280
80 294
81 117
81 119
81 250
82 83
82 169
82 218
82 304
83 100
83 129
83 262
84 114
84 266
84 268
85 105
85 122
85 128
85 130
85 134
85 143
85 153
85 155
85 169
85 238
86 110
86 116
86 125
86 162
86 165
86 193
86 210
86 267
86 279
86 286
87 207
87 235
87 271
88 309
89 103
89 106
89 123
89 161
89 171
89 226
90 92
90 101
90 129
90 150
90 162
90 198
90 203
90 210
90 223
90 232
90 233
90 247
90 274
90 296
90 309
91 122
91 129
91 235
92 121
92 234
92 246
92 275
93 100
93 128
93 226
93 232
93 247
94 123
95 116
95 126
95 176
95 233
95 306
96 106
96 182
96 233
96 259
97 145
97 176
97 179
97 214
97 279
98 122
98 166
98 170
98 200
98 224
98 232
98 259
98 268
99 125
99 128
99 134
99 141
99 158
99 166
99 182
99 218
99 220
99 232
99 234
99 279
99 286
100 123
100 125
100 127
100 141
100 155
100 170
100 173
100 188
100 199
100 214
100 255
100 266
100 307
100 312
101 125
101 163
101 237
101 311
102 106
102 269
103 119
103 167
103 201
103 226
103 308
104 308
105 164
105 185
105 283
106 139
106 149
106 169
106 192
106 203
106 240
107 121
107 131
107 133
108 111
108 206
108 228
108 282
109 117
109 145
109 285
110 166
110 194
110 207
110 267
110 310
111 124
111 160
111 222
111 225
111 235
111 240
112 127
112 144
112 147
113 208
113 265
113 271
114 129
114 212
114 235
115 183
115 209
115 212
115 260
116 117
116 223
116 279
117 129
117 158
117 159
117 294
119 186
119 219
120 125
121 122
121 125
121 135
121 141
121 143
121 148
121 159
121 165
121 185
121 189
121 204
121 219
121 223
121 226
121 232
121 247
121 257
121 273
121 279
121 280
121 288
121 302
122 124
122 134
122 157
122 158
122 159
122 165
122 180
122 183
122 185
122 188
122 190
122 195
122 212
122 219
122 220
122 226
122 232
122 234
122 235
122 238
122 241
122 257
122 264
122 265
122 304
122 309
123 124
123 126
123 128
123 132
123 144
123 147
123 156
123 157
123 162
123 189
123 195
123 209
123 220
123 233
123 243
123 249
123 258
123 271
123 280
123 314
124 132
124 134
124 140
124 141
124 143
124 160
124 162
124 176
124 181
124 208
124 234
124 260
124 262
124 266
124 268
124 269
124 283
125 126
125 129
125 136
125 163
125 186
125 204
125 214
125 219
125 251
125 257
125 259
125 266
125 271
125 277
125 284
125 287
125 305
126 127
126 128
126 139
126 142
126 143
126 161
126 169
126 180
126 181
126 216
126 225
126 243
126 275
126 279
126 280
126 296
127 134
127 154
127 163
127 166
127 172
127 204
127 211
127 223
127 235
127 264
127 265
127 266
127 271
127 279
127 286
128 129
128 189
128 204
128 213
128 217
128 218
128 219
128 235
128 246
128 312
129 135
129 166
129 218
129 233
129 235
129 253
129 280
129 291
129 298
130 226
131 259
132 151
132 245
132 267
132 275
133 235
133 246
134 140
134 158
134 164
134 202
134 204
134 206
134 232
134 233
134 238
134 242
134 246
134 293
134 294
134 304
134 309
134 312
134 314
135 180
135 252
135 277
135 304
137 162
137 207
137 239
137 271
137 287
138 163
139 156
139 168
139 219
139 223
139 240
139 250
140 206
140 233
140 274
140 302
141 167
141 179
141 190
141 231
141 267
141 280
142 148
142 243
143 160
143 175
143 215
143 235
143 312
144 232
144 236
145 204
145 213
145 241
145 273
146 169
146 201
146 278
147 160
148 160
149 193
151 172
151 198
151 216
151 221
152 201
152 241
152 298
153 232
153 238
154 210
154 237
155 166
155 169
155 175
155 201
155 216
155 242
155 268
156 263
157 187
158 231
158 233
158 234
159 164
159 309
160 210
160 221
161 195
161 261
161 299
162 177
162 204
162 240
162 285
163 173
163 223
163 224
163 226
163 241
163 307
163 309
165 168
165 173
165 311
166 200
166 263
166 292
167 276
168 177
168 180
168 185
168 192
168 233
168 241
168 247
169 266
170 232
170 264
170 266
170 275
171 192
171 219
171 234
171 297
172 179
172 226
172 286
174 185
174 195
174 204
174 255
174 266
174 267
174 280
175 200
176 188
176 189
176 260
176 312
178 186
180 218
180 234
180 252
180 264
181 185
181 255
181 261
181 279
183 216
183 233
183 246
183 264
184 204
184 304
185 232
187 204
187 206
187 233
187 252
188 232
188 246
189 266
189 268
190 198
190 289
191 203
191 204
191 315
192 246
193 267
193 296
195 207
195 280
195 292
197 313
198 230
198 247
199 204
199 226
199 247
200 228
200 243
200 253
201 214
201 219
201 233
201 234
201 267
203 226
203 232
204 216
204 218
204 219
204 233
204 246
204 247
204 257
204 258
204 262
204 271
204 295
204 309
206 232
206 270
207 280
207 304
209 226
209 247
210 214
210 278
210 309
212 239
214 284
215 246
215 275
215 285
215 304
216 309
217 232
218 231
219 235
219 280
219 291
220 279
220 314
221 234
221 235
221 312
221 313
222 233
222 261
222 266
222 307
224 233
224 280
224 283
225 273
226 232
226 259
226 263
226 280
226 309
228 236
228 266
228 273
230 244
231 250
231 304
232 235
232 241
232 243
232 244
232 246
232 263
232 299
233 241
233 271
233 299
233 304
234 236
234 240
234 241
234 247
234 249
234 285
235 246
235 247
235 266
235 278
235 305
236 249
236 250
236 257
236 264
239 309
240 260
241 257
245 268
246 266
250 288
251 267
252 268
253 266
253 267
253 304
254 264
261 299
263 277
265 304
267 285
268 302
271 295
278 280
281 286
284 304
286 310
288 304
