0 176
0 188
0 249
0 256
0 315
1 111
1 122
1 140
1 201
1 273
2 122
2 189
2 220
2 235
2 253
2 280
2 309
3 100
3 119
3 123
3 178
3 209
3 226
4 28
4 51
4 61
4 77
4 84
4 121
4 125
4 151
4 170
4 189
5 13
5 28
5 49
5 75
5 76
5 99
5 100
5 112
5 121
5 124
5 173
5 183
5 200
5 264
5 292
6 36
6 99
6 106
6 189
6 203
6 217
6 232
6 257
6 266
6 291
7 9
7 19
7 25
7 36
7 40
7 42
7 45
7 56
7 122
7 137
7 153
7 267
7 302
7 309
7 315
8 156
8 174
9 38
9 121
9 286
10 59
10 122
10 128
10 274
11 77
11 108
11 109
11 123
11 238
11 257
12 49
12 134
12 180
12 200
12 232
12 233
12 235
12 286
13 76
13 111
13 126
13 134
13 224
13 232
13 238
14 56
14 66
14 170
14 202
14 211
14 246
14 314
15 112
15 123
15 148
16 23
16 29
16 36
16 77
16 142
16 195
16 251
16 264
17 53
17 71
17 82
17 110
17 121
17 123
17 151
17 163
17 166
17 217
17 245
18 95
18 108
18 157
18 206
18 223
18 233
19 111
19 179
19 198
19 209
20 44
20 100
20 123
20 134
20 227
21 121
21 157
21 232
22 138
22 147
22 191
22 252
23 29
23 35
23 135
23 233
23 235
23 251
23 255
23 314
24 35
24 66
24 76
24 93
24 125
24 238
25 84
25 87
25 109
25 119
25 127
25 176
25 307
26 166
26 204
26 296
27 40
27 49
27 191
28 95
28 107
28 129
28 148
28 189
28 216
28 226
28 238
28 253
29 112
29 131
29 144
29 166
29 200
29 201
29 209
29 218
29 226
29 231
29 235
29 240
29 259
29 279
31 35
31 43
31 206
31 299
31 312
32 39
32 90
32 123
32 225
32 226
33 84
33 226
34 42
34 66
34 99
34 122
34 123
34 226
34 241
34 246
34 274
35 39
35 74
35 80
35 83
35 100
35 122
35 125
35 127
35 168
35 177
35 203
35 209
35 218
35 239
35 259
35 265
35 274
35 277
35 285
36 41
36 51
36 74
36 82
36 100
36 121
36 204
36 209
36 231
37 100
37 103
37 234
37 263
38 85
38 234
38 262
39 56
39 114
39 121
39 123
39 125
39 232
39 272
40 76
40 86
40 97
40 100
40 123
40 124
40 125
40 126
40 128
40 149
40 176
40 204
40 226
40 239
40 283
41 76
41 77
41 84
41 121
41 124
41 127
41 134
41 135
42 93
42 128
42 134
42 155
43 173
44 99
44 117
44 140
44 204
44 235
45 131
45 228
45 231
46 74
46 163
46 180
46 219
47 208
47 235
48 98
49 59
49 90
49 122
49 126
49 134
50 64
50 214
51 125
51 139
51 160
51 175
51 207
51 217
51 305
52 93
52 99
52 101
52 121
52 122
52 129
52 173
52 226
52 237
52 247
53 98
53 168
54 90
54 151
54 174
54 223
54 233
54 272
55 128
55 249
56 57
56 174
56 236
56 267
57 83
57 116
57 121
57 124
57 217
58 130
58 158
58 249
58 283
59 62
59 75
59 85
59 98
59 119
59 121
59 145
59 188
59 201
59 219
59 232
59 244
59 247
59 251
59 275
59 286
60 135
60 184
61 125
61 171
62 104
62 117
62 155
62 168
62 294
63 99
63 232
63 279
64 90
64 121
64 129
64 153
65 127
65 129
65 245
66 76
66 81
66 218
66 230
66 243
66 255
66 279
66 291
67 86
67 121
67 126
67 135
67 141
67 195
67 221
68 89
68 120
68 129
68 195
68 250
68 272
69 125
69 176
69 224
70 163
70 212
71 112
71 169
71 182
72 121
72 210
72 214
73 90
73 109
73 117
73 279
74 115
74 119
74 134
74 206
74 215
74 226
74 273
75 113
75 127
75 141
75 149
75 182
75 186
75 314
76 81
76 98
76 122
76 126
76 139
76 159
76 165
76 168
76 180
76 185
76 214
76 216
76 232
76 234
76 244
76 250
76 261
77 111
77 140
77 169
77 182
77 234
77 309
78 90
79 96
79 155
80 253
81 90
81 121
81 126
81 129
81 165
81 197
81 223
81 235
81 250
82 99
82 204
82 235
82 279
82 283
83 129
83 241
84 110
84 142
84 165
84 205
84 246
84 267
85 119
85 121
85 122
85 124
85 128
85 162
85 202
85 217
85 220
85 226
85 227
85 232
85 284
85 304
85 309
86 90
86 233
86 234
86 235
87 241
87 264
87 282
88 125
88 129
89 122
89 127
89 269
90 122
90 125
90 126
90 180
90 192
90 203
90 226
90 234
90 250
91 117
91 122
91 176
91 183
91 247
91 266
91 267
92 168
92 235
92 237
92 304
93 111
93 126
93 158
93 238
94 112
95 99
95 128
95 141
95 155
95 167
95 178
95 183
95 190
95 199
95 300
96 121
96 155
96 162
96 226
97 99
97 121
97 215
98 123
98 157
98 169
98 224
98 267
98 283
99 111
99 121
99 122
99 123
99 126
99 152
99 153
99 173
99 181
99 205
99 219
99 223
99 254
99 260
100 111
100 127
100 147
100 172
100 180
100 189
100 202
100 204
100 215
100 240
100 278
100 292
101 206
101 266
102 171
102 237
103 147
103 172
103 247
104 128
104 207
104 240
104 285
105 127
105 148
105 149
105 159
105 213
105 222
105 237
106 114
106 133
106 193
106 291
106 309
107 204
108 203
108 223
108 233
108 238
109 234
109 243
110 121
110 212
110 234
111 129
111 166
111 188
111 236
111 264
111 302
112 129
112 141
112 165
112 219
112 223
112 238
112 240
112 260
112 286
113 224
113 232
113 288
114 123
114 165
114 178
114 193
114 234
114 309
115 122
115 125
115 138
115 140
116 158
116 240
117 142
117 186
117 204
117 223
117 234
117 240
117 262
117 264
117 304
117 309
119 234
119 252
119 304
121 123
121 125
121 130
121 134
121 136
121 171
121 184
121 200
121 201
121 209
121 217
121 218
121 226
121 230
121 233
121 245
121 296
121 309
122 124
122 125
122 126
122 144
122 164
122 165
122 171
122 175
122 201
122 204
122 206
122 221
122 223
122 225
122 226
122 228
122 234
122 235
122 266
122 276
122 304
122 309
123 124
123 126
123 127
123 128
123 135
123 170
123 217
123 227
123 236
123 247
123 266
123 277
123 282
123 291
124 125
124 126
124 128
124 140
124 168
124 182
124 189
124 204
124 208
124 232
124 233
124 253
124 279
124 284
124 291
124 302
124 309
125 126
125 129
125 144
125 155
125 192
125 198
125 216
125 217
125 218
125 246
125 254
125 266
125 272
125 280
125 286
125 293
125 303
125 315
126 128
126 134
126 138
126 143
126 160
126 197
126 199
126 201
126 208
126 219
126 226
126 231
126 241
126 248
126 267
126 268
126 291
127 128
127 133
127 139
127 140
127 163
127 170
127 187
127 223
127 224
127 234
127 236
127 239
127 247
127 261
127 265
127 276
127 280
127 309
128 204
128 207
128 228
128 232
128 236
128 273
128 293
129 135
129 140
129 181
129 187
129 232
129 255
129 283
129 314
130 215
131 204
131 221
131 244
131 304
131 308
132 160
132 174
132 200
132 204
134 141
134 152
134 159
134 204
134 233
134 246
134 277
134 286
134 299
135 226
135 231
136 196
137 210
138 200
138 232
139 157
139 178
139 188
139 195
140 201
140 211
140 235
140 254
140 278
140 302
141 204
141 233
141 266
142 159
142 209
142 232
142 233
142 279
142 286
143 147
143 171
143 187
143 204
143 247
143 299
144 155
144 214
144 218
144 232
145 182
145 192
146 169
146 264
147 188
147 207
147 217
148 152
148 224
149 186
149 223
149 265
150 202
151 189
151 195
152 183
153 182
153 220
153 247
153 288
153 305
153 312
154 187
154 209
154 283
155 168
155 176
155 286
155 296
158 269
158 271
159 241
160 234
160 252
160 261
160 262
161 238
161 287
161 304
162 192
162 304
162 309
163 181
163 263
163 297
164 185
164 304
165 187
165 189
165 215
165 282
166 228
166 264
166 273
167 226
167 278
168 174
168 219
168 280
169 204
169 236
169 271
170 186
170 235
170 273
171 176
171 201
171 216
172 267
172 284
174 246
174 271
176 182
176 265
176 288
177 185
177 206
177 231
177 292
178 249
178 262
179 194
179 233
179 291
180 203
180 235
180 241
180 273
182 183
182 204
182 237
183 206
183 232
183 235
183 279
183 286
185 186
185 266
185 279
185 309
186 289
187 227
187 239
188 212
188 216
189 194
189 202
189 274
191 233
191 239
191 241
192 206
192 313
193 292
194 298
195 201
195 218
195 232
195 234
195 257
195 259
195 271
197 204
197 266
198 223
198 235
198 246
198 254
199 236
199 240
200 234
200 278
200 304
201 219
202 214
202 309
203 252
203 267
204 250
204 261
205 227
206 234
206 280
206 288
207 257
207 281
207 312
208 226
208 264
209 225
209 311
210 240
210 264
210 315
212 213
212 235
212 302
214 216
216 223
216 232
216 309
217 259
218 266
218 275
218 307
219 245
219 309
220 293
221 241
222 233
222 236
222 261
222 266
223 247
224 249
224 288
225 226
225 280
226 238
226 279
228 236
228 237
228 269
228 309
229 268
231 233
232 233
232 235
232 240
232 241
232 249
232 285
233 236
233 245
233 271
233 307
234 247
234 262
234 297
234 304
234 311
234 312
235 246
235 257
235 275
235 279
235 303
236 259
236 268
236 279
238 241
238 278
239 277
239 282
241 263
241 277
241 305
243 252
243 257
243 274
243 308
244 302
246 264
246 268
246 272
246 309
247 269
247 304
250 252
250 260
252 265
252 275
252 276
252 306
254 304
255 266
257 267
257 278
257 293
259 312
261 266
263 314
264 305
265 293
265 304
266 304
266 309
271 299
273 307
275 288
285 304
288 309
291 299
291 309
294 313
297 310
304 314
