0 19
0 126
0 273
1 52
1 104
1 198
1 219
1 225
1 235
2 101
2 126
2 143
2 166
2 206
2 210
2 238
2 306
3 89
3 233
3 272
3 274
4 95
4 128
4 138
4 225
4 271
5 38
5 41
5 57
5 64
5 89
5 90
5 119
5 126
5 127
5 134
5 174
5 188
5 216
5 226
5 232
5 264
5 266
5 267
5 279
5 304
6 14
6 23
6 75
6 84
6 85
6 92
6 100
6 119
6 127
6 128
6 188
6 204
6 301
6 302
6 312
7 10
7 11
7 83
7 121
7 163
7 208
7 232
7 241
7 297
8 158
9 124
9 127
9 165
9 255
9 257
10 55
10 62
10 123
10 134
10 169
10 198
10 207
10 219
10 238
10 266
11 20
11 72
11 213
12 49
12 70
12 78
12 86
12 88
12 100
12 204
12 209
12 232
12 297
13 20
13 21
13 63
13 99
13 206
13 264
14 44
14 89
14 128
14 159
15 40
15 91
15 122
16 85
16 100
16 106
16 222
16 235
16 286
17 73
17 99
17 125
17 127
17 173
17 235
17 266
18 98
18 129
18 239
19 203
20 35
20 119
20 134
21 22
21 68
21 127
21 314
22 56
22 66
22 168
22 184
22 232
22 270
22 281
23 28
23 47
23 121
23 128
23 134
23 221
23 223
23 226
23 234
23 235
23 241
24 35
24 90
24 124
24 204
24 208
24 226
25 76
25 127
25 232
25 255
26 206
27 182
27 286
28 40
28 48
28 51
28 60
28 89
28 121
28 233
28 313
29 54
29 77
29 134
29 135
30 57
30 184
31 165
31 208
31 221
31 229
31 272
32 71
32 129
32 160
32 169
32 195
32 219
32 235
32 271
32 304
32 310
33 184
33 204
33 215
33 222
33 249
34 48
34 51
34 101
34 117
34 121
34 122
34 226
34 267
34 293
35 52
35 67
35 88
35 121
35 124
35 129
35 174
35 193
35 231
35 307
35 309
36 77
36 110
36 123
36 135
36 138
36 139
36 140
36 152
36 189
36 302
37 117
37 305
38 114
38 124
38 192
38 234
39 77
39 144
39 149
39 189
39 200
39 233
39 264
40 66
40 100
40 136
40 160
40 184
40 204
40 217
40 232
40 234
40 235
40 236
40 238
40 253
40 305
41 67
41 80
41 105
41 118
41 119
41 129
41 140
41 162
41 166
41 207
41 304
42 110
42 123
42 124
42 165
42 180
42 220
42 233
42 235
42 246
43 70
43 234
44 90
44 127
44 233
45 123
46 112
46 161
46 264
47 176
47 180
47 181
47 217
48 52
48 60
49 117
49 124
49 204
49 220
49 223
50 87
50 121
50 135
50 222
50 234
51 54
51 77
51 90
51 121
51 130
51 134
52 56
52 59
52 120
52 133
52 209
52 243
52 273
52 288
53 124
53 298
54 164
54 202
54 309
55 59
55 93
55 97
56 76
56 78
56 90
56 160
56 197
56 204
56 226
56 233
56 309
57 128
57 129
57 157
57 158
57 235
57 259
57 274
58 123
58 124
58 221
58 232
58 308
59 70
59 72
59 83
59 100
59 124
59 127
59 141
59 144
59 216
59 279
60 103
61 168
61 187
62 132
62 134
62 135
62 159
62 210
62 252
64 67
64 111
64 259
65 75
65 124
65 280
66 76
66 80
66 97
66 200
66 280
66 283
66 292
66 304
67 111
67 150
67 165
67 185
67 283
67 310
69 82
69 90
69 132
70 90
70 124
70 189
70 282
71 90
71 116
71 126
72 166
72 224
72 234
72 241
72 302
73 75
73 97
73 110
73 123
73 178
73 182
73 249
73 283
73 289
73 313
74 226
74 266
75 163
75 192
75 212
75 241
75 267
75 288
75 311
76 80
76 113
76 120
76 123
76 127
76 129
76 130
76 158
76 171
76 195
76 208
76 209
76 221
76 235
76 267
76 312
76 313
77 97
77 122
77 128
77 215
77 223
77 304
78 125
78 129
78 232
78 310
79 206
79 230
79 241
79 275
80 121
80 155
80 172
80 220
80 264
80 267
80 313
81 235
81 264
81 268
82 165
82 208
82 261
82 273
82 301
82 305
83 121
83 165
83 173
83 233
83 236
83 270
83 309
84 121
84 154
84 160
84 192
84 208
84 232
84 292
85 105
85 107
85 112
85 124
85 189
85 226
85 232
85 283
86 139
86 240
86 278
86 285
86 304
87 128
87 173
87 235
87 249
88 110
88 158
88 163
89 99
89 123
89 124
89 129
89 131
89 141
89 162
89 171
90 129
90 132
90 134
90 139
90 166
90 198
90 232
90 249
90 264
90 278
90 282
90 298
91 126
91 200
91 206
91 247
92 134
92 234
93 100
93 129
94 216
94 220
95 149
95 221
95 240
95 241
96 221
96 257
97 243
97 286
98 139
98 181
98 188
98 227
98 237
98 241
98 279
98 288
98 298
99 106
99 111
99 121
99 122
99 139
99 140
99 162
99 166
99 169
99 176
99 255
99 265
99 269
99 297
100 105
100 106
100 121
100 123
100 184
100 221
100 259
100 292
101 308
102 105
102 122
102 127
102 161
102 163
102 234
103 155
103 160
103 217
104 174
104 279
105 226
105 243
106 178
106 276
106 280
106 311
107 121
107 192
108 195
108 232
109 120
109 143
109 189
109 255
110 121
110 125
110 127
110 196
110 264
110 273
111 214
111 221
111 258
111 264
111 312
112 125
112 149
112 233
112 292
113 129
114 143
114 293
115 174
115 204
115 233
116 129
116 206
116 275
116 282
117 126
117 137
117 150
117 166
117 202
117 226
117 235
117 261
117 285
117 297
117 309
119 137
119 172
119 307
120 129
120 258
120 262
121 122
121 124
121 139
121 156
121 166
121 168
121 183
121 185
121 196
121 204
121 214
121 223
121 226
121 233
121 246
121 260
121 268
121 273
121 275
121 299
121 304
122 124
122 128
122 134
122 141
122 143
122 147
122 172
122 181
122 201
122 204
122 208
122 213
122 215
122 217
122 231
122 240
122 243
122 253
122 260
122 266
122 277
122 282
122 314
123 144
123 168
123 187
123 195
123 202
123 203
123 207
123 213
123 222
123 232
123 233
123 236
123 241
123 247
123 252
123 314
124 128
124 142
124 165
124 187
124 188
124 202
124 204
124 207
124 231
124 262
124 280
125 128
125 129
125 140
125 151
125 155
125 158
125 168
125 177
125 178
125 206
125 219
125 226
125 234
125 241
125 246
125 252
125 266
125 276
125 309
125 313
125 314
126 132
126 158
126 183
126 201
126 220
126 226
126 234
126 235
126 241
126 258
126 264
126 269
126 297
126 308
126 309
126 314
127 134
127 143
127 168
127 175
127 176
127 183
127 196
127 197
127 200
127 207
127 218
127 219
127 224
127 225
127 226
127 233
127 238
127 243
127 249
127 259
127 266
127 273
127 292
127 304
127 313
128 134
128 141
128 144
128 159
128 163
128 178
128 179
128 204
128 205
128 212
128 218
128 231
128 235
128 266
128 276
128 282
128 286
129 160
129 165
129 173
129 174
129 175
129 198
129 220
129 234
130 273
131 261
131 315
132 195
132 199
132 255
132 288
133 202
133 219
133 264
134 158
134 172
134 178
134 185
134 201
134 222
134 230
134 232
134 239
134 241
134 243
134 259
134 260
134 276
134 279
134 283
134 304
135 227
135 267
136 165
136 186
137 232
137 235
137 246
138 271
138 301
139 182
139 217
139 232
139 233
139 234
139 280
140 174
140 187
140 241
140 247
140 266
140 304
141 204
141 235
141 237
143 200
143 235
143 258
143 279
143 312
144 197
144 204
144 233
145 181
145 273
147 155
147 207
147 283
148 171
148 202
148 225
149 243
149 252
149 308
150 206
151 315
152 266
153 304
154 258
155 223
156 240
157 192
158 162
158 232
159 252
159 287
159 314
160 182
160 192
160 193
160 217
160 226
160 233
160 234
160 235
160 266
160 273
160 278
162 193
163 193
163 218
163 226
163 233
163 304
164 204
165 173
165 178
165 277
165 304
166 257
166 311
167 239
167 299
168 206
168 215
168 235
168 309
169 213
169 219
170 189
170 196
170 279
171 199
171 206
171 238
172 208
173 309
174 232
174 268
174 298
175 241
176 203
176 240
177 188
177 200
178 298
179 288
180 188
180 201
180 202
180 219
180 235
180 267
180 304
181 201
181 233
182 185
182 228
182 238
182 266
183 238
183 269
183 309
185 190
186 226
187 269
188 219
188 256
189 206
189 233
189 266
189 304
191 304
192 204
192 237
192 243
192 266
193 235
194 232
194 266
194 273
195 199
195 216
195 226
195 227
195 241
195 257
195 260
197 227
197 234
197 236
199 223
199 268
200 204
200 241
200 263
201 223
201 309
202 218
202 235
202 253
203 219
203 234
203 315
204 210
204 225
204 234
204 236
204 276
204 279
205 206
205 233
205 234
206 234
206 285
206 291
207 283
207 315
211 235
212 229
212 234
212 241
212 288
214 279
215 233
215 266
215 291
216 305
216 309
217 232
217 288
218 232
219 226
219 236
219 243
219 246
219 253
219 288
220 234
220 304
221 255
221 259
222 226
222 253
223 234
223 235
223 258
223 309
225 246
225 298
226 233
226 234
226 238
226 264
226 309
227 233
228 266
228 286
228 291
230 288
232 234
232 237
232 258
232 309
233 241
233 247
233 266
233 292
233 303
233 312
234 257
234 261
234 271
234 289
235 259
235 281
235 291
235 298
235 304
237 264
238 239
238 262
238 272
238 273
238 292
240 262
240 266
240 267
240 283
240 304
240 309
243 246
243 315
246 275
251 271
252 265
255 261
257 286
259 283
260 274
265 313
266 279
271 302
271 313
274 315
276 309
279 308
282 293
292 304
293 310
294 303
