0 128
0 192
0 219
0 233
1 107
2 24
2 136
2 181
2 233
2 234
2 238
2 285
3 45
3 76
3 95
3 121
3 126
3 168
3 195
3 204
3 246
4 38
4 40
4 190
4 219
4 235
4 259
4 261
4 297
5 23
5 121
5 125
5 139
5 141
5 155
5 162
5 212
5 216
5 228
6 35
6 50
6 88
6 102
6 124
6 126
6 140
6 156
6 170
6 215
6 233
6 244
6 261
6 283
6 292
6 301
7 64
7 99
7 111
7 119
7 122
7 167
7 168
7 180
7 249
7 260
7 271
7 280
8 160
8 196
8 234
8 257
9 35
9 121
9 145
9 158
9 173
9 176
9 206
9 228
9 249
9 288
9 315
10 20
10 29
10 99
10 127
10 128
10 131
10 145
10 158
10 168
10 204
10 226
10 253
10 278
10 282
11 135
11 202
11 208
12 72
12 98
12 198
13 19
13 119
13 137
13 160
13 206
13 219
13 233
13 235
13 246
14 57
14 61
14 128
14 230
14 232
15 85
15 259
15 277
15 280
16 59
16 108
16 159
16 214
16 261
17 21
17 55
17 85
17 113
17 122
17 137
17 201
17 207
17 224
17 241
17 287
17 293
18 124
18 204
18 223
19 97
19 128
19 162
19 204
19 233
20 22
20 27
20 35
20 122
20 188
21 100
21 134
21 286
22 41
22 85
22 89
22 125
22 155
22 189
22 214
22 219
22 264
22 266
22 286
22 309
23 32
23 61
23 62
23 111
23 127
23 221
23 260
23 308
24 76
24 83
24 106
24 180
24 212
24 223
24 233
25 36
25 163
25 187
25 217
25 223
25 257
26 130
27 53
27 56
27 131
27 158
27 171
27 180
27 217
27 301
28 100
28 182
28 209
28 279
29 81
29 105
29 182
31 140
31 207
31 252
31 271
31 299
32 52
32 121
32 127
32 163
32 241
32 309
33 262
34 168
34 174
34 188
34 224
34 235
35 40
35 66
35 96
35 102
35 105
35 116
35 122
35 182
35 210
35 226
35 233
35 235
35 240
35 241
35 259
36 77
36 122
36 124
36 125
36 160
36 165
36 185
36 189
36 207
36 232
37 157
37 201
37 223
37 235
37 278
38 39
38 100
38 112
38 121
38 214
39 61
39 124
39 201
39 212
39 235
39 246
39 263
40 52
40 124
40 130
40 134
40 148
40 165
40 206
40 233
40 234
40 235
40 240
40 247
41 110
41 121
41 169
41 173
41 199
41 232
41 272
42 52
42 81
42 123
42 131
42 134
42 243
42 257
43 106
43 128
43 140
43 237
44 115
44 121
44 123
44 183
44 226
44 232
44 275
44 314
45 91
45 128
45 142
46 76
46 124
46 234
46 235
46 243
47 49
47 122
47 123
47 125
47 129
47 279
48 56
48 121
49 207
49 235
49 304
50 51
50 188
50 200
51 93
51 119
51 200
51 309
52 75
52 127
52 135
52 166
52 175
52 177
52 195
52 197
52 207
52 215
52 266
52 283
53 204
53 207
53 210
53 258
53 267
53 270
54 55
54 122
54 131
54 141
54 160
54 186
54 218
54 234
55 90
55 185
55 192
55 226
55 249
56 110
56 215
56 238
56 313
57 129
57 162
57 187
57 231
57 241
57 290
58 233
58 246
59 79
59 106
59 111
59 122
59 174
59 200
59 224
59 226
59 234
60 66
60 185
61 175
61 241
62 124
62 210
63 262
64 90
64 191
65 312
66 97
66 121
66 127
66 163
66 164
66 174
66 218
66 226
66 271
67 112
67 134
67 204
67 280
67 288
69 81
69 110
69 140
69 234
70 106
70 108
70 217
70 226
70 246
70 299
71 73
71 216
71 270
71 309
72 74
72 106
72 124
72 128
72 132
73 130
73 218
73 259
73 264
73 304
74 79
74 217
74 223
74 232
74 238
75 81
75 85
75 106
75 122
75 142
75 168
75 207
75 299
76 111
76 112
76 122
76 124
76 129
76 204
76 236
76 239
76 241
76 258
76 286
76 304
77 84
77 100
77 113
77 128
77 133
77 154
77 156
77 234
77 247
77 257
77 266
77 267
79 112
79 125
79 155
80 121
80 126
80 135
80 256
80 292
81 127
81 144
81 153
82 279
82 299
83 133
83 139
83 146
83 199
83 201
83 204
83 217
83 234
84 118
84 155
84 211
84 212
84 226
84 233
84 261
85 99
85 121
85 127
85 155
85 170
85 201
85 266
86 128
86 219
86 245
86 279
87 201
88 151
89 127
89 131
89 236
89 275
90 98
90 102
90 121
90 123
90 125
90 169
90 174
90 195
90 199
90 212
90 226
90 234
90 257
90 270
90 274
91 122
91 201
91 278
92 126
92 247
93 95
93 135
93 173
93 186
93 297
95 111
95 113
95 117
95 127
95 192
95 206
95 266
96 193
96 206
96 232
96 265
97 106
97 204
97 232
97 309
98 183
98 197
98 226
98 235
99 104
99 106
99 126
99 127
99 185
99 190
99 204
99 208
99 221
99 226
99 232
99 233
99 234
99 238
99 239
99 245
99 259
99 264
99 286
99 308
100 117
100 123
100 163
100 180
100 183
100 187
100 202
100 226
100 229
100 234
100 273
100 307
102 223
102 280
102 301
103 238
104 182
104 204
104 220
104 222
104 232
104 263
105 127
105 161
105 204
105 233
106 119
106 125
106 192
106 200
106 297
106 309
107 125
107 127
107 185
107 304
108 192
108 259
109 115
109 149
109 215
110 124
110 126
110 138
110 147
110 172
110 177
110 201
110 242
110 253
110 259
110 283
111 121
111 126
111 128
111 134
111 142
111 166
111 229
111 257
111 305
112 123
112 182
112 193
112 198
113 141
115 147
115 156
115 163
115 167
115 201
115 206
115 257
116 123
116 135
116 163
116 169
117 123
117 160
117 212
117 309
118 137
119 135
120 142
120 144
120 212
120 278
120 279
121 176
121 183
121 199
121 201
121 203
121 220
121 227
121 231
121 235
121 267
121 278
121 288
122 126
122 129
122 138
122 143
122 162
122 173
122 182
122 189
122 192
122 204
122 219
122 226
122 228
122 246
122 247
122 296
122 304
123 124
123 127
123 134
123 153
123 180
123 188
123 204
123 214
123 232
123 235
123 236
123 241
123 244
123 259
123 262
123 263
123 266
123 305
123 309
124 126
124 160
124 174
124 178
124 192
124 198
124 217
124 221
124 253
124 256
124 257
124 262
124 264
124 288
124 302
125 128
125 129
125 134
125 154
125 156
125 180
125 181
125 183
125 187
125 199
125 204
125 223
125 237
125 241
125 245
125 261
125 262
125 264
125 266
125 308
125 309
126 128
126 129
126 134
126 175
126 182
126 183
126 194
126 199
126 201
126 230
126 232
126 244
126 251
126 264
126 266
126 274
126 290
127 129
127 130
127 153
127 155
127 182
127 185
127 217
127 226
127 234
127 240
127 264
127 266
127 273
127 282
127 309
127 313
128 134
128 138
128 155
128 166
128 208
128 217
128 223
129 135
129 160
129 163
129 201
129 202
129 224
129 225
129 228
129 255
129 276
129 302
129 309
130 226
130 279
131 152
131 232
132 158
132 185
133 160
133 181
134 135
134 144
134 176
134 180
134 210
134 240
134 246
134 262
134 297
134 299
135 168
135 232
135 233
135 234
137 158
137 226
137 240
137 255
139 149
139 158
139 162
139 189
139 266
140 160
140 223
140 224
142 176
142 207
142 209
142 224
142 232
142 280
143 293
144 168
144 232
145 226
146 304
148 266
150 201
150 206
150 223
150 273
151 163
152 222
152 223
152 261
152 266
153 175
153 228
154 158
154 231
154 257
154 267
154 279
155 181
155 212
155 215
155 241
155 266
156 224
156 272
156 299
156 309
157 158
157 220
157 224
158 180
158 195
158 303
159 170
159 234
159 238
160 168
160 173
160 201
160 203
160 209
160 258
160 295
160 309
162 204
163 166
163 219
163 246
165 174
165 217
166 200
166 266
167 196
167 226
167 254
168 222
168 235
168 266
168 267
169 241
169 273
170 195
170 219
170 234
170 239
170 308
171 179
171 241
171 271
172 233
172 303
172 304
173 218
174 305
174 309
175 178
175 257
175 286
176 200
176 209
176 307
177 228
178 226
178 232
178 234
178 302
180 234
181 191
181 193
181 204
181 299
182 222
182 275
183 186
183 240
183 247
183 267
184 245
185 222
186 212
186 267
187 265
187 290
188 209
188 217
188 235
188 286
189 195
189 197
189 207
189 233
189 235
191 206
191 207
191 226
192 247
193 204
194 228
195 266
195 280
195 304
195 309
197 235
197 246
197 288
199 273
200 201
200 262
200 304
201 263
201 269
201 286
202 232
202 279
203 254
204 210
204 222
204 225
204 238
204 266
205 249
206 233
206 309
207 247
208 267
209 226
209 234
209 261
212 226
212 299
214 309
215 235
215 306
216 309
218 257
218 261
219 235
219 238
219 280
219 309
220 232
220 234
220 282
221 243
222 279
223 266
224 266
225 231
225 234
226 229
226 264
226 274
226 287
226 304
227 288
229 309
230 250
231 233
231 262
231 264
232 251
232 276
232 298
232 314
233 238
233 258
233 264
233 266
233 283
233 298
233 314
234 249
234 271
234 277
234 305
235 253
235 262
235 267
235 286
236 301
237 309
238 243
238 267
239 245
240 253
240 279
241 261
241 274
243 266
247 266
247 299
247 314
249 304
251 262
252 257
252 301
253 258
253 286
254 256
254 266
257 277
257 280
258 291
258 293
261 267
261 303
262 293
262 296
269 293
271 274
271 302
272 303
273 286
276 312
278 307
278 312
280 286
280 309
282 288
286 287
299 305
