0 121
0 280
1 12
1 28
1 75
1 234
2 26
2 110
2 127
2 135
2 309
3 23
3 61
3 67
3 77
3 92
3 127
3 159
4 14
4 85
4 104
4 120
4 143
5 30
5 61
5 67
5 77
5 84
5 99
5 121
5 129
5 188
5 216
5 218
5 220
5 247
5 279
6 7
6 68
6 69
6 71
6 72
6 76
6 117
6 121
6 234
6 259
6 264
6 280
7 11
7 57
7 76
7 84
7 100
7 106
7 116
7 128
7 146
7 153
7 175
7 178
7 207
7 218
7 294
7 309
8 10
8 122
8 189
8 218
9 41
9 49
9 55
9 173
9 187
9 215
9 222
9 304
10 125
10 128
10 131
10 139
10 179
10 186
10 218
10 229
10 235
10 265
11 117
11 166
11 208
11 218
11 238
12 100
12 123
12 127
12 240
12 277
12 292
13 39
13 62
13 81
13 90
13 100
13 124
13 125
13 201
13 272
14 31
14 40
14 44
14 128
14 188
14 255
15 34
15 53
15 90
15 99
15 189
15 221
15 234
16 20
16 21
16 77
16 127
16 128
16 136
16 232
16 236
16 252
17 81
17 122
17 124
17 144
17 195
17 202
17 247
17 286
18 23
18 66
18 128
18 253
19 122
19 141
19 143
19 151
19 214
19 258
20 37
20 60
20 86
20 124
20 151
20 153
20 221
21 75
21 282
22 76
22 98
22 107
22 125
22 151
22 246
23 65
23 125
23 160
23 163
23 235
23 246
24 42
24 88
24 119
24 127
24 134
24 139
24 152
24 260
24 268
25 126
25 143
25 156
25 160
25 165
25 309
26 52
26 183
26 200
26 204
26 297
26 299
27 85
27 121
28 35
28 77
28 90
28 112
28 122
28 124
28 234
28 253
29 51
29 114
29 122
29 176
29 178
29 219
29 232
29 246
30 246
31 86
31 108
31 134
31 135
31 152
31 252
31 277
32 50
32 55
32 80
32 110
32 127
32 135
32 168
32 170
32 179
32 233
32 241
32 271
33 67
33 180
33 206
33 282
34 37
34 50
34 59
34 100
34 258
35 36
35 42
35 53
35 90
35 108
35 117
35 128
35 136
35 143
35 145
35 152
35 179
35 212
35 223
35 225
35 230
35 237
35 273
35 276
35 290
35 311
35 314
36 56
36 59
36 75
36 85
36 91
36 98
36 100
36 121
36 123
36 139
36 189
36 214
36 215
36 243
36 271
36 309
37 100
37 136
37 204
37 238
38 57
38 127
38 144
39 80
39 123
39 147
39 155
39 226
39 257
39 267
40 59
40 90
40 100
40 124
40 127
40 187
40 238
41 42
41 59
41 139
41 145
41 160
41 163
41 171
41 202
41 235
42 46
42 54
42 102
42 124
42 129
42 158
42 283
42 297
43 110
43 167
43 216
44 252
44 262
46 99
46 195
46 235
46 238
47 85
47 126
47 128
47 180
49 111
49 124
49 125
50 80
50 122
50 129
50 241
51 111
51 113
51 219
51 262
51 266
52 90
52 103
52 110
52 123
52 126
52 133
52 135
52 138
52 178
52 180
52 217
52 233
53 124
53 127
53 132
54 83
54 90
54 126
54 130
54 155
54 172
54 187
54 219
54 258
54 266
55 89
55 143
55 160
55 227
55 241
56 127
56 129
56 189
56 208
56 223
56 271
56 278
56 279
57 74
57 84
57 99
57 126
57 271
58 175
58 210
59 117
59 123
59 158
59 165
59 180
59 199
59 211
59 234
59 239
59 261
59 304
59 309
60 117
60 201
60 204
61 187
61 189
61 193
61 195
61 219
61 223
61 241
61 253
61 274
61 292
62 203
62 236
62 249
62 269
62 283
64 122
64 125
64 234
66 95
66 117
66 129
66 132
66 134
66 139
66 227
66 233
66 257
66 277
67 77
67 89
67 158
67 180
67 205
67 213
67 267
68 72
68 122
68 123
68 294
69 86
69 227
69 269
70 123
70 134
71 126
71 244
71 279
72 112
72 138
72 163
72 165
73 86
73 108
73 124
73 176
73 219
73 220
73 226
73 246
73 280
73 305
74 76
74 232
75 99
75 105
75 120
75 122
75 208
75 235
75 280
75 302
75 312
76 90
76 110
76 122
76 123
76 126
76 132
76 134
76 137
76 142
76 189
76 204
76 214
76 222
76 228
76 239
77 153
77 155
77 174
77 219
77 233
77 235
77 259
77 279
77 286
77 309
78 129
78 186
79 92
79 104
79 105
79 198
79 235
80 85
80 95
80 125
80 133
80 162
80 218
80 221
80 231
80 232
80 298
81 140
81 241
81 296
82 112
82 223
82 234
83 241
83 276
84 161
84 197
84 235
84 245
85 106
85 112
85 121
85 122
85 124
85 135
85 174
85 192
85 238
85 269
85 288
85 299
87 128
87 162
87 304
88 123
88 165
88 230
89 90
89 128
89 134
89 226
89 235
90 125
90 127
90 129
90 139
90 140
90 165
90 220
90 238
90 289
91 292
91 304
92 124
92 189
92 221
92 246
92 271
95 121
95 124
95 219
95 237
95 287
95 292
96 235
96 278
97 183
98 107
98 124
98 165
98 173
98 177
98 235
98 239
98 264
99 100
99 110
99 122
99 126
99 154
99 157
99 158
99 189
99 200
99 206
99 217
99 221
99 241
99 273
99 277
99 309
99 315
100 122
100 123
100 131
100 134
100 137
100 152
100 177
100 206
100 233
100 304
102 127
102 133
102 183
103 111
103 234
103 275
104 115
104 199
104 233
104 304
105 144
105 204
105 206
105 231
105 257
105 275
105 278
106 174
106 177
106 216
106 239
107 121
107 123
107 140
107 314
108 262
108 272
108 284
109 222
110 112
110 142
110 155
110 169
110 199
110 238
110 276
110 302
111 122
111 127
111 129
111 137
111 163
111 177
111 235
112 115
112 133
112 143
112 151
112 208
112 210
112 233
112 241
112 304
113 125
113 136
113 195
114 188
114 216
114 309
115 135
115 143
115 262
116 123
116 144
117 123
117 124
117 232
117 257
119 233
119 264
120 124
120 169
120 172
120 252
121 124
121 126
121 129
121 132
121 147
121 168
121 180
121 187
121 201
121 203
121 204
121 206
121 212
121 219
121 221
121 229
121 231
121 232
121 235
121 240
121 252
121 253
121 261
121 263
121 266
121 271
121 297
122 123
122 126
122 127
122 128
122 139
122 155
122 165
122 169
122 174
122 198
122 204
122 213
122 258
122 260
122 288
122 297
122 309
123 124
123 125
123 126
123 143
123 158
123 170
123 179
123 220
123 223
123 230
123 234
123 239
123 247
123 266
123 285
124 126
124 131
124 142
124 187
124 201
124 206
124 220
124 235
124 236
124 245
124 253
124 259
124 260
124 271
124 272
124 274
124 280
124 287
124 305
125 127
125 129
125 140
125 163
125 168
125 187
125 188
125 195
125 207
125 208
125 244
125 249
125 252
125 257
125 270
125 273
125 286
125 299
125 301
125 309
126 127
126 139
126 142
126 160
126 186
126 188
126 189
126 200
126 223
126 232
126 233
126 235
126 264
126 311
127 128
127 134
127 135
127 138
127 142
127 145
127 147
127 151
127 163
127 168
127 178
127 181
127 187
127 196
127 201
127 204
127 209
127 234
127 246
127 257
127 266
127 272
127 273
127 278
128 132
128 133
128 137
128 168
128 174
128 185
128 189
128 200
128 203
128 216
128 232
128 266
128 280
128 286
129 134
129 144
129 175
129 230
129 232
129 233
129 241
129 244
129 246
129 267
129 268
129 304
130 164
130 232
130 314
131 185
131 199
131 207
131 310
132 237
133 160
133 185
134 139
134 157
134 169
134 199
134 203
134 216
134 226
134 227
134 229
134 249
134 273
134 275
134 311
135 144
135 174
135 197
135 235
135 243
135 253
136 220
137 235
137 251
138 296
139 168
139 182
139 186
139 195
139 220
139 309
140 147
140 180
140 264
141 176
141 180
141 183
141 191
142 154
142 180
142 257
142 298
143 210
143 212
143 268
144 159
144 255
144 296
147 180
147 233
148 165
148 186
148 232
151 188
151 226
151 243
151 264
151 299
152 160
152 183
152 290
153 189
155 195
155 232
156 189
156 285
157 185
157 209
158 163
158 170
158 199
158 202
158 267
158 280
159 168
159 292
160 186
160 219
160 246
160 275
160 278
160 302
161 188
162 166
162 174
162 185
162 234
162 263
163 226
163 260
164 221
165 276
166 170
166 202
166 219
166 224
166 266
167 177
167 201
167 216
167 248
168 180
168 189
168 232
168 313
169 171
169 201
170 171
170 219
170 279
171 233
171 277
171 291
172 204
172 238
172 269
173 215
174 219
174 236
174 259
175 241
176 204
176 209
176 277
176 292
177 205
178 204
178 232
180 193
180 201
180 215
180 279
180 291
180 311
181 233
181 251
182 218
183 207
183 226
183 235
184 234
185 234
185 247
185 290
185 304
187 202
187 234
187 235
187 249
188 233
188 235
189 219
189 235
189 236
190 219
190 249
191 226
192 223
192 226
192 299
193 204
193 235
193 240
194 204
195 208
195 214
196 232
197 204
198 206
200 208
200 226
200 234
200 309
201 207
201 216
201 222
201 233
201 257
201 277
202 220
202 238
203 309
204 219
204 252
204 266
204 282
204 292
204 299
206 233
206 266
206 278
207 309
208 235
208 291
208 293
209 266
211 280
212 223
212 231
212 237
212 246
214 235
214 243
215 266
216 233
216 252
216 261
216 266
217 235
217 277
218 234
218 278
218 280
219 221
219 234
219 274
220 233
220 286
220 315
221 233
221 250
221 273
222 244
223 257
223 304
224 277
225 279
225 303
226 232
226 283
226 309
227 262
228 233
231 259
231 289
232 234
232 250
232 265
232 267
232 304
232 311
233 235
233 243
233 308
234 240
234 250
234 266
234 279
234 287
235 241
235 254
235 259
235 266
235 267
235 304
236 267
238 273
239 299
239 304
240 286
241 275
241 309
243 254
243 266
243 298
247 266
248 254
249 253
250 309
251 297
252 280
253 268
255 314
256 267
257 280
259 266
259 274
259 301
260 274
263 299
263 312
264 305
266 271
266 304
266 309
266 311
268 279
273 314
275 304
278 314
279 301
286 311
