0 67
0 87
0 139
0 232
0 243
0 263
1 88
1 160
1 314
2 24
2 72
2 112
2 125
2 190
2 291
3 113
3 128
3 133
3 195
3 309
4 41
4 44
4 99
4 106
4 181
4 190
4 207
4 250
4 291
5 12
5 27
5 51
5 72
5 121
5 122
5 124
5 134
5 139
5 140
5 144
5 164
5 166
5 240
5 246
5 266
5 279
5 309
6 10
6 41
6 123
6 168
6 187
6 257
7 9
7 37
7 53
7 85
7 99
7 123
7 129
7 160
7 166
7 204
7 292
8 219
9 67
9 117
9 221
10 31
10 55
10 59
10 99
10 113
10 126
10 127
10 190
10 217
10 227
10 237
10 240
12 29
12 105
12 126
12 166
12 175
12 221
12 226
12 227
12 235
12 288
13 20
13 54
13 124
13 146
13 154
13 233
14 90
14 103
14 107
14 121
14 125
14 135
14 158
14 234
14 257
15 121
15 162
15 182
15 192
15 232
15 233
16 22
16 36
16 106
16 140
16 186
16 250
17 53
17 59
17 64
17 67
17 79
17 84
17 133
17 181
17 187
17 204
17 218
17 227
17 243
18 40
18 80
18 135
18 180
18 246
18 284
19 214
19 292
20 61
20 62
20 100
20 125
20 195
20 204
20 240
20 247
20 309
21 73
21 106
21 111
21 170
21 273
21 284
22 39
22 51
22 129
22 151
22 160
22 199
22 202
22 255
22 309
23 44
23 51
23 70
23 113
23 119
23 124
23 129
23 152
23 239
23 277
24 166
24 177
24 252
24 276
25 75
25 129
25 134
25 153
25 195
25 200
25 228
25 280
26 68
26 99
26 109
26 143
26 162
27 121
27 125
27 142
27 205
27 219
27 233
28 36
28 57
28 84
28 94
28 120
28 129
28 156
28 159
28 170
28 246
28 261
28 304
29 40
29 100
29 209
29 235
29 250
29 257
29 297
30 46
30 177
31 75
31 77
31 164
32 203
32 233
32 274
33 125
33 127
33 192
33 235
33 238
34 48
34 102
34 157
34 200
34 218
34 247
34 265
34 278
35 67
35 75
35 85
35 86
35 91
35 96
35 109
35 117
35 122
35 190
35 192
35 219
35 231
35 234
35 235
35 247
35 292
35 309
36 38
36 46
36 51
36 61
36 62
36 72
36 76
36 120
36 134
36 168
36 193
36 261
36 274
37 66
37 127
37 129
37 168
37 180
37 192
37 200
37 226
37 288
37 298
38 103
38 133
38 237
38 246
38 304
39 43
39 75
39 82
39 85
39 90
39 118
39 140
39 159
39 222
40 96
40 125
40 127
40 134
40 137
40 177
40 178
40 185
40 189
41 55
41 83
41 87
41 117
41 124
41 128
41 155
41 160
41 219
41 237
41 257
42 85
42 103
42 157
42 176
42 257
43 127
43 128
43 142
43 202
43 208
43 223
43 293
44 114
44 125
44 240
44 254
45 126
45 288
46 197
47 185
47 197
48 121
48 124
49 121
49 151
49 192
49 199
49 232
49 286
49 309
49 314
50 208
50 228
50 308
51 73
51 76
51 151
51 159
51 195
51 219
51 274
51 299
52 65
52 124
52 137
52 198
52 204
52 218
52 237
52 252
52 265
52 267
55 191
56 108
56 201
57 61
57 77
57 123
57 127
57 131
57 160
57 271
57 298
58 99
58 104
58 148
58 235
58 241
59 79
59 95
59 99
59 139
59 201
59 219
59 224
59 238
59 246
60 122
61 90
61 121
61 125
61 157
61 168
61 251
61 298
62 77
62 85
62 89
62 216
62 228
62 233
63 84
63 233
63 234
63 264
64 226
64 259
65 122
65 125
65 144
65 215
65 220
66 105
66 180
66 184
66 191
66 257
67 75
67 114
67 121
67 174
67 262
68 71
68 143
68 232
69 141
69 156
69 160
69 164
69 168
69 216
69 304
70 76
70 121
70 122
70 220
71 124
72 73
72 86
72 162
72 184
72 185
72 252
73 103
73 124
73 140
73 204
73 226
73 230
73 239
73 286
73 309
74 98
74 180
74 204
75 106
75 115
75 121
75 124
75 141
75 228
75 241
75 258
75 259
76 88
76 99
76 103
76 110
76 129
76 172
76 204
76 267
76 286
77 102
77 109
77 135
77 143
77 162
77 186
77 226
77 232
77 247
77 277
77 292
77 304
78 117
78 201
78 206
78 272
79 109
79 115
79 235
79 241
80 83
80 102
80 223
81 85
81 104
81 126
81 222
81 286
81 298
82 162
82 174
82 188
83 121
83 152
83 219
83 234
83 240
84 85
84 86
84 123
84 128
84 181
84 266
84 309
85 89
85 113
85 125
85 127
85 129
85 163
85 181
85 183
85 218
85 220
85 234
85 239
85 245
85 291
85 306
86 94
86 107
86 115
86 122
86 194
86 232
86 309
87 121
87 148
87 226
87 247
88 123
88 129
88 283
89 92
89 127
89 160
89 193
90 92
90 104
90 120
90 121
90 124
90 125
90 134
90 140
90 142
90 158
90 168
90 171
90 182
90 185
90 226
90 315
91 289
92 107
92 127
92 146
92 233
93 99
93 233
94 226
95 100
95 114
95 124
95 127
95 130
95 134
95 136
95 180
95 215
95 251
95 280
95 315
96 126
96 232
97 246
98 112
98 177
98 223
98 252
98 258
98 262
98 303
99 100
99 104
99 125
99 126
99 127
99 129
99 165
99 185
99 204
99 219
99 235
99 260
99 264
99 273
99 314
100 124
100 128
100 134
100 155
100 168
100 200
100 207
100 212
100 226
100 227
100 233
100 235
100 241
100 294
102 111
102 199
103 104
103 122
103 241
103 273
103 313
103 314
104 121
104 123
104 158
104 218
105 111
105 126
105 175
105 226
105 232
105 235
105 266
105 271
106 108
106 124
106 163
106 198
106 219
106 241
106 280
107 121
107 188
108 121
108 206
108 221
108 226
108 257
108 261
110 111
110 122
110 126
110 204
110 206
110 226
110 232
110 284
110 304
111 121
111 124
111 169
111 195
111 288
112 134
112 154
112 234
112 264
112 266
113 174
113 293
115 128
115 132
115 158
115 189
115 288
116 223
117 180
117 204
117 219
117 235
117 241
118 173
119 122
119 129
119 165
119 209
119 223
120 234
120 235
120 240
120 283
120 314
121 123
121 127
121 128
121 133
121 153
121 154
121 165
121 166
121 195
121 232
121 233
121 237
121 253
121 259
121 275
121 277
121 280
121 288
121 302
121 304
121 314
122 127
122 130
122 145
122 160
122 162
122 168
122 173
122 188
122 199
122 201
122 211
122 226
122 229
122 236
122 237
122 253
122 259
122 264
122 276
122 309
123 125
123 128
123 130
123 132
123 168
123 201
123 215
123 217
123 222
123 235
123 255
123 271
123 309
124 125
124 132
124 137
124 138
124 142
124 144
124 151
124 161
124 163
124 180
124 184
124 192
124 206
124 216
124 218
124 223
124 235
124 240
124 245
124 246
124 254
124 268
124 283
124 288
124 305
125 128
125 129
125 134
125 147
125 185
125 222
125 234
125 235
125 238
125 243
125 257
125 259
125 266
125 275
125 277
125 280
125 287
125 294
126 127
126 133
126 135
126 168
126 179
126 182
126 183
126 191
126 204
126 217
126 235
126 238
126 239
126 241
126 264
127 160
127 162
127 172
127 180
127 188
127 192
127 218
127 219
127 226
127 227
127 232
127 251
127 252
127 276
127 295
128 129
128 134
128 149
128 200
128 201
128 202
128 204
128 250
128 304
129 138
129 140
129 160
129 192
129 197
129 209
129 219
129 232
129 233
129 234
129 243
129 268
130 226
130 309
130 315
131 205
131 250
132 137
132 201
132 217
132 308
133 148
133 193
133 256
133 257
134 139
134 182
134 194
134 207
134 233
134 253
134 266
135 153
135 181
135 236
135 246
136 207
137 143
137 173
137 215
137 268
138 191
139 186
139 193
139 264
140 141
140 153
140 203
140 234
140 242
140 260
140 293
141 283
142 260
142 274
142 283
142 288
143 163
143 219
143 288
144 147
144 200
144 309
145 232
146 283
146 293
147 149
147 238
147 296
148 178
148 232
148 259
149 309
151 211
151 217
151 234
151 286
151 313
152 166
152 217
152 233
152 235
152 252
153 211
153 258
153 286
153 290
154 189
154 207
154 233
154 247
155 202
155 299
156 230
157 227
157 239
157 247
157 251
158 160
158 178
158 191
158 203
158 204
158 220
158 226
158 241
158 277
159 232
160 167
160 171
160 188
160 204
160 229
160 235
160 244
160 259
160 273
161 168
162 188
162 237
162 241
162 253
163 183
163 195
163 263
163 266
163 312
165 217
166 234
166 235
166 254
167 186
167 188
168 215
168 223
168 225
168 226
168 231
168 267
168 278
170 217
170 279
170 288
170 308
171 304
172 221
173 181
173 202
173 309
174 267
174 283
175 192
175 243
175 246
176 179
176 206
176 232
176 250
177 187
177 196
179 226
180 184
181 187
182 195
182 199
183 233
183 260
184 234
185 201
185 283
185 290
185 305
186 245
188 232
188 252
189 193
189 280
189 285
189 291
189 306
190 279
191 197
191 228
191 306
192 207
192 238
193 249
193 294
195 198
195 219
195 292
196 206
197 198
197 203
197 223
197 305
197 313
197 315
198 207
198 254
199 218
199 273
199 304
199 314
200 213
200 232
201 241
201 258
201 279
201 280
201 304
201 307
202 235
202 304
203 219
204 232
204 280
205 292
206 300
207 226
207 233
207 234
207 243
207 314
209 213
209 297
210 217
212 221
212 235
212 309
214 226
215 221
218 219
218 241
218 243
218 253
219 314
220 232
220 264
220 290
220 304
221 222
221 246
221 307
222 280
223 259
224 230
225 309
226 233
226 301
226 303
228 233
228 278
231 267
231 271
232 233
232 257
232 262
232 303
233 235
233 245
233 255
233 262
233 277
233 279
233 289
233 302
233 311
234 239
234 250
234 261
235 252
235 280
235 282
235 291
235 305
236 243
236 266
236 276
237 271
239 310
240 259
241 250
241 277
241 309
242 261
243 273
246 313
247 264
254 296
254 309
255 258
255 261
259 292
260 264
260 272
262 266
263 279
264 267
264 286
264 287
264 304
265 266
265 278
266 288
271 279
274 305
279 304
279 309
283 292
285 288
288 304
289 309
303 313
304 309
304 310
309 311
