0 196
0 212
0 245
0 268
0 304
1 123
1 129
1 173
1 187
1 199
1 309
2 5
2 35
2 57
2 104
2 126
2 131
2 234
2 236
2 268
2 310
3 100
3 121
3 124
3 125
3 230
3 234
3 262
4 23
4 51
4 59
4 125
4 136
4 155
4 180
4 185
4 218
4 222
4 228
4 232
5 11
5 24
5 43
5 59
5 89
5 90
5 109
5 232
5 241
5 263
6 51
6 112
6 204
6 245
6 314
7 37
7 45
7 105
7 124
7 128
7 228
7 276
7 294
7 304
8 77
8 198
8 235
9 16
9 50
9 89
9 96
9 189
9 204
9 220
9 269
10 59
10 90
10 119
10 128
10 134
10 207
10 227
10 273
11 99
11 223
11 282
12 17
12 72
12 85
12 104
12 127
12 145
12 195
12 207
12 267
12 271
13 23
13 54
13 69
13 85
13 112
13 121
13 123
13 234
13 274
13 286
13 309
14 85
14 98
14 117
14 123
14 216
15 102
15 125
15 204
15 232
15 289
16 54
16 99
16 105
16 183
16 195
16 220
16 222
16 247
17 29
17 89
17 106
17 129
17 232
17 293
18 32
18 123
18 126
18 184
18 192
18 234
18 273
19 70
19 128
20 72
20 76
20 83
20 97
20 127
20 160
20 165
20 174
20 175
20 192
20 200
20 235
20 257
20 297
21 123
21 139
21 243
21 274
22 65
22 77
22 122
22 126
22 166
22 170
22 185
22 226
22 242
22 252
22 266
23 106
23 119
23 129
23 157
23 195
23 204
23 207
23 279
23 304
24 97
24 111
24 122
24 128
24 173
24 221
24 257
24 262
25 143
26 35
26 85
26 102
26 122
26 126
26 127
26 176
26 232
26 247
26 267
26 309
27 28
27 32
27 160
28 64
28 73
28 121
28 126
28 227
28 232
28 247
28 299
28 309
29 70
29 108
29 112
29 121
29 180
29 195
29 214
29 254
29 298
30 106
30 141
30 168
31 42
31 81
31 90
31 95
31 123
31 129
31 167
31 235
32 35
32 42
32 160
32 202
32 253
33 306
34 70
34 75
34 125
34 129
34 152
34 216
34 232
34 234
34 238
35 100
35 107
35 121
35 127
35 180
35 234
35 246
35 258
35 271
35 280
35 304
36 37
36 40
36 121
36 158
36 197
36 200
36 226
36 233
36 279
36 285
37 54
37 122
37 123
37 138
37 236
38 90
38 210
39 54
39 85
39 93
39 121
39 157
39 214
40 47
40 77
40 111
40 126
40 127
40 162
40 165
40 168
40 220
40 231
40 232
40 303
40 309
41 51
41 67
41 81
41 120
41 125
41 127
41 133
41 150
41 170
41 186
41 232
41 315
42 91
42 106
42 122
42 124
42 134
42 135
42 139
42 266
43 83
43 110
43 122
43 202
43 221
44 52
44 100
44 122
44 253
45 252
46 200
46 207
46 222
48 79
49 87
49 100
49 121
49 124
49 153
49 174
49 204
50 207
50 261
51 57
51 96
51 121
51 124
51 139
51 187
51 233
51 265
52 84
52 85
52 128
52 136
52 251
52 268
52 292
53 90
53 101
53 125
53 166
53 219
54 95
54 98
54 121
54 164
54 241
54 247
54 292
54 298
55 80
55 125
55 192
55 197
55 220
55 235
56 57
56 100
56 107
56 126
56 201
56 236
56 242
57 77
57 95
57 99
57 106
57 108
57 128
57 170
57 185
57 261
57 276
57 282
57 283
57 305
57 309
58 102
58 215
58 237
59 75
59 81
59 105
59 134
59 199
59 215
59 227
59 229
59 231
59 315
60 147
60 267
61 62
61 124
61 173
61 203
61 233
61 280
61 288
62 74
62 96
62 125
62 128
62 194
62 224
62 234
62 267
62 279
63 66
63 121
64 124
64 139
64 283
65 77
65 304
66 99
66 206
66 232
66 233
67 68
67 84
67 130
67 156
67 218
67 230
67 253
67 292
68 110
68 127
69 88
69 114
69 197
69 204
69 207
70 71
70 111
70 123
70 126
70 127
70 247
70 286
71 117
71 154
71 162
71 200
71 205
71 271
72 73
72 120
72 139
72 236
72 293
73 112
73 135
73 136
73 163
73 173
73 185
73 261
73 266
73 304
74 112
74 166
75 76
75 84
75 133
75 192
75 226
75 266
75 280
75 304
76 79
76 102
76 122
76 128
76 134
76 150
76 178
76 204
76 205
76 227
76 232
76 266
76 273
76 305
77 84
77 110
77 119
77 121
77 122
77 140
77 152
77 155
77 201
77 206
77 210
77 217
77 218
77 226
77 227
77 231
77 243
77 264
77 282
77 309
77 315
78 84
78 99
78 266
79 103
79 201
79 232
79 267
80 99
80 217
80 241
80 246
80 261
81 313
82 163
82 263
83 206
83 216
83 270
84 85
84 100
84 122
84 123
84 170
84 180
84 253
84 280
84 304
85 99
85 100
85 108
85 121
85 122
85 125
85 187
85 196
85 225
85 270
85 276
85 304
86 129
86 154
86 167
86 189
86 202
87 121
87 127
87 180
87 187
87 232
87 304
88 189
88 197
88 268
89 117
89 124
89 172
89 224
89 226
89 266
89 309
90 106
90 121
90 123
90 126
90 133
90 134
90 166
90 202
90 211
90 233
90 235
90 252
90 266
90 279
91 92
91 161
91 179
91 187
91 200
91 206
91 219
91 226
91 275
92 104
92 126
92 154
92 158
92 233
92 234
92 276
93 197
93 279
95 117
95 124
95 126
95 156
95 233
95 267
95 285
96 249
97 126
97 135
97 189
98 99
98 103
98 187
98 234
98 288
98 309
99 106
99 111
99 113
99 126
99 128
99 130
99 139
99 156
99 177
99 183
99 188
99 195
99 198
99 220
99 235
99 240
99 267
99 279
99 292
99 304
100 122
100 131
100 133
100 134
100 135
100 137
100 209
100 212
100 233
100 250
100 264
100 266
101 127
101 132
101 204
101 220
102 122
102 239
102 259
102 279
103 134
103 164
103 205
103 223
103 277
104 235
105 121
105 124
105 153
105 157
105 164
105 206
105 233
105 234
106 129
106 131
106 163
106 180
106 201
106 211
106 233
106 239
107 108
107 236
107 264
108 121
108 129
108 261
110 113
110 122
110 138
110 156
110 219
110 240
110 279
111 117
111 129
111 133
111 135
111 197
111 232
111 268
111 279
111 298
111 309
112 125
112 195
113 199
113 238
114 140
115 140
115 172
115 249
116 246
116 268
116 286
117 127
117 155
117 160
117 209
117 288
117 313
118 237
118 259
119 172
119 181
119 266
120 124
120 129
120 220
120 228
120 232
121 125
121 126
121 128
121 152
121 159
121 160
121 183
121 188
121 192
121 195
121 209
121 220
121 221
121 235
121 241
121 254
121 255
121 276
121 304
121 305
122 128
122 134
122 135
122 160
122 162
122 193
122 211
122 223
122 233
122 235
122 246
122 278
122 292
122 298
122 308
123 129
123 140
123 142
123 174
123 178
123 181
123 193
123 195
123 202
123 219
123 228
123 232
123 234
123 273
123 286
123 291
123 312
124 126
124 129
124 134
124 137
124 155
124 163
124 180
124 199
124 226
124 235
124 238
124 240
124 247
124 252
124 254
124 276
124 309
125 128
125 141
125 186
125 192
125 195
125 197
125 204
125 206
125 226
125 229
125 232
125 234
125 250
125 261
125 273
125 280
125 296
125 304
125 309
126 128
126 140
126 173
126 180
126 182
126 235
126 259
126 266
126 292
126 314
127 134
127 143
127 155
127 162
127 165
127 216
127 225
127 233
127 235
127 240
127 241
127 252
127 267
127 273
127 275
127 281
127 304
128 155
128 157
128 168
128 170
128 186
128 187
128 192
128 200
128 204
128 215
128 232
128 234
128 247
128 256
128 257
128 278
128 286
129 135
129 137
129 166
129 167
129 180
129 202
129 203
129 226
129 233
129 241
129 248
129 261
129 279
129 287
130 197
130 233
130 249
130 292
131 166
131 170
131 192
131 215
132 187
132 201
132 279
133 215
133 234
133 304
134 180
134 193
134 222
134 234
134 249
134 279
134 309
135 147
135 183
135 223
135 271
135 304
136 145
136 199
137 147
138 238
139 152
139 277
139 283
139 298
140 206
140 232
141 185
142 234
143 267
143 298
144 160
144 207
144 232
145 161
145 247
148 201
149 182
150 188
150 222
150 286
151 209
151 241
151 257
152 154
152 166
153 254
154 187
155 202
155 226
155 246
155 298
155 313
156 195
156 228
156 232
156 261
157 212
158 163
158 247
158 280
159 279
160 162
160 292
160 296
162 192
162 234
162 255
162 278
162 308
163 169
163 211
163 279
164 174
164 191
164 313
165 186
165 195
165 206
166 276
166 278
166 288
168 181
168 201
168 216
168 233
168 235
169 250
169 264
170 225
170 268
171 232
171 279
172 223
172 268
173 199
173 226
173 236
173 238
173 241
173 308
173 311
174 175
174 181
174 199
175 259
176 207
176 279
176 304
177 279
178 205
180 199
180 238
180 296
180 304
181 221
183 264
183 283
184 189
185 192
185 203
185 208
186 192
186 197
186 233
186 250
186 309
187 218
188 219
188 233
188 247
189 218
189 227
189 234
189 277
193 220
193 256
194 234
195 196
195 234
195 286
197 209
197 233
197 234
197 235
197 276
197 315
200 260
200 267
201 225
201 263
203 221
203 246
203 268
204 206
204 219
204 232
204 241
204 286
204 291
204 292
204 313
206 267
206 304
207 223
207 238
207 267
208 235
208 238
208 253
208 280
208 301
209 235
210 279
212 280
212 299
212 308
213 218
214 274
216 233
216 238
217 232
217 238
217 266
217 268
218 266
219 232
219 241
219 293
219 297
219 308
220 241
220 266
221 296
222 226
222 276
223 233
223 234
223 240
223 266
223 268
223 276
224 279
225 232
226 232
226 263
226 271
226 280
226 288
226 309
228 266
231 235
231 240
231 302
232 233
232 257
232 263
232 308
232 314
233 235
233 254
233 257
233 267
233 271
233 299
234 236
234 262
234 279
234 309
235 299
235 308
236 246
236 314
237 312
238 244
238 256
239 265
245 302
250 255
251 292
251 304
252 279
259 304
261 285
264 279
265 276
266 305
271 304
273 313
275 311
276 290
289 308
292 315
294 314
297 299
301 309
309 310
309 314
