0 17
0 23
0 35
0 77
0 203
0 261
0 265
1 52
1 62
1 115
1 136
1 279
2 61
2 103
2 121
2 127
2 183
2 244
2 263
2 288
3 6
3 26
3 55
3 66
3 80
3 140
3 278
4 12
4 18
4 41
4 95
4 122
4 125
4 126
4 127
4 193
4 246
4 267
5 7
5 10
5 90
5 98
5 121
5 126
5 224
5 231
5 234
5 236
5 240
5 296
6 77
6 125
6 126
6 204
6 212
6 214
7 21
7 27
7 70
7 124
7 180
7 190
7 220
7 232
7 237
7 304
7 314
8 209
8 243
8 282
9 31
9 42
9 142
9 189
9 228
10 77
10 99
10 128
10 199
10 215
10 232
10 303
10 314
11 34
11 121
11 198
11 280
12 59
12 105
12 124
12 190
12 204
12 273
13 19
13 23
13 68
13 73
13 85
13 111
13 142
13 153
13 199
13 204
13 225
13 252
14 41
14 61
14 63
14 160
14 165
14 233
14 292
15 85
15 121
15 202
15 204
15 232
16 43
16 71
16 83
16 100
16 122
16 175
16 211
16 233
16 234
17 68
17 88
17 122
17 128
17 158
18 40
18 77
18 103
18 183
18 286
19 27
19 91
19 124
19 208
19 214
20 105
20 121
20 128
20 140
20 154
21 73
21 126
22 35
22 55
22 77
22 206
22 219
22 234
22 265
22 271
23 79
23 220
24 62
24 67
24 180
24 226
24 247
25 156
25 194
25 207
25 212
25 289
25 291
26 57
26 61
26 67
26 90
26 238
26 253
26 283
27 128
27 161
27 165
27 202
27 309
28 29
28 115
28 117
28 235
29 33
29 35
29 77
29 118
29 138
29 168
29 245
29 309
30 121
31 64
31 77
31 222
31 226
32 85
32 128
32 193
32 221
33 106
33 156
33 219
33 266
34 75
34 98
34 122
34 133
34 220
34 234
35 48
35 77
35 110
35 127
35 129
35 186
35 226
35 232
35 266
35 304
36 75
36 106
36 121
36 137
36 169
36 181
36 201
36 232
36 233
37 100
37 107
37 127
37 149
37 253
37 261
38 86
38 121
39 123
39 151
39 154
39 218
39 262
39 265
40 61
40 82
40 91
40 110
40 151
40 156
40 170
40 226
40 266
40 267
40 279
40 281
41 62
41 99
41 168
41 185
41 187
41 246
41 267
42 128
42 185
42 253
42 267
42 280
43 74
43 232
44 86
44 309
45 127
46 100
46 114
46 189
46 201
47 173
47 207
47 233
47 264
49 86
49 97
49 114
49 118
49 128
49 140
49 266
50 73
50 143
50 234
51 113
51 121
51 123
51 204
51 218
51 233
51 249
51 286
51 304
51 309
52 57
52 94
52 128
52 277
53 80
53 147
53 183
53 223
53 235
53 308
54 64
54 65
54 130
54 167
55 75
55 101
55 111
55 123
55 180
55 232
56 73
56 110
56 172
56 179
56 197
56 204
56 207
56 219
56 223
56 224
57 121
57 126
57 151
57 180
58 304
59 86
59 89
59 126
59 128
59 129
59 135
59 168
59 200
59 202
59 279
59 290
59 304
60 110
60 144
60 289
61 76
61 99
61 104
61 122
61 180
61 207
61 219
61 278
62 206
62 210
62 233
63 110
63 262
65 107
65 154
65 219
66 82
66 124
66 312
67 121
67 123
67 255
68 111
68 121
68 125
68 126
68 170
69 75
69 128
69 187
69 193
70 77
70 85
70 151
71 133
71 139
71 180
71 309
72 120
72 139
72 158
72 173
72 195
72 204
72 232
72 257
72 285
72 314
73 102
73 112
73 122
73 129
73 140
73 153
73 234
73 245
73 250
74 108
74 110
74 119
74 129
74 200
75 95
75 99
75 115
75 122
75 123
75 183
75 225
75 232
75 233
75 235
75 241
75 303
76 116
76 126
76 164
76 179
76 185
76 186
76 191
76 207
76 235
76 240
76 241
76 251
77 81
77 100
77 106
77 122
77 129
77 134
77 145
77 179
77 188
77 204
77 231
77 265
77 309
78 89
78 162
78 204
78 226
79 159
79 223
79 278
79 296
80 123
80 174
80 189
80 197
80 314
81 111
81 120
81 121
81 125
81 178
81 212
81 235
81 274
82 265
83 95
83 165
83 201
83 215
84 98
84 106
84 143
84 177
84 240
85 90
85 115
85 141
85 165
85 273
85 290
86 122
86 162
86 221
86 276
86 278
86 288
86 298
87 169
87 240
88 175
88 221
89 99
89 121
89 123
89 126
89 149
89 243
90 96
90 99
90 110
90 125
90 126
90 129
90 143
90 199
90 216
90 219
90 223
90 226
90 237
90 282
90 290
90 309
91 264
92 123
92 201
92 209
93 109
93 206
93 279
94 134
95 135
95 178
95 200
95 246
95 247
95 255
96 100
96 226
96 238
96 268
96 287
97 160
98 127
98 128
98 219
98 226
98 276
99 125
99 129
99 151
99 195
99 226
99 241
99 275
99 279
99 304
99 315
100 126
100 128
100 144
100 146
100 157
100 181
100 185
100 195
100 216
100 217
100 223
100 229
100 233
100 235
100 246
100 275
100 286
100 304
101 200
102 235
102 252
102 304
103 124
103 125
103 129
103 179
103 308
104 125
104 221
104 252
104 255
104 259
105 127
105 129
105 232
105 237
105 271
106 122
106 133
106 159
106 160
106 188
106 201
106 232
106 234
106 240
106 292
106 308
107 117
107 125
107 217
107 241
108 123
108 126
108 263
109 235
110 127
110 141
110 163
110 220
110 222
110 254
110 304
110 309
110 311
110 313
111 126
111 155
111 172
111 210
111 228
111 237
111 259
112 133
112 180
114 251
115 216
115 234
116 235
116 243
116 276
117 137
117 143
117 195
117 207
117 223
117 224
117 286
118 128
118 218
119 147
119 202
119 235
120 125
120 174
120 256
120 309
120 311
121 124
121 127
121 128
121 129
121 143
121 149
121 154
121 180
121 183
121 185
121 192
121 199
121 224
121 231
121 235
121 264
121 274
122 126
122 127
122 129
122 133
122 137
122 143
122 156
122 158
122 163
122 170
122 174
122 180
122 192
122 202
122 204
122 216
122 220
122 233
122 257
122 258
122 260
122 261
122 265
122 266
122 271
122 279
122 283
122 292
122 307
122 309
123 125
123 135
123 137
123 153
123 155
123 159
123 160
123 189
123 195
123 220
123 222
123 223
123 225
123 232
123 250
123 276
123 279
123 305
124 125
124 160
124 171
124 185
124 202
124 208
124 216
124 219
124 226
124 236
124 243
124 244
124 246
124 247
124 266
124 280
124 298
124 299
124 309
125 126
125 127
125 134
125 139
125 140
125 141
125 147
125 162
125 168
125 201
125 203
125 221
125 222
125 234
125 246
125 266
125 280
125 309
125 312
126 127
126 130
126 139
126 160
126 172
126 177
126 186
126 195
126 204
126 209
126 238
126 240
126 252
126 254
126 261
126 263
126 266
126 305
126 306
127 148
127 149
127 166
127 187
127 188
127 191
127 192
127 197
127 199
127 204
127 206
127 226
127 232
127 234
127 238
127 264
127 267
127 276
127 278
127 292
128 129
128 134
128 137
128 159
128 160
128 178
128 202
128 208
128 214
128 217
128 232
128 235
128 237
128 241
128 250
128 271
128 273
128 274
128 279
128 288
129 134
129 180
129 234
129 246
129 264
129 280
129 286
131 241
131 249
131 269
131 273
132 152
132 228
132 246
133 180
133 204
133 207
134 158
134 165
134 179
134 197
134 231
134 232
134 241
134 261
134 264
134 267
134 269
134 279
134 314
135 144
135 158
135 305
136 275
137 182
137 199
137 212
139 175
139 180
139 217
139 224
139 234
139 236
139 240
140 283
140 293
140 314
141 180
141 181
141 219
142 143
142 181
142 271
142 279
143 206
143 232
143 236
143 282
144 225
144 267
144 275
144 309
145 234
146 167
146 288
147 193
147 235
148 204
148 262
148 308
149 197
149 212
149 232
149 273
151 163
151 200
151 219
151 234
151 260
152 159
153 180
153 197
153 234
154 201
154 210
154 226
155 160
155 165
155 171
155 201
155 234
155 304
156 259
157 206
158 162
158 181
158 226
158 263
158 302
159 233
160 182
160 189
160 201
160 223
160 232
160 268
160 286
160 295
160 312
162 174
162 180
162 201
162 246
163 202
163 232
163 250
164 241
164 264
164 284
165 214
165 241
166 168
166 194
166 202
166 223
166 232
168 230
168 256
168 288
168 304
168 310
169 217
169 222
169 228
170 279
171 185
171 272
172 309
173 204
173 232
174 201
174 279
175 176
175 234
176 243
176 266
177 219
177 232
178 201
178 241
180 183
180 186
180 197
180 204
180 208
180 209
180 230
181 233
181 255
182 199
182 204
183 234
184 198
186 195
186 286
187 209
187 234
187 256
187 280
188 235
188 309
189 221
189 231
191 275
192 226
193 233
193 282
194 302
195 228
195 266
196 215
197 200
197 215
197 223
197 276
198 250
198 275
199 226
199 241
199 278
199 288
199 297
200 219
200 304
201 204
201 214
201 234
201 241
201 257
202 206
203 217
203 276
204 226
204 258
204 266
204 268
204 286
204 288
206 217
206 240
206 247
206 261
206 304
207 238
208 209
210 216
210 279
211 228
211 264
212 214
212 232
214 220
215 265
216 234
216 282
216 305
217 223
217 271
218 255
218 309
219 271
219 279
219 288
220 245
220 309
220 312
221 257
222 235
222 313
223 267
223 315
224 285
225 239
225 264
226 251
226 271
226 309
227 235
227 241
228 260
231 233
231 252
231 257
232 233
232 234
232 235
232 255
232 279
232 289
232 304
233 255
233 261
233 276
234 266
234 296
234 307
235 271
235 307
237 250
237 292
238 302
239 262
244 249
244 257
244 314
249 286
252 261
253 300
255 297
256 276
259 291
259 292
264 267
265 293
267 314
268 287
274 286
279 280
279 305
279 309
286 296
304 314
