0 34
0 148
0 204
0 267
1 153
1 186
1 200
1 202
1 234
1 267
2 14
2 19
2 86
2 121
2 127
2 147
2 218
2 259
2 271
3 34
3 39
3 75
3 122
3 130
3 155
3 160
3 280
4 42
4 66
4 95
4 128
4 178
4 195
4 235
4 239
4 264
4 286
4 309
5 100
5 107
5 122
5 125
5 135
5 142
5 165
5 168
5 169
5 219
5 232
5 268
5 271
6 75
6 121
6 180
6 189
6 193
6 223
6 234
6 273
6 280
7 18
7 75
7 91
7 112
7 134
7 163
7 201
7 210
7 226
7 235
7 261
7 306
8 39
8 294
8 309
9 43
9 84
9 123
10 54
10 70
10 103
10 128
10 226
10 235
10 239
10 260
10 315
11 96
11 228
11 293
12 28
12 34
12 49
12 66
12 95
12 120
13 77
13 125
13 126
13 129
13 134
13 226
14 34
14 64
14 77
14 100
14 168
14 259
14 275
15 210
15 219
15 229
15 259
16 17
16 54
16 99
16 125
16 140
16 167
17 128
17 187
17 200
17 209
17 228
17 236
17 266
18 22
18 99
18 209
18 222
19 250
19 274
20 96
20 150
20 189
20 235
20 241
20 274
20 285
21 128
21 192
22 81
22 90
22 140
22 189
22 198
22 309
23 28
23 98
23 100
23 106
23 160
23 185
23 286
24 52
24 103
24 122
24 123
24 211
24 232
24 235
24 294
24 311
25 66
25 72
25 241
26 66
26 72
26 127
26 247
26 290
27 98
27 143
27 195
27 207
27 263
27 265
28 95
28 126
28 183
28 228
28 258
28 266
29 149
29 168
29 267
29 293
30 120
30 166
30 204
31 77
31 126
31 134
31 178
31 233
31 241
31 266
32 122
32 135
32 189
32 202
32 206
32 217
32 279
33 106
33 122
33 201
33 206
33 237
34 36
34 42
34 121
34 129
34 150
34 178
34 279
34 280
35 76
35 79
35 100
35 102
35 134
35 155
35 158
35 162
35 165
35 183
35 204
35 215
35 255
35 268
35 288
36 39
36 40
36 128
36 203
36 214
36 218
37 56
37 126
37 128
37 206
38 174
38 277
39 41
39 47
39 51
39 95
39 112
39 198
39 200
39 204
39 210
39 293
40 86
40 123
40 145
40 157
40 175
40 221
40 238
40 241
40 253
40 274
40 279
41 42
41 128
41 178
41 221
41 226
41 241
42 125
42 158
42 181
42 204
42 232
42 243
42 262
42 280
42 297
43 111
43 125
43 126
43 166
44 46
44 75
44 160
44 167
44 246
44 304
45 177
46 122
46 127
46 231
49 163
49 201
50 68
50 161
50 198
51 61
51 95
51 119
51 124
51 147
51 178
51 253
51 275
51 296
51 304
51 314
52 61
52 106
52 107
52 173
52 214
52 233
52 252
52 257
52 266
52 291
53 122
54 128
54 134
54 199
54 210
54 216
54 258
55 96
55 204
56 86
56 104
56 122
56 125
56 203
56 207
56 226
56 291
57 87
57 120
57 135
57 172
57 199
57 232
57 266
57 277
58 168
59 123
59 128
59 189
59 204
59 212
59 237
59 241
60 115
60 135
60 162
60 309
61 166
61 207
61 226
61 241
61 259
61 311
61 312
62 201
62 207
64 85
64 220
64 225
64 311
65 128
65 132
65 233
66 81
66 111
66 124
66 127
66 133
66 163
66 202
66 276
67 89
67 122
67 197
67 311
68 203
68 279
69 99
69 110
69 124
70 98
70 121
70 122
70 123
70 135
70 144
70 226
71 125
71 186
71 235
72 77
72 86
72 125
72 230
72 292
73 83
73 89
73 100
73 118
73 170
73 213
73 238
73 240
73 266
74 99
74 136
74 144
74 218
74 261
75 100
75 141
75 185
75 219
75 259
75 309
76 116
76 158
76 208
76 226
76 232
76 239
76 244
76 258
76 304
76 313
77 79
77 83
77 89
77 120
77 124
77 134
77 148
77 152
77 158
77 161
77 178
77 180
77 193
77 206
77 235
77 257
77 259
77 261
77 285
78 162
78 181
78 232
79 102
79 153
79 166
80 125
80 126
80 232
81 138
81 141
81 151
81 176
81 200
81 266
82 126
82 255
82 268
83 129
83 224
83 289
84 89
84 95
84 112
84 125
84 127
84 192
84 216
84 246
84 266
85 99
85 100
85 111
85 122
85 125
85 128
85 129
85 130
85 134
85 236
85 237
85 288
86 97
86 121
86 156
86 160
86 247
86 257
87 90
87 95
87 235
87 265
88 182
88 206
89 106
89 124
89 144
89 149
89 156
89 226
90 103
90 117
90 134
90 140
90 152
90 161
90 165
90 178
90 181
90 217
90 223
90 233
90 237
90 243
90 263
90 313
91 121
91 139
91 154
91 185
91 268
91 277
92 122
92 197
92 217
92 265
92 268
93 99
93 121
93 124
93 204
93 228
93 288
95 133
95 134
95 153
95 223
95 307
96 141
97 123
97 125
98 124
98 153
98 160
98 219
98 234
98 236
98 264
99 115
99 122
99 126
99 169
99 170
99 187
99 220
99 221
99 232
99 233
99 246
99 266
99 288
100 117
100 122
100 130
100 141
100 149
100 162
100 163
100 203
100 209
100 219
100 257
100 309
101 135
102 103
102 160
102 265
103 243
103 252
103 273
103 309
104 105
104 169
104 209
104 226
104 292
105 121
105 185
105 233
105 274
106 111
106 127
106 134
106 160
106 206
106 241
106 261
107 247
107 272
108 115
108 123
108 125
108 137
108 147
108 206
109 124
109 129
110 127
110 169
110 187
110 204
110 230
110 232
110 235
111 129
111 140
111 188
111 196
111 215
111 245
111 259
112 214
112 219
112 237
112 259
114 122
115 124
115 164
115 178
115 237
117 124
117 153
117 162
117 253
117 257
117 271
117 309
118 127
119 155
119 204
119 263
120 121
120 122
120 232
121 125
121 127
121 128
121 129
121 130
121 133
121 137
121 139
121 158
121 185
121 188
121 197
121 216
121 225
121 231
121 233
121 235
121 246
121 269
121 275
121 288
122 123
122 128
122 132
122 143
122 152
122 155
122 168
122 170
122 195
122 218
122 251
122 302
123 129
123 130
123 139
123 146
123 153
123 162
123 166
123 168
123 180
123 206
123 210
123 221
123 232
123 233
123 245
123 247
123 273
123 278
123 288
123 304
124 125
124 127
124 128
124 129
124 140
124 152
124 155
124 176
124 186
124 218
124 221
124 226
124 232
124 235
124 304
125 128
125 130
125 154
125 163
125 168
125 197
125 199
125 215
125 225
125 226
125 232
125 250
125 252
125 257
125 273
125 286
125 299
126 127
126 133
126 139
126 166
126 167
126 168
126 194
126 204
126 208
126 212
126 215
126 219
126 233
126 247
126 276
126 279
127 129
127 141
127 169
127 170
127 171
127 180
127 185
127 215
127 216
127 217
127 219
127 222
127 223
127 233
127 243
127 309
128 129
128 134
128 139
128 217
128 236
128 238
128 241
128 245
128 274
128 282
128 294
128 296
128 297
129 132
129 135
129 138
129 141
129 156
129 157
129 159
129 166
129 189
129 202
129 216
129 237
129 239
129 243
129 271
130 144
130 161
130 204
130 223
130 226
131 163
131 166
131 204
131 233
132 186
133 139
133 151
133 228
133 233
133 241
133 284
133 293
134 137
134 147
134 155
134 158
134 176
134 189
134 223
134 226
134 230
134 235
134 258
134 266
134 277
135 164
135 196
135 234
135 247
135 311
137 148
137 163
137 207
138 143
138 182
138 216
139 236
139 279
140 182
140 204
141 298
142 296
143 157
143 235
144 165
144 223
145 182
145 219
145 230
146 266
147 255
147 302
148 173
148 233
149 151
149 240
149 278
149 314
150 260
151 170
151 183
151 235
152 268
154 160
154 232
155 168
155 308
156 160
156 163
156 287
157 166
157 206
157 232
158 227
158 246
158 247
158 308
159 203
159 204
159 244
159 304
160 178
160 219
160 249
161 279
161 280
162 204
162 232
163 180
163 203
163 218
163 223
164 198
165 192
165 233
165 238
165 286
166 279
167 257
168 203
168 298
169 215
169 232
169 234
170 177
170 206
170 217
170 219
170 266
170 267
172 234
172 236
172 309
173 230
173 249
174 276
177 195
178 241
179 234
179 261
180 202
180 208
180 212
180 234
180 243
180 263
180 274
180 275
180 309
181 239
182 201
185 204
185 247
185 267
186 202
186 265
186 296
187 237
187 279
187 288
188 239
188 262
189 213
189 234
189 303
189 304
189 315
190 241
191 195
191 207
192 201
192 279
193 282
193 309
194 286
195 220
197 226
197 241
199 215
199 241
200 216
200 235
200 259
200 286
201 279
201 285
202 216
202 234
203 267
204 209
204 217
204 222
204 235
204 262
204 267
204 273
206 226
206 266
206 286
207 226
207 263
208 233
208 261
208 304
209 226
209 253
210 256
210 309
212 237
212 267
215 224
215 246
215 253
216 219
216 237
218 251
219 263
219 283
219 296
220 257
220 267
222 259
222 260
222 309
223 233
223 234
224 260
225 234
226 236
226 257
226 266
226 294
226 309
226 313
228 234
228 250
231 277
231 299
232 235
232 236
232 238
232 252
232 255
232 260
232 266
232 292
233 234
233 236
233 238
233 241
233 264
233 271
233 275
233 309
234 235
234 238
234 254
234 261
234 279
234 302
234 305
235 259
235 271
235 299
235 305
236 255
236 266
237 309
238 266
238 297
240 266
240 301
241 271
243 247
243 257
243 259
246 248
246 268
246 285
246 309
247 279
252 267
253 303
253 314
255 314
257 299
257 309
258 292
259 308
260 278
261 280
261 309
262 263
263 275
263 289
264 312
266 309
267 275
274 288
279 304
279 307
288 297
296 304
297 311
304 314
304 315
