0 56
0 128
0 135
0 162
1 309
2 28
2 100
2 104
2 155
2 223
2 226
2 313
3 20
3 51
3 66
3 121
3 141
3 163
3 236
4 5
4 13
4 75
4 91
4 115
4 143
4 159
4 165
4 171
4 178
4 218
4 234
4 259
4 304
5 11
5 92
5 134
5 234
6 17
6 76
6 83
6 110
6 121
6 128
6 129
6 151
6 160
6 219
6 220
6 226
6 232
7 28
7 63
7 71
7 112
7 124
7 151
7 168
7 192
7 219
7 235
7 271
7 279
8 14
8 74
8 116
8 234
9 66
9 86
9 100
9 153
9 168
9 185
9 226
10 99
10 100
10 115
10 129
10 134
10 181
10 192
10 199
10 309
11 117
11 123
11 224
11 279
12 18
12 61
12 139
12 149
12 174
12 187
12 189
12 204
12 212
13 75
13 95
13 101
13 165
13 267
14 44
14 77
14 129
14 227
15 22
15 23
15 24
15 100
15 139
15 218
16 24
16 73
16 84
16 93
16 99
16 169
16 226
17 113
17 128
17 129
17 139
17 259
17 260
17 285
18 33
18 52
18 117
18 157
19 39
19 75
19 126
19 266
19 285
20 38
20 52
20 75
20 112
20 123
20 160
20 238
20 288
21 53
21 216
21 288
22 71
22 102
22 114
22 121
22 123
22 127
22 208
22 237
23 27
23 60
23 72
23 95
23 125
23 126
23 166
23 180
23 197
23 206
23 225
23 292
24 140
24 196
24 233
25 253
26 27
26 82
26 100
26 235
27 125
27 177
28 98
28 103
28 129
28 202
28 208
28 216
28 268
28 288
29 70
29 147
29 234
29 262
30 84
30 299
31 62
31 183
31 239
31 266
31 271
31 305
32 90
32 122
32 178
32 189
32 266
32 279
33 35
33 99
33 125
33 207
34 52
34 127
34 169
34 217
34 218
34 223
34 232
34 266
35 42
35 59
35 95
35 123
35 153
35 172
35 180
35 201
35 229
35 235
35 236
35 250
35 288
35 293
35 302
36 78
36 85
36 88
36 99
36 120
36 147
36 209
36 245
36 253
36 309
37 76
37 125
37 226
37 304
38 59
38 86
38 134
38 135
38 179
38 238
38 284
39 66
39 99
39 124
39 147
39 234
40 55
40 77
40 90
40 99
40 128
40 137
40 143
40 154
40 175
40 192
40 204
40 233
40 250
41 55
41 89
41 94
41 107
41 122
41 140
42 111
42 121
42 122
42 160
42 175
42 177
42 202
42 309
43 74
43 89
43 107
43 168
43 189
44 77
44 124
44 161
44 261
45 134
45 241
46 84
46 129
46 155
46 192
47 178
47 232
49 117
49 126
49 237
50 59
50 77
50 124
50 238
51 68
51 112
51 121
51 126
51 247
51 257
52 59
52 125
52 126
52 153
52 204
52 217
52 231
52 302
53 55
53 57
53 141
53 260
54 67
54 106
54 126
54 129
54 134
54 311
55 87
55 126
55 129
55 173
55 185
55 219
55 234
55 268
56 139
56 255
57 125
57 189
57 266
59 61
59 121
59 147
59 153
59 203
59 212
59 279
60 115
60 154
61 62
61 75
61 123
61 280
61 314
62 81
62 219
64 165
64 219
64 232
64 279
65 274
66 128
66 129
66 152
66 210
66 246
66 294
67 126
67 128
67 219
67 226
67 278
67 313
68 76
68 243
68 273
69 110
69 142
69 204
69 254
69 266
70 146
70 182
71 170
72 160
72 209
73 80
73 111
73 123
73 129
73 147
73 160
73 176
73 208
73 219
73 233
73 266
73 309
74 77
74 80
74 140
74 153
74 226
75 83
75 140
75 144
75 169
75 241
75 258
75 260
75 309
75 315
76 86
76 109
76 124
76 126
76 127
76 131
76 139
76 144
76 199
76 234
76 246
76 304
77 121
77 122
77 137
77 189
77 199
77 226
77 230
77 280
77 309
78 123
78 124
78 129
78 131
80 114
80 117
80 128
80 232
81 90
81 123
81 125
81 126
81 182
81 221
82 123
82 146
82 217
83 132
83 199
83 217
83 292
83 305
84 90
84 121
84 216
84 233
84 241
84 266
85 121
85 133
85 166
85 168
85 190
85 226
85 232
85 233
85 255
85 266
86 191
86 231
86 275
86 296
87 211
87 237
87 301
88 131
88 148
88 304
89 112
89 127
89 128
89 163
89 226
89 232
89 302
90 99
90 124
90 125
90 127
90 128
90 170
90 185
90 189
90 217
90 220
90 259
90 266
90 296
91 311
92 135
92 171
92 226
92 238
93 128
93 175
93 296
94 246
94 291
95 99
95 129
95 147
95 171
95 193
95 195
95 199
95 200
95 228
95 234
95 268
95 292
96 181
97 133
97 174
97 218
97 238
97 262
97 288
98 202
98 235
98 249
98 309
99 111
99 114
99 134
99 139
99 159
99 160
99 184
99 215
99 220
99 223
99 233
99 234
99 241
99 252
99 264
99 266
99 286
99 301
99 309
100 106
100 121
100 122
100 128
100 164
100 197
100 206
100 264
100 266
100 271
100 307
101 168
101 218
101 239
101 264
102 133
102 156
102 233
103 140
103 234
103 236
104 178
104 197
104 207
105 207
105 209
105 219
105 241
105 309
106 123
106 124
106 226
106 247
107 108
107 182
107 203
107 226
107 232
107 238
107 269
107 294
108 112
108 124
108 160
108 286
109 195
109 208
109 228
110 129
110 180
110 226
110 232
111 122
111 124
111 159
111 160
111 170
111 193
111 219
112 160
112 302
113 153
113 226
114 127
114 195
114 214
115 117
115 121
115 220
115 221
115 246
116 128
116 252
117 121
117 124
117 125
117 127
117 201
117 202
117 233
117 311
118 274
119 188
120 121
120 137
120 204
120 234
120 288
121 128
121 129
121 134
121 156
121 158
121 161
121 165
121 168
121 182
121 201
121 207
121 217
121 227
121 228
121 232
121 257
121 261
121 262
121 266
121 271
121 280
121 283
121 304
121 309
122 124
122 125
122 126
122 127
122 141
122 143
122 144
122 152
122 155
122 165
122 168
122 176
122 178
122 195
122 221
122 236
122 252
122 257
122 258
122 267
122 271
122 275
122 304
123 126
123 134
123 143
123 158
123 176
123 179
123 180
123 182
123 203
123 209
123 238
123 260
123 266
123 296
123 309
124 144
124 154
124 173
124 186
124 201
124 212
124 217
124 220
124 226
124 229
124 243
124 245
124 253
124 257
124 278
124 290
124 306
125 128
125 139
125 200
125 202
125 203
125 206
125 220
125 229
125 235
125 237
125 259
125 274
125 280
126 127
126 150
126 162
126 168
126 170
126 195
126 204
126 208
126 210
126 218
126 221
126 222
126 232
126 236
126 256
126 267
126 269
126 288
126 291
126 304
126 309
126 313
127 133
127 137
127 139
127 140
127 158
127 163
127 171
127 172
127 173
127 197
127 198
127 208
127 225
127 226
127 232
127 233
127 241
127 253
127 255
127 302
127 313
128 133
128 136
128 159
128 160
128 162
128 179
128 182
128 183
128 190
128 195
128 200
128 201
128 204
128 218
128 226
128 232
128 279
128 310
129 140
129 156
129 183
129 192
129 199
129 204
129 207
129 210
129 220
129 226
129 233
129 235
129 252
129 266
129 271
129 289
129 309
130 132
130 193
131 134
131 166
131 252
132 168
132 197
132 217
132 233
133 161
133 223
134 151
134 162
134 189
134 195
134 197
134 199
134 204
134 211
134 215
134 216
134 233
134 235
134 278
134 294
134 304
134 309
134 310
135 163
137 224
137 309
138 149
138 263
139 173
139 216
139 246
139 273
140 151
140 190
140 193
140 235
140 236
141 186
141 190
141 219
141 221
141 235
141 240
142 190
142 277
143 165
143 185
143 202
143 204
143 232
143 241
143 255
143 264
144 217
144 268
144 304
145 253
147 200
147 291
147 296
148 247
149 182
149 208
149 235
150 178
151 204
151 259
151 267
152 204
153 171
153 195
154 227
154 236
155 195
155 201
155 204
156 232
157 160
157 239
157 278
157 290
158 185
158 204
158 217
160 166
160 182
160 192
160 235
160 246
160 247
160 266
160 298
161 173
161 263
162 165
162 192
162 264
162 271
163 171
163 215
163 224
163 245
163 288
164 215
164 231
164 309
165 169
165 225
165 238
166 167
166 173
166 245
167 204
167 288
167 296
168 204
168 238
168 241
169 172
169 206
169 226
170 219
170 266
171 186
171 235
171 253
172 217
172 236
173 227
173 246
173 299
173 302
174 180
174 187
174 227
175 177
176 232
176 267
176 268
176 304
177 268
179 290
180 187
180 204
180 227
180 229
180 282
180 309
181 233
181 241
181 263
182 199
182 214
182 234
183 212
183 219
183 291
183 309
184 233
185 192
186 285
187 197
187 223
187 304
188 240
189 196
189 224
189 250
190 208
191 201
191 233
191 312
192 195
192 233
192 238
192 249
192 309
192 313
195 235
195 280
195 309
197 260
200 229
201 232
201 241
202 253
202 266
202 308
203 204
203 305
203 309
204 226
204 232
204 234
204 236
204 261
204 273
204 275
204 296
205 275
206 232
206 238
207 227
208 218
208 242
209 233
209 240
209 304
210 226
210 229
210 252
212 217
212 292
214 235
216 232
216 233
217 291
218 264
219 228
219 261
219 268
219 309
219 314
220 222
220 225
220 234
220 280
221 228
221 234
221 292
223 260
225 254
225 267
226 229
226 243
226 286
226 309
228 233
228 239
231 234
231 238
232 262
233 234
233 235
233 237
233 247
233 265
233 280
233 309
233 314
233 315
234 235
234 238
234 241
234 247
234 266
235 253
235 288
235 301
235 304
236 285
237 285
237 297
239 246
240 304
241 256
241 279
242 259
243 267
246 255
249 264
255 259
257 309
259 261
262 283
263 266
263 309
264 309
265 303
266 315
267 274
271 294
271 309
276 282
279 288
288 312
295 309
299 309
309 314
