0 41
0 121
0 188
1 51
1 111
1 129
1 255
2 4
2 50
2 59
2 74
2 98
2 126
2 173
2 224
2 234
2 270
3 20
3 41
3 85
3 121
3 124
3 134
3 207
3 237
3 257
3 271
4 29
4 42
4 79
4 83
4 94
4 100
4 105
4 129
4 141
4 148
4 224
4 264
4 304
5 13
5 76
5 111
5 124
5 144
5 188
5 234
5 246
5 266
5 286
6 99
6 122
6 309
7 37
7 101
7 117
7 121
7 135
7 138
7 156
7 170
7 199
7 203
7 212
7 217
7 235
7 258
8 95
9 43
9 102
9 113
9 223
9 279
9 280
9 314
10 36
10 55
10 77
10 96
10 114
10 144
10 232
10 252
11 235
12 84
12 285
12 309
13 22
13 54
13 90
13 132
13 209
13 233
13 258
13 271
13 275
13 292
14 26
14 36
14 85
14 90
14 99
14 100
14 170
14 212
14 223
14 313
15 49
15 262
16 23
16 35
16 99
16 183
16 276
16 278
16 290
16 309
17 44
17 71
17 86
17 102
17 113
17 219
17 225
17 240
17 247
17 278
18 156
18 219
18 233
18 236
18 264
19 100
19 140
19 204
20 42
20 66
20 86
20 99
20 125
20 143
20 187
20 209
20 247
20 314
21 76
21 77
21 183
21 201
21 228
22 40
22 65
22 76
22 128
22 232
23 44
23 75
23 121
23 123
23 157
23 261
23 285
23 288
24 37
24 54
24 123
24 134
24 241
24 261
25 122
26 77
26 95
26 123
26 146
26 288
27 55
27 129
27 204
28 54
28 80
28 84
28 108
28 231
28 253
28 263
29 43
29 51
29 55
29 169
29 193
29 269
29 286
30 44
30 154
30 180
30 210
31 70
31 121
31 127
31 173
32 99
32 140
32 204
33 74
33 129
33 279
34 51
34 99
34 121
34 123
34 125
34 181
34 279
34 289
35 101
35 105
35 121
35 126
35 155
35 175
35 180
35 187
35 219
35 230
35 234
35 266
35 278
35 279
36 47
36 83
36 121
36 132
36 140
36 172
36 187
36 234
36 235
37 51
37 126
37 135
37 154
37 223
37 228
38 56
38 291
39 84
39 118
39 124
39 125
39 197
39 207
39 217
40 59
40 75
40 90
40 100
40 106
40 121
40 127
40 155
40 159
40 204
40 258
40 266
40 283
40 292
41 59
41 93
41 95
41 99
41 101
41 121
41 127
41 130
41 206
41 238
41 251
41 253
42 52
42 122
42 196
42 267
42 271
42 288
42 315
43 159
43 219
43 267
44 123
44 124
44 252
45 121
45 232
45 234
46 110
46 178
47 216
49 84
49 175
49 200
49 215
49 234
50 127
50 134
50 163
50 216
50 299
50 309
51 99
51 123
51 147
51 157
51 159
51 183
51 212
52 124
52 126
52 160
52 246
52 264
52 272
52 299
53 124
53 302
54 99
54 181
54 201
54 219
54 292
55 95
55 99
55 127
55 129
55 134
55 142
55 168
55 215
55 266
56 226
56 233
56 267
57 132
57 212
57 274
57 282
57 292
58 81
59 66
59 85
59 93
59 129
59 211
59 232
59 248
60 128
60 178
60 273
61 206
61 218
61 262
62 98
62 130
62 137
63 126
64 130
64 288
65 124
65 162
65 206
65 219
66 72
66 105
66 127
66 280
66 315
67 80
67 89
67 123
67 126
67 196
67 217
67 230
67 233
67 299
68 126
68 200
68 255
68 304
69 100
69 129
69 187
70 129
70 180
70 241
70 263
71 232
72 99
72 110
72 126
72 168
72 185
73 92
73 122
73 123
73 154
73 217
73 227
73 233
73 249
74 99
74 137
74 167
74 203
74 216
74 232
75 113
75 134
75 186
75 201
75 208
75 235
75 236
75 279
76 90
76 123
76 126
76 168
76 173
76 174
76 185
76 226
76 280
77 122
77 158
77 162
77 168
77 172
77 173
77 203
77 229
77 238
77 259
77 288
78 213
79 125
79 167
79 248
80 89
80 104
80 110
80 224
80 273
81 113
81 117
82 221
82 286
83 220
83 267
83 290
83 311
84 85
84 121
84 127
84 233
84 303
84 304
85 111
85 124
85 140
85 185
85 192
85 233
85 305
86 90
86 106
86 249
86 263
87 181
87 183
88 207
89 201
89 220
89 222
89 263
89 286
90 107
90 123
90 131
90 166
90 232
90 234
90 235
90 267
91 218
91 226
92 181
92 271
93 241
93 250
93 308
95 125
95 134
95 144
95 162
95 165
95 219
95 275
95 309
95 313
96 122
96 211
97 129
97 147
97 168
97 231
98 124
98 126
98 148
98 307
99 107
99 120
99 121
99 127
99 145
99 165
99 186
99 187
99 204
99 220
99 238
99 241
99 260
99 261
99 286
99 291
99 306
100 108
100 121
100 128
100 144
100 160
100 185
100 200
100 202
100 204
100 216
100 228
100 238
100 241
100 249
100 266
100 287
100 288
100 311
101 143
102 108
102 117
102 127
102 134
102 135
102 228
102 234
103 278
104 129
104 219
104 233
104 234
104 314
105 117
105 156
105 160
105 279
105 309
105 313
106 113
106 126
106 128
106 174
106 199
106 216
106 217
106 227
106 304
107 125
107 140
107 185
107 235
107 298
108 131
108 212
108 220
108 235
108 279
108 314
110 112
110 116
110 120
110 122
110 127
110 128
110 129
110 161
110 182
110 183
110 203
110 204
110 226
110 241
111 121
111 140
111 204
111 219
111 238
111 278
111 304
112 124
112 165
112 170
113 224
113 266
113 291
114 286
115 125
115 169
115 180
115 194
115 292
116 126
116 137
116 158
116 216
117 125
117 178
117 213
117 223
117 234
117 261
117 264
117 302
118 123
118 124
119 236
119 267
120 280
120 309
121 126
121 131
121 135
121 159
121 202
121 204
121 212
121 223
121 226
121 252
121 258
121 270
121 278
121 292
121 304
122 132
122 149
122 180
122 195
122 204
122 206
122 212
122 214
122 226
122 246
122 251
122 256
122 266
122 268
122 291
122 292
122 301
123 124
123 125
123 126
123 138
123 156
123 158
123 162
123 166
123 169
123 187
123 199
123 200
123 210
123 232
123 261
123 276
123 286
123 305
124 126
124 129
124 141
124 142
124 154
124 165
124 168
124 171
124 177
124 185
124 188
124 189
124 191
124 195
124 204
124 220
124 228
124 233
124 239
124 240
124 241
124 261
124 271
125 127
125 167
125 168
125 191
125 195
125 199
125 204
125 215
125 216
125 220
125 222
125 226
125 227
125 247
125 261
125 279
125 304
126 135
126 141
126 154
126 183
126 188
126 193
126 204
126 226
126 233
126 247
126 259
126 277
126 285
126 288
126 302
126 309
126 314
127 131
127 138
127 158
127 162
127 180
127 204
127 231
127 232
127 250
127 256
127 259
127 266
127 288
127 309
127 314
128 134
128 156
128 169
128 181
128 183
128 208
128 220
128 233
128 253
128 304
129 172
129 176
129 180
129 186
129 193
129 201
129 202
129 203
129 204
129 210
129 219
129 226
129 232
130 141
130 163
130 228
131 168
132 219
132 232
133 148
133 220
133 223
133 294
133 297
134 197
134 206
134 235
134 258
135 235
135 244
135 279
136 238
136 291
136 295
137 263
138 236
139 206
139 231
139 266
139 304
140 160
140 169
140 203
142 215
142 259
144 204
144 265
145 235
145 267
146 160
147 199
147 246
148 197
148 249
149 197
149 233
150 204
150 299
151 193
151 309
152 191
152 219
152 285
153 234
153 250
153 279
153 309
154 155
154 180
154 275
155 158
155 186
155 203
155 225
155 234
155 309
157 160
157 233
157 261
157 271
158 202
158 204
158 217
158 275
158 290
159 204
160 204
160 239
160 275
160 286
162 201
162 227
162 288
163 195
163 223
163 224
163 247
163 266
165 236
165 267
166 193
168 180
168 193
168 220
168 279
168 314
169 204
169 214
170 216
170 223
171 234
171 235
172 221
172 233
172 279
173 219
173 225
173 228
174 183
174 200
174 266
174 309
177 178
177 299
180 192
180 217
180 233
180 234
180 309
181 183
181 188
181 238
182 217
183 226
183 262
183 297
185 220
185 226
185 273
186 197
186 226
186 273
187 226
187 247
188 223
188 240
188 252
189 201
189 212
189 219
189 309
190 200
190 245
190 249
191 235
191 241
192 235
195 233
195 271
196 224
196 230
197 210
198 226
198 259
199 279
199 309
200 282
200 309
201 245
202 203
202 204
203 219
203 226
203 267
204 232
204 233
204 238
204 268
204 282
204 304
204 314
205 288
206 233
206 266
206 267
207 219
207 280
208 257
208 279
208 298
210 223
212 221
212 233
212 292
214 296
215 235
215 266
217 247
217 262
218 233
219 260
219 261
219 309
220 232
221 266
221 309
223 291
223 309
225 232
225 255
226 288
228 279
228 280
231 235
231 304
232 236
232 252
232 275
232 288
232 292
232 315
233 235
233 264
233 265
233 289
234 236
234 244
234 250
234 255
235 245
235 266
235 271
236 243
240 245
240 246
241 247
241 271
241 294
241 313
243 282
243 299
243 312
245 279
246 266
253 262
257 261
257 285
257 309
259 266
259 277
261 286
262 295
262 309
266 271
266 302
268 282
269 304
271 296
275 282
276 283
276 314
279 309
286 288
288 296
296 309
304 309
304 314
309 312
