0 20
0 132
0 160
1 33
1 61
1 102
1 241
2 40
2 70
2 132
2 192
2 263
3 111
3 124
3 186
3 188
4 75
4 121
4 127
4 129
4 195
4 200
4 210
4 222
4 223
4 231
4 260
4 267
4 294
5 73
5 75
5 81
5 90
5 117
5 123
5 125
5 126
5 131
5 143
5 158
5 163
5 168
5 173
5 192
5 206
5 220
5 229
5 234
5 241
5 243
5 257
5 263
5 264
5 276
5 287
5 292
6 26
6 60
6 85
6 164
6 168
6 187
6 250
7 32
7 66
7 90
7 95
7 129
7 181
7 235
7 238
7 279
7 306
8 235
9 148
9 152
9 193
9 240
9 264
10 11
10 19
10 35
10 39
10 40
10 50
10 86
10 126
10 175
10 188
10 206
12 86
12 105
12 121
12 124
12 140
12 216
12 250
12 272
12 282
13 29
13 124
13 130
13 171
13 173
14 17
14 54
14 107
14 123
14 125
14 131
14 167
14 235
15 53
15 90
15 134
15 167
15 201
15 225
15 233
15 234
15 266
16 108
16 122
16 134
16 143
16 203
16 204
16 223
16 233
17 110
17 117
17 127
17 129
17 134
17 169
17 175
17 177
17 226
17 234
18 22
18 122
18 123
18 124
18 127
18 235
19 117
19 273
20 40
20 75
20 123
20 154
20 160
20 168
20 189
20 233
20 252
20 253
20 286
20 304
21 64
21 236
22 79
22 134
22 188
22 239
23 61
23 80
23 233
23 235
23 273
24 76
24 90
24 124
24 170
24 177
24 220
24 233
24 234
24 241
24 243
25 28
25 33
25 128
25 167
26 35
26 36
26 45
26 128
26 203
27 62
27 99
27 125
27 140
28 52
28 73
28 85
28 259
28 268
29 98
29 123
29 195
29 235
29 266
29 312
30 76
31 121
31 125
31 146
31 298
32 122
32 234
32 266
32 274
32 304
32 309
33 52
34 99
34 105
34 128
34 134
34 155
34 184
34 232
34 266
35 40
35 100
35 122
35 125
35 137
35 146
35 158
35 180
35 226
35 286
35 303
36 73
36 77
36 85
36 100
36 110
36 133
36 146
36 160
36 180
36 181
36 195
36 245
36 294
37 123
37 313
38 168
39 61
39 71
39 74
39 81
39 160
40 128
40 151
40 159
40 160
40 203
40 207
40 267
40 311
41 56
41 126
41 128
41 138
41 174
41 219
41 232
42 108
42 124
42 134
42 138
42 226
42 262
42 284
43 293
44 46
44 121
44 168
44 246
45 100
46 56
46 123
46 158
47 120
47 127
47 133
48 226
49 56
49 99
49 164
49 195
49 233
49 283
49 304
50 122
50 207
51 61
51 120
51 127
51 129
51 156
51 186
51 275
51 283
51 309
52 54
52 106
52 156
52 169
52 180
52 202
52 234
52 259
52 267
53 59
53 235
54 83
54 105
54 131
54 137
54 183
54 204
54 253
54 304
55 96
55 124
55 140
55 237
56 102
56 204
56 258
56 278
57 79
57 106
57 151
57 162
57 163
57 200
57 271
58 90
59 75
59 138
59 170
59 173
60 89
60 128
60 134
61 76
61 117
61 121
61 127
61 199
61 202
61 233
61 238
61 243
61 249
62 105
62 126
64 98
64 110
65 122
65 123
65 124
66 90
66 112
66 123
66 125
66 129
66 173
66 241
67 128
67 215
68 75
68 81
68 124
68 206
68 235
68 286
69 125
69 241
70 76
70 85
70 111
70 121
70 123
70 128
70 176
70 226
70 231
70 288
71 105
71 226
71 266
71 300
72 117
72 128
72 163
72 185
72 280
73 122
73 125
73 143
73 168
73 185
73 228
73 234
73 246
73 267
73 268
74 259
74 280
75 93
75 104
75 134
75 148
75 170
75 209
75 221
75 236
75 272
75 286
75 313
76 113
76 114
76 131
76 141
76 142
76 144
76 147
76 156
76 219
76 224
76 235
76 279
77 124
77 127
77 129
77 158
77 171
77 233
77 243
77 280
78 126
78 127
79 232
79 279
80 120
80 140
80 144
80 202
81 95
81 156
81 191
81 196
81 236
81 262
82 124
82 156
83 115
83 123
83 235
83 262
84 121
84 122
84 204
84 223
84 311
85 100
85 124
85 125
85 135
85 155
85 163
85 247
85 265
86 232
86 264
87 125
87 153
87 286
88 121
88 234
89 134
89 140
89 158
89 253
90 95
90 117
90 120
90 124
90 127
90 140
90 147
90 172
90 180
90 204
90 207
90 216
90 233
90 236
91 111
91 160
91 309
92 117
92 121
92 233
93 104
93 126
93 137
93 195
93 241
94 219
95 122
95 123
95 232
95 233
96 183
96 203
96 252
97 219
97 235
98 106
98 110
98 122
98 129
98 195
98 226
98 234
98 288
99 118
99 121
99 126
99 134
99 166
99 171
99 204
99 208
99 213
99 218
99 232
99 234
99 266
99 273
99 301
99 313
100 102
100 120
100 121
100 122
100 125
100 127
100 128
100 158
100 165
100 187
100 197
100 199
100 203
100 204
100 207
100 219
100 241
100 276
100 288
100 311
101 121
101 128
101 184
102 110
102 233
103 127
103 129
103 148
103 159
103 309
104 175
104 176
105 124
105 128
105 240
105 262
105 277
105 293
106 112
106 123
106 201
106 204
106 226
106 233
106 257
107 126
107 170
107 258
107 297
107 305
108 127
108 212
108 221
108 226
108 234
108 304
109 138
109 226
110 117
110 121
110 124
110 163
110 188
110 234
110 257
110 299
111 117
111 157
111 158
111 166
112 122
112 208
112 233
112 234
113 123
113 125
113 137
113 166
113 202
113 219
114 123
114 128
114 139
114 216
115 158
115 192
115 202
115 245
116 268
117 122
117 124
117 125
117 127
117 129
117 130
117 158
117 163
117 314
118 134
119 160
119 234
119 314
120 121
120 283
121 122
121 124
121 128
121 152
121 165
121 169
121 200
121 204
121 208
121 214
121 217
121 220
121 231
121 232
121 233
121 248
121 257
121 309
122 123
122 126
122 143
122 156
122 182
122 192
122 204
122 213
122 217
122 230
122 234
122 240
122 241
122 246
122 273
123 124
123 125
123 128
123 137
123 142
123 151
123 161
123 168
123 194
123 196
123 204
123 233
123 236
123 239
123 245
123 250
123 257
123 280
123 286
123 305
123 309
124 126
124 138
124 140
124 177
124 220
124 239
124 241
124 244
124 251
124 252
124 259
124 284
124 304
125 126
125 129
125 133
125 137
125 152
125 155
125 160
125 185
125 196
125 203
125 207
125 217
125 219
125 227
125 236
125 250
125 256
125 265
125 275
126 127
126 157
126 167
126 171
126 179
126 195
126 204
126 260
126 264
126 266
126 304
126 314
127 128
127 134
127 151
127 183
127 217
127 228
127 232
127 233
127 236
127 265
127 286
127 303
128 148
128 158
128 174
128 183
128 199
128 204
128 225
128 226
128 241
128 257
128 304
128 305
128 309
129 154
129 155
129 190
129 195
129 204
129 215
129 220
129 239
129 242
129 244
129 250
129 274
129 279
129 294
129 302
130 257
131 139
131 164
131 292
132 189
132 280
134 204
134 233
134 253
134 274
134 306
134 309
135 137
135 148
135 155
136 203
136 228
136 241
136 246
137 151
137 214
137 232
137 246
137 274
138 238
139 162
139 199
139 215
140 217
140 224
140 234
140 279
141 219
142 182
142 219
143 152
143 167
144 160
144 204
144 219
144 254
144 265
144 266
144 280
145 189
145 201
145 232
146 207
147 164
147 236
148 278
149 182
151 181
152 195
152 236
153 302
154 165
154 225
155 171
155 174
155 197
155 255
155 266
156 165
156 257
157 160
157 219
157 222
158 222
159 226
159 291
160 187
160 197
160 235
160 266
161 200
162 166
162 217
162 304
163 189
163 216
163 225
163 266
164 220
165 304
166 192
166 202
168 212
168 213
168 231
168 232
168 241
168 257
168 291
169 181
169 184
169 207
169 235
169 238
170 206
170 223
170 224
173 177
173 195
173 210
173 269
174 188
174 226
174 299
175 253
176 190
177 226
177 276
177 288
178 201
179 228
180 204
180 232
180 235
180 279
180 288
180 294
181 209
181 218
182 238
182 249
183 192
183 204
183 231
183 234
183 271
185 193
185 233
185 245
186 196
187 210
187 246
188 201
188 233
189 236
190 257
190 309
191 255
191 259
191 279
192 219
192 270
192 272
192 309
193 227
193 241
193 242
193 243
194 219
195 207
195 219
195 223
195 232
195 260
197 201
197 206
197 281
197 304
198 225
198 233
198 309
200 246
201 204
201 235
201 279
201 283
202 204
202 212
202 234
203 217
203 307
203 309
204 232
204 262
204 276
204 302
204 308
204 312
206 231
206 266
206 298
208 232
209 224
210 238
212 231
212 232
212 239
213 297
214 234
214 262
214 305
215 225
215 232
215 235
215 246
217 219
217 247
219 257
219 304
219 308
220 244
220 261
220 285
221 236
221 241
221 267
222 238
222 309
223 241
223 278
223 304
223 309
225 233
226 246
226 265
226 277
226 309
228 232
230 286
231 297
232 245
232 257
232 271
232 278
232 279
232 309
232 311
233 234
233 241
233 266
233 271
233 273
233 299
233 312
234 245
234 253
234 262
234 303
234 304
234 310
235 257
235 264
235 278
235 288
235 291
235 292
236 280
238 247
238 266
238 304
241 275
241 278
241 279
241 284
243 266
243 304
245 261
245 280
246 259
246 262
246 266
246 291
246 299
255 298
255 314
257 304
260 287
264 278
264 279
264 286
265 302
265 304
266 286
268 292
270 291
271 309
274 279
276 286
284 299
