0 9
0 124
0 218
0 226
0 232
1 90
1 124
2 7
2 17
2 90
2 111
2 123
2 125
2 145
2 209
2 223
2 257
2 261
3 11
3 15
3 34
3 89
3 117
3 122
3 123
3 155
3 203
3 206
4 18
4 76
4 98
4 100
4 110
4 122
4 156
4 167
4 177
4 217
4 234
4 279
5 21
5 36
5 39
5 49
5 74
5 82
5 90
5 99
5 101
5 104
5 117
5 124
5 126
5 160
5 168
5 185
5 202
5 226
6 7
6 29
6 42
6 64
6 81
6 100
6 107
6 108
6 111
6 127
6 159
6 166
6 168
6 195
6 228
6 248
6 279
6 280
6 301
6 304
6 309
7 20
7 40
7 106
7 123
7 168
7 234
7 263
7 280
8 83
8 126
8 195
8 276
9 225
10 26
10 40
10 59
11 36
11 111
11 159
11 174
11 231
11 235
12 17
12 36
12 99
12 106
12 129
12 156
12 193
12 301
13 68
13 99
13 116
13 132
13 186
13 226
13 236
13 279
14 87
14 114
14 123
14 193
14 195
14 207
14 312
15 154
15 164
15 226
16 90
16 111
16 126
16 153
16 170
16 171
16 178
16 217
17 22
17 64
17 119
17 141
17 221
17 260
18 125
18 135
18 206
18 217
18 241
18 257
19 38
19 94
19 218
19 241
20 30
20 158
20 233
21 99
21 159
22 26
22 52
22 85
22 129
22 155
22 197
22 241
23 33
23 39
23 105
23 180
24 29
24 186
25 225
25 304
26 27
26 90
26 99
26 134
26 234
27 44
27 140
27 167
27 280
27 285
28 83
28 98
28 124
28 226
28 232
28 264
28 277
28 283
28 299
29 59
29 83
29 89
29 129
29 142
29 238
30 121
30 168
30 202
31 76
31 186
32 74
32 95
32 99
32 135
32 155
32 233
32 288
33 147
33 185
33 202
33 257
34 73
34 107
34 135
35 49
35 58
35 77
35 100
35 123
35 125
35 126
35 128
35 134
35 135
35 143
35 152
35 160
35 162
35 175
35 235
35 236
35 246
35 252
36 150
36 279
37 70
37 168
37 223
37 228
37 315
38 71
38 212
38 228
38 241
39 72
39 83
39 134
39 183
39 228
39 235
39 296
40 59
40 96
40 100
40 140
40 175
40 188
40 231
40 240
40 271
40 315
41 127
41 130
41 154
41 220
41 226
41 228
41 252
41 255
42 54
42 121
42 128
42 163
42 226
42 264
42 288
42 309
43 166
43 232
44 155
44 231
44 264
45 234
46 104
46 122
46 217
47 51
47 105
48 271
49 182
49 216
49 246
49 274
50 141
50 286
51 54
51 81
51 122
51 125
51 126
51 127
51 128
51 129
51 138
51 143
51 204
52 123
52 147
52 174
52 179
52 197
52 228
52 264
53 164
53 165
54 189
54 200
54 204
54 234
54 293
55 138
55 207
56 97
56 120
56 202
56 232
57 61
57 134
57 170
57 196
58 125
58 126
59 121
59 123
59 126
59 131
59 134
59 143
59 144
59 148
59 155
59 197
59 204
59 208
59 212
59 232
60 124
60 187
60 276
61 106
61 125
61 192
61 234
61 283
62 226
62 233
62 271
63 95
63 99
63 228
63 282
64 222
64 233
65 100
65 134
65 145
66 91
66 122
66 134
66 135
66 162
66 200
66 210
66 232
66 233
66 289
67 110
67 155
67 226
67 241
68 175
69 200
70 103
70 124
70 203
70 220
70 235
70 259
70 291
71 263
72 123
72 128
72 134
73 85
73 87
73 99
73 127
73 144
73 183
73 204
73 241
73 257
73 266
73 303
74 234
75 95
75 111
75 122
75 124
75 127
75 128
75 256
75 262
76 99
76 123
76 126
76 169
76 171
76 180
76 247
76 312
77 83
77 104
77 123
77 126
77 128
77 133
77 226
77 232
77 235
77 278
77 289
78 156
79 279
80 85
80 122
80 123
80 130
80 173
80 204
80 238
81 127
81 131
81 158
81 176
82 85
82 128
82 129
82 176
82 225
82 234
82 241
83 128
83 233
84 100
84 104
84 107
84 185
84 232
84 246
84 297
85 96
85 235
85 249
86 99
86 166
86 180
86 193
86 268
87 124
87 132
87 155
87 215
88 134
89 90
89 121
89 128
89 223
90 100
90 106
90 128
90 129
90 135
90 155
90 173
90 182
90 191
90 202
90 206
90 232
90 280
91 239
91 309
92 163
92 252
93 118
95 100
95 127
95 135
95 165
95 178
95 226
95 236
95 250
96 116
96 125
96 155
96 232
97 115
97 143
97 146
97 233
98 100
98 104
98 122
98 127
98 139
98 148
98 160
98 197
98 217
98 264
98 282
98 286
99 100
99 128
99 135
99 157
99 187
99 215
99 226
99 234
99 235
99 247
99 264
99 312
100 122
100 125
100 128
100 158
100 161
100 238
100 240
100 245
100 249
100 262
101 195
101 235
101 259
101 275
102 223
102 234
102 309
103 110
103 124
103 138
103 204
103 289
104 122
104 144
104 180
104 199
104 214
104 253
105 127
105 132
105 189
105 206
105 226
105 233
105 259
106 126
106 127
106 157
106 173
106 174
106 180
106 182
106 191
106 226
106 250
106 263
106 269
106 305
106 309
107 121
107 174
107 181
107 201
107 219
108 230
108 264
109 123
109 134
109 232
110 123
110 129
110 199
110 217
111 134
111 137
111 236
111 243
112 119
112 121
112 155
112 232
112 262
114 122
114 125
115 292
116 232
116 279
116 306
117 126
117 161
117 169
117 173
117 223
117 236
117 249
117 257
117 282
118 124
118 128
118 279
119 201
119 224
119 298
120 222
120 276
121 122
121 125
121 130
121 147
121 158
121 160
121 174
121 180
121 192
121 196
121 223
121 246
121 259
121 268
121 285
121 286
121 288
121 309
122 125
122 126
122 127
122 128
122 129
122 132
122 158
122 199
122 204
122 228
122 233
122 234
122 246
122 252
122 265
122 272
122 278
123 134
123 137
123 139
123 147
123 166
123 173
123 181
123 187
123 188
123 219
123 232
123 233
123 238
123 243
123 279
123 288
123 315
124 127
124 132
124 133
124 149
124 152
124 170
124 175
124 181
124 182
124 193
124 196
124 206
124 214
124 222
124 233
124 235
124 250
124 253
124 259
124 264
124 265
124 266
124 269
124 271
124 296
124 303
124 309
125 158
125 159
125 160
125 168
125 187
125 195
125 197
125 200
125 213
125 247
125 278
125 279
125 284
125 286
125 296
125 304
125 313
126 129
126 154
126 165
126 166
126 172
126 174
126 177
126 189
126 207
126 219
126 236
126 253
126 255
126 271
127 128
127 133
127 134
127 147
127 156
127 171
127 189
127 192
127 233
127 234
127 240
127 255
127 262
127 309
128 129
128 130
128 149
128 179
128 189
128 195
128 208
128 214
128 219
128 233
128 244
128 258
128 259
128 263
128 301
129 138
129 153
129 157
129 184
129 203
129 232
129 235
129 247
129 249
129 264
129 278
129 291
129 297
130 174
130 217
130 240
130 270
131 150
131 160
131 166
131 176
131 183
131 232
131 245
131 288
132 217
132 293
133 290
134 152
134 185
134 187
134 215
134 222
134 240
134 246
134 260
134 277
134 288
134 315
135 162
136 222
136 294
137 163
137 187
138 167
138 174
138 181
139 174
139 180
139 204
139 232
140 161
140 234
140 278
141 171
141 253
142 147
142 200
142 233
142 298
142 311
143 144
143 183
143 219
144 160
144 232
144 261
144 263
144 279
144 280
144 299
145 146
145 154
146 187
148 180
148 195
148 202
149 247
151 163
151 173
151 206
151 227
152 193
152 204
152 212
153 155
153 222
153 235
153 297
154 255
155 168
155 187
155 195
156 231
156 247
156 286
156 288
158 187
158 190
158 253
158 259
158 266
159 195
159 217
159 239
159 240
160 271
161 232
162 173
162 189
162 211
162 267
162 276
162 309
163 174
163 209
163 219
163 234
164 204
165 195
165 219
165 233
165 261
165 279
166 185
167 219
168 204
168 250
168 279
168 292
168 304
169 234
169 304
170 182
170 195
170 201
171 234
171 261
172 221
172 237
173 187
173 244
173 304
174 176
174 187
174 238
176 198
176 235
176 264
176 308
177 210
179 283
180 209
180 264
180 267
180 271
181 220
182 296
183 224
183 235
185 235
185 289
186 187
186 239
186 298
188 264
189 226
189 253
189 292
190 192
191 230
191 245
191 284
192 226
192 232
192 299
192 305
195 204
195 261
195 298
195 309
197 202
197 234
197 252
198 207
198 220
199 304
200 255
200 257
201 207
201 222
201 233
201 309
202 234
202 241
202 279
202 288
203 223
203 267
203 309
204 207
204 219
204 220
205 207
206 224
206 228
206 232
206 267
208 304
209 304
210 276
210 309
212 249
212 262
212 304
215 275
216 252
219 232
219 276
219 311
220 243
220 257
220 266
221 226
221 239
223 233
223 247
223 296
224 299
225 226
225 233
225 235
225 262
226 239
226 247
226 253
226 257
226 266
226 309
226 312
227 232
227 279
228 234
229 233
229 291
230 246
231 240
231 261
231 313
232 259
232 278
232 291
233 246
233 251
233 252
233 258
233 265
233 266
233 278
233 279
233 288
233 304
234 241
234 265
234 276
234 277
234 304
234 306
235 243
235 246
235 282
235 302
237 288
238 266
238 276
238 302
238 309
239 245
241 257
241 309
245 283
246 247
247 264
247 285
248 282
251 269
255 259
255 309
257 268
257 280
262 290
264 309
265 304
266 286
266 296
268 309
280 308
282 292
288 304
288 308
293 312
304 312
308 309
