0 26
0 143
0 180
0 234
0 286
1 142
1 197
1 201
1 254
1 307
2 14
2 19
2 42
2 91
2 137
2 218
2 305
3 8
3 16
3 24
3 55
3 100
3 127
3 169
3 279
4 35
4 100
4 105
4 110
4 123
4 143
4 144
4 236
4 278
4 309
5 41
5 42
5 52
5 106
5 110
5 121
5 147
5 188
5 221
5 253
5 304
6 51
6 81
6 102
6 145
6 153
6 154
6 234
6 241
6 255
6 296
7 73
7 79
7 106
7 127
7 149
7 157
8 49
8 52
8 234
9 24
9 41
9 50
9 81
9 128
9 152
9 212
9 233
9 236
10 14
10 102
10 103
10 108
10 135
10 179
10 195
10 290
11 15
11 249
12 50
12 89
12 115
12 139
12 261
13 35
13 98
13 121
13 125
13 238
13 262
14 100
14 129
14 132
14 134
14 159
14 167
14 187
14 228
15 124
15 180
15 291
16 44
16 266
16 288
16 305
17 41
17 75
17 89
17 125
17 149
17 165
17 204
17 223
17 235
17 308
18 125
18 126
18 186
18 215
19 53
19 140
19 156
19 176
19 195
19 226
19 266
20 169
20 218
20 228
20 262
21 62
21 115
21 255
22 56
22 93
22 267
23 32
23 35
23 66
23 95
23 106
23 123
23 233
23 275
24 105
24 125
24 264
24 266
24 305
25 234
26 73
26 80
26 313
27 117
27 129
27 185
27 204
27 277
27 280
28 35
28 115
28 125
28 149
28 154
28 296
29 49
29 76
29 99
29 222
29 232
29 233
29 247
30 115
30 207
31 163
31 204
31 241
31 249
31 296
32 37
32 67
32 99
32 121
32 133
32 143
32 155
32 157
32 264
32 267
33 40
33 180
33 241
34 91
34 152
34 160
34 221
34 254
35 51
35 61
35 75
35 104
35 109
35 122
35 127
35 185
35 204
35 206
35 216
35 235
35 238
35 262
35 266
35 276
35 285
35 288
36 60
36 63
36 73
36 111
36 117
36 122
36 124
36 128
36 154
36 160
36 195
36 219
36 220
36 228
36 232
36 266
36 314
37 98
37 122
37 124
37 127
37 182
37 226
37 227
37 228
37 259
37 288
38 183
38 202
38 243
39 100
39 122
39 157
39 162
39 233
39 247
40 42
40 49
40 66
40 123
40 124
40 127
40 129
40 152
40 214
40 219
40 223
40 234
40 287
41 169
41 263
41 266
42 52
42 100
42 107
42 140
42 204
42 257
42 309
43 46
43 171
43 189
43 209
43 261
44 81
44 153
44 159
44 187
44 297
44 304
45 234
47 188
47 232
48 162
48 305
49 173
49 195
49 234
49 249
50 98
50 119
50 303
51 112
51 133
51 142
51 175
51 259
51 267
52 61
52 123
52 126
52 148
52 163
52 189
52 214
53 59
53 124
53 140
53 178
53 226
54 204
54 206
54 238
55 139
55 227
55 253
55 293
56 219
56 229
56 287
57 70
57 127
57 158
57 209
57 297
58 186
59 133
59 158
59 173
59 216
59 232
59 241
59 260
59 271
60 122
60 201
61 99
61 172
61 221
61 238
61 284
62 124
62 204
62 312
63 85
64 122
64 172
64 192
64 208
65 140
65 234
65 238
66 100
66 107
66 123
66 230
66 234
67 86
67 88
67 118
67 120
67 127
67 129
67 166
67 197
67 228
67 266
67 313
68 108
68 204
68 217
68 226
68 246
69 127
69 185
69 204
69 256
70 104
70 206
71 111
71 210
71 232
72 98
72 103
72 166
73 99
73 117
73 129
73 143
73 163
73 214
73 264
74 117
74 182
75 80
75 129
75 142
75 211
75 250
75 287
76 90
76 92
76 98
76 99
76 126
76 135
76 161
76 174
76 180
76 201
76 208
76 216
76 302
77 90
77 91
77 107
77 121
77 127
77 128
77 134
77 135
77 139
77 200
77 226
77 231
77 236
77 237
77 258
77 261
77 266
77 296
78 89
78 118
78 195
78 233
79 140
79 197
79 304
80 115
80 121
80 123
80 128
80 135
80 181
80 249
80 257
81 134
81 148
81 267
82 95
82 125
82 198
82 204
83 117
83 139
83 168
83 235
83 314
84 129
84 131
84 135
85 107
85 117
85 127
85 128
85 147
85 155
85 170
85 184
85 196
85 204
85 211
85 235
85 287
85 293
86 100
86 123
86 139
86 163
86 249
87 91
87 93
87 127
87 219
88 139
88 156
88 233
88 235
89 105
89 110
89 140
89 143
89 195
89 214
89 226
89 255
89 272
90 115
90 122
90 149
90 209
90 226
90 246
90 279
91 117
91 122
91 200
92 266
92 297
93 106
93 122
93 130
93 259
95 107
95 125
95 156
95 191
95 226
95 232
95 241
95 250
96 126
96 141
97 119
97 121
97 128
97 241
98 197
98 308
99 119
99 152
99 155
99 164
99 191
99 192
99 204
99 210
99 221
99 235
99 257
99 264
99 304
99 310
100 111
100 121
100 122
100 124
100 132
100 174
100 201
100 204
100 206
100 249
100 257
100 278
100 304
103 121
103 128
103 171
103 201
104 124
104 151
104 175
104 206
104 274
104 290
105 114
105 174
105 218
105 304
105 309
106 126
106 129
106 197
107 121
107 182
108 137
108 266
109 199
109 303
110 115
110 217
110 232
110 233
110 235
110 243
110 279
110 283
111 123
111 124
111 162
111 198
111 200
111 224
111 235
111 243
111 245
111 261
111 264
111 267
112 121
112 122
112 140
112 270
113 128
113 129
113 264
113 279
114 296
115 157
115 168
115 241
115 252
115 278
116 128
116 135
116 181
116 277
116 280
117 201
117 217
117 237
117 267
117 309
118 127
119 188
119 204
119 259
119 309
120 125
120 126
120 130
120 181
120 208
120 226
120 238
120 295
121 123
121 125
121 128
121 134
121 173
121 197
121 200
121 208
121 209
121 215
121 223
121 231
121 234
121 235
121 278
121 279
121 283
121 288
121 299
121 301
121 309
121 311
122 123
122 134
122 138
122 140
122 147
122 162
122 173
122 180
122 181
122 187
122 204
122 209
122 219
122 223
122 226
122 232
122 233
122 235
122 238
122 247
122 253
122 254
122 279
122 294
122 300
122 309
122 315
123 124
123 128
123 139
123 158
123 168
123 193
123 212
123 226
123 236
123 255
123 266
123 278
123 284
123 286
123 291
123 292
123 309
124 125
124 127
124 185
124 193
124 206
124 209
124 213
124 219
124 220
124 222
124 224
124 233
124 235
124 236
124 240
124 257
124 280
124 282
124 286
124 304
124 309
125 126
125 128
125 148
125 151
125 156
125 162
125 165
125 191
125 194
125 216
125 223
125 226
125 231
125 249
125 266
125 272
125 275
125 305
126 127
126 142
126 147
126 161
126 167
126 179
126 180
126 195
126 200
126 232
126 243
126 249
126 252
126 259
126 266
126 299
126 308
127 130
127 134
127 155
127 162
127 163
127 168
127 191
127 195
127 218
127 232
127 234
127 236
127 237
127 245
127 275
127 292
127 311
128 129
128 134
128 143
128 158
128 190
128 200
128 217
128 222
128 229
128 233
128 234
128 259
128 277
128 303
128 307
128 308
129 135
129 154
129 180
129 182
129 183
129 184
129 195
129 210
129 227
129 234
129 236
129 309
130 135
130 200
130 249
131 208
131 210
132 268
133 156
133 180
134 140
134 145
134 176
134 198
134 200
134 207
134 223
134 239
134 241
134 277
134 298
135 158
135 243
135 288
135 290
136 240
137 159
137 164
137 201
137 279
138 188
138 230
139 206
139 235
139 239
139 266
139 305
140 192
140 241
140 309
141 159
141 201
141 237
141 293
143 151
143 155
143 158
143 241
143 304
144 207
144 234
145 168
145 223
145 289
146 163
146 253
146 309
147 155
149 313
150 239
151 219
152 199
152 204
153 195
153 265
154 219
154 236
154 282
154 288
155 158
155 176
155 203
155 246
155 286
155 296
156 185
156 235
156 269
157 246
158 204
158 260
158 294
159 196
159 264
159 301
159 310
160 201
160 227
160 229
160 265
160 276
160 288
160 296
161 283
161 304
162 223
162 227
162 232
162 278
162 314
163 168
163 204
163 218
163 219
163 280
163 290
164 221
164 302
165 264
165 312
166 182
166 197
166 245
166 286
167 194
167 226
167 301
168 187
168 190
168 219
168 235
168 241
168 246
168 279
168 284
168 304
169 217
169 294
170 218
170 226
170 232
172 223
172 287
173 178
173 232
173 263
173 288
173 308
173 309
174 195
174 233
176 182
176 309
177 217
177 234
177 311
178 222
179 212
180 203
180 234
180 235
180 259
180 261
180 292
180 304
181 188
181 235
181 246
181 314
182 221
182 234
182 235
182 313
182 314
183 201
183 264
183 300
186 193
186 206
187 206
188 233
188 235
189 257
189 288
191 235
192 210
192 216
192 249
195 203
195 204
195 232
195 233
195 272
196 259
197 216
198 238
199 233
199 234
199 267
200 219
200 234
200 235
200 314
201 209
201 261
201 264
201 306
202 218
202 277
202 304
203 216
203 219
203 234
203 235
204 264
204 272
205 235
206 234
206 235
206 252
206 313
207 215
207 253
207 302
208 279
209 223
209 226
209 312
210 267
211 267
212 226
212 263
212 309
214 229
215 216
215 226
215 233
215 265
216 234
217 258
219 246
219 299
221 263
222 252
222 304
223 246
223 265
223 276
224 254
224 275
224 280
226 232
226 246
226 259
226 280
227 279
228 245
228 258
228 292
229 267
230 233
232 234
232 236
232 238
232 285
232 297
233 301
233 310
234 266
234 273
235 264
235 281
235 304
235 312
236 291
238 261
238 266
238 276
241 279
241 307
241 314
244 266
244 276
246 262
247 252
247 274
247 280
247 303
252 263
255 297
255 304
256 297
257 277
257 286
257 296
258 279
258 291
259 261
264 298
266 277
266 305
268 302
275 309
277 285
280 310
288 304
292 299
299 310
304 309
