0 126
0 201
1 124
2 15
2 44
2 75
2 107
2 110
2 122
2 127
2 128
2 181
2 203
2 226
2 235
2 246
2 292
3 22
3 56
3 69
3 76
3 103
3 114
3 127
3 202
3 206
3 238
4 22
4 41
4 42
4 126
4 147
4 257
4 274
5 21
5 61
5 99
5 121
5 124
5 127
5 143
5 160
5 162
5 163
5 181
5 197
5 217
5 240
5 291
6 29
6 32
6 69
6 71
6 77
6 90
6 124
6 125
6 126
6 140
6 204
6 217
6 232
6 292
7 45
7 90
7 130
7 143
7 148
7 153
7 168
7 183
7 203
7 223
7 233
7 254
7 259
7 268
8 168
8 196
8 242
8 286
9 10
9 49
9 97
9 123
9 168
9 173
9 174
9 188
10 28
10 110
10 126
10 130
10 158
10 163
10 209
10 217
10 219
10 225
10 241
10 284
10 292
10 304
11 38
11 212
12 28
12 33
12 76
12 124
12 173
12 241
12 253
12 304
13 46
13 85
13 114
13 121
13 127
13 149
13 186
13 190
13 195
13 234
13 238
13 275
14 41
14 77
14 121
14 124
14 160
14 183
14 247
14 259
15 101
15 207
16 21
16 59
16 126
16 128
16 168
16 257
16 263
17 32
17 42
17 81
17 92
17 128
17 158
17 232
17 245
17 269
18 25
18 59
18 100
18 139
18 162
18 247
19 77
19 129
20 38
20 57
20 105
20 142
20 241
20 307
21 22
21 197
22 217
22 232
22 296
22 309
23 27
23 56
23 59
23 69
23 78
23 128
23 166
23 182
23 187
23 223
23 226
23 233
23 267
24 58
24 180
24 202
24 309
26 29
26 96
26 110
26 172
26 180
26 181
26 223
26 292
27 108
27 226
28 66
28 138
28 145
28 147
28 180
28 195
28 230
29 73
29 80
29 119
29 123
29 214
29 217
29 223
29 233
29 241
30 106
30 265
30 279
31 112
31 201
31 209
32 90
32 126
32 137
32 238
32 261
33 160
33 195
33 233
33 247
33 304
34 99
34 112
34 123
34 127
34 143
34 159
34 182
34 201
34 206
34 233
35 57
35 81
35 90
35 125
35 132
35 174
35 189
35 204
35 207
35 223
35 232
35 255
36 63
36 87
36 103
36 127
36 141
36 162
36 178
36 193
36 204
36 226
36 232
36 266
36 283
37 40
37 42
37 99
37 115
37 121
37 210
37 220
38 124
38 127
38 262
38 276
39 104
39 122
39 124
39 173
39 218
39 220
39 241
39 309
39 311
40 41
40 52
40 53
40 96
40 137
40 180
40 185
40 208
40 220
40 230
40 264
40 266
40 309
41 88
41 106
41 112
41 123
41 131
41 168
41 202
41 214
41 252
42 112
42 121
42 126
42 171
42 286
43 196
44 84
44 122
44 126
44 148
44 160
44 173
44 200
44 232
44 273
45 76
45 204
46 90
46 99
46 235
46 268
47 206
47 290
48 217
48 259
49 145
49 280
49 313
50 57
50 129
51 56
51 110
51 121
51 134
51 181
51 219
51 235
52 54
52 126
52 127
52 128
52 165
52 180
52 184
52 206
52 219
52 237
52 238
52 279
54 105
54 143
54 204
54 233
55 78
55 122
55 204
55 219
55 223
55 253
56 95
56 99
56 126
56 272
56 279
57 123
57 196
57 203
57 217
57 280
57 292
58 160
58 260
59 124
59 155
59 203
59 286
59 304
60 238
60 274
61 123
61 173
62 99
62 111
62 112
62 128
62 218
62 302
63 100
63 182
63 218
64 223
64 240
64 309
65 117
65 129
65 233
65 234
65 283
66 117
66 134
66 139
66 241
66 266
66 309
67 135
67 230
67 255
67 261
68 86
68 128
68 152
68 199
69 100
69 104
69 107
69 127
69 145
69 232
70 86
70 109
70 206
71 220
71 226
71 234
72 134
72 243
72 246
72 267
73 83
73 87
73 97
73 141
73 182
74 235
74 265
74 297
75 99
75 102
75 126
75 138
75 144
75 146
75 148
75 158
75 173
76 113
76 125
76 134
76 143
76 170
76 181
76 204
76 208
76 238
76 285
76 304
77 81
77 83
77 110
77 121
77 122
77 124
77 129
77 166
77 167
77 199
77 219
77 222
77 225
77 226
77 238
77 241
77 246
77 255
77 266
77 283
77 308
77 312
77 313
78 126
78 278
79 276
80 96
80 121
80 125
80 192
80 234
80 291
80 310
81 126
82 112
82 125
82 233
82 235
82 263
83 99
83 113
83 128
83 147
83 246
84 100
84 124
84 226
84 253
85 113
85 122
85 127
85 155
85 195
85 198
85 259
85 286
85 302
85 314
86 129
86 138
86 232
86 261
86 278
87 123
87 266
87 267
88 160
88 313
89 124
89 126
89 128
89 241
89 309
90 100
90 116
90 122
90 127
90 128
90 179
90 181
90 186
90 257
90 261
90 266
90 294
91 134
91 192
91 233
91 262
91 279
92 128
92 281
93 134
93 163
93 180
94 115
94 297
95 97
95 98
95 121
95 139
95 160
95 231
96 135
96 195
96 233
96 297
97 98
97 128
97 129
98 121
98 125
98 126
98 132
98 177
98 232
98 234
98 315
99 110
99 113
99 117
99 122
99 123
99 126
99 129
99 163
99 207
99 238
99 243
99 257
99 281
99 291
100 114
100 137
100 169
100 207
100 212
100 226
100 233
100 239
100 277
100 286
100 309
101 106
101 127
101 234
102 104
102 126
102 236
103 220
103 259
103 266
104 126
105 123
105 126
105 135
105 183
105 219
105 233
105 235
105 250
106 124
106 212
107 134
107 204
108 111
108 129
108 200
108 206
108 237
109 226
110 123
110 137
110 158
110 168
110 273
111 129
111 219
111 240
111 246
111 297
112 117
112 163
112 221
112 226
112 241
112 314
113 155
114 143
114 292
115 125
115 163
115 206
115 233
115 235
115 261
116 236
116 305
116 315
117 126
117 134
117 141
117 165
117 206
117 219
117 228
117 273
118 176
118 198
119 128
119 267
119 309
120 127
120 142
120 160
120 203
120 282
121 122
121 123
121 128
121 139
121 169
121 180
121 189
121 193
121 195
121 197
121 217
121 225
121 236
121 247
121 263
121 267
121 292
121 312
122 123
122 129
122 130
122 131
122 143
122 149
122 154
122 156
122 168
122 172
122 173
122 175
122 180
122 196
122 200
122 201
122 203
122 206
122 217
122 223
122 232
122 239
122 241
122 261
122 271
122 273
122 285
122 286
122 292
122 308
123 135
123 182
123 219
123 233
123 235
123 241
123 258
123 264
123 266
123 286
123 288
123 309
123 312
123 315
124 126
124 129
124 140
124 155
124 180
124 181
124 204
124 207
124 220
124 223
124 241
124 251
124 252
124 257
124 266
124 303
124 309
125 131
125 132
125 154
125 159
125 160
125 168
125 193
125 228
125 231
125 234
125 237
125 264
125 266
125 280
125 288
125 291
126 138
126 141
126 155
126 158
126 159
126 162
126 193
126 194
126 215
126 233
126 237
126 252
126 253
126 261
126 262
126 274
126 275
126 279
126 288
126 304
126 305
126 309
127 129
127 134
127 146
127 163
127 176
127 200
127 207
127 225
127 228
127 229
127 232
127 235
127 238
127 286
127 288
127 304
128 132
128 135
128 160
128 202
128 220
128 246
128 255
128 261
128 275
128 286
129 163
129 195
129 222
129 233
129 277
129 279
129 286
131 173
131 228
131 235
131 246
132 139
132 194
132 235
132 241
133 217
133 223
134 135
134 153
134 155
134 198
134 206
134 219
134 228
134 233
134 257
134 266
134 298
134 304
135 150
135 154
135 188
135 234
135 241
135 266
135 271
137 148
137 155
137 188
137 225
137 232
137 233
137 267
137 309
138 183
138 250
138 251
138 261
139 183
139 234
139 289
140 157
140 164
140 225
140 238
140 263
140 309
140 313
141 204
141 264
143 170
143 245
144 195
144 225
145 234
146 309
147 199
147 233
147 234
147 241
147 304
148 201
149 160
149 233
151 209
151 225
151 271
153 308
155 158
155 237
155 251
155 299
156 208
156 261
157 159
157 212
157 261
158 232
158 233
158 266
158 279
159 262
160 161
160 163
160 184
160 187
160 202
160 204
160 235
160 309
160 312
161 176
161 234
162 201
162 202
162 235
162 302
163 204
163 227
163 259
163 304
164 216
165 233
165 235
165 238
165 309
166 183
166 207
166 209
166 219
166 252
166 255
166 312
168 233
168 236
168 238
168 253
168 261
168 283
169 185
169 189
169 191
169 207
169 235
169 236
169 279
169 292
169 306
170 183
170 218
170 232
170 297
171 285
172 290
173 197
173 208
174 178
174 232
174 237
175 292
177 202
178 304
179 201
179 226
179 293
180 202
180 219
180 233
180 234
180 239
180 302
181 196
181 200
181 235
181 276
183 232
185 196
185 216
186 212
187 189
187 208
188 219
188 226
188 236
188 238
189 218
189 219
189 241
189 276
189 292
191 195
191 215
192 208
192 210
192 266
193 283
194 219
194 304
195 234
195 252
195 259
195 275
195 285
196 235
197 235
198 235
199 238
200 223
200 233
200 279
200 292
200 293
201 204
201 206
201 214
201 235
201 266
202 209
202 297
203 246
203 265
204 224
204 226
204 296
204 306
206 210
206 271
207 221
207 284
208 233
209 257
210 257
210 273
211 217
213 228
213 234
214 273
214 275
215 232
215 268
215 271
215 280
216 232
216 269
216 271
217 222
217 308
218 263
218 267
219 238
219 256
219 308
219 315
220 268
220 273
221 223
223 233
223 261
223 268
224 227
226 235
226 240
226 241
226 243
226 260
226 278
226 283
226 299
226 304
226 309
227 274
229 246
230 275
231 246
232 246
232 267
232 271
233 236
233 259
233 261
233 262
233 264
233 285
233 313
234 236
234 241
234 256
234 263
234 274
234 309
235 238
235 247
235 279
236 241
238 257
238 279
238 311
240 296
240 312
241 244
241 266
241 304
244 291
246 263
253 309
253 310
257 299
259 266
260 288
260 303
260 309
261 284
261 309
262 283
263 283
264 285
266 288
266 304
266 309
266 312
267 276
267 304
273 279
273 292
273 299
276 290
277 309
279 285
279 290
279 292
280 308
280 313
286 304
288 304
290 314
292 314
294 297
296 311
297 307
304 315
306 315
308 314
