0 121
0 192
0 238
0 308
1 106
1 123
1 233
2 32
2 38
2 84
2 89
2 108
2 195
2 265
2 278
3 15
3 117
3 122
3 129
3 141
3 153
3 231
3 237
3 314
4 13
4 99
4 110
4 139
4 187
4 207
4 249
4 304
4 312
5 9
5 10
5 41
5 82
5 101
5 103
5 106
5 109
5 124
5 125
5 160
5 165
5 192
5 217
5 220
5 226
5 264
5 274
5 292
6 13
6 77
6 78
6 84
6 192
6 245
6 279
7 51
7 77
7 125
7 129
7 151
7 165
7 188
7 190
7 198
7 234
7 261
8 78
8 219
9 29
9 143
9 168
9 227
9 252
9 304
10 67
10 69
10 125
10 126
10 129
10 142
10 188
10 226
10 238
10 289
11 70
11 108
11 122
11 123
12 76
12 140
12 232
12 283
13 34
13 74
13 106
13 115
13 127
13 137
13 161
13 207
13 223
13 233
13 234
13 266
14 98
14 126
14 180
14 252
14 264
14 272
15 16
15 96
15 127
15 241
16 116
16 124
16 218
16 286
17 124
17 125
17 137
17 140
17 165
17 215
17 235
17 304
18 47
18 78
18 111
18 113
18 123
18 217
18 233
19 36
19 159
19 201
19 314
20 37
20 83
20 85
20 186
20 199
21 99
21 126
21 221
22 42
22 99
22 123
22 134
22 160
22 189
22 197
23 125
23 127
23 176
23 200
23 221
23 235
23 267
23 274
24 54
24 87
24 125
25 89
25 121
25 137
25 220
26 54
26 75
26 76
26 89
26 124
26 126
26 264
27 59
27 70
27 125
27 224
27 253
27 264
28 86
28 111
28 117
28 129
28 154
29 79
29 115
29 128
29 233
29 240
29 293
30 122
30 156
30 172
30 218
31 122
31 126
31 193
32 200
32 224
32 226
32 235
32 285
33 98
33 130
33 135
33 141
33 158
33 200
34 65
34 219
34 252
34 290
34 309
35 36
35 40
35 52
35 75
35 109
35 121
35 125
35 128
35 130
35 149
35 165
35 169
35 175
35 188
35 198
35 201
35 226
35 230
35 236
35 255
35 261
36 52
36 74
36 91
36 98
36 128
36 129
36 139
36 164
36 202
37 52
37 112
37 162
37 181
37 192
37 216
37 232
37 255
38 123
38 219
39 124
39 243
39 279
40 72
40 90
40 110
40 119
40 121
40 167
40 180
40 210
40 231
40 273
40 309
41 80
41 121
41 124
41 168
41 219
41 264
42 85
42 110
42 290
44 47
44 90
44 122
44 263
44 309
46 74
47 95
47 108
47 159
47 274
48 51
48 187
48 212
49 88
49 152
49 197
49 223
50 127
50 135
51 59
51 135
51 143
51 221
51 235
52 96
52 126
52 127
52 153
52 304
52 307
53 77
53 218
53 266
54 128
54 196
54 247
54 252
54 285
55 59
55 61
55 122
55 233
55 243
55 282
56 123
56 152
56 224
56 233
56 234
56 235
56 240
57 122
57 176
57 203
57 228
57 245
57 264
57 309
58 68
58 232
59 106
59 125
59 310
60 67
60 232
61 105
61 106
61 128
61 285
61 309
62 70
62 204
63 268
64 276
65 121
65 125
65 217
65 223
66 128
66 151
66 177
67 90
67 140
67 160
67 227
68 97
68 121
68 129
68 232
69 157
69 166
70 76
70 125
70 137
70 151
70 186
70 233
71 119
71 210
72 109
72 123
72 163
72 178
72 280
73 100
73 107
73 122
73 134
73 141
73 201
73 234
73 283
73 309
74 76
74 106
74 207
74 278
75 76
75 90
75 93
75 94
75 122
75 126
75 134
75 137
75 168
75 248
75 298
76 85
76 98
76 106
76 120
76 127
76 128
76 129
76 175
76 186
76 202
76 226
76 246
76 256
76 262
76 278
76 285
77 80
77 83
77 100
77 120
77 125
77 154
77 158
77 212
77 218
77 226
77 233
77 250
77 263
78 234
78 290
79 202
80 111
80 155
80 239
81 113
81 216
81 257
82 121
82 203
83 170
83 207
83 233
84 127
84 175
84 209
84 232
84 266
84 296
85 106
85 125
85 126
85 135
85 187
85 264
85 309
86 90
86 122
86 128
86 140
86 226
86 250
86 257
87 128
87 291
88 122
88 129
88 188
88 189
88 233
88 305
89 117
89 146
89 203
89 223
89 226
89 262
89 286
90 99
90 100
90 121
90 122
90 127
90 129
90 142
90 180
90 212
90 219
90 224
91 99
91 106
91 144
91 168
93 98
93 100
93 158
93 267
95 111
95 121
95 123
95 139
95 198
95 201
95 204
96 117
96 189
98 100
98 125
98 170
98 276
98 280
98 313
99 104
99 105
99 123
99 143
99 160
99 178
99 189
99 204
99 207
99 219
99 232
99 233
99 234
99 237
99 255
99 271
100 111
100 123
100 126
100 127
100 134
100 143
100 168
100 185
100 228
100 233
100 283
100 284
100 309
101 111
101 160
102 113
102 121
102 127
102 163
102 273
103 124
103 131
103 133
103 174
103 219
103 276
104 227
105 122
105 123
105 125
105 147
105 219
105 304
105 311
106 170
106 267
106 305
106 310
107 140
108 134
108 286
108 288
109 279
109 311
110 123
110 252
110 264
111 117
111 121
111 122
111 124
111 125
111 135
111 139
111 226
112 166
112 167
112 168
112 235
113 126
113 210
114 178
114 259
114 268
115 171
115 204
116 131
116 132
116 188
116 273
117 120
117 121
117 170
117 183
117 219
117 228
117 269
117 296
117 304
118 121
119 128
120 122
120 133
121 127
121 143
121 160
121 166
121 172
121 174
121 183
121 185
121 187
121 192
121 204
121 216
121 221
121 226
121 228
121 229
121 233
121 239
121 243
121 249
121 252
121 255
121 263
121 266
121 276
121 308
122 129
122 149
122 151
122 159
122 160
122 173
122 174
122 187
122 207
122 232
122 234
122 238
122 241
122 249
122 257
122 259
122 288
122 292
122 296
122 298
122 299
123 124
123 130
123 139
123 189
123 192
123 201
123 207
123 209
123 219
123 233
123 234
123 251
123 266
123 288
123 289
124 127
124 128
124 137
124 141
124 147
124 149
124 151
124 152
124 166
124 170
124 194
124 195
124 199
124 207
124 219
124 223
124 226
124 232
124 233
124 247
124 277
124 278
124 296
124 309
125 134
125 142
125 144
125 152
125 158
125 161
125 164
125 180
125 189
125 190
125 198
125 220
125 235
125 237
125 247
125 258
125 274
126 127
126 132
126 148
126 166
126 193
126 194
126 200
126 206
126 223
126 224
126 232
126 240
126 241
126 245
126 264
127 128
127 155
127 171
127 173
127 174
127 180
127 232
127 233
127 234
127 243
127 253
127 261
127 302
127 311
128 129
128 131
128 148
128 159
128 185
128 206
128 216
128 220
128 251
128 285
128 292
129 134
129 153
129 165
129 201
129 206
129 215
129 234
129 235
129 236
129 284
130 155
130 167
130 172
130 239
130 249
131 188
132 224
132 246
132 310
133 150
133 175
133 233
134 149
134 155
134 186
134 188
134 190
134 223
134 272
134 279
134 291
135 178
135 185
135 200
135 204
135 245
135 309
136 162
136 163
137 163
137 232
137 280
138 160
138 201
138 266
139 171
139 192
140 204
140 217
140 234
140 264
140 278
141 163
142 257
143 181
144 173
144 188
144 199
144 206
144 210
144 248
146 176
146 216
146 232
147 155
147 224
147 241
149 173
150 236
151 162
151 234
151 252
152 302
153 195
153 232
153 235
153 309
154 158
154 173
154 223
154 232
154 272
155 204
155 236
155 238
155 292
155 305
156 297
157 160
157 180
157 252
158 223
158 236
158 257
158 309
159 180
159 214
160 164
160 168
160 181
160 238
160 239
160 241
160 246
162 207
162 218
162 232
162 234
162 246
162 280
162 286
163 188
163 219
163 222
163 223
163 250
163 268
163 292
163 315
164 266
165 182
165 233
165 275
167 185
167 241
167 275
168 202
168 228
168 234
168 247
168 255
168 275
168 278
169 178
169 295
169 299
170 310
172 197
173 204
173 235
173 286
174 180
174 315
175 189
176 260
176 267
176 277
176 312
177 307
178 240
178 268
179 234
179 241
180 195
180 196
180 201
180 259
180 263
180 291
180 292
181 204
181 209
181 224
181 265
182 233
182 259
182 265
182 309
183 219
183 282
183 309
183 314
184 262
184 265
186 232
186 235
187 190
187 201
187 221
187 222
188 235
188 255
189 210
189 217
189 226
189 264
189 275
189 295
191 226
191 232
192 233
192 241
192 304
192 310
192 312
193 212
193 235
193 308
195 200
195 232
195 250
195 291
196 264
197 202
197 234
197 238
197 243
198 234
199 226
199 247
199 279
200 236
200 274
200 279
201 239
202 223
202 235
202 236
202 241
203 279
203 299
204 214
204 220
204 232
204 237
204 252
204 264
205 234
206 217
206 234
206 259
206 272
208 220
208 243
209 213
209 262
210 274
212 301
214 234
214 272
214 293
215 227
216 218
216 226
216 235
216 247
217 251
218 220
218 226
218 254
219 228
219 231
219 246
219 252
220 246
220 282
220 298
220 314
221 235
222 271
223 232
223 238
223 302
224 299
225 257
226 243
226 315
227 274
227 291
228 234
228 235
228 304
230 273
231 234
231 303
232 245
232 262
233 238
233 240
233 252
233 276
233 280
233 294
234 262
234 291
235 252
235 265
235 292
236 239
236 312
237 279
238 240
238 284
240 280
243 261
245 279
245 304
246 309
247 278
249 259
250 268
251 265
252 271
252 305
252 309
253 259
255 266
255 309
257 305
257 307
258 264
259 292
259 309
260 264
261 264
261 272
264 271
264 272
266 286
266 309
271 279
271 304
276 299
279 304
284 309
286 296
286 313
292 304
292 309
299 309
304 309
309 315
