0 14
0 72
0 232
0 239
1 5
1 50
1 72
1 128
1 227
2 78
2 241
2 266
2 284
2 286
3 95
3 129
3 143
4 9
4 32
4 59
4 104
4 122
4 125
4 135
4 136
4 156
4 170
4 236
4 269
4 277
4 315
5 26
5 32
5 40
5 78
5 87
5 116
5 124
5 127
5 128
5 129
5 135
5 172
5 204
5 220
5 223
5 232
5 250
5 298
5 304
5 309
5 313
6 67
6 73
6 76
6 99
6 105
6 124
6 182
6 233
6 234
6 271
6 291
6 311
7 37
7 40
7 55
7 71
7 86
7 90
7 93
7 106
7 128
7 140
7 143
7 162
7 199
7 219
7 237
8 126
8 204
9 10
9 59
9 111
9 124
9 139
9 241
9 282
10 29
10 58
10 81
10 124
10 172
10 188
10 223
10 225
10 235
10 277
11 80
12 35
12 84
12 121
12 126
12 178
12 197
12 277
13 93
13 121
13 125
13 126
13 151
13 154
13 206
13 215
13 271
14 70
14 77
14 235
14 253
14 307
16 99
16 219
16 253
16 258
16 266
16 309
17 112
17 127
17 144
17 173
17 195
17 215
17 262
18 52
18 128
18 129
18 148
18 232
18 268
19 85
19 141
19 165
19 169
19 178
19 243
19 273
20 30
20 84
20 95
20 117
20 133
20 152
20 188
20 264
21 121
21 137
21 201
22 113
22 122
22 128
22 155
22 206
22 216
22 288
23 71
23 89
23 105
23 117
23 134
23 144
23 165
23 266
23 273
24 121
24 124
24 144
24 157
24 209
24 217
25 55
25 89
25 276
25 315
26 104
26 122
26 186
26 247
27 82
27 134
28 97
28 117
28 121
28 123
29 89
29 99
29 121
29 182
29 195
29 232
29 299
30 153
31 125
31 232
31 245
32 127
32 141
32 168
32 208
33 37
33 39
33 83
33 288
34 99
34 212
35 52
35 54
35 96
35 99
35 124
35 130
35 160
35 189
35 191
35 208
35 218
35 219
35 234
35 237
35 247
35 262
35 279
36 61
36 73
36 112
36 179
36 204
36 235
36 266
36 267
36 272
37 41
37 122
37 140
37 165
37 235
37 257
37 264
38 76
38 134
38 234
38 258
39 124
39 244
39 305
40 66
40 132
40 149
40 192
40 232
40 250
40 257
40 266
40 292
40 304
41 75
41 83
41 84
41 126
41 127
41 128
41 129
41 262
42 56
42 110
42 121
42 123
42 240
43 86
43 129
43 285
43 308
44 80
44 98
44 121
44 126
44 145
44 197
44 202
44 204
44 240
44 286
45 92
45 124
45 144
45 187
47 120
47 237
47 266
48 204
48 268
49 101
49 121
49 126
49 134
49 143
49 163
49 199
49 273
50 173
50 217
51 77
51 173
51 192
51 238
51 265
52 66
52 77
52 86
52 90
52 137
52 161
53 75
53 124
53 147
53 222
54 95
54 125
54 135
54 143
54 153
54 175
54 232
54 246
55 107
55 115
55 129
55 134
55 261
56 165
56 259
56 264
56 309
57 90
57 93
57 112
57 139
57 180
57 189
57 241
57 280
58 72
58 121
58 231
59 62
59 112
59 123
59 177
59 217
59 232
59 233
59 234
59 278
59 279
59 285
60 125
60 192
61 91
61 109
61 233
62 121
62 129
62 152
62 267
62 288
63 126
63 132
64 99
65 183
65 302
66 122
66 233
66 279
67 111
67 125
67 155
68 124
68 160
68 283
69 76
70 128
70 134
70 200
70 251
71 156
71 185
71 216
72 99
72 122
72 125
72 134
72 139
72 167
72 182
72 267
73 121
73 168
73 207
73 220
73 233
73 250
74 84
74 90
74 129
74 267
75 124
75 125
75 204
75 225
75 231
76 110
76 111
76 133
76 141
76 155
76 166
76 186
76 201
76 216
76 232
76 233
76 238
76 243
76 255
76 272
76 309
77 124
77 139
77 185
77 199
77 235
77 262
78 169
78 219
79 233
80 121
80 152
80 188
80 218
80 229
81 126
81 177
81 185
81 197
81 198
81 204
81 267
82 99
82 141
82 307
83 86
83 125
84 139
84 184
85 129
85 146
85 158
85 201
85 235
85 243
86 124
86 132
86 217
86 307
87 95
87 107
87 130
87 286
88 121
88 171
88 194
88 232
88 235
89 124
89 126
89 129
89 207
89 234
89 309
90 99
90 107
90 117
90 122
90 129
90 155
90 226
90 257
90 307
91 95
91 226
91 252
91 257
92 123
92 252
92 287
93 146
93 158
93 176
93 219
93 296
94 278
95 117
95 122
95 175
95 233
95 259
95 288
95 296
96 176
96 206
97 160
98 128
98 129
98 201
98 221
98 232
98 309
99 102
99 106
99 123
99 129
99 134
99 186
99 219
99 222
99 232
99 233
99 236
99 262
99 271
99 280
99 281
99 304
99 307
100 104
100 105
100 111
100 124
100 127
100 128
100 134
100 168
100 169
100 182
100 188
100 192
100 200
100 204
100 211
100 224
100 225
100 233
100 247
100 267
100 275
100 304
101 201
102 160
102 203
103 176
103 240
103 246
104 145
104 216
105 121
105 123
105 129
105 232
105 250
105 304
105 309
106 110
106 127
106 132
106 184
106 190
106 221
106 233
106 308
107 120
108 122
108 140
108 180
109 127
109 279
110 124
110 159
110 223
110 236
110 247
111 131
111 165
111 195
111 226
111 267
112 189
114 261
115 121
116 135
116 160
116 233
116 243
117 137
117 149
117 179
117 184
117 195
117 210
117 247
117 252
118 185
118 245
118 289
119 125
119 135
119 188
120 124
120 127
120 147
120 156
120 219
120 233
121 122
121 123
121 126
121 128
121 129
121 134
121 182
121 184
121 185
121 187
121 203
121 208
121 227
121 232
121 233
121 234
121 245
121 276
121 281
121 294
121 299
121 309
122 123
122 124
122 125
122 126
122 134
122 142
122 152
122 185
122 186
122 200
122 226
122 228
122 232
122 236
122 241
122 249
122 259
122 261
122 267
122 306
123 128
123 154
123 155
123 160
123 168
123 180
123 188
123 199
123 202
123 217
123 224
123 225
123 228
123 234
123 292
123 294
123 309
124 139
124 206
124 219
124 236
124 248
124 252
124 259
124 260
124 271
124 304
125 126
125 127
125 128
125 131
125 134
125 135
125 154
125 156
125 159
125 178
125 216
125 219
125 223
125 232
125 233
125 246
125 259
125 264
125 266
125 267
125 304
125 309
126 127
126 129
126 132
126 155
126 163
126 168
126 187
126 204
126 207
126 214
126 216
126 226
126 232
126 236
126 241
126 246
126 279
126 282
126 287
126 302
126 313
127 137
127 143
127 153
127 161
127 181
127 188
127 220
127 221
127 231
127 232
127 234
127 243
127 256
127 259
127 274
127 298
127 313
128 135
128 141
128 187
128 195
128 234
128 241
128 255
128 261
128 264
128 277
128 286
129 134
129 163
129 175
129 226
129 264
129 270
129 273
129 288
129 304
129 309
130 151
130 157
130 210
131 153
132 134
132 215
132 266
133 308
134 169
134 196
134 199
134 206
134 224
134 239
134 267
134 309
135 140
135 164
135 207
135 215
135 235
135 267
136 172
136 208
136 259
136 288
137 192
137 204
137 219
137 267
138 253
139 179
140 173
140 202
140 203
140 206
140 226
140 235
140 248
141 178
141 191
141 204
141 236
143 147
143 179
143 217
145 168
145 173
145 259
145 275
146 259
146 309
147 220
147 241
148 176
150 151
150 192
151 195
151 219
151 240
151 253
152 266
152 280
153 201
153 235
154 170
154 183
155 165
155 298
155 305
155 314
156 193
156 215
156 237
156 245
156 297
157 163
157 182
157 299
157 309
158 221
158 235
159 162
159 218
159 267
160 164
160 170
160 206
160 226
160 232
160 259
162 165
162 195
162 206
162 253
163 167
163 197
163 198
163 204
163 220
163 226
163 234
163 267
163 279
163 280
163 286
163 306
165 223
165 232
165 234
165 253
166 226
167 208
167 209
167 238
167 299
168 181
168 201
168 234
168 259
168 278
168 301
169 267
169 302
169 305
170 177
170 206
170 226
170 288
170 309
171 208
171 252
173 204
173 226
173 238
173 261
173 262
173 286
173 314
174 234
174 264
175 232
175 282
176 206
176 233
177 199
177 227
179 309
180 223
180 227
180 235
180 254
180 267
180 278
180 283
181 201
181 266
182 192
185 210
185 226
185 227
185 239
185 283
186 189
186 253
187 207
187 233
187 235
187 308
188 233
188 234
189 199
189 267
190 245
191 204
191 246
191 292
191 309
192 212
193 233
195 201
195 233
195 290
197 214
199 216
199 272
200 206
201 237
201 304
202 234
203 221
204 207
204 208
204 210
204 240
204 252
204 277
204 291
206 221
206 227
206 234
206 283
206 293
207 221
207 234
207 248
208 213
208 279
209 235
210 233
210 263
211 215
211 219
211 313
212 253
212 274
214 261
215 246
215 309
217 260
217 298
217 304
218 233
218 239
219 238
219 271
219 279
222 233
223 245
223 309
224 264
224 309
225 296
228 286
229 233
231 277
232 233
232 239
232 262
232 266
232 282
232 304
232 309
232 314
233 264
233 267
233 297
233 304
234 241
235 236
235 246
235 257
235 299
235 314
236 246
236 274
237 309
238 286
239 251
241 275
241 283
241 304
242 269
243 246
243 262
243 264
243 291
247 286
248 312
250 291
252 266
253 304
255 292
257 279
259 314
260 266
261 262
264 271
266 304
267 304
271 309
273 286
273 304
274 310
278 305
279 304
283 285
286 304
288 308
293 298
304 308
