0 11
0 235
1 51
1 69
1 89
1 110
1 124
1 127
1 134
1 165
1 230
2 13
2 29
2 93
2 123
2 124
2 144
2 195
2 233
2 309
2 312
3 19
3 86
3 126
3 197
3 235
3 275
3 288
4 10
4 35
4 70
4 107
4 121
4 124
4 160
4 171
4 188
5 33
5 53
5 55
5 68
5 74
5 85
5 121
5 123
5 125
5 127
5 128
5 136
5 155
5 167
5 169
5 195
5 199
5 201
5 232
5 234
5 246
5 259
5 275
6 43
6 57
6 74
6 96
6 120
6 122
6 151
6 197
6 260
7 23
7 24
7 67
7 70
7 122
7 124
7 128
7 140
7 180
7 226
7 233
7 250
7 277
7 304
8 34
8 90
8 100
8 204
8 271
9 38
9 40
9 42
9 66
9 84
9 126
9 192
9 231
9 297
10 53
10 121
10 160
10 234
10 243
11 32
11 107
11 129
11 203
12 41
12 96
12 128
12 167
12 189
13 55
13 117
13 121
13 123
13 160
13 166
13 232
13 291
13 313
14 17
14 195
14 208
14 253
15 81
15 155
15 195
15 233
15 292
15 304
16 57
16 91
16 124
16 273
16 286
17 20
17 93
17 127
17 201
17 223
17 229
17 234
17 262
17 274
18 59
18 105
18 123
18 275
19 122
19 311
20 36
20 38
20 132
20 158
20 189
20 232
20 237
20 279
20 293
21 28
21 129
21 156
21 219
21 233
21 291
22 44
22 124
22 126
22 200
22 204
22 264
22 304
23 49
23 127
23 132
23 174
23 219
23 257
24 70
24 90
24 100
24 126
24 209
24 226
26 110
26 122
26 123
26 127
26 138
26 241
27 70
27 232
27 268
28 75
28 132
28 144
28 173
28 204
28 223
28 303
29 51
29 111
29 123
29 206
29 210
30 42
30 59
30 125
30 222
30 309
31 44
31 102
31 232
31 233
32 101
32 124
32 197
33 91
33 122
33 126
33 160
33 271
34 128
34 159
34 160
34 182
34 238
34 268
34 280
35 109
35 121
35 124
35 125
35 126
35 133
35 146
35 152
35 161
35 165
35 173
35 174
35 181
35 204
35 220
35 224
35 225
36 53
36 55
36 122
36 129
36 156
36 183
36 203
36 207
36 234
36 267
36 309
37 99
37 129
37 133
37 232
37 264
37 282
37 309
38 76
38 159
38 171
38 269
39 59
39 117
39 126
39 223
39 256
40 91
40 95
40 101
40 107
40 109
40 121
40 132
40 134
40 158
40 174
40 207
40 226
40 234
40 279
41 123
41 130
41 139
41 144
41 165
41 166
41 180
41 268
42 53
42 61
42 69
42 171
42 226
42 309
43 65
43 67
43 167
44 55
44 59
44 69
44 75
44 90
44 185
44 226
44 237
45 111
45 122
46 69
46 98
46 137
47 172
47 216
47 304
48 134
48 174
49 168
49 288
50 81
50 95
50 164
51 59
51 61
51 112
51 120
51 121
51 149
51 202
51 226
51 243
51 266
51 288
52 110
52 122
52 127
52 209
52 228
52 235
52 299
53 88
54 70
54 80
54 122
54 174
54 226
55 100
55 129
55 173
55 205
56 90
56 125
56 269
56 274
57 129
57 154
57 193
58 110
59 77
59 106
59 121
59 130
59 139
59 160
59 190
59 207
59 223
59 226
59 234
59 308
60 123
61 70
61 85
61 128
61 215
61 224
61 253
61 266
62 86
62 123
62 201
62 232
63 233
64 138
65 115
65 134
65 281
66 129
66 140
66 206
66 217
66 241
66 253
66 266
67 178
67 215
67 264
67 266
67 273
68 76
68 107
68 125
68 158
68 304
69 142
70 120
70 160
70 236
70 266
71 125
72 85
72 122
72 125
72 183
72 199
72 294
73 122
73 134
73 168
73 187
73 202
73 246
73 269
73 279
73 304
74 198
74 223
75 99
75 141
75 159
75 175
75 200
75 286
76 94
76 108
76 122
76 149
76 234
76 235
76 254
76 258
76 278
76 291
77 91
77 101
77 104
77 115
77 125
77 135
77 153
77 183
77 185
77 202
77 203
77 224
77 232
77 234
77 264
77 267
77 309
79 188
79 191
80 152
80 153
80 207
80 229
80 309
81 168
81 228
81 288
82 172
82 221
82 304
83 93
83 168
83 180
83 212
83 264
83 304
84 233
84 278
84 279
85 112
85 125
85 176
85 187
85 235
85 260
86 160
86 182
86 187
86 226
87 121
87 126
88 127
88 208
89 101
89 125
89 127
89 134
89 174
89 204
89 232
89 233
89 235
89 284
90 91
90 99
90 122
90 123
90 124
90 134
90 180
90 214
90 222
90 224
90 241
90 277
90 279
90 304
91 232
91 280
91 294
91 296
91 304
93 126
93 195
93 204
94 164
95 116
95 125
95 130
95 246
96 124
96 202
96 232
97 120
97 188
97 226
98 122
98 127
98 185
98 231
98 261
99 113
99 121
99 133
99 137
99 155
99 167
99 197
99 204
99 231
99 259
99 263
99 286
100 104
100 111
100 123
100 156
100 161
100 162
100 187
100 191
100 197
100 206
100 220
100 226
100 232
100 236
100 243
100 265
100 304
101 134
103 126
103 129
103 288
104 111
104 173
104 252
104 255
104 274
105 125
105 189
105 219
105 235
105 249
106 117
106 122
106 124
106 180
106 233
106 235
107 129
107 238
107 274
107 281
108 186
108 203
108 216
108 226
108 233
108 264
108 311
109 127
109 144
109 162
109 252
110 115
110 121
110 124
110 127
111 119
111 201
111 295
112 123
112 126
112 127
112 191
112 200
112 238
112 314
113 122
113 160
113 171
113 217
113 226
114 226
114 288
115 117
115 158
115 193
115 209
115 233
115 234
116 124
116 232
117 125
117 129
117 138
117 234
118 153
118 180
119 185
119 192
119 247
119 264
119 288
119 303
120 166
120 179
120 280
121 122
121 126
121 140
121 148
121 149
121 160
121 163
121 186
121 199
121 223
121 233
121 234
121 239
121 243
121 264
121 269
121 275
122 124
122 125
122 126
122 129
122 133
122 139
122 144
122 157
122 159
122 168
122 172
122 177
122 178
122 200
122 208
122 221
122 224
122 226
122 241
122 247
122 284
122 292
122 303
123 128
123 135
123 153
123 158
123 173
123 180
123 196
123 199
123 200
123 204
123 215
123 231
123 254
123 276
123 312
124 125
124 126
124 139
124 155
124 162
124 169
124 197
124 207
124 226
124 243
124 255
124 260
124 261
124 287
124 312
125 128
125 153
125 160
125 185
125 190
125 195
125 197
125 198
125 207
125 216
125 238
125 241
125 243
125 244
125 267
125 271
125 273
125 291
125 292
125 304
126 128
126 129
126 160
126 163
126 169
126 181
126 202
126 203
126 205
126 221
126 224
126 226
126 235
126 236
126 243
126 266
126 279
127 128
127 129
127 162
127 163
127 173
127 180
127 210
127 218
127 232
127 233
127 243
127 244
127 250
127 252
127 264
127 292
127 309
128 137
128 149
128 163
128 182
128 188
128 195
128 201
128 235
128 264
128 267
129 154
129 183
129 201
129 207
129 212
129 216
129 235
129 238
129 246
129 268
129 279
129 296
129 311
131 134
131 228
131 255
131 304
132 212
132 234
133 243
133 309
134 151
134 158
134 162
134 209
134 240
134 246
134 257
134 272
134 280
134 292
135 193
135 199
135 233
135 264
135 274
136 233
136 309
137 140
137 158
138 180
138 232
138 264
138 306
139 174
139 263
140 211
140 241
140 276
140 282
141 195
141 236
141 256
141 309
142 175
142 204
142 268
142 314
143 144
143 168
143 229
143 259
143 309
143 315
144 257
144 266
146 267
147 201
147 235
147 261
148 155
149 175
149 182
149 233
149 296
150 200
151 218
151 221
151 255
151 262
152 218
152 308
153 258
153 275
154 229
154 235
155 275
156 226
156 266
157 174
157 232
158 171
158 216
158 219
158 230
158 233
158 236
158 281
159 222
160 204
160 219
160 241
160 265
160 266
160 287
162 165
162 273
163 188
163 235
163 307
163 309
164 256
164 300
165 188
165 189
165 207
165 266
166 288
167 170
167 223
168 228
168 233
168 235
168 266
168 285
169 231
169 235
169 299
169 309
171 309
172 237
173 266
173 301
174 181
174 209
174 219
174 236
174 247
174 291
174 292
175 219
177 226
177 243
178 206
178 232
178 313
179 199
180 226
180 255
180 265
180 267
181 207
181 251
181 309
182 279
182 296
183 228
185 237
186 218
186 223
187 227
187 240
187 272
187 314
188 233
188 279
189 217
189 233
189 235
189 252
190 219
190 234
191 308
192 261
192 262
192 273
192 279
193 274
193 278
195 204
195 283
197 200
197 257
197 266
198 217
199 226
200 286
201 204
201 240
201 298
202 271
204 222
204 232
204 238
204 240
204 266
204 309
204 311
205 240
205 286
206 235
206 252
206 288
207 219
207 234
208 239
210 219
212 220
212 233
213 239
214 309
215 221
215 238
216 233
216 238
216 285
218 228
218 259
219 226
219 235
219 253
219 309
220 240
220 267
220 308
221 223
221 267
221 304
223 263
223 313
224 225
224 283
225 288
225 315
226 248
226 266
226 299
228 309
231 234
231 238
232 235
232 239
232 241
232 243
232 257
232 263
232 278
232 286
232 296
232 302
233 246
233 261
233 262
233 264
233 267
233 279
233 309
234 240
234 268
234 271
235 239
235 259
235 272
235 273
235 288
236 241
236 245
236 251
236 267
236 314
237 259
238 298
238 300
238 304
238 309
238 312
238 315
245 309
247 266
247 271
249 287
253 262
253 309
259 263
259 264
259 286
259 304
264 298
267 287
268 304
277 290
277 294
278 284
278 309
279 309
280 312
282 309
283 294
283 315
292 296
304 309
309 313
