0 221
0 240
0 243
0 253
1 126
1 143
1 226
1 235
2 99
2 126
2 225
2 234
2 238
2 246
2 271
3 35
3 127
3 195
3 233
3 255
4 32
4 88
4 89
4 102
4 220
4 223
4 234
5 8
5 32
5 41
5 54
5 84
5 90
5 155
5 198
5 210
5 219
5 261
5 267
5 309
6 90
6 99
6 122
6 127
6 159
6 161
6 174
6 233
6 241
6 298
6 314
7 52
7 71
7 76
7 105
7 117
7 122
7 126
7 182
7 189
7 197
7 203
7 245
7 308
7 309
8 77
8 199
9 102
9 277
10 72
10 124
10 127
10 199
10 271
11 75
11 100
11 125
11 179
12 13
12 124
12 128
12 134
12 189
12 198
12 266
13 19
13 23
13 26
13 28
13 36
13 70
13 133
13 142
13 241
14 84
14 88
14 99
14 100
14 101
15 41
15 273
15 298
16 122
16 152
16 214
16 219
16 230
16 247
16 314
17 62
17 72
17 79
17 99
17 123
17 129
17 163
17 214
17 265
17 279
17 286
18 100
18 285
18 288
19 279
20 73
20 75
20 98
20 124
20 129
20 140
20 150
20 160
20 186
21 52
21 74
21 90
21 117
21 125
21 127
21 134
21 173
21 181
22 90
22 91
22 106
22 122
22 137
22 139
22 183
22 233
22 267
22 284
23 36
23 41
23 90
23 125
23 192
23 245
23 280
24 204
24 233
25 76
26 127
26 140
27 123
27 128
27 143
27 161
27 216
28 35
28 97
28 124
28 160
28 168
28 197
28 203
28 220
28 231
28 235
28 271
29 77
29 93
29 105
29 125
29 132
29 156
30 123
30 233
31 110
31 140
31 173
31 233
32 35
32 125
32 193
32 232
32 234
32 293
33 132
33 192
33 217
33 235
34 77
34 109
34 134
34 173
34 220
34 250
34 285
34 314
35 43
35 77
35 81
35 95
35 108
35 115
35 122
35 126
35 155
35 158
35 166
35 204
35 206
35 209
35 217
35 232
35 246
35 250
35 255
35 257
35 273
35 276
35 288
35 309
36 59
36 60
36 115
36 123
36 151
36 210
36 232
36 237
36 238
36 264
36 267
36 279
36 304
37 99
37 126
37 155
37 157
37 287
38 123
38 152
39 100
39 104
39 105
39 106
39 120
39 128
39 141
39 143
39 148
39 174
39 204
39 247
39 309
40 48
40 49
40 84
40 97
40 100
40 125
40 139
40 143
40 151
40 201
40 207
40 240
40 243
40 260
41 110
41 127
42 89
42 117
42 126
42 127
42 129
42 134
42 279
43 60
43 217
43 266
44 98
44 134
44 309
45 105
45 122
46 86
46 253
47 128
47 282
48 79
48 222
49 123
49 178
49 181
49 186
49 218
49 235
49 238
49 299
50 90
50 132
50 180
50 206
50 233
51 70
51 128
51 141
51 207
52 97
52 107
52 111
52 126
52 128
52 222
53 85
53 117
53 164
53 215
54 76
54 124
54 135
54 155
54 201
54 226
54 255
54 257
54 314
55 129
55 134
55 232
56 75
56 76
56 126
56 151
56 188
56 204
56 223
56 232
56 234
56 271
57 99
57 206
58 73
58 169
59 103
59 121
59 180
59 195
59 203
59 285
60 73
60 95
60 208
60 219
60 261
61 122
61 199
61 308
61 309
62 121
62 172
62 192
62 204
62 236
62 263
62 279
62 315
63 279
64 105
65 122
65 125
65 234
66 158
66 163
66 201
66 226
66 234
67 123
67 126
67 175
68 73
68 90
68 144
68 187
68 220
68 235
69 149
69 165
69 238
70 95
70 109
70 122
70 126
70 201
70 238
70 299
71 159
71 309
72 88
72 99
72 125
72 237
72 249
72 314
73 78
73 84
73 96
73 127
73 175
73 184
73 217
73 220
73 224
73 235
73 288
74 76
74 112
74 125
74 171
74 204
74 212
74 232
75 84
75 134
75 144
75 160
75 183
75 196
75 206
75 255
75 272
75 305
76 77
76 83
76 88
76 99
76 110
76 125
76 126
76 234
76 253
76 267
76 276
76 278
76 293
77 89
77 95
77 99
77 106
77 120
77 128
77 134
77 158
77 160
77 174
77 183
77 201
77 207
77 267
77 286
78 100
78 158
78 278
79 135
79 166
79 242
79 266
79 309
80 124
80 160
80 219
80 310
81 98
81 106
81 122
81 129
81 143
81 263
82 158
82 309
83 93
83 213
84 129
84 156
84 219
84 226
85 99
85 123
85 214
85 218
85 219
85 233
85 257
86 99
86 123
86 177
86 222
86 223
86 234
86 243
86 267
87 92
87 189
87 235
88 235
88 279
89 95
89 99
89 100
89 103
90 112
90 158
90 169
90 181
90 189
90 200
90 225
90 233
90 235
90 266
90 267
91 119
91 124
91 126
91 135
91 166
92 195
92 270
92 273
93 132
93 155
93 204
93 219
94 110
95 122
95 129
95 147
95 195
95 226
95 229
95 257
95 304
96 127
96 153
96 197
96 295
97 115
97 152
98 117
98 142
98 212
98 228
98 305
98 309
99 119
99 127
99 134
99 139
99 154
99 158
99 160
99 168
99 173
99 185
99 215
99 220
99 226
99 234
99 236
99 256
99 266
100 107
100 121
100 133
100 141
100 149
100 159
100 165
100 182
100 183
100 189
100 216
100 219
100 233
100 234
100 238
100 303
101 141
102 110
102 135
102 232
103 224
103 252
103 306
104 110
104 118
104 119
104 212
104 223
105 120
105 199
105 201
105 309
106 121
106 137
106 163
106 165
106 176
106 232
106 283
107 135
107 183
107 185
107 206
107 235
108 123
108 128
108 185
108 286
108 298
109 221
110 120
110 125
110 134
110 135
110 164
110 201
110 232
110 299
111 186
111 189
111 221
111 232
111 290
111 309
112 127
112 162
112 174
112 224
112 232
113 132
113 168
114 309
115 124
115 143
115 179
115 191
115 232
115 271
115 302
116 266
117 165
117 207
117 220
117 235
118 175
118 179
119 144
119 241
119 309
120 121
120 123
120 125
120 154
120 244
121 122
121 132
121 133
121 155
121 161
121 199
121 203
121 233
121 266
121 279
121 288
121 297
121 315
122 123
122 126
122 133
122 134
122 137
122 139
122 165
122 197
122 202
122 204
122 206
122 214
122 215
122 218
122 219
122 223
122 232
122 241
122 247
122 259
122 274
122 279
122 296
122 309
122 311
123 126
123 127
123 128
123 131
123 138
123 143
123 159
123 160
123 180
123 188
123 226
123 231
123 232
123 233
123 237
123 243
123 245
123 249
123 266
123 274
123 279
123 286
123 292
124 127
124 132
124 133
124 154
124 155
124 157
124 159
124 183
124 187
124 192
124 193
124 197
124 204
124 233
124 234
124 241
124 255
124 260
124 266
124 267
124 269
124 272
124 309
124 313
125 129
125 139
125 144
125 155
125 158
125 160
125 168
125 169
125 172
125 188
125 189
125 216
125 220
125 226
125 240
125 278
126 129
126 133
126 134
126 143
126 144
126 168
126 173
126 181
126 187
126 199
126 232
126 252
126 263
126 269
126 278
126 292
127 129
127 148
127 152
127 160
127 165
127 169
127 221
127 223
127 237
127 252
127 258
127 271
127 278
127 283
127 293
127 297
127 298
127 304
128 129
128 144
128 148
128 183
128 186
128 197
128 199
128 200
128 221
128 223
128 233
128 235
128 296
128 299
128 304
129 131
129 134
129 142
129 149
129 174
129 225
129 233
129 234
129 241
129 265
129 279
129 309
130 192
130 269
131 132
131 160
132 202
132 233
133 135
133 150
133 231
133 304
134 146
134 166
134 192
134 193
134 200
134 204
134 233
134 256
134 257
134 266
134 286
134 288
135 195
136 173
137 140
137 201
137 221
137 238
137 266
137 273
138 168
138 233
138 273
139 178
139 185
139 232
139 268
139 292
139 305
140 160
140 187
140 199
140 232
140 234
140 304
141 197
141 210
141 221
142 157
142 233
142 234
142 273
143 219
143 271
144 163
144 189
144 198
144 293
147 149
147 193
147 198
147 227
147 232
147 233
147 237
147 309
148 215
148 286
149 204
150 216
150 253
151 182
151 187
151 223
151 246
151 304
152 173
152 279
153 232
154 203
154 240
154 309
156 219
156 225
156 226
157 207
157 226
157 240
157 262
158 168
158 173
158 201
158 235
160 180
160 232
160 252
160 304
161 206
161 219
161 257
162 204
162 241
162 309
163 192
163 206
163 264
163 285
163 309
164 204
164 210
164 263
165 193
165 216
165 224
165 234
165 271
166 177
166 223
166 243
166 274
167 226
168 186
168 231
168 237
168 257
168 279
169 201
170 192
170 212
170 271
170 279
171 269
172 304
172 311
173 200
173 202
173 276
174 200
174 227
174 264
175 210
175 218
175 233
177 247
178 245
178 267
179 189
179 241
180 232
180 279
182 186
182 232
183 234
185 186
185 202
185 228
185 233
185 241
185 252
186 216
188 204
189 210
189 264
192 227
192 267
192 309
193 219
193 274
193 299
195 221
195 236
195 246
196 234
198 234
198 261
199 256
199 266
199 275
199 285
200 209
201 221
201 229
201 257
201 304
201 313
202 288
202 290
203 226
204 214
204 232
204 233
204 235
204 255
204 303
205 221
205 275
206 209
206 218
206 231
206 288
207 208
207 241
207 295
208 215
208 271
209 279
209 309
210 309
212 233
212 240
214 314
215 219
215 232
217 224
217 235
218 236
218 261
218 266
219 232
219 236
219 237
219 284
219 296
220 225
220 290
220 293
221 238
221 264
223 232
223 234
223 275
224 232
224 283
225 243
226 230
226 232
226 234
226 246
226 291
226 309
227 232
227 234
227 249
227 267
228 258
228 261
229 310
230 247
232 240
232 258
232 271
233 235
233 259
233 264
233 271
233 279
233 314
234 257
234 259
234 267
234 271
234 279
234 286
234 292
234 304
234 309
235 245
235 272
235 304
235 309
235 315
236 309
237 279
238 247
238 266
238 298
240 271
240 304
241 245
241 276
241 277
241 279
241 291
241 301
241 304
242 263
246 252
246 264
249 261
251 264
252 279
259 295
261 271
262 302
264 287
266 282
267 271
268 279
268 284
271 285
279 296
279 304
280 288
296 309
