0 59
0 125
0 252
0 309
1 11
1 37
1 231
2 37
2 72
2 88
2 95
2 209
2 230
2 267
2 278
3 6
3 54
3 84
3 104
3 163
3 188
3 233
3 271
3 280
4 127
4 128
4 129
4 131
4 134
4 222
4 252
5 15
5 31
5 65
5 85
5 92
5 98
5 99
5 103
5 121
5 122
5 127
5 175
5 186
5 187
5 200
5 218
5 276
6 22
6 76
6 99
6 112
6 127
6 128
6 192
6 233
6 246
6 279
6 309
7 14
7 28
7 67
7 90
7 142
7 143
7 173
7 192
7 201
7 233
7 278
7 279
7 313
8 100
8 123
8 124
8 198
9 51
9 73
9 121
9 135
9 180
9 309
10 24
10 40
10 51
10 75
10 83
10 128
10 129
10 135
10 144
10 181
10 201
10 230
10 259
10 301
11 70
11 72
11 78
11 143
12 126
12 168
12 196
13 41
13 70
13 196
13 219
13 234
13 286
14 92
14 135
14 167
14 226
14 232
14 262
15 20
15 42
15 100
15 234
16 69
16 126
17 83
17 106
17 129
17 139
17 153
17 275
18 29
18 68
18 144
18 163
18 180
18 235
19 56
19 104
19 124
19 233
20 44
20 61
20 137
20 138
20 219
20 277
20 279
20 297
21 204
22 124
22 172
22 186
22 218
23 166
23 191
23 223
23 235
23 257
23 279
24 80
24 181
24 218
24 219
24 266
24 304
25 123
25 220
25 232
26 60
26 62
26 158
27 128
28 122
28 232
28 234
28 279
28 304
29 89
29 124
29 139
29 201
29 234
29 275
29 288
29 304
31 76
31 204
31 223
32 76
32 96
32 104
32 110
32 141
32 160
32 221
32 224
32 312
33 35
33 62
33 127
33 287
34 41
34 107
34 137
34 201
34 247
34 253
35 45
35 95
35 128
35 157
35 179
35 204
35 216
35 267
36 46
36 63
36 106
36 125
36 127
36 132
36 209
36 220
36 233
36 266
36 312
37 40
37 88
37 90
37 125
37 154
37 180
37 219
37 260
38 129
38 157
38 165
38 179
38 182
38 235
39 55
39 59
39 90
39 96
39 116
39 129
39 180
39 236
40 45
40 75
40 76
40 111
40 120
40 125
40 173
40 193
40 204
40 223
40 259
40 286
40 289
41 81
41 115
41 122
41 266
41 282
41 303
41 310
42 102
42 115
42 128
42 143
42 160
42 215
42 221
42 234
42 239
43 110
43 124
44 127
44 184
45 68
45 138
46 125
46 127
46 226
47 121
47 162
48 91
48 101
49 99
49 120
49 123
49 129
49 191
49 192
49 215
49 274
50 84
50 180
51 121
51 122
51 125
51 140
51 156
52 153
52 172
52 177
52 204
52 206
52 226
52 238
52 275
53 166
53 273
54 77
54 125
54 168
54 187
54 220
54 233
54 264
54 279
54 310
55 107
55 133
55 163
55 164
55 166
56 76
56 103
56 240
56 241
57 71
57 95
57 99
57 110
57 166
57 216
57 233
57 304
57 309
57 312
58 73
58 238
59 122
59 124
59 138
59 165
59 183
59 241
59 279
60 128
60 214
60 224
61 74
61 111
62 96
62 219
62 262
62 267
62 279
63 100
63 125
64 137
65 126
65 140
65 173
66 89
66 98
66 103
66 124
66 214
66 241
66 283
67 95
67 160
68 125
68 135
68 206
68 261
68 266
69 113
69 116
69 129
69 199
70 123
70 226
70 232
70 237
71 122
71 123
71 131
72 100
72 126
72 134
72 191
72 296
73 111
73 126
73 183
73 192
73 219
73 225
73 236
73 247
73 279
74 141
74 192
75 83
75 85
75 100
75 177
75 230
75 234
75 235
75 286
76 81
76 86
76 91
76 96
76 99
76 102
76 121
76 124
76 139
76 140
76 157
76 210
76 233
76 249
76 259
76 280
77 125
77 127
77 180
77 182
77 187
77 203
77 204
77 208
77 209
77 259
77 260
77 272
78 100
78 105
79 195
79 200
79 268
79 279
80 123
80 126
80 162
80 199
80 216
80 282
80 306
81 105
81 134
81 143
81 163
81 165
81 265
81 268
82 139
82 153
82 161
83 126
83 127
83 194
83 201
84 100
84 116
84 154
84 168
84 201
84 232
84 238
84 245
84 247
84 269
84 274
84 276
85 122
85 126
85 127
85 199
85 286
85 304
86 102
86 103
86 128
86 134
86 264
86 309
86 315
87 192
87 209
87 243
87 246
87 288
88 128
88 200
89 100
89 123
89 309
90 106
90 134
90 155
90 201
90 202
90 226
90 238
90 243
90 278
90 305
91 113
91 124
91 126
91 229
92 235
93 128
93 190
94 115
94 174
94 204
94 225
95 121
95 123
95 124
95 126
95 145
95 236
95 266
95 304
96 99
96 110
96 121
96 245
97 288
98 101
98 134
98 212
98 244
98 245
98 253
98 256
98 261
98 279
99 103
99 107
99 122
99 124
99 129
99 160
99 198
99 202
99 219
99 225
99 230
99 269
100 111
100 123
100 126
100 129
100 151
100 155
100 166
100 207
100 226
100 247
100 253
101 173
101 231
101 233
101 253
101 262
101 309
102 259
104 122
104 129
104 134
104 176
104 228
104 266
105 121
105 166
105 200
105 221
105 287
105 298
106 117
106 125
106 187
106 223
106 234
106 236
106 274
107 121
107 156
107 274
108 127
108 201
108 209
108 239
108 252
108 273
109 306
110 129
110 175
110 233
110 306
111 168
111 196
111 304
112 118
112 121
112 223
112 266
114 200
115 235
115 271
116 127
116 189
117 121
117 127
117 129
117 163
117 201
117 209
117 271
118 158
118 169
118 232
119 121
119 123
119 135
119 204
120 122
120 129
120 234
121 123
121 126
121 127
121 139
121 158
121 159
121 160
121 168
121 172
121 197
121 199
121 206
121 207
121 210
121 216
121 232
121 233
121 234
121 235
121 246
121 253
121 254
121 255
121 262
121 266
121 286
122 125
122 140
122 155
122 156
122 157
122 193
122 207
122 209
122 222
122 231
122 232
122 247
122 256
122 287
122 297
122 315
123 152
123 162
123 177
123 180
123 185
123 186
123 204
123 212
123 219
123 223
123 226
123 233
123 256
123 266
123 283
123 296
123 308
124 125
124 141
124 156
124 188
124 214
124 219
124 223
124 226
124 233
124 234
124 247
124 257
124 266
124 276
124 279
124 303
124 306
125 126
125 127
125 128
125 133
125 135
125 147
125 163
125 164
125 173
125 184
125 188
125 192
125 200
125 203
125 231
125 234
125 298
125 306
126 133
126 151
126 155
126 180
126 187
126 200
126 203
126 221
126 226
126 227
126 234
126 264
126 288
126 312
127 141
127 147
127 162
127 177
127 187
127 195
127 203
127 204
127 206
127 207
127 212
127 220
127 232
127 233
127 235
127 238
127 241
127 247
127 306
128 133
128 147
128 149
128 154
128 158
128 181
128 189
128 196
128 223
128 245
128 252
128 261
128 268
129 137
129 139
129 152
129 160
129 168
129 169
129 185
129 200
129 201
129 213
129 215
129 228
129 237
129 239
129 266
129 272
129 285
129 313
129 314
130 147
130 163
130 199
130 236
130 241
131 187
131 221
131 230
131 309
132 217
132 218
132 259
134 141
134 142
134 160
134 163
134 167
134 208
134 224
134 228
134 234
134 240
135 210
135 256
135 306
136 160
137 217
137 222
137 241
137 301
137 309
138 151
138 232
138 278
139 193
139 201
139 232
139 241
140 149
140 162
141 162
141 192
141 235
141 238
142 181
142 233
143 148
143 162
143 266
143 277
144 148
144 201
145 309
146 195
146 219
146 250
147 155
147 196
147 249
149 283
151 190
151 212
151 275
152 175
152 234
152 235
152 309
153 164
153 226
154 174
155 163
155 276
155 299
156 226
156 312
157 237
158 165
158 171
158 232
158 233
158 304
159 194
159 202
160 180
160 188
160 191
160 206
160 262
160 279
161 203
161 271
162 196
162 261
162 279
163 204
163 266
164 226
164 304
165 233
165 243
166 188
166 227
166 309
168 190
170 177
171 223
171 309
172 203
173 220
173 232
173 252
173 256
174 180
174 238
174 262
174 263
174 273
174 309
174 315
175 217
176 189
176 219
176 241
176 256
176 303
177 310
178 189
179 288
180 185
180 204
180 207
180 269
180 309
181 218
181 223
181 245
182 207
183 218
183 258
183 264
184 236
185 234
185 246
185 249
185 252
185 273
185 276
186 229
186 271
186 279
187 241
188 192
188 309
189 204
189 233
189 299
190 204
190 267
191 252
192 193
192 197
193 211
193 232
193 234
194 204
194 235
195 197
195 200
195 201
195 202
195 304
196 266
197 213
197 233
197 271
198 262
199 243
199 292
199 298
199 309
200 214
200 287
201 246
201 252
201 276
201 290
201 298
202 207
203 261
203 279
204 217
204 249
204 266
204 282
204 309
205 209
206 220
207 290
207 314
208 232
208 288
208 304
209 292
210 226
210 241
210 255
212 236
212 241
212 257
212 266
212 304
215 234
215 252
217 232
218 235
218 284
219 220
219 226
219 308
220 234
221 233
221 235
221 275
222 234
223 233
224 226
225 226
225 264
226 315
227 252
227 280
228 264
229 306
231 309
232 234
232 246
232 253
232 292
232 307
233 246
233 263
233 264
233 285
233 288
233 302
233 313
234 267
234 275
234 301
234 304
234 309
234 315
235 237
235 259
235 264
235 315
236 278
236 313
237 238
237 239
238 243
240 271
241 247
241 249
243 309
243 313
244 301
247 259
248 313
250 279
253 309
255 261
255 273
257 285
258 304
259 264
260 302
262 266
262 304
266 270
268 288
268 289
271 300
276 309
278 309
279 291
279 297
291 300
296 315
297 306
299 309
309 315
