0 35
0 52
0 192
1 40
1 101
1 250
2 96
2 121
2 122
2 124
2 125
2 129
2 152
2 265
3 5
3 16
3 32
3 35
3 57
3 77
3 132
3 233
3 236
3 252
4 73
4 106
4 165
4 176
4 188
4 234
4 304
4 309
4 313
5 17
5 27
5 52
5 87
5 105
5 125
5 147
5 158
5 162
5 168
5 174
5 193
5 215
5 223
5 237
5 239
5 265
5 288
5 304
6 29
6 67
6 85
6 90
6 206
6 218
6 226
6 264
6 268
7 51
7 52
7 74
7 89
7 100
7 124
7 129
7 220
7 264
8 112
8 115
8 126
9 11
9 88
9 90
9 91
9 127
10 23
10 56
10 73
10 118
10 128
10 190
10 193
10 204
10 232
10 235
10 238
10 241
10 250
10 261
10 267
10 293
11 55
11 198
11 309
12 37
12 165
12 187
12 189
12 207
13 40
13 73
13 74
13 90
13 99
13 122
13 132
13 217
13 272
13 282
14 56
14 75
14 101
14 123
14 163
14 257
15 75
15 126
15 208
15 240
16 22
16 43
16 106
16 266
17 18
17 104
17 107
17 126
17 144
17 192
17 238
17 257
18 59
18 70
18 75
18 98
18 102
18 180
19 35
19 98
20 35
20 98
20 122
20 124
20 126
20 160
20 271
21 127
21 180
22 79
22 122
22 160
22 237
22 238
22 280
22 309
23 35
23 132
23 146
23 160
23 202
23 278
23 309
24 79
24 106
24 122
24 204
24 217
24 302
25 175
26 80
26 297
27 51
27 204
27 231
28 102
28 134
28 271
29 49
29 77
29 125
29 129
29 134
29 206
29 220
29 233
29 253
30 51
30 214
31 34
31 44
31 105
31 122
31 134
31 149
32 125
32 129
33 105
33 168
33 181
33 234
33 259
33 279
33 302
34 84
34 85
34 117
34 154
34 214
35 41
35 49
35 129
35 149
35 158
35 179
35 182
35 197
35 206
35 208
35 213
35 235
35 236
36 85
36 134
36 155
36 203
36 220
36 246
36 279
37 124
37 142
37 233
37 280
37 304
38 57
38 105
38 174
38 267
39 54
39 139
39 309
40 57
40 59
40 77
40 98
40 121
40 122
40 129
40 133
40 238
40 304
41 73
41 76
41 95
41 117
41 129
41 163
41 220
41 233
42 84
42 123
42 128
42 168
42 170
42 174
42 226
42 233
42 279
42 284
43 62
43 66
43 120
43 203
44 121
44 145
44 214
45 104
45 128
45 219
45 222
45 234
45 314
46 197
47 52
47 160
48 125
48 216
48 296
49 77
49 142
49 160
49 169
49 170
49 245
49 266
50 259
50 278
51 122
51 231
51 237
51 246
52 112
52 122
52 127
52 179
52 198
52 204
52 215
52 226
52 253
52 288
53 81
53 130
53 195
53 234
53 235
53 276
54 67
54 85
54 88
54 126
54 127
54 160
54 189
54 200
55 87
55 122
55 217
56 108
56 139
56 188
56 206
56 246
56 277
56 309
56 313
57 59
57 84
57 140
57 152
57 180
57 206
57 215
57 228
57 233
58 85
58 103
58 173
58 190
58 233
58 287
59 102
59 112
59 125
59 127
59 153
59 174
59 208
59 240
59 309
60 106
60 247
61 66
61 129
61 233
61 315
62 100
62 213
63 99
63 161
63 279
64 121
64 124
65 92
65 282
66 85
66 168
66 309
67 97
67 115
67 132
67 193
67 195
67 201
67 206
67 234
67 241
67 267
68 120
68 144
68 206
68 217
68 219
68 271
68 290
69 184
69 288
70 75
70 76
70 106
70 272
70 285
71 79
71 292
72 88
72 145
72 230
72 252
72 309
73 174
73 226
73 243
73 257
73 267
73 290
73 304
74 103
74 145
74 173
74 218
75 123
75 144
75 232
75 235
75 239
75 266
76 86
76 99
76 119
76 125
76 129
76 134
76 153
76 174
76 181
76 183
76 207
76 209
76 223
76 247
76 266
76 267
76 279
77 86
77 91
77 100
77 106
77 122
77 123
77 124
77 125
77 132
77 200
77 233
77 247
77 250
77 253
77 267
77 279
78 216
78 279
79 115
79 170
80 134
80 135
80 263
80 288
81 110
81 117
81 124
81 142
81 165
81 202
81 246
82 180
82 219
83 121
83 144
83 273
84 85
84 134
84 153
84 165
84 176
84 243
84 261
84 279
84 286
85 100
85 104
85 119
85 122
85 158
85 203
85 227
85 265
85 279
85 298
85 314
86 127
86 219
86 233
86 235
86 259
86 267
86 301
86 310
87 88
87 153
87 158
87 226
87 231
87 233
87 258
88 110
88 124
88 128
88 204
88 240
88 290
89 180
89 201
89 232
89 233
89 255
89 257
90 124
90 160
90 163
90 165
90 182
90 187
90 199
90 201
90 234
90 272
90 280
90 298
90 309
91 123
91 139
92 183
92 204
93 115
93 122
93 167
95 122
95 128
95 197
95 226
95 235
96 271
97 122
97 183
97 218
98 121
98 127
98 143
98 201
98 204
98 279
99 114
99 116
99 119
99 124
99 168
99 201
99 204
99 206
99 219
99 234
99 257
99 260
99 279
99 286
99 292
99 304
100 106
100 123
100 127
100 140
100 142
100 172
100 202
100 204
100 233
100 259
100 277
100 294
100 303
100 304
101 123
101 207
102 122
102 207
102 210
103 201
103 262
104 135
104 226
104 228
105 128
105 168
105 187
105 194
105 230
105 262
106 123
106 129
106 173
106 235
106 299
107 167
107 257
107 260
108 110
108 124
108 204
108 265
108 279
108 284
108 309
109 121
109 127
109 228
110 121
110 122
110 125
110 138
110 160
110 164
110 209
110 233
110 236
110 258
110 264
110 285
110 304
110 314
111 118
111 123
111 130
111 162
111 182
111 234
111 266
111 291
112 121
112 144
112 206
112 225
112 226
112 231
112 232
112 243
112 262
113 123
113 233
114 122
114 125
114 233
115 121
115 187
115 200
115 235
115 255
115 264
116 123
116 124
117 125
117 168
117 173
117 185
117 204
117 227
118 134
118 235
119 202
119 231
119 288
120 162
120 233
120 261
121 128
121 146
121 158
121 186
121 195
121 212
121 215
121 219
121 220
121 227
121 233
121 235
121 241
121 261
121 266
121 271
121 278
121 279
122 126
122 129
122 142
122 155
122 156
122 192
122 197
122 201
122 228
122 232
122 257
122 264
122 273
122 276
122 279
122 309
123 125
123 129
123 133
123 138
123 146
123 147
123 151
123 182
123 195
123 198
123 202
123 203
123 219
123 223
123 228
123 250
123 255
123 261
123 266
123 268
123 272
123 292
124 126
124 127
124 129
124 133
124 134
124 135
124 139
124 152
124 162
124 168
124 171
124 180
124 185
124 186
124 207
124 208
124 216
124 233
124 234
124 235
124 236
124 246
124 259
124 268
124 277
124 279
125 126
125 127
125 129
125 132
125 144
125 160
125 161
125 174
125 198
125 199
125 203
125 209
125 232
125 233
125 235
125 249
125 255
125 265
125 273
125 288
125 309
126 134
126 137
126 144
126 146
126 160
126 178
126 193
126 201
126 210
126 226
126 234
126 238
126 263
126 271
126 280
126 292
126 306
126 309
127 134
127 149
127 154
127 186
127 187
127 195
127 219
127 232
127 233
127 259
127 292
127 293
127 309
128 131
128 143
128 158
128 160
128 171
128 173
128 187
128 195
128 203
128 209
128 232
128 233
128 249
128 262
128 266
129 149
129 159
129 173
129 176
129 177
129 180
129 204
129 217
129 250
129 252
129 259
129 266
129 279
129 289
129 302
130 257
131 257
132 158
132 204
132 234
132 312
133 142
133 161
133 189
134 137
134 148
134 177
134 195
134 212
134 232
134 266
134 281
134 300
134 314
135 160
135 199
135 231
135 253
135 267
135 290
136 147
137 159
137 166
138 204
138 228
139 149
139 204
139 219
140 201
140 232
140 267
140 299
140 307
141 177
141 268
143 144
144 195
144 268
144 304
145 164
145 307
147 160
148 171
148 180
148 260
149 212
150 206
151 158
151 165
151 219
151 268
152 173
152 234
153 275
155 230
155 297
156 267
157 314
158 168
158 195
158 229
158 268
158 274
159 219
159 272
159 309
160 212
160 232
160 233
160 245
160 246
161 263
162 188
162 199
162 206
162 233
162 234
162 250
162 296
163 168
163 225
163 234
163 276
163 277
163 298
164 305
165 204
165 293
166 188
166 216
166 252
166 253
166 304
167 189
167 209
167 232
168 196
168 222
168 233
168 273
169 233
169 262
169 302
169 309
170 230
170 286
171 204
172 304
174 223
174 232
174 234
174 299
175 234
176 234
177 219
177 241
177 279
178 235
178 255
179 252
180 201
180 223
180 233
180 252
180 304
180 308
180 309
182 196
183 267
183 280
184 203
185 222
185 233
185 249
185 266
186 257
187 250
187 282
188 206
188 232
188 307
189 201
189 219
189 232
189 252
189 261
189 304
189 312
191 250
192 237
194 197
194 300
195 304
197 240
199 259
199 263
199 266
199 292
201 210
201 223
202 228
203 232
203 233
204 206
204 220
204 232
205 299
206 207
206 273
206 313
207 233
207 236
207 282
208 231
208 254
208 297
209 226
209 232
210 266
212 232
212 233
212 269
214 225
216 235
216 240
216 262
216 277
218 236
218 245
218 262
219 238
219 266
219 304
220 233
220 258
220 314
221 289
222 257
223 256
223 278
223 297
223 312
224 246
225 234
226 235
226 236
226 259
226 271
226 294
227 231
227 233
228 255
230 232
231 279
232 233
232 234
232 247
232 305
233 234
233 237
233 247
233 257
233 258
233 259
233 271
233 291
234 241
234 261
234 266
234 270
234 298
235 256
236 259
236 269
236 302
238 304
239 293
240 309
241 261
241 267
243 244
243 266
245 307
245 312
247 256
247 267
249 279
253 266
254 292
257 312
259 279
264 267
264 292
265 268
266 279
269 272
275 304
278 305
280 312
283 309
286 309
291 310
302 304
302 313
