0 19
0 43
0 93
0 123
0 127
0 137
1 13
1 89
1 125
1 212
2 100
2 104
2 121
2 124
2 134
2 236
3 27
3 41
3 42
3 74
3 230
3 247
4 35
4 77
4 99
4 111
4 121
4 124
4 126
4 178
4 181
4 202
4 217
4 244
4 296
4 304
5 14
5 26
5 79
5 85
5 115
5 204
5 218
5 226
5 243
5 244
5 249
5 263
5 266
5 273
5 313
6 47
6 66
6 76
6 126
6 195
6 197
6 199
6 245
6 283
7 16
7 25
7 100
7 121
7 123
7 178
7 183
7 232
7 264
7 280
9 129
9 140
9 195
10 21
10 83
10 105
10 117
10 124
10 224
10 236
10 264
11 18
11 106
11 125
11 137
11 161
11 234
11 278
11 288
12 99
12 119
12 127
12 131
12 162
12 218
12 234
12 247
12 271
13 105
13 212
13 266
13 273
13 299
14 77
14 100
14 102
14 147
14 188
14 208
14 279
14 282
15 124
15 163
15 204
15 206
15 207
16 124
16 132
16 150
16 201
16 245
17 22
17 59
17 76
17 106
17 121
17 126
17 214
17 226
17 243
17 252
18 38
18 39
18 169
18 209
18 217
18 234
19 23
19 90
19 123
19 143
20 28
20 38
20 41
20 125
20 160
20 246
20 258
20 264
20 295
21 35
21 40
21 61
21 126
21 137
21 201
22 28
22 29
22 101
22 128
22 220
23 115
23 116
23 128
23 129
23 200
23 240
23 285
24 77
24 98
24 125
24 160
25 158
25 218
25 233
26 121
26 126
26 158
26 201
27 46
27 125
27 188
27 189
27 206
27 271
28 90
28 98
28 121
28 125
28 173
28 266
29 45
29 56
29 77
29 117
29 124
29 129
29 169
29 197
29 202
29 207
29 269
29 278
30 275
31 138
31 226
31 272
32 64
32 77
33 55
33 67
33 195
33 272
33 273
33 304
34 40
34 67
34 95
34 99
34 110
34 258
35 40
35 56
35 84
35 132
35 139
35 160
35 223
35 234
35 235
35 241
35 258
35 280
35 288
36 51
36 54
36 59
36 122
36 124
36 155
36 159
36 225
37 121
37 122
37 223
38 94
38 107
38 219
38 226
38 261
39 59
39 96
39 98
39 122
39 266
39 299
40 54
40 73
40 78
40 121
40 180
40 187
40 195
40 201
40 226
40 291
41 88
41 122
41 129
41 174
41 177
41 202
41 204
41 232
41 291
42 56
42 78
42 204
42 262
42 279
43 299
44 125
45 117
45 312
46 83
46 89
46 226
46 235
47 170
47 267
48 99
48 103
48 104
48 204
49 52
49 125
49 133
49 195
50 99
50 123
50 128
50 146
50 185
51 98
51 126
51 127
51 235
51 272
51 273
52 72
52 77
52 99
52 123
52 127
52 133
52 196
52 223
52 225
52 246
53 125
53 203
53 212
54 61
54 121
54 124
54 165
54 219
54 239
55 75
55 85
55 117
55 124
55 219
56 83
56 114
56 126
56 128
56 168
56 200
56 243
57 66
57 73
57 74
57 83
57 99
57 128
57 151
57 252
57 305
58 156
59 75
59 80
59 123
59 127
59 128
59 143
59 234
59 270
60 85
60 175
60 241
60 268
61 123
61 158
61 162
61 201
61 236
61 285
62 99
62 123
62 129
62 130
62 286
62 295
63 304
64 127
64 158
64 189
65 179
65 268
65 299
66 86
66 129
66 241
66 273
67 126
67 160
68 138
69 131
70 84
70 103
70 124
70 127
70 140
70 216
71 124
71 263
72 126
72 143
72 147
72 153
72 176
72 218
72 222
72 246
72 263
73 91
73 144
73 184
73 204
73 231
73 309
74 206
75 112
75 121
75 123
75 124
75 162
75 176
75 207
76 104
76 105
76 122
76 128
76 183
76 192
76 202
76 232
76 233
76 234
76 241
76 261
77 113
77 122
77 126
77 127
77 129
77 148
77 160
77 173
77 179
77 186
77 198
77 202
77 217
77 234
77 240
77 241
77 246
77 253
77 254
77 288
78 134
78 135
78 160
78 235
79 125
79 128
79 235
80 84
80 252
80 261
80 279
81 106
81 123
81 199
81 206
81 222
81 223
81 279
82 125
82 140
82 166
82 174
82 268
82 274
83 90
83 122
83 228
83 243
83 278
84 145
84 250
84 279
85 90
85 95
85 100
85 108
85 128
85 134
85 145
85 174
85 217
85 231
85 233
85 279
85 292
85 307
85 309
86 125
86 126
86 135
86 141
86 166
86 174
86 234
86 240
86 265
86 267
87 207
87 241
87 245
87 279
88 129
88 216
89 90
89 93
89 100
89 124
89 130
89 133
89 139
89 217
89 226
89 233
89 276
89 309
89 312
90 129
90 134
90 167
90 172
90 209
90 216
90 226
90 232
90 234
90 241
90 246
90 261
91 106
91 124
91 156
91 202
91 235
91 241
91 249
91 267
91 304
92 102
92 180
92 288
93 137
93 210
95 96
95 135
95 137
95 156
95 219
95 221
97 126
97 128
97 231
97 288
98 122
98 139
98 180
98 187
98 215
98 235
99 103
99 106
99 122
99 125
99 126
99 134
99 144
99 165
99 189
99 224
99 239
99 259
99 266
99 267
99 313
100 111
100 123
100 126
100 128
100 130
100 150
100 183
100 214
100 221
100 232
100 233
100 235
100 246
100 258
102 124
103 226
103 235
104 125
104 134
105 241
105 312
106 122
106 124
106 233
106 255
107 177
107 181
107 188
107 234
107 238
107 266
107 278
108 140
108 247
108 266
109 126
109 226
109 255
109 264
110 124
110 155
110 181
110 210
110 239
110 241
110 288
111 123
111 215
111 271
111 309
112 125
112 126
112 131
112 182
112 278
112 293
113 127
113 220
114 158
114 163
115 123
115 206
115 235
116 122
116 236
116 286
117 126
117 127
117 172
117 218
119 122
119 261
119 309
119 314
120 208
120 226
120 235
120 259
121 123
121 127
121 135
121 143
121 158
121 166
121 168
121 199
121 219
121 234
121 235
121 241
121 252
121 271
122 124
122 126
122 128
122 133
122 135
122 137
122 152
122 153
122 155
122 179
122 194
122 202
122 226
122 245
122 260
122 274
122 282
122 283
122 286
122 292
122 302
122 312
123 125
123 126
123 128
123 129
123 144
123 149
123 160
123 185
123 193
123 212
123 219
123 227
123 234
123 235
123 238
123 241
123 257
123 272
123 309
124 127
124 129
124 147
124 154
124 155
124 162
124 164
124 216
124 221
124 225
124 232
124 234
124 237
124 238
124 245
124 247
124 271
124 272
124 286
125 136
125 144
125 147
125 185
125 193
125 195
125 200
125 202
125 206
125 216
125 217
125 255
126 129
126 135
126 154
126 162
126 163
126 180
126 198
126 206
126 216
126 226
126 231
126 232
126 234
126 238
126 240
126 247
126 258
126 280
127 128
127 139
127 167
127 183
127 200
127 203
127 217
127 218
127 235
127 251
128 129
128 131
128 141
128 169
128 178
128 180
128 232
128 233
128 235
128 243
128 272
128 277
128 284
129 134
129 137
129 181
129 242
130 173
130 174
130 225
131 269
131 312
132 188
132 241
132 259
133 157
133 185
133 233
133 235
134 180
134 188
134 230
134 232
134 236
134 257
134 258
134 261
134 269
134 306
135 139
135 165
135 218
135 226
135 232
135 241
135 265
135 274
135 315
136 141
136 216
136 232
136 288
137 162
138 158
138 185
138 217
138 283
139 188
139 253
139 288
140 160
140 168
140 226
140 285
140 304
140 308
140 311
141 160
141 219
141 288
142 233
142 297
143 169
143 188
143 226
143 235
143 247
144 180
144 189
147 153
147 199
147 216
147 223
147 226
147 280
148 235
148 315
149 169
150 187
150 193
150 298
151 159
151 162
151 174
151 204
152 160
153 171
153 235
154 266
155 209
155 240
156 266
156 298
156 299
158 189
158 204
158 233
158 266
159 247
160 175
160 207
160 235
160 264
160 271
160 279
161 204
162 182
162 195
162 219
163 191
163 207
163 218
163 219
163 236
163 304
164 232
164 238
164 241
164 271
164 304
165 183
165 292
166 204
166 234
167 234
168 193
168 200
168 232
168 252
168 268
168 282
169 268
170 234
170 298
171 203
171 233
172 192
173 204
173 269
173 287
173 302
173 304
174 233
174 307
175 186
176 228
177 302
177 309
178 209
178 230
178 234
178 309
180 203
180 235
180 256
180 264
180 285
180 286
181 195
181 235
181 237
182 232
182 290
183 204
184 315
185 188
185 221
185 226
186 208
186 221
187 208
188 246
189 197
189 203
189 204
189 213
189 233
189 260
189 275
189 285
191 232
191 248
191 288
193 312
194 219
195 234
195 259
195 279
195 304
197 313
200 224
201 234
201 284
202 203
202 211
202 232
202 297
204 212
204 218
204 235
204 237
204 249
204 252
204 292
205 210
205 234
206 286
207 265
207 278
209 265
210 235
210 259
211 237
212 221
212 297
212 314
213 261
214 263
214 267
214 271
216 266
216 273
216 279
216 291
216 312
217 221
217 232
217 235
217 278
218 300
219 229
219 234
219 235
219 237
219 245
219 254
220 277
220 286
221 256
221 297
224 279
226 255
226 271
227 277
228 235
228 268
231 235
232 246
232 249
232 253
232 261
232 303
232 304
233 234
233 238
233 247
233 248
233 279
234 235
234 237
234 249
234 262
234 304
234 313
235 239
235 241
235 247
235 253
235 258
235 265
235 299
236 241
238 241
238 268
238 273
239 246
239 265
239 269
240 288
241 269
241 271
241 275
241 314
246 294
252 264
252 268
253 259
253 264
257 279
257 309
263 297
263 306
266 273
267 289
279 314
280 304
283 309
285 298
286 313
287 292
291 309
303 309
