0 64
0 77
0 236
1 106
1 200
2 50
2 76
2 89
2 123
2 163
2 165
2 195
2 243
2 247
2 262
3 29
3 123
3 151
3 183
3 186
3 232
3 278
3 296
4 22
4 67
4 82
4 103
4 127
4 180
4 204
4 219
4 223
4 237
4 257
5 22
5 28
5 66
5 69
5 77
5 84
5 120
5 121
5 122
5 126
5 129
5 142
5 162
5 182
5 188
5 202
5 207
5 232
5 255
5 298
5 305
5 309
6 24
6 62
6 125
6 133
6 141
6 154
6 163
6 173
6 199
6 201
6 261
6 265
6 280
6 309
7 19
7 31
7 36
7 37
7 40
7 43
7 82
7 104
7 160
7 174
7 181
7 192
7 211
7 234
7 241
7 262
7 268
8 85
8 273
9 205
9 218
9 232
9 302
10 22
10 52
10 123
10 124
10 129
10 215
10 219
10 232
10 309
12 51
12 99
12 126
12 233
12 283
13 125
13 144
13 185
13 255
14 89
14 188
14 204
14 216
15 32
15 40
15 43
15 125
15 180
15 183
15 279
15 309
16 29
16 99
16 105
16 120
16 147
16 154
16 232
17 41
17 67
17 69
17 79
17 111
17 122
17 123
17 195
17 204
17 214
17 233
17 247
17 255
17 257
18 23
18 29
18 59
18 122
18 173
18 197
18 259
18 315
19 185
19 266
20 123
20 127
20 177
20 220
20 237
20 301
21 30
21 72
21 125
21 155
21 174
21 226
21 235
22 33
22 80
22 101
22 121
22 160
22 254
22 261
23 34
23 105
23 146
23 227
23 234
24 121
24 129
24 151
24 168
24 174
24 200
24 235
25 34
26 134
26 171
26 201
27 178
27 224
28 105
28 123
28 124
28 158
28 201
28 220
28 273
29 58
29 62
29 76
29 115
29 124
29 181
30 36
30 162
31 148
31 274
32 82
32 122
32 123
32 126
32 127
32 139
32 204
32 292
33 57
33 122
34 99
34 128
34 138
34 270
34 279
34 310
35 43
35 57
35 98
35 109
35 122
35 127
35 128
35 134
35 155
35 161
35 187
35 191
35 199
35 202
35 234
35 241
35 269
35 283
36 40
36 73
36 84
36 126
36 154
36 196
36 307
37 47
37 76
37 90
37 180
37 193
37 207
38 128
38 132
38 204
38 216
39 40
39 65
39 94
39 106
39 122
39 209
39 220
39 245
40 52
40 54
40 77
40 121
40 122
40 123
40 131
40 152
40 160
40 174
40 285
40 303
40 310
40 314
41 58
41 72
41 85
41 99
41 124
41 127
41 193
41 225
41 246
41 265
41 277
41 279
41 304
42 44
42 110
42 122
42 167
42 203
42 228
42 235
42 288
43 76
43 126
43 173
43 230
43 285
44 124
44 171
45 125
45 177
47 122
47 156
48 123
49 123
49 125
49 140
49 221
50 99
50 100
50 125
50 260
51 115
51 133
51 283
52 64
52 66
52 111
52 120
52 123
52 169
52 176
52 203
52 238
52 267
53 99
53 210
53 235
54 59
54 122
54 203
55 121
55 123
55 153
55 219
55 236
55 283
56 105
56 192
56 213
56 252
56 259
56 292
56 313
57 81
57 128
57 129
57 139
57 155
57 158
57 166
57 168
57 203
57 232
59 127
59 134
59 205
60 174
60 192
60 283
61 115
61 123
61 195
61 215
61 237
61 248
61 261
62 122
62 148
62 232
62 251
62 299
64 207
64 214
64 234
65 169
65 180
66 75
66 99
66 143
66 171
66 220
66 259
66 310
67 121
67 124
67 270
68 116
68 183
68 201
68 255
69 98
69 123
69 124
69 219
69 239
70 74
70 191
70 220
70 233
70 235
70 304
71 76
71 123
71 125
71 167
71 185
71 216
72 78
72 246
72 267
73 125
73 172
74 123
74 139
74 189
74 204
74 210
75 108
75 121
75 126
75 195
75 211
75 245
75 301
76 89
76 105
76 107
76 117
76 129
76 174
76 204
76 253
76 259
76 287
77 100
77 106
77 123
77 124
77 125
77 141
77 204
77 209
77 236
77 238
77 252
77 309
78 180
78 291
79 121
79 235
79 278
79 310
80 120
80 124
80 201
80 213
80 226
80 247
80 288
80 309
81 85
81 115
81 126
81 138
81 157
81 282
82 84
82 128
82 144
82 163
82 226
82 234
83 90
83 133
83 158
83 186
84 129
84 132
85 105
85 120
85 121
85 128
85 129
85 146
85 155
85 172
85 192
85 199
85 232
85 243
86 124
86 192
87 257
88 126
88 218
88 250
89 121
89 122
89 123
89 125
89 200
89 208
89 309
90 95
90 96
90 107
90 117
90 125
90 232
90 241
90 273
90 284
91 219
91 260
92 235
93 99
93 124
93 180
93 192
94 201
95 173
95 219
95 232
95 238
95 256
96 121
96 160
96 249
96 251
97 163
97 192
97 222
97 232
97 266
98 130
98 166
98 216
98 251
98 263
99 122
99 125
99 130
99 149
99 164
99 181
99 200
99 220
99 235
99 266
99 308
100 106
100 123
100 134
100 158
100 179
100 195
100 227
100 231
100 233
100 240
100 246
101 123
101 125
101 127
101 143
101 269
102 108
102 207
102 266
103 112
103 232
104 220
105 122
105 123
105 134
105 151
105 246
105 249
106 115
106 123
106 144
106 195
106 204
106 223
106 232
106 234
107 177
108 198
108 204
110 116
110 117
110 134
110 158
110 224
110 264
110 279
111 157
111 166
111 170
111 218
111 226
111 266
112 132
112 145
113 166
113 177
113 235
114 121
114 200
114 233
115 121
115 147
115 189
115 279
116 123
116 264
116 267
117 125
117 129
117 237
117 257
117 259
117 271
118 124
118 232
119 133
119 134
119 174
119 266
121 122
121 124
121 125
121 127
121 166
121 168
121 175
121 189
121 192
121 195
121 199
121 200
121 204
121 206
121 210
121 226
121 232
121 234
121 238
121 247
121 264
122 123
122 124
122 128
122 134
122 157
122 158
122 160
122 165
122 168
122 174
122 180
122 207
122 210
122 219
122 234
122 255
122 257
122 261
122 279
122 286
122 309
123 127
123 129
123 134
123 172
123 176
123 192
123 198
123 205
123 206
123 227
123 233
123 234
123 248
123 292
123 309
124 148
124 174
124 181
124 188
124 200
124 203
124 212
124 214
124 215
124 221
124 225
124 235
124 236
124 253
124 264
124 266
124 271
124 299
124 304
124 308
125 126
125 139
125 157
125 158
125 164
125 180
125 188
125 204
125 211
125 219
125 231
125 238
125 241
125 264
125 302
125 304
126 127
126 128
126 129
126 132
126 134
126 140
126 158
126 162
126 183
126 185
126 195
126 200
126 201
126 202
126 206
126 212
126 221
126 230
126 232
126 256
126 257
126 266
126 271
126 279
126 314
127 128
127 133
127 152
127 155
127 156
127 161
127 166
127 173
127 188
127 198
127 219
127 252
127 257
127 279
127 290
127 306
128 132
128 140
128 147
128 149
128 152
128 155
128 167
128 169
128 181
128 189
128 195
128 198
128 201
128 204
128 220
128 221
128 241
128 257
128 280
128 291
128 294
128 298
129 131
129 137
129 159
129 163
129 169
129 177
129 185
129 189
129 204
129 206
129 219
129 233
129 253
129 265
129 266
129 274
129 277
129 304
129 310
130 181
131 172
131 226
132 137
132 259
132 286
133 210
133 249
134 160
134 168
134 183
134 192
134 210
134 218
134 232
134 241
134 250
134 266
134 279
134 303
135 158
135 159
135 160
135 161
135 234
135 287
137 148
137 174
137 245
137 293
137 307
138 309
139 197
139 226
139 227
139 232
140 162
140 195
140 206
141 148
141 154
141 180
142 206
142 261
143 180
143 261
144 191
144 228
144 266
145 212
145 234
145 314
146 196
147 188
147 232
148 232
148 234
149 222
150 161
150 204
150 235
151 220
153 210
154 203
154 220
154 259
155 202
155 210
155 224
155 261
155 266
155 279
156 226
157 219
158 164
158 189
158 269
158 285
159 173
159 204
159 232
160 170
160 174
160 185
160 200
160 201
160 233
160 255
160 297
160 305
161 218
162 203
162 235
162 241
164 204
165 219
165 243
166 220
166 276
168 188
168 266
169 199
169 203
169 233
169 234
169 304
170 187
170 239
170 279
170 297
171 173
171 188
172 195
173 182
173 188
174 176
174 191
174 204
174 223
174 232
174 234
174 235
174 309
175 232
175 276
176 177
177 180
177 188
177 294
180 192
180 202
180 206
180 208
180 212
180 232
180 235
180 274
180 279
180 304
180 309
182 229
185 200
185 258
186 233
186 275
187 199
187 233
188 259
188 313
190 272
191 214
191 264
192 212
192 234
193 203
194 243
195 204
195 207
195 216
195 235
195 237
195 254
195 266
195 304
197 205
197 206
197 238
199 204
200 216
200 247
200 291
201 241
201 292
201 296
202 204
202 206
202 232
202 257
203 232
204 207
204 214
204 225
204 227
204 232
204 246
204 278
204 279
204 288
204 304
205 220
206 207
206 229
206 234
206 241
206 279
207 234
207 257
208 290
209 223
209 235
210 267
214 275
214 279
216 267
217 304
218 219
218 233
218 253
218 266
218 311
219 241
219 249
219 250
219 266
219 280
220 277
222 250
222 267
223 226
223 232
223 255
223 269
223 293
223 297
223 298
224 251
225 232
226 229
226 233
226 241
226 259
226 264
226 267
228 257
229 279
230 309
232 237
232 238
232 266
232 288
232 292
232 296
232 300
232 309
232 314
233 235
233 246
233 263
233 264
233 280
233 292
233 298
233 309
234 236
234 241
235 260
235 263
235 279
235 288
236 248
236 297
239 289
240 269
241 266
241 275
241 283
242 308
243 259
243 285
243 302
246 252
246 276
247 277
247 310
248 266
252 266
252 279
254 307
254 309
257 280
258 315
259 286
260 271
262 286
263 285
264 279
264 295
265 280
265 304
266 292
267 277
271 279
272 280
274 309
279 286
291 301
292 309
312 314
