0 33
0 122
0 123
0 129
0 279
0 309
1 69
1 90
1 142
1 169
1 195
1 274
2 89
2 99
2 111
2 124
2 126
2 141
2 169
2 239
2 261
3 7
3 13
3 123
3 219
3 313
4 41
4 51
4 130
4 136
4 180
5 36
5 41
5 99
5 119
5 120
5 122
5 124
5 127
5 129
5 135
5 137
5 148
5 187
5 219
5 233
5 241
5 251
5 266
5 279
6 18
6 22
6 44
6 59
6 90
6 127
6 163
6 170
6 180
6 220
6 241
6 266
6 276
6 309
6 313
7 39
7 71
7 90
7 116
7 122
7 124
7 127
7 134
7 204
7 228
7 234
8 141
8 147
8 197
8 207
8 235
9 36
9 93
9 178
9 180
10 20
10 46
10 85
10 95
10 135
10 151
11 110
11 133
11 207
11 212
11 221
11 241
12 35
12 36
12 76
12 129
12 194
12 203
12 266
12 276
13 77
13 117
13 123
13 129
13 204
13 205
13 216
13 230
13 233
13 262
13 288
14 177
14 198
14 233
15 17
15 72
15 99
15 106
15 126
15 153
15 192
15 238
16 26
16 40
16 144
16 183
16 202
16 232
16 252
16 266
17 35
17 66
17 76
17 122
17 133
17 155
17 187
17 203
17 253
17 257
17 272
17 277
17 305
18 100
18 207
18 219
18 268
19 129
19 197
19 295
20 71
20 99
20 154
20 176
20 274
21 88
21 162
21 200
22 182
22 204
22 234
23 25
23 73
23 100
23 123
23 125
23 127
23 152
23 181
23 219
23 223
23 229
23 250
24 41
24 70
24 81
24 95
24 127
24 151
24 217
24 235
24 261
24 264
25 149
26 36
26 124
26 126
26 197
26 293
27 85
27 90
27 159
27 172
27 236
27 271
27 304
28 66
28 93
28 140
28 168
28 182
28 224
28 231
28 234
28 259
29 50
29 100
29 111
29 121
29 273
29 298
30 140
30 144
31 257
31 279
32 36
32 74
32 128
32 167
32 215
33 62
33 92
33 163
33 193
33 209
33 232
33 237
34 40
34 99
34 100
34 169
34 202
35 66
35 69
35 70
35 76
35 84
35 85
35 105
35 122
35 123
35 127
35 157
35 181
35 201
35 215
35 239
35 261
35 279
35 308
35 315
36 38
36 39
36 40
36 117
36 125
36 148
36 172
36 197
36 214
36 234
36 271
36 305
37 60
37 112
37 117
37 120
37 125
37 140
37 153
37 160
37 161
37 192
37 195
38 86
38 114
38 191
38 211
39 71
39 110
39 131
39 154
39 204
39 249
39 294
40 42
40 76
40 81
40 89
40 100
40 105
40 125
40 134
40 171
40 175
40 208
40 224
40 260
40 266
41 102
41 120
41 148
41 158
41 162
41 193
41 250
42 90
42 122
42 197
42 235
42 238
42 284
43 123
43 128
43 222
43 235
44 77
44 255
44 313
45 95
45 128
45 158
46 98
46 125
47 171
48 125
49 102
49 121
49 189
49 217
49 232
49 278
51 68
51 124
51 153
51 197
51 204
51 220
51 225
51 226
51 229
51 232
51 279
51 286
51 289
52 125
52 166
52 168
52 208
52 235
52 302
52 304
52 306
53 74
53 112
53 124
53 127
53 180
53 253
54 62
54 157
54 206
54 263
54 266
55 95
55 99
55 106
55 115
55 122
55 127
55 183
55 226
55 285
56 76
56 172
56 222
56 269
57 72
57 125
57 126
57 216
57 259
57 301
58 125
58 153
58 235
59 77
59 79
59 104
59 120
59 121
59 122
59 204
59 223
59 233
59 234
59 252
60 134
60 195
60 228
61 72
61 77
61 165
61 192
61 226
61 230
62 85
62 86
62 125
62 221
62 236
62 259
64 163
64 173
65 132
65 309
66 90
66 123
66 234
66 283
67 86
67 110
67 111
67 126
67 138
67 157
67 169
67 226
67 268
68 124
68 147
68 267
69 77
69 102
70 72
70 119
70 296
71 90
71 139
71 151
71 163
72 108
72 110
72 212
72 249
73 89
73 153
73 193
73 226
73 227
73 241
73 278
73 279
73 309
74 123
74 152
74 193
74 304
75 84
75 124
75 147
75 167
75 177
75 227
75 309
76 80
76 90
76 128
76 144
76 166
76 172
76 176
76 214
76 226
76 235
76 255
77 85
77 86
77 102
77 108
77 110
77 121
77 122
77 124
77 125
77 134
77 169
77 232
77 233
77 249
78 108
78 124
78 253
78 257
78 266
79 138
79 166
79 168
79 217
79 259
79 277
80 87
80 123
81 189
81 312
82 306
83 119
83 124
83 125
83 180
83 309
84 100
84 126
84 253
84 304
85 101
85 126
85 128
85 160
85 163
85 189
85 202
85 241
85 304
86 89
86 157
86 189
86 233
86 240
87 121
87 180
87 190
87 265
87 313
88 99
88 110
89 122
89 149
89 188
89 219
89 235
90 103
90 111
90 134
90 155
90 167
90 175
90 200
90 206
90 233
90 235
90 247
90 259
91 129
91 162
91 235
91 271
91 293
92 126
92 309
93 181
93 188
93 205
93 208
94 163
95 153
95 170
95 215
95 266
95 314
96 122
96 137
96 234
96 241
96 311
97 121
97 124
97 197
97 247
98 178
98 183
98 203
98 279
98 298
98 309
99 126
99 131
99 135
99 197
99 220
99 231
99 262
99 276
99 286
99 307
100 121
100 122
100 123
100 128
100 140
100 144
100 147
100 160
100 170
100 177
100 197
100 198
100 204
100 209
100 212
100 250
101 123
101 125
101 304
101 308
102 105
102 197
102 200
102 246
102 249
103 195
103 259
104 105
104 124
104 201
104 215
104 234
104 268
105 111
105 125
105 137
105 170
106 125
106 135
106 170
106 200
106 260
107 147
107 169
107 180
107 223
107 259
107 268
107 291
108 121
108 122
108 151
108 172
109 233
109 245
109 250
110 123
110 126
110 162
110 171
110 232
110 234
110 274
111 126
111 233
111 297
112 117
112 120
112 123
112 126
112 165
112 304
113 207
114 279
115 132
115 138
115 185
115 204
115 236
115 296
116 287
117 122
117 127
117 137
117 139
117 145
117 160
117 165
117 168
117 173
117 189
117 201
118 135
119 304
120 292
121 125
121 126
121 130
121 139
121 153
121 202
121 204
121 207
121 232
121 245
121 263
121 265
121 278
121 286
122 127
122 135
122 139
122 141
122 166
122 181
122 202
122 207
122 218
122 222
122 225
122 229
122 231
122 235
122 238
122 266
122 279
122 286
122 297
122 312
123 126
123 134
123 148
123 155
123 173
123 185
123 201
123 206
123 207
123 219
123 240
123 247
123 253
123 257
123 270
123 291
123 299
124 125
124 127
124 129
124 140
124 163
124 185
124 192
124 202
124 218
124 226
124 232
124 245
124 259
124 263
124 266
124 279
124 286
124 304
124 312
125 126
125 128
125 129
125 145
125 147
125 169
125 206
125 226
125 233
125 241
125 256
125 266
125 293
126 147
126 153
126 168
126 174
126 207
126 227
126 232
126 240
126 246
126 286
126 315
127 131
127 180
127 197
127 199
127 201
127 232
127 233
127 285
127 304
128 141
128 215
128 220
128 237
128 264
128 266
129 130
129 134
129 153
129 155
129 190
129 223
129 245
129 263
129 293
129 315
130 162
130 201
130 204
130 222
130 288
131 158
131 171
131 186
131 255
131 266
131 267
131 271
132 134
132 138
132 163
132 180
132 212
133 190
134 155
134 158
134 198
134 235
134 238
134 246
134 266
134 279
135 142
135 158
135 222
135 232
135 233
135 236
135 266
135 277
135 279
137 170
138 232
138 234
138 263
139 185
139 196
139 226
139 238
139 239
139 266
139 287
139 290
139 296
140 173
140 175
140 232
140 235
142 186
143 162
143 182
143 195
143 210
143 304
143 309
144 157
144 183
144 195
144 201
144 255
144 271
145 268
146 199
146 241
146 259
148 159
148 197
148 238
149 168
149 219
149 233
149 266
151 178
151 185
151 199
151 205
151 220
151 241
152 180
152 270
153 204
154 226
154 266
154 271
155 160
155 220
156 215
156 252
156 266
156 286
157 304
158 163
158 185
158 203
158 210
159 201
160 199
160 219
160 221
160 226
160 271
160 304
161 222
161 226
162 196
162 199
162 231
162 241
162 246
162 265
162 309
163 219
165 168
165 218
165 231
165 238
165 247
166 174
166 209
166 223
166 232
166 278
167 173
167 247
167 252
167 265
168 204
168 221
168 313
168 314
169 217
169 228
169 234
170 206
170 221
170 247
170 273
171 273
171 307
173 298
174 232
174 292
174 299
175 178
175 183
175 304
176 211
176 214
176 233
177 195
177 197
177 271
178 202
179 232
179 296
180 253
180 262
182 204
182 252
182 302
183 243
183 266
185 226
185 233
186 232
186 285
187 243
187 262
187 314
188 264
188 269
188 304
189 192
189 205
189 243
189 283
189 307
190 309
192 274
193 235
193 309
195 204
195 222
195 247
195 312
197 225
197 235
197 264
198 238
198 241
198 273
199 219
199 260
200 204
200 226
200 304
202 228
203 269
204 219
204 223
204 228
204 271
204 280
204 302
205 292
206 219
206 237
206 261
207 219
207 223
207 226
207 231
208 219
209 258
210 233
210 269
212 241
212 273
213 253
214 309
215 218
215 233
215 301
216 225
216 247
217 233
217 259
217 264
218 257
218 298
219 224
219 236
219 239
220 275
220 279
222 231
222 296
223 287
224 233
224 240
225 257
225 262
225 274
225 296
226 228
226 234
226 243
226 267
226 313
227 242
227 286
230 255
231 246
231 252
231 302
232 236
232 247
232 252
232 259
232 266
232 279
232 313
233 259
233 265
233 287
233 304
234 250
234 272
234 299
235 262
235 285
236 237
237 304
237 308
238 304
239 244
239 308
240 283
241 314
243 304
245 259
245 283
246 261
246 274
246 283
246 313
251 295
252 273
253 278
261 279
262 304
264 292
264 309
265 268
266 277
266 279
266 309
267 271
268 308
275 313
277 289
277 298
278 279
279 282
279 289
282 292
283 303
283 313
286 291
286 308
292 302
305 306
