0 75
0 137
0 219
1 35
1 62
1 236
1 278
2 7
2 21
2 29
2 31
2 67
2 117
2 122
2 123
2 128
2 155
2 213
2 248
2 255
3 16
3 23
3 39
3 185
3 286
4 20
4 61
4 66
4 79
4 90
4 103
4 121
4 125
4 151
4 162
4 234
4 262
4 309
5 27
5 58
5 66
5 77
5 107
5 153
5 160
5 185
5 188
5 197
5 261
5 288
5 302
6 15
6 57
6 68
6 96
6 123
6 127
6 201
6 246
6 250
6 292
6 298
7 37
7 48
7 59
7 73
7 74
7 120
7 129
7 133
7 174
7 191
7 232
7 233
7 234
7 296
8 90
9 23
9 122
9 175
9 292
10 15
10 17
10 23
10 65
10 86
10 89
10 125
10 150
10 231
10 233
10 234
10 304
11 206
11 234
11 311
12 59
12 165
13 174
13 212
13 234
13 266
13 272
13 279
14 32
14 56
14 120
14 193
15 35
15 125
15 163
15 206
16 52
16 117
16 121
16 259
17 99
17 100
17 105
17 110
17 112
17 121
17 140
17 160
17 210
17 232
17 274
18 52
18 123
18 127
18 195
18 197
18 234
18 273
19 32
19 40
20 104
20 219
20 221
20 235
20 266
20 288
21 105
21 126
21 156
21 233
21 280
21 309
22 34
22 123
22 193
22 250
23 52
23 72
23 98
23 99
23 108
23 123
23 125
23 136
23 149
23 163
23 185
23 199
23 235
23 272
24 59
24 106
24 125
24 145
24 206
24 207
25 89
25 92
25 144
25 160
25 266
26 59
26 307
27 204
27 267
27 304
28 36
28 54
28 86
28 95
28 100
28 187
28 243
29 41
29 82
29 129
29 185
29 279
30 39
30 125
30 155
30 232
30 268
32 42
32 76
32 95
32 121
32 139
32 144
32 234
32 239
33 39
34 41
34 127
34 178
34 204
35 41
35 54
35 59
35 77
35 104
35 105
35 117
35 129
35 141
35 149
35 181
35 185
35 189
35 202
35 217
35 223
35 232
35 233
35 236
35 286
35 291
36 99
36 126
36 162
36 168
36 222
36 232
36 274
36 304
37 110
37 114
37 140
37 163
37 173
37 308
38 114
38 129
39 98
39 121
39 125
39 128
39 233
39 257
40 41
40 52
40 72
40 97
40 115
40 125
40 131
40 137
40 162
40 196
40 197
40 220
40 248
40 279
40 304
41 84
41 110
41 123
41 195
41 219
41 223
41 235
41 252
41 280
42 66
42 86
42 89
42 105
42 166
42 210
42 223
42 275
42 308
43 260
44 179
44 309
45 115
45 122
45 311
46 226
46 264
46 309
47 125
48 165
49 59
49 90
49 95
49 111
49 129
49 234
49 252
49 315
50 122
50 273
51 100
51 126
51 236
52 80
52 90
52 99
52 122
52 126
52 127
52 134
52 145
52 166
52 201
52 204
52 216
52 240
52 271
52 296
53 122
53 151
53 204
54 56
54 141
54 163
54 197
54 241
55 77
55 91
55 117
55 123
55 153
55 214
55 232
55 304
56 117
56 135
56 204
56 233
56 235
56 289
57 113
57 126
57 162
57 181
57 234
57 241
57 313
58 122
59 76
59 81
59 90
59 115
59 126
59 134
59 137
59 141
59 145
59 180
59 259
59 275
60 95
61 93
61 191
61 220
61 226
61 243
61 258
61 260
62 72
62 266
63 182
63 309
64 70
64 235
64 273
65 124
65 128
65 142
65 206
65 221
65 234
66 100
66 117
66 121
66 132
66 153
66 171
67 80
67 126
67 155
67 166
67 257
67 301
68 309
69 115
69 226
70 72
70 97
70 259
70 288
71 120
71 191
71 204
71 226
71 266
72 85
72 110
72 181
72 224
72 235
72 255
72 286
73 76
73 126
73 127
73 168
73 194
73 200
73 204
73 213
73 257
74 105
74 117
74 134
74 160
74 182
74 234
74 280
75 76
75 111
75 121
75 125
75 134
75 142
75 151
75 219
75 305
76 77
76 82
76 84
76 99
76 117
76 123
76 125
76 186
76 216
76 223
76 238
76 253
76 279
76 291
77 90
77 122
77 128
77 144
77 162
77 173
77 236
77 258
78 127
78 232
79 122
79 206
79 219
79 272
80 99
80 126
80 129
80 146
80 170
80 276
80 304
80 314
81 119
81 127
81 154
81 197
81 231
82 85
82 128
83 237
83 315
84 120
84 127
84 134
84 189
84 220
85 124
85 135
85 140
85 168
85 170
85 232
85 264
85 288
86 99
86 100
86 153
87 155
87 210
87 226
87 233
88 93
88 103
88 114
88 207
88 252
88 286
89 126
89 127
89 131
89 185
89 263
89 271
89 276
89 279
89 309
89 315
90 123
90 127
90 131
90 226
92 95
92 176
93 156
93 191
93 231
94 206
95 121
95 162
95 246
95 253
96 134
96 186
96 233
98 123
98 173
98 255
98 309
99 117
99 121
99 127
99 139
99 174
99 204
99 233
99 275
100 110
100 112
100 115
100 117
100 122
100 126
100 153
100 212
100 241
100 264
100 278
101 124
101 214
101 220
102 125
102 160
102 177
102 227
103 147
103 216
103 266
104 121
104 301
105 121
105 124
105 125
105 129
105 133
105 137
105 141
105 292
106 123
106 130
106 133
106 219
106 221
106 233
106 235
106 246
106 267
106 278
106 304
107 122
107 309
108 160
109 133
109 174
109 237
109 238
110 121
110 130
110 132
110 178
110 236
111 122
111 159
111 276
111 304
112 141
112 157
112 207
112 234
112 257
112 265
112 272
113 234
114 240
115 127
115 200
115 216
117 127
117 189
117 232
117 233
117 235
117 237
117 266
117 304
119 143
119 152
119 304
120 122
120 133
121 123
121 125
121 126
121 137
121 139
121 156
121 192
121 197
121 208
121 216
121 223
121 227
121 234
121 235
121 252
121 264
121 292
121 296
121 304
121 307
121 309
121 310
122 126
122 129
122 135
122 144
122 160
122 173
122 188
122 206
122 207
122 213
122 219
122 225
122 229
122 232
122 253
122 266
122 269
122 302
122 314
123 125
123 126
123 191
123 195
123 203
123 212
123 219
123 233
123 235
123 236
123 238
123 257
123 259
123 280
123 286
123 299
124 125
124 138
124 144
124 155
124 158
124 169
124 170
124 215
124 260
124 264
124 266
124 273
124 274
124 280
124 282
124 286
124 307
125 127
125 134
125 139
125 164
125 169
125 172
125 197
125 212
125 215
125 219
125 223
125 226
125 227
125 234
125 257
125 265
125 279
125 309
126 128
126 173
126 175
126 181
126 208
126 218
126 223
126 232
126 234
126 235
126 236
126 266
126 275
126 276
126 292
126 304
127 129
127 150
127 158
127 160
127 170
127 226
127 231
127 237
127 241
127 266
127 271
127 276
127 279
127 286
128 139
128 142
128 145
128 178
128 186
128 187
128 193
128 203
128 216
128 224
128 234
128 241
128 260
128 268
128 288
128 304
129 134
129 153
129 158
129 160
129 162
129 165
129 183
129 204
129 208
129 218
129 223
129 226
129 233
129 280
129 282
129 292
129 304
130 168
130 243
131 134
131 142
131 287
132 148
133 223
133 249
133 266
134 158
134 161
134 172
134 178
134 181
134 234
134 239
134 240
134 264
134 286
134 304
135 184
135 216
135 232
135 234
135 280
137 156
137 234
137 303
138 236
139 186
139 204
139 207
139 235
139 236
139 238
139 295
140 195
141 195
141 233
143 157
143 202
143 204
144 160
144 183
144 259
145 203
147 170
147 191
147 265
148 219
148 233
149 187
149 228
149 234
149 279
151 219
151 224
151 247
151 266
151 278
152 266
153 203
153 255
155 169
155 180
155 211
155 226
155 228
155 233
155 269
155 298
156 299
157 169
157 179
157 262
158 233
158 234
158 235
158 241
158 303
159 233
159 235
159 269
160 241
160 294
161 223
162 233
163 202
163 208
163 237
165 232
165 241
166 169
166 201
166 207
166 220
166 228
167 219
168 199
168 201
168 225
168 233
168 235
168 251
168 267
168 280
169 278
169 279
170 235
171 176
171 235
173 214
173 288
173 292
174 190
174 197
174 275
176 219
176 235
176 240
176 288
177 180
177 296
179 280
180 192
180 200
180 203
180 233
180 239
180 248
181 204
181 235
182 209
182 240
182 272
182 309
183 189
183 199
183 232
183 273
185 189
185 207
185 218
187 235
187 297
187 309
188 195
188 197
188 241
188 252
188 271
188 280
189 193
189 204
189 223
190 217
192 200
192 236
192 245
192 261
192 281
193 226
193 234
193 299
193 301
194 228
194 257
194 258
194 304
195 204
195 246
195 266
195 296
196 226
197 199
197 226
197 275
199 233
200 205
200 230
200 232
201 221
201 304
202 223
202 235
202 249
202 261
202 292
203 204
203 220
204 207
204 217
204 232
204 243
204 276
204 304
204 308
206 233
206 266
206 312
207 226
207 235
207 269
208 223
208 271
209 215
209 250
211 227
212 235
212 267
213 223
213 243
214 234
215 233
215 262
217 218
217 233
217 245
218 226
218 279
219 235
219 239
219 288
219 312
220 251
220 263
221 279
221 292
222 277
223 277
223 279
223 298
224 235
224 309
226 232
226 235
226 236
226 238
226 241
226 298
226 302
226 308
226 313
230 309
232 235
232 245
232 246
232 257
232 273
232 277
232 292
232 304
233 235
233 247
233 266
233 275
233 306
234 254
234 258
234 259
234 260
234 289
234 304
234 309
234 313
235 264
235 267
235 268
235 278
235 290
235 293
235 294
235 299
238 243
238 252
238 279
238 292
240 252
241 250
241 251
241 257
245 255
246 261
247 268
247 273
251 253
253 265
255 263
258 296
264 309
265 299
266 284
266 288
266 306
267 304
277 282
278 286
286 297
286 304
289 309
