0 35
0 121
0 123
1 79
1 128
1 199
1 204
1 218
1 288
2 10
2 28
2 125
2 128
2 134
2 139
2 158
2 174
2 244
3 80
3 91
3 103
3 111
3 112
3 117
3 125
3 151
3 153
3 216
3 221
3 232
3 233
3 241
3 247
3 282
4 22
4 24
4 57
4 121
4 147
4 160
4 186
4 200
4 243
4 244
4 245
5 26
5 39
5 51
5 56
5 61
5 85
5 86
5 99
5 121
5 129
5 160
5 168
5 222
5 267
5 286
6 19
6 79
6 115
6 135
6 154
6 159
6 187
6 195
6 200
6 231
6 232
6 235
6 237
6 265
6 309
7 103
7 122
7 137
7 138
7 168
7 169
7 177
7 205
7 232
9 87
9 100
9 113
9 231
10 22
10 59
10 70
10 75
10 87
10 90
10 93
10 181
10 234
11 215
11 266
11 293
12 26
12 40
12 56
12 85
12 165
13 52
13 77
13 117
13 134
13 232
13 293
14 86
14 155
14 173
14 217
14 253
15 60
15 114
15 126
16 82
16 199
16 271
17 32
17 36
17 39
17 40
17 42
17 54
17 110
17 125
17 157
17 181
17 223
18 140
18 158
18 233
18 257
18 309
19 122
19 134
19 236
20 115
20 162
20 219
20 233
20 257
21 81
21 96
22 127
22 232
23 41
23 86
23 129
23 162
23 233
23 247
24 124
24 224
25 40
26 84
26 234
26 240
27 82
27 163
27 175
27 232
28 32
28 41
28 45
28 77
28 129
28 140
28 168
28 204
28 212
28 217
28 219
28 292
29 61
29 123
29 166
29 217
29 223
29 226
30 135
30 209
31 79
31 150
31 297
32 121
32 153
32 166
32 206
32 239
33 122
33 124
33 168
33 234
33 241
33 245
33 257
33 304
35 73
35 84
35 96
35 121
35 127
35 153
35 189
35 200
35 205
35 206
35 212
35 219
35 226
35 232
35 279
35 311
35 314
36 90
36 98
36 100
36 122
36 164
36 181
36 207
36 269
36 289
37 85
37 124
37 125
37 160
37 168
37 182
38 125
38 127
38 158
38 217
39 130
40 61
40 70
40 79
40 108
40 124
40 135
40 145
40 160
40 177
40 179
40 204
40 210
40 261
40 309
41 47
41 72
41 90
41 185
41 206
41 209
41 219
41 223
41 234
41 245
41 279
41 292
42 121
42 141
42 202
42 206
42 215
43 68
43 84
43 144
43 178
43 220
44 120
44 140
44 188
44 206
44 208
44 314
45 207
46 83
46 112
46 149
46 169
47 122
48 152
48 280
49 105
49 124
49 157
49 204
49 240
49 282
50 125
50 126
50 127
51 61
51 67
52 72
52 123
52 200
52 224
52 230
52 306
53 148
53 259
53 278
54 125
54 127
54 155
54 226
54 279
54 303
55 76
55 95
55 129
55 187
55 188
55 234
56 77
56 115
57 59
57 82
57 89
57 100
57 125
57 232
57 276
58 90
58 185
59 68
59 105
59 129
59 135
59 216
59 224
60 122
60 148
61 140
61 151
61 225
61 232
61 247
61 309
62 75
62 79
62 122
62 126
62 182
62 243
62 249
62 257
64 165
64 235
65 72
65 215
66 100
66 108
66 128
66 219
66 233
66 250
66 314
67 105
67 111
67 126
67 183
67 246
67 293
68 121
68 138
69 131
69 144
69 166
70 95
70 125
70 177
70 261
70 266
72 86
72 162
72 193
72 208
72 214
72 236
73 105
73 109
73 140
73 151
73 189
73 219
73 266
73 279
73 314
74 97
74 99
74 140
74 221
75 96
75 99
75 124
75 126
75 127
75 130
75 147
75 173
75 189
75 232
75 247
76 84
76 104
76 110
76 122
76 126
76 133
76 139
76 140
76 145
76 261
76 267
76 271
76 286
76 304
76 312
77 121
77 124
77 126
77 128
77 137
77 204
77 206
77 208
77 219
77 234
77 264
77 276
77 286
79 204
79 237
79 302
80 85
80 99
80 100
80 176
80 182
80 210
80 252
81 292
82 122
82 141
82 233
82 312
83 163
84 153
84 173
84 243
84 246
84 269
84 285
85 100
85 125
85 129
85 142
85 144
85 153
85 156
85 180
85 222
85 239
85 265
85 292
85 304
86 127
86 135
86 168
86 241
86 304
87 103
87 109
87 279
88 122
88 274
88 299
89 95
89 109
89 160
89 162
89 168
89 174
89 189
89 206
89 254
89 257
89 263
89 302
90 96
90 98
90 100
90 109
90 123
90 158
90 165
90 181
90 223
90 304
90 309
91 99
91 127
91 143
91 174
91 207
91 216
91 283
92 128
93 246
94 218
95 112
95 124
95 150
95 183
95 202
95 210
96 121
96 180
96 219
96 299
97 121
97 129
97 179
97 250
98 124
98 168
98 213
98 226
99 100
99 105
99 158
99 203
99 207
99 246
99 269
99 273
99 274
100 129
100 131
100 167
100 168
100 174
100 201
100 219
100 235
101 122
101 155
101 234
102 109
102 142
102 193
102 236
102 278
103 234
103 252
103 278
104 183
104 236
105 112
105 134
105 140
105 169
105 197
105 220
105 226
105 230
105 234
105 246
106 110
106 135
106 160
106 172
106 204
106 241
107 124
107 157
107 219
108 234
108 257
110 116
110 129
110 150
110 162
110 204
110 269
110 284
110 309
111 126
111 192
111 195
111 273
111 309
112 122
112 125
112 161
112 162
112 195
112 199
112 234
112 259
113 124
113 126
113 129
113 234
114 227
115 134
115 233
116 134
116 304
117 126
117 165
117 206
117 219
117 288
118 141
119 135
119 245
119 266
120 220
120 226
121 125
121 126
121 132
121 133
121 183
121 186
121 201
121 228
121 234
121 237
121 273
121 288
121 292
121 314
122 123
122 124
122 126
122 129
122 131
122 134
122 141
122 143
122 155
122 168
122 170
122 210
122 222
122 271
122 275
122 278
122 291
122 311
122 313
123 125
123 126
123 156
123 193
123 204
123 223
123 229
123 233
123 236
123 241
123 246
123 250
123 253
123 261
123 264
123 293
123 297
124 125
124 127
124 128
124 129
124 134
124 143
124 166
124 198
124 202
124 214
124 223
124 225
124 228
124 233
124 236
124 243
124 255
124 256
124 258
124 274
124 288
124 290
124 309
124 314
125 126
125 127
125 139
125 140
125 147
125 155
125 168
125 189
125 218
125 241
125 257
125 259
125 265
125 266
125 312
126 135
126 158
126 171
126 199
126 201
126 206
126 212
126 221
126 232
126 233
126 273
127 129
127 138
127 159
127 168
127 183
127 188
127 233
127 236
127 237
127 256
127 263
127 286
127 288
127 294
127 298
127 309
128 129
128 168
128 199
128 204
128 227
128 234
128 241
128 244
128 249
128 274
128 286
128 299
129 180
129 182
129 232
129 234
129 240
129 271
129 280
129 296
129 309
129 313
130 207
130 208
131 162
131 301
132 213
133 206
133 302
134 135
134 189
134 220
134 227
134 232
134 257
134 288
135 195
135 208
135 210
135 275
135 276
135 313
137 141
137 233
138 267
139 156
139 170
139 188
139 223
140 141
140 158
140 176
140 215
140 258
140 272
141 187
141 226
141 299
141 307
142 163
142 284
143 169
143 223
143 310
144 160
144 185
144 226
144 280
144 313
145 155
145 293
146 226
147 157
148 161
148 184
148 232
148 271
149 152
153 200
153 208
153 280
153 290
154 219
155 298
155 307
156 221
157 246
157 265
158 187
158 205
158 273
158 311
159 186
160 162
160 167
160 189
160 243
160 280
160 305
161 226
161 268
162 163
162 176
162 189
162 268
163 195
163 207
163 215
163 226
163 234
163 241
163 264
163 285
163 289
163 304
164 196
164 234
165 174
165 178
165 230
165 253
166 180
166 204
167 212
168 187
168 219
168 221
168 228
168 233
168 235
169 219
170 231
170 276
171 187
171 239
171 289
172 195
172 204
173 199
173 235
173 290
174 233
174 286
175 206
176 238
177 195
177 234
178 309
179 235
180 220
180 274
180 279
181 189
181 192
181 225
181 234
181 257
181 288
182 291
182 309
183 266
184 217
185 232
185 274
185 278
185 299
185 313
186 232
187 233
189 193
189 259
190 264
191 241
191 286
192 223
192 278
192 304
192 309
195 243
195 301
195 304
200 216
201 233
201 234
201 245
201 308
202 221
202 263
202 279
202 297
204 206
204 217
204 285
205 299
205 315
206 234
206 250
206 294
206 313
207 233
207 267
207 304
207 309
207 313
208 271
209 228
209 269
209 304
210 235
212 257
214 237
216 232
217 229
217 265
217 304
218 246
218 275
219 226
219 232
219 235
219 241
219 246
219 280
219 296
221 226
222 286
223 235
223 261
223 274
223 279
225 278
226 232
226 246
226 251
226 259
226 271
226 286
226 314
227 259
228 233
228 238
228 253
229 288
230 240
231 232
231 309
232 234
232 249
232 269
232 289
233 237
233 264
233 266
234 245
234 264
234 279
234 297
235 241
235 243
235 249
235 253
235 261
235 264
235 275
235 291
236 284
237 278
237 313
239 279
239 303
241 259
241 262
242 303
244 283
245 291
246 304
246 309
247 294
250 308
252 280
255 268
257 309
262 277
262 279
262 309
264 299
264 304
267 279
267 287
268 304
270 276
271 273
275 279
275 304
279 289
279 294
279 304
281 309
284 315
288 311
289 299
307 309
