0 66
0 125
0 243
1 31
1 52
1 100
1 129
2 124
2 154
2 202
2 204
3 104
3 144
3 169
3 285
3 298
4 28
4 39
4 64
4 86
4 103
4 198
4 213
4 228
4 247
4 278
4 282
4 290
5 90
5 99
5 103
5 110
5 126
5 137
5 140
5 162
5 168
5 173
5 195
5 219
5 222
5 247
5 253
5 266
5 274
5 309
6 13
6 35
6 36
6 95
6 127
6 139
6 151
6 212
6 241
6 256
6 262
7 31
7 62
7 68
7 111
7 115
7 122
7 125
7 128
7 175
7 180
7 226
7 255
7 283
8 57
8 76
8 121
9 35
9 42
9 170
9 233
9 249
10 28
10 62
10 119
10 125
10 127
10 142
10 176
10 206
10 265
11 80
11 124
11 204
11 234
11 279
12 16
12 24
12 34
12 40
12 98
12 99
12 134
12 171
12 201
12 226
12 267
12 271
12 275
13 28
13 76
13 77
13 83
13 100
13 126
13 226
13 304
14 36
14 113
14 115
14 140
15 52
15 98
15 167
15 214
15 243
15 266
16 235
17 127
17 129
17 187
17 189
17 190
17 261
17 269
17 304
17 310
18 100
18 124
18 145
18 218
18 284
18 309
19 125
19 134
19 171
19 309
20 91
20 127
20 134
20 309
21 24
21 68
21 124
21 125
21 155
21 173
21 178
21 229
21 236
21 240
22 23
22 31
22 81
22 123
22 154
22 178
22 226
22 309
23 42
23 85
23 90
23 126
23 232
23 238
23 241
23 307
24 123
24 127
24 206
24 219
25 35
25 89
25 202
25 211
25 240
26 39
26 176
26 245
27 126
27 232
28 73
28 86
28 161
28 268
29 34
29 66
29 81
29 111
29 122
29 142
29 155
29 156
29 203
29 226
29 237
30 81
30 125
30 206
31 55
31 84
31 147
31 183
31 186
31 212
31 264
32 73
32 206
32 218
33 51
33 67
33 124
33 261
33 266
34 122
34 126
34 140
34 174
34 235
35 67
35 112
35 121
35 123
35 124
35 128
35 149
35 158
35 168
35 179
35 182
35 183
35 184
35 187
35 203
35 206
35 226
35 311
36 37
36 66
36 105
36 108
36 220
36 222
36 298
37 49
37 121
37 143
37 175
37 195
37 207
37 219
37 304
38 98
38 144
38 154
38 173
39 62
39 86
39 134
39 148
39 197
39 234
39 242
39 250
39 271
40 42
40 53
40 83
40 112
40 121
40 137
40 160
40 163
40 168
40 180
40 192
40 227
40 233
40 235
40 274
40 279
40 299
40 303
41 55
41 76
41 84
41 124
41 160
41 177
41 194
41 199
42 88
42 164
42 169
42 174
42 226
42 266
42 267
42 276
43 83
43 163
43 181
43 212
43 279
44 82
44 90
44 92
44 93
44 186
44 265
44 302
45 203
45 234
46 55
47 155
47 225
48 70
49 105
49 123
49 156
49 168
49 189
49 192
51 124
51 158
51 195
51 212
51 217
51 235
51 241
51 312
51 315
52 65
52 125
52 221
52 236
52 243
52 312
52 313
53 75
53 102
53 127
53 128
53 286
53 288
54 85
54 86
54 126
54 133
54 134
54 143
54 147
54 175
54 176
54 223
54 235
54 246
54 304
55 124
55 126
55 180
55 209
55 232
56 102
56 196
56 200
56 227
56 308
57 157
57 236
57 262
57 283
58 129
58 190
59 121
59 232
59 257
59 277
59 301
60 266
61 127
61 149
61 159
62 68
62 195
62 201
62 246
62 309
63 108
64 72
64 127
65 91
65 99
65 122
65 124
65 238
66 90
66 124
66 127
66 191
66 270
67 74
67 116
67 134
67 276
67 299
67 309
68 129
68 216
69 149
69 241
70 103
70 114
70 128
70 176
70 252
70 309
71 277
72 133
72 180
72 182
72 202
72 236
72 273
73 127
73 135
73 159
73 165
73 187
73 228
73 259
73 309
74 100
74 180
74 280
75 78
75 121
75 149
75 155
75 164
75 219
75 259
75 286
75 301
76 79
76 93
76 111
76 123
76 168
76 204
76 207
76 253
76 305
76 309
77 91
77 100
77 123
77 127
77 188
77 200
77 223
77 231
77 232
77 238
77 241
77 247
77 254
77 255
77 276
77 313
78 259
79 105
79 110
79 124
79 279
80 104
80 123
80 126
80 155
80 156
81 99
82 162
83 85
83 100
83 121
84 103
84 104
84 107
84 126
84 141
84 142
84 155
84 160
84 309
85 105
85 187
85 204
85 234
85 288
85 300
86 235
87 110
87 129
87 140
87 206
88 111
88 134
88 167
88 286
89 138
89 142
89 166
89 206
89 262
89 265
89 314
90 126
90 127
90 128
90 142
90 153
90 163
90 180
90 194
90 197
90 207
90 208
90 230
90 261
90 262
91 122
91 187
91 197
91 233
92 123
92 200
92 245
93 261
94 122
94 155
94 201
94 282
95 122
96 201
97 122
97 126
98 125
98 131
98 142
98 143
98 232
98 266
99 108
99 121
99 126
99 195
99 200
99 214
99 218
99 228
99 234
99 235
99 252
99 286
99 309
100 125
100 129
100 149
100 157
100 159
100 204
100 210
100 220
100 223
100 259
100 275
101 142
101 264
102 129
102 158
102 232
103 169
103 182
103 188
103 212
104 108
104 110
104 126
104 129
104 131
104 143
104 226
105 111
105 187
105 206
105 292
106 128
106 129
106 139
106 215
106 238
107 160
107 217
107 224
107 250
107 279
108 112
108 123
108 174
108 240
108 286
108 302
109 161
109 204
109 255
110 121
110 123
110 125
110 141
110 163
110 173
110 206
110 220
110 265
111 112
111 167
111 180
111 191
111 219
111 223
111 228
111 263
111 293
112 124
112 160
112 204
112 234
112 250
112 265
112 284
113 204
113 251
113 261
114 123
114 153
114 160
114 192
114 195
114 297
115 117
115 125
115 154
115 155
115 190
115 192
115 202
115 259
116 173
117 123
117 128
117 150
117 172
117 191
117 203
117 204
117 241
118 309
119 125
119 180
120 151
120 206
121 122
121 126
121 127
121 135
121 141
121 189
121 191
121 217
121 224
121 225
121 226
121 232
121 240
121 267
121 312
122 123
122 125
122 127
122 129
122 135
122 140
122 158
122 173
122 197
122 201
122 206
122 210
122 217
122 223
122 241
122 249
122 260
122 268
122 279
122 296
122 308
122 309
123 124
123 140
123 146
123 158
123 166
123 169
123 177
123 203
123 208
123 209
123 218
123 219
123 257
123 266
123 270
123 279
123 289
123 309
124 144
124 156
124 180
124 181
124 183
124 188
124 201
124 212
124 214
124 226
124 275
124 292
125 134
125 141
125 162
125 168
125 169
125 172
125 197
125 198
125 202
125 210
125 279
125 283
126 128
126 135
126 136
126 139
126 163
126 173
126 180
126 200
126 220
126 231
126 253
126 265
126 266
126 274
126 305
126 309
127 163
127 165
127 179
127 199
127 217
127 219
127 224
127 233
127 235
127 266
127 280
127 286
127 288
127 309
128 134
128 141
128 147
128 169
128 195
128 206
128 212
128 234
128 257
128 305
129 163
129 188
129 212
129 226
129 233
129 241
129 257
129 259
129 260
129 266
129 279
129 283
130 164
130 192
130 309
131 223
131 233
131 263
132 195
132 309
133 235
133 249
133 304
134 161
134 170
134 193
134 234
134 249
134 273
134 309
134 313
135 168
135 294
136 238
137 150
137 178
137 195
138 191
138 259
138 275
138 281
139 155
139 191
139 219
139 262
140 167
141 278
141 302
142 255
143 148
143 219
143 229
143 236
143 292
143 313
144 157
144 225
144 226
144 252
144 304
147 174
147 232
147 243
147 248
147 267
148 207
149 279
150 234
150 279
151 209
151 238
151 250
151 308
152 313
153 233
153 234
154 201
154 204
154 246
155 227
155 245
156 219
156 304
157 237
157 300
158 166
158 169
158 207
158 219
158 236
158 268
160 171
160 187
160 202
160 205
160 207
160 221
160 224
160 233
160 234
160 235
160 240
160 291
160 292
160 296
160 298
162 194
162 275
163 195
163 249
163 278
163 309
164 185
164 212
164 304
165 223
165 233
165 286
166 188
166 233
166 240
166 268
166 309
168 190
168 201
168 220
168 232
168 243
168 280
168 288
169 173
169 186
169 189
169 215
169 216
169 229
169 234
169 255
170 180
171 174
172 273
173 183
173 232
173 234
173 240
173 282
173 286
173 304
174 180
174 226
178 233
178 283
179 189
180 204
180 210
180 221
180 232
180 239
180 264
181 189
181 226
181 271
181 286
181 311
182 203
183 234
184 241
184 267
184 272
185 218
185 310
186 215
186 222
186 286
186 288
187 206
187 231
187 266
188 233
188 250
188 288
188 292
189 199
189 312
190 280
192 235
192 236
193 216
193 239
193 259
193 264
193 279
195 200
195 304
195 309
197 226
197 264
197 267
197 269
199 200
199 235
199 243
199 266
200 224
200 259
201 247
201 268
202 264
203 262
203 310
204 216
204 235
204 252
204 298
204 305
204 315
206 250
207 229
207 233
207 273
208 237
208 248
209 291
212 309
215 222
215 233
215 257
216 232
216 234
216 286
217 241
217 309
218 236
219 233
219 255
219 272
219 277
219 279
220 251
220 273
220 276
221 235
222 235
222 253
223 264
223 279
223 291
225 266
226 292
226 312
228 235
228 241
228 288
228 313
229 279
232 233
232 279
232 285
232 299
232 304
233 247
233 249
233 286
233 289
233 309
234 237
234 271
235 239
235 259
235 267
236 268
237 252
238 239
238 246
240 306
241 254
241 263
242 266
243 299
246 286
246 309
249 282
250 280
254 304
256 265
257 261
259 260
260 262
260 263
262 298
264 314
265 278
266 280
273 280
274 308
279 288
280 308
285 289
288 297
293 299
304 309
