0 59
0 80
0 127
0 279
1 25
1 125
1 126
1 280
1 313
2 38
2 59
2 128
2 134
2 193
2 262
3 56
3 70
3 120
3 125
3 137
3 143
3 241
4 10
4 139
4 238
5 51
5 56
5 82
5 99
5 125
5 128
5 134
5 151
5 164
5 176
5 234
5 236
5 240
5 268
6 32
6 45
6 51
6 80
6 82
6 85
6 97
6 121
6 124
6 128
6 137
6 176
6 209
6 217
6 220
6 247
6 264
7 68
7 72
7 73
7 74
7 90
7 93
7 98
7 124
7 129
7 170
7 207
7 252
7 268
8 76
8 80
8 181
8 224
8 226
8 266
9 52
9 66
9 72
9 197
9 204
9 280
10 82
10 110
10 113
10 130
10 135
10 181
10 215
10 236
10 242
10 275
11 40
11 52
11 133
11 167
12 24
12 27
12 29
12 59
12 128
12 199
12 216
12 275
12 304
13 90
13 111
13 142
13 147
13 163
13 190
13 233
13 309
14 40
14 54
14 55
14 77
14 96
14 128
14 134
14 147
14 158
14 241
14 257
14 292
15 86
15 121
15 297
16 104
16 125
16 128
16 223
17 26
17 126
17 128
17 129
17 206
17 244
18 39
18 134
19 127
19 283
20 84
20 123
20 127
20 136
20 138
20 189
20 314
21 194
22 35
22 111
22 122
22 128
22 143
22 188
23 125
23 126
23 129
23 157
23 186
23 203
23 223
23 236
23 238
23 264
23 279
24 28
24 115
24 165
24 187
24 208
24 212
24 223
25 231
26 108
26 121
26 122
26 124
26 131
26 158
26 297
27 72
28 123
28 165
28 219
28 235
28 274
29 31
29 54
29 93
29 100
29 155
29 208
29 232
29 245
29 285
30 117
30 125
30 215
31 35
31 42
31 129
32 41
32 44
32 105
32 155
32 279
32 292
33 124
33 173
34 52
34 122
34 125
34 127
34 164
34 207
34 208
34 238
35 44
35 48
35 90
35 119
35 125
35 127
35 160
35 165
35 186
35 204
35 219
35 226
35 238
35 259
35 262
35 265
35 266
35 278
36 40
36 41
36 44
36 57
36 73
36 124
36 181
36 204
36 219
36 249
36 279
36 284
36 295
36 309
37 46
37 52
37 89
37 93
37 103
37 139
37 274
38 51
38 123
38 126
38 176
38 298
39 73
39 78
39 114
39 123
39 126
39 204
39 233
39 241
39 261
39 268
40 123
40 125
40 165
40 209
40 210
40 225
40 232
40 284
40 305
41 42
41 70
41 97
41 122
41 134
41 191
41 193
41 199
41 204
41 226
41 264
41 286
41 309
42 43
42 127
42 128
42 189
42 199
42 215
43 49
43 136
43 173
44 57
44 78
44 125
44 188
44 234
44 277
45 56
45 233
46 309
47 122
48 223
48 226
48 309
49 99
49 111
49 112
49 123
49 152
49 188
49 236
50 76
50 115
51 99
51 121
51 124
51 155
51 192
51 217
51 220
51 223
51 232
52 55
52 117
52 125
52 126
52 132
52 155
52 184
52 202
52 232
52 235
52 247
52 304
52 309
53 59
53 121
53 312
53 313
54 125
54 153
54 155
54 207
54 219
54 265
55 100
55 126
55 137
55 171
55 207
56 89
56 131
56 279
57 75
57 125
57 223
57 240
57 246
57 279
59 67
59 121
59 122
59 241
60 104
60 216
60 219
60 235
60 279
61 92
61 122
61 124
61 125
61 152
61 222
61 235
61 309
62 100
62 206
62 309
64 180
64 286
65 110
65 191
65 202
65 247
66 96
66 122
66 127
66 225
66 229
66 232
66 286
66 311
67 75
67 127
67 145
67 180
67 200
67 246
67 264
67 271
67 272
68 70
68 75
68 133
68 193
68 232
68 234
68 261
69 160
69 236
70 76
70 90
70 95
70 125
70 257
71 96
71 122
71 127
71 240
72 105
72 107
72 160
72 178
72 187
72 204
72 252
73 83
73 89
73 93
73 232
73 273
74 122
74 218
74 237
74 314
75 77
75 79
75 104
75 149
75 165
75 261
75 268
75 286
75 288
76 90
76 123
76 124
76 126
76 129
76 138
76 142
76 178
76 189
76 207
76 220
76 232
76 233
76 241
77 90
77 99
77 123
77 124
77 196
77 208
77 279
77 304
77 312
78 86
78 154
79 199
80 141
80 222
80 235
80 279
81 100
81 121
81 132
81 175
81 188
81 286
82 119
83 87
83 111
83 176
83 207
84 98
84 126
84 129
84 138
84 166
84 197
85 90
85 117
85 125
85 160
85 169
85 202
85 302
86 212
86 233
87 266
88 117
88 228
89 123
89 162
89 203
89 245
90 122
90 123
90 137
90 182
90 198
90 203
90 212
90 232
90 238
90 279
91 104
91 106
91 120
91 165
91 181
91 199
91 232
91 234
91 266
91 272
92 124
92 125
92 254
93 189
93 271
94 206
94 247
95 108
95 121
95 127
95 188
95 234
95 264
95 273
95 280
96 117
97 132
97 149
98 122
98 170
98 227
99 113
99 121
99 123
99 131
99 135
99 140
99 229
99 233
99 235
99 239
99 267
99 273
99 288
99 292
100 127
100 137
100 160
100 161
100 178
100 216
100 228
100 232
100 234
100 238
100 253
100 293
100 302
100 305
100 309
100 313
101 126
102 128
102 130
102 195
102 235
103 123
103 150
103 164
105 107
105 125
105 128
105 243
106 122
106 164
106 183
106 273
106 301
107 124
108 123
108 135
108 232
108 235
108 291
109 121
109 127
109 129
109 136
109 180
109 244
110 122
110 123
110 131
110 283
111 124
111 125
111 182
111 186
111 220
111 236
111 279
112 139
112 193
112 201
112 234
112 302
113 122
113 187
114 119
115 121
115 124
115 252
115 259
115 272
116 127
117 165
117 257
118 126
119 175
119 224
120 176
120 215
121 122
121 141
121 149
121 158
121 166
121 180
121 195
121 197
121 200
121 204
121 209
121 233
121 250
121 260
121 264
121 279
121 299
121 304
121 314
122 123
122 124
122 135
122 152
122 168
122 174
122 200
122 206
122 212
122 217
122 220
122 233
122 236
122 257
122 261
122 274
122 286
123 125
123 157
123 180
123 181
123 182
123 184
123 195
123 206
123 210
123 218
123 234
123 235
123 236
123 257
123 263
123 279
123 283
123 309
123 314
124 127
124 129
124 142
124 169
124 189
124 213
124 219
124 223
124 228
124 230
124 236
124 237
124 276
124 277
125 129
125 134
125 150
125 151
125 153
125 158
125 165
125 183
125 186
125 241
125 255
125 265
125 271
125 301
126 127
126 134
126 158
126 160
126 162
126 190
126 200
126 211
126 234
126 237
126 241
126 266
126 303
126 305
126 308
126 315
127 129
127 147
127 183
127 204
127 212
127 214
127 231
127 238
127 243
127 260
127 264
127 269
127 274
127 275
127 300
127 309
128 129
128 130
128 139
128 147
128 156
128 173
128 184
128 195
128 197
128 226
128 252
128 255
128 283
128 292
129 134
129 139
129 159
129 165
129 166
129 177
129 210
129 234
129 246
129 273
129 276
129 279
130 186
130 204
131 212
131 256
132 155
132 162
133 234
133 271
134 192
134 209
134 219
134 220
134 221
134 245
134 246
134 266
134 268
134 276
134 279
134 309
134 310
135 181
135 202
135 209
135 233
135 234
135 236
137 138
137 173
137 223
137 231
137 232
137 241
138 172
138 232
138 259
138 265
139 166
139 195
139 207
139 272
139 279
140 145
140 263
140 273
141 218
141 234
141 247
141 302
142 158
142 235
143 200
143 201
143 215
143 222
143 247
143 263
143 282
144 149
144 166
144 223
144 228
144 246
144 309
145 155
145 181
146 153
146 222
146 226
146 233
147 233
148 224
148 264
149 234
149 235
149 259
150 264
151 221
151 222
151 253
151 264
151 271
152 228
152 296
153 208
154 165
154 204
154 274
155 188
155 202
155 236
155 315
156 193
157 195
157 200
157 206
157 230
157 291
158 160
158 166
158 216
158 223
158 278
159 164
159 219
159 297
160 165
160 276
160 297
160 304
162 189
162 206
162 235
162 244
162 252
162 257
163 193
163 221
163 280
163 311
164 183
164 304
165 230
165 267
165 286
165 314
166 170
166 195
166 197
166 207
166 234
166 235
167 228
168 180
168 232
168 233
168 250
168 280
171 204
171 232
171 252
171 262
172 184
173 185
173 223
173 275
173 286
174 238
176 223
176 230
176 232
176 235
176 259
176 275
177 234
177 288
178 203
178 241
178 262
179 264
179 284
180 182
180 206
180 210
180 211
180 226
180 260
181 226
181 266
181 297
182 233
182 235
182 280
183 201
183 215
183 271
183 309
184 197
185 224
185 252
186 234
186 305
187 192
187 284
187 299
187 309
188 237
188 244
188 267
188 285
189 192
190 255
191 209
192 206
192 235
192 278
192 309
195 201
195 204
195 234
195 241
195 308
197 206
197 220
197 233
197 276
199 228
199 235
200 206
201 233
201 235
202 247
202 274
202 310
203 221
203 222
203 304
204 216
204 252
204 304
204 307
206 234
206 235
206 282
207 311
209 219
209 246
210 239
211 259
211 309
211 314
212 223
214 239
215 217
215 218
215 266
216 232
216 233
216 304
217 226
217 274
218 240
218 286
218 315
219 267
220 236
221 252
222 232
223 236
223 299
224 259
224 298
225 235
225 274
226 232
226 235
226 239
226 253
228 248
228 266
228 269
228 272
228 279
232 233
232 234
232 235
232 252
232 270
232 285
232 310
232 311
233 241
233 246
233 266
233 309
233 312
234 238
234 309
235 239
235 276
235 309
235 314
236 275
238 259
239 248
239 311
240 257
241 267
243 309
247 265
248 266
249 250
250 265
251 279
252 267
253 255
254 271
256 288
256 309
262 311
264 298
265 298
266 277
266 286
266 309
271 286
271 304
275 309
276 290
278 286
