0 97
0 218
1 58
1 59
2 4
2 6
2 66
2 77
2 83
2 84
2 86
2 99
2 123
2 153
2 187
2 232
2 266
2 297
2 298
2 315
3 48
3 100
3 107
3 128
3 154
3 182
3 220
3 223
3 227
3 257
3 286
3 309
4 5
4 6
4 17
4 43
4 50
4 67
4 99
4 115
4 121
4 215
4 277
4 280
4 282
5 44
5 61
5 78
5 84
5 91
5 134
5 140
5 143
5 165
5 189
5 195
5 233
5 264
5 282
6 40
6 59
6 121
6 122
6 123
6 143
6 168
6 182
6 210
6 211
6 230
6 233
6 235
6 246
6 247
7 13
7 61
7 75
7 77
7 108
7 151
7 204
7 223
7 286
8 99
8 206
9 28
9 83
9 122
9 180
9 267
9 285
10 21
10 33
10 76
10 97
10 121
10 123
10 124
10 148
10 162
10 214
10 262
10 301
10 313
11 100
11 135
11 232
12 48
12 111
12 122
12 139
12 168
12 186
12 264
13 23
13 44
13 87
13 92
13 99
13 128
13 143
13 273
14 23
14 46
14 49
14 124
14 132
14 218
14 246
14 264
14 312
15 42
15 111
16 81
16 121
16 289
16 311
17 22
17 28
17 59
17 110
17 119
17 140
17 204
17 220
17 233
17 266
18 57
18 73
18 85
18 123
18 176
18 187
18 207
18 227
18 259
19 86
19 99
19 129
19 211
19 274
20 24
20 49
20 70
20 107
20 114
20 123
20 160
20 173
20 259
21 77
21 125
21 261
22 73
22 115
22 210
22 262
22 282
23 28
23 33
23 36
23 127
23 158
23 202
23 223
23 231
23 288
23 304
24 116
24 123
24 258
24 262
25 89
25 98
25 110
25 189
25 241
25 309
26 28
26 57
26 66
26 138
26 165
26 188
27 125
27 162
27 217
28 56
28 99
28 105
28 135
28 180
28 193
28 201
28 202
28 228
28 238
28 267
28 308
29 57
29 89
29 121
29 125
29 226
29 232
29 234
29 274
29 292
30 51
30 151
30 260
31 67
31 99
31 225
31 234
31 259
31 265
32 129
32 130
32 144
32 198
32 217
33 75
33 83
33 90
33 99
33 121
33 247
33 269
33 270
33 288
34 82
34 137
34 172
34 255
34 275
34 284
35 55
35 76
35 77
35 101
35 105
35 120
35 128
35 133
35 141
35 153
35 174
35 220
35 221
35 236
35 280
35 304
36 96
36 119
36 147
36 173
36 208
36 264
36 279
36 295
37 75
37 95
37 127
37 129
37 139
37 201
37 207
37 272
38 117
38 125
38 252
38 255
39 47
39 56
39 100
39 122
39 128
39 204
39 253
39 286
40 76
40 160
40 165
40 204
40 229
40 253
41 53
41 95
41 127
41 133
41 240
41 257
42 63
42 65
42 122
42 127
42 192
42 220
42 253
42 277
42 310
43 82
43 124
44 124
44 126
44 148
44 157
44 195
44 207
44 266
45 128
45 299
47 122
47 129
47 144
47 163
47 204
47 299
48 238
49 67
49 124
49 125
49 130
49 181
49 201
49 216
49 244
49 254
49 280
50 162
50 240
50 279
51 121
51 129
51 134
51 140
51 268
52 111
52 117
52 121
52 158
52 168
52 193
52 233
52 242
52 309
53 257
53 272
54 64
54 90
54 162
54 224
54 226
54 235
54 253
54 264
55 62
55 121
55 129
55 162
55 216
55 268
55 283
56 227
56 232
56 292
57 92
57 120
57 134
57 153
57 187
57 241
58 70
58 121
59 77
59 102
59 103
59 127
59 182
59 185
59 247
61 98
61 108
61 123
61 153
61 166
61 227
61 266
64 98
64 121
64 124
64 218
64 246
65 146
65 266
65 269
66 76
66 82
66 107
66 122
66 134
66 204
66 220
66 274
67 99
67 212
67 232
67 241
68 150
68 196
68 279
68 304
69 73
69 124
69 219
69 232
69 267
70 90
70 159
70 198
70 236
70 241
71 197
72 122
72 204
72 205
72 208
72 231
72 263
73 77
73 115
73 127
73 139
73 159
73 226
73 233
73 234
73 235
73 246
73 288
73 301
74 277
75 91
75 125
75 127
75 179
75 228
75 253
75 314
76 87
76 122
76 124
76 125
76 128
76 168
76 184
76 212
76 236
76 241
76 264
76 309
77 82
77 123
77 124
77 126
77 128
77 169
77 217
77 218
77 226
77 234
77 241
77 304
78 124
79 103
79 162
79 314
80 86
80 123
80 167
80 170
80 196
81 82
81 143
81 268
82 165
82 195
83 151
83 234
84 112
84 124
84 126
84 201
84 247
84 264
85 124
85 127
85 189
85 215
85 244
85 311
86 114
86 256
87 98
87 174
87 233
87 265
88 126
88 167
88 257
89 93
89 124
89 129
89 157
89 163
89 223
89 279
89 301
90 93
90 98
90 121
90 125
90 126
90 147
90 171
90 180
90 204
90 232
90 237
90 241
90 267
90 311
91 284
91 309
92 126
92 127
92 195
92 228
92 251
93 100
93 110
93 163
93 189
94 185
95 164
95 177
95 185
95 266
97 122
97 226
97 302
98 121
98 161
98 185
98 206
98 307
99 102
99 117
99 118
99 124
99 125
99 127
99 128
99 138
99 158
99 175
99 194
99 201
99 202
99 206
99 235
99 245
99 275
99 278
99 314
100 127
100 155
100 182
100 191
100 253
100 259
100 298
101 126
101 166
101 187
102 129
102 204
103 126
103 139
103 309
104 175
104 201
104 206
104 266
105 204
105 220
105 232
105 304
105 309
106 116
106 123
106 166
106 203
106 206
106 218
106 232
107 173
107 292
108 155
108 157
108 158
108 217
108 257
109 121
109 123
109 127
110 114
110 118
110 120
110 121
110 123
110 180
110 195
110 212
110 228
110 233
110 243
110 258
110 274
110 279
110 282
110 309
111 131
111 234
111 273
112 121
112 123
112 126
112 200
112 277
112 306
113 160
113 182
113 222
114 123
114 234
114 249
114 267
115 182
115 225
115 261
115 274
115 295
116 166
117 147
117 169
117 210
117 247
117 250
117 257
117 264
118 119
118 217
119 123
119 267
119 279
120 158
120 195
120 199
120 219
121 123
121 124
121 127
121 140
121 161
121 170
121 193
121 200
121 206
121 211
121 212
121 216
121 233
121 237
121 246
121 269
121 275
121 298
121 299
122 126
122 127
122 140
122 149
122 180
122 193
122 218
122 219
122 233
122 238
122 245
122 264
122 273
122 284
123 126
123 127
123 138
123 174
123 190
123 203
123 204
123 213
123 219
123 222
123 232
123 249
123 250
123 255
123 266
124 127
124 132
124 142
124 147
124 154
124 163
124 166
124 187
124 203
124 232
124 233
124 234
124 253
124 264
124 267
124 292
124 299
124 301
124 309
125 129
125 134
125 139
125 147
125 166
125 197
125 198
125 206
125 213
125 232
125 244
125 249
125 259
125 262
125 266
125 274
125 275
125 278
125 304
125 305
126 129
126 133
126 139
126 165
126 195
126 201
126 232
126 257
126 263
126 279
126 299
126 305
126 309
126 310
127 128
127 151
127 153
127 185
127 189
127 206
127 209
127 216
127 220
127 223
127 232
127 237
127 243
127 299
127 301
128 143
128 168
128 177
128 180
128 190
128 200
128 219
128 220
128 230
128 247
128 252
128 266
128 284
128 288
128 298
129 160
129 185
129 199
129 204
129 206
129 215
129 218
129 245
129 248
129 266
131 206
131 246
132 144
133 134
133 235
133 278
133 294
134 139
134 189
134 216
134 226
134 234
134 241
134 309
134 311
135 152
135 166
135 204
135 212
135 232
135 234
135 266
137 200
137 267
138 204
138 234
138 261
138 309
139 151
139 163
139 189
139 257
139 274
139 285
139 309
140 175
140 219
140 234
140 237
140 239
140 240
140 241
141 171
141 266
141 267
142 271
143 266
144 183
144 243
144 309
144 314
145 160
145 231
146 159
147 157
147 163
147 168
148 163
148 204
148 230
149 204
149 226
151 188
151 200
151 272
151 279
152 174
152 212
152 233
153 160
153 187
153 199
153 241
154 166
154 171
154 241
155 173
155 175
155 266
155 309
156 246
156 313
157 232
158 208
158 226
158 234
158 301
158 309
159 292
160 176
160 180
160 188
160 197
160 226
160 288
160 291
161 202
161 222
162 167
162 200
162 235
162 279
163 184
163 204
163 232
163 279
163 292
164 278
165 175
165 207
166 181
166 236
166 277
167 192
168 204
168 241
168 267
168 309
169 208
169 217
169 232
169 309
170 267
171 315
172 201
173 308
174 195
174 210
175 204
175 215
175 309
176 266
176 279
178 180
178 204
178 262
179 192
179 214
180 204
180 234
180 279
180 283
181 209
181 236
181 264
181 309
182 231
183 222
183 227
183 233
183 263
183 266
183 270
185 307
186 224
186 240
187 234
187 267
188 233
188 246
188 265
189 193
189 277
190 264
190 267
190 281
191 266
191 302
192 208
192 265
192 292
192 296
193 236
193 280
195 243
195 249
195 309
197 222
198 215
198 232
199 243
199 274
199 296
200 233
200 285
201 225
201 226
201 233
201 249
201 251
201 312
202 230
202 234
202 235
202 245
202 302
203 247
203 280
204 209
204 212
204 231
204 232
204 235
204 259
204 287
205 224
206 238
206 271
206 304
206 305
206 309
207 235
207 311
213 252
214 219
215 229
216 220
217 238
217 309
219 235
219 256
219 261
220 253
220 276
220 286
221 226
222 252
223 272
224 283
225 226
226 228
226 233
226 238
226 264
226 266
226 309
228 232
228 304
229 268
229 302
231 235
232 241
232 252
232 256
232 263
232 264
232 276
232 283
232 286
232 304
232 309
233 241
233 259
233 261
233 266
233 288
233 292
233 300
233 312
233 313
233 315
234 238
234 264
234 267
234 276
234 280
234 292
234 304
235 266
235 292
235 293
236 292
241 258
241 264
243 254
243 289
243 304
243 309
244 299
245 264
246 265
246 284
249 314
250 304
251 274
251 285
255 294
256 272
257 288
257 312
258 265
258 309
259 261
259 283
260 309
262 264
262 266
262 304
265 315
266 280
266 302
268 278
272 279
279 314
280 309
285 292
287 309
288 304
297 310
302 309
304 308
