0 98
0 178
1 35
1 122
1 192
2 33
2 36
2 44
2 89
2 109
2 125
2 147
2 182
2 197
2 208
2 232
3 5
3 39
3 56
3 100
3 103
3 104
3 180
3 192
3 199
3 231
3 253
3 283
4 33
4 39
4 40
4 41
4 60
4 75
4 84
4 96
4 108
4 128
4 135
4 235
4 236
4 257
4 267
5 7
5 9
5 33
5 44
5 110
5 112
5 122
5 124
5 181
5 195
5 198
5 200
5 205
5 223
5 226
5 228
5 232
5 233
5 241
5 250
5 266
5 296
6 28
6 33
6 34
6 77
6 120
6 173
6 268
7 51
7 77
7 127
7 167
7 193
7 197
7 213
7 234
7 310
8 29
8 123
8 201
9 159
9 161
9 172
9 277
10 207
10 260
10 279
10 302
11 38
11 137
11 292
12 35
12 51
12 57
12 102
12 127
12 147
12 155
12 168
12 215
12 219
13 75
13 104
13 108
13 115
13 126
13 245
13 308
14 52
14 124
14 128
14 236
14 264
15 128
15 133
16 78
16 85
16 115
16 129
16 140
16 161
16 218
17 43
17 100
17 104
17 124
17 127
17 134
17 140
17 142
17 194
17 219
17 222
17 223
17 240
17 261
17 280
17 309
18 90
18 99
18 117
18 175
18 180
18 205
18 236
18 288
19 55
19 128
19 233
19 279
20 35
20 49
20 111
20 122
20 125
20 126
20 128
20 132
20 152
20 234
21 204
21 227
22 52
22 113
22 127
22 155
22 266
22 293
23 84
23 110
23 117
23 124
23 155
23 166
23 219
23 266
23 309
24 91
24 107
24 121
24 124
24 126
24 128
24 156
24 234
25 98
25 182
25 232
25 271
26 75
26 85
26 97
26 122
26 142
26 201
27 76
27 148
27 236
28 65
28 116
28 126
28 195
28 204
28 240
28 241
28 247
28 253
29 57
29 111
29 122
29 129
29 210
29 221
29 299
30 35
30 105
30 123
30 124
30 234
31 98
31 132
31 155
31 219
32 124
32 125
32 160
32 240
33 177
33 197
34 59
34 67
34 125
34 151
34 185
34 232
34 255
35 121
35 126
35 129
35 168
35 192
35 199
35 217
35 234
35 257
35 263
35 277
35 285
35 286
35 303
36 124
36 125
36 139
36 171
36 189
36 234
36 275
36 296
37 83
37 98
37 127
37 233
37 309
38 62
38 143
38 161
38 186
38 200
38 226
38 269
39 127
39 304
40 76
40 77
40 121
40 123
40 128
40 134
40 234
40 247
40 257
40 285
41 51
41 98
41 105
41 115
41 225
41 276
41 279
42 117
42 124
42 158
42 292
42 296
43 200
43 206
43 261
43 263
43 283
44 123
44 309
45 147
45 297
46 147
46 149
46 153
46 154
47 230
47 232
48 132
48 156
48 293
49 93
49 127
49 179
49 220
49 223
49 259
49 310
50 238
50 294
51 100
51 109
51 125
51 127
51 168
51 206
51 216
51 235
51 275
51 276
51 287
52 75
52 102
52 111
52 163
52 185
52 186
52 233
52 264
52 288
53 54
53 103
53 125
53 142
53 183
54 99
54 192
54 197
54 206
54 304
54 305
55 176
56 74
56 122
56 129
56 155
56 219
56 238
56 241
56 304
56 314
57 120
57 134
57 136
57 163
57 246
57 286
58 61
58 236
58 272
59 107
59 183
59 200
59 247
59 269
60 259
60 279
60 309
61 76
61 125
61 139
61 167
62 124
62 179
62 233
62 314
63 138
64 80
65 76
65 128
65 138
65 280
66 75
66 122
66 134
66 163
66 235
66 291
67 129
67 189
67 191
67 208
67 233
68 128
68 129
68 280
69 234
69 311
70 78
70 83
70 98
70 220
70 232
71 126
71 127
71 294
72 76
72 103
72 126
72 138
72 153
72 173
72 233
72 243
73 76
73 89
73 122
73 128
73 158
73 212
73 226
73 264
73 268
73 288
73 309
74 80
74 90
74 105
74 125
74 127
74 236
74 292
75 123
75 156
75 181
75 187
75 289
75 309
76 99
76 109
76 122
76 126
76 133
76 160
76 173
76 209
76 241
76 309
77 81
77 121
77 168
77 171
77 197
77 223
77 257
77 266
77 288
77 308
78 95
79 203
79 262
79 288
80 124
80 129
80 137
80 154
80 264
80 299
81 117
81 121
81 129
82 129
82 188
82 226
83 99
83 135
83 201
83 232
83 235
84 125
84 126
84 167
84 232
84 297
85 126
85 134
85 149
85 155
85 162
85 182
85 189
85 219
85 247
85 278
85 288
86 104
86 166
86 196
86 200
86 223
86 224
86 314
87 98
87 122
87 123
87 188
87 193
87 223
88 100
88 207
88 304
88 309
89 122
89 124
89 128
89 154
89 233
89 259
89 266
90 112
90 123
90 134
90 168
90 220
90 227
90 232
90 261
90 285
90 315
91 233
91 287
92 156
92 189
93 115
93 123
94 97
94 121
94 139
94 163
95 115
95 124
95 139
95 234
96 178
97 125
97 238
98 106
98 115
98 124
98 142
98 155
98 207
98 208
99 128
99 134
99 158
99 173
99 204
99 226
99 228
99 243
99 304
100 103
100 152
100 156
100 181
100 183
100 186
100 206
100 209
100 212
100 217
100 226
100 233
100 235
100 239
100 304
101 135
101 180
102 120
102 163
102 235
102 239
102 266
103 145
103 164
104 124
104 139
104 221
105 126
105 127
105 177
105 275
106 124
106 126
106 140
106 141
106 185
106 204
106 234
106 310
107 204
107 222
107 246
107 282
108 125
108 158
108 162
108 206
108 309
109 187
109 312
110 123
110 124
110 160
110 246
110 247
111 125
111 200
111 236
111 278
112 116
112 123
112 127
112 168
112 174
112 226
112 234
112 236
112 302
113 128
113 226
113 309
114 243
115 123
115 134
115 167
116 121
116 237
117 126
117 149
117 151
117 189
117 269
117 286
117 304
118 208
119 122
119 123
119 124
119 291
120 123
120 124
120 154
120 162
120 234
120 308
121 124
121 134
121 138
121 160
121 162
121 168
121 180
121 204
121 214
121 231
121 253
121 258
121 266
121 272
122 124
122 126
122 134
122 139
122 155
122 195
122 226
122 232
122 234
122 239
122 265
122 277
122 310
123 124
123 127
123 135
123 143
123 158
123 163
123 165
123 172
123 174
123 187
123 191
123 195
123 208
123 232
123 233
123 238
123 252
123 258
123 261
123 265
123 270
123 277
123 282
123 309
124 143
124 174
124 183
124 195
124 222
124 225
124 237
124 241
124 247
124 265
124 277
124 283
125 127
125 132
125 133
125 138
125 139
125 160
125 167
125 180
125 187
125 190
125 210
125 231
125 233
125 234
125 236
125 255
125 275
125 276
125 309
125 313
126 127
126 132
126 134
126 140
126 142
126 163
126 167
126 202
126 220
126 226
126 230
126 235
126 264
126 267
126 274
126 280
126 297
126 304
126 307
127 130
127 134
127 139
127 141
127 175
127 183
127 201
127 207
127 216
127 221
127 232
127 252
127 253
127 257
127 261
127 273
127 275
127 304
127 309
127 313
128 138
128 167
128 181
128 189
128 209
128 219
128 221
128 232
128 234
128 247
128 250
128 253
128 264
128 266
128 269
128 275
129 135
129 138
129 163
129 190
129 204
129 217
129 224
129 226
129 232
129 233
129 238
129 261
129 267
129 280
129 291
129 302
129 306
129 309
129 311
130 186
131 139
131 160
131 279
131 309
132 141
132 241
133 160
133 166
133 192
133 220
134 182
134 234
134 271
135 139
135 206
135 233
135 241
135 309
137 169
138 146
138 210
138 222
138 234
138 310
139 152
139 165
139 237
139 280
140 174
140 207
140 226
140 238
140 298
141 152
141 193
141 228
142 150
142 206
142 219
142 258
142 266
142 293
143 200
143 217
143 300
144 153
144 232
144 279
147 228
147 246
147 249
149 193
149 201
149 207
149 246
149 314
151 162
151 233
152 206
152 290
153 238
153 305
154 162
155 166
155 209
155 214
155 221
155 232
156 233
156 314
157 159
157 215
157 267
157 314
158 197
158 199
158 201
158 202
158 297
159 183
159 232
160 183
160 193
160 235
160 267
160 279
161 212
161 309
162 192
162 195
162 226
162 241
163 220
163 280
165 226
165 235
165 238
165 303
166 178
166 245
166 266
167 180
167 266
168 204
168 263
168 277
168 308
169 183
169 263
170 177
172 209
173 239
174 213
174 224
175 233
175 247
176 228
176 232
178 204
180 200
180 235
180 264
180 271
180 304
181 183
181 193
181 195
181 203
181 280
182 185
182 240
182 250
183 275
184 215
184 279
185 233
186 206
186 296
187 246
188 204
188 219
189 234
189 241
189 280
189 286
192 204
192 217
192 219
193 252
194 303
195 232
195 243
195 282
195 299
195 304
197 279
198 233
198 264
199 234
199 235
199 261
199 302
200 201
200 228
200 256
200 308
201 203
202 217
203 225
203 257
204 233
204 235
204 252
204 285
207 282
207 291
208 257
209 214
209 237
209 292
212 234
212 253
212 272
212 285
214 260
214 299
216 217
216 247
217 309
219 238
219 264
219 267
219 314
220 233
220 265
221 233
221 314
222 309
222 310
223 228
223 240
223 280
225 257
225 286
226 234
226 266
226 282
226 303
226 309
226 315
228 268
228 278
230 283
231 240
231 304
232 234
232 235
232 245
232 262
232 277
232 280
232 283
232 292
233 238
233 274
233 286
233 304
233 309
234 240
234 241
234 281
234 288
235 266
235 305
236 257
236 279
236 296
236 305
236 309
238 267
239 281
241 280
246 264
246 288
250 285
252 289
257 266
257 267
257 283
258 309
259 271
261 263
261 284
261 293
263 266
265 279
266 272
266 303
267 285
267 296
269 297
270 280
271 313
275 304
276 302
279 291
280 304
286 313
292 310
293 304
296 309
304 311
