0 73
0 126
0 195
0 206
0 267
1 127
1 130
1 203
2 62
2 99
2 101
2 105
2 126
2 187
3 5
3 7
3 35
3 80
3 99
3 135
3 219
3 259
3 266
4 40
4 72
4 73
4 124
4 125
4 145
4 154
4 162
4 185
4 187
4 204
4 277
4 291
4 301
4 309
5 22
5 28
5 54
5 99
5 110
5 121
5 122
5 124
5 151
5 162
5 195
5 204
5 209
5 220
5 227
5 229
5 235
5 246
5 260
6 51
6 180
6 204
6 223
6 246
6 258
6 279
7 16
7 44
7 100
7 107
7 148
7 168
7 207
7 229
7 241
7 247
7 304
8 233
8 234
9 37
9 89
9 110
9 133
9 238
9 244
10 32
10 60
10 66
10 89
10 116
10 122
10 140
10 162
10 192
10 203
10 223
10 246
10 268
10 304
11 65
11 90
11 142
11 158
11 182
11 295
12 24
12 74
12 219
12 233
12 297
13 55
13 128
13 131
13 174
13 180
13 185
13 227
13 234
13 237
13 271
14 28
14 37
14 44
14 230
14 269
15 92
15 125
15 139
15 219
15 280
16 30
16 35
16 126
16 140
16 166
16 246
16 291
17 19
17 69
17 100
17 113
17 123
17 128
17 134
17 172
17 204
17 207
18 85
18 223
18 232
18 266
19 124
19 192
20 24
20 73
20 127
20 163
20 230
21 90
21 98
22 31
22 41
22 125
22 193
22 195
22 246
22 310
23 86
23 128
23 235
23 291
24 79
24 96
24 126
24 128
24 143
24 163
24 187
25 99
26 188
27 90
27 265
28 42
28 122
28 128
28 155
28 207
28 236
28 253
28 257
29 84
29 99
29 106
29 129
29 137
29 232
29 247
29 310
30 87
30 93
30 122
30 161
30 219
31 73
31 105
31 145
31 226
31 288
32 51
32 133
32 134
32 159
32 169
32 200
32 216
32 267
32 290
33 40
33 44
33 121
33 125
33 126
33 168
33 231
34 36
34 49
34 174
35 52
35 77
35 98
35 128
35 130
35 160
35 169
35 186
35 216
35 218
35 235
35 237
35 266
35 309
36 121
36 181
36 183
36 187
36 212
36 231
36 234
36 249
36 252
36 287
36 309
37 292
38 174
38 219
39 123
39 159
39 180
39 197
39 232
39 234
39 238
40 46
40 126
40 128
40 141
40 232
41 132
41 138
41 145
41 167
41 238
41 308
41 314
42 44
42 124
42 221
43 52
43 73
43 134
43 223
44 75
44 236
44 287
45 85
46 85
46 123
46 176
46 234
47 94
47 206
47 253
47 305
47 309
48 76
48 160
49 54
49 140
49 206
49 228
49 235
49 247
49 273
49 312
50 235
51 95
51 115
51 122
51 123
51 125
51 183
51 209
51 233
51 241
51 264
51 299
52 76
52 127
53 82
53 160
53 199
53 232
54 217
54 218
55 100
55 125
55 172
55 219
55 237
56 70
56 126
56 132
56 157
56 178
56 189
56 202
56 294
57 62
57 98
57 131
57 171
57 309
59 125
59 194
59 245
59 252
59 288
60 65
60 137
60 160
60 221
60 223
60 312
61 89
61 90
61 123
61 129
61 214
61 241
61 280
61 291
62 90
62 91
62 203
62 234
62 277
63 122
63 302
65 70
65 185
65 201
66 82
66 106
66 127
66 154
66 197
66 200
67 70
67 117
67 127
67 151
67 174
67 182
67 234
68 76
68 235
69 111
69 127
69 165
69 202
69 207
69 311
70 125
70 182
70 267
70 278
70 286
71 134
71 178
71 187
71 223
72 141
73 95
73 123
73 140
73 166
73 183
73 226
73 232
73 233
73 273
74 115
74 140
74 173
74 181
74 197
74 235
74 277
74 311
75 106
75 129
75 134
75 166
75 204
75 206
75 214
75 226
75 228
75 240
75 277
75 304
76 84
76 99
76 100
76 121
76 126
76 135
76 176
76 226
76 234
76 235
76 251
76 291
76 302
76 310
77 90
77 95
77 126
77 147
77 172
77 185
77 186
77 187
77 197
77 309
78 285
79 127
79 128
80 99
80 122
80 273
80 285
81 102
81 226
82 177
82 182
82 195
83 303
84 123
84 126
84 136
84 137
84 183
84 206
84 217
84 257
84 300
85 94
85 102
85 130
85 142
85 204
85 232
86 111
86 113
86 173
86 185
86 235
87 95
87 235
87 300
88 124
88 262
89 99
89 128
89 155
89 162
89 223
89 235
89 314
90 124
90 128
90 147
90 157
90 162
90 169
90 177
90 180
90 197
90 218
90 232
90 253
90 305
90 309
91 124
91 125
91 235
92 218
92 229
92 234
93 201
93 203
93 232
95 121
95 145
95 173
95 200
95 262
96 122
96 127
96 234
98 125
98 191
98 219
98 221
98 226
98 280
98 283
99 120
99 122
99 128
99 129
99 196
99 210
99 218
99 234
99 237
99 247
99 251
99 268
100 122
100 124
100 146
100 154
100 159
100 163
100 195
100 203
100 204
100 235
100 240
100 252
100 314
101 247
101 276
103 105
103 126
103 163
103 192
103 312
104 134
104 233
105 122
105 137
105 159
105 175
105 222
105 253
106 111
106 151
106 154
106 169
106 219
106 239
107 140
107 159
108 208
108 234
109 174
109 226
110 129
110 145
110 174
110 180
110 183
110 234
110 252
110 288
110 310
111 134
111 146
111 167
112 122
112 232
112 279
112 284
113 139
113 148
113 164
113 296
115 174
115 181
115 219
116 165
116 217
116 228
117 122
117 129
117 158
117 197
117 203
117 226
117 234
117 241
117 262
117 292
117 309
117 314
118 215
119 122
119 181
120 123
120 125
120 161
120 233
121 122
121 123
121 126
121 135
121 160
121 161
121 189
121 196
121 198
121 200
121 201
121 204
121 219
121 232
121 234
121 235
121 250
121 266
121 275
121 280
121 287
122 129
122 136
122 151
122 173
122 174
122 176
122 180
122 190
122 199
122 207
122 219
122 226
122 227
122 233
122 246
122 312
122 313
123 128
123 133
123 159
123 168
123 187
123 194
123 200
123 207
123 227
123 238
123 277
123 279
123 288
123 306
123 312
123 314
124 133
124 135
124 138
124 142
124 158
124 161
124 162
124 168
124 182
124 193
124 199
124 200
124 201
124 206
124 212
124 220
124 221
124 234
124 235
124 238
124 259
124 279
124 280
124 286
124 290
125 126
125 129
125 162
125 216
125 217
125 226
125 227
125 235
125 237
125 238
125 240
125 241
125 291
125 297
125 299
125 304
126 134
126 142
126 156
126 159
126 164
126 185
126 200
126 219
126 224
126 226
126 229
126 267
126 279
126 288
126 309
126 311
127 135
127 182
127 227
127 236
127 238
127 249
127 252
127 264
127 265
127 289
127 301
128 154
128 202
128 203
128 214
128 216
128 230
128 232
128 234
128 239
128 257
129 149
129 168
129 183
129 226
129 253
129 272
129 279
129 280
129 304
130 160
130 186
130 253
131 233
131 299
132 160
132 226
132 261
133 189
133 223
133 304
134 145
134 209
134 217
134 220
134 227
134 232
134 235
134 304
135 158
135 160
135 219
135 252
135 309
136 233
137 155
137 202
137 232
137 277
139 218
139 299
140 155
140 232
140 260
141 185
141 297
142 144
142 207
142 224
142 238
143 159
143 168
143 233
143 264
144 168
144 189
144 243
144 280
147 233
148 182
148 206
148 236
148 259
148 309
149 209
151 155
151 229
151 298
152 206
153 167
153 232
154 199
154 235
154 239
154 265
155 168
155 169
155 223
155 226
155 234
155 235
155 259
155 286
156 170
156 180
156 187
156 232
158 223
158 256
158 277
160 163
160 178
160 234
160 235
160 240
160 266
160 288
160 304
161 314
162 180
162 204
162 207
162 212
162 246
162 259
162 307
163 186
163 226
163 233
163 264
163 309
165 207
165 216
166 314
167 215
167 219
167 228
167 233
168 174
168 202
168 221
168 246
168 291
169 201
169 226
169 227
170 302
170 314
171 188
172 241
172 293
173 202
173 220
173 223
173 237
173 304
174 200
174 203
174 236
174 279
175 202
178 309
179 192
179 228
180 243
180 309
181 219
182 227
182 297
183 266
184 219
185 189
185 232
186 233
186 250
186 309
187 212
188 189
188 193
188 232
188 235
189 222
191 296
193 234
194 199
195 205
195 219
195 233
195 243
197 252
197 285
197 299
198 228
198 229
199 309
200 304
201 203
201 233
201 241
201 299
203 232
203 266
204 223
204 234
204 276
204 304
204 309
205 304
206 212
206 235
206 238
206 258
207 235
207 246
208 219
209 233
209 234
210 246
212 226
213 241
217 232
217 238
217 266
217 303
218 235
219 298
220 226
220 247
221 314
222 234
222 286
223 242
223 266
223 274
223 277
223 288
224 275
225 283
226 234
226 251
226 279
227 234
227 235
228 257
228 264
228 304
229 257
229 304
230 233
231 235
231 238
232 233
232 246
232 251
232 264
232 287
232 296
232 298
232 299
233 234
233 246
233 261
233 274
234 235
234 293
234 309
235 255
235 266
235 283
235 309
237 240
237 255
238 264
239 241
240 250
240 256
240 280
241 257
241 310
243 246
246 288
247 252
247 264
247 279
247 293
247 312
249 299
250 254
250 279
259 262
260 274
262 266
263 288
264 289
266 277
266 285
266 293
272 303
273 309
274 315
277 279
277 292
279 285
285 305
286 300
291 292
299 309
304 305
