0 35
0 116
0 117
0 219
1 28
1 232
2 6
2 59
2 99
2 179
2 186
2 210
2 235
3 23
3 41
3 122
3 126
3 137
3 160
3 176
3 187
3 191
4 36
4 56
4 123
4 129
4 192
4 198
4 204
4 218
4 220
4 257
4 266
5 9
5 21
5 24
5 26
5 29
5 34
5 66
5 90
5 99
5 111
5 117
5 121
5 124
5 125
5 159
5 169
5 214
5 232
5 234
5 309
6 22
6 23
6 66
6 127
6 143
6 160
6 233
6 259
6 303
6 309
7 23
7 25
7 69
7 77
7 102
7 124
7 134
7 178
7 189
7 224
7 232
7 268
7 286
8 39
8 90
8 154
8 226
8 233
9 28
9 74
9 76
9 129
9 161
9 195
9 205
10 22
10 71
10 85
10 90
10 112
10 113
10 125
10 144
10 187
10 286
11 105
11 309
11 315
12 76
12 126
12 226
13 24
13 76
13 126
13 183
13 231
13 241
13 243
14 140
14 158
14 214
14 232
14 267
15 110
15 124
16 113
16 125
16 230
16 246
16 258
17 22
17 24
17 52
17 77
17 95
17 96
17 134
17 146
17 160
17 185
17 187
17 233
18 99
18 122
18 125
18 135
18 163
18 188
18 304
19 97
19 121
19 204
19 226
19 304
20 34
20 149
20 169
20 219
20 226
20 232
20 233
20 263
20 272
20 292
21 25
21 121
21 128
21 217
22 69
22 128
22 151
22 232
22 282
22 288
23 33
23 52
23 54
23 77
23 126
23 131
23 135
23 139
23 158
23 162
23 163
23 168
23 204
23 220
23 231
23 238
23 246
24 49
24 234
25 126
26 40
26 46
26 59
26 126
26 137
26 218
27 54
27 108
27 195
27 201
27 243
27 304
28 85
28 219
28 220
29 47
29 127
29 174
29 178
29 202
29 224
30 123
30 129
30 212
30 276
31 34
31 125
32 221
32 252
32 266
33 34
33 76
33 77
33 220
33 232
33 246
33 304
34 36
34 77
34 142
34 174
34 195
34 218
34 266
35 77
35 134
35 143
35 174
35 183
35 219
35 223
35 235
35 253
35 292
35 293
35 309
36 41
36 61
36 97
36 123
36 129
36 137
36 141
36 142
36 163
36 226
36 241
36 264
36 274
37 75
37 127
37 140
37 207
37 235
37 279
37 304
38 75
38 127
38 183
38 236
39 56
39 221
39 249
39 252
39 266
40 61
40 100
40 123
40 147
40 164
40 166
40 187
40 216
40 232
40 266
41 65
41 124
41 126
41 220
42 72
42 110
42 111
43 73
43 77
43 121
43 237
43 287
44 59
44 86
44 121
44 212
45 56
45 197
45 309
46 161
46 168
47 110
47 155
47 279
48 98
49 66
49 187
49 206
49 266
50 122
50 216
51 77
51 140
51 222
51 232
52 76
52 95
52 158
52 288
52 307
52 309
53 77
53 98
53 115
53 140
53 206
53 242
53 279
53 297
54 89
54 105
54 123
54 264
54 278
54 300
54 309
55 72
55 90
55 235
56 115
56 128
56 188
56 257
56 261
57 85
57 91
57 123
57 159
57 240
57 291
59 81
59 89
59 92
59 127
59 131
59 139
59 189
59 227
59 235
59 279
59 284
60 129
60 232
61 85
61 126
61 162
61 197
61 309
62 161
62 223
62 233
62 243
63 119
63 212
63 238
64 273
65 129
65 304
66 104
66 165
66 167
66 191
66 201
66 260
66 285
66 304
67 96
67 109
67 114
67 122
67 123
67 186
67 187
67 191
67 201
67 241
67 282
68 76
68 78
68 129
68 232
68 239
68 266
68 293
69 104
69 189
70 200
70 296
70 306
71 106
72 123
72 125
72 133
72 160
72 169
72 218
72 222
72 247
73 81
73 85
73 147
73 174
73 207
73 234
73 267
74 125
74 131
74 187
74 228
74 255
75 125
75 127
75 193
75 236
76 127
76 145
76 191
76 208
76 220
76 222
76 234
76 235
76 257
76 269
76 286
76 298
76 303
76 310
76 311
77 95
77 99
77 126
77 127
77 128
77 140
77 154
77 203
77 204
77 205
77 220
77 226
77 232
77 238
77 243
77 249
77 299
78 207
79 147
79 202
80 87
80 125
80 128
80 142
80 226
80 263
80 271
80 277
81 104
81 149
81 215
81 232
81 286
81 295
81 302
82 86
82 125
82 135
82 180
83 154
83 217
83 231
84 153
84 162
84 218
84 234
84 247
84 283
85 96
85 97
85 125
85 166
85 171
85 185
85 186
85 230
86 93
86 241
87 160
87 228
87 246
88 121
88 122
88 139
88 235
88 290
89 106
89 170
89 224
89 246
90 95
90 111
90 127
90 142
90 149
90 169
90 173
90 220
90 226
90 235
90 258
90 273
90 292
91 162
92 126
94 95
94 121
94 225
95 97
95 124
95 141
95 241
95 285
96 111
96 156
96 264
96 310
97 100
97 141
97 210
97 286
98 99
98 102
98 161
98 172
98 206
98 207
98 217
98 247
99 112
99 128
99 144
99 156
99 172
99 173
99 188
99 193
99 200
99 207
99 211
99 270
99 304
99 309
100 105
100 126
100 135
100 156
100 159
100 165
100 169
100 173
100 186
100 187
100 219
100 235
100 257
100 282
101 268
102 239
102 259
102 299
103 280
104 110
104 129
104 195
104 274
105 123
105 133
105 180
105 277
105 312
106 112
106 122
106 123
106 151
106 165
106 200
106 216
106 226
106 232
106 247
107 224
107 238
108 123
108 157
108 197
108 202
108 204
108 232
108 238
108 253
109 114
109 121
109 170
109 273
110 129
110 165
110 180
110 220
110 272
111 113
111 121
111 127
111 129
111 158
111 287
111 309
112 128
112 137
112 168
112 183
112 226
112 260
112 286
113 304
115 169
115 224
115 286
116 147
116 206
117 126
117 250
117 253
117 280
117 293
119 266
119 309
120 126
120 188
120 238
120 299
120 312
121 122
121 128
121 139
121 143
121 174
121 180
121 182
121 189
121 193
121 201
121 216
121 237
121 257
121 275
121 292
121 304
122 125
122 127
122 129
122 135
122 140
122 144
122 183
122 195
122 228
122 233
122 238
122 241
122 266
122 276
122 278
122 282
122 312
122 315
123 124
123 125
123 127
123 149
123 157
123 159
123 164
123 166
123 168
123 171
123 180
123 183
123 185
123 201
123 214
123 217
123 220
123 234
123 235
123 236
123 246
123 247
123 277
123 286
123 301
123 304
124 156
124 160
124 163
124 167
124 168
124 182
124 194
124 202
124 214
124 225
124 233
124 253
125 128
125 134
125 148
125 160
125 178
125 183
125 195
125 205
125 215
125 221
125 223
125 227
125 230
125 234
125 254
125 257
125 259
125 266
125 270
125 273
125 309
125 310
126 127
126 157
126 160
126 171
126 202
126 204
126 224
126 228
126 233
126 239
126 249
126 268
126 276
126 287
126 288
127 129
127 143
127 159
127 160
127 168
127 169
127 171
127 180
127 185
127 188
127 197
127 202
127 204
127 225
127 226
127 253
127 266
127 278
127 309
128 129
128 133
128 141
128 163
128 171
128 173
128 175
128 193
128 215
128 232
128 301
129 143
129 163
129 174
129 184
129 197
129 202
129 214
129 223
129 225
129 232
129 262
129 264
129 273
129 277
129 279
129 299
129 314
130 162
130 256
130 304
131 226
131 232
133 243
133 261
133 313
134 151
134 159
134 160
134 168
134 187
134 189
134 204
134 226
134 241
134 263
134 309
135 197
135 222
135 278
135 280
135 286
136 204
136 214
136 235
137 171
137 253
139 153
139 266
140 160
140 178
140 236
140 253
142 162
142 188
143 158
143 166
143 219
143 235
143 279
144 234
145 165
145 192
145 195
145 234
146 158
146 162
147 174
148 232
148 238
149 167
151 196
153 181
153 204
153 247
153 309
154 216
154 266
154 268
154 275
155 160
155 185
155 220
155 304
156 185
156 206
156 219
156 280
157 209
157 240
158 219
158 224
158 296
159 218
159 264
159 288
160 215
160 223
160 224
160 235
160 279
161 265
161 292
162 200
162 212
162 232
162 236
162 290
163 209
163 260
163 266
163 309
164 237
165 167
165 206
165 259
165 302
165 309
166 240
166 247
166 264
167 214
167 255
168 234
168 261
168 266
168 296
168 308
169 180
169 202
169 309
170 214
170 246
171 277
172 305
173 226
174 199
174 295
176 212
176 219
176 223
176 274
177 232
178 204
178 226
178 232
178 292
179 236
180 184
180 270
180 312
181 197
181 262
181 286
182 237
182 243
182 264
182 266
182 297
183 223
183 234
183 272
185 234
185 292
186 211
186 214
187 261
188 204
188 260
188 262
188 264
188 291
188 303
189 227
189 232
189 305
189 309
192 224
192 243
192 259
192 265
192 297
193 274
193 309
194 234
194 304
195 253
195 258
195 279
195 283
195 298
196 203
197 235
197 253
198 269
199 219
199 262
199 283
200 236
200 268
200 294
201 231
202 271
204 218
204 226
204 253
204 257
204 292
204 296
205 267
206 222
206 283
206 285
206 309
207 236
207 238
207 251
208 234
208 241
209 297
210 212
210 284
212 235
212 275
214 220
214 233
215 236
215 262
215 267
216 252
216 271
217 232
217 292
218 249
219 232
219 275
219 280
219 284
220 227
220 266
221 232
222 233
223 235
223 245
223 246
224 280
225 233
225 260
226 257
226 306
228 252
228 262
228 279
231 234
232 235
232 243
232 252
232 267
232 280
232 286
232 314
233 235
233 238
233 244
233 246
233 261
233 267
233 279
233 283
233 309
234 235
234 238
234 246
234 264
234 299
234 302
235 244
235 250
235 288
235 296
236 246
236 269
237 269
237 277
237 292
238 253
238 279
238 294
241 266
241 275
243 288
245 266
246 267
247 279
249 290
251 306
252 268
252 304
253 311
256 263
256 266
257 261
257 304
259 304
259 307
259 309
261 264
261 279
264 294
266 267
266 309
267 309
269 275
274 296
277 309
278 286
283 312
286 288
287 292
292 304
297 307
299 314
304 309
309 313
