0 118
0 160
0 168
0 185
0 249
1 33
1 79
1 98
1 182
1 283
2 51
2 72
2 122
2 139
2 150
2 163
2 202
2 217
2 218
2 266
3 23
3 28
3 33
3 76
3 95
3 128
3 162
3 233
4 6
4 31
4 93
4 96
4 125
4 127
4 214
4 224
4 234
4 268
5 36
5 61
5 111
5 120
5 122
5 129
5 132
5 138
5 143
5 154
5 162
5 170
5 174
5 182
5 187
5 202
5 234
5 279
5 285
5 306
6 36
6 65
6 70
6 127
6 129
6 251
7 10
7 22
7 51
7 100
7 122
7 124
7 160
7 204
7 264
7 266
7 292
8 64
8 90
8 186
9 38
9 66
9 77
9 96
9 188
10 15
10 28
10 72
10 75
10 126
10 168
10 204
10 236
10 238
10 257
10 266
10 290
11 61
11 126
11 134
11 149
11 241
12 34
12 120
12 129
12 159
13 29
13 59
13 81
13 124
13 125
13 141
13 187
13 192
13 233
13 264
14 51
14 193
14 252
15 108
15 143
15 235
16 62
16 165
16 201
16 203
16 204
16 225
16 273
17 19
17 24
17 35
17 36
17 68
17 122
17 129
17 160
17 197
17 231
17 273
17 279
17 286
18 23
18 83
18 121
18 129
18 286
19 124
19 182
19 226
20 75
20 100
20 203
20 232
21 35
21 61
21 116
21 121
21 240
22 26
22 123
22 159
22 160
22 302
23 32
23 78
23 169
23 187
23 194
23 234
23 235
23 241
24 53
24 70
24 121
24 125
24 166
24 168
24 173
24 206
24 309
26 72
26 124
26 128
26 155
26 174
26 259
27 305
28 59
28 93
28 94
28 117
28 134
28 160
28 177
28 211
28 246
29 51
29 81
29 115
29 149
29 160
29 208
30 36
30 40
30 189
30 216
31 122
31 127
31 226
31 253
31 304
32 51
32 54
32 61
32 68
32 77
32 185
32 236
32 237
32 296
32 309
33 197
33 233
34 61
34 162
34 232
35 39
35 44
35 58
35 66
35 75
35 106
35 107
35 124
35 154
35 174
35 188
35 198
35 211
35 233
35 252
36 51
36 87
36 121
36 127
36 162
36 206
36 220
36 239
36 249
36 309
37 44
37 54
37 272
38 53
38 59
38 125
38 309
39 40
39 60
39 108
39 119
39 131
39 143
39 182
39 234
39 236
39 246
39 247
39 249
40 65
40 97
40 100
40 125
40 199
40 206
40 309
40 312
41 54
41 77
41 127
41 133
41 158
41 182
41 187
41 234
42 125
42 128
42 180
42 188
42 226
42 233
42 292
43 253
43 271
43 280
44 70
44 110
44 234
45 112
45 124
45 139
45 274
46 126
46 267
47 122
47 189
47 212
47 226
48 232
49 51
49 70
49 129
49 162
49 175
49 233
50 89
50 100
50 193
50 226
50 288
50 305
51 84
51 99
51 105
51 121
51 231
51 279
51 296
52 73
52 217
52 309
53 77
53 131
53 148
53 163
54 245
55 129
55 215
56 76
56 99
56 124
57 86
57 100
57 108
57 112
57 160
57 187
57 225
57 292
57 304
58 67
58 134
59 93
59 99
59 110
59 147
59 200
59 216
59 230
59 233
59 243
59 309
60 123
60 226
60 233
61 123
61 124
61 134
61 217
62 111
62 129
62 263
63 182
65 125
65 143
65 149
65 173
65 315
66 77
66 93
66 96
66 106
66 153
66 168
66 233
66 276
66 313
67 90
67 105
67 160
67 195
67 201
67 232
67 233
67 313
68 122
68 131
68 247
69 100
69 140
70 83
70 117
70 122
70 123
70 200
70 233
71 195
71 282
71 303
72 77
72 126
72 153
72 228
72 239
73 91
73 193
73 195
73 218
73 221
73 253
73 260
73 266
74 99
74 215
74 225
74 309
75 99
75 100
75 173
75 192
76 106
76 110
76 117
76 122
76 126
76 139
76 172
76 200
76 202
76 207
76 220
76 226
76 234
76 238
76 250
76 261
76 262
76 284
76 302
76 313
77 100
77 123
77 125
77 126
77 148
77 187
77 191
77 216
77 217
77 220
77 230
77 231
77 236
77 249
77 280
78 91
78 120
78 124
78 259
78 311
79 170
79 253
79 291
80 102
80 221
80 232
80 298
81 105
81 232
81 234
81 279
82 288
83 108
83 146
83 168
83 266
84 121
84 122
84 123
84 127
84 158
84 206
84 254
84 257
85 123
85 124
85 131
85 196
85 239
85 292
86 127
86 232
86 302
87 103
87 123
87 160
87 236
87 265
88 188
89 140
89 178
89 182
89 203
89 207
89 215
89 226
90 92
90 113
90 121
90 155
90 175
90 200
90 204
90 207
90 232
90 238
90 309
90 314
91 131
91 209
91 221
92 245
93 121
93 127
93 195
93 229
94 123
94 135
94 252
95 123
95 127
95 128
95 203
95 204
95 233
96 281
98 117
98 140
98 221
98 232
99 123
99 126
99 129
99 135
99 169
99 187
99 201
99 204
99 226
99 234
99 252
99 258
99 259
99 264
99 278
100 111
100 126
100 137
100 140
100 179
100 206
100 219
100 266
100 287
101 154
101 204
101 220
102 121
102 154
102 157
102 282
103 160
103 223
104 110
104 125
104 180
104 203
105 129
105 280
106 122
106 128
106 135
106 139
106 147
106 171
106 181
107 108
107 123
107 125
107 252
108 109
108 113
108 125
108 127
108 169
108 178
108 226
109 117
109 280
109 309
110 118
110 122
110 135
110 143
110 195
110 201
110 232
110 233
110 236
110 313
111 121
111 124
111 126
111 156
111 226
112 117
112 143
112 155
112 181
112 200
112 266
112 309
113 134
114 248
115 122
115 126
115 141
115 163
115 192
115 200
115 288
115 292
116 140
116 234
117 128
117 131
117 191
117 220
117 226
117 235
118 279
119 123
119 127
119 177
119 209
120 129
120 134
120 160
120 212
121 125
121 127
121 128
121 130
121 141
121 174
121 189
121 208
121 232
121 233
121 235
121 238
121 247
121 279
121 305
121 309
121 312
122 127
122 129
122 139
122 144
122 147
122 153
122 157
122 166
122 172
122 173
122 175
122 181
122 185
122 187
122 196
122 201
122 202
122 204
122 206
122 216
122 221
122 223
122 234
122 235
122 252
122 261
122 268
122 271
122 297
123 129
123 136
123 147
123 180
123 188
123 206
123 218
123 234
123 235
123 245
123 249
123 261
123 278
123 279
123 280
123 309
124 126
124 129
124 153
124 155
124 160
124 162
124 181
124 182
124 186
124 189
124 213
124 218
124 219
124 226
124 227
124 233
124 250
124 257
124 266
124 267
124 268
124 279
124 309
125 126
125 128
125 134
125 141
125 142
125 149
125 181
125 196
125 204
125 221
125 223
125 226
125 235
125 254
125 259
125 266
125 276
125 299
125 302
125 308
126 128
126 129
126 151
126 157
126 160
126 164
126 169
126 183
126 185
126 186
126 189
126 202
126 221
126 233
126 251
126 254
126 262
126 280
126 299
126 303
126 309
127 128
127 134
127 146
127 147
127 162
127 187
127 192
127 226
127 231
127 234
127 246
127 247
127 252
127 258
127 263
127 272
127 297
127 304
127 313
128 129
128 130
128 134
128 135
128 140
128 156
128 168
128 172
128 183
128 204
128 207
128 215
128 216
128 221
128 226
128 227
128 240
128 252
128 264
128 275
128 279
128 292
128 313
129 145
129 171
129 185
129 200
129 213
129 231
129 232
129 247
129 249
129 257
129 275
129 282
129 304
129 314
130 170
131 171
132 163
132 169
132 175
132 196
132 216
133 157
134 142
134 160
134 197
134 198
134 226
134 233
134 251
134 258
134 288
134 299
135 140
135 216
135 237
135 268
135 288
135 303
136 226
137 159
138 234
138 241
139 160
139 202
139 228
139 238
139 279
140 141
140 202
140 232
140 234
140 249
141 185
142 264
142 291
142 296
143 204
143 207
143 235
144 217
144 298
145 226
145 267
145 309
146 163
146 234
146 261
146 292
147 232
147 267
147 272
147 312
148 199
148 238
151 161
152 304
153 176
153 267
153 304
154 159
154 178
155 158
155 160
155 191
155 278
156 197
156 224
156 228
156 253
157 158
157 234
157 244
157 302
158 180
158 192
158 207
158 215
158 218
158 309
159 233
159 314
160 186
160 192
160 228
160 232
160 264
160 279
161 200
161 258
162 253
163 183
163 200
163 212
163 233
163 235
163 253
163 256
163 276
163 309
164 266
165 186
165 196
165 201
165 225
165 233
165 241
165 277
166 220
166 245
166 304
167 201
167 240
167 259
168 189
168 212
168 252
169 182
169 259
169 279
169 280
170 215
170 267
171 279
171 304
172 267
173 231
173 234
174 226
174 230
174 237
175 207
175 217
176 189
176 190
176 286
178 232
178 254
179 241
180 206
180 220
180 232
180 272
181 241
182 189
182 300
183 196
183 228
183 262
185 235
185 272
185 304
185 308
187 226
188 233
188 312
189 213
189 228
189 297
190 304
191 227
192 201
192 226
192 234
192 235
193 226
193 288
193 315
195 196
195 234
195 235
195 250
195 268
195 282
196 203
197 235
198 226
198 235
198 239
199 217
200 208
200 233
200 282
201 226
201 312
202 204
202 207
202 241
203 275
204 248
204 255
204 266
204 273
204 279
204 285
206 232
206 266
206 277
206 288
206 302
207 233
208 209
208 224
208 289
209 222
209 231
209 255
212 246
215 259
215 292
216 266
216 296
217 271
217 303
217 309
217 312
218 304
219 236
219 271
220 304
223 232
223 243
223 268
224 266
224 305
225 253
226 239
226 241
226 247
226 262
227 233
227 236
228 262
228 282
228 289
229 233
229 308
231 266
232 233
232 246
232 247
232 296
232 314
233 234
233 241
233 245
233 250
233 259
233 292
233 304
234 236
234 260
234 285
234 299
234 304
235 250
235 261
235 267
235 309
236 261
237 279
238 301
240 246
240 286
241 271
241 275
241 292
243 304
243 309
246 252
246 264
246 314
247 288
247 292
247 304
248 264
255 309
261 279
262 271
265 273
265 283
266 275
266 299
267 313
271 286
273 304
275 279
275 286
276 279
276 314
280 304
283 285
300 308
304 309
309 315
