0 161
0 238
0 261
1 252
2 24
2 36
2 129
2 155
2 173
2 180
2 197
2 204
2 206
2 223
3 19
3 56
3 304
4 13
4 17
4 36
4 40
4 66
4 113
4 121
4 122
4 124
4 163
4 231
4 236
4 281
5 37
5 40
5 66
5 95
5 100
5 103
5 106
5 110
5 118
5 122
5 124
5 127
5 143
5 162
5 187
5 252
6 90
6 121
6 126
6 133
6 134
6 155
6 158
6 163
6 206
6 212
6 226
6 232
6 233
6 271
6 304
7 24
7 53
7 74
7 77
7 101
7 117
7 132
7 143
7 175
7 208
7 238
7 260
8 9
8 12
9 90
9 117
9 128
9 161
9 218
9 226
9 234
9 236
10 35
10 68
10 111
10 155
10 158
10 233
10 238
10 258
10 266
11 24
11 108
11 189
12 39
12 86
12 99
12 121
12 125
12 166
12 211
12 233
12 309
13 67
13 93
13 131
13 139
13 160
13 226
13 232
14 32
14 65
14 77
14 124
14 139
14 266
14 304
14 309
15 35
15 90
15 111
15 112
15 119
15 126
15 154
16 51
16 108
17 18
17 65
17 99
17 125
17 232
17 266
18 122
18 188
18 210
18 212
18 260
18 271
18 287
19 105
19 107
19 125
19 168
19 234
20 39
20 116
20 122
20 123
20 126
20 183
20 209
20 234
20 255
20 261
20 288
21 89
21 125
21 191
21 208
21 264
22 78
22 152
22 164
22 165
22 246
22 252
22 267
22 313
23 35
23 67
23 72
23 83
23 96
23 105
23 107
23 127
23 139
23 180
23 219
24 77
24 99
24 137
24 167
25 41
25 159
25 264
25 284
26 73
26 105
27 127
28 124
28 150
28 179
28 234
28 266
29 85
29 93
29 124
29 129
29 163
29 176
29 232
29 314
30 201
30 219
30 233
31 41
31 108
31 127
31 136
31 204
31 252
31 284
31 288
32 125
32 187
33 52
33 99
33 121
33 208
33 234
33 245
34 85
34 90
34 120
34 160
34 187
34 215
34 221
34 226
34 241
34 242
34 303
34 313
35 99
35 113
35 160
35 189
35 201
35 209
35 257
35 263
35 272
36 121
36 175
36 201
36 219
36 247
37 77
37 163
37 168
37 202
37 215
37 235
37 279
38 59
38 122
38 181
39 41
39 76
39 96
39 100
39 130
39 216
39 234
40 49
40 59
40 66
40 76
40 86
40 90
40 99
40 107
40 126
40 150
40 189
40 200
40 201
40 235
40 252
40 259
40 292
40 308
40 313
41 73
41 167
41 170
41 187
41 226
41 232
41 240
41 277
42 89
42 129
42 134
42 158
42 167
42 229
42 233
42 255
43 96
43 158
43 203
43 210
43 217
43 239
44 85
44 87
44 122
44 167
44 215
44 223
44 250
46 112
47 215
48 67
49 86
49 99
49 124
49 226
49 241
49 279
50 226
51 66
51 84
51 123
51 124
51 168
51 234
51 238
51 251
51 315
52 91
52 107
52 123
52 147
52 209
52 232
52 282
52 285
53 128
53 168
54 117
54 152
54 173
54 193
54 223
54 235
54 257
55 129
55 169
55 183
55 279
55 304
56 97
56 110
56 123
57 156
57 233
57 288
58 105
58 201
59 123
59 128
59 135
59 160
59 196
59 233
59 235
59 271
60 74
60 112
60 136
60 227
60 279
61 144
61 188
61 225
61 252
61 271
61 294
62 101
62 147
62 222
62 235
62 261
62 306
62 309
63 83
63 189
63 230
63 250
65 89
65 140
65 235
65 288
65 297
65 312
66 85
66 171
66 179
66 216
66 217
66 223
66 227
66 230
66 264
66 267
67 89
67 127
67 129
67 196
67 314
68 122
68 127
68 154
68 166
70 91
70 98
71 99
72 106
72 126
72 204
72 311
73 89
73 90
73 174
73 230
73 231
73 259
73 280
73 301
74 99
74 139
74 163
74 171
74 223
74 236
75 76
75 160
75 183
75 226
75 232
75 246
75 268
75 286
76 79
76 84
76 100
76 116
76 118
76 125
76 158
76 169
76 200
76 205
76 223
76 238
76 273
76 292
76 309
77 99
77 151
77 163
77 185
77 186
77 204
77 209
77 216
77 219
79 81
79 219
79 288
80 128
80 182
80 199
80 226
80 302
81 83
81 234
81 299
82 125
82 233
83 99
83 165
83 255
83 267
83 313
84 99
84 103
84 124
84 201
84 233
84 238
84 264
84 292
85 122
85 163
85 232
85 234
85 238
85 239
85 256
85 279
85 282
86 123
86 127
86 286
87 149
87 168
88 121
89 98
89 120
89 122
89 123
89 144
89 156
89 189
89 216
89 218
89 222
89 257
89 266
89 275
89 296
90 100
90 122
90 126
90 133
90 135
90 141
90 144
90 195
90 234
90 235
91 124
92 204
92 255
92 271
93 170
93 200
93 206
93 235
94 198
94 212
94 228
95 102
95 125
95 134
95 197
95 311
96 123
96 232
96 233
96 278
97 165
97 247
97 266
98 123
98 135
98 180
98 218
98 235
99 100
99 127
99 134
99 152
99 162
99 165
99 171
99 180
99 204
99 220
99 224
99 234
99 259
99 261
99 266
99 291
99 303
100 121
100 127
100 192
100 200
100 204
100 240
100 252
100 276
100 279
100 282
100 283
100 310
101 224
101 250
102 124
103 106
103 246
104 108
104 126
104 196
104 223
104 226
105 130
105 134
105 209
105 231
105 267
105 276
106 111
106 121
106 122
106 124
106 142
106 193
106 205
106 241
106 253
107 133
108 216
108 235
108 304
109 127
109 225
110 126
110 129
110 170
110 181
110 232
110 238
111 124
111 127
111 168
111 204
111 221
112 134
112 163
112 165
112 234
112 268
112 297
113 148
113 217
113 286
113 309
114 122
114 171
114 297
115 127
115 168
115 299
116 167
116 192
116 196
116 249
116 286
117 177
117 180
117 187
117 215
117 225
117 247
118 137
119 129
119 160
119 168
119 220
119 232
119 279
119 312
119 313
120 160
120 180
120 226
120 278
121 128
121 144
121 147
121 148
121 152
121 156
121 183
121 193
121 221
121 246
121 251
121 260
121 268
121 299
121 300
121 305
121 309
122 123
122 127
122 128
122 129
122 134
122 141
122 150
122 152
122 162
122 165
122 168
122 169
122 175
122 181
122 204
122 206
122 226
122 234
122 235
122 262
122 266
122 272
122 279
122 280
122 299
122 307
122 310
123 124
123 125
123 129
123 144
123 162
123 167
123 168
123 196
123 200
123 222
123 223
123 232
123 234
123 238
123 261
123 262
123 304
124 126
124 127
124 134
124 136
124 145
124 183
124 213
124 216
124 217
124 226
124 233
124 234
124 258
124 275
124 280
124 283
124 304
124 315
125 133
125 144
125 151
125 158
125 160
125 170
125 175
125 197
125 198
125 217
125 219
125 224
125 226
125 227
125 228
125 231
125 233
125 234
125 241
125 253
125 257
125 261
125 309
125 310
126 140
126 170
126 185
126 189
126 197
126 201
126 206
126 219
126 224
126 231
126 237
126 259
126 269
126 276
126 288
126 309
127 143
127 162
127 166
127 180
127 206
127 217
127 226
127 232
127 233
127 236
127 258
127 267
127 271
127 273
127 304
128 142
128 192
128 207
128 226
128 232
128 234
128 238
128 253
128 273
128 280
128 292
129 134
129 140
129 163
129 165
129 189
129 191
129 207
129 227
129 232
129 241
129 260
129 266
129 279
129 282
129 291
130 140
130 160
130 198
130 225
130 250
130 266
131 132
131 151
131 192
131 219
131 309
132 180
132 193
132 220
132 238
132 267
132 299
133 174
133 207
133 236
133 294
133 311
134 137
134 144
134 204
134 207
134 209
134 224
134 279
134 280
134 309
135 180
135 186
135 202
135 225
135 227
135 232
136 207
136 266
137 232
137 241
137 310
138 185
138 223
139 143
139 151
139 212
140 193
140 214
140 221
140 260
140 296
141 165
141 246
142 279
143 160
143 179
144 160
144 180
144 204
144 235
144 304
145 206
145 259
145 309
147 222
147 271
147 285
147 297
148 233
148 250
148 257
149 233
149 246
151 162
151 168
151 172
153 187
154 174
154 219
154 231
154 246
155 200
155 203
155 204
155 219
155 241
155 274
155 276
156 167
156 226
156 234
156 308
157 180
157 304
158 162
158 238
158 265
158 309
159 259
160 172
160 197
160 223
160 240
160 269
160 314
161 257
162 182
162 188
162 264
162 292
162 309
163 193
163 195
163 228
163 232
163 235
163 243
163 264
163 288
164 243
165 280
165 311
166 167
166 264
166 271
167 247
167 257
168 279
169 206
169 229
169 233
169 259
170 200
170 232
171 181
172 221
172 285
173 226
173 241
173 277
173 313
174 234
174 304
177 206
178 275
179 226
180 195
180 233
180 234
180 256
180 279
180 304
181 247
181 253
181 257
181 298
182 204
182 225
182 226
182 250
183 232
183 233
183 252
183 304
184 216
185 226
185 309
186 235
186 272
187 231
188 241
188 245
189 218
189 232
189 243
189 279
190 233
192 266
195 199
195 220
195 253
195 267
195 280
195 289
197 208
197 219
197 265
198 202
198 235
199 234
200 279
201 232
201 233
201 315
202 255
204 227
204 228
204 232
204 233
204 279
204 291
204 302
205 278
206 235
207 226
207 241
208 237
208 261
210 216
210 238
212 241
212 264
212 314
213 257
214 232
215 222
215 233
215 235
215 286
215 293
216 233
216 254
216 315
217 246
218 233
219 224
219 237
219 262
219 266
219 283
220 274
220 278
220 304
220 313
221 232
221 241
221 258
222 233
223 244
223 309
224 266
225 297
226 228
226 232
226 276
226 287
228 232
228 274
228 311
229 241
230 233
230 236
230 271
230 275
231 255
231 264
231 269
232 297
232 299
232 313
233 234
233 237
233 255
233 286
233 303
233 309
233 311
233 315
234 249
234 263
234 267
234 309
235 236
235 238
235 256
235 259
235 262
235 292
235 296
235 309
235 311
236 241
236 276
237 239
238 280
241 264
241 286
241 289
243 277
244 261
249 309
250 314
251 279
257 313
258 315
259 260
261 269
262 289
265 303
265 304
266 273
266 296
268 271
275 315
276 302
282 308
283 288
283 309
284 306
286 297
