0 17
0 309
1 4
1 44
1 119
1 139
1 232
1 292
2 13
2 20
2 42
2 76
2 115
2 128
2 153
2 198
2 233
2 264
2 290
2 294
3 35
3 122
3 129
3 157
3 241
3 299
4 28
4 29
4 90
4 104
4 297
5 55
5 83
5 123
5 125
5 128
5 135
5 157
5 164
5 201
5 226
5 231
5 247
5 259
5 262
5 264
6 26
6 100
6 143
6 150
6 185
6 190
6 219
6 226
6 255
6 257
6 259
6 264
7 30
7 31
7 61
7 72
7 82
7 110
7 135
7 173
7 202
7 215
7 218
7 219
7 224
7 241
7 246
7 259
7 261
7 286
7 309
8 57
8 95
8 126
8 134
8 236
9 90
9 92
9 99
9 147
9 160
9 162
9 174
9 200
9 258
10 30
10 85
10 113
10 173
10 179
10 233
10 304
11 42
11 129
11 134
11 174
11 236
12 90
12 140
12 182
13 18
13 73
13 107
13 127
13 128
13 149
13 193
13 222
13 310
14 31
14 100
14 106
15 78
15 97
15 219
15 279
15 291
16 53
16 76
16 247
17 31
17 121
17 123
17 126
17 131
17 158
17 171
17 218
17 280
17 314
18 20
18 41
18 175
18 232
18 257
18 278
18 280
19 204
20 28
20 31
20 75
20 85
20 126
20 163
20 166
20 226
21 29
21 81
21 154
22 32
22 100
22 130
22 315
23 98
23 111
23 127
23 129
23 149
24 77
24 86
24 159
24 201
24 225
25 143
25 157
25 200
25 241
26 90
26 100
26 144
27 78
27 122
27 125
27 136
27 146
27 233
28 35
28 41
28 80
28 115
28 122
28 124
28 195
28 309
29 38
29 80
29 105
29 117
29 124
29 160
29 174
29 191
29 309
31 72
31 82
31 99
31 150
32 89
32 97
32 123
32 129
32 157
32 222
33 42
33 95
33 129
33 196
34 122
34 129
34 139
34 192
34 208
34 234
34 236
34 262
34 313
35 36
35 51
35 115
35 124
35 127
35 129
35 140
35 177
35 232
35 243
35 247
35 249
35 252
35 265
35 279
36 48
36 63
36 121
36 122
36 123
36 202
37 40
37 42
37 68
37 72
37 103
37 111
37 180
37 195
37 202
37 238
38 175
38 195
39 61
39 89
39 128
39 129
39 159
39 234
40 67
40 127
40 179
40 216
40 244
41 77
41 85
41 112
41 125
41 160
41 165
41 181
41 281
42 117
42 126
42 151
42 188
42 205
42 207
42 217
42 238
42 252
42 257
43 233
44 128
44 228
44 255
45 71
45 133
46 52
46 85
46 122
46 181
46 233
48 233
49 113
49 114
49 126
49 128
49 182
49 224
49 280
50 193
51 129
51 147
51 163
51 168
51 180
51 199
51 203
51 237
52 127
52 186
52 231
53 100
53 120
53 200
53 243
53 288
54 143
54 173
54 174
54 187
54 195
54 266
54 293
55 80
55 85
55 91
55 106
55 123
55 228
56 115
56 126
56 127
56 209
56 216
56 219
56 240
57 75
57 105
57 107
57 175
57 209
58 106
58 117
58 123
58 240
59 126
59 151
59 173
59 214
59 219
59 276
59 288
59 309
60 67
60 76
60 125
60 126
61 66
61 123
61 127
61 155
61 160
61 199
61 268
62 114
62 123
62 226
63 99
63 294
64 125
64 209
64 231
64 232
64 233
65 140
65 215
65 226
66 78
66 102
66 104
66 124
67 102
67 106
67 129
67 133
67 174
67 204
67 215
67 218
67 220
67 267
68 116
68 128
69 129
70 109
70 218
70 221
70 266
70 283
70 288
71 123
71 209
72 85
72 260
72 264
72 279
72 310
73 121
73 203
73 223
73 234
74 125
74 127
74 215
74 239
75 79
75 89
75 100
75 124
75 125
75 130
75 135
75 156
76 105
76 126
76 210
76 236
76 271
77 83
77 85
77 91
77 92
77 100
77 107
77 113
77 121
77 124
77 180
77 197
77 207
77 234
77 257
78 249
79 87
79 206
79 208
79 279
80 85
80 126
80 134
80 257
81 134
81 235
81 266
82 99
82 229
83 121
83 126
83 128
83 129
83 180
83 245
84 85
84 112
84 153
84 160
84 219
84 314
85 88
85 112
85 126
85 134
85 155
85 172
85 189
85 203
85 227
85 300
86 112
86 126
86 138
86 227
86 233
87 153
87 267
87 299
88 125
88 267
89 121
89 125
89 141
89 217
89 266
90 106
90 122
90 123
90 126
90 160
90 167
90 183
90 199
90 204
90 232
90 267
90 299
90 309
91 210
91 212
92 159
92 226
93 119
93 157
93 206
93 208
93 234
94 128
94 233
94 241
95 115
95 119
95 121
95 131
95 137
95 160
95 233
95 241
95 247
95 249
95 261
95 299
96 112
96 169
96 192
96 232
96 271
97 131
97 134
97 187
97 245
97 278
98 104
98 110
98 119
98 233
99 102
99 110
99 115
99 121
99 143
99 168
99 179
99 219
99 233
99 259
99 265
99 291
99 292
99 304
99 309
100 121
100 124
100 127
100 129
100 134
100 153
100 219
100 223
100 232
100 279
100 288
100 308
101 158
101 275
102 195
102 260
103 123
103 126
103 145
103 147
103 217
103 257
104 127
104 162
104 225
104 275
104 294
104 309
105 121
105 148
105 237
105 304
106 124
106 132
106 150
106 173
106 177
106 201
106 241
107 108
107 126
107 139
107 189
107 219
107 220
107 268
108 188
108 286
110 124
110 160
110 181
110 185
110 233
110 265
111 170
111 206
111 279
112 147
112 185
112 208
112 224
112 241
112 243
112 291
113 125
113 134
113 268
113 297
113 301
115 155
115 234
115 309
116 208
116 276
117 121
117 125
117 127
117 144
117 150
117 158
117 310
118 183
118 264
119 185
119 228
119 234
120 122
120 147
120 209
120 241
120 279
121 123
121 127
121 129
121 134
121 151
121 159
121 196
121 204
121 211
121 212
121 219
121 223
121 232
121 234
121 238
121 259
121 264
121 266
121 309
122 126
122 128
122 129
122 151
122 152
122 160
122 162
122 168
122 189
122 195
122 201
122 203
122 207
122 209
122 210
122 219
122 224
122 228
122 232
122 233
122 235
122 274
122 286
122 293
122 310
123 127
123 128
123 132
123 166
123 178
123 183
123 204
123 212
123 219
123 228
123 239
123 246
123 261
123 266
123 279
123 286
123 293
123 309
124 125
124 126
124 128
124 134
124 158
124 180
124 204
124 206
124 233
124 260
124 278
124 280
124 310
125 129
125 138
125 158
125 159
125 174
125 178
125 186
125 200
125 201
125 219
125 228
125 232
125 233
125 241
125 256
125 259
125 261
125 282
125 286
125 291
125 314
126 127
126 134
126 204
126 219
126 223
126 226
126 232
126 310
126 313
127 141
127 153
127 168
127 180
127 189
127 218
127 231
127 233
127 235
127 250
127 252
127 264
127 282
127 285
128 129
128 134
128 143
128 156
128 160
128 208
128 219
128 221
128 224
128 228
128 238
128 243
128 245
128 271
128 282
128 285
129 141
129 147
129 158
129 173
129 180
129 200
129 218
129 232
129 235
129 240
129 247
129 264
129 299
129 304
130 278
131 162
131 169
131 171
131 304
131 313
132 165
132 188
132 203
132 294
133 189
133 200
133 268
134 135
134 180
134 233
134 234
134 247
134 261
134 271
134 288
135 140
135 146
135 160
135 195
135 206
135 235
136 166
136 178
136 192
137 163
138 238
139 204
139 209
139 215
139 307
140 197
140 209
140 234
140 272
141 188
142 235
142 238
142 250
143 175
143 235
144 194
144 279
145 148
148 232
149 158
149 200
151 207
151 264
152 180
152 238
153 200
153 264
153 265
155 267
156 237
157 226
157 265
158 163
158 219
158 279
159 238
159 252
159 282
159 315
160 164
160 192
160 203
160 213
160 216
160 252
160 254
160 280
162 223
162 226
162 265
162 279
163 204
163 218
163 226
163 235
163 257
163 309
164 216
165 204
165 208
165 233
165 236
165 309
167 246
167 297
168 185
168 233
168 234
168 281
168 297
168 301
168 311
168 314
169 221
169 232
169 235
170 182
170 210
170 223
170 259
171 241
171 247
171 304
172 252
173 200
173 212
173 234
174 217
174 223
174 266
175 182
175 265
175 274
176 241
176 279
178 180
178 204
179 206
180 193
180 208
180 221
181 234
181 241
182 208
182 210
182 233
182 257
183 230
184 197
185 259
186 234
186 235
186 237
186 261
188 215
188 237
188 271
189 204
189 212
189 216
189 217
189 223
189 261
191 209
192 223
192 234
193 220
193 299
195 204
195 226
195 231
195 237
195 286
195 309
197 232
198 218
198 235
199 219
199 241
200 261
201 238
201 279
201 307
202 304
202 309
203 257
203 274
204 212
204 219
204 223
204 261
204 291
205 264
205 294
206 219
206 234
206 280
207 237
208 309
209 274
209 279
211 279
211 280
211 283
214 246
214 253
214 305
215 245
215 288
216 234
217 235
217 312
218 233
218 235
218 236
218 276
219 226
219 255
219 257
219 279
219 298
219 304
220 231
220 235
220 267
220 291
221 271
221 309
222 274
223 235
223 238
223 281
223 309
224 246
225 233
226 232
226 233
226 234
226 235
226 237
226 243
226 269
227 253
229 292
230 276
231 246
231 292
232 233
232 235
232 259
232 266
232 279
233 240
233 257
233 274
233 275
233 309
234 235
234 239
234 252
234 266
234 268
234 272
234 273
234 286
234 299
234 315
235 253
235 265
235 273
235 279
235 280
235 288
235 302
240 267
241 304
243 249
243 259
243 304
244 248
246 261
247 252
247 257
249 268
252 264
256 285
257 266
257 306
260 283
260 304
262 304
264 279
266 276
266 286
275 279
279 314
280 309
284 306
288 315
291 296
309 314
