0 35
0 39
0 91
1 75
1 123
1 163
1 234
2 5
2 116
2 173
2 183
2 214
2 220
2 233
2 296
2 304
3 7
3 54
3 80
3 124
3 127
3 128
3 129
3 169
3 177
3 218
3 220
4 52
4 121
4 154
4 157
4 257
4 266
5 8
5 9
5 76
5 86
5 103
5 110
5 125
5 128
5 252
5 285
5 288
5 309
5 313
6 17
6 67
6 91
6 115
6 125
6 128
6 137
6 140
6 200
6 233
6 234
7 12
7 35
7 83
7 89
7 103
7 115
7 121
7 123
7 133
7 141
7 168
7 179
7 182
7 226
7 266
7 288
8 10
8 168
8 169
8 279
8 286
9 10
9 94
9 100
9 121
9 185
9 188
9 225
9 257
9 279
10 35
10 41
10 51
10 59
10 76
10 83
10 180
10 213
10 238
11 70
11 95
11 123
11 163
11 233
12 124
12 134
12 219
12 236
12 252
12 294
13 61
13 120
13 182
13 204
13 220
13 235
13 252
14 84
14 106
14 187
15 124
15 180
16 18
16 26
16 56
16 59
16 213
16 271
16 304
17 23
17 42
17 80
17 90
17 106
17 117
17 134
17 193
17 200
17 201
17 204
17 230
17 232
17 236
17 249
18 52
18 55
18 72
18 77
18 124
18 207
18 267
19 89
19 168
19 197
20 85
20 119
20 188
20 223
20 232
20 254
21 37
21 50
21 121
21 123
21 234
22 52
22 99
22 180
22 220
22 257
23 99
23 107
23 110
23 204
23 209
23 246
24 106
24 127
24 134
24 183
24 275
25 34
25 83
25 125
25 128
26 70
26 122
26 151
26 223
27 95
27 121
27 126
27 170
27 208
28 44
28 79
28 89
28 127
28 154
28 161
28 173
28 232
29 127
29 129
29 142
29 164
29 184
29 185
29 215
29 313
30 208
30 236
30 305
31 93
31 128
31 135
31 202
31 267
32 175
32 286
33 121
33 123
33 137
33 162
33 195
33 235
33 246
33 259
34 129
34 135
34 174
34 183
34 234
35 41
35 54
35 85
35 95
35 119
35 125
35 126
35 129
35 132
35 158
35 163
35 279
35 283
35 290
35 309
36 40
36 55
36 59
36 85
36 108
36 115
36 166
36 178
36 195
36 221
36 234
36 271
37 100
37 124
37 276
37 295
38 154
38 217
39 88
39 119
39 121
39 133
39 139
39 192
39 195
39 204
39 218
39 231
40 72
40 76
40 127
40 160
40 165
40 195
40 201
40 214
40 253
40 262
41 48
41 51
41 82
41 101
41 121
41 126
41 185
41 252
41 304
42 52
42 99
42 104
42 119
42 122
42 160
42 183
42 201
42 259
42 260
42 302
42 314
43 83
43 124
43 134
44 125
44 163
44 204
44 224
44 232
44 282
44 286
46 96
46 166
46 313
47 90
47 232
47 277
47 307
49 122
49 124
49 136
49 178
49 181
49 244
49 262
50 268
51 74
51 75
51 77
51 116
51 122
51 129
51 143
51 168
51 202
51 220
51 264
51 305
51 314
52 74
52 117
52 125
52 154
52 156
52 160
52 193
52 267
53 223
53 279
54 56
54 68
54 104
54 195
54 196
54 253
54 263
54 275
55 126
55 129
55 239
55 278
55 297
56 108
56 112
56 124
56 152
56 189
56 233
56 255
56 260
56 279
57 77
57 118
57 129
57 174
57 190
57 207
58 122
58 218
58 222
58 235
58 288
59 100
59 135
59 207
59 234
59 314
60 69
60 85
60 223
60 257
60 296
61 127
61 131
61 185
61 201
61 240
61 264
62 73
62 125
62 214
62 230
63 167
64 121
65 233
65 275
66 97
66 124
66 185
66 238
66 250
66 267
66 285
67 106
67 225
67 232
67 238
68 121
68 134
68 223
69 123
69 128
69 164
70 117
70 141
70 194
70 210
72 75
72 117
72 121
72 123
72 195
72 246
73 153
74 127
74 134
74 180
75 76
75 145
75 173
75 204
75 278
75 311
76 87
76 100
76 104
76 121
76 125
76 126
76 135
76 286
77 79
77 97
77 99
77 117
77 123
77 126
77 127
77 128
77 166
77 171
77 189
77 192
77 216
77 219
77 220
77 225
77 250
77 266
77 313
79 123
79 198
79 238
80 100
80 127
80 138
80 149
80 175
80 195
80 202
81 111
81 115
81 132
81 162
81 209
81 212
81 224
81 245
82 123
82 264
83 90
83 112
83 283
84 99
84 132
84 219
84 222
84 233
84 257
85 121
85 129
85 214
85 225
85 226
85 274
86 125
86 151
86 262
86 283
86 287
87 93
87 188
87 202
88 129
88 160
89 233
89 265
89 304
90 106
90 115
90 128
90 159
90 213
90 311
91 122
91 123
91 125
91 162
91 165
91 226
92 232
92 234
93 123
93 124
93 127
93 173
93 215
93 257
93 264
94 189
95 103
95 105
95 125
95 140
95 163
95 201
95 214
95 217
95 233
95 292
95 309
96 206
96 229
97 105
97 119
97 250
97 265
97 277
98 109
98 125
98 126
98 134
98 165
98 206
99 102
99 107
99 158
99 177
99 204
99 234
99 252
99 280
100 122
100 125
100 127
100 128
100 142
100 153
100 156
100 157
100 187
100 219
100 223
100 252
100 265
100 272
100 293
100 309
101 113
102 112
102 124
102 159
102 169
102 292
103 174
104 121
104 169
104 214
104 299
105 124
105 142
105 184
105 216
105 275
105 279
105 284
106 129
106 169
106 183
106 253
106 259
106 260
106 266
107 121
107 126
107 132
107 136
107 139
107 226
107 234
108 127
108 202
108 226
108 232
109 128
109 174
110 124
110 128
110 148
110 182
110 184
110 185
110 212
110 272
110 286
110 307
111 127
111 130
111 131
111 160
111 226
111 228
111 258
111 297
112 181
112 232
112 236
112 253
112 277
113 122
114 149
114 292
115 217
115 232
115 249
115 264
115 273
116 258
117 170
117 217
117 247
117 259
117 266
117 275
117 298
118 206
118 229
118 240
119 121
119 231
119 232
120 160
120 215
120 292
120 299
120 304
121 123
121 127
121 128
121 134
121 156
121 163
121 182
121 183
121 203
121 206
121 216
121 220
121 222
121 232
121 245
121 247
121 263
121 266
122 123
122 124
122 128
122 129
122 139
122 167
122 172
122 174
122 188
122 201
122 205
122 206
122 218
122 232
122 236
122 241
122 255
122 268
122 295
122 307
122 311
123 124
123 128
123 185
123 230
123 235
123 237
123 246
123 266
123 276
123 291
123 309
124 127
124 129
124 140
124 146
124 155
124 158
124 160
124 161
124 178
124 180
124 186
124 193
124 206
124 226
124 239
124 253
124 265
124 266
124 275
124 285
124 288
125 135
125 143
125 153
125 181
125 195
125 199
125 210
125 212
125 225
125 226
125 247
125 261
125 266
125 286
125 306
126 136
126 143
126 189
126 198
126 202
126 204
126 206
126 208
126 235
126 236
126 257
126 267
126 285
127 131
127 134
127 135
127 139
127 151
127 152
127 200
127 217
127 233
127 253
127 264
127 273
127 282
128 132
128 164
128 195
128 205
128 206
128 220
128 232
128 233
128 235
128 249
128 268
128 272
128 292
128 306
129 147
129 201
129 204
129 216
129 218
129 228
129 232
129 233
129 235
129 237
129 244
129 247
129 276
129 309
130 134
130 176
130 267
130 288
131 234
131 265
131 309
132 134
132 149
132 182
132 301
133 232
133 233
134 136
134 152
134 186
134 204
134 221
134 232
134 248
134 260
134 276
134 287
134 309
134 312
135 147
135 160
135 175
135 237
135 256
136 258
137 210
137 225
137 260
137 288
138 171
138 185
138 190
138 197
138 257
139 140
139 195
139 197
139 253
140 160
140 238
141 166
141 169
141 233
141 274
142 204
144 169
144 180
144 230
144 234
145 169
145 234
145 264
146 161
147 154
147 197
147 219
147 232
147 249
148 177
149 183
149 185
150 156
151 154
151 278
151 303
152 180
153 266
154 166
155 195
155 204
155 233
155 266
156 180
157 222
157 236
158 162
158 174
158 190
158 226
158 241
158 263
158 293
159 160
159 219
160 174
160 227
160 230
160 234
160 235
161 175
161 226
162 232
162 234
162 280
162 313
163 192
163 233
163 252
163 279
164 243
165 218
165 222
165 261
165 266
165 304
165 307
166 195
168 173
168 185
168 206
168 233
168 253
168 263
168 273
168 305
168 314
169 218
169 225
169 295
170 220
170 280
170 309
171 201
171 234
173 207
173 219
173 226
175 196
175 214
176 188
176 239
176 249
177 226
177 239
177 309
178 191
178 216
178 274
179 206
179 304
180 188
180 226
180 252
180 271
181 192
181 314
182 186
182 187
182 309
183 197
183 199
183 204
183 231
183 253
185 218
185 219
185 223
185 249
185 252
185 269
185 271
186 224
188 238
188 315
189 206
189 240
189 257
192 271
193 232
194 226
194 285
195 215
195 226
195 279
195 287
195 288
195 290
196 223
196 292
197 226
197 302
199 233
199 238
199 266
199 276
199 277
199 289
199 303
200 232
201 207
201 216
201 217
201 219
201 226
201 274
201 309
201 313
201 314
202 228
202 253
202 257
202 265
203 266
203 275
204 234
204 236
204 266
204 267
204 313
205 209
206 213
206 232
206 299
207 225
207 232
207 275
207 309
208 269
209 217
211 278
212 221
212 223
212 266
214 305
215 273
215 304
216 284
216 306
217 232
217 313
218 236
218 292
219 240
219 261
219 304
220 257
221 232
221 244
221 290
222 269
223 227
223 235
223 309
223 312
224 233
224 274
224 285
226 234
226 235
226 249
226 255
226 268
226 299
227 234
228 279
231 253
231 254
231 258
231 272
232 247
233 259
233 262
233 264
233 274
233 277
233 290
234 237
234 252
234 257
234 261
234 280
235 279
235 315
237 308
238 309
240 272
241 245
241 258
241 266
241 275
243 282
243 286
246 252
247 274
247 279
247 307
250 276
252 277
252 280
252 298
253 309
255 257
261 297
262 309
263 280
264 279
265 297
266 275
268 309
273 286
275 288
275 309
277 296
282 313
283 297
283 314
287 305
288 294
306 313
