0 36
0 234
0 241
1 129
1 180
1 288
1 309
2 35
2 44
2 70
2 71
2 121
2 124
2 202
2 225
2 226
2 279
3 17
3 315
4 36
4 128
4 139
4 143
4 206
4 220
4 224
4 310
5 76
5 90
5 94
5 110
5 123
5 126
5 163
5 168
5 232
5 257
6 17
6 25
6 66
6 121
6 122
6 200
6 226
6 304
7 40
7 67
7 124
7 129
7 179
7 210
7 233
7 242
7 243
7 246
7 294
8 72
8 91
9 29
9 36
9 61
9 93
10 61
10 123
10 131
10 165
10 166
10 261
10 296
11 16
11 103
11 122
11 196
11 292
12 55
12 71
12 88
12 243
13 66
13 122
13 125
13 128
13 163
13 166
13 283
14 16
14 61
14 121
14 234
14 253
15 35
15 61
15 129
15 259
16 135
16 160
16 268
16 302
17 24
17 39
17 76
17 128
17 150
17 155
17 178
17 183
17 208
17 220
17 234
17 255
17 293
18 59
18 112
18 139
18 145
18 168
18 238
18 315
19 124
19 279
20 77
20 79
20 107
20 110
20 112
20 121
20 162
20 307
21 51
21 112
21 197
22 72
22 154
22 174
22 206
22 261
22 302
23 116
23 122
23 124
23 129
23 134
23 159
23 167
23 241
24 90
24 121
24 123
25 141
25 217
26 108
26 221
26 267
27 34
27 119
27 124
27 126
28 31
28 100
28 104
28 192
28 268
28 292
29 63
29 100
29 108
29 135
29 154
29 158
29 170
29 200
29 218
29 233
29 252
30 77
30 85
30 235
31 129
31 166
32 77
32 95
32 125
32 135
32 144
32 194
32 218
33 100
33 104
33 231
33 235
34 35
34 52
34 100
34 124
34 127
34 298
34 308
35 72
35 75
35 77
35 79
35 110
35 122
35 124
35 127
35 128
35 137
35 140
35 150
35 165
35 172
35 208
35 232
35 259
35 270
36 117
36 121
36 146
36 169
36 174
36 223
36 241
36 286
36 304
36 309
37 63
37 99
37 200
37 283
38 44
38 122
38 235
39 55
39 90
39 96
39 126
39 129
39 131
39 134
39 144
39 190
39 204
39 225
40 128
40 135
40 142
40 201
40 202
40 223
40 232
40 236
40 241
41 94
41 129
41 174
41 198
41 233
41 234
42 82
42 105
42 123
42 125
42 158
42 160
42 165
42 177
42 180
42 195
42 200
42 215
42 234
43 203
44 49
44 75
44 98
44 100
44 163
44 208
46 232
46 309
47 154
49 52
49 103
49 133
49 160
49 226
50 123
50 226
50 313
51 160
51 200
51 304
51 308
52 69
52 90
52 97
52 100
52 123
52 127
52 175
52 237
52 238
52 279
53 275
54 116
54 154
54 250
54 259
54 261
54 298
55 240
55 293
56 100
56 123
56 125
56 131
56 171
56 182
57 70
57 75
57 103
57 126
57 203
57 216
57 304
58 129
58 134
58 153
58 203
58 220
58 247
59 90
59 112
59 130
59 196
59 201
60 204
61 89
61 90
61 92
61 97
61 122
61 140
61 237
61 288
62 266
62 309
63 309
64 67
64 111
64 159
64 177
65 110
65 121
65 134
65 204
66 123
66 138
66 151
66 156
66 207
66 238
66 266
66 279
66 314
67 116
67 121
67 170
67 200
68 82
68 83
68 90
68 202
68 214
68 230
68 232
68 259
68 291
69 98
69 160
70 125
70 262
71 100
71 134
71 153
71 228
72 110
72 122
72 125
72 172
72 173
72 234
72 267
73 81
73 100
73 112
73 124
73 139
73 167
73 180
73 188
73 223
73 235
73 262
73 268
73 297
73 304
74 177
74 232
74 256
75 84
75 89
75 121
75 122
75 142
75 234
75 269
76 90
76 99
76 122
76 189
76 232
76 234
76 239
76 241
76 243
76 246
76 261
76 279
77 95
77 100
77 166
77 174
77 200
77 206
77 275
78 142
78 268
79 112
79 120
79 202
79 232
79 249
79 276
79 288
80 232
81 86
81 144
81 292
82 124
82 186
82 199
82 268
82 304
83 209
83 252
84 129
84 135
84 155
84 173
84 180
84 223
84 225
84 253
85 106
85 126
85 140
85 169
85 193
85 226
85 232
85 243
85 244
85 264
85 281
86 92
86 259
87 166
87 181
87 188
87 190
88 311
89 122
89 127
89 128
89 135
89 137
89 141
89 179
89 206
89 216
89 225
89 288
89 303
90 99
90 101
90 121
90 125
90 127
90 138
90 140
90 162
90 202
90 206
90 232
90 241
90 287
90 304
91 103
91 309
92 96
92 128
92 246
93 123
94 290
95 142
95 163
95 215
95 224
95 226
95 302
96 170
96 173
96 310
97 146
97 227
97 233
98 129
98 202
98 215
99 129
99 156
99 170
99 181
99 194
99 201
99 204
99 226
99 258
99 269
99 313
100 101
100 123
100 127
100 129
100 132
100 140
100 143
100 166
100 198
100 206
100 208
100 219
100 233
100 263
100 285
100 297
101 109
101 204
102 135
102 204
103 154
103 166
103 172
103 285
104 125
104 144
104 230
104 233
104 250
105 111
105 172
105 302
106 112
106 126
106 173
106 178
106 223
106 236
106 277
106 283
106 299
106 309
107 121
107 226
107 309
108 124
108 148
108 279
110 124
110 126
110 143
110 199
110 206
110 209
111 122
111 129
111 189
111 271
112 121
112 218
112 232
112 233
112 268
112 279
112 299
113 125
113 274
114 221
115 225
115 234
115 267
117 120
117 134
117 149
117 151
117 178
117 212
117 233
117 235
117 262
117 271
117 273
119 126
119 238
119 266
120 126
120 139
120 157
120 165
120 199
120 241
120 279
121 124
121 140
121 141
121 158
121 166
121 177
121 193
121 209
121 223
121 225
121 230
121 233
121 234
121 235
121 271
121 275
121 279
121 309
121 311
122 123
122 126
122 145
122 148
122 161
122 173
122 204
122 206
122 208
122 213
122 226
122 238
122 257
122 281
122 283
122 299
122 309
122 313
122 314
122 315
123 125
123 127
123 129
123 139
123 142
123 153
123 168
123 170
123 180
123 181
123 203
123 204
123 221
123 227
123 228
123 232
123 236
123 256
123 261
123 278
123 298
123 304
124 125
124 155
124 174
124 201
124 204
124 214
124 218
124 223
124 232
124 234
124 237
124 251
124 253
124 285
125 126
125 135
125 173
125 181
125 185
125 192
125 195
125 215
125 234
125 252
125 257
125 264
125 266
125 288
125 290
126 134
126 140
126 183
126 203
126 204
126 206
126 215
126 218
126 221
126 225
126 227
126 234
126 235
126 240
126 252
126 261
126 273
126 279
126 309
126 312
126 313
127 140
127 158
127 172
127 182
127 204
127 207
127 223
127 224
127 232
127 233
127 235
127 245
127 246
127 259
127 275
128 135
128 139
128 147
128 152
128 160
128 170
128 185
128 189
128 190
128 206
128 266
128 297
128 304
128 306
129 140
129 146
129 173
129 185
129 264
129 266
129 299
129 304
130 165
131 140
131 234
131 257
132 206
132 233
133 184
133 212
133 248
134 139
134 152
134 180
134 201
134 235
134 268
134 274
134 302
134 304
135 169
135 217
135 234
135 308
136 304
137 172
137 201
137 232
137 266
137 280
138 296
139 188
139 232
139 233
139 246
139 275
139 310
140 141
140 247
140 252
141 167
141 168
141 194
141 202
141 203
141 257
142 206
142 246
143 144
143 183
143 195
143 286
143 293
144 148
144 160
145 166
147 158
147 201
147 314
149 159
151 240
151 309
153 185
153 195
153 255
154 235
155 234
155 235
155 271
155 290
156 163
156 277
157 232
158 199
158 234
158 252
158 261
159 204
160 163
160 177
160 183
160 189
160 194
160 199
160 215
160 243
160 259
161 234
162 189
162 294
163 224
164 227
164 234
164 292
165 169
165 181
165 228
165 233
165 235
165 253
165 263
166 173
166 266
166 279
167 235
168 172
168 233
168 292
170 179
170 192
170 211
170 287
170 292
172 191
172 216
172 275
172 297
173 215
173 223
173 243
173 267
173 309
174 195
174 201
174 233
174 271
175 261
176 233
177 264
178 238
178 249
178 288
180 203
180 226
180 233
180 239
180 268
180 309
181 203
181 216
181 221
181 286
182 197
182 221
182 238
183 204
183 226
183 264
183 272
183 280
184 199
185 206
185 218
185 233
186 286
188 235
188 266
188 286
189 197
189 235
189 239
189 247
189 257
189 264
189 274
190 232
190 297
191 305
192 204
192 274
192 280
195 206
195 215
196 226
197 226
197 259
197 260
197 288
198 292
199 304
200 201
200 203
200 233
201 232
201 247
201 259
202 309
203 269
204 220
204 306
206 267
206 279
207 212
207 226
207 233
207 240
207 304
207 313
208 221
208 266
209 219
209 233
209 241
210 219
210 233
210 276
211 223
212 226
214 233
215 222
216 264
218 231
218 309
219 226
219 265
219 315
221 240
221 252
222 302
223 253
224 264
226 232
226 265
226 274
226 285
227 235
228 267
228 276
229 309
232 235
232 243
232 264
232 266
232 273
233 254
233 279
233 291
233 294
233 296
234 268
234 273
234 285
234 287
234 313
234 314
234 315
235 304
236 261
236 296
236 304
237 311
238 246
238 265
238 267
239 264
239 275
240 263
241 279
241 294
242 297
243 247
245 309
246 286
247 310
248 292
250 273
251 283
251 293
252 295
256 288
259 268
259 283
259 308
264 276
264 296
266 273
267 309
267 310
268 297
268 305
268 309
272 277
277 309
288 306
288 309
296 302
296 313
302 309
309 313
312 313
