0 17
0 82
0 121
0 271
0 280
1 106
1 217
1 227
2 26
2 33
2 80
2 83
2 93
2 121
2 123
2 128
2 139
2 156
2 158
2 286
3 10
3 90
3 181
3 211
3 314
4 126
4 180
4 226
4 232
4 280
5 30
5 34
5 44
5 85
5 112
5 125
5 135
5 151
5 157
5 170
5 174
5 207
5 222
5 241
5 252
5 259
6 13
6 49
6 53
6 97
6 234
6 236
6 296
7 24
7 76
7 127
7 139
7 187
7 207
7 218
7 235
7 259
7 309
8 24
8 85
8 90
8 115
8 131
9 180
9 232
10 122
10 128
10 201
10 214
10 224
10 229
10 233
10 234
10 280
11 28
11 61
11 164
11 243
11 267
12 73
12 87
12 104
12 199
12 279
13 62
13 124
13 235
13 245
13 292
14 36
14 174
14 304
14 309
15 73
15 216
15 241
16 25
16 52
16 91
16 123
16 233
16 235
16 268
17 18
17 24
17 36
17 75
17 89
17 122
17 134
17 140
17 202
17 217
17 221
17 264
17 279
17 289
17 309
18 23
18 24
18 77
18 156
18 226
19 73
19 105
19 185
19 194
20 32
20 107
20 121
20 128
20 232
20 246
20 293
20 304
21 107
21 151
21 235
21 236
22 42
22 76
22 82
22 100
22 205
22 271
22 273
23 54
23 76
23 81
23 95
23 135
24 32
24 76
24 132
24 309
26 38
26 84
26 88
26 125
26 176
26 232
27 76
27 100
27 235
27 279
28 47
28 69
28 86
28 127
28 129
28 174
28 247
28 264
28 298
29 44
29 77
29 99
29 105
29 122
29 127
29 209
29 223
29 238
29 260
29 261
30 91
30 115
30 168
30 175
30 309
31 75
31 81
31 93
31 129
31 233
31 267
32 39
32 79
32 102
32 125
32 126
32 187
32 221
32 222
32 233
32 309
32 310
33 40
33 50
33 128
34 40
34 121
34 140
34 253
34 312
35 39
35 99
35 100
35 117
35 122
35 123
35 124
35 127
35 143
35 162
35 198
35 234
35 264
35 265
35 272
35 302
35 309
35 314
36 76
36 158
36 181
36 220
36 259
37 143
37 160
37 168
37 178
37 240
37 280
38 77
38 124
38 127
38 266
39 44
39 45
39 74
39 123
39 129
39 133
39 212
39 220
40 59
40 103
40 153
40 200
40 233
40 238
40 245
40 249
40 259
40 269
40 284
41 90
41 117
41 122
41 135
41 149
41 180
41 189
41 192
41 202
41 228
41 251
41 282
41 288
41 299
42 56
42 83
42 85
42 111
42 121
42 133
42 147
42 182
42 192
42 197
42 206
42 220
42 250
42 266
44 78
44 84
44 112
44 126
44 174
44 233
44 235
44 245
44 265
45 57
45 105
45 122
45 128
46 75
46 123
46 144
47 168
47 180
47 276
48 223
48 232
49 51
49 89
49 106
49 122
49 140
49 253
49 264
49 299
49 303
50 55
50 127
50 182
51 82
51 89
51 105
51 107
51 122
51 128
51 148
51 174
51 206
51 302
51 304
51 309
52 77
52 121
52 124
52 126
52 174
52 288
53 219
53 235
53 266
53 290
54 66
54 118
54 121
54 127
55 94
55 217
55 224
56 124
56 176
56 201
56 212
56 235
57 126
57 223
57 235
57 241
57 266
58 84
58 299
58 309
59 87
59 121
59 122
59 124
59 158
59 200
59 211
59 232
59 249
59 308
60 128
60 291
61 117
61 147
61 174
61 204
61 226
61 233
62 103
62 125
62 139
62 178
62 191
62 315
63 116
63 125
63 233
64 128
64 181
64 239
64 259
64 304
66 126
66 173
66 204
66 255
66 309
67 83
67 123
67 260
67 262
67 264
67 285
68 133
68 168
68 219
68 232
69 106
69 268
69 272
69 275
70 95
71 168
72 138
72 223
72 233
72 257
73 151
73 194
73 209
73 259
73 264
73 302
74 122
74 151
74 169
74 202
74 215
75 91
75 127
75 178
75 208
75 233
76 80
76 98
76 106
76 110
76 122
76 123
76 124
76 134
76 142
76 146
76 183
76 196
76 219
76 233
76 234
76 245
76 246
77 110
77 122
77 125
77 133
77 200
77 226
77 258
77 276
77 279
77 288
77 298
77 304
78 144
78 186
78 266
79 124
79 219
79 309
80 103
80 104
80 125
80 160
80 226
81 122
81 127
81 174
81 195
81 204
81 235
82 140
82 181
82 226
82 234
83 195
83 197
83 259
83 306
84 88
84 100
84 127
84 165
84 214
84 235
84 277
84 309
85 134
85 142
85 154
85 162
85 174
85 222
85 234
86 95
86 202
86 233
86 235
86 253
86 283
87 100
87 192
87 214
87 223
87 232
87 312
88 158
88 234
89 96
89 218
89 235
89 241
89 299
90 98
90 123
90 125
90 129
90 185
90 199
90 226
90 234
90 235
90 298
90 309
90 314
91 133
91 153
91 250
91 269
91 304
92 123
92 151
92 200
92 215
93 122
93 153
93 268
93 299
94 123
94 168
94 254
94 265
95 124
95 132
95 185
95 206
95 226
95 285
96 309
97 126
97 130
98 183
98 204
98 266
98 268
98 296
98 310
99 121
99 123
99 124
99 125
99 129
99 134
99 146
99 169
99 170
99 183
99 185
99 220
99 226
99 228
99 234
99 243
99 253
99 277
99 309
99 313
100 106
100 159
100 160
100 195
100 204
100 219
100 234
100 241
100 252
100 286
100 304
100 314
101 128
101 173
101 278
102 109
102 125
102 183
102 232
102 315
103 134
103 160
103 235
104 121
104 128
104 271
105 159
105 288
105 297
106 113
106 224
106 241
107 127
107 143
107 226
107 315
108 149
108 279
109 232
109 309
110 178
110 208
110 226
110 266
110 309
111 123
111 125
111 170
111 231
111 235
111 240
111 304
112 135
112 169
112 243
112 269
112 296
113 246
114 127
114 234
115 127
115 134
115 186
115 234
115 279
116 233
117 157
117 172
117 180
117 214
117 226
117 309
118 124
118 125
118 143
118 235
119 123
121 123
121 125
121 129
121 140
121 164
121 184
121 201
121 208
121 217
121 234
121 235
121 236
121 252
121 261
121 263
121 288
121 313
122 127
122 134
122 135
122 137
122 138
122 151
122 167
122 173
122 201
122 207
122 219
122 226
122 236
122 245
122 247
122 257
122 264
122 266
122 299
122 304
123 134
123 153
123 172
123 192
123 195
123 202
123 210
123 214
123 221
123 232
123 243
123 279
123 304
124 125
124 138
124 160
124 178
124 179
124 185
124 204
124 234
124 246
124 247
124 253
124 256
124 277
125 128
125 129
125 135
125 160
125 178
125 206
125 208
125 209
125 213
125 225
125 232
125 234
125 249
125 268
125 274
125 283
125 289
125 291
126 135
126 151
126 163
126 204
126 223
126 226
126 227
126 241
126 268
126 275
126 288
127 128
127 129
127 133
127 134
127 166
127 176
127 187
127 204
127 219
127 233
127 234
127 235
127 247
127 253
127 257
127 279
127 309
128 142
128 195
128 201
128 223
128 234
128 240
128 241
128 243
128 265
128 285
128 306
129 139
129 193
129 204
129 221
129 226
129 232
129 234
129 235
129 240
129 243
129 247
129 256
129 258
130 164
130 255
130 304
131 165
131 180
131 218
131 232
132 134
132 164
132 196
132 229
133 187
133 212
133 220
134 140
134 157
134 160
134 180
134 195
134 206
134 226
134 233
134 237
134 251
134 265
134 284
135 195
135 312
137 225
137 235
137 273
137 294
138 185
138 218
139 226
139 234
139 240
139 289
139 304
139 311
140 152
140 206
140 218
140 224
140 233
141 197
141 200
141 257
142 285
143 241
144 155
144 209
145 219
146 170
147 154
147 168
147 226
147 246
147 298
148 260
149 236
151 304
151 309
152 186
152 202
153 226
154 258
154 286
155 220
155 228
155 232
155 280
157 250
158 180
159 279
160 166
160 204
160 235
160 267
160 269
160 298
160 308
160 314
161 265
162 188
162 286
163 178
163 233
163 274
163 286
164 299
165 173
165 263
166 226
166 246
167 219
167 285
168 188
168 224
168 234
168 235
168 309
169 176
169 233
169 235
169 302
170 193
170 261
171 236
171 237
172 180
172 226
172 309
173 208
173 276
173 287
174 200
174 247
175 202
176 178
176 197
176 233
178 228
178 247
178 267
178 309
180 181
180 189
180 220
180 239
180 263
180 266
180 278
181 206
181 219
181 255
182 221
182 233
182 271
183 206
183 219
183 235
183 245
183 247
184 216
184 233
185 301
185 309
186 187
186 261
186 279
187 210
187 232
187 233
188 193
188 199
188 235
188 253
188 267
189 201
189 268
189 289
191 227
191 305
192 230
192 233
192 247
192 304
193 232
195 219
195 226
195 233
195 234
195 250
196 304
197 235
197 253
197 309
198 219
198 304
198 309
199 235
200 279
201 210
201 279
201 299
202 243
203 230
203 304
204 206
204 220
204 227
204 252
206 220
206 235
206 237
206 240
206 271
207 209
207 233
207 240
207 292
208 219
208 226
208 309
209 261
210 223
210 243
212 225
212 266
212 313
214 240
214 267
214 288
215 308
216 234
216 235
216 241
216 278
217 226
217 240
219 223
219 226
219 237
219 266
219 284
220 232
220 304
221 224
221 249
223 224
223 261
223 279
223 307
226 238
226 254
226 309
227 313
228 304
231 246
231 266
232 234
232 238
232 241
232 279
232 291
232 309
233 252
233 259
233 266
233 269
233 275
233 277
234 247
234 259
234 275
235 252
235 269
235 276
235 279
236 266
236 273
237 311
237 313
238 246
240 271
240 280
240 285
241 261
241 267
244 280
244 305
246 307
250 288
253 277
256 280
257 308
259 309
262 304
264 270
266 268
266 301
267 289
267 299
267 304
273 276
274 309
276 309
279 306
280 314
288 309
290 309
291 297
305 306
