0 89
0 272
1 6
2 35
2 129
2 139
2 165
2 169
3 10
3 118
3 125
3 126
3 189
3 202
3 229
3 252
4 35
4 41
4 84
4 113
4 143
4 201
4 259
5 24
5 90
5 113
5 115
5 127
5 134
5 189
5 192
5 198
5 204
5 209
5 233
5 241
5 282
6 20
6 42
6 81
6 99
6 110
6 122
6 124
6 127
6 134
6 137
6 188
6 223
6 233
6 247
6 263
7 16
7 21
7 34
7 90
7 106
7 124
7 125
7 126
7 129
7 137
7 139
7 167
7 223
7 235
7 251
7 262
8 114
9 27
9 52
9 212
10 85
10 178
10 183
10 199
10 200
10 298
11 134
11 202
11 232
11 237
11 264
11 279
12 56
12 81
12 134
12 154
12 156
12 163
12 207
12 219
12 235
12 304
13 36
13 73
13 129
13 139
13 149
13 164
13 231
13 239
13 241
13 264
14 74
14 124
14 129
14 160
14 203
14 275
15 156
15 226
15 240
16 41
16 117
16 122
16 125
16 126
16 127
16 129
16 158
16 165
16 219
16 309
17 63
17 85
17 122
17 125
17 130
17 160
17 168
17 199
17 235
18 56
18 128
18 141
18 163
18 194
18 252
18 270
19 125
19 136
20 99
20 111
20 122
20 129
20 143
20 197
20 239
21 90
21 217
23 108
23 129
23 137
23 180
23 267
23 279
23 286
24 29
24 46
24 99
24 127
24 158
24 232
24 264
24 274
24 278
24 297
25 64
25 125
26 261
27 40
27 202
28 36
28 124
28 206
28 263
29 35
29 109
29 123
29 215
29 264
29 266
29 268
30 35
30 54
30 77
30 116
30 206
30 264
31 52
31 90
31 98
31 100
31 121
31 129
31 134
31 138
31 250
32 64
32 143
32 168
32 204
32 232
32 234
32 279
32 315
33 57
33 93
33 198
34 59
34 105
34 127
34 200
34 210
34 224
34 293
35 39
35 40
35 51
35 86
35 122
35 123
35 134
35 168
35 204
35 226
35 233
35 246
35 279
35 280
35 308
35 309
36 55
36 77
36 79
36 229
36 234
36 267
36 290
37 65
37 77
37 82
37 99
37 168
37 239
38 136
38 178
38 189
38 240
38 305
39 116
39 117
39 122
39 220
39 221
39 236
40 52
40 84
40 126
40 127
40 129
40 162
40 207
40 234
40 260
40 305
40 309
41 76
41 90
41 98
41 100
41 143
41 204
41 217
41 267
41 299
42 46
42 54
42 119
42 121
42 122
42 142
42 151
42 179
42 226
42 236
42 305
43 234
43 288
43 309
44 45
44 128
44 141
44 204
45 52
46 122
46 142
46 207
46 294
47 150
47 232
48 304
49 105
49 111
49 123
49 148
49 155
49 189
49 219
49 261
49 262
49 266
49 297
50 124
50 309
51 90
51 126
51 235
51 264
51 266
51 315
52 65
52 124
52 138
52 185
52 305
53 239
54 90
54 100
54 108
54 126
54 259
54 262
55 86
55 129
55 160
56 123
56 124
56 175
56 207
57 127
57 135
57 195
57 207
57 257
58 77
58 110
58 123
59 66
59 193
59 215
60 124
60 313
61 80
61 127
61 212
61 223
61 292
62 127
62 219
63 220
63 233
64 162
64 219
64 225
65 110
65 127
66 73
66 155
66 208
66 232
66 257
66 265
67 99
67 126
67 127
67 157
67 160
67 195
67 232
68 126
68 127
68 160
69 91
69 96
69 124
70 151
70 237
71 123
71 126
71 133
72 95
72 166
72 178
72 183
72 202
73 80
73 89
73 90
73 100
73 123
73 204
73 267
73 297
74 123
75 123
75 143
75 233
75 234
75 264
76 77
76 81
76 84
76 95
76 106
76 122
76 127
76 128
76 141
76 147
76 226
76 253
76 261
76 272
76 278
76 306
77 121
77 122
77 134
77 140
77 154
77 171
77 180
77 183
77 202
77 213
77 226
77 234
77 236
77 238
77 266
78 122
78 298
79 122
79 143
79 310
80 81
80 162
80 212
80 226
80 262
80 268
81 99
81 101
81 113
81 204
81 214
82 111
82 287
83 204
83 235
83 271
84 174
84 192
85 99
85 144
85 153
85 180
85 191
85 197
85 225
85 234
85 235
85 280
85 309
86 123
86 127
86 219
86 246
87 107
87 127
89 111
89 123
89 131
89 132
89 180
89 189
89 268
90 100
90 122
90 124
90 126
90 128
90 160
90 183
90 207
90 209
90 232
90 236
90 238
90 279
91 134
91 139
91 178
91 212
92 121
92 132
92 159
92 198
93 125
93 163
93 195
93 199
93 222
95 125
95 129
95 131
95 209
95 223
95 313
96 144
96 204
97 123
97 226
97 232
97 234
98 134
98 206
98 230
98 234
99 121
99 132
99 141
99 144
99 185
99 204
99 213
99 225
99 231
99 233
99 235
99 268
100 105
100 106
100 112
100 125
100 153
100 163
100 172
100 191
100 204
100 227
100 233
100 234
100 235
100 266
100 285
101 121
101 303
102 124
102 173
102 236
102 246
102 266
103 226
103 309
104 253
105 125
105 128
105 141
105 159
105 201
105 204
105 229
105 257
105 299
106 107
106 110
106 157
106 175
106 198
106 234
106 299
107 283
107 304
108 123
108 125
108 155
108 158
108 165
108 226
108 268
109 123
109 126
109 133
109 221
109 279
110 125
110 134
110 144
110 183
110 219
110 249
111 183
111 206
111 302
112 137
112 161
112 173
112 194
112 211
112 232
113 235
113 309
114 124
115 144
115 202
116 134
116 157
116 200
116 202
116 313
117 122
117 144
117 148
117 152
117 265
117 291
117 309
118 124
118 139
118 144
118 309
119 125
119 127
119 154
119 210
119 247
120 123
120 204
120 271
120 277
120 288
121 122
121 124
121 126
121 129
121 160
121 166
121 183
121 195
121 217
121 221
121 228
121 231
121 234
121 246
121 309
121 313
122 123
122 125
122 126
122 128
122 143
122 151
122 162
122 174
122 190
122 192
122 201
122 218
122 229
122 234
122 241
122 299
122 304
122 310
122 312
123 124
123 127
123 158
123 171
123 191
123 214
123 233
123 243
123 252
123 267
123 276
123 301
123 309
124 125
124 129
124 130
124 139
124 140
124 145
124 165
124 168
124 204
124 206
124 207
124 223
124 234
124 235
124 241
124 261
124 279
124 286
124 297
124 308
124 309
124 314
125 131
125 158
125 189
125 195
125 199
125 217
125 220
125 223
125 227
125 234
125 238
125 242
125 261
125 268
125 271
125 274
125 309
126 134
126 145
126 152
126 181
126 209
126 218
126 221
126 223
126 226
126 231
126 232
126 236
126 238
126 261
126 267
126 268
126 296
126 309
127 129
127 132
127 134
127 135
127 136
127 148
127 153
127 154
127 200
127 203
127 212
127 220
127 233
127 234
127 267
127 285
127 302
127 304
127 313
128 135
128 136
128 164
128 195
128 201
128 206
128 207
128 219
128 222
128 232
128 233
128 279
128 284
128 288
128 289
128 291
129 133
129 140
129 192
129 231
129 233
129 234
129 243
129 259
129 274
129 306
130 205
130 240
130 276
131 185
131 233
132 217
132 233
132 271
133 233
134 160
134 215
134 233
134 266
134 267
134 277
134 279
134 293
134 313
135 207
135 221
135 258
135 280
135 309
136 204
137 198
137 203
138 142
138 247
139 206
139 223
139 249
140 177
140 198
140 234
141 143
141 204
141 228
141 235
141 305
142 225
142 238
142 249
142 266
143 253
144 217
145 196
145 235
146 272
147 259
148 161
148 242
149 247
151 204
151 222
151 231
151 234
152 196
152 221
152 227
152 230
152 313
153 215
153 279
154 279
155 161
155 195
155 207
155 210
155 259
156 185
156 186
157 183
157 259
158 203
158 207
158 232
158 244
158 261
158 291
159 183
159 196
160 195
160 232
160 271
162 182
162 278
163 189
163 201
163 220
163 273
165 192
165 246
165 266
166 171
166 187
166 215
166 234
166 266
167 180
168 169
168 198
168 201
168 231
168 262
168 293
168 297
168 309
169 246
169 247
170 199
170 220
170 309
172 264
172 269
173 181
173 204
173 235
173 267
173 309
174 179
174 196
174 204
174 234
174 235
175 197
175 308
176 185
176 232
176 290
177 205
177 277
178 179
180 193
180 224
180 241
181 220
181 246
182 201
182 233
183 185
183 221
183 283
184 201
185 296
186 234
186 277
186 309
187 267
188 232
188 252
188 275
188 304
189 200
189 226
189 235
189 271
189 283
190 204
191 280
192 220
192 226
192 241
193 233
193 237
193 302
195 214
195 245
195 271
196 210
197 235
198 219
198 233
200 212
200 235
200 241
201 204
201 208
201 233
202 223
202 234
202 288
203 217
203 246
204 211
204 218
204 234
204 243
204 246
204 298
204 312
206 218
206 233
206 274
207 215
207 225
207 234
210 304
210 307
211 276
212 241
212 253
212 296
214 221
214 233
215 249
217 245
217 273
217 309
219 223
219 256
219 266
219 275
219 309
220 240
221 246
222 238
222 271
222 313
223 234
223 264
225 269
226 247
226 276
226 278
226 279
231 265
232 273
232 280
232 286
232 315
233 247
233 257
233 260
233 266
233 271
233 273
233 289
234 235
234 237
234 246
234 247
234 313
235 238
235 276
236 253
236 268
237 241
237 266
237 277
237 280
238 246
238 261
240 261
240 279
240 310
241 279
241 292
243 288
246 275
247 297
249 271
251 285
253 309
255 263
255 286
256 315
257 273
257 301
261 278
261 285
261 315
262 266
263 267
265 267
266 282
266 314
267 276
267 286
271 286
272 285
273 309
275 300
277 309
279 281
279 283
280 313
285 304
286 296
295 299
301 303
302 309
304 309
