0 17
0 18
0 38
0 73
0 85
0 122
0 162
0 226
1 57
1 120
2 134
2 155
2 283
2 294
3 142
3 287
4 32
4 36
4 77
4 78
4 111
4 124
4 134
4 165
4 206
4 216
4 292
4 309
5 20
5 54
5 60
5 70
5 76
5 81
5 108
5 124
5 126
5 138
5 180
5 185
5 233
5 246
5 255
5 266
6 41
6 71
6 85
6 129
6 135
6 151
6 168
6 180
6 233
6 238
6 261
6 264
7 9
7 90
7 121
7 126
7 128
7 164
7 196
7 201
7 217
7 226
7 228
7 266
7 304
8 104
9 24
9 122
9 202
9 313
10 28
10 75
10 115
10 123
10 174
10 187
10 195
10 224
10 237
10 293
11 41
11 136
12 100
12 125
12 257
12 291
13 98
13 116
13 121
13 125
13 126
13 127
13 128
13 201
13 232
14 22
14 94
14 126
14 129
14 135
14 235
14 286
15 204
15 278
16 49
16 76
16 122
16 124
16 149
16 176
17 36
17 54
17 75
17 109
17 111
17 124
17 130
17 132
17 135
17 163
17 189
17 206
17 279
17 307
18 39
18 98
18 219
18 243
18 269
19 39
19 122
19 156
19 166
19 304
20 106
20 115
20 125
20 141
20 168
20 186
20 221
20 235
20 256
21 95
22 31
22 37
22 126
22 233
22 314
23 36
23 85
23 126
23 128
23 233
23 243
23 254
24 124
24 304
25 85
25 309
26 121
26 131
26 132
26 172
26 267
26 286
27 59
27 122
27 128
28 40
28 49
28 57
28 75
28 77
28 122
28 128
28 130
28 150
28 169
28 226
28 265
28 267
28 279
28 304
29 67
29 122
29 212
29 228
29 274
30 106
31 49
31 121
31 122
31 125
31 204
31 309
32 100
32 127
32 154
32 228
32 247
32 266
33 169
33 202
33 312
34 47
34 73
34 125
34 229
34 252
34 266
34 279
35 55
35 85
35 90
35 92
35 113
35 126
35 180
35 210
35 224
35 226
35 228
35 232
35 241
35 246
35 273
36 45
36 80
36 90
36 91
36 125
36 153
36 160
37 56
37 117
37 122
37 174
37 225
37 252
38 182
39 40
39 66
39 78
39 95
39 103
39 137
39 193
39 226
39 241
39 279
39 296
39 298
40 44
40 99
40 104
40 129
40 130
40 131
40 152
40 180
40 212
40 219
40 237
40 240
40 243
40 244
40 306
41 61
41 98
41 110
41 122
41 182
41 202
41 211
41 233
41 266
42 65
42 74
42 76
42 90
42 106
42 122
42 160
42 179
42 195
42 217
42 226
42 233
42 259
42 261
42 282
43 72
43 129
43 231
43 240
44 125
44 130
44 133
44 164
44 182
44 219
44 229
44 232
44 247
44 267
46 188
47 121
47 122
47 215
49 51
49 64
49 119
49 123
49 243
49 282
50 110
51 87
51 112
51 126
51 127
51 133
51 176
51 203
51 232
51 238
51 280
52 54
52 77
52 105
52 125
52 188
52 212
52 266
52 278
52 302
52 304
53 88
53 108
53 117
53 123
53 126
53 241
53 304
54 125
54 156
54 158
54 233
55 85
55 108
55 122
55 139
55 163
55 198
55 259
55 267
55 315
56 60
56 113
56 167
57 152
57 225
57 267
58 209
58 215
58 216
59 127
59 136
59 153
59 192
59 221
59 233
60 134
60 213
61 79
61 83
61 106
61 204
61 224
61 309
62 76
62 121
63 267
64 110
64 192
64 201
64 237
64 267
64 303
65 234
66 97
66 100
66 125
66 158
66 172
66 186
66 217
66 266
66 292
67 89
67 106
67 110
67 122
67 144
67 155
67 232
67 280
68 106
69 126
69 159
69 259
70 112
70 114
70 174
70 196
70 305
71 113
72 85
72 134
73 105
73 124
73 127
73 166
73 232
73 241
73 271
73 303
73 315
74 99
74 120
74 121
74 125
74 135
74 191
74 226
75 124
75 144
75 218
75 267
75 274
75 285
75 297
76 127
76 193
76 233
76 234
76 239
76 266
77 88
77 105
77 128
77 192
77 199
77 227
77 292
77 298
78 128
78 163
78 222
79 104
79 127
79 209
79 309
80 99
80 160
80 292
81 90
81 116
81 124
81 126
81 183
82 100
82 157
82 192
82 235
82 310
83 186
84 103
84 142
84 164
84 189
84 228
84 262
85 96
85 116
85 127
85 167
85 181
85 215
85 235
85 267
85 304
85 315
86 129
86 189
86 206
87 123
88 89
88 146
88 155
88 165
88 168
88 240
89 90
89 125
89 134
89 180
89 202
89 266
89 276
89 288
90 123
90 139
90 170
90 176
90 182
90 275
90 281
91 164
91 182
91 209
91 218
91 243
91 288
93 107
93 126
93 132
93 223
93 234
93 236
94 267
95 160
95 169
95 218
95 233
95 309
97 128
97 233
97 272
97 292
98 129
98 140
98 169
99 112
99 115
99 123
99 124
99 128
99 144
99 160
99 226
99 228
99 232
99 233
99 240
99 259
100 103
100 124
100 148
100 160
100 195
100 208
100 234
100 253
100 276
100 286
100 297
100 299
100 304
100 309
101 124
101 127
101 226
101 259
103 174
103 247
104 160
104 163
104 275
105 116
105 223
105 226
105 232
105 234
105 250
106 125
106 206
106 216
106 235
106 310
107 171
108 115
108 122
108 277
109 127
109 134
109 262
109 266
110 125
110 155
110 225
110 279
110 294
110 307
111 121
111 127
111 129
111 234
112 169
112 188
112 234
113 201
113 232
114 126
114 134
114 156
115 128
115 220
115 236
117 121
117 123
117 124
117 125
117 151
117 171
117 240
117 259
119 125
119 204
119 233
120 128
120 169
120 187
120 201
120 210
120 247
121 122
121 125
121 128
121 129
121 135
121 139
121 140
121 147
121 168
121 180
121 182
121 189
121 204
121 218
121 222
121 231
121 235
121 265
121 281
121 283
121 288
121 291
121 309
121 314
121 315
122 126
122 128
122 137
122 144
122 163
122 165
122 182
122 203
122 206
122 208
122 227
122 232
122 234
122 253
122 255
122 268
122 275
122 286
122 304
123 124
123 126
123 128
123 160
123 162
123 174
123 214
123 217
123 219
123 232
123 236
123 250
123 265
123 277
123 285
124 125
124 140
124 142
124 143
124 162
124 180
124 201
124 216
124 226
124 232
124 234
124 235
124 238
124 253
124 263
124 273
125 134
125 148
125 177
125 180
125 183
125 232
125 234
125 243
125 279
125 295
125 297
125 298
126 140
126 181
126 185
126 188
126 223
126 226
126 230
126 234
126 238
126 259
126 269
126 280
126 297
126 305
126 311
127 128
127 135
127 167
127 170
127 185
127 195
127 201
127 204
127 238
127 246
127 250
127 304
127 309
128 133
128 135
128 149
128 154
128 158
128 162
128 194
128 203
128 232
128 237
128 253
128 262
128 273
128 276
129 134
129 140
129 180
129 203
129 216
129 235
129 259
129 297
129 313
130 139
130 141
130 189
130 208
130 274
131 134
131 135
131 202
131 299
132 155
132 258
132 259
133 159
133 221
133 266
133 309
134 151
134 180
134 189
134 202
134 204
134 217
134 242
134 249
134 261
134 266
134 284
134 292
134 307
135 168
135 172
135 197
135 199
135 206
135 217
135 266
135 303
135 313
137 235
137 283
138 195
138 266
139 181
139 197
139 202
139 221
139 234
139 239
139 288
140 172
140 195
141 171
141 312
142 225
143 180
143 234
144 169
145 190
145 247
147 171
147 206
147 207
147 243
147 283
148 165
149 174
149 197
149 211
149 241
151 259
153 234
153 279
154 227
154 233
155 212
155 241
157 249
157 304
158 206
158 216
158 278
159 226
160 174
160 232
160 270
160 279
160 296
162 267
163 217
163 228
163 234
164 167
164 261
164 304
164 312
165 278
165 314
166 307
167 183
167 195
168 173
168 194
168 232
168 296
168 309
169 204
169 237
169 238
170 249
170 313
173 259
173 309
174 232
175 181
175 219
176 233
176 268
176 309
177 202
177 221
178 197
180 202
180 223
180 268
180 290
180 309
181 182
182 266
183 204
184 191
184 229
185 224
185 235
185 271
186 246
187 200
187 238
188 219
188 264
188 309
189 193
189 199
189 227
189 245
189 310
190 207
191 234
191 285
191 309
192 201
192 250
193 267
193 304
195 204
195 247
196 259
196 309
197 274
198 209
198 285
199 226
199 233
200 201
200 208
200 259
200 266
200 267
200 304
201 204
201 234
201 238
202 218
202 237
203 232
203 301
204 226
204 231
204 236
204 240
204 243
204 250
204 262
204 271
204 301
206 233
206 255
206 309
207 216
207 226
207 257
207 283
208 234
208 254
209 233
212 223
212 273
214 219
214 252
215 290
216 219
216 235
217 223
217 276
217 277
218 219
218 259
218 281
219 232
219 272
220 231
220 245
220 312
223 253
223 255
223 266
223 311
224 247
226 238
226 241
226 274
226 280
226 304
226 309
229 293
230 265
232 245
232 252
232 264
232 274
233 235
233 265
233 279
233 280
233 286
233 304
233 308
234 249
234 259
234 264
234 267
235 247
235 280
235 296
237 246
237 313
238 262
238 299
239 241
239 255
240 270
241 253
241 297
241 298
243 299
244 246
246 291
247 262
247 292
249 266
249 282
250 269
251 310
252 253
252 292
253 272
253 313
255 280
255 291
257 261
257 266
257 286
257 296
265 309
271 274
274 309
274 314
275 288
277 304
278 304
282 309
292 297
296 298
301 304
304 309
