0 100
0 114
0 122
0 233
0 286
1 78
1 138
1 199
1 271
2 12
2 93
2 125
2 126
2 133
2 174
2 180
2 235
2 260
2 304
3 59
3 98
3 121
3 125
3 159
3 192
3 203
3 310
4 34
4 52
4 57
4 129
4 185
4 189
4 241
5 10
5 40
5 76
5 80
5 85
5 95
5 105
5 122
5 125
5 143
5 156
5 215
5 219
5 233
5 238
5 243
5 304
6 24
6 37
6 139
6 190
6 215
6 232
6 238
6 258
6 267
6 284
7 21
7 22
7 24
7 36
7 84
7 149
7 174
7 201
7 236
7 271
8 41
8 90
8 123
8 195
8 307
9 70
9 140
9 233
10 37
10 91
10 177
10 183
11 57
11 167
11 215
12 98
12 124
12 134
12 271
12 310
13 23
13 84
13 85
13 121
13 140
13 167
13 181
13 204
13 214
13 285
14 39
14 92
14 126
14 160
14 256
15 80
15 112
15 126
15 139
15 278
15 290
16 85
16 124
16 129
16 234
17 36
17 47
17 127
17 279
18 127
18 170
18 204
18 274
19 117
19 200
19 216
20 51
20 121
20 122
20 124
20 127
20 128
20 130
20 226
21 57
21 99
21 100
21 183
21 277
21 280
22 28
22 54
22 189
22 238
22 283
23 125
23 266
23 277
23 279
24 54
24 75
24 77
24 122
24 173
24 185
24 252
24 280
25 208
25 223
26 85
26 90
26 126
26 158
27 71
27 124
27 126
27 128
27 134
27 137
28 66
28 72
28 76
28 84
28 246
29 120
29 122
29 168
29 174
30 80
30 158
30 211
30 232
31 68
31 106
31 114
31 133
31 202
31 221
31 286
32 126
32 207
32 226
32 234
33 39
33 46
33 121
33 193
33 197
33 255
34 99
35 57
35 121
35 122
35 124
35 140
35 172
35 197
35 202
35 204
35 217
35 230
35 232
35 246
35 273
36 44
36 66
36 77
36 128
36 144
36 223
36 240
36 257
36 292
37 92
37 125
37 128
37 136
37 141
37 206
37 282
38 90
38 117
38 129
39 66
39 77
39 124
39 156
39 193
39 234
39 235
39 279
40 103
40 105
40 127
40 134
40 139
40 151
40 217
40 232
40 233
40 241
40 283
40 287
41 100
41 121
41 124
41 160
41 183
41 206
41 252
41 299
42 49
42 90
42 216
42 236
42 304
43 83
43 121
43 224
44 82
44 91
44 117
44 158
44 167
44 235
44 296
45 134
46 52
46 121
47 128
48 78
49 99
49 100
49 129
49 143
49 183
49 250
50 114
50 134
51 62
51 85
51 121
51 122
51 134
51 160
51 210
51 255
52 76
52 90
52 125
52 144
52 160
52 199
52 201
52 204
52 206
53 75
53 129
53 170
54 57
54 138
54 160
54 207
54 236
54 246
55 57
55 66
55 67
55 83
55 248
56 76
56 90
56 99
56 118
56 123
56 128
56 129
56 137
56 157
56 203
56 219
56 236
56 261
57 96
57 123
57 207
57 253
58 117
59 76
59 97
59 106
59 121
59 185
59 192
59 230
59 231
59 234
59 244
59 245
59 253
59 261
60 77
60 197
60 233
60 259
61 100
61 128
61 174
61 186
61 311
62 75
62 135
62 216
62 235
62 304
63 174
63 293
64 91
64 128
64 172
64 200
64 207
65 122
65 219
65 221
65 236
66 99
66 100
66 296
66 304
67 80
67 152
67 204
67 226
68 195
68 288
69 89
69 299
70 134
70 139
70 191
70 194
70 228
71 90
71 95
72 225
74 129
74 233
75 99
75 110
75 152
75 154
75 170
75 171
75 221
75 226
75 232
75 233
75 266
75 304
76 84
76 119
76 123
76 128
76 141
76 146
76 178
76 191
76 209
76 228
76 241
76 246
76 257
76 288
76 314
77 108
77 117
77 121
77 122
77 124
77 140
77 155
77 165
77 198
77 235
77 247
77 267
78 117
78 244
78 275
78 288
79 99
79 235
80 124
80 125
80 155
80 160
80 169
80 191
80 199
81 174
81 175
81 225
81 261
81 288
82 151
82 170
82 226
83 147
83 223
83 259
83 279
84 124
84 127
84 140
84 209
84 220
84 255
84 294
85 160
85 188
85 207
85 235
85 265
85 267
85 290
86 92
86 108
86 125
86 137
86 234
87 123
87 124
87 189
87 196
88 124
88 199
88 223
88 238
89 121
89 129
89 174
89 195
89 226
89 240
89 273
89 302
90 96
90 106
90 111
90 123
90 126
90 137
90 155
90 173
90 180
90 209
90 232
90 243
90 258
90 266
90 291
91 106
91 117
91 169
91 171
91 215
91 226
92 163
92 189
92 234
92 235
93 271
94 158
94 181
94 233
95 97
95 98
95 122
95 199
95 280
95 307
96 129
96 178
96 272
97 272
98 99
98 149
98 157
98 219
98 240
98 276
98 309
99 102
99 123
99 129
99 134
99 153
99 163
99 168
99 173
99 189
99 199
99 234
99 240
99 271
99 282
99 309
99 315
100 102
100 114
100 125
100 135
100 175
100 204
100 206
100 233
100 234
100 247
100 264
100 279
100 286
100 287
100 309
101 125
101 182
101 244
102 175
102 232
103 151
103 174
103 179
103 198
103 206
103 291
103 307
104 122
104 126
104 138
104 158
104 207
104 215
104 225
104 231
104 238
104 274
105 126
105 128
105 189
105 202
105 206
105 226
105 249
105 296
106 111
106 124
106 125
106 174
106 202
106 206
107 110
107 121
107 147
107 176
107 261
108 129
109 192
110 121
110 131
110 158
110 183
110 213
110 279
110 309
111 145
111 189
112 126
112 167
112 221
112 273
113 121
113 140
113 161
113 234
113 238
115 232
115 258
116 121
116 125
116 126
116 135
116 168
116 174
116 219
116 256
117 122
117 125
117 183
117 196
117 226
117 257
118 155
118 186
118 259
119 217
119 259
120 246
121 129
121 131
121 154
121 160
121 172
121 182
121 195
121 208
121 219
121 232
121 233
121 241
121 249
121 279
121 286
121 290
121 303
122 123
122 127
122 144
122 167
122 168
122 192
122 201
122 202
122 208
122 215
122 223
122 232
122 234
122 237
122 243
122 245
122 252
122 253
122 266
122 268
122 297
122 299
122 312
123 125
123 126
123 132
123 137
123 162
123 195
123 215
123 219
123 279
123 280
123 292
124 125
124 128
124 145
124 146
124 160
124 165
124 169
124 174
124 183
124 185
124 186
124 202
124 204
124 214
124 223
124 229
124 232
124 233
124 244
124 263
124 288
124 309
125 127
125 128
125 131
125 143
125 165
125 198
125 204
125 219
125 235
125 243
125 259
125 260
125 264
125 265
125 266
125 267
125 274
125 286
125 304
126 128
126 133
126 145
126 180
126 185
126 188
126 191
126 192
126 197
126 216
126 217
126 233
126 238
126 292
127 128
127 134
127 144
127 175
127 180
127 196
127 204
127 205
127 209
127 225
127 228
127 234
127 257
127 279
127 285
127 315
128 129
128 133
128 170
128 201
128 204
128 235
128 237
128 251
128 264
128 278
128 283
129 134
129 163
129 171
129 181
129 195
129 232
129 235
129 265
129 291
129 304
130 135
130 165
130 288
131 235
132 162
132 234
132 257
132 309
133 304
133 312
134 150
134 158
134 169
134 182
134 184
134 191
134 201
134 219
134 246
134 253
134 257
134 279
134 292
134 313
135 219
135 223
135 305
136 139
137 193
137 195
138 221
138 240
139 218
139 235
139 252
140 162
140 305
141 158
141 183
141 210
141 219
141 267
141 283
142 147
142 235
142 309
143 236
144 189
144 232
145 267
146 226
147 169
147 196
148 173
148 217
149 158
150 155
150 189
150 232
151 160
151 195
151 200
152 182
152 211
152 232
153 198
153 214
153 244
153 272
155 173
155 232
155 233
155 243
155 257
156 168
156 175
156 226
157 219
158 163
158 235
158 277
159 204
160 209
160 257
160 295
162 218
162 226
162 313
163 180
163 204
163 225
164 178
164 208
164 212
166 204
166 275
167 206
167 259
167 292
168 179
168 232
168 234
168 271
168 274
168 304
168 315
169 231
169 235
169 309
171 174
171 204
171 292
172 193
172 206
173 215
173 259
173 285
174 192
174 233
174 266
175 185
175 195
175 259
177 212
178 253
180 214
180 218
180 222
180 259
180 262
180 276
180 295
180 297
180 312
181 256
181 278
183 197
183 223
183 232
183 235
183 238
183 260
183 267
185 195
185 224
185 286
186 286
188 193
188 211
189 241
189 246
189 252
191 222
191 228
191 259
192 204
192 252
192 266
192 272
192 274
193 196
193 304
194 195
194 214
194 238
195 234
195 241
195 265
197 226
197 245
197 263
197 267
199 204
199 280
200 238
200 271
201 238
201 292
201 311
202 217
202 220
204 209
204 232
204 269
204 277
204 280
204 304
204 309
206 219
206 226
206 230
206 236
206 238
206 256
206 259
206 280
206 286
206 291
207 262
208 237
209 276
210 212
210 260
212 292
212 308
214 301
215 226
215 237
215 302
216 241
216 278
217 218
218 221
218 223
218 288
219 233
219 238
219 276
219 280
221 253
222 253
222 267
224 276
226 235
226 255
226 288
226 313
227 239
230 251
231 261
231 306
232 234
232 264
232 267
232 283
232 294
233 241
233 243
234 237
234 267
234 271
234 280
234 298
236 288
238 264
239 256
239 274
241 304
243 257
243 265
243 271
243 300
245 315
246 269
246 304
247 304
251 297
253 309
255 277
255 303
257 286
258 262
260 268
260 304
261 302
261 305
264 279
265 285
266 271
266 309
267 283
273 276
285 292
286 307
299 305
302 309
