0 18
1 109
1 113
1 124
1 149
2 4
2 22
2 190
2 204
2 224
2 252
2 263
2 285
2 309
3 122
3 124
3 130
3 241
4 17
4 73
4 200
4 218
4 286
4 304
4 311
5 34
5 50
5 65
5 79
5 90
5 123
5 129
5 178
5 216
5 243
5 255
5 266
5 275
5 279
5 288
5 291
6 9
6 35
6 78
6 117
6 121
6 125
6 177
6 195
6 217
6 299
7 10
7 59
7 121
7 123
7 125
7 232
7 261
7 305
8 9
8 102
8 191
8 251
9 24
9 41
9 99
9 126
9 162
9 178
9 206
9 269
10 17
10 29
10 76
10 82
10 123
10 127
10 145
10 178
10 277
11 71
11 121
11 202
11 234
11 246
12 162
12 253
13 73
13 91
13 168
13 174
13 176
13 189
13 197
13 274
14 52
14 72
14 106
14 123
14 129
14 286
15 22
15 31
15 123
15 124
15 201
15 233
16 54
16 107
16 184
17 76
17 106
17 108
17 123
17 124
17 127
17 137
17 139
17 168
17 181
17 188
17 200
17 204
17 214
17 237
17 239
17 278
18 21
18 36
18 90
18 135
18 230
18 233
18 241
18 244
19 97
19 124
19 132
19 200
19 234
19 304
20 34
20 49
20 69
20 73
20 75
20 80
20 129
20 134
20 162
20 200
20 204
20 218
20 241
20 305
20 309
21 46
21 69
21 125
21 169
21 170
21 246
22 61
22 77
22 92
22 100
22 110
22 221
22 251
23 29
23 105
23 123
23 169
23 234
23 247
23 268
24 64
24 123
24 160
24 193
24 252
25 126
25 134
25 217
25 283
26 64
26 75
26 261
26 264
27 207
28 90
28 182
28 208
29 59
29 122
29 130
29 135
29 156
29 164
29 168
29 181
29 184
29 226
29 260
30 122
30 128
30 233
30 282
30 290
31 105
31 126
31 223
31 233
31 292
32 123
32 145
32 180
32 181
32 201
32 237
32 238
32 257
32 279
32 286
33 160
33 168
34 44
34 76
34 95
34 128
34 183
34 197
34 228
35 36
35 51
35 54
35 62
35 66
35 72
35 76
35 80
35 90
35 95
35 107
35 116
35 121
35 125
35 158
35 179
35 204
35 233
35 234
35 288
35 304
36 59
36 125
36 151
36 174
36 194
36 226
36 239
36 267
36 277
37 206
37 240
37 255
37 275
38 77
38 83
38 124
38 125
38 226
38 309
39 93
39 95
39 100
39 105
39 226
39 238
39 266
39 315
40 44
40 62
40 98
40 111
40 121
40 122
40 124
40 127
40 131
40 139
40 154
40 186
40 195
40 198
40 204
40 223
40 246
40 265
40 267
41 49
41 99
41 111
41 193
41 204
41 212
41 225
41 264
41 265
41 280
41 288
42 59
42 121
42 124
42 126
42 127
42 133
42 186
42 241
43 90
44 162
44 204
44 222
44 235
45 109
45 167
45 220
45 224
45 237
46 104
46 201
47 126
47 273
48 237
49 51
49 124
49 197
49 201
49 212
49 246
49 257
49 266
50 77
50 258
50 314
51 54
51 66
51 71
51 76
51 128
51 175
51 180
51 226
51 257
52 55
52 77
52 78
52 107
52 121
52 128
52 140
52 203
52 234
52 253
53 56
53 123
53 292
54 70
54 86
54 130
54 195
54 261
54 266
54 314
55 80
55 117
55 228
56 229
57 97
57 115
57 116
57 123
57 132
57 137
57 140
57 207
57 233
58 68
58 179
58 201
59 76
59 111
59 117
59 125
59 126
59 135
59 145
59 217
59 240
59 259
59 271
59 299
59 306
60 88
60 100
60 121
60 125
61 100
61 121
61 122
61 123
61 127
61 204
61 304
62 70
62 108
62 197
63 123
63 203
63 217
63 293
63 305
64 297
65 309
66 75
66 80
66 90
66 158
67 134
67 154
67 177
67 243
67 255
67 293
68 85
68 126
68 197
69 204
69 226
69 255
70 75
70 122
70 173
70 201
70 246
71 257
72 83
72 180
72 210
73 77
73 124
73 125
73 132
73 139
73 160
73 169
73 257
73 266
73 274
73 279
74 214
74 229
74 233
75 112
75 210
75 212
75 236
75 253
75 309
76 77
76 93
76 123
76 131
76 134
76 139
76 143
76 170
76 178
76 186
76 189
76 206
76 279
76 292
76 300
77 99
77 121
77 122
77 123
77 129
77 140
77 200
77 210
77 221
77 227
77 232
77 237
77 245
77 246
77 256
77 271
77 290
77 305
78 90
78 123
78 124
78 134
78 197
79 135
79 226
80 117
80 128
80 129
80 204
80 266
80 286
81 162
81 170
82 131
82 228
82 313
83 100
83 180
83 204
83 223
83 234
83 309
84 122
84 184
85 90
85 96
85 99
85 116
85 121
85 134
85 146
85 157
85 188
85 220
85 225
85 232
85 271
85 309
86 121
86 122
86 181
86 182
86 223
86 293
87 285
88 135
88 140
88 162
89 91
89 108
89 147
89 174
89 200
89 219
89 233
89 268
89 276
89 309
90 121
90 138
90 141
90 153
90 158
90 160
90 162
90 163
90 182
90 201
90 206
90 218
90 224
90 231
90 233
90 235
90 264
90 275
90 279
90 286
91 123
91 185
91 228
91 234
91 267
92 128
92 130
92 286
93 122
93 124
93 131
93 201
93 255
93 286
94 125
94 278
95 112
95 163
95 193
95 204
95 234
95 235
96 125
96 139
97 108
97 160
98 180
98 235
98 279
98 305
99 100
99 127
99 198
99 204
99 223
99 224
99 234
99 274
99 304
99 307
99 311
100 103
100 122
100 135
100 140
100 159
100 173
100 195
100 202
100 208
100 233
100 241
100 285
101 185
101 221
103 124
103 158
103 171
103 207
103 232
104 126
105 126
106 141
106 167
106 241
106 275
106 286
106 298
107 200
107 226
108 126
108 191
108 299
110 113
110 114
110 124
110 128
110 172
110 204
110 215
110 260
110 265
111 126
111 207
111 212
111 221
111 226
111 252
111 294
111 297
112 155
112 173
112 226
112 280
113 137
113 267
114 127
114 198
115 195
115 233
115 278
115 309
116 122
116 201
116 307
117 129
117 135
117 158
117 164
117 189
117 193
117 241
117 272
119 138
119 220
119 298
120 122
120 134
120 195
120 207
120 222
120 233
121 122
121 124
121 127
121 129
121 134
121 155
121 162
121 165
121 174
121 185
121 187
121 204
121 208
121 214
121 225
121 234
121 255
121 256
121 267
121 292
122 123
122 124
122 126
122 128
122 168
122 198
122 225
122 226
122 233
122 243
122 265
122 267
122 273
122 296
122 297
122 304
122 311
123 124
123 125
123 137
123 146
123 189
123 206
123 212
123 214
123 216
123 232
123 245
123 261
123 266
123 280
124 125
124 127
124 128
124 167
124 168
124 181
124 186
124 189
124 202
124 204
124 206
124 216
124 232
124 236
124 237
124 245
124 246
124 257
124 275
124 280
124 292
125 127
125 129
125 151
125 163
125 165
125 170
125 184
125 214
125 226
125 233
125 237
125 240
125 253
125 266
125 309
126 151
126 170
126 178
126 193
126 206
126 220
126 226
126 235
126 246
126 251
126 262
126 274
127 141
127 151
127 160
127 167
127 184
127 186
127 187
127 189
127 199
127 210
127 218
127 226
127 249
127 260
127 289
127 308
128 133
128 149
128 151
128 176
128 180
128 195
128 197
128 204
128 212
128 215
128 228
128 234
128 258
128 261
128 314
128 315
129 162
129 168
129 175
129 180
129 184
129 204
129 218
129 219
129 226
129 235
129 309
129 315
131 234
131 286
132 165
132 180
132 236
133 140
133 185
133 219
133 291
133 304
134 156
134 173
134 193
134 204
134 228
134 236
134 239
134 264
134 280
134 304
134 307
135 189
135 201
135 219
135 220
135 226
135 239
135 242
135 254
136 219
138 225
139 158
139 168
139 197
139 243
140 204
140 232
140 243
141 236
141 279
141 285
142 234
142 241
143 156
143 189
143 195
143 199
144 188
144 195
144 236
145 192
145 266
145 292
146 166
146 233
147 233
148 168
148 180
148 280
149 168
149 172
149 182
152 232
153 192
153 261
154 257
155 156
155 166
155 203
155 246
155 279
156 266
158 203
158 232
158 238
158 303
160 174
160 247
160 261
160 287
160 309
161 165
161 180
161 191
163 176
163 183
163 233
163 250
163 300
164 189
164 204
164 273
166 215
166 233
166 303
167 232
167 235
167 289
168 192
168 241
168 244
169 201
169 235
169 237
169 279
170 232
171 279
172 262
173 204
173 241
173 277
174 229
174 241
175 209
176 212
177 217
177 233
177 282
178 225
179 200
180 200
180 243
180 286
181 266
181 279
182 280
183 219
183 314
185 201
185 217
185 255
185 279
186 266
186 280
187 194
187 234
187 246
187 299
188 204
188 234
188 246
189 193
189 229
189 279
190 217
192 249
192 277
192 288
193 315
195 196
195 234
197 263
198 234
198 270
199 276
199 279
200 275
201 219
201 233
201 276
202 235
202 241
202 249
202 288
203 204
204 230
204 266
204 279
204 283
204 302
205 218
205 219
206 226
206 293
207 250
207 277
207 304
208 219
208 240
208 309
210 238
212 218
214 282
215 235
215 278
216 267
217 238
219 233
219 269
220 235
221 309
223 232
223 247
223 267
223 288
223 292
223 309
224 245
224 298
226 264
226 279
226 280
226 288
227 262
231 232
231 309
232 234
232 240
232 261
232 267
233 251
233 252
233 254
233 271
233 279
233 286
233 309
234 256
234 264
234 279
234 296
235 238
235 239
235 294
235 314
236 246
236 275
237 275
237 294
237 297
238 290
239 241
240 261
240 275
241 245
241 309
243 274
243 288
243 291
245 276
245 304
245 313
247 279
248 291
249 263
249 270
252 309
253 259
253 310
255 280
255 298
257 263
257 265
257 304
259 265
261 267
264 288
264 309
265 291
266 313
267 271
268 280
272 312
272 314
275 304
275 309
276 304
276 309
278 309
280 303
280 310
289 307
289 308
293 309
309 314
