1 18
1 116
1 145
1 174
1 223
1 249
2 16
2 23
2 54
2 67
2 124
2 185
3 7
3 37
3 59
3 93
3 152
3 180
4 72
4 127
4 162
4 182
4 207
4 213
4 232
4 260
5 21
5 36
5 64
5 76
5 79
5 80
5 105
5 120
5 122
5 150
5 155
5 168
5 178
5 181
5 189
5 193
5 269
5 286
6 80
6 85
6 89
6 164
6 234
6 275
6 278
7 36
7 38
7 86
7 97
7 105
7 106
7 133
7 136
7 143
7 163
7 176
7 233
7 234
7 251
7 278
7 315
8 138
8 161
8 232
8 233
9 23
9 99
9 124
9 189
9 271
9 282
9 303
10 52
10 76
10 97
10 128
10 173
10 223
10 226
10 228
10 238
10 309
11 113
12 111
12 189
12 230
12 235
12 259
12 296
13 50
13 125
13 126
13 162
13 183
13 195
13 208
13 228
13 234
13 312
14 17
14 121
14 128
14 176
14 235
14 249
14 268
15 32
15 36
15 81
15 234
16 98
16 151
16 196
16 234
17 20
17 41
17 89
17 98
17 128
17 134
17 216
17 226
17 234
17 249
17 255
17 256
17 304
17 309
18 39
18 180
18 267
19 49
19 110
19 164
19 236
19 309
20 128
20 158
20 164
20 264
20 291
21 121
21 234
21 264
22 36
22 42
22 121
22 123
22 205
22 241
22 252
22 296
23 33
23 53
23 86
23 90
23 108
23 121
23 136
23 173
23 256
23 259
23 297
24 85
24 100
24 125
24 218
24 235
24 247
25 99
26 126
26 159
26 241
26 290
27 211
27 219
27 226
27 230
28 84
28 111
28 122
28 125
28 127
28 155
29 40
29 77
29 87
29 207
29 209
29 301
30 126
30 148
30 162
30 189
30 264
31 125
31 128
31 134
31 174
31 197
32 75
32 77
32 134
32 135
32 243
32 259
33 35
33 127
33 212
33 288
33 310
34 127
34 166
34 173
34 174
34 189
35 39
35 64
35 76
35 81
35 120
35 165
35 187
35 206
35 228
36 59
36 78
36 126
36 127
36 129
36 135
36 139
36 168
36 180
36 192
36 203
36 204
36 221
36 233
36 277
37 46
37 47
37 50
37 95
37 100
37 107
37 122
37 127
37 232
37 238
37 305
38 79
38 126
38 271
39 106
39 129
39 159
39 168
39 204
39 226
40 77
40 81
40 89
40 90
40 106
40 110
40 126
40 128
40 131
40 141
40 144
40 150
40 173
40 197
40 226
40 309
41 44
41 62
41 72
41 91
41 121
41 124
41 144
41 219
41 276
42 67
42 85
42 93
42 95
42 110
42 125
42 158
42 170
42 179
42 195
42 219
43 73
43 75
44 93
44 170
44 229
44 231
45 220
46 121
46 123
46 219
47 76
47 100
47 170
47 223
48 100
48 123
48 207
48 220
48 295
49 58
49 98
49 103
49 117
49 145
49 224
50 106
50 125
50 297
51 101
51 196
52 54
52 77
52 104
52 106
52 125
52 126
52 127
52 140
52 142
52 167
52 224
52 261
52 289
53 87
53 135
53 309
54 71
54 99
54 107
54 121
54 139
54 155
54 168
54 186
55 81
56 79
56 89
56 133
56 152
56 169
56 212
56 271
56 309
57 109
57 123
57 124
58 285
59 67
59 140
59 147
59 234
59 267
59 308
60 86
60 129
60 188
60 206
60 234
61 121
61 140
61 257
61 275
62 83
62 126
62 204
62 214
62 239
62 274
62 309
64 117
64 251
64 277
65 78
65 83
65 127
65 219
65 276
65 309
66 125
66 139
66 189
66 219
66 232
66 288
66 291
66 299
66 313
67 126
67 195
67 313
68 122
68 125
68 129
68 185
69 84
69 128
69 143
69 186
70 125
70 195
70 238
71 124
71 186
72 106
72 127
72 149
72 166
72 197
72 218
72 232
72 246
72 311
73 122
73 126
73 168
73 176
73 232
73 234
73 309
73 313
74 95
74 121
74 127
74 204
75 122
75 124
75 130
75 134
75 155
75 195
75 304
75 309
76 91
76 100
76 125
76 126
76 131
76 134
76 139
76 141
76 192
76 195
76 201
76 219
76 238
76 252
76 269
76 272
77 102
77 122
77 135
77 140
77 162
77 210
77 221
77 259
77 266
78 126
78 143
78 147
79 119
79 233
79 247
80 87
80 103
80 106
80 124
80 162
80 177
80 304
81 217
81 235
81 258
81 276
82 122
83 100
83 104
83 125
83 132
83 198
83 209
83 240
83 299
84 92
84 218
84 233
84 287
85 155
85 185
85 219
85 241
85 246
85 252
85 296
86 110
86 201
86 234
87 128
87 283
88 105
88 219
88 266
89 90
89 123
89 212
89 216
89 217
89 233
90 112
90 120
90 126
90 129
90 159
90 171
90 192
90 204
90 213
90 235
90 237
90 247
90 279
91 96
91 110
91 180
92 123
92 151
92 160
93 121
93 131
93 154
93 186
93 223
93 233
93 261
94 187
94 226
94 246
94 314
95 105
95 117
95 122
95 135
95 232
95 234
95 266
95 276
95 283
95 303
96 124
96 196
96 267
96 274
97 129
97 185
97 188
98 100
98 126
98 147
98 151
98 155
98 181
98 189
98 201
98 267
99 118
99 123
99 127
99 128
99 135
99 143
99 166
99 173
99 186
99 195
99 213
99 254
99 266
99 305
100 126
100 128
100 135
100 166
100 167
100 219
100 232
100 235
100 256
101 206
101 239
102 163
102 201
102 226
102 237
103 106
103 233
104 216
104 234
105 112
105 122
105 232
105 233
106 124
106 128
106 151
106 174
106 204
106 234
106 262
107 143
107 246
107 267
108 218
108 233
110 126
110 128
110 129
110 201
110 233
110 236
110 241
111 127
111 139
111 147
111 226
111 253
112 126
112 204
112 279
113 121
114 154
115 183
115 236
116 124
116 232
116 293
117 140
117 219
117 296
117 306
120 121
120 135
120 246
120 259
120 310
121 122
121 124
121 125
121 140
121 148
121 149
121 151
121 170
121 179
121 204
121 220
121 223
121 226
121 254
121 263
121 271
121 279
121 296
121 309
122 126
122 129
122 131
122 136
122 148
122 151
122 153
122 162
122 176
122 186
122 194
122 203
122 204
122 215
122 224
122 234
122 253
122 261
122 279
122 301
123 124
123 127
123 166
123 169
123 190
123 200
123 212
123 214
123 228
123 243
123 249
123 251
123 252
123 267
123 279
123 293
123 294
123 308
123 314
124 128
124 135
124 137
124 143
124 157
124 161
124 166
124 170
124 180
124 182
124 186
124 203
124 233
124 234
124 235
124 267
124 274
124 275
124 288
124 309
125 129
125 147
125 161
125 174
125 182
125 187
125 191
125 192
125 199
125 206
125 223
125 226
125 232
125 233
125 259
125 262
125 266
125 269
125 296
125 306
126 127
126 130
126 131
126 174
126 177
126 188
126 196
126 198
126 203
126 227
126 233
126 234
126 239
126 255
126 258
126 277
126 279
126 293
127 145
127 157
127 159
127 189
127 223
127 227
127 232
127 266
128 164
128 177
128 200
128 206
128 234
128 253
128 265
128 266
128 269
128 287
128 291
128 298
128 302
128 315
129 134
129 149
129 159
129 208
129 258
129 265
129 266
129 267
129 268
129 279
129 292
130 164
130 186
130 304
131 137
131 164
131 249
131 274
132 235
132 241
132 309
133 164
133 224
133 239
134 144
134 161
134 175
134 189
134 210
134 236
134 288
134 304
135 160
135 168
135 185
135 196
135 232
137 162
137 265
137 305
138 150
138 160
138 181
138 297
138 301
138 309
139 218
139 226
139 271
140 164
140 253
140 279
140 296
140 309
141 203
141 243
142 226
142 241
143 212
143 240
144 202
144 286
145 204
146 259
147 171
147 185
147 199
147 200
147 206
147 301
150 280
151 159
151 283
151 304
152 173
152 267
153 228
153 266
153 292
154 166
154 207
154 267
154 304
155 170
155 173
155 180
155 219
155 243
155 266
156 235
157 233
157 235
157 271
158 174
158 265
158 271
158 275
158 296
159 211
159 232
159 309
160 168
160 200
160 253
161 215
161 223
162 204
162 278
163 252
163 308
164 178
164 206
165 288
166 182
166 232
166 241
166 280
167 274
167 277
168 185
168 187
168 236
168 257
168 304
169 195
169 215
169 235
169 252
169 253
169 298
170 204
170 209
170 313
171 197
173 183
173 216
173 224
174 206
174 232
174 310
175 234
178 235
178 290
179 230
179 247
180 185
180 207
180 210
180 232
180 253
180 288
181 262
181 266
182 212
182 274
183 235
183 266
184 278
185 254
185 259
185 275
185 304
186 187
188 193
188 206
188 209
188 212
188 233
188 264
188 309
189 190
189 204
189 218
189 264
189 265
189 267
189 291
189 299
190 288
193 197
193 232
193 281
195 250
195 264
195 279
195 289
197 219
197 261
198 276
200 241
201 232
201 279
201 312
202 219
202 225
202 240
202 293
204 207
204 235
204 248
204 249
204 277
204 300
206 233
206 234
206 235
207 235
207 276
207 299
208 223
208 256
210 225
210 284
212 226
212 235
215 233
215 299
216 232
217 232
217 278
218 235
218 306
219 226
219 232
219 233
219 235
219 309
220 235
221 264
222 293
223 232
223 235
223 271
224 232
226 228
226 234
226 264
226 313
227 289
232 240
232 246
232 257
232 267
232 275
232 306
232 311
232 314
233 234
233 235
233 255
233 261
233 267
233 288
233 291
234 239
234 253
234 291
234 304
234 309
235 267
235 272
235 288
235 296
235 309
235 311
235 313
236 311
238 243
238 252
241 273
241 294
242 312
246 266
246 267
246 280
246 292
247 310
247 312
248 252
249 292
250 311
253 274
256 260
257 271
259 266
260 292
261 313
262 264
263 282
264 277
264 315
266 279
266 303
279 288
280 288
280 298
280 314
288 299
299 302
305 309
