0 126
0 309
1 123
1 185
1 246
1 262
2 12
2 26
2 32
2 106
2 127
2 201
2 292
3 35
3 43
3 126
3 142
3 192
3 226
3 255
3 302
4 35
4 42
4 66
4 107
4 140
4 163
4 252
4 296
5 21
5 44
5 61
5 123
5 219
5 249
5 292
6 7
6 10
6 15
6 64
6 137
6 143
6 168
6 169
6 180
6 203
6 221
6 222
6 226
6 235
6 273
6 304
7 96
7 98
7 100
7 106
7 123
7 140
7 154
7 163
7 204
7 219
7 222
8 77
8 209
8 238
9 22
9 137
9 168
9 195
9 199
9 232
9 235
9 280
10 42
10 57
10 164
10 190
10 236
10 263
10 265
10 311
11 31
11 105
11 108
11 124
11 221
11 233
11 235
11 253
11 288
12 33
12 160
13 72
13 75
13 121
13 124
13 162
13 218
13 258
14 23
14 75
14 90
14 92
14 201
14 239
15 223
15 232
16 73
16 76
16 102
16 206
17 76
17 107
17 126
17 178
17 189
17 195
17 210
18 104
18 123
18 139
18 203
19 76
19 180
19 208
19 248
19 268
20 111
20 160
20 189
20 228
20 234
20 238
20 309
21 57
21 133
21 148
21 186
21 187
21 297
22 35
22 75
22 121
22 135
22 276
22 288
22 308
23 52
23 67
23 216
23 217
23 241
23 267
24 29
24 33
24 77
24 121
24 124
24 187
24 195
24 246
24 261
25 117
25 124
25 125
25 127
25 181
26 81
26 122
26 129
26 168
26 195
26 204
27 152
27 238
27 258
28 35
28 85
28 110
28 197
28 222
28 273
29 36
29 38
29 41
29 53
29 128
29 157
29 182
29 183
29 200
29 295
29 314
30 170
31 52
31 123
31 235
32 42
32 58
32 76
32 122
32 124
32 128
32 133
32 210
33 123
33 126
33 206
33 239
34 61
34 63
34 68
34 169
35 54
35 68
35 71
35 99
35 106
35 107
35 127
35 142
35 182
35 232
35 234
35 252
35 262
35 266
35 288
35 289
36 104
36 111
36 134
36 139
36 176
36 180
36 181
36 226
36 247
36 279
36 309
36 311
37 46
37 75
37 105
37 132
37 203
37 227
37 247
38 270
39 90
39 122
39 206
39 226
39 279
40 54
40 73
40 74
40 83
40 121
40 125
40 128
40 144
40 168
40 197
40 227
40 233
40 249
40 255
40 266
40 274
40 314
41 90
41 91
41 122
41 128
42 77
42 81
42 131
42 149
42 160
42 165
42 181
43 237
43 257
43 298
44 95
44 110
44 121
44 123
44 195
44 221
44 288
45 97
45 296
46 56
46 74
46 121
46 139
47 124
47 176
48 261
49 55
49 56
49 76
49 134
49 232
49 237
49 262
50 113
50 176
51 85
51 127
51 161
51 247
51 276
51 308
52 72
52 121
52 132
52 134
52 137
52 217
52 259
52 288
52 309
53 73
53 106
53 201
53 226
54 59
54 109
54 117
54 127
54 128
54 138
54 186
54 202
54 261
55 75
55 100
55 140
56 127
56 135
56 257
56 261
56 266
56 272
57 129
57 134
57 135
57 144
57 162
57 197
57 232
57 246
58 177
59 157
59 192
59 234
59 307
60 125
61 84
61 122
61 129
61 163
61 204
62 127
62 257
62 292
63 128
63 131
64 195
65 108
65 122
65 182
65 187
65 233
65 257
66 162
66 233
66 263
67 95
67 168
67 192
67 207
68 80
68 85
68 170
69 135
69 275
70 128
70 172
70 233
70 274
71 129
71 158
71 236
72 80
72 160
72 163
72 201
72 235
72 241
72 266
72 314
73 78
73 128
73 171
73 234
73 240
73 293
74 125
74 135
74 195
74 224
75 76
75 80
75 121
75 159
75 165
75 180
75 188
75 189
75 206
75 212
75 237
75 271
75 293
75 296
76 108
76 125
76 185
76 200
76 201
76 235
76 259
76 284
77 89
77 125
77 154
77 169
77 216
77 218
77 233
77 243
77 286
77 304
77 314
78 85
78 117
78 153
78 160
78 223
80 117
80 121
80 123
80 125
80 126
80 128
80 129
80 133
80 238
80 256
80 263
80 267
81 169
81 188
81 207
81 222
81 232
81 247
81 269
81 294
81 297
82 131
82 197
82 202
82 232
82 235
83 124
83 180
83 183
83 204
84 87
84 163
84 168
84 232
85 112
85 124
85 125
85 126
85 135
85 189
85 206
85 223
85 226
85 239
85 279
86 170
86 246
87 121
87 226
87 231
87 266
87 273
88 206
88 214
89 90
89 122
89 125
89 126
89 137
89 142
89 223
89 228
89 246
90 121
90 124
90 125
90 126
90 149
90 153
90 157
90 200
90 221
90 234
90 241
90 303
91 243
91 266
92 128
92 234
93 121
93 142
93 197
93 204
93 218
93 223
94 124
94 129
95 124
95 165
95 181
95 206
95 238
95 299
96 120
96 193
96 243
97 125
98 236
99 106
99 110
99 122
99 124
99 181
99 206
99 209
99 216
99 233
99 235
99 285
99 286
99 292
99 297
100 121
100 122
100 129
100 132
100 134
100 137
100 167
100 185
100 201
100 223
100 234
100 235
100 247
100 262
100 264
100 308
100 309
100 312
100 313
101 125
102 115
102 134
102 197
102 260
102 305
102 314
103 106
103 125
103 131
103 180
103 233
104 238
104 253
104 286
105 121
105 136
105 170
105 176
105 181
105 218
105 236
105 241
105 267
106 121
106 126
106 135
106 137
106 144
106 155
106 165
106 167
106 247
106 266
107 129
107 185
107 186
107 264
108 126
108 137
108 181
109 220
110 122
110 127
110 177
110 226
110 314
111 125
111 128
111 220
111 249
112 125
112 155
112 202
112 216
112 302
113 124
113 128
113 167
113 171
113 223
113 261
114 128
115 121
115 126
115 186
115 191
115 235
115 267
115 304
116 129
116 135
116 153
116 265
117 123
117 182
117 208
117 243
118 234
118 304
119 147
119 162
119 219
120 122
120 169
120 182
120 215
121 123
121 124
121 125
121 127
121 128
121 158
121 163
121 173
121 177
121 203
121 218
121 223
121 224
121 232
121 233
121 235
121 236
121 253
121 259
121 274
121 279
121 297
122 125
122 126
122 128
122 129
122 140
122 159
122 163
122 199
122 206
122 215
122 223
122 228
122 264
122 275
122 283
122 286
123 125
123 126
123 127
123 128
123 129
123 131
123 138
123 142
123 159
123 167
123 170
123 178
123 180
123 187
123 189
123 203
123 233
123 234
123 249
123 255
123 257
123 259
123 266
123 275
123 282
123 290
123 292
124 125
124 128
124 129
124 144
124 152
124 178
124 182
124 200
124 202
124 204
124 210
124 214
124 226
124 234
124 237
124 255
124 256
124 258
124 266
124 269
124 312
125 127
125 129
125 141
125 147
125 149
125 151
125 171
125 177
125 189
125 190
125 195
125 198
125 222
125 229
125 234
125 238
125 270
125 271
125 274
125 279
125 283
125 295
125 297
125 304
125 305
126 133
126 148
126 194
126 200
126 201
126 205
126 206
126 234
126 235
126 240
126 253
126 259
126 275
127 128
127 135
127 140
127 142
127 143
127 151
127 155
127 168
127 169
127 176
127 180
127 185
127 204
127 215
127 232
127 243
127 259
127 285
128 134
128 187
128 204
128 212
128 228
128 248
128 254
128 279
128 288
128 291
128 309
129 157
129 185
129 191
129 192
129 193
129 198
129 202
129 234
129 235
129 236
129 264
129 266
129 301
129 304
129 309
130 145
130 195
130 238
131 151
131 153
131 238
131 250
131 288
132 145
132 170
132 192
132 195
132 219
132 232
133 188
133 211
133 257
133 273
133 279
134 184
134 187
134 209
134 210
134 232
134 236
134 246
134 257
134 279
135 154
135 168
135 181
135 223
135 236
135 266
135 314
136 157
136 162
136 189
137 182
137 235
138 180
139 246
139 304
140 207
140 234
140 238
140 252
140 304
140 312
140 313
141 173
141 183
141 206
141 274
142 235
142 247
143 231
144 160
144 174
144 220
144 265
144 284
145 194
146 217
146 279
147 207
147 246
147 262
148 158
148 181
149 238
149 288
149 307
151 156
151 193
151 276
152 245
153 185
153 215
154 214
155 188
155 284
155 296
156 232
157 195
157 292
158 176
158 195
158 216
158 247
159 204
160 247
160 295
160 311
161 192
161 226
162 266
162 309
163 173
163 183
163 189
163 195
163 217
163 220
163 309
164 234
164 238
164 309
165 191
165 211
165 237
165 262
165 266
166 173
166 209
166 249
167 284
168 187
168 188
168 202
168 209
168 233
168 236
168 279
168 280
169 182
169 226
169 259
169 279
170 179
170 189
171 175
171 253
172 192
173 200
173 233
173 252
173 253
173 288
174 235
175 298
175 305
176 220
176 232
176 233
176 309
177 209
177 255
178 265
179 232
179 309
180 201
180 216
180 220
181 232
181 239
181 275
182 204
182 216
182 261
182 264
183 235
184 221
184 246
185 191
185 217
185 239
185 253
185 309
187 241
188 271
188 273
189 216
189 237
189 266
189 278
189 304
189 314
190 292
192 238
193 207
193 313
195 253
195 267
197 306
198 309
199 279
199 291
200 237
200 291
200 292
200 306
201 206
201 275
201 290
202 234
202 251
202 279
202 297
203 232
203 234
204 215
204 226
204 232
204 234
204 235
204 240
204 278
204 288
206 233
206 237
206 276
206 277
207 246
208 210
208 232
208 233
208 237
210 233
211 228
211 266
211 304
212 293
214 230
215 271
215 304
217 233
217 236
217 265
218 235
218 238
218 271
218 311
219 232
221 235
222 234
222 290
223 235
224 276
224 304
226 233
226 234
226 243
226 247
226 257
226 262
226 266
226 267
228 305
231 233
232 233
232 235
232 246
232 293
232 308
233 235
233 239
233 264
233 274
233 296
234 237
234 252
234 308
235 263
235 266
235 275
235 276
235 277
235 279
235 288
237 239
237 279
238 266
238 282
240 266
241 252
241 279
241 289
246 263
247 264
247 277
248 301
251 286
253 261
254 314
255 312
257 273
259 282
259 297
259 312
260 292
262 266
262 290
262 308
263 299
264 273
266 304
266 309
268 278
268 279
268 312
276 277
278 292
279 287
285 309
289 301
295 314
296 303
297 304
309 313
