0 31
0 144
0 167
0 220
0 222
1 51
1 85
1 128
1 234
2 8
2 36
2 62
2 100
2 134
2 159
2 172
2 219
2 234
2 283
3 51
3 99
3 170
3 275
4 15
4 111
4 113
4 116
4 140
4 174
5 26
5 95
5 98
5 99
5 125
5 126
5 128
5 132
5 139
5 154
5 210
5 226
5 232
5 247
5 279
5 291
6 77
6 80
6 122
6 123
6 125
6 127
6 128
6 149
6 240
7 56
7 66
7 78
7 151
7 208
7 210
7 249
7 255
7 278
8 34
8 259
9 40
9 61
9 204
9 232
9 279
10 21
10 57
10 66
10 104
10 164
10 178
10 204
10 231
10 309
11 57
11 130
11 138
11 185
11 238
11 309
12 123
12 145
12 241
12 252
13 17
13 35
13 75
13 87
13 103
13 112
13 123
13 127
13 134
13 168
13 218
13 234
13 279
13 297
14 69
14 111
14 123
14 239
14 248
14 302
15 33
15 114
15 122
15 155
16 122
16 126
16 133
16 137
16 224
16 234
17 32
17 40
17 76
17 96
17 113
17 121
17 122
17 124
17 129
17 234
17 258
17 288
18 28
18 42
18 99
18 100
18 128
18 232
18 257
18 259
19 182
19 206
19 212
19 227
20 23
20 91
20 99
20 121
20 126
20 128
20 173
20 196
20 219
20 280
20 304
21 62
21 122
21 212
22 28
22 122
22 124
22 212
22 308
23 44
23 76
23 104
23 126
23 134
23 163
24 35
24 51
24 92
24 134
24 155
24 261
24 281
25 90
25 134
25 252
25 254
26 139
26 252
26 262
26 276
26 288
27 28
27 40
27 80
27 114
27 127
27 240
28 59
28 124
28 167
28 274
29 73
29 129
29 162
29 165
29 219
29 232
29 238
29 260
30 100
30 159
30 171
30 246
31 204
31 233
32 89
32 108
32 123
32 126
32 259
33 156
33 261
33 271
34 80
34 85
34 177
35 36
35 37
35 54
35 59
35 122
35 123
35 126
35 127
35 129
35 136
35 137
35 158
35 172
35 181
35 202
35 234
35 235
35 261
35 276
36 40
36 42
36 95
36 102
36 105
36 122
36 123
36 136
36 176
36 184
36 204
36 230
36 266
36 277
36 297
37 80
37 122
37 123
37 235
37 267
38 95
38 192
38 223
38 261
38 268
39 77
39 129
39 151
39 153
39 220
40 60
40 103
40 126
40 128
40 155
40 160
40 163
40 185
40 204
40 222
40 234
40 275
40 301
40 303
40 311
41 121
41 128
41 129
41 183
41 184
41 195
41 309
41 313
42 77
42 160
42 180
42 232
43 129
43 134
44 52
44 128
44 134
44 217
44 267
44 304
46 75
46 84
46 235
47 123
47 238
47 263
47 274
48 155
48 235
48 266
49 57
49 90
49 122
49 232
50 250
51 76
51 99
51 108
51 121
51 123
51 124
51 195
51 232
51 247
51 271
52 81
52 115
52 122
52 126
52 131
52 153
52 172
52 197
52 202
52 226
52 233
52 235
52 305
53 86
53 243
53 302
54 110
54 210
54 240
54 278
55 156
55 233
55 234
55 251
55 276
56 124
56 167
56 279
57 79
57 143
57 215
57 220
57 222
57 223
58 77
58 111
58 167
58 204
59 85
59 108
59 111
59 115
59 123
59 178
59 180
59 232
59 233
59 235
59 236
59 257
59 297
60 165
60 241
61 111
61 121
61 168
61 208
61 226
62 103
62 158
63 94
63 126
63 148
63 284
63 309
64 71
64 253
65 226
65 233
66 129
66 171
67 77
67 115
67 124
67 125
67 152
67 232
67 279
68 125
68 128
69 115
69 120
69 124
69 126
69 165
70 150
70 217
70 311
71 127
71 177
72 116
72 199
73 102
73 114
73 119
73 123
73 204
73 234
73 251
73 305
74 124
74 126
74 135
74 174
75 77
75 112
75 128
75 129
75 137
75 161
75 182
75 268
75 289
76 90
76 100
76 122
76 123
76 176
76 211
76 241
76 291
77 103
77 104
77 122
77 125
77 126
77 127
77 128
77 133
77 134
77 158
77 168
77 176
77 184
77 185
77 201
77 206
77 233
77 234
77 238
77 286
78 174
79 125
79 258
79 304
80 134
80 141
80 189
80 197
80 241
80 247
80 273
81 168
81 221
81 222
82 168
83 125
83 127
83 195
83 245
84 180
84 195
85 122
85 134
85 137
85 163
85 166
85 200
85 267
85 274
86 98
86 195
86 234
88 153
89 107
89 128
89 191
89 200
89 291
90 111
90 121
90 122
90 124
90 125
90 129
90 135
90 146
90 165
90 168
90 206
90 215
90 223
90 252
90 257
90 268
90 278
90 315
91 125
91 255
92 166
92 209
92 257
92 259
93 127
93 155
93 206
94 226
95 104
95 128
95 129
95 134
95 140
95 151
95 160
96 98
96 121
96 193
96 232
97 162
97 212
98 121
98 125
98 231
98 293
99 101
99 122
99 124
99 128
99 178
99 216
99 226
99 232
99 297
99 299
100 101
100 110
100 126
100 185
100 217
100 232
101 124
101 169
101 257
101 277
102 128
102 189
103 206
103 304
104 108
104 127
104 173
104 199
104 291
105 125
105 127
105 233
105 260
106 108
106 127
106 171
106 191
106 262
106 267
106 304
107 160
108 124
108 162
108 169
108 172
108 240
108 268
109 117
109 234
110 126
110 129
110 141
110 166
110 236
110 239
110 243
110 293
111 124
111 216
111 233
111 244
111 290
112 121
112 125
112 127
112 128
112 133
112 241
113 126
113 202
113 233
113 309
114 201
115 123
115 127
115 156
115 252
116 127
116 200
117 122
117 155
117 204
117 219
117 241
117 293
117 315
118 122
118 253
119 149
119 191
120 126
120 128
120 160
120 192
121 139
121 154
121 155
121 170
121 188
121 192
121 210
121 219
121 221
121 234
121 266
121 296
121 297
121 304
121 309
122 125
122 128
122 131
122 134
122 138
122 143
122 144
122 150
122 180
122 203
122 206
122 213
122 216
122 220
122 221
122 240
122 243
122 250
122 258
122 266
122 288
123 127
123 137
123 156
123 163
123 172
123 179
123 187
123 204
123 216
123 219
123 232
123 243
123 259
123 261
123 276
123 307
123 309
124 145
124 183
124 191
124 204
124 220
124 226
124 232
124 237
124 238
124 241
124 244
124 246
124 247
124 272
124 315
125 126
125 128
125 153
125 155
125 175
125 176
125 187
125 201
125 204
125 206
125 214
125 216
125 259
125 267
125 271
125 301
126 128
126 131
126 134
126 135
126 155
126 159
126 166
126 180
126 185
126 197
126 204
126 223
126 226
126 233
126 235
126 243
126 256
126 263
126 278
126 279
126 311
126 314
127 133
127 134
127 141
127 151
127 183
127 214
127 223
127 229
127 238
127 249
127 258
127 266
127 275
127 309
128 142
128 148
128 149
128 160
128 163
128 195
128 226
128 232
128 291
129 137
129 187
129 188
129 204
129 205
129 206
129 214
129 219
129 220
129 252
129 279
129 307
130 156
130 158
130 206
130 281
132 217
132 220
132 254
132 258
132 286
132 290
133 237
134 197
134 209
134 238
134 315
135 168
135 187
135 201
135 286
135 298
136 163
137 165
137 176
137 180
137 214
137 249
138 268
139 160
139 168
139 186
140 221
140 237
141 144
142 160
142 187
142 226
142 243
143 279
144 165
144 220
144 235
144 246
147 279
148 150
148 234
149 304
150 154
151 201
151 230
151 234
152 240
153 181
153 207
153 231
154 203
154 244
154 257
154 275
154 279
155 295
155 304
156 226
156 233
156 241
157 199
158 202
158 232
159 180
159 203
159 228
159 264
159 277
160 188
160 195
160 207
160 243
160 268
160 286
161 198
161 206
161 254
162 195
163 193
163 204
163 206
163 233
163 264
164 195
164 257
165 220
166 197
166 266
166 267
166 283
167 223
167 234
168 180
168 189
168 199
168 206
168 216
168 233
168 246
168 253
168 264
168 266
168 293
169 201
169 230
169 251
170 264
170 274
170 315
171 174
171 237
172 215
173 183
173 202
173 217
174 178
174 180
174 202
174 218
174 224
174 232
174 246
177 204
177 216
177 269
178 201
179 220
180 191
180 206
180 268
180 272
180 287
181 195
181 233
182 199
182 218
182 252
182 275
183 226
183 234
185 198
185 262
185 292
187 266
188 220
188 279
188 309
189 264
192 235
192 271
193 292
195 234
195 309
197 215
197 226
197 235
198 226
199 226
199 230
199 243
199 245
199 296
200 218
200 288
201 233
201 234
201 275
201 292
203 279
204 234
204 257
204 264
204 279
204 309
205 232
206 234
207 276
209 237
209 268
209 283
210 212
210 214
212 243
214 257
216 259
216 292
216 296
217 235
218 281
219 224
219 226
219 232
219 234
219 261
220 224
220 235
220 271
220 296
221 232
221 267
221 308
222 241
222 267
223 235
223 305
224 246
225 232
226 232
226 265
226 272
226 280
226 282
226 290
227 291
228 232
228 234
228 305
230 239
232 241
232 247
232 257
232 286
232 309
233 257
233 288
233 304
233 309
234 242
234 276
234 298
235 237
235 249
235 277
235 296
235 299
236 257
236 264
236 304
238 275
239 246
239 309
239 311
240 313
241 272
241 276
241 291
243 279
244 275
247 279
247 296
250 261
253 257
253 286
258 276
259 267
259 309
262 269
264 267
267 312
268 314
271 279
276 279
279 305
283 286
286 298
286 312
