0 28
0 185
1 2
1 76
1 90
1 195
1 263
1 280
1 299
1 304
2 5
2 80
2 90
2 95
2 204
2 259
3 95
3 273
4 144
4 217
4 220
4 241
4 268
5 7
5 10
5 24
5 29
5 38
5 60
5 75
5 95
5 127
5 129
5 133
5 139
5 168
5 173
5 193
5 194
5 201
5 234
5 253
6 36
6 42
6 75
6 89
6 104
6 120
6 134
6 135
6 183
6 221
6 270
6 296
7 9
7 41
7 54
7 99
7 111
7 116
7 121
7 124
7 127
7 129
7 134
7 182
7 242
7 286
7 304
8 67
8 73
8 140
8 156
9 35
9 54
9 223
9 233
9 240
9 241
10 35
10 85
10 110
10 139
10 143
10 266
11 88
11 117
11 241
12 128
12 178
12 240
12 267
12 280
12 304
13 45
13 47
13 78
13 115
13 120
13 126
13 141
13 174
13 200
13 207
13 215
13 225
13 234
13 273
13 293
14 18
14 126
14 128
14 232
14 280
14 283
14 291
15 104
16 17
16 58
16 59
16 126
16 152
16 232
16 257
17 31
17 99
17 161
17 183
17 288
17 291
17 297
18 40
18 68
18 77
18 83
19 83
19 116
19 173
20 30
20 128
20 211
20 246
20 287
20 312
21 66
21 95
21 122
21 144
21 146
21 185
21 204
21 245
22 56
22 58
22 90
22 99
22 110
22 117
22 124
22 309
23 99
23 272
24 55
24 135
24 192
24 204
24 232
24 235
25 303
26 42
26 160
27 214
27 219
28 89
28 93
28 285
29 36
29 85
29 107
29 122
29 141
29 188
29 219
29 226
31 76
31 107
31 176
31 195
31 204
32 66
32 83
32 149
33 110
33 266
34 35
34 87
34 101
34 123
34 126
34 200
34 208
34 226
35 49
35 70
35 77
35 95
35 125
35 126
35 165
35 171
35 193
35 203
35 225
35 234
36 66
36 86
36 104
36 108
36 120
36 123
36 181
36 209
36 218
36 226
36 249
36 266
36 288
36 304
37 105
37 119
37 131
37 218
37 226
37 264
37 266
37 297
38 44
38 126
38 232
38 233
39 40
39 82
39 85
39 92
39 99
39 111
39 123
39 135
39 183
39 200
39 302
40 51
40 52
40 57
40 66
40 69
40 82
40 86
40 90
40 122
40 128
40 130
40 156
40 158
40 165
40 177
40 226
40 233
40 272
41 54
41 72
41 100
41 102
41 133
41 134
41 159
41 163
41 174
41 201
41 203
41 219
41 226
41 231
41 242
41 267
42 89
42 99
42 124
43 90
43 125
43 131
43 202
43 233
44 90
44 180
44 190
44 196
45 233
46 113
47 241
48 128
48 223
49 53
49 93
49 125
49 209
49 235
50 121
50 222
50 305
51 76
51 88
51 100
51 134
51 151
51 171
51 235
51 237
51 245
51 292
51 304
52 76
52 83
52 121
52 222
52 253
52 279
54 95
54 123
54 134
54 204
54 223
54 279
55 59
55 83
55 121
55 140
55 163
55 216
55 249
55 295
56 57
56 58
56 90
56 127
56 134
56 179
57 106
57 130
57 142
57 180
57 225
57 233
57 309
58 168
58 219
58 223
58 243
59 90
59 121
59 185
59 227
59 280
59 309
61 75
61 88
61 119
61 300
62 123
62 183
62 212
63 234
63 304
64 112
64 122
64 183
64 289
65 228
66 84
66 106
66 115
66 122
66 144
66 166
66 193
66 201
66 234
67 134
67 224
67 236
67 262
67 286
68 99
68 238
69 89
69 100
69 178
69 187
69 240
70 127
70 162
70 207
70 246
71 173
72 125
72 188
73 126
73 129
73 134
73 188
73 226
74 154
74 158
74 230
75 80
75 81
75 105
75 138
75 180
75 292
75 293
75 315
76 77
76 93
76 123
76 126
76 129
76 160
76 195
76 198
76 206
76 219
76 234
76 235
76 237
76 249
76 285
77 81
77 94
77 107
77 121
77 122
77 124
77 141
77 164
77 232
77 233
77 235
77 241
77 284
77 314
78 121
78 129
78 161
79 117
79 199
79 240
80 85
80 94
80 100
80 126
80 252
81 85
81 94
81 155
81 220
81 299
82 147
83 89
83 90
83 124
83 127
83 158
85 110
85 124
85 126
85 127
85 204
85 236
86 169
86 279
87 122
87 197
87 200
87 233
87 235
88 219
88 286
88 291
88 304
89 97
89 160
89 237
89 282
90 99
90 112
90 122
90 124
90 125
90 178
90 225
90 279
90 286
90 288
91 111
91 115
91 140
92 117
92 183
92 220
93 122
93 186
93 207
94 105
94 204
95 106
95 154
95 201
95 224
95 279
96 167
96 204
96 242
96 266
96 300
97 251
97 290
98 99
98 113
98 122
98 135
98 174
98 240
99 123
99 125
99 128
99 149
99 196
99 219
99 223
99 224
99 226
99 246
99 247
99 266
100 104
100 107
100 154
100 226
100 229
100 255
100 268
100 278
102 117
103 121
103 126
103 234
103 259
104 126
104 147
104 163
104 215
104 311
105 114
105 121
105 126
105 185
105 283
106 183
106 193
106 211
106 235
106 259
106 303
107 122
107 140
108 124
108 246
109 111
109 134
109 210
109 226
110 124
110 129
110 138
110 204
110 232
110 236
110 266
111 121
111 216
111 236
112 127
112 128
112 130
112 135
112 183
112 206
112 264
113 303
115 212
115 249
115 250
115 255
116 125
116 137
116 181
116 234
117 124
117 155
117 182
117 234
117 236
117 243
117 262
117 309
118 264
119 233
119 235
119 257
120 124
120 128
121 123
121 124
121 125
121 127
121 128
121 131
121 143
121 147
121 177
121 189
121 191
121 193
121 204
121 208
121 223
121 239
121 246
121 252
121 272
121 277
122 123
122 124
122 125
122 127
122 128
122 129
122 135
122 139
122 145
122 162
122 173
122 204
122 207
122 220
122 237
122 248
122 252
122 263
122 299
123 139
123 140
123 176
123 186
123 188
123 226
123 232
123 233
123 234
123 239
123 258
123 279
124 125
124 128
124 129
124 137
124 151
124 158
124 159
124 170
124 201
124 227
124 229
124 241
124 250
124 261
124 266
124 279
124 288
124 302
124 309
125 129
125 134
125 140
125 153
125 165
125 168
125 180
125 192
125 207
125 220
125 226
125 241
125 263
125 266
125 288
126 128
126 130
126 143
126 168
126 178
126 180
126 223
126 235
126 255
126 292
126 308
127 138
127 140
127 147
127 175
127 180
127 214
127 219
127 223
127 226
127 308
128 132
128 134
128 135
128 139
128 140
128 141
128 181
128 204
128 210
128 226
128 228
128 234
128 254
129 170
129 176
129 187
129 201
129 214
129 226
129 232
129 236
129 252
129 313
130 163
131 173
131 176
131 200
131 223
131 304
132 234
134 155
134 189
134 195
134 229
134 233
134 254
135 160
135 304
136 157
136 160
136 165
137 140
137 144
137 147
137 152
137 159
137 204
137 234
137 301
138 155
138 181
139 195
139 253
139 309
140 187
140 209
140 299
141 233
143 192
143 200
143 235
143 283
143 308
144 201
144 259
145 185
146 155
146 200
147 189
147 200
147 224
147 229
147 236
149 191
151 152
151 217
151 233
152 154
152 233
152 276
153 212
154 155
154 192
154 235
154 266
154 283
154 306
155 180
155 257
155 273
155 286
156 216
156 258
158 162
158 195
158 304
159 173
160 201
160 207
160 221
160 234
160 237
160 277
162 191
162 264
162 309
163 246
163 259
164 233
165 227
165 230
165 232
165 233
166 221
166 234
166 266
167 233
167 257
168 188
168 233
168 273
168 278
168 309
169 241
169 264
169 313
170 173
170 235
170 276
170 293
172 176
172 292
173 187
173 207
173 226
173 257
173 313
174 229
174 231
174 262
175 262
176 206
177 233
177 235
178 189
178 233
178 239
180 182
180 203
180 208
181 233
182 268
182 278
182 309
183 245
183 267
183 297
185 243
185 263
185 286
187 190
187 234
187 276
188 236
188 267
189 226
189 246
190 234
191 227
192 210
192 251
193 247
195 227
195 241
195 260
198 208
198 223
198 252
199 269
200 226
200 232
200 233
200 234
200 235
201 226
201 246
202 309
203 220
204 210
204 229
204 232
206 232
206 241
206 244
206 250
206 274
207 208
207 233
207 298
210 226
210 253
212 217
212 220
214 233
215 315
216 233
216 238
216 258
216 301
216 314
217 263
217 309
218 222
218 233
219 280
220 233
221 231
221 293
222 272
222 286
223 271
223 307
223 308
224 234
224 237
224 263
225 226
226 235
226 277
227 246
228 229
228 241
229 266
230 297
232 241
232 261
232 265
232 292
232 306
232 312
232 313
233 246
233 248
233 266
233 284
233 286
233 307
234 260
234 267
234 274
234 298
235 246
235 276
235 277
235 278
235 279
237 246
237 309
238 309
239 254
241 257
241 279
241 296
243 291
243 314
246 279
246 284
259 271
261 267
261 268
261 309
264 283
264 296
265 294
266 272
266 292
274 311
275 296
275 304
277 309
279 303
285 311
288 304
292 309
299 304
301 309
304 314
309 314
