0 185
0 217
0 276
1 112
1 121
1 201
1 293
1 304
1 312
2 38
2 51
2 77
2 122
2 168
2 195
2 204
2 207
2 232
2 309
3 64
3 87
3 100
3 108
3 118
3 200
3 232
3 244
3 252
4 35
4 93
4 121
4 124
4 129
4 169
4 170
4 280
4 288
5 7
5 24
5 44
5 61
5 89
5 134
5 147
5 162
5 163
5 173
5 218
5 277
5 309
6 83
6 121
6 122
6 197
6 204
6 208
6 220
7 36
7 90
7 112
7 126
7 169
7 180
7 189
7 219
7 232
7 233
7 247
7 258
7 292
8 61
8 92
9 98
9 172
9 177
9 219
9 235
10 13
10 14
10 39
10 92
10 130
10 171
10 208
10 228
10 281
10 286
11 161
11 246
11 285
12 201
12 207
13 35
13 122
13 143
13 167
13 224
14 84
14 267
15 163
15 196
15 215
15 228
16 31
16 92
16 142
16 232
16 237
16 252
17 81
17 90
17 121
17 151
17 220
17 221
17 233
18 90
18 123
18 124
18 183
18 226
19 101
19 180
20 28
20 64
20 99
20 101
20 122
20 124
20 126
20 156
20 233
20 249
20 277
21 23
21 78
21 93
21 124
21 126
21 189
21 241
22 36
22 124
22 129
22 132
22 167
22 168
22 192
23 124
23 235
24 36
24 122
24 124
24 125
24 232
24 234
24 300
25 163
26 83
26 148
26 226
26 304
27 99
27 268
27 295
28 58
28 66
28 90
28 273
28 275
28 279
29 54
29 131
29 140
29 163
29 232
29 291
30 141
30 266
31 44
31 139
31 194
31 238
31 254
32 35
32 54
32 110
32 208
32 271
33 70
33 115
33 126
33 145
33 232
34 181
34 309
35 39
35 51
35 76
35 82
35 86
35 100
35 123
35 129
35 163
35 220
35 224
35 232
35 235
35 275
35 292
35 299
35 309
36 107
36 128
36 221
36 234
37 115
37 143
37 191
37 194
37 206
37 222
37 257
37 259
38 192
38 222
39 75
39 121
39 123
39 129
39 144
39 162
39 166
39 246
39 304
39 309
40 41
40 54
40 56
40 122
40 125
40 127
40 180
40 192
40 195
40 202
40 235
40 266
40 290
41 85
41 99
41 117
41 121
41 122
41 137
41 168
41 204
41 226
41 228
41 232
42 47
42 124
42 128
42 204
42 214
42 221
42 233
43 68
43 90
43 123
43 233
43 262
43 271
44 64
44 95
44 123
44 124
44 170
44 196
44 243
45 72
45 279
46 131
47 187
47 218
47 286
49 78
49 100
49 140
49 160
49 195
50 217
50 257
50 265
51 52
51 123
51 128
52 102
52 125
52 128
52 140
52 185
52 231
52 234
52 253
52 283
53 126
53 158
53 184
53 236
53 268
54 55
54 77
54 112
54 207
54 213
54 246
54 313
55 126
55 138
55 266
55 276
55 277
56 208
56 238
56 254
56 272
56 309
57 77
57 99
57 153
57 266
58 252
59 91
59 99
59 104
59 124
59 126
59 141
59 247
59 252
59 278
59 279
60 204
60 302
61 72
61 89
61 256
62 116
62 212
63 85
64 126
64 155
64 274
65 80
65 85
65 246
65 266
65 275
66 67
66 120
66 127
66 200
66 204
66 213
66 235
66 279
66 290
66 311
67 122
67 124
67 127
67 157
67 175
67 199
67 241
67 275
67 292
68 134
68 152
68 195
68 223
68 263
69 247
70 197
70 279
71 121
71 263
72 165
72 188
72 221
73 91
73 168
73 171
73 204
73 233
73 234
74 100
74 123
74 168
74 223
74 279
74 304
75 121
75 124
75 130
75 134
75 139
75 141
75 162
75 166
75 168
75 170
75 207
75 233
75 234
75 259
75 286
75 299
76 101
76 122
76 133
76 141
76 144
76 151
76 153
76 170
76 180
76 193
76 226
76 228
76 248
77 99
77 143
77 198
77 215
77 221
77 232
77 235
77 239
77 267
77 278
78 124
78 180
78 253
78 261
79 100
79 129
79 175
80 132
80 140
80 213
80 214
80 314
81 121
81 122
81 128
81 131
81 204
81 222
81 257
82 129
82 172
82 192
82 204
82 234
82 238
82 307
82 309
83 113
83 119
83 129
83 233
83 246
84 119
84 128
84 134
84 215
84 241
84 267
85 104
85 127
85 151
85 188
85 189
85 191
85 193
85 223
85 272
86 126
86 198
86 209
86 280
87 108
87 144
88 102
88 121
88 127
88 206
89 100
89 114
89 123
89 127
89 148
89 160
89 241
89 276
89 303
90 101
90 107
90 122
90 123
90 127
90 128
90 142
90 147
90 167
90 204
90 219
90 220
90 250
90 267
90 270
90 309
90 315
91 127
91 140
91 214
91 306
92 112
92 125
92 193
93 125
93 189
93 208
93 240
93 278
94 136
94 193
94 226
95 125
95 135
95 156
95 160
95 198
95 219
96 219
96 259
96 286
97 125
97 127
97 128
97 152
97 241
98 181
98 206
98 223
98 268
98 309
99 113
99 115
99 127
99 129
99 135
99 145
99 159
99 162
99 192
99 223
99 255
99 270
99 292
100 111
100 117
100 125
100 128
100 131
100 135
100 159
100 163
100 191
100 192
100 194
100 203
100 214
100 233
100 272
100 309
101 115
101 206
102 123
102 130
102 183
102 223
102 288
103 233
104 238
104 293
105 120
105 125
105 129
105 259
106 126
106 144
106 179
106 247
106 278
107 128
107 174
107 178
107 197
107 243
108 135
108 155
108 159
108 180
108 226
108 279
109 127
109 188
109 233
110 129
110 257
110 315
111 121
111 122
111 125
111 132
111 192
111 196
111 211
111 221
111 245
111 268
111 313
112 232
112 308
113 118
113 182
113 204
114 126
114 127
114 204
115 193
115 220
115 290
115 292
116 121
117 121
117 208
117 225
117 280
118 216
119 159
119 210
120 123
120 142
120 155
120 166
120 181
120 298
121 122
121 124
121 127
121 140
121 161
121 185
121 203
121 207
121 257
121 267
121 273
121 284
121 309
122 126
122 128
122 129
122 151
122 157
122 166
122 174
122 182
122 185
122 207
122 213
122 219
122 232
122 234
122 235
122 238
122 241
122 265
122 266
122 270
122 286
122 291
122 304
123 136
123 138
123 140
123 155
123 163
123 180
123 188
123 201
123 204
123 205
123 206
123 219
123 224
123 235
123 240
123 241
124 125
124 128
124 157
124 174
124 191
124 203
124 217
124 230
124 232
124 257
124 267
124 298
125 129
125 164
125 166
125 173
125 195
125 200
125 204
125 267
125 271
125 279
125 288
126 135
126 219
126 232
126 235
126 241
126 247
126 257
126 259
126 293
126 295
126 307
127 134
127 135
127 137
127 158
127 165
127 196
127 217
127 231
127 237
127 259
127 297
127 300
128 129
128 135
128 170
128 178
128 204
128 206
128 219
128 224
128 234
128 241
128 256
128 257
128 275
128 304
128 309
128 310
129 141
129 145
129 148
129 155
129 176
129 187
129 204
129 206
129 223
129 227
129 237
129 241
129 246
129 258
129 309
130 204
130 233
130 302
131 143
131 195
131 201
131 236
131 254
133 221
134 139
134 142
134 149
134 160
134 168
134 180
134 203
134 223
134 233
134 235
134 240
135 219
135 261
135 266
135 276
135 286
136 176
137 202
137 231
137 232
137 249
138 236
139 224
139 226
139 279
139 294
140 165
140 168
140 202
140 219
140 226
140 309
141 200
141 207
141 279
143 169
143 171
143 188
143 223
143 247
144 160
144 196
144 202
144 313
144 315
145 208
146 180
146 227
146 273
147 151
147 234
147 245
147 273
147 315
148 253
148 279
149 278
151 160
151 175
151 232
151 296
152 160
153 168
153 239
153 292
154 176
154 267
155 158
155 180
155 279
155 313
157 188
157 304
157 305
158 188
158 223
158 234
160 168
160 186
160 266
161 225
162 267
163 174
163 218
163 238
163 258
163 266
164 241
164 298
165 184
165 201
165 223
165 277
166 192
166 301
167 226
167 263
168 202
168 204
168 207
168 267
168 272
170 186
170 223
170 274
170 304
171 252
173 236
173 266
173 307
173 313
174 200
174 214
174 246
175 200
175 227
176 201
176 204
176 206
177 219
177 238
178 264
178 313
179 235
180 207
180 215
180 234
180 279
180 297
181 233
181 290
182 309
183 253
183 286
185 192
185 234
185 257
186 191
186 223
186 266
187 280
188 201
188 204
188 215
189 301
189 304
190 257
191 200
192 203
192 272
194 313
195 237
195 289
197 208
197 232
197 264
197 287
198 302
198 309
199 237
199 265
200 212
200 218
200 234
200 265
200 274
201 259
201 299
201 305
202 204
202 279
202 280
203 217
203 228
203 237
203 266
204 232
204 233
204 261
204 286
204 304
204 312
206 259
206 264
206 304
207 224
207 239
207 246
207 260
209 232
210 258
210 300
211 309
214 272
215 234
215 259
215 267
215 271
215 296
216 286
216 288
217 220
217 264
218 226
218 236
218 260
220 234
220 272
220 286
221 234
222 261
223 233
223 249
223 291
224 232
224 235
225 294
225 304
225 309
226 233
226 259
226 267
226 273
226 282
226 289
228 314
229 267
230 234
230 252
231 291
232 243
232 247
232 257
232 261
232 279
232 306
233 246
233 267
233 314
234 253
234 297
234 300
235 241
235 249
235 304
238 264
238 267
238 286
239 266
240 250
241 261
241 278
243 258
244 245
246 253
247 304
249 271
252 253
252 257
257 314
258 271
262 274
262 296
264 313
266 272
266 309
269 279
272 286
276 286
276 290
277 292
279 280
280 304
280 309
285 300
288 304
293 307
297 301
297 306
304 309
