0 12
0 31
0 90
0 106
0 124
0 125
0 135
1 33
2 13
2 20
2 21
2 35
2 76
2 89
2 97
2 110
2 122
2 124
2 191
3 19
3 122
3 127
3 158
3 216
3 235
3 269
4 127
4 129
4 131
4 143
4 180
4 233
4 266
4 271
5 23
5 34
5 35
5 46
5 57
5 71
5 95
5 121
5 124
5 166
5 190
5 193
5 202
5 207
5 217
5 222
5 232
5 233
5 240
5 309
6 28
6 75
6 76
6 124
6 135
6 186
6 219
6 230
7 49
7 63
7 65
7 104
7 123
7 126
7 128
7 185
7 252
7 279
8 72
9 74
9 127
9 128
9 198
9 202
9 309
10 103
10 125
10 134
10 197
10 200
10 204
10 281
11 17
11 73
11 77
11 125
11 163
11 234
11 281
12 125
12 176
12 203
12 265
13 122
13 123
13 196
13 232
13 234
13 240
13 257
13 292
13 309
14 17
14 32
14 61
14 124
14 127
14 128
14 129
14 157
14 168
14 179
14 181
14 257
14 271
14 273
14 298
15 35
15 64
15 134
16 144
16 201
16 227
16 234
17 41
17 77
17 116
17 123
17 127
17 140
17 147
17 166
17 204
17 233
17 238
17 246
17 282
17 286
17 292
17 309
18 29
18 173
18 199
18 220
18 228
18 267
19 201
19 225
19 253
20 49
20 75
20 111
20 123
20 126
20 233
20 241
20 245
21 129
22 74
22 90
22 125
22 163
22 279
23 52
23 162
23 218
23 226
23 249
24 37
24 117
24 123
24 124
24 204
24 309
24 312
25 127
25 151
26 122
26 123
26 309
27 37
27 41
27 74
27 129
27 140
27 233
27 240
28 87
28 200
28 204
28 236
28 274
29 38
29 51
29 113
29 195
29 218
29 226
30 241
30 306
31 121
31 123
31 124
31 146
31 234
31 264
32 35
32 99
32 151
32 172
32 203
32 264
32 292
32 312
33 39
33 113
33 151
33 170
33 237
33 249
34 55
34 91
34 99
34 127
34 129
34 134
34 200
34 279
35 59
35 69
35 76
35 85
35 95
35 99
35 126
35 129
35 132
35 133
35 158
35 161
35 175
35 191
35 201
35 232
35 245
35 279
35 309
35 310
36 68
36 126
36 130
36 186
36 187
36 195
36 203
36 233
36 252
36 254
36 267
36 304
37 160
37 279
38 67
38 128
39 124
39 140
39 156
39 229
39 241
39 286
39 299
40 122
40 134
40 187
40 191
40 251
40 253
40 283
41 90
41 99
41 105
41 121
41 124
41 186
41 217
41 220
41 240
41 271
41 279
41 312
41 313
42 100
42 110
42 124
42 125
42 204
42 219
42 234
42 235
42 246
42 279
43 95
43 105
43 129
43 203
43 235
44 90
44 271
45 185
45 225
47 54
47 127
47 191
47 264
48 140
48 223
49 93
49 99
49 123
49 124
49 154
49 186
49 235
49 271
51 99
51 121
51 127
51 134
51 140
51 153
51 233
51 257
51 266
52 79
52 89
52 99
52 124
52 195
52 224
52 244
52 266
53 158
53 190
54 93
54 125
54 151
54 236
54 263
54 266
54 279
55 73
55 205
55 220
55 267
56 87
56 155
56 165
56 185
56 201
56 219
56 259
56 266
56 286
57 81
57 117
57 162
57 165
57 201
57 209
57 279
59 66
59 72
59 121
59 123
59 137
59 168
59 200
59 274
59 292
60 72
60 115
61 112
61 123
61 128
61 205
61 241
61 255
61 259
62 66
62 67
62 128
62 138
63 89
63 224
63 255
65 106
66 73
66 187
66 266
67 134
67 181
67 250
67 274
67 314
68 121
68 204
69 164
69 183
69 240
69 266
70 112
70 122
70 163
70 178
70 232
71 144
71 165
72 122
72 169
72 228
72 309
73 125
73 160
73 178
73 250
73 274
74 293
75 136
75 185
75 261
76 84
76 106
76 123
76 128
76 163
76 183
76 204
76 206
76 226
76 258
76 273
76 275
76 294
76 305
76 306
76 309
77 113
77 122
77 158
77 160
77 166
77 181
77 190
77 194
77 207
77 218
77 226
77 233
77 266
77 269
77 285
78 90
78 121
80 98
80 133
80 257
81 125
81 191
81 201
81 231
81 305
82 125
82 178
82 236
82 302
83 125
83 129
83 190
83 219
84 121
84 235
84 266
84 282
85 99
85 121
85 122
85 166
85 218
85 226
86 108
86 236
86 239
86 252
87 185
87 203
87 299
88 124
88 290
89 90
89 135
89 153
89 226
89 249
90 98
90 99
90 121
90 122
90 123
90 125
90 130
90 187
90 195
90 204
90 216
90 230
90 234
90 252
90 258
90 266
90 291
91 129
91 192
92 134
92 155
92 206
92 228
92 280
93 124
93 211
93 264
95 99
95 135
95 139
95 193
95 231
95 252
95 312
96 168
97 186
98 106
98 111
98 128
98 174
98 197
98 226
98 253
98 274
98 312
99 102
99 121
99 126
99 127
99 128
99 151
99 174
99 180
99 224
99 227
99 261
99 262
99 272
99 286
99 309
100 121
100 125
100 128
100 142
100 185
100 206
100 218
100 257
100 274
100 280
102 111
103 162
103 236
103 239
104 123
104 159
104 165
104 209
105 134
105 171
105 203
105 243
106 110
106 117
106 121
106 123
106 124
106 125
106 135
106 168
106 198
106 234
106 294
107 127
107 143
107 264
108 126
108 167
108 183
108 244
109 283
110 125
110 126
110 206
110 226
110 234
111 126
111 172
111 180
111 212
111 279
111 294
112 131
112 197
112 220
112 291
113 193
113 278
114 233
115 232
115 235
115 249
116 204
116 309
117 121
117 122
117 128
117 130
117 232
117 233
117 266
117 304
118 125
119 125
119 160
119 304
120 121
121 122
121 143
121 183
121 188
121 195
121 208
121 212
121 235
121 246
121 270
121 282
121 299
121 308
122 125
122 126
122 129
122 152
122 165
122 174
122 187
122 202
122 204
122 212
122 233
122 237
122 253
122 261
122 266
122 299
122 309
123 125
123 128
123 130
123 132
123 160
123 170
123 174
123 195
123 233
123 241
123 259
123 263
123 278
123 279
124 127
124 137
124 150
124 158
124 162
124 163
124 174
124 177
124 180
124 183
124 189
124 192
124 195
124 215
124 218
124 220
124 233
124 234
124 245
124 272
124 278
124 304
124 305
124 306
125 126
125 134
125 147
125 191
125 204
125 207
125 209
125 243
125 259
125 283
125 289
125 304
126 127
126 147
126 156
126 160
126 168
126 174
126 181
126 183
126 189
126 197
126 208
126 226
126 232
126 255
126 261
126 271
126 280
126 288
126 302
126 309
127 135
127 139
127 154
127 164
127 172
127 192
127 201
127 204
127 226
127 234
127 235
127 246
127 266
127 285
127 286
127 293
127 298
127 304
128 129
128 130
128 134
128 140
128 159
128 175
128 223
128 232
128 234
128 241
128 268
128 281
128 302
129 132
129 160
129 173
129 206
129 235
129 266
129 267
129 291
130 132
130 157
130 243
131 145
131 268
132 170
132 182
132 201
133 219
134 157
134 160
134 180
134 189
134 192
134 200
134 206
134 231
134 234
134 245
134 257
134 279
135 234
135 245
135 270
135 279
137 214
137 235
138 188
138 195
138 220
139 164
139 198
140 159
140 160
140 169
140 172
140 192
140 226
140 236
140 286
141 247
142 227
143 188
143 216
143 278
144 186
144 206
144 216
144 226
144 235
144 268
144 288
145 149
147 195
147 211
147 232
148 235
148 241
150 204
150 266
151 233
151 258
153 214
154 162
154 232
155 264
156 243
157 160
157 180
157 238
157 241
158 202
158 229
158 233
158 241
158 258
159 175
159 219
159 243
159 309
160 181
160 265
160 292
160 293
162 173
162 185
162 267
163 179
163 204
163 210
163 237
163 241
165 201
165 207
165 285
165 290
166 212
166 226
167 192
168 183
168 223
168 232
168 279
168 280
168 309
169 180
170 235
170 309
171 185
171 237
172 173
172 201
172 248
173 196
173 221
173 226
173 271
173 294
174 232
175 202
175 278
176 180
177 297
178 223
178 227
178 238
179 181
180 203
180 223
180 226
180 236
180 262
181 288
182 195
183 200
183 267
183 274
184 271
184 278
185 243
186 188
186 241
187 238
187 260
188 195
188 234
188 275
189 226
192 195
192 204
192 255
192 309
193 217
193 289
193 308
194 223
195 225
195 232
195 277
195 315
196 258
198 222
199 202
199 232
199 266
200 201
200 219
200 252
201 226
201 274
202 221
202 244
203 208
204 246
204 247
204 259
204 271
204 276
204 280
205 233
206 209
206 226
206 309
208 288
208 304
209 223
209 234
209 280
209 304
209 312
210 232
210 234
210 243
212 241
213 221
213 278
214 227
214 252
215 219
215 240
216 238
216 245
217 264
217 309
218 221
218 287
218 309
219 227
219 234
219 277
220 309
221 226
221 309
222 296
223 233
223 234
223 238
223 289
224 235
224 249
225 283
226 252
226 258
226 276
226 309
228 266
229 236
231 232
231 309
232 234
232 235
232 243
232 257
232 259
232 299
233 245
233 302
233 303
233 309
234 235
234 236
234 250
234 251
234 267
234 278
234 292
234 304
235 259
235 276
235 315
237 246
238 248
238 274
240 279
240 305
241 249
241 296
243 247
243 291
246 309
247 304
247 313
249 310
252 277
252 307
257 265
257 299
257 309
263 273
264 278
264 279
265 309
266 279
266 311
268 279
271 288
275 290
277 292
280 283
286 304
294 304
299 309
309 310
