0 86
0 100
0 273
1 17
1 51
1 98
1 123
1 304
2 7
2 21
2 56
2 87
2 110
2 122
2 204
2 252
2 292
3 76
3 165
3 264
4 35
4 91
4 166
4 220
4 304
5 31
5 36
5 51
5 73
5 80
5 100
5 126
5 134
5 174
5 209
5 222
5 235
5 238
5 313
6 7
6 37
6 76
6 125
6 153
6 216
6 218
7 72
7 78
7 80
7 121
7 126
7 129
7 174
7 176
7 201
7 209
7 234
7 252
8 35
8 162
8 202
9 105
9 184
9 309
10 32
10 55
10 124
10 125
10 163
10 219
10 221
10 226
10 288
10 298
11 29
11 49
11 90
11 106
11 253
11 289
12 72
12 125
12 164
12 165
12 188
12 231
12 232
13 52
13 99
13 121
13 123
13 230
13 271
13 276
13 303
13 312
14 76
14 89
14 125
14 127
14 212
14 226
15 67
15 123
15 201
15 259
16 90
16 91
16 144
16 233
16 253
16 264
16 280
16 287
16 309
17 41
17 48
17 55
17 78
17 106
17 120
17 125
17 160
17 169
17 203
17 206
17 235
18 49
18 98
18 304
19 129
19 280
19 292
19 308
20 44
20 121
20 127
20 131
20 134
20 168
20 174
20 221
20 266
20 274
20 280
20 296
21 52
21 133
21 260
21 292
22 26
22 206
22 275
23 41
23 79
23 123
23 127
23 129
23 213
23 241
23 259
24 35
24 70
24 121
24 122
24 198
24 210
24 225
24 268
24 274
25 55
26 53
26 130
26 185
26 228
26 232
27 288
28 39
28 52
28 83
28 93
28 165
28 181
29 35
29 75
29 101
29 122
29 137
29 226
29 227
29 232
29 266
29 287
30 70
30 83
30 139
30 140
31 125
31 127
31 155
31 227
31 234
31 250
31 304
32 42
32 76
32 94
32 105
32 126
32 204
32 206
32 241
32 246
32 303
33 187
33 226
33 252
34 85
34 87
34 98
34 99
34 100
34 122
34 126
34 132
34 233
35 42
35 75
35 79
35 85
35 88
35 92
35 121
35 144
35 197
35 210
35 240
35 253
36 77
36 106
36 113
36 117
36 139
36 149
36 188
36 193
36 204
36 246
36 271
36 272
36 305
37 92
37 93
37 97
37 134
38 126
38 133
38 275
39 52
39 122
39 151
39 188
39 245
39 294
40 60
40 68
40 91
40 123
40 124
40 169
40 174
40 176
40 212
40 236
40 254
40 309
41 84
41 102
41 111
41 121
41 127
41 138
41 141
41 162
41 232
41 233
41 234
41 247
42 49
42 67
42 77
42 79
42 173
42 180
42 217
42 226
42 286
43 159
43 232
43 301
44 79
44 133
44 241
44 243
45 59
46 235
47 170
47 200
47 226
48 165
49 83
49 237
49 309
50 124
50 126
50 239
50 290
51 174
51 181
51 235
52 84
52 90
52 127
52 135
52 176
52 183
53 97
54 150
54 173
54 181
54 225
54 243
55 180
55 203
55 217
55 226
55 285
56 62
56 65
56 128
56 223
56 235
56 260
56 261
56 313
57 77
57 226
57 238
57 246
57 266
58 84
58 204
59 85
59 92
59 175
59 203
59 204
59 261
60 74
60 243
60 297
61 89
61 122
61 129
61 133
61 199
62 121
62 243
62 246
62 302
63 173
63 204
63 231
64 67
64 129
64 201
64 207
64 221
64 226
64 243
64 246
65 70
65 99
65 122
65 128
65 203
65 204
65 309
66 117
66 170
66 191
66 232
66 277
66 290
67 101
67 139
67 302
68 182
68 280
69 283
70 128
70 151
70 313
71 193
71 209
71 302
72 76
72 121
72 135
72 168
72 201
72 203
72 204
72 232
72 301
73 121
73 122
73 124
73 128
73 129
73 137
73 157
73 170
73 305
73 309
74 90
74 143
75 117
75 122
75 124
75 135
75 160
75 180
75 193
75 257
76 77
76 83
76 85
76 92
76 122
76 183
76 204
76 212
76 219
76 232
76 235
76 274
77 121
77 122
77 123
77 125
77 127
77 160
77 204
77 209
77 259
77 268
78 83
78 89
78 152
79 213
79 279
80 101
80 104
80 121
80 134
80 286
81 125
81 184
82 204
82 284
83 125
83 126
83 188
83 226
83 252
83 275
84 122
84 128
84 171
84 175
84 233
84 279
84 304
85 90
85 93
85 96
85 127
85 152
85 226
85 244
85 245
85 247
85 276
85 285
86 155
86 204
86 221
87 111
87 181
87 195
87 304
88 100
88 161
88 204
88 232
89 124
89 127
89 162
89 178
89 185
89 309
90 104
90 122
90 139
90 146
90 160
90 206
90 221
90 248
90 253
90 276
90 285
91 106
91 108
91 135
91 137
91 193
91 253
92 276
92 305
93 106
93 124
93 310
94 153
95 122
95 131
95 178
95 232
95 247
95 309
96 97
96 114
96 155
96 192
96 215
96 232
97 155
97 233
97 309
98 154
98 195
98 289
99 100
99 110
99 122
99 125
99 126
99 155
99 169
99 170
99 201
99 239
99 258
99 260
99 288
100 103
100 121
100 134
100 137
100 163
100 188
100 197
100 217
100 218
100 220
100 235
100 273
100 279
100 292
101 166
101 236
102 127
102 166
102 208
102 234
102 271
103 304
105 204
105 286
106 123
106 127
106 131
106 271
106 275
106 314
107 129
107 178
107 181
107 188
107 232
108 138
108 264
109 123
109 124
109 127
109 309
110 123
110 125
110 135
110 168
110 173
110 213
110 233
110 299
110 314
111 127
111 128
111 182
111 233
111 309
112 123
112 194
112 286
113 123
113 137
113 282
114 235
115 160
115 202
115 204
115 306
116 241
116 309
116 312
117 203
119 166
119 301
120 122
120 125
120 163
120 272
121 122
121 123
121 124
121 127
121 135
121 140
121 143
121 145
121 162
121 164
121 168
121 188
121 192
121 195
121 210
121 216
121 223
121 233
121 235
121 240
121 264
121 279
122 129
122 131
122 152
122 162
122 210
122 217
122 226
122 233
122 241
122 244
122 266
122 298
123 125
123 127
123 129
123 143
123 166
123 173
123 180
123 204
123 206
123 208
123 215
123 232
123 238
123 241
123 259
123 260
123 261
123 266
123 279
123 286
123 293
123 299
123 314
124 126
124 144
124 165
124 166
124 226
124 232
124 236
124 238
124 244
124 252
125 126
125 127
125 135
125 144
125 153
125 158
125 183
125 189
125 192
125 204
125 206
125 214
125 234
125 241
125 266
125 289
125 300
125 309
126 129
126 145
126 170
126 182
126 200
126 204
126 210
126 218
126 221
126 231
126 235
126 238
126 239
126 240
126 275
126 277
126 279
127 138
127 140
127 154
127 155
127 168
127 184
127 195
127 216
127 218
127 221
127 231
127 234
127 235
127 257
127 264
127 273
127 279
127 286
127 291
127 295
127 304
128 144
128 164
128 180
128 196
128 201
128 233
128 234
128 244
128 264
128 291
128 306
129 137
129 143
129 149
129 160
129 166
129 180
129 203
129 208
129 234
129 253
129 279
129 309
129 313
130 141
130 159
130 233
130 274
131 182
131 286
133 241
133 247
133 249
133 313
134 138
134 144
134 155
134 168
134 171
134 183
134 226
134 229
134 232
134 233
134 234
134 276
134 312
134 314
135 139
135 152
135 202
137 217
138 162
138 173
138 285
138 297
139 153
139 221
139 230
139 232
140 184
140 271
140 313
141 201
141 236
143 182
143 238
144 148
144 207
144 237
144 241
144 266
147 151
147 232
147 234
149 157
149 204
149 309
150 166
150 197
150 249
151 165
151 235
151 265
152 206
152 208
152 219
152 226
152 253
153 171
153 216
153 232
153 257
153 275
154 291
155 261
155 268
155 309
156 180
156 237
156 249
156 313
157 169
157 185
157 201
157 286
158 174
158 187
158 200
158 204
158 221
158 233
159 175
160 169
160 195
160 219
160 223
160 229
160 246
160 282
161 192
161 246
162 226
162 299
163 171
163 175
163 201
163 222
163 234
163 258
163 274
164 165
164 266
165 168
165 268
165 273
165 278
165 315
166 199
166 205
166 266
166 274
167 237
168 178
168 185
168 210
168 287
169 183
169 189
169 235
169 291
170 304
172 234
173 187
173 204
173 220
173 234
173 243
174 182
174 189
174 275
174 280
175 232
176 292
177 200
177 241
177 272
179 249
179 314
180 189
180 202
180 309
181 189
181 215
181 220
181 229
181 283
181 290
182 283
182 285
182 286
182 299
182 304
183 223
183 233
183 271
183 292
183 312
185 212
185 220
185 286
186 219
186 240
187 229
188 207
188 267
189 195
189 234
189 241
189 288
190 275
191 226
191 282
192 200
192 207
192 222
192 309
193 227
193 230
193 237
193 241
194 216
196 218
196 232
196 266
197 235
197 256
198 246
199 217
199 243
199 268
199 271
199 285
200 206
200 219
200 223
200 266
200 268
200 304
201 219
201 240
201 249
201 288
201 291
203 220
203 233
203 285
204 209
204 234
204 238
204 246
204 247
204 263
204 287
204 293
206 221
206 246
206 276
206 278
206 279
206 304
207 208
207 222
207 271
208 252
208 288
208 299
208 309
211 226
213 219
214 247
214 255
214 262
215 252
215 257
215 259
215 304
216 219
216 279
216 304
217 234
217 309
218 220
218 283
219 226
219 263
219 275
219 278
221 230
221 232
223 232
223 249
223 257
225 266
226 230
226 232
226 234
226 235
226 249
226 253
226 265
226 299
229 236
229 276
231 257
232 234
232 236
232 247
232 250
232 309
233 239
233 241
234 241
234 264
234 272
234 278
234 285
234 305
235 246
235 249
235 266
235 267
235 268
236 309
238 289
241 246
241 278
243 266
243 268
246 271
247 278
247 282
249 255
252 313
253 313
257 264
260 287
261 304
264 304
264 309
266 308
267 293
272 309
279 302
285 309
287 304
296 297
297 305
304 309
305 309
309 311
309 313
