0 264
1 12
1 17
1 76
1 143
2 56
2 59
2 80
2 99
2 115
2 125
2 129
2 188
2 218
2 279
3 7
3 100
3 122
3 126
3 187
3 216
3 273
3 275
3 278
3 309
4 17
4 37
4 44
4 55
4 100
4 107
4 122
4 212
4 234
4 238
4 271
4 288
4 307
5 40
5 41
5 48
5 90
5 96
5 100
5 117
5 123
5 124
5 129
5 133
5 135
5 140
5 186
5 200
5 221
5 235
5 253
5 280
5 297
6 36
6 76
6 77
6 99
6 125
6 129
6 170
6 180
6 191
6 210
6 226
6 252
7 16
7 19
7 42
7 106
7 122
7 128
7 163
7 185
7 220
7 244
7 259
8 99
9 71
9 90
9 153
9 250
9 265
9 311
10 19
10 40
10 77
10 124
10 127
10 139
10 174
10 280
11 85
11 124
11 228
12 59
12 126
12 164
12 171
12 227
13 14
13 29
13 78
13 89
13 95
13 97
13 121
13 150
13 210
13 223
14 35
14 42
14 121
14 187
14 200
14 277
14 309
15 34
15 41
15 55
15 160
15 219
15 291
16 83
16 168
16 195
16 204
16 208
16 233
17 32
17 54
17 59
17 100
17 105
17 121
17 125
17 129
17 158
17 183
17 233
17 238
17 271
17 286
17 309
18 51
18 59
18 70
18 120
18 162
18 168
19 85
19 233
20 32
20 126
20 136
20 148
20 189
20 204
20 234
20 267
21 206
21 218
21 240
22 46
22 117
22 126
22 134
22 210
22 235
22 238
23 30
23 55
23 77
23 135
23 169
23 212
24 47
24 59
24 187
24 200
24 238
25 41
25 106
25 129
25 176
25 278
26 63
26 97
26 182
27 197
27 234
27 298
28 31
28 86
28 99
28 163
28 180
28 185
28 224
29 50
29 55
29 57
29 99
29 151
29 177
29 200
29 208
29 217
29 235
29 241
29 273
29 277
30 73
30 134
30 140
30 155
30 163
30 179
30 265
31 97
31 292
32 76
32 107
32 163
32 180
32 233
32 234
32 266
32 309
33 70
33 123
33 264
33 267
33 307
34 41
34 53
34 70
34 72
34 76
34 124
34 127
34 155
34 159
34 161
34 247
34 259
35 41
35 59
35 85
35 99
35 100
35 111
35 144
35 151
35 169
35 187
35 192
35 201
35 221
35 225
35 257
35 266
35 275
36 49
36 122
36 129
36 142
36 176
36 188
36 235
36 257
36 264
36 266
36 267
36 272
37 76
37 123
37 134
37 156
37 210
37 315
38 78
38 204
38 216
39 91
39 120
39 122
39 154
39 180
40 66
40 79
40 98
40 122
40 124
40 127
40 142
40 218
40 237
40 301
41 65
41 73
41 75
41 76
41 122
41 171
41 180
41 206
41 264
41 268
42 77
42 92
42 95
42 124
42 137
42 152
42 204
43 85
43 90
44 51
44 125
44 155
44 206
44 291
44 309
45 125
45 165
47 51
48 52
48 76
48 221
48 223
48 243
49 204
49 233
49 235
49 257
50 74
50 180
50 183
51 121
51 153
51 163
51 191
52 100
52 155
52 182
52 283
53 120
53 279
54 110
54 122
54 163
54 247
54 260
55 75
55 85
55 113
55 278
55 292
55 305
55 309
56 62
56 76
56 105
56 162
56 234
56 275
57 73
57 166
57 173
57 239
57 291
58 104
58 128
58 176
58 280
59 61
59 72
59 89
59 95
59 123
59 158
59 175
59 200
59 259
61 97
61 129
61 134
61 140
61 141
61 164
61 235
61 264
61 271
61 279
61 302
62 77
62 80
62 126
62 194
62 234
62 241
64 89
64 197
64 236
65 99
65 122
65 125
65 233
66 75
66 95
66 119
66 189
66 280
67 222
67 226
67 230
67 253
68 76
68 110
68 158
68 168
68 194
68 204
68 309
69 73
69 92
69 95
69 201
69 244
70 123
70 168
70 175
70 189
70 200
71 142
71 156
71 200
71 304
72 122
72 124
72 136
72 144
72 145
72 175
72 201
72 204
72 268
73 76
73 99
73 133
73 212
73 219
73 296
74 129
74 191
74 204
75 79
75 97
75 137
75 234
75 271
75 298
76 90
76 99
76 117
76 121
76 122
76 127
76 148
76 153
76 173
76 181
76 197
76 203
76 217
76 235
76 291
77 85
77 128
77 153
77 161
77 165
77 168
77 200
77 201
77 212
77 255
77 280
78 117
78 121
78 234
78 240
79 98
79 127
79 175
80 181
80 189
80 260
81 129
81 139
81 149
81 192
81 297
83 124
83 185
83 260
83 263
84 123
84 206
84 230
84 259
85 125
85 163
85 181
85 214
86 102
86 110
86 123
86 126
86 134
86 192
86 278
86 304
87 134
87 245
87 280
88 231
89 102
89 106
89 113
89 125
89 232
89 245
89 249
89 304
90 99
90 123
90 126
90 134
90 217
90 223
90 226
90 300
91 127
91 180
92 126
93 125
93 163
93 202
93 233
93 257
93 279
94 122
94 238
94 291
94 304
95 129
95 160
95 203
95 213
95 232
95 235
95 301
96 271
97 126
97 128
97 220
97 309
98 158
98 199
98 216
98 220
98 234
98 263
98 286
99 112
99 136
99 143
99 162
99 177
99 180
99 191
99 195
99 212
99 228
99 259
99 278
100 112
100 128
100 151
100 153
100 154
100 160
100 179
100 210
100 223
100 226
100 233
100 247
100 258
100 286
100 288
100 309
102 141
102 279
103 122
103 254
103 260
103 280
104 123
104 220
104 232
104 234
104 246
105 126
105 184
105 200
105 201
105 268
106 158
106 161
106 251
106 257
106 263
106 298
107 126
107 177
107 305
107 309
108 120
108 125
108 156
108 160
108 202
108 221
109 123
109 179
109 304
109 309
110 127
110 157
110 185
110 187
110 235
110 238
110 257
111 126
111 127
111 129
111 165
111 168
111 219
111 220
111 232
112 121
112 157
112 226
113 268
113 309
114 201
115 121
115 157
115 161
115 186
115 202
115 228
115 232
115 264
115 266
115 292
116 139
117 122
117 124
117 187
117 236
117 275
117 286
118 124
119 155
119 264
120 233
121 122
121 130
121 134
121 147
121 180
121 192
121 195
121 203
121 213
121 227
121 234
121 241
121 255
121 268
121 272
121 284
121 309
121 315
122 123
122 124
122 128
122 130
122 134
122 149
122 151
122 163
122 164
122 165
122 174
122 189
122 195
122 204
122 205
122 220
122 226
122 233
122 235
122 236
122 239
122 259
122 264
122 265
122 279
122 296
123 125
123 126
123 135
123 169
123 228
123 232
123 233
123 235
123 240
123 252
123 275
123 279
123 280
123 283
123 288
123 303
124 126
124 133
124 143
124 154
124 158
124 177
124 202
124 204
124 217
124 219
124 220
124 226
124 234
124 249
124 259
124 266
124 287
124 311
125 126
125 127
125 128
125 131
125 137
125 169
125 174
125 181
125 200
125 202
125 222
125 226
125 233
125 247
125 253
125 276
125 291
125 299
125 303
126 143
126 189
126 204
126 209
126 220
126 232
126 241
126 275
126 279
126 297
126 304
127 155
127 159
127 195
127 205
127 208
127 212
127 238
127 249
127 277
127 297
128 143
128 173
128 189
128 222
128 223
128 236
128 266
128 267
128 287
129 130
129 134
129 159
129 182
129 187
129 189
129 192
129 197
129 201
129 224
129 228
129 234
129 237
129 263
129 286
129 309
130 227
130 262
131 168
131 275
131 309
132 174
132 187
132 235
134 138
134 158
134 182
134 213
134 223
134 224
134 232
134 238
134 267
134 274
134 278
134 279
134 297
135 142
135 158
135 171
135 235
135 237
135 264
135 303
137 226
137 238
137 274
138 233
139 206
139 234
139 264
139 279
140 201
140 234
140 236
141 210
141 233
141 258
141 264
142 175
142 195
142 228
142 259
143 145
143 159
143 232
144 202
144 235
144 309
145 213
145 239
147 235
147 280
148 204
149 206
151 164
151 219
151 252
152 182
152 309
153 169
153 181
153 187
155 173
155 231
155 254
156 236
156 238
158 159
158 226
158 305
159 185
160 161
160 193
160 198
160 215
160 268
160 292
161 223
162 176
162 280
162 286
162 310
163 204
163 232
165 233
165 292
166 185
166 204
166 212
167 203
167 204
167 243
168 192
168 197
168 220
168 226
168 293
169 180
169 233
170 189
170 234
170 235
170 257
170 259
170 262
170 275
172 219
172 310
173 192
173 197
173 215
173 226
174 280
177 253
178 226
178 292
179 204
179 234
180 205
180 255
181 187
181 189
181 191
181 230
182 185
182 200
182 201
182 255
183 304
184 204
185 261
185 279
186 266
187 240
187 309
188 192
188 207
188 234
188 246
188 252
189 223
189 234
189 260
189 266
189 279
190 304
192 202
192 221
194 250
195 214
195 291
198 203
199 200
200 234
200 288
201 202
201 218
201 306
202 219
202 246
202 294
203 222
203 233
204 206
204 234
204 273
206 226
206 232
206 271
206 278
206 287
206 309
206 314
207 223
207 227
207 233
208 221
208 236
208 238
209 233
209 235
209 245
209 306
212 311
212 313
214 225
214 232
214 259
215 232
216 223
216 234
216 246
216 304
217 309
218 235
219 235
219 267
219 277
219 281
221 226
221 232
221 264
222 288
223 261
224 235
224 265
226 231
226 233
226 234
226 246
226 263
226 264
226 305
230 233
230 236
231 234
231 313
232 255
232 290
232 299
233 240
233 247
233 257
233 311
234 239
234 241
234 285
234 297
235 244
235 273
235 309
235 313
236 241
236 286
239 247
239 288
240 259
240 309
241 298
243 283
246 266
246 272
248 290
250 283
251 311
252 266
258 303
260 275
261 309
264 271
264 286
264 293
264 304
264 309
265 266
265 279
266 273
266 279
266 290
266 299
266 313
267 271
268 293
271 304
276 286
279 297
279 309
297 303
309 314
309 315
