0 68
0 169
0 266
0 273
1 34
1 72
1 91
2 17
2 23
2 24
2 49
2 50
2 80
2 126
2 131
2 180
2 210
2 256
2 267
2 274
2 309
3 51
3 65
3 123
3 125
3 141
3 183
3 194
3 257
4 16
4 66
4 106
4 122
4 160
4 200
4 220
4 293
5 12
5 54
5 76
5 84
5 85
5 102
5 122
5 127
5 128
5 129
5 158
5 193
5 203
5 226
5 247
5 249
5 253
6 17
6 37
6 77
6 90
6 122
6 200
6 219
7 89
7 173
7 206
7 234
7 304
7 309
8 109
8 232
9 122
9 207
9 222
10 23
10 42
10 87
10 107
10 115
10 124
10 125
10 128
10 172
10 240
10 264
11 99
11 226
11 240
11 264
12 28
12 56
12 61
12 106
12 128
12 234
12 252
12 292
13 19
13 54
13 100
13 121
13 122
13 134
13 142
13 206
13 262
13 271
14 61
14 99
14 121
14 187
14 235
14 245
15 117
15 123
15 128
15 130
15 213
15 267
15 309
16 26
16 37
16 65
16 75
16 88
16 102
16 227
16 247
16 267
16 314
17 52
17 55
17 71
17 129
17 134
17 162
17 164
17 201
17 214
17 234
18 29
18 75
18 263
19 99
19 115
19 128
19 177
19 268
20 122
20 128
20 137
20 228
20 261
21 115
21 180
21 240
22 93
22 99
22 123
22 162
22 168
22 170
22 186
22 239
22 257
22 271
23 90
23 124
23 158
23 182
23 204
23 212
23 221
23 252
23 268
23 313
24 35
24 40
24 77
24 166
24 195
24 219
24 282
25 42
25 147
25 151
26 44
26 151
26 155
26 158
26 168
26 190
26 201
26 271
27 73
27 129
27 146
27 251
27 286
28 76
28 100
28 144
28 170
28 212
28 234
28 274
28 279
29 122
29 129
29 134
29 158
29 211
29 264
29 279
30 127
31 58
31 83
31 158
31 249
32 100
32 124
32 137
32 170
32 191
32 265
32 306
33 124
33 201
34 100
34 107
34 123
34 124
34 194
34 253
35 66
35 100
35 110
35 134
35 232
35 305
35 309
36 42
36 55
36 76
36 110
36 124
36 129
36 142
36 207
36 233
36 235
36 244
36 269
37 41
37 145
37 180
38 106
38 226
38 232
38 309
39 52
39 82
39 271
39 283
39 288
40 127
40 163
40 193
40 206
40 240
40 271
40 309
40 314
41 57
41 75
41 85
41 121
41 149
41 163
41 167
41 192
41 195
42 95
42 123
42 126
42 204
42 205
42 237
42 276
42 305
43 235
44 207
44 255
45 129
46 187
46 189
46 244
47 75
47 111
47 116
48 108
49 121
49 122
49 239
50 77
50 253
51 76
51 127
51 140
51 192
51 196
51 226
51 299
51 306
52 62
52 100
52 107
52 126
52 127
52 159
52 177
52 204
52 232
52 234
52 259
52 264
52 279
52 313
53 57
53 77
53 98
53 124
53 127
54 111
54 161
54 180
54 189
54 235
54 294
55 280
55 298
56 99
56 124
56 126
56 165
56 168
56 182
56 183
57 114
57 125
57 186
57 195
58 188
58 232
58 235
58 288
59 126
59 234
59 244
60 291
61 71
61 122
61 154
61 158
61 204
61 226
61 264
62 159
62 186
62 199
62 258
62 286
63 90
63 168
63 294
63 309
64 180
64 220
65 122
65 193
65 237
65 266
66 77
66 93
66 98
66 128
66 186
66 198
66 204
66 268
66 275
67 185
67 193
67 273
68 128
68 306
68 309
70 125
70 127
70 239
70 313
71 110
71 133
71 204
72 89
72 99
72 102
72 121
72 129
72 234
73 115
73 171
73 200
73 234
73 262
73 305
74 77
74 127
74 130
74 198
75 132
75 160
75 228
75 313
76 81
76 100
76 112
76 124
76 128
76 132
76 174
76 188
76 232
76 276
77 100
77 101
77 122
77 124
77 126
77 127
77 130
77 162
77 172
77 179
77 187
77 191
77 226
77 229
77 238
78 121
78 189
78 243
80 129
80 160
80 165
80 223
80 264
80 315
81 124
81 125
81 235
82 115
82 200
83 89
83 160
83 188
83 305
83 308
84 98
84 99
84 199
84 204
84 309
85 90
85 91
85 111
85 124
85 134
85 141
85 159
85 169
85 219
85 247
85 254
85 269
85 314
86 122
86 167
86 192
86 225
86 226
87 100
87 162
88 100
88 232
89 123
89 223
89 263
90 129
90 139
90 142
90 153
90 164
90 165
90 204
90 238
90 292
90 309
91 133
91 279
91 304
92 99
92 129
92 179
93 125
93 127
93 168
93 204
93 258
94 135
94 266
95 102
95 144
95 241
95 279
96 121
96 180
96 292
98 121
98 147
98 199
99 121
99 128
99 129
99 136
99 189
99 196
99 212
99 218
99 226
99 232
99 233
99 234
99 278
99 286
99 288
99 309
100 109
100 123
100 128
100 129
100 139
100 190
100 201
100 206
100 209
100 288
101 231
101 232
101 309
102 119
102 144
102 168
102 203
102 215
102 231
103 105
103 109
103 125
103 160
103 201
103 222
103 272
103 274
103 279
103 304
103 315
104 125
104 140
104 143
104 200
104 219
105 134
105 160
105 195
105 271
106 137
106 154
106 195
106 215
106 231
106 269
106 311
106 315
107 127
107 207
107 275
108 126
108 192
109 127
110 127
110 129
110 130
110 162
110 203
110 312
111 117
111 126
111 127
111 174
111 180
111 224
112 121
112 124
112 135
112 155
113 125
113 206
113 215
113 223
113 229
114 154
114 185
115 195
115 304
115 313
116 243
117 124
117 134
117 162
117 187
117 249
117 253
117 292
117 304
118 192
119 226
120 143
120 154
120 180
120 197
120 283
121 124
121 126
121 127
121 134
121 161
121 178
121 210
121 215
121 229
121 235
121 252
121 267
121 272
121 296
121 306
121 309
121 315
122 126
122 140
122 142
122 160
122 196
122 206
122 226
122 227
122 231
122 233
122 234
122 252
122 267
122 279
122 304
123 124
123 139
123 150
123 157
123 158
123 173
123 176
123 188
123 210
123 220
123 226
123 232
123 233
123 234
123 235
123 255
123 268
123 288
123 304
123 314
124 125
124 126
124 134
124 165
124 168
124 187
124 188
124 204
124 206
124 213
124 223
124 233
124 247
124 253
125 127
125 160
125 165
125 168
125 173
125 176
125 180
125 182
125 185
125 188
125 207
125 216
125 219
125 233
125 252
125 264
125 265
125 274
125 280
125 283
125 292
126 169
126 171
126 173
126 177
126 187
126 200
126 201
126 207
126 220
126 231
126 234
126 241
126 253
126 296
126 309
127 144
127 152
127 159
127 170
127 189
127 191
127 200
127 233
127 249
127 262
127 281
127 288
127 304
127 309
128 139
128 155
128 158
128 165
128 176
128 184
128 187
128 195
128 203
128 204
128 216
128 268
128 285
128 286
128 289
129 162
129 163
129 165
129 170
129 174
129 199
129 227
129 232
129 233
129 234
129 245
130 134
130 207
131 141
132 226
133 143
133 186
133 201
133 294
134 146
134 173
134 178
134 188
134 193
134 213
134 223
134 280
134 299
134 308
135 168
135 173
135 213
135 228
135 312
136 186
136 219
137 203
137 314
138 279
138 314
139 193
139 310
140 173
140 313
141 151
141 204
141 207
141 208
141 234
141 235
142 286
143 233
143 259
143 266
143 273
143 280
144 195
144 239
145 155
145 238
145 289
146 183
146 309
147 261
147 273
147 285
148 151
149 188
149 219
149 231
149 236
150 204
151 154
151 266
151 279
151 309
152 280
153 169
155 221
155 243
156 233
157 199
157 250
157 264
157 313
158 183
158 188
158 226
158 231
158 247
158 303
158 313
159 163
159 190
159 232
159 309
160 168
160 174
160 181
160 196
160 223
160 224
160 276
160 313
161 223
161 299
162 185
162 200
162 216
162 238
163 257
163 311
163 312
164 304
165 267
165 288
165 309
166 189
166 232
167 266
168 261
168 264
169 186
169 233
169 257
169 259
169 279
171 266
172 185
172 223
172 285
172 296
173 203
173 232
173 233
174 201
174 307
175 207
175 247
176 222
178 202
178 259
178 265
180 204
180 206
180 207
180 235
180 263
181 195
181 224
181 296
183 190
183 230
183 232
183 238
183 268
183 288
184 258
184 270
185 225
185 278
187 238
187 279
188 233
188 235
188 246
188 304
189 208
189 222
189 262
191 220
191 235
191 246
192 202
192 223
192 235
192 309
193 234
193 271
194 277
195 203
195 230
195 232
195 235
195 245
195 290
195 309
197 210
197 235
197 267
198 288
199 204
199 261
200 233
200 243
200 292
201 241
201 252
201 279
201 305
202 232
203 208
203 216
203 285
204 209
204 211
204 223
204 233
204 236
204 237
204 248
204 280
204 302
206 259
207 237
207 245
207 275
207 309
208 280
209 223
209 288
211 309
212 235
212 267
213 297
214 232
215 223
215 246
216 236
216 266
216 269
216 285
216 309
217 232
218 232
218 261
219 257
219 273
220 234
220 235
220 252
220 313
222 309
223 225
223 231
223 261
226 286
226 292
226 315
228 235
231 232
231 240
231 260
231 286
232 237
232 261
232 266
232 277
232 285
232 286
232 309
233 234
233 235
233 243
233 246
233 262
233 271
233 289
233 299
233 304
233 309
234 263
234 265
234 271
234 273
234 294
234 296
234 305
234 313
235 245
235 251
236 246
236 259
236 264
236 277
236 305
237 292
238 292
238 309
240 286
240 289
241 259
241 309
243 299
245 246
246 261
246 296
247 293
250 296
251 309
252 309
252 313
257 313
261 286
263 277
266 271
266 308
267 274
267 310
268 309
272 279
272 308
279 299
279 304
280 309
286 297
286 299
288 314
