0 26
0 238
0 250
1 61
1 115
1 135
1 245
2 77
2 83
2 124
2 127
2 241
3 44
3 55
3 121
3 124
3 126
3 196
3 217
3 232
4 100
4 104
4 122
4 139
4 141
4 158
4 160
4 191
4 201
4 235
4 266
4 279
5 11
5 12
5 26
5 37
5 41
5 59
5 77
5 89
5 95
5 123
5 134
5 168
5 206
5 209
5 218
5 223
5 234
5 262
5 267
5 278
5 279
6 9
6 74
6 122
6 123
6 125
6 127
6 136
6 138
6 144
6 149
6 214
6 218
6 232
6 252
6 278
6 306
6 309
7 10
7 49
7 99
7 120
7 121
7 123
7 129
7 160
7 198
7 210
7 228
7 258
7 261
8 32
8 41
8 112
8 216
8 241
9 116
9 231
9 255
9 309
10 21
10 37
10 39
10 56
10 77
10 79
10 85
10 99
10 152
10 155
10 198
10 283
11 197
11 285
12 23
12 59
12 100
12 121
12 133
12 141
12 188
13 54
13 65
13 86
13 121
13 127
13 221
13 226
13 238
13 259
13 304
14 56
14 111
14 127
14 129
14 134
14 161
14 181
14 219
14 238
15 95
15 178
15 195
15 204
16 59
16 215
16 263
16 288
17 54
17 89
17 108
17 128
17 130
17 134
17 160
17 185
17 186
17 204
17 213
17 252
17 261
17 276
18 59
18 98
18 127
18 192
18 260
19 128
19 162
19 174
19 235
19 245
20 50
20 88
20 98
20 111
20 175
20 181
20 204
20 206
20 214
20 246
20 257
21 26
21 51
21 66
21 84
21 127
21 131
21 158
21 266
21 315
22 34
22 66
22 77
22 121
22 122
22 130
22 162
22 193
22 214
22 226
22 267
23 44
23 99
23 111
23 193
23 199
23 252
23 255
23 267
23 309
24 89
24 123
24 210
24 235
24 243
24 279
25 124
25 232
25 261
26 31
26 128
26 129
26 250
26 273
27 28
27 155
27 158
27 188
28 33
28 56
28 62
28 92
28 104
28 218
28 222
28 241
28 257
28 280
29 62
29 75
29 76
29 102
29 179
29 190
29 194
29 231
29 233
29 263
29 266
30 235
31 38
31 79
31 255
31 261
31 273
32 121
32 266
32 286
33 90
33 135
33 174
33 217
34 123
34 127
34 155
34 239
35 36
35 40
35 59
35 65
35 88
35 90
35 124
35 129
35 141
35 146
35 164
35 185
35 223
35 238
35 247
35 286
35 292
35 294
35 309
35 314
36 66
36 83
36 100
36 126
36 127
36 129
36 160
36 162
36 216
36 220
36 259
37 42
37 64
37 163
37 170
37 208
37 234
37 288
38 128
38 164
38 293
39 59
39 74
39 93
39 124
39 134
39 172
39 282
40 76
40 99
40 112
40 121
40 123
40 124
40 149
40 188
40 216
40 217
40 226
40 257
41 83
41 89
41 99
41 176
41 195
41 229
41 281
41 304
42 109
42 124
42 128
42 139
42 160
42 232
42 314
43 122
43 235
43 309
44 61
44 113
44 129
45 129
45 176
46 121
46 166
46 232
46 257
47 127
47 131
47 220
47 296
48 100
48 127
48 181
48 265
49 185
49 303
50 85
50 124
50 197
50 282
51 66
51 84
51 90
51 206
51 219
51 238
51 239
51 243
51 257
52 128
52 155
52 168
52 169
52 198
52 233
52 297
53 180
53 221
54 59
54 82
54 124
54 126
54 188
54 193
54 197
54 224
54 233
54 259
54 309
55 95
55 129
55 219
55 252
56 66
56 85
56 125
56 127
56 134
57 121
57 123
57 126
57 134
57 177
57 183
57 233
57 313
58 170
58 273
58 292
59 86
59 105
59 130
59 155
59 196
59 204
59 211
59 248
59 262
59 263
60 148
60 266
61 95
61 203
61 286
62 85
62 125
62 126
62 129
62 132
63 252
64 294
65 66
65 95
65 202
66 123
66 125
66 142
66 177
66 240
66 304
67 123
67 156
67 169
67 226
67 234
67 235
68 108
68 146
68 187
69 81
69 90
69 304
70 169
70 194
70 219
70 223
71 234
71 304
72 95
72 134
72 137
72 146
72 215
72 221
72 228
72 309
73 75
73 78
73 88
73 124
73 126
73 128
73 167
73 227
73 271
73 276
73 304
73 315
74 128
75 90
75 133
75 163
75 195
75 207
75 226
75 257
76 80
76 81
76 86
76 121
76 124
76 125
76 138
76 156
76 172
76 219
76 224
76 232
76 263
76 283
77 106
77 117
77 123
77 124
77 125
77 126
77 127
77 148
77 169
77 199
77 225
77 226
77 234
77 273
77 278
77 283
77 285
77 313
78 116
78 127
78 153
78 198
78 214
78 290
79 86
79 304
80 125
80 128
80 220
80 307
81 160
81 206
81 279
82 146
82 226
83 140
83 266
83 293
84 126
84 195
84 207
84 233
84 235
84 253
84 266
85 134
85 173
85 174
85 182
85 215
85 223
86 122
86 125
86 135
86 138
86 177
86 178
86 179
87 98
87 176
87 195
87 224
87 234
88 147
89 97
89 122
89 127
89 199
89 233
89 235
90 121
90 123
90 126
90 132
90 134
90 153
90 156
90 163
90 195
90 219
90 221
90 233
90 258
90 273
90 279
91 143
91 188
91 224
91 257
92 145
92 204
92 247
92 271
92 286
92 296
94 189
94 233
94 291
95 103
95 105
95 117
95 122
95 124
96 130
96 219
96 255
97 211
98 124
98 126
98 204
98 233
98 307
99 101
99 121
99 122
99 124
99 126
99 147
99 155
99 163
99 166
99 234
99 257
99 308
99 313
100 112
100 121
100 168
100 170
100 210
100 217
100 234
100 238
100 251
100 284
101 125
101 201
101 222
101 235
102 128
102 129
102 134
103 160
103 264
104 120
104 129
105 122
105 124
105 201
105 241
105 247
105 253
105 279
105 286
106 125
106 126
106 128
106 208
106 311
107 110
107 187
107 200
108 111
108 195
108 237
109 135
110 123
110 126
110 127
110 128
110 140
110 189
110 203
110 234
110 277
111 125
111 189
111 197
111 206
111 210
111 223
111 234
112 128
112 131
112 139
112 161
112 233
112 262
112 286
113 223
113 235
114 123
114 247
115 123
115 125
115 257
115 273
115 301
116 124
116 223
117 122
117 139
117 197
117 236
117 308
118 208
118 286
119 207
120 153
121 123
121 124
121 125
121 127
121 128
121 134
121 158
121 167
121 197
121 204
121 207
121 212
121 215
121 232
121 233
121 243
121 246
121 257
121 259
121 266
121 267
121 305
122 123
122 127
122 134
122 140
122 151
122 162
122 166
122 171
122 216
122 223
122 226
122 232
122 233
122 235
122 259
122 267
122 271
122 308
122 309
122 314
123 129
123 132
123 134
123 141
123 144
123 147
123 185
123 192
123 220
123 223
123 224
123 231
123 239
123 275
123 286
123 292
123 297
123 304
124 126
124 127
124 129
124 134
124 140
124 164
124 179
124 183
124 201
124 215
124 222
124 226
124 246
124 266
124 279
124 281
125 126
125 138
125 178
125 189
125 195
125 206
125 210
125 217
125 220
125 227
125 235
125 249
125 271
125 282
125 315
126 128
126 140
126 145
126 150
126 156
126 160
126 165
126 168
126 180
126 183
126 202
126 204
126 209
126 221
126 232
126 240
126 247
126 255
126 267
126 276
126 279
126 282
126 285
126 292
126 311
127 139
127 175
127 221
127 234
127 239
128 134
128 156
128 158
128 160
128 170
128 187
128 201
128 204
128 206
128 219
128 226
128 234
128 257
128 271
128 273
128 312
129 153
129 173
129 174
129 180
129 217
129 267
129 271
129 288
129 309
130 181
131 144
131 309
133 156
133 180
133 185
133 314
134 160
134 232
134 250
134 260
134 261
134 266
134 274
134 288
135 207
135 271
135 276
135 311
136 180
136 229
137 140
137 143
137 146
138 159
138 177
138 206
138 247
139 225
139 285
140 180
140 215
140 237
140 239
140 301
141 146
141 218
141 224
141 257
141 304
143 154
143 195
143 233
144 163
145 246
145 262
146 247
147 195
149 235
149 253
149 261
152 165
152 217
153 182
153 207
154 195
154 201
154 245
155 206
155 234
155 312
156 168
156 232
157 197
157 275
158 166
158 183
158 237
158 279
158 309
159 282
160 161
160 168
160 218
160 231
160 275
161 220
162 178
162 226
162 280
162 309
163 191
165 178
165 232
165 258
166 223
166 224
166 268
166 302
167 189
167 209
167 234
168 218
168 234
168 266
169 201
170 269
171 260
172 290
172 296
173 198
174 200
174 202
174 226
174 267
174 272
175 187
175 199
176 180
176 182
176 210
176 252
176 290
177 217
177 218
177 260
178 195
178 208
178 219
178 309
179 308
180 195
180 203
180 211
180 232
180 233
180 241
180 246
181 221
181 234
181 239
182 250
182 275
183 243
183 304
185 214
186 204
186 257
187 233
187 250
188 233
188 235
189 200
189 238
189 299
191 226
191 235
191 241
192 304
193 201
193 207
194 278
195 232
195 240
195 309
196 232
197 217
197 226
197 227
197 302
198 219
199 202
201 208
201 216
201 232
201 280
202 216
202 232
202 236
202 241
202 265
202 266
202 276
202 288
202 304
203 233
203 252
203 278
204 235
204 247
204 252
204 259
204 266
204 297
204 299
206 218
206 221
206 241
206 245
206 264
206 309
207 223
207 226
207 237
208 235
208 277
208 297
210 268
211 239
212 262
215 220
215 233
215 241
215 252
216 235
216 309
218 259
218 287
219 238
219 249
221 292
223 259
223 296
223 304
224 267
224 309
225 280
226 235
226 252
226 266
226 275
226 280
226 309
226 314
226 315
229 309
231 233
231 301
232 235
232 239
232 240
232 266
232 267
232 276
232 278
232 282
233 235
233 252
233 297
233 309
234 238
234 256
234 272
234 309
235 240
235 266
236 305
238 289
239 260
239 266
241 304
246 288
247 276
247 283
253 271
255 284
255 297
266 272
266 291
266 309
267 272
267 293
271 309
272 307
274 283
275 287
278 301
279 304
280 299
302 309
304 314
