0 124
0 279
1 5
1 152
1 168
1 267
2 17
2 57
2 99
2 107
2 181
2 226
2 235
2 266
2 271
2 297
3 46
3 75
3 95
3 122
3 124
3 128
3 147
3 172
3 187
3 219
3 311
4 36
4 40
4 82
4 89
4 122
4 128
4 201
4 210
4 234
4 235
4 259
5 16
5 22
5 32
5 76
5 80
5 115
5 124
5 126
5 158
5 233
5 234
6 66
6 122
6 131
6 218
6 222
6 280
6 288
7 31
7 35
7 47
7 77
7 80
7 90
7 123
7 127
7 130
7 163
7 176
7 226
7 230
7 240
7 271
7 287
8 235
8 238
9 59
9 127
9 131
9 180
9 235
10 35
10 75
10 124
10 125
10 126
10 141
10 165
10 188
10 206
10 283
10 304
11 57
11 124
11 151
11 236
11 240
11 250
12 121
12 162
12 174
13 31
13 76
13 89
13 99
13 129
13 131
13 151
13 219
13 224
13 233
14 122
14 124
14 180
14 204
14 223
14 238
16 98
16 99
16 129
16 175
16 200
16 286
16 291
16 297
17 41
17 73
17 107
17 125
17 130
17 160
17 185
17 228
17 230
17 236
17 276
18 51
18 77
18 110
18 137
18 152
19 61
19 121
19 123
19 158
19 183
20 121
20 124
20 126
20 163
20 174
20 226
20 232
20 268
20 302
20 309
21 43
21 126
21 189
21 232
21 233
21 307
22 92
22 124
22 160
22 204
22 273
22 304
23 43
23 76
23 92
23 108
23 113
23 127
23 140
23 219
23 236
23 275
24 72
24 117
24 122
24 129
24 180
24 189
24 247
24 271
25 76
25 114
25 124
25 142
26 35
26 49
26 110
26 192
26 217
26 218
26 287
27 123
27 238
27 272
28 130
28 139
28 155
28 218
29 55
29 77
29 257
30 207
31 124
31 235
32 56
32 76
32 121
32 124
32 234
32 237
32 286
32 304
33 128
33 288
34 99
34 122
34 218
34 235
34 247
34 286
35 61
35 72
35 99
35 126
35 129
35 139
35 174
35 184
35 189
35 201
35 216
35 219
35 273
35 293
35 304
36 37
36 39
36 127
36 214
36 219
36 220
36 223
36 238
37 72
37 115
37 121
37 123
37 163
37 178
37 215
37 285
38 127
39 121
39 139
39 142
39 199
39 201
39 217
39 234
40 41
40 59
40 72
40 76
40 90
40 112
40 115
40 122
40 123
40 124
40 126
40 131
40 141
40 151
40 154
40 160
40 166
40 174
40 180
40 188
40 204
40 220
40 226
40 276
40 286
41 76
41 103
41 113
41 124
41 164
41 200
41 245
41 306
42 124
42 128
42 202
42 224
42 314
43 99
43 122
43 195
43 204
43 236
44 52
44 112
44 122
44 140
44 197
44 247
45 90
45 99
46 180
47 83
47 217
47 304
48 150
49 90
49 125
49 188
49 189
49 254
49 304
49 309
50 90
50 216
50 235
50 297
51 59
51 104
51 130
51 195
51 226
51 232
52 124
52 126
52 178
52 179
52 206
52 219
52 221
52 245
52 274
52 296
53 77
53 123
54 100
54 127
54 129
54 134
54 146
54 215
54 241
55 67
55 106
55 123
55 201
56 124
56 160
56 168
56 201
56 219
56 252
56 257
57 102
57 190
58 279
59 72
59 122
59 137
59 157
59 201
59 221
59 261
59 312
60 123
60 186
60 311
61 193
61 196
61 207
61 215
61 234
61 263
61 286
62 70
62 126
62 155
62 240
63 279
64 201
65 81
65 134
65 147
65 221
66 105
66 144
66 178
66 184
66 192
66 247
66 263
66 288
67 122
67 123
67 126
67 178
67 223
67 232
67 233
67 241
67 254
67 261
67 277
67 286
67 309
68 209
68 255
68 267
69 122
69 173
69 223
70 160
71 91
71 280
72 122
72 127
72 129
72 252
72 300
72 314
73 90
73 121
73 187
73 198
73 212
73 304
74 96
74 122
74 225
74 245
74 288
75 135
75 204
75 236
75 288
76 101
76 120
76 123
76 125
76 195
76 304
77 85
77 99
77 107
77 121
77 166
77 183
77 206
77 226
77 235
77 264
77 266
77 273
77 306
77 313
78 299
79 123
79 187
79 302
80 132
80 187
80 195
80 199
80 204
80 206
81 121
81 203
81 223
81 233
81 259
82 124
82 162
83 89
83 132
83 134
83 169
83 235
83 305
84 127
84 240
84 262
85 90
85 98
85 123
85 125
85 126
85 155
85 199
85 215
85 288
86 90
86 123
86 130
86 232
86 243
86 279
87 313
88 130
88 173
88 238
89 96
89 121
89 122
89 125
89 158
89 163
89 166
89 179
89 233
89 241
89 247
89 251
89 292
90 99
90 125
90 176
90 189
90 203
90 247
90 292
91 106
91 226
92 126
92 218
92 235
92 240
92 261
93 125
93 241
94 206
95 130
95 168
95 183
95 235
95 290
96 173
96 204
96 234
96 252
96 257
96 262
96 279
96 293
97 215
98 126
98 138
98 187
98 275
98 277
99 100
99 107
99 122
99 127
99 129
99 168
99 233
99 234
99 246
99 279
99 290
100 101
100 121
100 129
100 139
100 161
100 162
100 168
100 198
100 221
100 224
100 241
100 249
100 261
100 264
100 266
100 283
102 279
103 117
103 119
103 122
103 234
104 158
104 266
105 129
105 174
105 245
106 111
106 125
106 127
106 130
106 144
106 162
106 185
106 206
106 232
106 314
107 110
107 168
107 271
108 134
108 193
109 121
110 117
110 121
110 126
110 135
110 157
110 192
110 238
110 240
110 293
111 122
111 124
111 126
111 154
111 232
111 279
111 301
112 216
112 224
112 292
113 146
114 131
114 167
115 143
115 175
115 295
116 245
116 282
117 128
117 156
117 198
117 240
118 120
118 218
118 232
119 123
119 144
119 169
119 208
119 284
120 138
120 173
120 204
120 219
120 277
121 127
121 129
121 135
121 140
121 158
121 169
121 196
121 202
121 211
121 221
121 226
121 232
121 233
121 252
121 253
121 264
121 275
121 283
121 296
122 123
122 125
122 128
122 133
122 141
122 142
122 191
122 204
122 211
122 217
122 228
122 229
122 232
122 235
122 251
122 253
122 261
122 263
122 266
122 267
122 271
122 274
122 302
123 126
123 127
123 137
123 145
123 155
123 163
123 169
123 170
123 205
123 207
123 218
123 222
123 226
123 243
123 247
123 252
123 266
124 125
124 128
124 157
124 169
124 170
124 174
124 180
124 182
124 201
124 204
124 206
124 212
124 218
124 232
124 233
124 234
124 252
124 280
124 292
124 302
124 304
124 311
125 126
125 128
125 129
125 170
125 174
125 180
125 201
125 209
125 216
125 220
125 232
125 240
125 277
125 292
126 129
126 131
126 137
126 183
126 185
126 192
126 204
126 206
126 208
126 237
126 241
126 262
126 280
126 282
127 128
127 139
127 155
127 158
127 170
127 174
127 179
127 182
127 185
127 204
127 214
127 228
127 233
127 257
128 151
128 158
128 162
128 163
128 177
128 233
128 265
128 266
128 279
128 289
128 299
128 309
129 134
129 147
129 162
129 163
129 180
129 183
129 208
129 224
129 226
129 232
129 243
129 247
129 253
129 264
130 182
130 206
130 279
131 162
131 186
131 219
131 223
131 233
131 236
132 187
132 200
132 263
132 294
133 173
133 219
134 160
134 204
134 213
134 223
134 279
134 289
135 196
135 217
135 232
135 263
137 204
137 304
138 143
138 169
139 143
139 145
139 189
139 209
140 169
140 171
140 217
140 253
141 238
141 279
142 158
143 165
143 219
143 253
144 158
144 195
144 234
144 235
144 263
144 312
145 276
146 250
147 204
147 280
147 309
148 162
148 227
148 235
149 215
150 221
151 201
152 207
153 200
153 238
154 209
154 257
154 264
154 293
155 156
155 202
155 233
155 234
155 238
155 262
155 314
156 168
156 310
157 235
157 310
158 204
158 255
158 268
159 184
159 233
160 161
160 195
160 206
160 226
160 230
160 237
160 240
160 243
160 257
160 261
160 264
162 166
162 232
163 196
163 204
163 248
163 257
163 279
164 195
164 253
164 278
164 304
165 205
165 225
165 234
166 207
166 250
167 187
167 235
168 173
168 177
168 201
168 228
168 232
169 302
170 174
170 180
170 253
170 266
170 285
171 178
172 188
172 241
173 310
173 314
174 189
174 292
175 216
176 193
176 197
176 239
176 285
178 232
178 235
178 309
179 202
180 201
180 246
180 257
180 309
181 212
182 211
182 222
184 196
185 198
185 215
186 232
186 234
187 210
187 222
187 241
188 301
189 236
189 302
191 234
192 224
193 223
193 274
193 304
195 235
195 268
195 304
195 309
197 267
199 241
199 292
200 235
200 241
200 264
201 302
202 216
202 228
202 245
203 247
203 252
204 217
204 228
204 253
204 277
204 313
205 249
206 220
206 226
206 233
206 246
206 277
206 278
207 309
208 236
208 253
210 283
210 291
211 259
212 226
212 309
213 239
213 279
215 296
216 235
216 257
217 232
218 241
218 257
218 266
218 272
218 288
219 231
219 259
220 226
220 234
220 252
220 265
220 266
221 223
222 232
222 233
223 238
223 266
223 302
225 232
226 231
226 235
226 252
226 264
226 288
226 304
230 238
232 234
232 257
232 267
232 277
232 282
232 286
233 238
233 260
233 279
233 309
234 235
234 246
234 257
234 261
235 273
235 275
238 247
238 261
238 274
238 280
238 285
239 278
239 307
240 268
241 246
241 249
241 286
243 293
246 264
246 266
246 271
246 290
249 304
252 295
253 297
253 299
253 309
255 274
255 276
255 285
255 304
257 304
259 261
259 277
259 292
263 279
264 278
264 299
265 266
266 276
266 279
266 314
272 278
275 304
278 313
279 283
280 296
280 310
283 315
286 300
288 309
291 309
299 309
304 314
