0 135
1 123
1 173
1 275
1 279
2 20
2 56
2 57
2 96
2 108
2 130
3 18
3 52
3 54
3 121
3 147
3 232
3 245
3 257
4 111
4 123
4 151
4 232
4 241
4 269
4 310
5 18
5 90
5 108
5 126
5 129
5 141
5 147
5 164
5 204
5 232
5 247
5 249
5 260
5 264
5 286
6 24
6 28
6 64
6 73
6 86
6 125
6 151
6 165
6 235
7 29
7 54
7 77
7 99
7 127
7 143
7 195
7 219
7 227
7 289
8 10
8 288
9 10
9 14
9 31
9 76
9 95
9 122
9 161
9 164
9 170
9 204
9 284
10 24
10 30
10 37
10 41
10 61
10 68
10 81
10 186
10 235
10 310
11 54
11 66
11 124
11 125
12 100
12 129
12 135
12 136
12 180
12 237
13 32
13 77
13 95
13 115
13 157
13 174
13 195
13 245
14 38
14 55
14 105
14 125
14 127
14 141
14 153
14 204
14 222
14 299
15 77
15 82
15 89
16 22
16 161
16 204
16 293
17 76
17 117
17 122
17 124
17 140
17 158
17 162
17 166
17 217
17 264
17 289
18 99
18 124
18 134
18 206
19 40
19 43
19 80
19 128
19 204
19 232
20 23
20 25
20 100
20 122
20 123
20 127
20 220
20 247
20 266
21 77
21 141
21 172
21 233
22 61
22 90
22 122
22 125
22 126
22 172
22 262
22 266
22 267
23 24
23 35
23 139
23 165
23 191
23 193
23 241
23 280
23 284
24 29
24 137
24 143
24 207
25 110
26 86
26 144
26 165
26 177
26 189
27 55
27 107
27 153
27 242
28 85
28 122
28 125
28 172
29 52
29 87
29 105
29 117
29 239
29 268
29 279
30 56
30 266
30 292
31 66
31 187
31 235
31 309
32 121
32 126
32 160
32 207
32 268
33 47
33 85
33 122
33 134
33 197
33 246
33 288
34 123
34 124
34 127
34 304
35 37
35 43
35 44
35 56
35 70
35 99
35 121
35 122
35 126
35 185
35 197
35 226
35 229
35 233
35 234
35 240
35 259
36 39
36 77
36 135
36 151
36 212
36 309
37 122
37 155
37 165
37 264
38 127
38 133
38 134
38 215
39 91
39 98
39 119
39 177
39 235
40 67
40 82
40 97
40 99
40 121
40 169
40 234
40 242
40 246
41 63
41 89
41 102
41 106
41 108
41 229
41 235
41 264
41 267
41 278
42 67
42 82
42 97
42 111
42 112
42 182
42 223
42 232
42 266
43 75
43 93
43 126
43 128
43 132
43 217
43 223
44 68
44 76
44 135
44 212
45 123
45 133
45 207
45 215
45 278
46 128
46 169
46 226
47 245
49 83
49 128
49 167
49 201
49 238
49 266
49 295
50 55
50 84
50 90
50 220
51 125
51 149
51 158
51 189
51 192
51 223
51 233
51 247
51 253
51 309
52 76
52 91
52 115
52 129
52 154
52 204
52 227
52 232
52 235
53 54
53 71
53 228
53 247
54 91
54 114
54 125
54 128
54 195
54 299
55 68
55 100
55 105
55 117
55 123
55 195
55 226
55 238
55 239
55 264
55 286
55 293
56 234
57 155
57 176
57 190
57 204
57 212
57 280
58 231
59 70
59 84
59 85
59 159
59 203
59 217
59 227
60 62
60 199
60 230
60 268
61 63
61 75
61 128
61 160
61 301
62 241
62 294
65 77
65 106
66 93
66 110
66 134
66 160
66 166
66 202
66 204
66 222
66 223
66 250
67 122
67 128
67 169
67 217
67 224
67 279
68 95
68 128
68 158
68 166
68 198
69 157
69 204
69 233
69 276
70 128
70 147
70 188
70 220
71 92
71 95
71 142
71 189
71 266
72 125
72 180
72 186
72 197
72 233
73 98
73 100
73 137
73 152
73 163
73 166
73 189
73 199
73 202
73 226
73 240
73 299
74 85
74 126
74 154
74 204
74 250
74 251
74 253
74 267
75 115
75 128
75 154
75 168
75 183
75 189
75 206
75 232
75 234
75 269
76 77
76 91
76 95
76 107
76 129
76 141
76 144
76 152
76 168
76 179
76 183
76 189
76 223
76 229
76 234
76 255
76 260
77 92
77 113
77 141
77 171
77 183
77 188
77 202
77 219
77 235
77 266
78 166
79 122
80 99
80 121
80 185
80 241
80 279
80 285
81 280
82 273
83 312
84 122
84 144
85 117
85 120
85 124
85 200
85 223
85 266
86 94
86 148
87 96
87 99
87 128
87 168
87 201
88 308
89 124
89 127
89 128
89 159
89 172
89 178
89 188
89 192
89 233
89 262
89 264
89 276
89 309
90 98
90 99
90 103
90 126
90 128
90 149
90 150
90 154
90 158
90 165
90 202
90 204
90 212
90 217
90 220
90 223
90 235
90 245
90 253
90 273
90 283
90 288
91 167
91 190
91 194
91 204
91 227
92 107
92 124
92 233
93 100
93 126
93 266
93 293
96 123
96 280
97 304
98 162
98 166
98 234
98 239
98 246
99 114
99 123
99 126
99 128
99 141
99 183
99 218
99 221
99 226
99 228
99 231
99 232
99 235
99 309
100 114
100 121
100 126
100 129
100 141
100 151
100 153
100 160
100 228
100 297
101 229
102 201
102 215
102 273
103 159
103 226
103 232
103 288
103 306
104 253
104 267
105 114
105 147
105 235
106 118
106 123
106 235
106 246
106 261
106 271
107 110
107 122
107 132
107 165
107 247
108 121
108 176
108 279
109 158
110 139
110 177
110 200
110 231
110 235
110 241
110 283
111 172
111 219
111 277
111 308
112 134
112 204
114 154
115 144
115 178
115 180
115 286
116 178
117 147
117 202
117 233
117 292
117 309
118 286
119 121
119 174
119 180
119 218
119 223
120 126
120 193
120 217
120 231
120 278
120 279
120 313
121 122
121 123
121 127
121 136
121 137
121 139
121 161
121 163
121 165
121 182
121 187
121 189
121 214
121 218
121 219
121 236
121 252
121 280
122 125
122 126
122 127
122 137
122 139
122 142
122 146
122 151
122 160
122 162
122 165
122 168
122 181
122 195
122 217
122 219
122 236
122 243
122 261
122 267
122 299
122 300
122 304
123 125
123 130
123 137
123 138
123 140
123 146
123 153
123 176
123 180
123 182
123 192
123 200
123 212
123 219
123 226
123 228
123 231
123 241
123 249
123 255
123 266
123 292
123 305
123 307
124 134
124 139
124 164
124 169
124 170
124 201
124 208
124 212
124 232
124 233
124 234
124 246
124 259
124 314
125 130
125 147
125 149
125 162
125 180
125 184
125 195
125 201
125 202
125 209
125 228
125 237
125 241
125 243
125 252
125 260
125 269
125 288
126 144
126 161
126 163
126 171
126 188
126 199
126 218
126 219
126 222
126 224
126 232
126 234
126 268
126 313
127 161
127 169
127 189
127 221
127 226
127 235
127 246
127 251
127 259
127 261
127 271
127 304
128 134
128 143
128 158
128 171
128 173
128 182
128 192
128 204
128 209
128 217
128 219
128 223
128 238
128 250
128 255
128 309
129 138
129 141
129 143
129 185
129 189
129 220
129 222
129 226
129 230
129 233
129 249
129 277
129 279
129 299
130 134
130 165
131 165
131 222
131 232
131 246
132 175
132 236
132 309
133 226
133 234
134 138
134 168
134 173
134 194
134 203
134 206
134 218
134 223
134 235
134 238
134 256
134 266
134 293
134 299
135 141
135 159
135 192
135 218
135 231
135 235
135 283
136 192
137 145
137 183
137 268
138 233
139 199
139 229
139 234
140 147
140 162
140 180
140 212
140 226
140 259
140 265
140 279
141 165
141 314
142 143
142 219
142 297
143 173
143 174
143 202
143 206
143 212
143 280
143 309
144 195
144 201
144 204
145 232
147 160
147 162
147 163
147 191
147 264
147 272
147 273
148 218
149 158
149 194
149 279
149 309
152 173
152 204
152 226
152 229
152 233
152 275
153 168
153 191
153 233
153 240
153 245
153 309
155 165
155 202
155 215
155 241
156 233
156 310
156 312
157 215
158 219
158 226
158 273
159 201
159 212
159 239
160 223
160 246
160 309
161 180
162 224
162 233
162 259
162 278
163 170
163 203
163 216
163 223
163 275
163 283
165 176
165 190
165 195
165 233
165 266
166 180
166 201
166 206
166 222
166 226
166 238
166 246
166 292
166 293
166 304
167 204
168 170
168 182
168 267
168 271
169 257
170 193
170 263
170 311
171 272
171 313
172 200
172 209
172 219
173 217
173 280
174 216
174 233
174 294
175 277
176 243
176 259
176 293
177 293
178 302
180 205
180 217
180 233
180 234
180 235
180 236
180 257
180 268
180 293
180 309
181 255
183 201
183 246
183 261
183 266
183 277
184 261
185 242
185 304
187 264
187 267
188 212
188 222
188 226
189 206
189 232
191 234
191 257
192 202
192 233
192 253
192 279
195 200
195 206
195 239
196 234
197 215
198 203
198 238
198 240
199 241
199 286
200 260
200 309
201 227
202 204
202 219
203 307
204 218
204 219
204 221
204 267
204 290
204 309
206 223
206 234
206 236
206 258
206 261
206 291
207 221
207 222
207 313
208 224
209 229
209 241
209 246
210 234
210 287
211 226
211 232
211 299
212 241
212 252
212 267
212 314
214 259
215 220
215 233
216 279
217 233
218 225
218 241
219 231
219 250
219 253
219 304
220 235
220 236
220 259
220 262
220 304
221 226
221 232
221 234
222 291
223 279
225 232
225 233
226 234
226 261
226 264
227 274
229 247
230 244
231 272
232 268
232 279
232 284
232 293
232 301
232 309
233 309
234 292
234 302
234 308
235 279
235 312
236 264
237 242
241 287
243 266
243 304
247 276
250 299
252 304
253 286
254 257
259 261
259 275
259 309
260 293
261 266
261 267
263 273
264 287
266 273
266 309
273 302
276 291
282 304
284 314
299 312
309 313
