0 66
0 122
0 124
1 32
1 62
1 118
1 134
1 195
1 257
1 289
2 49
2 70
2 77
2 120
2 123
2 135
2 145
2 263
2 276
2 285
2 309
3 35
3 39
3 93
3 183
3 246
3 249
3 310
4 14
4 52
4 64
4 100
4 122
4 123
4 125
4 127
4 160
4 189
4 204
4 226
4 238
4 268
5 6
5 24
5 54
5 74
5 81
5 91
5 103
5 123
5 125
5 129
5 166
5 200
5 232
5 234
5 235
5 297
5 304
5 313
6 29
6 110
6 111
6 122
6 137
6 173
7 36
7 112
7 125
7 134
7 204
7 222
7 235
7 277
7 280
7 286
7 292
8 121
8 129
8 176
8 241
9 66
9 112
9 255
9 267
10 18
10 51
10 77
10 89
10 100
10 134
10 139
10 152
10 156
10 160
10 171
10 186
10 192
10 204
10 291
11 80
11 134
11 195
11 219
12 38
12 106
12 223
13 42
13 109
13 123
13 134
13 140
13 217
14 39
14 89
14 126
14 227
14 235
14 262
14 268
15 57
15 67
15 86
15 90
15 195
16 106
16 123
16 186
16 203
16 204
16 216
17 40
17 49
17 90
17 123
17 130
17 131
17 165
17 184
17 206
17 209
17 219
17 276
18 100
18 129
18 201
18 218
19 108
19 132
19 228
19 271
20 167
20 174
20 223
20 238
21 106
21 168
21 251
21 265
22 29
22 35
22 41
22 110
22 121
22 204
22 230
22 241
22 283
23 28
23 37
23 44
23 110
23 123
23 178
23 195
23 207
23 232
23 233
23 262
23 307
24 40
24 55
24 82
24 201
24 277
24 291
24 292
25 226
25 252
25 261
26 70
26 127
26 179
27 122
27 124
27 175
27 264
27 282
28 83
28 121
28 122
28 124
28 126
28 134
28 139
28 180
28 226
28 241
29 76
29 126
29 157
29 201
29 226
29 241
29 247
29 283
30 35
30 113
30 154
30 234
30 252
31 41
31 77
31 157
31 195
31 314
32 89
32 98
32 100
32 106
32 161
32 164
32 202
32 217
32 240
32 253
32 309
33 34
33 59
33 86
33 121
33 188
33 233
34 40
34 104
34 112
34 172
34 204
34 206
34 249
34 274
34 295
35 39
35 50
35 56
35 66
35 67
35 77
35 123
35 125
35 140
35 171
35 191
35 201
35 212
35 258
36 40
36 59
36 68
36 73
36 110
36 121
36 124
36 191
36 226
36 263
36 266
36 267
36 283
36 302
37 108
37 125
37 143
37 158
37 195
38 106
39 82
39 121
39 193
39 194
40 44
40 52
40 56
40 75
40 88
40 111
40 123
40 135
40 151
40 160
40 161
40 180
40 183
40 201
40 238
40 311
41 42
41 84
41 117
41 142
41 168
42 49
42 100
42 177
42 218
42 235
42 284
42 291
43 44
43 61
43 112
43 115
43 162
43 180
43 191
43 237
44 52
44 54
44 86
44 129
44 137
44 163
44 165
44 169
44 170
44 240
44 305
44 308
45 286
46 181
46 237
48 76
48 82
48 143
48 164
49 74
49 85
49 154
49 168
49 235
49 249
49 291
50 110
51 57
51 117
51 123
51 129
51 136
51 151
51 236
51 239
51 267
51 298
52 70
52 90
52 104
52 126
52 128
52 160
52 194
52 233
52 255
52 271
53 84
53 85
53 126
53 233
54 79
54 90
54 129
54 210
54 219
54 243
54 291
55 107
55 124
55 158
55 176
55 201
55 222
55 251
56 66
56 80
56 265
57 122
57 126
57 165
57 192
57 207
57 212
57 279
58 172
59 110
59 121
59 160
59 174
59 181
59 185
59 207
59 216
59 241
60 107
60 109
60 202
60 222
61 89
61 124
61 178
61 204
61 219
61 239
61 309
62 71
62 121
62 174
62 256
62 266
63 163
64 110
64 166
65 119
65 121
65 258
66 72
66 180
66 288
66 302
67 90
67 126
67 127
67 154
67 172
67 259
67 304
68 80
68 134
68 158
68 200
68 265
69 129
69 232
70 126
70 167
71 123
71 189
71 223
71 302
72 128
72 132
72 158
72 241
72 253
72 256
73 90
73 121
73 193
73 221
73 222
73 253
73 271
73 272
74 86
74 177
74 197
74 218
74 234
74 235
74 238
75 89
75 170
75 212
75 285
76 99
76 123
76 172
76 180
76 185
76 186
76 235
76 239
76 274
76 277
77 100
77 106
77 114
77 117
77 123
77 128
77 161
77 199
77 201
77 236
79 182
80 121
80 192
80 197
80 234
81 83
81 134
81 226
81 229
81 257
82 110
82 235
82 277
83 121
83 129
83 134
83 266
84 162
84 232
84 241
85 96
85 121
85 125
85 173
85 223
85 235
85 275
86 108
86 166
86 291
87 121
87 128
89 122
89 127
89 140
89 144
89 232
89 257
89 264
89 269
89 279
89 280
90 103
90 122
90 137
90 144
90 166
90 167
90 202
90 206
90 224
90 232
90 244
90 268
90 273
90 303
91 104
91 123
91 173
91 176
91 228
91 233
91 235
91 277
92 127
92 173
92 189
92 222
92 255
92 259
93 208
93 253
93 271
95 104
95 201
95 203
95 232
95 235
95 251
95 254
96 106
96 238
97 99
97 199
97 224
98 127
98 143
98 204
98 241
99 124
99 136
99 138
99 147
99 160
99 168
99 175
99 189
99 207
99 235
99 238
99 257
99 264
99 275
100 123
100 140
100 151
100 168
100 181
100 236
100 241
100 251
100 305
101 125
102 124
102 128
102 129
102 155
102 219
102 279
102 302
103 173
103 219
103 246
104 121
104 123
104 137
104 147
104 150
104 288
104 297
105 160
105 209
105 246
106 123
106 126
106 214
106 219
106 233
106 274
106 285
107 130
107 148
107 235
108 129
108 233
108 286
109 154
109 233
110 123
110 125
110 160
110 282
111 127
111 167
111 212
111 226
111 252
111 260
111 286
112 136
112 187
112 193
112 217
112 221
112 241
112 266
113 201
113 208
113 228
113 233
113 289
113 309
115 218
115 226
115 262
115 263
115 292
116 218
116 233
116 304
116 309
117 124
117 127
119 150
119 173
119 187
119 279
120 206
121 124
121 125
121 126
121 128
121 129
121 130
121 137
121 171
121 181
121 183
121 217
121 222
121 233
121 235
121 241
121 273
121 298
122 123
122 126
122 138
122 142
122 143
122 145
122 157
122 162
122 168
122 174
122 189
122 197
122 205
122 206
122 209
122 217
122 228
122 241
122 247
122 253
122 255
122 264
122 288
122 307
122 309
123 127
123 134
123 151
123 159
123 160
123 161
123 173
123 196
123 235
123 240
123 241
123 268
123 284
123 309
124 126
124 127
124 128
124 153
124 173
124 174
124 189
124 193
124 196
124 201
124 202
124 208
124 219
124 226
124 234
124 243
124 246
124 247
124 257
124 266
124 286
124 296
124 309
125 158
125 163
125 192
125 195
125 196
125 210
125 220
125 226
125 232
125 246
125 261
125 266
125 267
125 272
125 279
125 309
126 127
126 129
126 134
126 137
126 147
126 148
126 159
126 167
126 217
126 221
126 226
126 232
126 236
126 267
126 276
126 283
127 148
127 152
127 163
127 166
127 182
127 198
127 202
127 210
127 226
127 241
127 278
127 283
127 302
127 309
127 313
128 130
128 135
128 138
128 165
128 173
128 195
128 203
128 204
128 223
128 234
128 237
128 246
128 257
128 267
129 138
129 147
129 162
129 177
129 180
129 187
129 188
129 204
129 247
129 267
129 268
129 304
129 309
130 143
130 223
130 255
130 257
130 304
131 180
131 206
131 235
132 134
133 158
133 206
133 226
133 271
134 135
134 210
134 216
134 277
134 293
135 168
135 175
135 180
135 186
135 195
135 202
135 226
135 237
137 161
137 226
137 265
138 154
138 233
138 252
138 285
139 143
139 235
139 241
139 303
139 309
140 251
140 285
141 226
141 278
142 200
142 262
142 289
143 177
143 226
143 313
144 147
144 201
144 207
144 234
144 255
147 217
147 255
147 312
148 170
148 198
148 223
148 232
149 235
149 279
150 278
151 220
152 188
152 266
154 247
154 252
155 207
155 220
155 232
155 259
155 304
156 224
158 227
158 241
158 281
159 226
159 243
160 170
160 195
160 200
160 210
160 232
160 245
160 250
160 257
161 216
161 273
161 286
162 168
162 187
162 216
162 233
162 245
162 264
162 267
163 201
163 221
163 234
163 247
163 253
163 271
163 308
164 192
165 232
165 253
166 204
166 209
166 233
166 275
166 305
166 309
167 250
167 304
168 173
168 182
168 197
168 233
168 273
169 292
170 200
170 227
170 243
170 314
171 216
171 264
172 291
173 309
176 219
178 204
178 233
180 252
180 264
180 302
181 218
183 232
183 237
183 245
183 259
183 274
183 288
184 261
186 235
186 271
187 188
187 195
187 221
187 235
187 246
188 193
188 204
189 195
189 199
189 201
189 206
189 315
190 315
192 201
192 232
193 221
193 232
195 223
195 286
196 241
196 269
197 241
197 247
197 304
199 288
200 234
200 309
201 226
201 238
201 286
202 222
202 285
202 302
203 229
203 238
204 206
204 212
204 215
204 232
204 253
204 258
204 261
204 280
204 309
206 239
206 241
206 251
206 252
206 267
206 285
206 309
207 226
207 234
208 264
208 285
209 217
209 235
209 266
210 249
212 226
212 305
215 216
216 233
216 235
216 267
216 309
216 313
217 235
217 292
218 241
219 223
219 241
219 279
219 280
219 308
220 314
221 233
222 235
223 233
223 235
223 245
223 266
223 286
223 304
224 231
225 233
226 233
226 235
226 241
226 264
226 265
226 266
226 267
226 304
226 306
226 313
228 279
230 253
230 268
231 245
231 288
231 298
232 288
232 296
233 234
233 267
233 299
234 278
234 302
234 304
235 254
235 267
236 271
237 262
238 255
238 262
238 267
238 299
239 285
241 250
241 257
241 280
241 304
246 247
246 304
246 309
247 255
248 282
249 277
249 279
250 311
252 257
252 278
254 278
255 268
255 272
258 309
259 296
264 308
266 269
266 304
266 309
266 315
267 285
273 304
275 303
275 309
277 281
277 292
279 302
285 288
286 298
286 304
291 299
293 298
