0 7
0 9
0 56
0 88
0 90
0 121
0 160
0 269
0 304
1 112
1 119
1 216
2 4
2 30
2 45
2 65
2 100
2 125
2 147
2 181
2 235
2 238
2 247
2 299
2 309
3 22
3 123
3 125
3 169
3 212
3 262
4 123
4 125
4 128
4 216
4 221
4 233
4 234
4 275
4 288
5 22
5 120
5 122
5 152
5 168
5 188
5 195
5 198
5 220
5 263
5 266
6 16
6 22
6 33
6 41
6 45
6 74
6 76
6 77
6 157
6 168
6 180
6 250
6 276
6 279
7 20
7 29
7 38
7 79
7 97
7 122
7 125
7 126
7 127
7 134
7 150
7 199
7 214
7 235
7 301
8 55
8 217
9 122
9 125
9 143
9 181
9 216
9 235
10 81
10 88
10 134
10 200
11 24
11 138
12 16
12 42
12 121
12 155
12 191
12 226
12 313
13 35
13 144
13 183
13 202
13 232
14 20
14 26
14 55
14 81
14 98
14 100
14 128
14 129
14 133
14 268
15 18
15 24
15 36
15 56
15 204
16 233
16 255
17 26
17 43
17 53
17 100
17 103
17 134
17 135
17 137
17 147
17 193
17 207
17 212
17 219
17 226
17 228
17 232
17 266
17 281
18 215
18 233
19 22
19 80
19 122
20 23
20 42
20 110
20 137
20 203
20 218
20 226
20 252
20 278
20 304
21 37
21 56
21 72
21 122
21 143
21 148
21 171
22 123
22 125
22 153
22 222
22 240
22 279
23 49
23 126
23 155
23 189
23 248
23 269
23 279
24 70
24 92
24 117
24 275
24 288
25 52
25 100
25 232
26 83
26 120
26 125
26 129
26 138
26 144
26 154
26 232
26 252
27 33
27 121
27 169
27 217
27 227
27 234
27 277
28 37
28 56
28 110
28 117
28 144
28 168
28 214
28 235
28 309
29 36
29 44
29 56
29 98
29 123
29 127
29 137
29 204
30 235
31 111
31 124
31 160
31 234
31 255
32 158
32 309
33 77
33 105
33 120
33 122
33 227
33 258
34 124
34 154
35 90
35 110
35 115
35 119
35 122
35 123
35 128
35 138
35 158
35 163
35 185
35 189
35 192
35 233
35 238
35 246
35 290
36 40
36 48
36 76
36 95
36 104
36 106
36 126
36 185
36 219
36 278
37 116
37 122
37 232
37 233
37 239
38 178
38 252
38 255
39 54
39 73
39 77
39 98
39 198
39 214
40 56
40 82
40 89
40 127
40 131
40 156
40 170
40 206
40 247
40 256
40 266
40 285
40 303
41 123
41 128
41 182
41 234
41 241
41 309
42 98
42 124
42 125
42 126
42 203
42 217
42 218
43 69
43 219
44 90
44 110
44 178
44 233
44 280
44 288
44 302
44 305
45 313
46 165
47 98
47 122
47 123
47 125
48 65
48 122
49 117
49 122
49 131
49 139
49 157
49 172
49 178
49 191
49 237
50 112
50 123
50 145
50 167
51 122
51 123
51 127
51 202
51 216
51 227
51 254
51 275
51 286
52 121
52 129
52 130
52 140
52 141
52 174
52 206
52 233
52 235
52 236
52 261
52 306
52 309
53 234
53 235
54 55
54 64
54 172
54 180
54 201
54 207
54 293
54 312
55 67
55 100
55 252
55 264
56 58
56 74
56 90
56 100
56 129
56 165
56 167
56 182
56 209
56 279
57 70
57 125
57 165
57 195
57 198
57 241
57 280
58 67
58 129
59 123
59 127
59 168
59 173
59 220
59 232
59 234
59 309
60 75
60 147
60 193
60 250
61 117
61 127
61 176
61 193
62 83
62 87
62 100
62 121
62 171
62 201
62 221
62 223
62 225
63 144
63 233
63 257
63 315
64 309
65 67
65 127
65 131
65 188
65 251
66 129
66 168
66 232
66 234
66 267
66 284
67 77
67 80
67 104
67 119
67 160
67 166
67 203
67 204
67 226
67 236
67 264
68 149
68 220
68 243
69 236
69 262
70 162
70 185
70 200
71 232
71 239
72 122
72 127
72 153
72 155
72 194
72 210
73 100
73 134
73 144
73 201
73 305
73 309
74 86
74 179
74 185
74 235
74 267
75 81
75 99
75 108
75 121
75 128
75 145
75 191
75 194
75 204
76 123
76 127
76 204
76 231
76 258
76 286
77 104
77 107
77 112
77 124
77 126
77 128
77 143
77 170
77 174
77 180
77 190
77 202
77 205
77 221
77 222
77 226
77 247
77 254
77 292
77 302
77 308
78 201
79 122
79 195
79 206
79 313
80 125
80 126
80 129
80 139
80 141
80 162
80 177
80 247
81 126
81 223
81 277
82 100
82 127
82 235
83 266
84 101
84 125
84 266
84 269
84 279
84 280
85 121
85 124
85 127
85 143
85 195
85 309
86 117
86 129
86 137
86 251
87 125
87 154
87 238
87 245
88 252
89 100
89 115
89 122
89 127
89 134
89 171
89 188
89 208
89 235
89 239
89 240
89 285
90 95
90 120
90 124
90 144
90 202
90 216
90 220
90 237
90 247
90 266
90 292
90 304
91 94
91 235
91 287
92 252
93 100
94 289
95 105
95 121
95 127
95 177
95 193
95 233
96 99
96 192
97 122
97 125
98 112
98 127
98 163
98 182
98 215
98 233
98 236
98 258
98 263
99 110
99 111
99 144
99 178
99 188
99 199
99 200
99 208
99 226
99 239
99 252
99 280
99 282
100 109
100 122
100 123
100 126
100 131
100 149
100 153
100 166
100 186
100 191
100 217
100 223
100 226
100 252
101 124
101 235
102 193
102 258
103 112
103 210
103 255
103 289
104 123
104 124
104 206
104 217
104 232
104 312
105 124
105 156
105 195
105 234
105 240
105 259
105 312
106 120
106 125
106 127
106 131
106 172
106 191
106 197
106 201
106 209
106 232
106 260
106 268
106 289
107 122
107 314
108 123
108 126
108 163
108 235
108 279
110 186
110 210
110 235
110 238
110 241
110 245
110 278
110 304
111 122
111 126
111 182
111 183
111 189
111 203
111 218
111 219
111 228
111 230
111 287
112 125
112 162
112 207
113 131
113 141
113 226
113 233
113 240
114 123
114 168
115 123
115 126
115 232
115 238
115 304
115 315
116 135
116 142
116 204
116 216
116 271
117 122
117 125
117 134
117 164
117 216
117 228
117 233
117 313
118 197
118 232
119 127
119 204
119 212
119 226
119 232
119 253
119 313
120 127
120 135
121 122
121 124
121 165
121 174
121 180
121 200
121 206
121 228
121 232
121 233
121 236
121 241
121 253
121 255
122 123
122 125
122 127
122 130
122 140
122 145
122 152
122 156
122 174
122 182
122 183
122 189
122 192
122 203
122 207
122 212
122 225
122 226
122 232
122 233
122 237
122 266
122 303
123 134
123 157
123 164
123 167
123 174
123 176
123 200
123 202
123 210
123 211
123 219
123 232
123 233
123 235
123 275
124 145
124 182
124 192
124 217
124 232
124 233
124 260
124 265
125 126
125 130
125 135
125 142
125 143
125 155
125 167
125 226
125 233
125 234
125 235
125 245
125 253
125 265
125 269
125 286
125 298
125 304
125 309
125 312
126 129
126 134
126 140
126 144
126 163
126 173
126 175
126 182
126 207
126 226
126 232
126 247
126 296
126 299
127 128
127 132
127 158
127 189
127 192
127 214
127 215
127 218
127 226
127 232
127 239
127 241
127 246
127 249
127 254
127 262
127 277
127 291
127 315
128 130
128 141
128 179
128 186
128 188
128 207
128 208
128 217
128 235
128 237
128 247
128 249
128 258
128 309
129 134
129 137
129 163
129 176
129 180
129 181
129 185
129 218
129 226
129 227
129 252
129 266
129 267
129 275
129 282
129 309
129 313
130 195
131 255
131 259
131 261
132 183
132 189
133 193
133 233
133 252
134 142
134 168
134 180
134 191
134 197
134 202
134 227
134 235
134 257
134 267
134 304
135 142
135 143
135 216
135 225
135 233
135 295
137 264
138 226
138 299
139 163
139 208
139 236
139 261
139 309
140 180
140 190
140 201
141 164
141 165
141 183
141 226
142 163
142 206
142 232
143 234
143 279
144 233
145 267
146 218
148 279
149 279
150 179
150 185
151 161
152 201
152 228
152 283
152 315
153 180
153 219
153 266
153 286
154 174
154 195
154 219
154 221
155 266
155 308
156 201
156 202
156 296
157 206
158 168
158 195
158 204
158 207
158 234
158 235
158 261
158 267
158 315
160 167
160 175
160 191
160 209
160 210
160 226
160 240
160 263
160 301
161 280
162 173
162 262
162 266
162 279
162 296
163 176
163 183
163 189
163 191
163 214
163 299
163 309
164 219
164 273
165 173
165 239
165 280
166 168
166 180
166 309
167 285
167 288
168 217
168 235
168 285
168 290
169 217
170 174
170 198
170 233
170 304
171 180
172 233
172 309
173 220
173 224
173 280
173 309
174 181
174 185
176 182
176 201
176 219
177 183
178 239
178 243
178 299
180 182
180 196
180 221
180 234
180 240
180 243
180 252
180 262
180 267
181 215
182 195
182 204
182 232
182 273
183 240
185 198
185 233
186 280
187 198
187 207
187 238
187 271
188 232
189 195
189 204
189 206
191 299
192 266
195 215
195 219
195 232
196 226
196 277
197 221
197 304
199 206
201 212
201 239
202 279
203 204
203 223
203 226
203 235
203 250
203 287
203 291
203 304
204 229
204 234
204 235
204 266
204 267
204 286
204 309
206 217
206 264
206 267
207 253
208 223
208 256
209 234
209 286
209 301
210 224
210 246
210 279
212 299
212 305
214 226
215 226
215 309
216 232
216 235
216 314
217 233
217 240
218 235
218 236
218 306
219 234
219 241
219 259
219 309
220 235
221 229
221 277
221 304
222 241
222 279
223 233
223 234
223 236
223 239
223 308
224 232
224 286
224 309
225 259
225 262
226 236
226 237
226 253
226 256
226 274
226 312
227 261
228 239
228 265
231 236
231 267
231 271
231 285
232 237
232 266
232 279
232 309
233 235
233 237
233 263
233 267
233 269
233 271
233 287
233 288
233 299
233 302
233 304
234 245
234 252
234 271
234 279
234 288
234 297
235 258
235 268
235 269
235 282
235 304
236 238
236 293
236 308
240 265
241 247
241 305
241 315
244 315
245 276
246 253
246 261
247 263
249 266
249 279
250 273
251 267
251 296
254 309
257 267
258 292
259 279
259 299
261 271
262 268
266 299
267 292
271 294
273 279
275 307
276 279
279 288
280 314
286 299
292 302
294 306
295 311
299 312
303 309
312 314
