0 76
0 77
0 122
0 125
0 212
0 214
0 266
0 283
1 14
1 79
1 178
1 209
2 7
2 14
2 25
2 60
2 72
2 76
2 100
2 122
2 139
2 219
2 246
3 42
3 136
3 181
3 212
3 219
4 13
4 80
4 82
4 98
4 127
4 149
4 202
4 206
4 233
4 276
5 6
5 39
5 59
5 124
5 138
5 173
5 178
5 191
5 209
5 238
5 255
5 266
5 304
5 309
6 8
6 29
6 39
6 81
6 128
6 135
6 206
6 244
6 268
6 277
6 299
6 304
7 137
7 181
7 232
7 238
7 241
7 249
7 292
8 43
8 123
8 153
8 234
8 259
9 35
9 36
9 52
9 57
9 90
9 172
10 43
10 55
10 74
10 84
10 134
10 160
10 207
11 85
11 241
12 33
12 139
12 174
12 239
12 278
13 65
13 86
13 154
13 163
13 191
13 202
13 232
13 238
14 204
14 206
14 292
15 77
15 122
15 127
15 203
15 262
15 263
16 106
16 129
16 226
16 245
17 42
17 76
17 92
17 107
17 118
17 121
17 122
17 127
17 266
17 311
18 33
18 85
18 121
18 129
18 130
18 168
18 230
18 241
20 22
20 29
20 52
20 71
20 162
20 168
20 226
20 247
20 252
20 256
20 258
20 313
21 29
21 128
22 126
22 147
22 199
22 233
23 73
23 93
23 123
23 127
23 173
23 226
23 299
23 314
24 77
24 80
24 154
24 226
24 231
24 257
24 259
25 40
26 40
26 79
26 110
26 123
26 125
26 188
26 218
26 279
27 208
28 76
28 102
28 126
28 128
28 129
28 130
28 141
28 202
29 95
29 158
29 204
29 223
29 265
29 304
30 139
30 143
30 180
30 190
31 35
31 54
31 145
31 267
31 271
31 309
32 47
32 64
32 126
32 234
32 309
32 311
33 124
33 243
34 56
34 74
34 81
34 123
34 139
34 160
34 221
34 239
34 266
35 42
35 43
35 51
35 64
35 68
35 75
35 77
35 121
35 123
35 125
35 127
35 128
35 146
35 155
35 204
35 234
35 239
35 246
35 264
36 40
36 129
36 142
36 170
36 178
36 192
36 198
36 207
36 223
36 224
36 249
37 89
37 134
37 216
37 260
37 279
37 311
38 40
38 160
38 182
38 223
39 69
39 90
39 128
39 129
39 134
39 171
39 186
39 204
39 237
39 238
39 246
39 247
39 259
39 284
40 73
40 75
40 105
40 106
40 110
40 113
40 123
40 134
40 138
40 166
40 223
40 224
40 239
40 249
40 266
40 280
40 299
40 302
41 90
41 107
41 128
41 131
41 195
41 201
42 124
42 304
43 75
43 93
43 142
44 50
44 124
44 125
44 180
44 274
45 66
47 187
47 241
47 299
49 80
49 93
49 100
49 122
49 231
49 246
50 124
50 212
50 309
51 67
51 72
51 111
51 166
51 198
51 233
51 235
51 240
52 65
52 100
52 121
52 122
52 123
52 127
52 134
52 167
52 260
53 80
53 247
53 271
54 55
54 99
54 125
54 155
54 188
54 204
54 245
55 77
55 94
55 236
55 241
55 266
55 285
55 314
56 100
56 121
56 157
56 197
56 202
56 225
56 226
57 100
57 127
57 158
57 168
57 232
57 253
57 298
58 114
58 159
59 70
59 116
59 128
59 143
59 226
60 241
61 100
61 106
61 127
61 204
61 226
61 282
62 125
64 183
64 193
64 255
64 310
66 117
66 125
66 156
66 177
66 247
67 106
67 186
67 202
67 223
67 234
67 240
67 288
68 76
68 153
68 189
68 223
68 235
69 162
69 197
69 250
70 76
70 206
70 234
70 263
71 90
71 122
71 125
71 128
71 212
72 124
72 134
72 140
72 202
72 246
73 86
73 98
73 100
73 124
73 142
73 195
73 230
73 247
73 313
74 95
74 149
74 185
74 264
74 278
75 116
75 126
75 134
75 252
75 263
75 303
76 100
76 105
76 120
76 122
76 124
76 144
76 201
76 204
76 213
76 230
76 249
76 259
76 293
77 79
77 121
77 136
77 159
77 167
77 201
77 228
77 244
77 254
78 89
78 98
78 264
79 87
79 121
79 173
79 201
80 140
80 247
80 265
80 280
81 105
81 133
81 204
81 265
81 310
82 100
82 121
82 126
82 149
83 90
83 97
83 100
83 244
84 117
84 126
84 128
84 195
84 266
84 272
84 309
85 121
85 125
85 128
85 156
85 289
85 292
85 309
86 126
86 155
86 189
86 198
87 192
87 267
88 165
88 204
88 261
88 309
89 122
89 131
89 179
89 223
89 266
90 99
90 100
90 128
90 144
90 156
90 158
90 159
90 171
90 178
90 188
90 203
90 219
90 223
90 227
90 234
90 239
90 243
91 116
91 123
91 158
91 219
91 235
92 105
92 287
93 99
93 233
93 241
93 309
94 106
94 124
95 122
95 123
95 130
95 131
95 166
95 201
96 122
96 127
96 309
97 123
97 125
97 168
98 99
98 132
98 230
99 121
99 128
99 133
99 151
99 155
99 170
99 174
99 201
99 207
99 215
99 234
99 237
99 266
99 309
100 107
100 110
100 121
100 124
100 139
100 155
100 158
100 168
100 189
100 199
100 208
100 219
100 233
100 241
100 245
100 258
100 279
100 294
100 298
100 299
101 124
101 268
102 124
102 309
103 111
103 133
103 153
103 157
103 178
103 180
104 110
104 163
104 175
104 192
105 243
106 122
106 124
106 134
106 188
106 258
106 288
106 297
106 309
107 156
107 160
107 167
107 189
107 268
108 228
109 160
109 200
109 292
110 123
110 124
110 125
110 234
110 267
110 274
111 126
111 128
111 130
111 155
111 170
111 216
111 220
112 121
112 129
112 191
112 231
113 162
114 122
114 124
114 178
115 206
115 236
115 246
115 267
115 272
115 288
115 315
117 124
117 127
117 155
117 163
117 226
117 265
117 271
117 309
118 129
119 122
119 165
119 304
120 166
120 222
120 279
121 124
121 126
121 127
121 155
121 186
121 189
121 199
121 218
121 235
121 266
121 271
121 304
122 125
122 127
122 129
122 130
122 137
122 139
122 153
122 160
122 167
122 174
122 183
122 209
122 226
122 232
122 233
122 234
122 238
122 249
122 251
122 255
122 259
122 261
122 266
122 275
122 278
122 291
122 304
122 313
122 314
123 127
123 128
123 166
123 170
123 190
123 191
123 193
123 195
123 198
123 217
123 219
123 221
123 232
123 235
123 241
123 249
123 257
123 309
124 125
124 127
124 147
124 157
124 165
124 174
124 188
124 191
124 199
124 201
124 204
124 206
124 212
124 235
124 238
124 240
124 241
124 244
124 261
124 309
125 129
125 130
125 166
125 202
125 204
125 206
125 212
125 215
125 223
125 229
125 233
125 234
125 235
125 260
125 279
125 304
126 127
126 128
126 134
126 137
126 140
126 155
126 159
126 174
126 176
126 182
126 191
126 223
126 226
126 232
126 253
126 258
126 272
126 276
126 288
126 315
127 145
127 155
127 179
127 195
127 203
127 219
127 293
127 299
127 304
128 135
128 144
128 153
128 201
128 232
128 233
128 236
128 244
128 278
128 288
128 308
128 314
129 130
129 154
129 188
129 189
129 208
129 210
129 226
129 232
129 237
129 252
129 259
129 266
129 274
129 276
130 183
131 137
131 181
131 235
131 265
132 186
132 279
133 166
134 142
134 154
134 160
134 200
134 207
134 217
134 219
134 249
134 257
134 271
135 170
135 180
135 203
135 233
137 180
137 217
137 219
138 226
139 283
140 167
140 203
141 144
141 174
141 284
141 288
141 298
141 299
142 147
142 176
143 188
143 232
143 237
143 278
143 298
144 171
144 202
144 204
144 209
144 233
144 293
146 158
147 189
147 218
147 232
147 296
147 303
148 220
149 164
149 238
150 230
151 189
151 207
151 219
151 220
151 272
151 279
152 242
152 262
152 287
154 180
154 221
154 225
154 233
154 238
154 257
154 295
155 160
155 185
155 262
155 310
155 311
157 177
158 165
158 224
158 288
160 233
160 238
160 291
161 234
162 163
162 165
162 171
162 180
162 219
162 228
162 236
163 218
163 234
163 238
164 267
165 240
166 168
166 221
166 232
166 302
168 225
168 235
168 253
168 268
168 285
168 296
169 203
169 247
169 253
169 254
169 304
170 213
170 227
173 206
174 214
175 186
175 309
176 224
176 249
177 184
177 206
177 234
177 261
177 276
178 233
178 245
178 274
179 245
180 189
180 194
180 201
180 233
180 234
180 266
180 307
181 219
181 233
181 289
181 292
182 235
183 206
183 207
183 299
185 225
185 233
185 266
186 207
186 209
186 233
186 250
186 269
187 234
188 198
188 200
189 219
189 232
189 237
189 289
189 309
190 207
191 204
191 232
191 247
192 243
193 207
193 241
193 246
195 209
195 216
195 220
195 228
195 241
195 275
195 279
196 235
197 232
198 204
199 203
199 233
200 226
200 232
200 233
200 264
200 267
201 216
201 251
201 253
201 266
201 276
201 288
201 307
202 230
202 234
202 243
202 255
203 204
203 212
203 252
203 303
204 234
204 239
204 275
204 286
205 206
205 296
206 217
206 286
206 299
206 314
207 236
207 261
207 264
212 313
213 285
214 223
215 226
216 234
216 240
216 314
217 237
217 292
218 238
219 257
219 272
219 279
220 223
220 278
221 233
223 229
223 246
223 274
223 292
224 232
224 279
225 232
225 267
226 227
226 233
226 236
226 237
227 233
227 268
228 266
229 240
230 259
231 268
231 293
232 235
232 241
232 252
232 266
232 268
232 296
232 299
232 302
233 288
233 312
234 239
234 243
234 264
234 267
234 310
235 283
236 246
236 309
237 240
238 247
238 255
239 309
240 251
240 266
240 277
240 279
241 272
241 280
241 296
241 308
241 309
243 314
244 247
245 302
247 261
247 285
247 291
250 292
252 288
253 273
254 288
254 314
255 306
261 304
261 312
264 280
265 272
266 279
266 292
266 302
266 311
273 309
275 285
279 282
292 306
299 309
304 309
