0 4
0 6
0 62
0 81
0 111
0 143
0 144
0 250
0 261
1 68
1 188
2 39
2 40
2 97
2 112
2 117
2 183
2 226
2 264
2 266
2 269
2 277
2 292
3 15
3 40
3 58
3 79
3 170
3 262
4 9
4 57
4 103
4 125
4 129
4 134
4 174
4 203
4 210
4 220
4 226
4 264
4 272
4 304
5 72
5 132
5 140
5 161
5 162
5 208
5 221
5 238
5 247
5 263
5 294
5 311
5 315
6 47
6 127
6 204
6 215
6 259
6 309
7 12
7 88
7 118
7 130
7 132
7 187
7 200
7 273
7 297
7 309
8 65
8 84
8 219
8 223
9 100
9 125
9 219
10 112
10 233
10 235
10 257
10 267
11 13
11 54
11 111
11 121
11 144
11 235
11 266
11 302
11 309
12 22
12 35
12 54
12 95
12 103
12 125
12 233
12 277
13 41
13 81
13 123
13 188
13 201
13 214
13 253
13 271
13 309
14 51
14 53
14 55
14 83
14 93
14 123
14 136
14 155
14 199
14 261
14 270
15 171
15 207
16 42
16 89
16 129
16 150
16 180
17 84
17 108
17 112
17 117
17 121
17 134
17 149
17 175
17 234
17 290
17 292
17 298
18 37
18 51
18 131
18 155
18 280
18 304
19 122
19 180
19 218
19 233
20 76
20 113
20 138
20 183
20 214
20 221
20 243
21 40
21 124
22 42
22 95
22 119
22 126
22 146
22 243
23 36
23 40
23 90
23 91
23 99
23 120
23 124
23 125
23 161
23 195
23 226
23 233
23 315
24 75
24 118
24 166
24 193
24 233
24 278
25 143
25 185
26 83
26 88
26 125
26 237
27 90
27 103
27 121
27 129
27 138
27 166
28 29
28 104
28 127
28 132
28 166
28 232
28 247
28 279
28 298
29 66
29 134
29 221
29 225
29 241
29 304
30 31
30 168
31 157
31 225
31 232
32 41
32 52
32 100
32 129
32 175
32 243
33 82
33 90
33 113
33 235
34 35
34 36
34 76
34 85
34 134
34 168
34 233
34 274
35 83
35 100
35 122
35 127
35 128
35 157
35 160
35 161
35 196
35 207
35 215
35 219
35 230
35 282
36 95
36 124
36 180
36 189
36 193
36 232
36 266
36 279
36 304
37 89
37 90
37 96
37 100
37 107
37 123
37 130
37 232
38 72
38 125
39 111
39 195
39 299
39 309
40 43
40 69
40 124
40 125
40 136
40 171
40 192
40 194
40 202
40 203
40 220
40 240
40 259
40 269
41 49
41 80
41 85
41 106
41 123
41 125
41 128
41 204
41 234
41 266
41 274
41 276
41 296
42 63
42 80
42 100
42 111
42 133
42 173
42 235
43 89
43 90
43 218
44 126
44 134
44 206
44 223
44 276
46 55
46 86
46 197
47 90
47 124
47 135
47 180
48 124
48 228
48 304
49 197
49 235
50 89
50 147
50 243
51 56
51 67
51 102
51 114
51 124
51 195
51 233
51 279
52 84
52 90
52 111
52 134
52 140
52 179
52 238
52 254
52 257
53 181
53 219
54 66
54 97
54 113
54 157
54 159
54 191
54 233
54 266
55 128
55 134
55 151
55 168
56 90
56 91
56 110
56 120
56 167
56 189
56 225
56 235
57 84
57 95
57 100
57 129
57 193
57 223
57 226
57 232
57 293
57 307
57 313
58 203
59 90
59 111
59 134
59 216
59 244
59 245
59 284
59 304
60 128
60 245
60 303
61 124
61 132
61 226
61 275
62 75
62 276
63 80
63 235
64 108
64 123
64 195
64 301
65 81
65 87
65 233
65 234
65 247
66 76
66 77
66 125
66 139
66 277
67 139
68 88
68 187
68 239
69 126
70 124
70 237
71 132
71 226
72 107
72 125
72 131
72 217
72 234
72 246
72 313
73 75
73 81
73 99
73 102
73 124
73 129
73 142
73 153
73 185
73 215
73 304
73 309
74 122
74 191
74 195
74 274
75 122
75 123
75 128
75 129
75 155
75 189
75 197
75 204
75 216
75 233
75 235
75 297
76 77
76 110
76 188
76 195
76 232
76 241
76 252
76 261
76 266
77 90
77 104
77 140
77 174
77 181
77 208
77 244
77 266
78 99
78 101
78 233
78 255
79 98
79 122
79 124
79 193
79 233
79 266
79 278
79 309
80 87
80 100
80 122
80 206
80 226
80 257
81 105
81 117
81 198
81 246
81 309
82 214
82 226
82 298
83 125
83 185
83 286
84 106
84 137
84 175
84 181
84 223
84 226
84 234
84 301
85 92
85 173
85 204
85 206
85 234
85 315
86 96
86 99
86 103
86 117
86 125
86 126
86 160
86 189
86 207
86 235
86 274
86 309
87 180
87 214
87 254
88 94
88 100
88 127
88 142
88 168
88 279
89 104
89 160
89 215
89 264
90 95
90 100
90 122
90 127
90 144
90 160
90 166
90 215
90 226
90 261
90 264
90 277
90 281
91 257
92 265
93 128
93 296
94 222
95 100
95 165
95 212
95 292
95 304
96 116
96 123
96 135
96 144
97 291
98 122
98 123
98 171
98 183
98 234
98 279
99 104
99 121
99 122
99 128
99 131
99 154
99 169
99 172
99 189
99 254
99 263
99 279
100 105
100 122
100 123
100 128
100 146
100 162
100 169
100 194
100 222
100 223
100 224
100 233
100 240
100 246
100 247
100 283
100 309
101 127
101 134
101 240
102 106
102 111
102 140
102 215
102 220
103 204
104 128
104 201
104 280
104 297
105 138
105 139
105 155
105 159
105 173
105 185
105 250
105 259
106 122
106 124
106 163
106 169
106 186
106 216
106 234
106 260
106 290
107 113
107 125
107 127
107 175
107 238
107 304
108 159
108 203
108 266
110 120
110 122
110 188
110 232
110 296
111 126
111 133
111 189
111 193
111 233
111 254
111 288
112 206
112 298
113 304
114 201
114 240
115 127
115 274
117 121
117 124
117 140
117 149
117 163
117 180
117 221
117 232
117 234
118 308
119 120
119 127
119 203
119 231
119 236
119 271
120 124
120 126
120 127
120 128
120 134
120 141
120 234
120 236
120 296
121 123
121 139
121 142
121 162
121 173
121 185
121 189
121 197
121 201
121 216
121 219
121 226
121 228
121 232
121 233
121 248
121 250
121 259
121 264
121 266
121 269
121 274
121 286
121 309
122 126
122 127
122 129
122 137
122 142
122 149
122 152
122 155
122 156
122 165
122 168
122 171
122 200
122 204
122 209
122 218
122 232
122 233
122 239
122 247
122 266
122 268
122 270
122 272
122 278
122 279
122 288
122 290
122 293
122 309
122 313
123 128
123 132
123 137
123 176
123 213
123 215
123 219
123 232
123 237
123 300
123 312
124 125
124 127
124 129
124 134
124 140
124 142
124 168
124 191
124 199
124 206
124 207
124 209
124 225
124 232
124 246
124 251
124 255
124 266
125 127
125 153
125 162
125 168
125 173
125 178
125 182
125 195
125 204
125 228
125 237
125 241
125 261
125 288
125 290
125 306
126 137
126 145
126 180
126 183
126 194
126 199
126 208
126 219
126 220
126 234
126 241
126 252
126 264
126 276
126 309
127 128
127 134
127 135
127 157
127 163
127 165
127 181
127 187
127 219
127 222
127 232
127 233
127 239
127 240
127 243
127 247
127 251
127 263
127 266
127 269
127 299
128 129
128 163
128 170
128 193
128 204
128 207
128 214
128 217
128 241
128 249
128 254
128 272
128 274
128 275
128 278
128 308
128 309
129 133
129 145
129 183
129 185
129 189
129 192
129 202
129 216
129 238
129 240
129 249
129 273
129 307
130 193
130 273
130 308
131 233
131 247
132 231
132 236
132 253
132 278
132 292
133 283
133 305
134 153
134 165
134 196
134 201
134 214
134 220
134 223
134 233
134 271
135 158
135 179
135 220
135 226
135 232
136 264
137 163
137 218
137 241
137 286
137 287
138 144
138 193
138 195
138 202
138 204
139 162
139 195
139 219
139 223
139 233
139 264
139 267
139 273
139 276
140 168
140 193
140 309
141 151
141 168
141 271
141 288
142 160
142 163
142 226
142 246
143 180
143 186
143 297
144 243
145 269
147 203
147 226
147 264
150 279
150 304
150 314
151 195
152 155
153 237
154 258
154 262
156 206
157 226
158 188
158 209
158 234
158 266
158 274
160 172
160 188
160 195
160 204
160 233
160 234
160 238
160 244
160 272
160 285
161 219
162 173
162 200
162 207
162 244
162 305
163 208
163 228
163 251
163 299
165 193
165 198
165 217
165 288
166 189
166 250
166 270
166 279
167 200
168 207
168 218
168 288
168 304
169 309
170 178
170 225
171 267
172 177
172 180
173 181
173 192
173 202
173 214
173 233
173 252
173 262
173 293
173 315
174 180
174 186
174 234
174 246
175 298
176 232
176 234
176 257
176 281
178 308
180 195
180 216
180 219
180 232
180 250
180 283
181 252
182 226
182 232
182 243
183 212
183 224
183 282
183 312
184 217
185 192
185 195
185 206
185 225
185 266
186 271
187 214
187 223
188 249
188 309
189 191
189 203
189 267
189 299
191 304
192 216
192 232
192 289
192 298
192 309
193 247
194 204
195 207
195 218
195 230
197 241
197 309
199 234
200 217
200 223
200 241
200 304
201 217
201 226
201 279
201 298
201 311
202 249
202 253
202 309
203 206
203 235
203 243
203 259
204 212
204 217
204 225
204 233
204 239
204 243
204 261
204 266
204 311
204 314
206 235
206 253
206 261
206 304
206 309
207 226
208 218
208 301
209 212
209 240
209 304
210 273
210 279
210 299
211 230
212 233
212 257
212 270
212 309
213 241
215 234
216 226
216 249
216 267
217 241
218 231
218 266
219 222
219 233
219 241
219 245
219 255
219 261
219 272
219 300
220 226
220 235
220 253
220 271
220 301
221 308
221 314
224 234
225 233
225 246
226 233
226 245
226 282
226 304
227 234
228 286
228 312
228 314
229 314
230 237
232 234
232 235
232 241
232 262
232 267
232 273
232 280
232 285
232 292
233 241
233 254
233 268
234 235
234 247
234 253
234 272
234 308
234 311
235 236
235 251
235 268
235 269
235 275
235 309
236 241
236 294
238 279
238 309
239 288
241 307
243 259
244 299
244 313
245 267
246 307
249 272
250 296
253 309
255 296
259 309
260 286
266 314
267 309
273 292
273 309
278 309
279 304
283 309
