0 226
1 76
1 145
1 204
1 227
2 26
2 31
2 44
2 65
2 122
2 124
2 137
2 162
2 180
2 219
2 274
2 309
3 110
3 121
3 125
3 163
3 194
3 297
4 31
4 44
4 90
4 100
4 103
4 165
4 167
4 202
4 232
4 266
5 52
5 56
5 73
5 83
5 85
5 90
5 128
5 180
5 206
5 233
5 247
5 259
5 264
5 273
5 277
6 35
6 42
6 56
6 67
6 80
6 121
6 127
6 128
6 149
6 163
6 182
6 257
6 314
7 18
7 24
7 26
7 61
7 72
7 75
7 91
7 99
7 104
7 106
7 117
7 125
7 126
7 128
7 212
7 216
7 268
7 286
7 302
8 76
8 220
9 32
9 65
9 70
9 98
9 125
9 151
9 167
9 239
9 269
9 304
10 51
10 204
10 219
10 220
10 243
10 273
11 24
11 157
11 227
11 229
11 308
12 80
12 117
13 24
13 121
13 143
13 158
13 279
13 308
14 36
14 139
14 163
14 230
14 249
15 95
15 168
16 62
16 76
16 98
16 99
16 121
16 227
16 271
17 52
17 71
17 89
17 95
17 106
17 110
17 122
17 133
17 134
17 181
17 201
17 204
17 208
17 233
17 286
18 22
18 110
18 123
18 269
19 193
19 236
19 309
20 54
20 120
20 124
20 140
20 187
20 207
20 210
20 219
21 26
21 104
21 210
21 273
22 77
22 122
22 279
23 120
23 125
23 259
24 31
24 54
24 186
24 197
24 232
24 315
25 40
25 128
25 183
25 197
25 226
26 122
26 160
27 187
27 200
27 235
27 247
28 84
28 144
28 267
28 273
29 209
30 124
30 162
30 166
30 204
30 259
31 40
31 124
31 127
31 137
32 66
32 79
32 93
32 217
32 283
33 64
33 204
34 123
34 241
34 255
34 309
35 38
35 42
35 56
35 66
35 84
35 91
35 99
35 115
35 117
35 121
35 124
35 181
35 221
35 228
35 232
35 245
35 275
35 291
36 41
36 66
36 90
36 124
36 149
36 165
36 167
36 234
36 241
36 271
37 59
37 81
37 96
37 112
37 125
38 199
38 231
38 235
39 101
39 108
39 128
39 162
39 183
39 209
39 215
39 237
40 75
40 111
40 121
40 159
40 194
40 204
40 206
40 219
40 254
41 62
41 90
41 123
41 124
41 305
42 56
42 70
42 77
42 99
42 124
42 128
42 151
42 193
42 199
42 257
42 268
42 286
42 292
43 99
43 232
43 266
44 57
44 131
44 193
44 279
44 297
45 123
45 125
46 304
47 160
47 220
47 254
47 309
48 266
49 94
49 129
49 160
49 280
49 286
50 122
50 126
50 127
50 129
50 202
50 220
50 234
50 274
51 80
51 110
51 124
51 180
51 219
51 263
52 55
52 65
52 85
52 87
52 90
52 104
52 121
52 124
52 140
52 165
52 208
52 234
52 267
53 157
54 88
54 121
54 124
54 126
54 128
54 168
54 173
54 282
55 123
55 141
55 157
55 209
55 231
56 126
56 141
56 168
56 261
56 309
57 100
57 109
57 276
58 111
58 225
58 228
58 241
59 64
59 98
59 99
59 124
59 156
59 157
59 229
59 236
59 239
59 249
60 121
60 270
61 147
61 195
61 223
62 67
62 88
62 181
62 233
63 304
64 120
64 126
64 232
64 234
65 122
65 233
65 234
65 282
66 76
66 85
66 128
66 173
66 197
66 204
66 280
66 292
67 73
67 118
67 124
67 191
67 197
67 257
68 115
68 296
69 70
69 223
71 128
72 123
72 130
72 144
72 206
72 209
72 235
72 267
73 76
73 99
73 117
73 133
73 150
73 153
73 155
73 166
73 169
73 178
73 220
74 125
74 155
74 207
74 210
74 219
74 245
74 274
75 82
75 123
75 124
75 233
75 288
76 85
76 99
76 122
76 135
76 165
76 177
76 217
76 232
76 233
76 235
76 309
77 80
77 103
77 105
77 110
77 123
77 127
77 143
77 157
77 167
77 210
77 234
77 240
77 274
77 301
78 129
78 197
78 201
78 223
78 247
78 291
79 147
79 234
79 235
79 246
79 265
79 277
79 282
80 106
80 152
80 173
80 217
80 229
80 238
80 279
81 113
82 128
82 186
83 197
83 204
83 229
84 85
84 123
84 124
84 134
84 202
84 265
84 268
84 280
85 127
85 160
85 174
85 181
85 189
85 224
85 241
85 266
85 272
85 280
86 125
86 127
86 140
86 180
86 258
86 259
86 271
86 294
87 121
87 147
88 126
88 235
88 245
88 258
89 115
89 133
89 136
89 201
89 279
89 280
89 312
90 99
90 137
90 158
90 173
90 195
90 208
90 233
90 239
90 266
90 304
91 111
91 134
91 151
91 215
91 245
91 309
92 220
93 104
93 122
93 124
93 125
93 177
93 201
93 254
93 314
94 215
94 271
95 106
95 123
95 125
95 207
96 123
96 134
96 304
97 99
97 123
97 142
97 178
97 255
97 275
98 126
98 158
98 165
98 168
98 202
98 234
98 268
98 286
98 290
98 292
98 314
99 100
99 111
99 127
99 153
99 158
99 165
99 169
99 180
99 185
99 189
99 195
99 208
99 225
99 234
99 246
100 128
100 134
100 146
100 149
100 168
100 187
100 189
100 192
100 198
100 204
100 259
100 309
101 162
101 204
102 109
102 168
102 315
103 121
103 149
103 152
103 271
103 286
103 288
103 307
104 125
105 117
105 126
106 127
106 131
106 140
106 147
106 165
106 176
106 182
106 232
106 235
106 264
106 267
106 269
106 286
107 121
107 126
107 176
108 122
108 187
108 204
109 118
109 121
109 233
109 276
110 126
110 128
110 134
110 159
110 162
110 223
110 229
110 247
110 253
110 267
111 123
111 126
111 131
111 135
111 170
111 201
111 246
111 276
111 280
111 297
112 130
112 134
112 175
112 234
112 252
113 140
113 192
113 200
113 232
113 252
115 192
115 201
115 203
115 208
115 259
116 196
116 197
117 121
117 134
117 175
117 183
117 261
117 274
117 280
117 293
119 127
119 219
119 241
119 279
120 200
120 262
121 126
121 129
121 134
121 139
121 147
121 153
121 167
121 168
121 172
121 201
121 207
121 215
121 216
121 223
121 236
121 251
121 290
122 124
122 137
122 141
122 144
122 160
122 162
122 168
122 173
122 195
122 204
122 232
122 234
122 241
122 246
122 253
122 259
122 304
122 313
123 126
123 129
123 153
123 155
123 163
123 176
123 196
123 210
123 219
123 233
123 245
123 259
123 267
123 279
123 290
123 304
124 126
124 135
124 144
124 163
124 182
124 185
124 187
124 196
124 235
124 257
124 259
124 266
124 267
124 268
124 309
125 126
125 133
125 134
125 144
125 169
125 177
125 180
125 182
125 194
125 195
125 202
125 208
125 220
125 234
125 241
125 261
125 262
126 139
126 172
126 173
126 208
126 217
126 220
126 222
126 225
126 232
126 249
126 261
126 264
126 284
126 297
127 141
127 147
127 160
127 174
127 189
127 192
127 217
127 235
127 260
127 286
127 288
127 313
128 139
128 142
128 145
128 160
128 188
128 193
128 213
128 221
128 229
128 231
128 268
128 291
128 304
128 309
128 310
129 176
129 200
129 207
129 208
129 220
129 223
129 239
129 244
129 245
129 251
129 271
129 298
129 311
130 259
131 299
132 202
133 232
134 195
134 206
134 233
134 252
134 315
135 223
135 232
135 253
135 297
136 180
136 202
137 226
138 192
138 206
138 311
138 315
139 162
139 166
139 266
139 286
139 309
140 152
140 189
140 204
140 219
141 234
141 241
141 280
142 155
142 283
143 185
143 191
143 266
143 274
144 234
146 264
147 192
147 217
148 155
148 219
148 261
149 234
150 233
150 255
151 163
151 206
151 309
153 173
153 221
153 261
154 249
154 266
154 283
155 161
155 187
155 206
156 175
156 246
156 256
156 294
157 235
157 272
158 193
158 201
158 253
159 209
160 168
160 202
160 216
160 217
160 230
160 233
160 247
160 266
160 282
160 302
161 260
162 179
162 198
162 199
162 200
162 204
162 231
163 166
163 232
163 234
163 257
163 262
164 209
164 226
164 234
164 235
165 268
166 259
167 196
167 222
167 228
167 247
167 265
168 204
168 222
168 274
168 304
168 312
169 187
169 191
169 195
169 213
169 311
170 267
171 226
171 236
172 195
172 267
173 182
173 200
173 234
173 247
173 275
174 216
174 234
174 235
174 308
174 309
175 222
175 262
176 187
176 197
176 219
176 237
176 262
176 267
177 185
177 206
177 267
177 280
177 299
178 297
179 183
179 310
180 197
180 206
180 215
180 232
180 246
180 247
180 276
180 304
181 213
181 228
181 247
182 233
182 300
183 218
183 231
183 238
184 280
185 234
185 235
186 194
186 195
186 261
186 269
186 286
186 292
187 195
187 273
188 243
188 309
191 235
191 283
192 195
192 231
192 246
192 259
192 296
192 309
193 239
194 208
194 307
195 207
195 245
195 261
196 201
197 234
198 232
198 274
199 212
199 226
199 244
200 226
200 243
200 286
201 220
201 222
201 245
201 264
201 266
202 261
202 264
202 286
202 288
202 309
203 282
203 304
204 206
204 216
204 233
204 237
204 238
204 239
204 244
204 273
204 286
204 309
204 314
205 225
206 208
206 216
206 232
206 238
208 220
208 259
209 244
209 304
210 247
210 267
212 218
212 245
212 292
212 304
214 264
214 286
215 257
215 268
216 261
217 227
217 264
217 288
219 226
219 228
219 232
219 251
220 232
220 252
220 280
221 233
221 245
221 282
222 235
223 246
223 261
223 267
225 226
225 312
226 243
226 261
226 305
226 306
226 312
226 313
227 304
229 309
230 276
232 233
232 242
232 250
232 255
232 266
232 304
233 286
233 288
234 235
234 241
234 253
234 282
234 286
234 304
235 296
236 240
236 260
237 292
238 288
238 301
239 260
239 266
240 288
241 260
241 266
241 303
241 304
246 268
246 285
247 304
251 258
255 279
256 311
256 313
257 286
257 309
258 313
259 311
263 310
264 283
264 306
264 313
265 286
269 315
270 314
277 283
280 286
286 296
288 305
289 294
