0 125
0 168
1 7
1 160
1 266
2 6
2 17
2 24
2 120
2 125
2 127
2 135
2 167
2 219
2 237
2 253
2 259
2 279
3 121
3 199
3 266
4 15
4 99
4 129
4 131
4 152
5 7
5 11
5 32
5 33
5 37
5 44
5 83
5 113
5 124
5 157
5 188
5 220
5 266
5 280
5 282
5 297
5 304
6 34
6 40
6 44
6 66
6 76
6 86
6 91
6 214
6 260
6 271
6 286
6 298
7 77
7 125
7 128
7 139
7 228
7 241
7 250
8 129
9 23
9 40
9 41
9 124
9 140
10 40
10 127
10 162
10 212
10 217
10 219
10 233
10 260
10 280
10 282
11 166
11 283
11 286
12 181
12 194
12 211
12 232
13 36
13 40
13 49
13 81
13 99
13 105
13 126
13 127
13 136
13 181
13 192
13 204
13 220
13 233
13 243
13 273
13 304
14 81
14 110
14 128
14 144
15 41
15 54
15 206
15 232
15 233
16 87
16 128
16 187
16 208
17 29
17 33
17 43
17 99
17 128
17 132
17 204
17 241
18 155
18 226
19 76
19 131
20 24
20 99
20 155
20 235
20 304
21 214
22 40
22 105
22 122
22 174
22 228
23 30
23 69
23 79
23 121
23 273
23 274
23 313
24 61
24 76
24 124
24 185
25 100
25 309
26 28
26 40
26 67
26 123
26 128
26 222
26 246
27 255
27 292
28 99
28 112
28 147
28 164
28 279
29 49
29 73
29 91
29 138
29 155
29 168
29 220
29 233
29 266
29 272
30 234
30 247
31 125
31 193
32 34
32 132
32 143
32 168
32 177
32 274
33 95
33 124
33 216
33 279
34 127
34 198
35 38
35 42
35 51
35 53
35 59
35 110
35 111
35 126
35 129
35 147
35 178
35 233
35 234
35 271
35 286
36 39
36 66
36 75
36 122
36 123
36 127
36 133
36 152
36 178
36 215
36 226
36 292
37 86
37 94
37 170
37 172
37 191
37 195
37 198
37 206
37 249
37 261
37 265
37 304
38 129
38 177
38 222
38 245
38 248
38 250
38 275
38 292
39 59
39 79
39 128
39 147
39 257
40 49
40 50
40 56
40 57
40 67
40 68
40 77
40 122
40 133
40 160
40 180
40 183
40 204
40 279
41 84
41 112
41 123
41 127
41 206
41 234
41 235
41 309
42 51
42 62
42 111
42 124
42 128
42 142
42 192
42 279
43 163
43 216
43 231
43 264
44 90
44 99
44 167
44 246
45 197
45 297
46 190
47 86
47 124
47 125
47 204
47 265
48 94
48 299
49 123
49 195
49 216
49 226
49 234
49 247
49 262
50 90
50 134
50 170
51 95
51 99
51 138
51 139
51 166
51 169
51 193
51 199
51 207
51 231
51 234
51 293
51 304
52 55
52 68
52 73
52 84
52 126
52 128
52 163
52 184
52 207
53 220
54 115
54 160
54 179
54 204
54 215
55 76
55 131
55 219
55 275
55 314
56 107
56 117
56 123
56 134
56 153
56 155
56 159
56 174
56 262
57 99
57 133
57 198
57 233
57 259
57 269
59 100
59 123
59 127
59 144
59 192
59 194
59 223
59 237
60 223
60 249
61 83
61 128
61 140
61 166
61 181
61 197
61 216
61 291
61 302
61 315
62 171
64 100
64 183
64 232
64 279
65 95
65 105
65 124
65 127
65 261
66 90
66 98
66 119
66 121
66 123
66 236
67 72
67 122
67 169
67 226
67 227
67 302
68 127
68 177
69 121
69 122
69 124
69 201
69 207
69 235
71 137
71 237
71 298
72 106
72 127
72 161
72 246
72 276
72 279
73 126
73 151
73 186
73 187
73 207
73 241
73 242
73 262
74 77
74 134
74 191
74 206
74 241
74 246
75 84
75 129
75 155
75 212
75 230
75 250
75 259
75 305
76 99
76 106
76 119
76 123
76 129
76 140
76 166
76 200
76 208
76 220
76 240
76 245
76 278
77 90
77 95
77 110
77 122
77 125
77 127
77 135
77 136
77 139
77 173
77 180
77 183
77 208
77 234
77 241
77 247
77 257
77 304
79 99
79 213
79 252
80 100
80 188
80 223
81 181
81 204
81 296
82 181
82 199
82 307
83 228
83 280
84 90
84 158
84 215
84 236
84 304
85 91
85 105
85 124
85 127
85 143
85 183
85 192
85 201
85 204
85 245
85 257
85 261
85 264
85 304
86 122
86 166
86 208
86 250
86 309
89 94
89 121
89 123
89 218
89 232
90 91
90 93
90 94
90 95
90 99
90 100
90 112
90 124
90 125
90 129
90 130
90 132
90 142
90 158
90 164
90 170
90 197
90 206
90 219
90 264
90 267
91 258
92 112
92 199
92 216
92 233
92 240
92 304
93 134
93 257
93 266
93 305
94 127
94 133
94 246
94 276
95 115
95 200
95 226
95 255
95 299
96 118
96 160
96 193
96 230
97 111
97 168
97 195
97 218
97 237
98 99
98 102
98 122
98 232
98 234
98 265
98 305
99 110
99 117
99 121
99 123
99 129
99 137
99 158
99 159
99 177
99 180
99 232
99 239
99 240
99 241
99 309
100 126
100 135
100 149
100 152
100 160
100 163
100 187
100 197
100 207
100 233
100 243
100 246
100 259
100 264
100 274
101 128
101 129
102 129
102 234
102 280
103 134
104 105
104 157
104 226
104 232
104 292
105 126
105 238
105 241
105 252
105 268
106 123
106 154
106 178
106 198
106 280
107 129
107 153
107 168
107 199
108 153
108 168
108 239
109 175
110 117
110 121
110 127
110 159
110 199
110 233
110 283
110 314
111 112
111 135
111 170
111 232
111 235
111 277
111 291
111 298
112 123
112 125
112 129
112 158
112 178
112 232
112 235
113 129
113 144
113 193
114 123
114 197
114 259
114 313
115 160
115 233
115 236
116 128
117 123
117 125
117 202
117 304
118 185
118 192
118 202
119 124
119 142
120 127
120 163
120 193
120 268
120 309
121 122
121 123
121 124
121 125
121 126
121 128
121 158
121 174
121 186
121 189
121 203
121 207
121 216
121 221
121 231
121 232
121 238
121 245
121 254
121 266
121 309
122 126
122 127
122 131
122 134
122 140
122 153
122 158
122 159
122 160
122 180
122 214
122 216
122 218
122 234
122 243
122 244
122 246
122 265
122 278
122 290
122 309
123 133
123 151
123 162
123 163
123 165
123 170
123 180
123 183
123 196
123 206
123 220
123 257
123 258
123 259
123 278
123 279
123 296
124 126
124 128
124 129
124 135
124 138
124 139
124 151
124 157
124 160
124 192
124 193
124 207
124 216
124 217
124 250
124 257
124 271
124 293
124 299
124 308
124 311
125 127
125 129
125 141
125 156
125 163
125 168
125 173
125 215
125 220
125 226
125 231
125 241
125 268
125 275
125 282
125 297
125 309
125 314
126 129
126 132
126 134
126 177
126 185
126 189
126 193
126 195
126 201
126 202
126 204
126 206
126 219
126 232
126 241
126 257
126 264
126 286
127 159
127 163
127 188
127 189
127 202
127 207
127 220
127 224
127 226
127 231
127 234
127 241
127 271
127 279
127 304
127 309
128 135
128 140
128 141
128 185
128 191
128 212
128 213
128 214
128 221
128 226
128 228
128 232
128 252
128 255
128 257
128 273
128 279
128 304
129 167
129 186
129 202
129 204
129 209
129 212
129 223
129 232
129 247
129 263
129 265
129 266
129 281
130 134
130 138
130 236
130 268
131 187
131 233
131 256
131 304
131 313
132 160
132 247
133 192
133 223
133 224
133 284
134 141
134 202
134 246
134 267
134 280
134 288
135 168
135 210
136 147
136 275
137 231
137 233
137 267
137 297
138 234
139 152
139 202
139 232
139 252
140 157
140 195
140 220
140 234
140 264
140 279
141 189
142 226
142 265
143 210
143 233
143 266
143 267
144 232
144 309
145 234
145 276
146 200
147 161
147 163
147 218
147 261
148 184
148 279
149 269
150 168
151 192
151 228
152 187
153 190
153 228
154 303
154 312
155 168
155 187
155 217
155 226
155 282
156 157
156 234
157 177
157 234
158 180
158 232
158 234
158 245
158 264
159 226
159 235
160 165
160 168
160 177
160 198
160 202
160 204
160 259
161 167
161 203
161 216
161 221
161 299
162 240
162 243
162 250
163 234
163 274
164 233
164 309
165 174
165 220
165 233
165 236
166 228
166 233
166 258
166 267
166 304
166 311
168 219
168 237
168 241
168 252
168 274
168 283
168 309
169 209
169 221
169 239
169 286
170 185
170 283
170 314
171 238
172 219
172 280
173 232
173 233
173 249
173 286
173 312
174 216
174 235
176 204
177 278
178 236
179 226
180 221
180 292
181 200
181 257
182 209
183 209
183 235
183 274
183 309
184 266
185 186
186 245
187 266
188 199
188 233
188 245
188 268
189 192
189 235
189 262
190 246
190 275
191 257
192 247
192 279
195 206
195 232
195 265
195 266
195 284
195 309
196 268
200 278
200 297
200 312
201 238
201 241
201 259
201 261
201 277
202 226
202 234
202 259
202 304
204 213
204 216
204 224
204 226
204 227
204 234
204 243
204 293
204 309
205 215
205 241
205 262
206 220
206 226
208 261
208 304
211 264
212 218
212 279
216 234
218 219
218 226
218 234
218 279
219 232
219 233
219 279
219 291
219 305
219 309
220 228
220 264
221 232
221 235
221 257
223 297
224 298
225 300
225 307
226 235
226 241
226 243
226 268
226 275
226 276
226 304
226 309
227 309
228 234
228 266
228 286
231 235
232 235
232 253
232 257
232 278
232 309
233 236
233 237
233 263
233 264
233 268
233 282
233 284
233 302
234 279
234 309
235 240
235 243
238 266
238 267
240 241
241 246
243 299
243 309
243 311
245 278
245 283
246 291
247 273
247 280
249 269
251 288
252 306
253 274
253 301
257 280
257 309
261 286
261 309
262 277
263 314
264 279
268 279
268 309
278 304
280 303
291 308
292 302
