0 21
0 208
1 2
1 50
1 105
1 122
1 127
1 182
1 233
1 234
1 309
2 35
2 121
2 122
2 126
2 174
2 200
2 217
2 224
2 228
2 234
2 236
2 243
3 24
3 35
3 39
3 100
3 109
3 126
3 208
3 223
3 228
3 309
4 51
4 87
4 124
4 125
4 127
4 182
4 220
5 8
5 10
5 27
5 61
5 90
5 91
5 112
5 122
5 139
5 157
5 159
5 171
5 193
5 204
5 216
5 247
5 259
6 32
6 35
6 36
6 42
6 58
6 77
6 103
6 125
6 223
6 288
7 98
7 115
7 122
7 140
7 169
7 172
7 180
7 192
7 204
7 233
7 271
7 285
7 314
8 100
8 135
9 186
9 221
9 294
10 32
10 35
10 52
10 66
10 93
10 122
10 134
10 174
10 189
11 109
11 135
11 181
11 185
12 62
12 83
12 130
12 138
12 220
12 266
13 17
13 40
13 47
13 70
13 108
13 128
13 140
13 183
13 190
13 197
13 217
13 223
13 278
13 305
14 32
14 77
14 209
14 233
14 297
15 61
15 110
15 125
15 204
16 66
16 76
16 222
17 29
17 35
17 57
17 106
17 114
17 124
17 150
18 82
18 127
18 139
18 233
18 241
18 276
18 284
19 36
19 64
19 95
19 228
19 272
20 160
20 204
20 235
20 287
21 36
21 110
21 155
22 27
22 49
22 59
22 86
22 104
22 107
22 160
22 253
23 177
23 188
23 195
23 217
23 232
23 240
23 284
23 297
24 54
24 116
24 204
24 261
24 265
25 50
25 92
25 158
26 241
27 54
27 73
27 134
27 260
27 261
28 46
28 51
28 52
28 108
28 141
28 241
28 257
28 271
28 304
29 32
29 100
29 147
30 31
30 70
30 206
31 76
31 90
31 129
31 130
31 144
31 178
31 241
32 37
32 99
32 110
32 132
32 139
32 163
32 257
33 124
33 180
33 230
34 126
34 129
34 137
34 150
34 246
34 299
35 70
35 75
35 93
35 121
35 126
35 127
35 167
35 182
35 199
35 226
35 233
35 241
35 270
35 304
36 80
36 81
36 88
36 89
36 90
36 206
36 220
36 226
36 233
36 260
37 57
37 59
37 77
37 104
37 106
37 125
37 128
38 143
38 168
38 313
39 128
39 234
39 303
40 52
40 84
40 113
40 118
40 125
40 129
40 138
40 158
40 213
40 229
40 232
40 234
40 282
41 130
41 131
41 144
41 160
41 201
41 203
41 232
41 304
42 85
42 93
42 121
42 182
42 223
42 233
42 263
42 274
43 122
43 153
43 217
43 233
43 266
44 50
44 87
44 177
44 292
45 125
45 226
47 57
47 81
47 143
47 279
49 72
49 75
49 163
49 232
51 52
51 54
51 89
51 117
51 122
51 159
51 160
52 69
52 75
52 99
52 100
52 115
52 129
52 204
52 229
52 297
52 313
53 106
53 117
53 128
53 238
54 55
54 125
54 164
54 214
54 233
54 241
54 262
54 268
54 279
54 301
55 115
55 163
55 170
55 173
55 186
56 72
56 122
56 156
56 158
56 198
57 129
57 134
57 223
57 267
57 292
58 59
58 100
58 111
58 159
59 70
59 86
59 121
59 122
59 123
59 127
59 128
59 129
59 135
59 170
59 180
59 197
59 216
59 226
59 232
59 237
59 309
59 312
60 124
60 128
60 197
60 215
60 294
61 107
61 123
61 129
61 160
61 171
61 207
61 221
61 279
62 241
62 244
62 246
63 127
64 103
64 250
64 305
65 125
65 177
65 219
66 77
66 87
66 95
66 135
66 141
66 196
66 220
66 257
67 123
67 130
67 135
67 192
68 85
68 100
68 181
68 245
69 129
69 176
70 82
70 183
70 261
71 222
71 233
71 264
72 124
72 127
72 180
72 189
72 220
73 76
73 85
73 89
73 120
73 126
73 128
73 129
73 160
73 219
73 225
73 290
73 315
74 99
74 229
74 233
75 204
75 275
76 91
76 99
76 125
76 127
76 131
76 170
76 195
76 200
76 214
76 224
76 226
76 235
76 243
76 268
76 308
76 314
77 127
77 153
77 165
77 180
77 196
77 203
77 213
77 218
77 220
77 223
77 235
77 264
77 273
77 309
79 122
79 197
80 232
80 259
80 266
81 108
81 140
81 232
81 302
82 178
82 203
82 204
82 220
82 238
82 309
83 131
83 266
84 100
84 127
84 139
84 167
84 170
84 171
84 179
84 206
84 226
84 233
84 263
85 108
85 121
85 235
85 266
85 311
86 99
86 121
86 235
86 315
87 100
87 119
87 134
87 156
87 223
88 125
88 127
88 208
89 90
89 107
89 120
89 123
89 127
89 167
89 193
89 195
89 206
89 225
89 283
90 99
90 101
90 111
90 127
90 140
90 141
90 144
90 177
90 186
90 214
90 238
90 243
90 271
90 288
90 292
90 302
90 308
91 100
91 134
91 170
91 233
92 108
92 122
92 200
93 129
93 138
93 204
93 226
93 236
94 234
94 238
95 139
95 206
95 226
95 247
95 275
95 308
96 227
97 148
97 199
97 222
97 233
98 99
98 122
98 124
98 137
98 180
98 232
98 240
99 111
99 121
99 122
99 123
99 124
99 126
99 129
99 134
99 153
99 170
99 204
99 218
99 233
99 234
99 235
99 304
100 103
100 114
100 122
100 124
100 137
100 157
100 171
100 196
100 234
100 235
100 241
100 261
101 182
101 266
101 302
103 111
103 156
103 223
103 296
104 153
104 212
104 233
105 116
105 127
105 128
105 151
105 219
105 272
105 310
106 117
106 183
106 246
106 309
107 134
107 264
107 265
108 114
108 121
108 221
108 263
109 129
109 226
109 234
110 124
110 128
110 140
110 163
110 207
110 259
110 309
111 125
111 129
111 209
111 246
111 253
111 261
111 273
112 127
112 136
112 141
114 311
115 160
115 309
116 128
116 164
116 165
116 209
116 311
117 135
117 157
117 179
117 218
117 234
117 270
117 288
119 121
119 128
119 154
119 210
119 236
120 130
120 153
120 162
120 185
120 192
120 195
120 226
121 123
121 134
121 140
121 143
121 167
121 168
121 172
121 173
121 180
121 189
121 190
121 192
121 203
121 206
121 215
121 228
121 232
121 235
121 238
121 246
121 247
121 264
121 271
121 278
121 279
121 288
122 137
122 143
122 144
122 149
122 155
122 171
122 209
122 221
122 231
122 234
122 245
122 249
122 266
122 279
122 282
122 290
122 299
122 301
122 302
122 315
123 124
123 126
123 144
123 152
123 166
123 172
123 193
123 195
123 220
123 224
123 226
123 234
123 250
123 266
123 273
123 276
123 279
123 288
123 295
123 304
124 125
124 126
124 153
124 160
124 165
124 174
124 176
124 179
124 195
124 201
124 202
124 203
124 204
124 232
124 234
124 264
124 278
125 128
125 143
125 148
125 176
125 180
125 192
125 222
125 223
125 226
125 230
125 234
125 235
125 266
125 292
125 304
125 305
125 313
126 135
126 140
126 192
126 198
126 199
126 218
126 232
126 238
126 240
126 252
126 254
126 255
126 256
126 311
127 128
127 144
127 148
127 149
127 153
127 185
127 195
127 201
127 217
127 219
127 220
127 222
127 235
127 240
127 245
127 261
127 263
127 266
127 273
127 297
127 309
128 142
128 144
128 145
128 160
128 162
128 167
128 173
128 181
128 204
128 218
128 234
128 237
129 160
129 161
129 165
129 180
129 190
129 197
129 219
129 232
129 245
129 247
129 252
129 253
129 256
129 309
129 315
131 158
131 271
132 232
134 153
134 226
134 235
134 238
134 259
134 264
134 280
134 309
135 234
135 260
135 261
135 264
138 263
139 188
139 215
140 232
140 265
140 279
140 292
142 152
142 160
142 286
143 170
143 181
143 191
143 192
143 218
143 235
143 252
143 279
144 266
145 166
145 182
145 243
145 309
147 287
148 221
148 266
149 174
151 234
152 185
152 206
152 235
152 259
152 274
152 302
153 180
153 309
154 223
154 279
154 286
154 309
155 182
155 190
155 220
155 232
155 264
155 280
155 299
156 239
157 259
158 202
158 231
158 255
158 266
158 267
159 223
159 234
160 189
160 199
160 215
160 221
160 223
160 225
160 266
160 275
160 279
160 280
160 296
160 304
160 309
161 189
161 215
161 223
162 182
162 234
162 256
163 193
163 202
163 204
163 223
163 277
164 287
165 178
165 241
165 287
166 234
166 241
166 269
167 218
167 250
167 309
168 183
168 203
168 240
168 267
169 223
169 238
171 197
171 198
171 216
172 246
174 181
174 253
174 264
174 288
175 188
176 181
176 210
176 233
176 268
176 299
177 302
178 223
178 235
178 259
179 283
180 185
180 279
180 286
180 308
180 309
182 215
182 237
183 233
183 234
183 273
183 274
183 278
185 192
185 220
185 247
185 287
185 314
186 195
186 233
186 243
187 254
188 232
188 239
189 197
189 234
190 216
192 264
192 288
193 232
195 206
195 272
195 312
197 271
198 200
198 247
200 203
200 206
200 243
200 266
200 274
200 275
200 293
201 216
201 243
201 259
202 215
202 224
204 232
204 243
204 247
204 298
204 302
205 263
206 241
206 261
206 277
207 223
207 232
208 274
208 288
210 253
210 296
210 304
212 223
212 288
214 232
214 255
214 260
214 277
215 233
215 267
215 272
216 278
217 266
217 267
218 231
218 263
219 250
219 281
219 299
220 228
220 233
220 240
220 315
221 235
221 241
221 284
222 233
222 257
223 226
223 267
223 280
224 234
225 238
225 241
226 238
226 267
226 274
226 309
228 259
229 271
230 234
231 264
232 234
232 236
232 262
232 293
233 250
233 262
233 292
233 297
233 307
234 238
234 246
234 312
235 280
236 238
237 266
241 246
241 252
241 266
241 273
242 309
243 264
243 266
245 286
247 257
247 266
247 311
252 269
252 304
254 266
257 260
263 311
266 272
271 292
274 279
275 311
276 309
277 279
280 291
281 288
282 313
286 309
292 309
297 309
302 309
304 308
