0 80
1 4
1 36
1 156
2 35
2 38
2 52
2 140
2 183
2 212
2 215
2 228
2 247
3 7
3 55
3 103
3 111
3 145
3 171
3 202
3 212
3 248
5 32
5 98
5 100
5 121
5 122
5 125
5 134
5 140
5 227
5 233
5 236
5 241
5 263
5 264
5 287
5 288
6 28
6 72
6 76
6 111
6 127
6 133
6 147
6 176
6 202
6 226
6 238
6 266
6 283
6 304
7 17
7 37
7 57
7 65
7 75
7 100
7 108
7 117
7 121
7 125
7 168
7 170
7 192
7 204
7 296
9 54
9 172
9 221
9 235
9 241
10 43
10 127
10 128
10 167
10 218
10 226
11 36
11 205
11 218
11 226
11 250
12 37
12 83
12 84
12 110
12 149
12 174
12 204
12 223
12 233
13 17
13 61
13 69
13 129
13 160
13 229
13 253
13 266
14 200
14 206
14 213
14 243
14 274
14 282
14 283
15 81
16 50
16 234
17 35
17 41
17 116
17 121
17 128
17 214
17 233
17 266
17 285
17 299
18 171
18 199
18 252
19 110
19 188
20 55
20 137
20 143
20 163
20 180
20 195
20 204
20 234
20 272
20 276
21 184
22 30
22 90
22 124
22 225
22 237
23 86
23 95
23 125
23 126
23 127
23 169
23 181
23 206
23 261
23 266
24 30
24 96
24 121
24 206
24 234
24 235
24 296
25 131
25 226
26 111
26 231
27 63
27 223
28 85
28 89
28 299
29 66
29 73
29 99
29 122
29 124
29 134
29 136
29 153
29 180
29 214
29 223
29 226
29 243
29 267
29 314
30 66
30 80
30 100
30 140
30 169
30 213
30 252
31 32
31 124
31 206
31 249
32 46
32 76
32 215
33 186
33 266
34 37
34 121
34 122
34 128
34 226
34 233
34 289
35 69
35 75
35 81
35 130
35 135
35 140
35 147
35 148
35 166
35 182
35 189
35 193
35 218
35 223
35 225
35 226
35 241
35 261
36 80
36 88
36 90
36 125
36 178
36 201
36 208
36 233
36 235
36 267
36 286
37 111
37 125
37 174
37 175
38 90
38 306
39 68
39 125
39 127
39 129
39 161
39 177
39 187
39 217
39 232
39 252
39 296
39 299
40 47
40 62
40 87
40 105
40 122
40 124
40 129
40 155
40 158
40 192
40 203
40 204
40 263
40 266
40 279
40 309
41 75
41 85
41 100
41 226
41 285
41 304
42 75
42 93
42 125
42 127
42 168
42 304
43 76
43 264
44 108
44 122
44 161
44 163
44 180
44 212
44 233
44 279
46 58
46 107
46 121
46 283
47 124
47 223
47 231
48 195
49 100
49 141
49 183
49 192
49 224
49 235
49 268
49 309
50 106
50 257
51 92
51 122
51 200
51 227
51 240
52 83
52 99
52 102
52 126
52 223
52 225
52 238
52 257
53 98
53 273
54 77
54 128
54 162
54 247
55 57
55 121
55 126
55 223
55 233
55 309
56 85
56 112
56 125
56 147
56 150
56 151
56 168
56 178
56 315
57 99
57 127
57 132
57 221
57 225
57 236
58 125
58 226
58 309
59 76
59 94
59 110
59 128
59 198
59 212
59 252
59 280
59 292
60 106
60 240
61 77
61 134
61 234
61 236
61 279
61 315
62 76
62 235
62 245
63 72
63 175
64 105
65 72
65 86
65 126
65 166
65 202
65 257
66 128
66 219
66 238
66 276
67 84
67 115
67 121
67 126
67 181
67 234
67 299
68 102
68 195
68 229
69 162
69 266
69 268
70 107
70 171
70 187
70 259
71 86
71 144
72 77
72 123
72 127
72 156
72 168
72 220
72 264
72 302
73 79
73 111
73 144
73 160
73 197
73 232
73 234
73 267
74 90
74 126
74 169
74 233
74 241
75 85
75 100
75 124
75 125
75 129
75 131
75 186
75 220
75 255
75 280
75 294
76 89
76 126
76 135
76 136
76 163
76 185
76 202
76 222
76 223
76 226
76 232
76 265
76 309
77 92
77 111
77 126
77 127
77 129
77 180
77 186
77 187
77 195
77 224
77 231
77 234
77 238
77 252
77 260
77 261
77 279
79 100
79 153
79 173
79 192
79 223
80 99
80 121
80 122
80 127
80 128
80 134
80 204
80 249
80 292
81 96
81 121
81 127
81 140
81 157
81 178
81 247
81 251
81 307
82 129
82 238
82 286
82 312
83 182
83 241
83 250
83 272
83 295
84 125
84 271
84 273
85 102
85 151
85 199
85 201
85 216
85 258
85 275
85 291
86 125
86 180
86 227
87 112
87 121
87 124
87 235
88 125
88 171
88 277
88 291
89 107
89 127
89 128
89 173
89 226
89 227
89 246
89 268
89 279
89 314
90 95
90 103
90 121
90 122
90 124
90 125
90 127
90 139
90 151
90 153
90 198
90 214
90 220
91 111
91 140
91 227
92 126
92 186
92 315
93 106
93 124
93 127
93 140
93 158
93 266
93 267
93 292
94 197
95 123
95 125
95 129
95 139
95 153
95 157
95 201
95 214
95 222
95 265
97 210
98 109
98 115
98 125
98 152
98 169
99 121
99 124
99 147
99 192
99 204
99 221
99 234
99 235
99 246
99 257
99 298
99 306
99 308
100 122
100 125
100 128
100 188
100 210
100 224
100 232
100 238
100 254
100 299
100 309
101 125
101 138
102 103
102 107
102 126
102 157
102 283
103 206
104 124
104 173
104 249
104 308
105 108
105 140
105 185
105 195
105 257
106 154
106 185
107 129
107 188
107 232
107 277
108 214
108 227
108 233
108 234
108 258
110 128
110 174
110 175
110 243
110 267
110 297
110 309
111 235
111 238
111 266
111 285
111 288
112 126
112 192
113 122
113 131
113 166
113 265
113 279
113 304
114 226
114 243
114 268
115 234
115 266
117 158
117 189
117 206
117 214
117 223
117 238
117 249
117 266
117 290
118 134
119 121
119 122
119 220
120 129
120 186
121 122
121 123
121 124
121 127
121 134
121 144
121 161
121 173
121 175
121 178
121 182
121 192
121 235
121 238
121 239
121 267
121 278
121 279
121 288
122 125
122 134
122 137
122 139
122 140
122 147
122 160
122 168
122 186
122 189
122 202
122 207
122 209
122 215
122 221
122 224
122 233
122 234
122 263
122 266
122 298
123 126
123 129
123 138
123 157
123 166
123 189
123 204
123 226
123 249
123 265
123 283
123 286
123 289
123 296
123 300
123 304
123 305
123 308
123 309
124 164
124 169
124 173
124 187
124 195
124 204
124 216
124 232
124 243
124 247
124 262
124 299
125 127
125 134
125 152
125 158
125 160
125 175
125 195
125 202
125 204
125 221
125 228
125 241
125 265
125 267
125 285
125 292
126 127
126 129
126 135
126 140
126 142
126 153
126 168
126 174
126 178
126 183
126 185
126 187
126 215
126 217
126 226
126 233
126 273
126 275
126 290
126 291
126 296
127 129
127 146
127 149
127 168
127 175
127 182
127 196
127 206
127 212
127 221
127 222
127 225
127 230
127 232
127 235
127 279
128 129
128 140
128 166
128 168
128 169
128 201
128 204
128 207
128 217
128 259
128 273
129 147
129 159
129 222
129 229
129 237
129 241
129 279
129 309
130 214
131 159
131 184
131 240
132 142
132 161
134 138
134 153
134 165
134 179
134 188
134 201
134 212
134 235
134 240
134 302
134 304
134 313
135 160
135 170
135 174
135 199
135 217
135 231
135 232
135 234
135 236
135 240
136 161
136 172
137 170
137 181
137 249
137 285
137 303
139 154
139 165
139 193
139 206
139 226
139 233
139 271
139 309
140 275
141 160
141 206
141 209
141 235
141 236
141 271
142 250
143 155
143 218
143 266
143 304
144 163
144 218
144 304
145 213
145 273
147 233
147 266
149 162
150 210
151 195
151 220
151 233
151 241
152 204
152 223
152 255
153 171
154 185
154 189
154 260
155 264
155 275
156 279
157 180
157 233
157 252
158 162
158 231
158 232
158 280
159 203
159 226
160 166
160 191
160 207
160 219
160 227
160 232
160 233
160 294
161 187
161 239
161 243
162 163
162 174
162 218
162 220
162 271
162 290
162 305
162 309
163 200
163 203
163 209
163 252
164 256
164 304
165 202
165 232
165 272
166 189
166 304
168 255
168 267
168 307
169 212
169 226
169 234
169 266
169 309
170 174
170 201
170 202
171 309
172 266
173 217
173 224
173 235
174 267
174 297
175 203
175 279
175 315
176 197
177 183
177 225
178 241
178 268
178 304
180 204
180 247
181 197
182 231
182 232
182 241
182 266
182 304
183 295
185 210
185 312
186 285
187 195
187 243
188 275
189 266
190 286
191 204
191 206
191 287
191 315
192 234
193 246
193 253
193 258
194 246
195 221
197 206
197 278
198 232
198 241
198 243
199 309
201 218
201 233
201 247
201 252
201 278
201 309
202 298
203 304
203 315
204 215
204 216
204 246
204 271
204 285
204 313
206 220
206 232
207 222
209 223
209 233
209 241
209 245
209 264
210 220
210 302
212 278
212 309
213 266
215 219
216 223
216 241
216 247
219 231
219 239
219 299
219 309
220 274
221 232
221 241
221 268
222 233
222 254
222 259
222 293
223 233
223 313
224 238
224 296
225 272
226 230
226 235
226 237
226 241
226 244
226 266
226 285
226 292
226 312
227 281
228 259
228 279
230 241
230 278
231 233
231 236
231 297
232 241
232 245
232 250
232 254
232 267
232 274
232 278
232 288
232 313
233 269
233 274
233 283
233 287
233 304
233 305
234 235
234 239
234 251
234 304
234 311
235 257
235 264
235 266
235 267
235 280
235 304
235 314
238 265
238 304
239 250
241 309
243 286
244 253
247 309
252 282
253 279
253 292
255 264
255 279
259 274
259 279
261 265
261 268
262 314
265 309
266 274
266 289
271 276
275 279
276 283
278 289
279 291
280 304
280 309
287 307
288 296
292 304
292 309
293 308
