0 18
0 35
0 109
0 124
0 125
0 176
0 219
0 232
1 125
1 126
1 129
2 14
2 59
2 67
2 89
2 90
2 99
2 124
2 125
2 243
3 39
3 204
3 234
3 240
4 17
4 24
4 90
4 192
4 211
5 13
5 29
5 54
5 80
5 84
5 91
5 117
5 126
5 127
5 134
5 135
5 157
5 178
5 181
5 204
5 219
5 226
5 243
5 261
5 266
5 309
6 7
6 122
6 138
6 162
6 197
6 265
6 287
6 292
6 307
7 21
7 59
7 126
7 127
7 159
7 174
7 178
7 181
7 204
7 234
7 267
8 66
8 100
8 217
9 22
9 234
9 300
10 100
10 124
10 130
10 200
10 210
10 226
11 77
11 112
12 24
12 76
12 115
12 178
12 201
12 271
12 296
12 309
13 17
13 66
13 81
13 160
13 163
13 228
13 280
13 302
13 315
14 130
14 174
14 219
14 221
14 226
14 309
15 18
15 151
15 186
15 189
16 54
16 126
16 167
16 204
16 226
16 250
16 285
17 66
17 90
17 111
17 116
17 128
17 132
17 142
17 173
17 181
17 207
17 219
17 234
17 261
17 266
17 277
17 292
18 204
19 40
19 65
19 98
19 126
19 271
20 43
20 75
20 139
20 142
20 163
20 186
20 212
20 269
20 271
20 288
21 124
21 128
21 233
22 77
22 103
22 110
22 172
22 304
23 37
23 233
24 51
24 52
24 91
24 126
24 162
24 232
24 233
25 52
25 95
25 155
25 180
25 211
25 274
26 96
26 100
26 127
27 40
27 139
28 31
28 36
28 74
28 84
28 124
28 135
28 143
28 194
28 313
29 55
29 93
29 156
29 158
29 183
29 189
29 266
30 90
30 125
30 180
31 36
31 115
31 132
31 182
31 238
31 243
31 244
31 273
32 51
32 134
32 173
32 259
32 275
33 124
33 160
33 169
33 280
34 39
34 84
34 114
34 137
34 170
34 198
34 234
34 235
34 266
34 304
35 48
35 98
35 99
35 117
35 127
35 134
35 190
35 201
35 226
35 247
35 252
35 255
35 264
35 293
36 40
36 74
36 112
36 116
36 121
36 127
36 134
36 147
36 226
36 257
36 266
36 288
37 42
37 53
37 85
37 89
37 93
37 126
37 128
37 167
37 178
37 199
39 119
39 135
39 185
39 229
39 238
39 247
40 52
40 111
40 122
40 124
40 134
40 165
40 167
40 171
40 201
40 226
40 232
40 266
40 279
40 289
41 56
41 67
41 99
41 107
41 127
41 141
41 160
41 176
41 180
41 247
42 81
42 105
42 108
42 130
42 135
42 137
42 173
42 232
43 52
43 61
43 125
43 266
43 277
44 72
44 91
44 126
45 212
46 70
46 133
46 169
46 237
46 239
47 123
47 144
47 246
47 253
47 303
48 132
48 166
49 109
49 160
49 195
49 249
49 299
50 114
50 147
51 59
51 85
51 97
51 99
51 170
51 205
51 245
51 309
52 95
52 108
52 123
52 125
52 126
52 129
52 163
52 174
52 221
52 287
53 152
53 169
53 314
54 99
54 123
54 197
54 232
54 235
54 265
54 290
54 314
55 108
55 140
55 146
55 292
55 313
56 122
56 192
56 235
57 89
57 106
57 124
57 128
57 144
57 166
57 202
57 286
58 127
58 200
59 68
59 137
59 143
59 166
60 98
60 123
60 197
60 232
61 75
61 259
61 265
62 117
62 170
62 224
62 232
62 235
62 236
64 66
64 264
64 313
64 314
65 314
66 75
66 76
66 84
66 99
66 166
67 90
67 117
67 195
67 226
67 265
68 149
68 160
68 195
69 125
69 193
69 226
69 297
70 79
70 82
70 84
70 153
70 203
70 220
70 233
70 235
70 266
71 139
71 201
72 99
72 163
72 278
72 295
73 74
73 100
73 121
73 125
73 146
73 163
73 309
74 76
74 85
74 93
74 198
74 204
74 218
74 241
75 93
75 110
75 122
75 129
75 166
75 176
75 218
75 232
75 277
76 97
76 121
76 142
76 159
76 160
76 201
76 210
76 219
76 226
76 227
76 247
76 265
76 303
76 304
76 305
77 85
77 112
77 126
77 128
77 139
77 180
77 198
77 267
77 279
77 304
77 307
77 311
78 85
78 104
78 168
78 286
79 182
79 192
79 201
79 246
79 263
80 221
80 233
81 133
81 142
83 103
83 201
83 206
83 239
83 247
84 157
84 280
84 292
85 122
85 123
85 124
85 127
85 132
85 169
85 183
85 229
85 241
85 292
85 298
85 314
86 163
86 209
86 212
86 221
86 285
87 117
87 139
87 166
87 234
87 243
88 216
89 109
89 126
89 128
89 143
89 153
89 154
89 183
89 220
89 230
89 232
90 95
90 99
90 116
90 128
90 134
90 135
90 175
90 186
90 195
90 235
90 260
90 286
91 166
91 189
91 235
91 309
92 125
92 127
92 147
93 158
94 163
94 204
94 238
95 134
95 158
95 189
95 198
96 261
96 266
96 309
97 129
97 310
97 314
98 116
98 141
98 226
98 234
98 279
99 100
99 127
99 129
99 141
99 147
99 181
99 226
99 243
99 280
99 302
100 116
100 124
100 129
100 149
100 155
100 168
100 178
100 206
100 220
100 221
100 222
100 226
100 233
100 235
100 299
102 123
102 155
103 122
104 122
104 128
104 216
105 127
105 133
105 195
105 204
105 262
105 292
106 217
106 222
107 124
107 125
107 152
107 187
107 243
108 160
108 206
110 124
110 129
110 203
110 205
110 209
110 223
110 226
110 299
110 309
110 314
111 136
111 148
111 182
111 185
111 259
111 273
111 280
112 121
112 128
112 135
112 160
112 187
112 227
112 228
113 121
114 199
115 127
115 156
115 222
115 235
116 219
116 260
117 122
117 127
117 166
117 271
118 168
118 189
118 277
120 124
120 125
120 129
120 214
121 124
121 126
121 149
121 158
121 172
121 178
121 180
121 184
121 189
121 207
121 209
121 220
121 224
121 235
121 236
121 238
121 257
121 259
121 264
121 275
121 296
121 298
122 123
122 126
122 150
122 159
122 170
122 171
122 174
122 181
122 185
122 199
122 204
122 214
122 218
122 235
122 239
122 244
122 266
122 271
122 290
122 309
123 124
123 125
123 126
123 132
123 165
123 180
123 188
123 210
123 212
123 216
123 226
123 227
123 229
123 232
123 237
123 271
123 277
123 290
124 126
124 127
124 128
124 209
124 216
124 220
124 224
124 226
124 234
124 239
124 264
124 272
124 304
124 307
124 311
124 312
125 168
125 172
125 176
125 180
125 201
125 219
125 223
125 233
125 235
125 237
125 243
125 312
125 315
126 127
126 138
126 166
126 169
126 210
126 214
126 230
126 235
126 238
126 282
126 293
126 304
126 309
127 143
127 145
127 147
127 154
127 158
127 160
127 162
127 167
127 182
127 188
127 219
127 232
127 259
127 264
128 139
128 141
128 160
128 204
128 219
128 223
128 234
128 247
128 266
128 279
128 299
128 301
128 302
129 136
129 137
129 138
129 157
129 163
129 177
129 185
129 207
129 231
129 232
129 266
129 276
129 291
129 304
129 309
130 215
130 234
130 257
130 274
131 264
132 259
133 143
133 169
133 199
133 214
133 249
133 297
134 143
134 154
134 158
134 162
134 176
134 185
134 188
134 217
134 218
134 226
134 232
134 236
134 246
134 247
134 276
134 279
134 289
134 304
135 137
135 146
135 207
135 239
135 252
135 309
136 232
136 269
137 145
137 220
137 271
137 294
137 304
139 157
139 220
139 226
139 238
140 148
140 152
140 173
140 182
140 241
141 288
141 309
142 223
143 199
143 207
143 226
143 230
143 271
143 313
144 201
144 204
144 241
144 273
145 204
147 155
147 214
147 233
147 288
148 275
149 197
151 223
152 216
152 304
153 215
153 219
154 157
154 162
154 186
154 263
154 265
155 199
155 244
156 234
156 266
157 265
157 304
158 162
158 169
158 170
158 203
158 209
158 215
158 222
158 226
158 228
158 232
158 299
159 232
159 261
160 224
160 232
160 263
160 309
161 195
161 288
162 166
162 265
162 271
162 278
163 211
163 234
166 189
166 202
166 217
166 271
166 309
168 219
168 232
168 252
168 308
168 314
169 171
169 202
169 222
169 226
169 234
171 208
171 262
172 243
172 283
173 213
173 215
173 272
173 279
176 181
176 268
176 275
177 226
178 223
178 269
179 299
179 310
180 188
180 233
180 250
180 261
181 200
182 202
183 195
183 266
183 288
185 226
185 279
185 303
186 189
186 215
187 225
187 272
187 280
188 191
188 271
189 227
189 271
190 195
192 221
192 233
192 257
192 273
192 276
193 250
194 278
195 232
195 297
196 233
196 280
199 215
200 243
200 257
200 291
201 202
201 252
201 266
201 307
202 262
203 217
203 219
204 220
204 225
204 226
204 242
204 247
204 255
204 264
204 267
206 294
206 311
208 235
209 247
212 299
214 233
214 246
214 290
215 224
215 253
216 220
216 226
217 218
217 220
218 225
218 233
218 235
219 223
219 241
219 260
220 226
220 232
220 261
220 308
221 227
221 234
223 226
223 234
223 313
224 273
226 234
226 266
226 288
227 261
228 248
228 267
228 272
228 276
228 288
229 232
229 234
229 292
230 240
232 238
232 255
232 261
232 263
232 264
232 265
232 267
232 272
232 273
232 280
232 291
232 299
232 310
233 249
233 271
233 283
233 311
234 267
234 275
234 304
234 315
235 243
235 261
235 266
235 273
235 288
235 292
235 310
235 311
236 285
238 304
239 263
240 272
240 292
241 250
241 292
246 262
252 266
252 309
253 282
257 282
259 269
259 281
260 262
261 262
262 276
265 266
265 290
266 279
266 288
266 304
269 309
272 275
272 299
274 302
274 309
279 310
286 309
288 292
304 306
309 313
