0 73
0 89
0 195
0 210
1 65
1 235
2 37
2 59
2 106
2 122
2 125
2 209
3 51
3 86
3 128
3 141
3 191
3 197
3 201
3 269
3 276
3 299
4 26
4 29
4 40
4 74
4 117
4 163
4 184
4 232
4 239
4 241
4 246
4 247
4 273
5 6
5 19
5 41
5 73
5 89
5 90
5 145
5 151
5 168
5 176
5 189
5 197
6 84
6 86
6 92
6 122
6 134
6 151
6 204
7 42
7 72
7 76
7 129
7 146
7 158
7 163
7 176
7 219
7 229
8 200
8 311
9 36
9 39
9 52
9 108
10 74
10 102
10 121
10 122
10 130
10 157
10 219
10 257
11 24
11 77
11 122
11 186
11 206
11 263
11 288
12 35
12 85
12 129
12 160
12 203
12 225
13 35
13 42
13 108
13 122
13 133
13 234
13 271
13 279
13 296
14 35
14 36
14 55
15 162
15 266
16 37
16 80
16 99
16 119
16 292
17 59
17 65
17 99
17 126
17 168
17 204
17 210
17 255
17 286
17 304
18 90
18 177
18 201
18 237
18 267
18 312
19 72
19 127
19 129
19 226
19 253
20 49
20 51
20 153
20 160
20 173
20 234
20 244
20 314
21 65
21 129
21 131
21 136
21 139
21 143
22 35
22 137
22 185
22 199
22 309
23 40
23 58
23 238
23 276
23 286
24 69
24 84
24 89
24 93
24 98
24 133
24 149
24 153
24 246
24 265
25 53
25 84
25 125
26 123
26 179
26 182
26 232
26 286
27 39
27 125
27 232
28 70
28 76
28 155
28 157
28 162
28 210
28 220
28 254
29 40
29 54
29 56
29 77
29 111
29 122
29 125
29 135
29 294
30 35
30 75
30 85
30 96
31 158
31 203
31 259
31 266
31 304
32 43
32 108
32 121
32 138
32 201
32 206
33 72
33 110
33 192
33 232
34 41
34 52
34 89
34 95
34 99
34 179
34 208
34 233
34 239
34 303
35 36
35 39
35 41
35 45
35 54
35 96
35 121
35 122
35 159
35 182
35 201
35 206
35 208
35 209
35 210
35 247
36 44
36 76
36 155
36 157
36 266
37 69
37 80
37 103
37 124
37 201
37 227
38 43
38 126
39 60
39 99
39 103
39 128
39 129
39 163
39 291
39 302
40 41
40 90
40 95
40 101
40 122
40 126
40 128
40 129
40 150
40 178
40 183
40 186
40 189
40 201
40 202
40 217
40 271
40 307
41 51
41 56
41 76
41 90
41 127
41 137
41 185
41 223
41 235
41 250
42 76
42 92
42 94
42 99
42 135
42 212
42 236
42 240
43 124
43 189
43 232
43 309
44 195
44 225
44 232
44 259
46 117
46 159
46 165
47 195
47 267
49 92
49 111
49 124
49 198
49 200
49 226
49 291
50 120
50 185
50 253
50 284
50 292
50 297
51 89
51 111
51 117
51 120
51 123
51 127
51 135
51 206
51 219
51 226
52 74
52 95
52 100
52 113
52 125
52 151
52 223
52 237
52 264
52 280
53 57
53 106
53 107
53 137
53 254
54 111
54 180
54 241
54 246
54 279
54 280
54 285
55 73
55 175
55 210
55 223
55 228
55 272
56 185
56 245
57 73
57 86
57 117
57 139
57 144
57 243
58 59
58 233
59 93
59 97
59 121
59 126
59 150
59 160
59 166
59 181
59 184
59 202
59 285
59 295
59 304
60 84
60 90
60 121
60 171
60 309
61 77
61 110
61 121
61 122
61 129
61 152
61 239
61 261
62 120
63 126
63 189
64 126
64 134
65 233
65 238
66 91
66 115
66 122
66 133
66 159
66 309
67 107
67 170
67 210
67 222
67 224
68 121
68 127
69 299
70 73
70 103
70 127
70 221
71 81
71 121
71 134
71 158
71 267
72 88
72 95
72 100
72 123
72 124
72 220
72 303
73 90
73 107
73 128
73 139
73 149
73 288
74 121
74 232
74 314
75 76
75 113
75 121
75 122
75 155
75 195
75 203
75 222
75 224
75 304
76 84
76 87
76 89
76 106
76 107
76 110
76 117
76 122
76 127
76 129
76 140
76 149
76 158
76 165
76 186
76 206
76 234
76 243
76 247
76 291
76 305
77 123
77 128
77 132
77 160
77 162
77 180
77 187
77 279
79 90
79 215
79 243
79 304
80 90
80 117
80 155
80 190
80 207
80 210
80 309
81 99
81 128
81 151
81 231
81 232
81 266
82 108
82 142
82 155
82 165
82 169
82 280
83 132
83 168
83 271
83 277
84 106
84 124
84 125
84 160
84 204
84 232
84 243
85 124
85 138
85 142
85 168
85 193
85 235
86 235
86 312
87 121
87 235
88 105
88 125
89 95
89 100
89 121
89 141
89 173
89 219
89 255
90 132
90 134
90 158
90 163
90 164
90 172
90 192
90 194
90 224
90 241
90 305
91 103
91 124
91 126
91 131
91 155
91 204
91 219
92 122
92 140
92 176
92 187
92 210
93 158
93 197
93 266
94 100
94 132
95 110
95 119
95 128
95 142
95 168
95 204
95 239
95 277
96 280
97 155
97 169
97 233
98 126
98 139
98 143
98 154
98 159
98 209
98 216
98 235
98 315
99 124
99 135
99 163
99 170
99 186
99 206
99 207
99 219
99 226
99 233
99 246
99 249
99 304
99 310
100 108
100 125
100 129
100 134
100 165
100 174
100 238
100 263
100 264
100 266
100 279
100 313
101 142
102 151
103 139
103 222
103 308
104 115
104 116
104 181
104 217
104 224
104 305
104 309
105 108
105 160
105 181
105 271
105 299
106 121
106 129
106 186
106 187
106 299
107 151
107 155
108 131
108 143
108 183
108 233
108 286
110 115
110 129
110 132
110 193
110 232
110 235
110 292
110 302
110 304
111 173
111 215
111 216
111 238
111 283
112 116
112 192
112 273
113 128
113 140
113 149
113 232
113 279
114 160
115 152
115 202
115 277
116 259
116 268
117 122
117 127
117 128
117 152
117 157
117 187
117 192
117 234
117 249
117 257
117 274
118 229
118 240
119 122
119 140
120 126
120 134
120 219
120 301
121 124
121 136
121 146
121 155
121 223
121 277
121 279
121 292
122 124
122 134
122 160
122 169
122 183
122 193
122 203
122 212
122 219
122 220
122 232
122 245
122 246
122 253
122 266
123 129
123 137
123 141
123 155
123 177
123 198
123 201
123 204
123 222
123 226
123 242
123 286
123 287
123 288
123 309
124 125
124 129
124 144
124 147
124 160
124 162
124 171
124 175
124 180
124 185
124 186
124 187
124 195
124 204
124 220
124 222
124 240
124 246
124 257
124 258
124 273
124 280
124 285
124 315
125 127
125 129
125 134
125 137
125 201
125 216
125 219
125 232
125 234
125 237
125 239
125 240
125 259
125 288
125 292
125 304
125 305
126 127
126 128
126 134
126 186
126 193
126 206
126 215
126 218
126 241
126 264
126 279
126 288
126 290
126 292
127 157
127 165
127 169
127 171
127 186
127 189
127 206
127 209
127 229
127 241
127 272
127 276
127 304
128 149
128 150
128 191
128 217
128 219
128 220
128 227
128 234
128 235
128 236
128 247
128 265
128 266
128 275
128 293
129 135
129 163
129 193
129 203
129 204
129 210
129 216
129 217
129 219
129 230
129 233
129 255
129 266
129 285
129 306
130 204
130 263
131 143
132 246
132 290
133 177
133 235
134 139
134 199
134 231
134 234
134 246
134 251
134 271
135 146
135 152
135 160
135 168
135 178
135 236
136 180
137 279
137 298
138 266
138 272
139 226
140 174
140 217
140 219
140 235
141 209
143 269
143 271
144 186
144 261
144 262
144 304
145 163
145 180
145 220
145 288
146 175
147 169
147 186
147 215
147 250
147 276
148 252
149 259
150 243
151 233
152 195
152 246
153 226
153 259
153 271
154 183
154 254
155 159
155 206
155 288
156 232
157 187
158 204
158 226
158 232
158 238
160 189
160 212
160 275
160 296
161 189
161 234
161 250
162 180
162 183
162 204
162 223
163 166
163 189
163 214
163 237
163 274
164 285
165 233
165 238
165 263
166 177
166 204
166 243
166 266
168 171
168 189
168 252
168 315
169 216
169 270
170 286
170 293
172 192
172 286
173 258
173 280
173 301
174 198
174 207
174 249
174 279
175 266
176 202
176 262
176 304
177 187
177 206
177 208
177 234
177 264
177 283
178 217
178 274
180 201
180 208
180 210
180 219
180 241
180 245
180 255
180 266
180 285
181 257
181 261
182 232
182 234
182 315
183 197
183 215
183 268
184 219
185 304
186 196
186 277
187 192
188 206
188 237
188 238
189 207
189 213
189 279
189 289
189 300
190 314
192 215
192 267
192 304
193 219
193 227
193 234
195 203
195 226
195 233
195 267
197 209
197 215
197 232
197 256
199 207
201 227
202 266
202 280
202 309
203 232
203 275
204 223
204 226
204 232
204 235
204 243
204 302
206 232
206 309
207 221
208 220
208 269
209 216
209 273
209 280
210 266
212 219
214 219
214 280
214 305
216 226
216 231
216 245
217 265
218 239
218 253
218 262
218 299
219 220
219 233
219 236
219 260
219 288
219 294
219 309
220 261
221 273
221 292
221 299
221 315
222 234
223 233
223 234
224 241
224 268
226 230
226 233
226 234
226 257
226 272
226 302
227 289
227 312
229 263
231 283
232 235
232 256
232 258
232 265
232 297
232 302
232 307
233 234
233 271
233 279
233 282
233 304
234 257
234 290
235 277
235 299
235 304
235 312
236 243
236 267
238 262
238 297
243 284
245 258
246 262
246 264
246 270
246 314
247 304
249 297
250 283
255 285
258 304
265 309
266 286
266 296
266 301
268 315
274 314
275 281
275 288
276 309
285 309
286 310
287 304
292 298
304 305
