0 18
0 67
0 147
0 165
0 276
1 62
1 77
1 109
1 143
1 160
1 232
2 31
2 72
2 106
2 111
2 124
2 129
2 193
2 220
2 235
2 239
2 262
3 4
3 13
3 42
3 63
3 201
3 216
3 268
3 309
4 5
4 36
4 37
4 43
4 86
4 99
4 124
4 160
4 219
4 226
4 232
5 24
5 32
5 37
5 39
5 49
5 61
5 78
5 81
5 91
5 105
5 110
5 118
5 133
5 137
5 153
5 163
5 170
5 197
5 248
5 279
5 304
6 87
6 129
6 131
6 207
6 226
6 239
7 19
7 147
7 155
7 180
7 205
7 247
7 283
7 315
8 23
8 125
8 174
8 192
8 215
8 238
8 239
8 311
9 41
9 62
9 121
9 141
10 22
10 59
10 99
10 115
10 125
10 140
10 158
10 204
10 217
10 257
10 306
11 128
12 128
12 227
12 234
12 241
12 259
12 264
12 266
12 304
13 16
13 75
13 76
13 90
13 204
13 226
13 245
13 284
14 17
14 29
14 49
14 208
15 101
15 111
15 183
15 204
15 206
15 254
15 306
16 120
16 152
16 192
16 293
17 38
17 66
17 75
17 93
17 123
17 125
17 160
17 218
17 224
17 261
18 151
18 204
19 40
19 86
19 179
19 233
19 241
19 279
20 76
20 98
20 127
20 150
20 219
20 237
21 43
21 73
21 79
21 279
22 117
22 239
22 243
23 69
23 85
23 126
23 213
23 223
23 233
23 286
24 48
24 152
24 304
25 41
25 122
25 184
25 231
25 304
26 28
26 117
26 126
26 129
26 131
26 219
27 73
27 76
27 134
27 166
28 32
28 36
28 124
28 278
28 304
29 76
29 82
29 89
29 146
29 163
29 200
29 203
29 232
29 273
29 308
29 309
30 136
30 181
31 43
31 99
31 111
31 187
31 279
31 295
31 299
32 35
32 49
32 206
32 213
32 232
32 280
33 100
33 127
34 51
34 61
34 109
34 122
34 168
34 221
34 276
35 38
35 77
35 86
35 89
35 104
35 106
35 110
35 129
35 146
35 151
35 215
35 221
35 232
35 253
35 279
35 283
35 309
36 76
36 97
36 99
36 122
36 127
36 129
36 215
36 221
36 223
36 233
36 234
36 312
37 74
37 111
37 170
37 206
37 226
37 259
38 43
38 55
38 168
38 218
38 243
38 288
39 52
39 108
39 125
39 146
39 185
39 231
39 233
39 296
39 304
40 66
40 76
40 77
40 82
40 106
40 131
40 158
40 218
40 233
40 265
41 53
41 57
41 125
41 174
41 189
41 218
41 236
41 258
42 87
42 89
42 107
42 125
42 140
42 168
42 219
42 223
42 240
42 266
42 304
43 120
43 203
43 279
43 284
44 106
44 134
44 145
44 158
44 159
44 164
44 166
44 198
44 201
45 206
46 275
47 59
47 214
48 121
49 63
49 71
49 82
49 100
49 105
49 106
49 117
49 123
50 75
50 122
51 58
51 125
51 219
51 241
51 243
51 264
51 268
52 114
52 154
52 189
52 226
52 269
52 280
53 162
54 56
54 61
54 67
54 110
54 112
54 122
54 127
54 154
54 194
54 202
54 212
54 226
54 303
55 112
55 142
55 153
55 180
56 77
56 126
56 219
56 220
56 228
56 252
57 73
57 75
57 76
57 122
57 149
57 191
57 258
57 292
58 223
59 106
59 124
59 181
59 182
59 185
59 200
59 217
59 236
59 264
59 266
59 275
59 276
60 89
60 106
60 139
61 65
61 67
61 92
61 143
61 166
61 171
61 226
61 227
61 299
62 121
62 187
62 266
62 304
63 124
63 125
64 75
65 99
65 100
66 96
66 134
66 158
66 241
66 249
67 91
67 104
67 134
67 174
67 213
67 220
67 233
67 252
68 135
68 169
68 255
69 77
69 266
70 96
70 126
70 137
70 279
71 77
71 124
71 129
71 181
71 235
73 100
73 206
73 232
74 90
74 100
74 126
74 143
74 254
74 300
75 121
75 155
75 163
75 188
75 204
76 77
76 117
76 126
76 135
76 156
76 168
76 174
76 184
76 191
76 201
76 219
76 224
76 259
77 121
77 126
77 183
77 195
77 223
77 232
77 241
77 246
77 262
77 266
77 271
77 274
77 297
77 308
78 90
78 111
79 116
79 148
79 217
79 221
79 275
80 124
80 180
80 305
83 218
84 89
84 100
84 128
84 173
84 182
84 209
84 261
84 281
85 105
85 123
85 126
85 136
85 162
85 192
85 198
85 268
85 291
86 101
86 119
86 128
86 134
86 151
86 232
88 126
88 143
89 91
89 122
89 144
89 188
89 206
89 257
89 292
90 121
90 122
90 124
90 127
90 129
90 134
90 201
90 233
90 249
90 280
90 290
91 121
91 124
91 137
91 146
91 157
91 160
91 234
92 121
92 123
92 223
93 249
93 279
93 315
94 125
94 206
95 122
95 128
95 155
95 267
95 288
96 129
96 213
96 253
97 195
98 121
98 124
98 155
98 160
98 165
98 239
99 119
99 121
99 125
99 128
99 134
99 160
99 162
99 188
99 189
99 195
99 203
99 214
99 231
99 268
99 286
100 122
100 127
100 137
100 146
100 147
100 163
100 175
100 182
100 183
100 187
100 197
100 202
100 266
100 304
101 204
102 188
102 225
103 123
103 174
103 200
104 112
104 122
104 201
104 233
104 293
104 315
105 123
105 127
105 182
105 282
105 301
106 120
106 121
106 192
106 308
106 310
107 120
107 223
107 226
107 288
108 110
108 238
108 271
109 233
109 279
110 134
110 139
110 140
110 177
110 243
110 308
111 123
111 156
111 177
111 229
111 234
111 273
111 286
112 128
112 131
112 183
112 224
112 235
113 121
113 247
114 122
114 266
115 128
115 134
115 252
116 122
116 135
116 250
116 279
117 125
117 129
117 174
117 185
117 204
117 216
117 263
117 266
117 301
119 165
120 124
120 125
120 137
120 142
120 197
120 256
120 259
121 123
121 126
121 128
121 129
121 130
121 134
121 135
121 149
121 191
121 193
121 197
121 199
121 205
121 207
121 217
121 241
121 262
121 279
121 304
122 128
122 180
122 182
122 204
122 219
122 226
122 233
122 234
122 245
122 249
122 250
122 279
123 126
123 129
123 134
123 137
123 138
123 139
123 142
123 155
123 176
123 192
123 199
123 201
123 210
123 216
123 219
123 220
123 232
123 233
123 234
123 274
124 134
124 165
124 183
124 197
124 219
124 232
124 261
124 266
124 271
124 279
124 285
124 312
125 126
125 167
125 191
125 193
125 217
125 226
125 230
125 233
125 234
125 235
125 251
126 135
126 145
126 174
126 181
126 189
126 210
126 226
126 235
126 239
126 240
126 263
126 296
126 311
127 134
127 140
127 142
127 144
127 160
127 161
127 168
127 179
127 180
127 208
127 231
127 232
127 276
128 139
128 144
128 151
128 155
128 181
128 183
128 189
128 195
128 211
128 223
128 234
128 296
128 304
128 309
129 135
129 140
129 177
129 180
129 185
129 187
129 188
129 189
129 207
129 209
129 226
129 234
129 241
129 248
129 259
129 263
129 265
129 268
129 288
129 309
130 192
131 209
131 235
132 237
133 267
133 310
134 137
134 156
134 174
134 187
134 200
134 203
134 204
134 221
134 233
134 246
134 267
135 168
135 232
135 233
135 257
137 142
137 192
137 275
138 315
139 188
139 192
139 202
139 219
139 237
139 253
140 182
140 184
140 207
141 233
141 258
142 226
143 313
144 218
147 168
147 217
147 233
147 235
147 301
147 304
148 157
148 276
148 304
149 197
149 283
149 286
150 165
151 235
151 271
152 233
152 235
152 240
152 264
153 180
153 201
153 226
153 271
155 186
155 210
155 238
157 191
157 218
157 296
157 309
158 206
158 233
158 235
158 246
160 166
160 273
160 279
160 309
161 309
162 185
162 192
162 219
163 180
163 195
163 198
163 234
165 193
165 203
165 267
166 232
166 236
166 280
166 296
167 277
168 182
168 187
168 202
168 232
168 238
168 268
168 271
168 286
168 295
168 298
169 189
169 241
169 290
170 288
171 205
172 177
172 304
173 276
173 309
174 233
174 243
175 249
176 221
176 235
176 259
176 271
178 234
178 282
179 202
179 232
180 200
180 304
180 310
181 204
181 252
181 267
181 280
182 195
182 198
182 253
182 283
183 185
183 206
183 220
183 246
183 304
185 204
185 231
185 233
185 266
187 233
188 204
188 234
189 238
189 279
192 278
195 235
195 246
195 265
195 266
197 239
197 270
197 280
197 292
200 217
200 219
200 220
200 236
201 231
201 252
201 276
201 299
201 309
202 292
203 226
203 263
203 276
204 216
204 220
204 226
204 232
204 234
204 238
204 241
204 313
206 214
206 220
206 228
206 234
206 244
206 279
207 293
208 309
209 220
209 233
209 240
209 271
210 214
210 219
210 263
212 219
212 279
212 309
214 241
216 232
217 314
218 234
218 240
218 304
219 230
219 233
219 263
219 276
219 297
219 309
220 233
220 294
221 309
222 233
223 289
225 245
226 263
226 277
228 259
232 233
232 253
232 259
232 286
232 292
232 307
232 309
233 236
233 241
233 260
233 263
233 267
234 235
234 249
234 255
234 257
234 288
234 304
235 240
235 264
235 309
236 309
237 267
238 269
238 283
240 254
243 265
245 266
246 309
247 266
250 272
252 262
253 267
253 279
255 271
257 265
257 313
257 314
258 281
259 266
260 262
261 304
262 265
262 283
263 283
263 299
266 274
266 286
266 304
266 313
270 304
272 279
276 310
278 279
279 283
279 301
279 309
288 304
291 309
304 309
