0 5
0 38
0 77
0 106
0 147
0 206
0 283
0 304
1 14
1 121
1 124
1 169
2 16
2 43
2 58
2 59
2 133
2 314
3 7
3 52
3 112
3 121
3 152
3 163
3 195
3 232
3 252
3 266
4 13
4 100
4 129
4 132
4 169
4 175
4 226
4 264
5 7
5 10
5 19
5 36
5 52
5 56
5 90
5 98
5 107
5 123
5 127
5 128
5 160
5 180
5 204
5 235
5 241
5 280
5 289
5 309
6 12
6 123
6 124
6 127
6 150
6 168
6 183
6 205
6 235
6 278
7 15
7 22
7 51
7 87
7 111
7 121
7 127
7 137
7 162
7 209
7 233
7 241
7 267
7 280
7 299
8 84
8 201
8 207
8 219
8 303
9 61
9 121
9 139
9 144
9 203
9 233
9 236
10 22
10 62
10 72
10 89
10 90
10 124
10 135
10 212
10 218
10 221
10 257
10 279
11 76
11 248
11 269
12 72
12 127
12 130
12 226
13 117
13 132
13 200
13 208
13 234
13 308
14 152
14 238
15 234
16 28
16 49
16 89
16 174
16 204
16 219
16 269
17 19
17 20
17 24
17 40
17 54
17 69
17 110
17 123
17 126
17 134
17 140
17 245
17 309
17 315
18 134
18 165
18 188
18 191
18 201
18 252
18 297
19 105
19 200
19 278
19 279
20 26
20 35
20 49
20 85
20 166
20 173
20 207
20 247
20 252
20 259
20 276
20 280
21 121
21 274
21 276
22 128
22 166
22 234
22 246
22 271
22 279
22 309
23 121
23 128
23 144
23 158
23 167
23 211
23 233
24 54
24 62
24 168
24 175
24 243
24 306
24 311
25 58
25 200
25 232
25 314
26 32
26 41
26 80
26 197
26 226
27 125
27 215
27 233
27 247
27 255
28 71
28 72
28 79
28 119
28 128
28 149
28 278
29 55
29 117
29 121
29 131
29 233
30 36
31 68
31 95
31 100
31 122
31 123
31 125
31 288
31 309
32 34
32 135
32 204
32 290
33 75
33 90
33 133
33 234
33 250
33 292
33 299
34 61
34 89
34 100
34 106
34 122
34 127
34 131
34 204
34 222
34 241
34 299
35 54
35 75
35 99
35 115
35 122
35 123
35 128
35 129
35 159
35 161
35 162
35 168
35 174
35 204
35 215
35 233
35 234
35 235
35 239
35 246
35 255
35 273
35 304
36 41
36 91
36 122
36 151
36 176
37 121
37 129
37 258
37 271
38 40
38 257
38 286
39 179
39 190
39 192
39 309
40 65
40 69
40 81
40 87
40 88
40 102
40 125
40 128
40 129
40 140
40 205
40 214
41 77
41 128
41 135
41 143
41 219
41 251
41 286
42 85
42 93
42 96
42 111
42 122
42 124
42 127
42 156
42 158
42 234
42 241
43 104
43 124
43 187
43 192
43 226
44 127
44 179
44 202
44 236
44 238
44 250
45 222
45 232
46 90
46 115
46 135
47 235
47 243
47 273
48 151
48 173
48 290
49 85
49 111
49 121
49 128
49 130
49 169
49 257
49 269
49 279
50 70
50 88
50 126
50 127
50 134
50 308
51 113
51 122
51 123
51 176
51 206
52 76
52 111
52 113
52 123
52 134
52 140
52 206
52 219
52 253
52 270
53 158
53 168
53 233
53 235
54 73
54 121
54 123
54 132
54 140
54 173
54 232
54 247
55 64
55 75
55 81
55 108
55 109
55 297
56 76
56 95
56 219
56 223
56 252
56 256
57 122
57 140
57 266
58 144
58 162
58 235
59 156
59 284
60 123
60 124
60 178
60 197
61 117
61 123
61 125
61 135
61 164
61 309
62 99
62 140
62 154
62 159
64 90
64 164
64 279
65 73
65 120
65 155
65 234
65 271
66 76
66 122
66 125
66 126
66 130
66 140
66 223
66 268
66 269
66 309
67 88
67 101
67 117
67 123
67 187
67 254
68 120
68 126
68 147
68 201
68 206
68 258
68 267
68 306
69 240
70 105
70 125
70 178
70 180
70 189
71 130
71 219
72 93
72 239
72 274
73 75
73 84
73 90
73 127
73 128
73 162
73 200
73 204
73 208
73 235
73 237
73 258
73 278
74 125
74 140
74 221
74 246
75 128
75 184
75 215
75 232
75 240
75 247
75 254
75 272
75 314
76 114
76 122
76 129
76 147
76 151
76 173
76 174
76 226
76 234
76 238
76 252
76 261
76 280
77 100
77 115
77 134
77 167
77 197
77 220
77 226
77 233
77 236
77 243
77 267
77 279
77 313
78 95
78 170
79 90
79 127
79 238
79 253
79 309
80 131
80 286
80 309
81 99
81 138
81 313
82 279
83 125
84 206
84 233
85 100
85 105
85 122
85 132
85 175
85 177
85 201
85 204
85 212
85 266
85 299
86 99
86 123
86 124
86 170
86 234
88 198
88 221
88 237
88 304
88 309
89 121
89 123
89 138
89 188
89 221
89 235
89 239
89 278
89 286
89 304
90 110
90 111
90 133
90 138
90 139
90 168
90 219
90 226
90 234
90 240
90 259
90 314
91 232
91 233
91 291
92 203
92 269
92 275
92 309
93 118
93 223
93 228
94 289
95 100
95 126
95 127
95 195
95 202
95 217
95 224
95 228
95 232
96 128
96 189
96 246
96 264
97 125
97 181
98 100
98 121
98 122
98 165
98 181
98 203
98 234
98 279
99 110
99 121
99 123
99 126
99 139
99 150
99 162
99 252
99 275
99 279
99 280
100 113
100 124
100 140
100 148
100 181
100 184
100 189
100 218
100 222
100 229
100 247
100 255
100 260
100 279
102 140
102 226
102 311
103 118
103 253
104 172
104 195
104 214
104 224
104 266
104 309
105 122
105 187
105 195
105 259
105 279
105 309
106 108
106 120
106 121
106 127
106 155
106 218
107 128
107 181
107 237
107 247
108 126
108 204
108 234
108 272
109 129
110 111
110 129
110 149
110 198
110 203
110 233
110 313
111 113
111 122
111 124
111 147
111 195
111 201
111 215
112 122
112 123
112 237
112 269
112 309
115 122
115 143
115 232
115 291
116 121
116 129
116 132
117 118
117 126
117 139
117 187
117 197
117 201
117 267
118 137
118 187
118 207
118 235
119 126
119 212
119 291
120 193
120 226
120 246
121 139
121 155
121 157
121 162
121 177
121 185
121 195
121 200
121 232
121 235
121 236
121 243
121 245
121 252
121 257
121 267
121 288
122 125
122 127
122 128
122 139
122 151
122 153
122 157
122 162
122 164
122 165
122 167
122 171
122 178
122 180
122 196
122 200
122 219
122 233
122 235
122 237
122 297
122 298
122 299
122 309
122 313
123 124
123 125
123 129
123 132
123 135
123 143
123 171
123 177
123 183
123 197
123 201
123 206
123 212
123 218
123 225
123 228
123 238
123 265
123 278
124 125
124 129
124 143
124 160
124 165
124 171
124 189
124 193
124 201
124 204
124 208
124 212
124 216
124 232
124 234
124 235
124 237
124 264
124 310
125 129
125 139
125 143
125 163
125 166
125 169
125 192
125 197
125 209
125 212
125 220
125 223
125 226
125 232
125 233
125 240
125 256
125 260
125 267
126 128
126 142
126 143
126 152
126 185
126 204
126 210
126 217
126 233
126 241
126 264
126 266
126 309
127 129
127 144
127 154
127 158
127 167
127 182
127 188
127 195
127 208
127 223
127 272
127 279
127 285
128 130
128 132
128 152
128 165
128 189
128 214
128 218
128 222
128 233
128 243
128 252
128 271
128 278
128 280
128 286
128 289
128 304
129 134
129 170
129 195
129 204
129 206
129 234
129 309
129 313
130 139
130 234
130 289
130 299
131 137
131 259
131 266
131 304
133 207
133 234
134 160
134 166
134 189
134 206
134 235
134 252
134 268
134 272
134 278
134 280
134 298
134 314
135 141
135 271
137 186
137 202
137 282
138 219
138 234
138 246
139 183
139 199
139 203
139 209
139 232
139 291
139 298
140 144
140 155
140 233
140 266
140 286
141 158
141 201
141 246
141 255
141 288
142 235
142 275
143 181
143 189
143 243
143 286
144 188
145 166
145 219
146 266
147 153
148 203
149 189
149 204
149 309
150 165
151 204
151 251
151 290
152 181
152 271
153 224
153 247
153 263
153 265
154 201
154 219
154 233
155 223
155 226
155 233
155 314
156 217
156 247
156 279
156 302
157 206
157 223
158 308
160 164
160 166
160 170
160 189
160 204
160 216
160 228
160 314
161 249
162 197
162 262
163 189
163 234
163 280
163 285
165 172
165 214
165 234
166 185
166 192
166 210
166 224
166 235
166 264
167 254
168 177
168 220
168 257
168 273
168 277
169 234
169 246
169 309
170 241
171 219
171 228
171 229
171 236
172 226
172 294
172 302
173 205
173 220
173 223
174 234
174 239
175 206
176 191
176 200
177 204
178 200
178 216
178 219
178 286
178 315
179 184
180 220
180 250
180 283
181 267
181 307
182 220
182 231
182 247
182 262
183 209
183 241
183 281
185 206
185 207
185 222
185 309
186 232
186 264
187 189
187 234
187 243
188 232
188 233
189 232
189 240
190 207
191 232
191 276
192 209
192 229
192 279
193 204
193 263
193 296
195 231
195 237
195 266
195 269
195 277
195 296
196 220
196 291
197 233
198 241
199 204
199 257
199 271
200 203
200 212
200 235
201 209
201 219
201 229
201 238
201 287
202 291
203 204
203 275
204 206
204 220
204 232
204 299
204 310
206 234
206 244
206 266
207 217
207 239
207 309
209 299
210 292
211 237
213 266
215 243
215 258
215 309
217 223
217 285
218 238
219 229
219 252
219 269
219 304
219 309
220 265
220 271
221 228
221 232
222 304
223 226
223 257
223 272
224 226
224 251
224 309
226 228
226 280
226 285
226 286
226 307
228 232
228 233
229 237
231 258
231 266
232 233
232 248
232 255
232 263
232 266
232 314
233 234
233 241
233 275
233 304
234 266
234 302
235 247
235 266
236 309
237 279
238 250
238 279
238 280
241 264
241 272
243 291
244 290
245 265
246 273
251 276
253 308
254 267
257 308
260 264
260 268
260 304
261 309
263 267
263 314
265 279
265 313
266 283
266 288
266 309
266 315
271 279
273 309
280 296
292 302
