0 77
0 107
0 129
0 197
0 206
0 250
1 59
1 149
1 204
2 4
2 119
2 129
2 235
2 240
2 261
3 21
3 31
3 40
3 114
3 126
3 155
3 183
3 189
4 111
4 126
4 143
4 168
4 180
4 204
4 233
4 269
5 7
5 35
5 65
5 73
5 87
5 90
5 110
5 125
5 129
5 161
5 165
5 246
5 259
5 262
5 267
5 280
5 282
6 12
6 34
6 87
6 89
6 92
6 124
6 127
6 129
6 168
6 198
6 206
6 215
6 237
6 313
7 11
7 13
7 38
7 61
7 98
7 160
7 185
7 204
7 219
7 221
7 255
7 280
8 19
8 90
8 99
8 128
9 34
9 92
9 167
9 208
9 231
10 26
10 35
10 73
10 80
10 122
10 123
10 124
10 125
10 149
10 166
10 204
10 239
10 259
10 264
11 36
11 100
11 183
11 267
11 309
12 35
12 39
12 122
12 128
12 157
12 187
12 234
12 309
13 49
13 56
13 99
13 123
13 145
13 286
14 57
14 88
14 121
14 134
14 175
14 200
14 238
14 301
15 35
15 125
15 222
15 237
16 36
16 166
16 217
16 271
17 26
17 49
17 76
17 86
17 99
17 123
17 144
17 155
17 165
17 189
17 192
17 205
17 206
17 217
17 224
17 226
17 232
17 233
18 47
18 77
18 89
18 90
18 127
18 286
19 60
19 99
19 105
19 135
20 54
20 86
20 108
20 121
20 237
20 243
21 54
21 99
21 266
22 121
22 148
22 182
22 198
23 37
23 66
23 95
23 147
23 234
24 40
24 54
24 125
24 138
24 156
24 176
24 205
24 219
24 234
24 259
24 288
26 125
26 247
27 115
27 123
27 233
28 104
28 111
28 125
28 155
28 219
28 226
29 57
29 72
29 85
29 122
29 135
29 189
29 199
29 231
30 32
30 77
30 104
30 212
30 262
31 67
31 125
31 195
31 301
32 76
32 109
32 185
32 217
32 309
33 37
33 41
33 57
33 73
33 110
33 160
33 179
33 280
34 92
34 93
34 122
34 123
34 165
34 181
34 253
34 277
34 280
35 40
35 49
35 62
35 91
35 122
35 125
35 127
35 139
35 147
35 153
35 159
35 200
35 219
35 220
35 224
35 247
35 278
35 279
35 291
35 311
36 49
36 67
36 85
36 115
36 121
36 130
36 142
36 155
36 185
36 187
36 188
36 212
36 226
36 234
36 273
37 64
37 82
37 112
37 178
37 204
37 286
39 44
39 77
39 100
39 122
39 135
39 279
40 58
40 125
40 126
40 149
40 158
40 181
40 226
40 234
40 264
41 52
41 82
41 90
41 91
41 121
41 123
41 134
41 203
41 227
41 241
41 250
42 99
42 112
42 123
42 153
42 154
42 157
42 207
42 268
43 55
43 101
43 155
43 183
43 200
44 160
44 201
44 217
44 251
45 189
46 195
46 228
47 124
47 161
47 233
47 262
47 267
48 162
48 227
49 99
49 127
49 129
49 180
49 203
49 270
49 309
50 271
51 84
51 122
51 123
51 126
51 128
51 246
52 90
52 99
52 126
52 142
52 149
52 274
52 283
52 314
53 306
54 125
54 214
54 226
54 234
54 255
55 127
56 80
56 117
56 127
56 216
56 225
56 253
56 288
57 124
57 128
57 231
57 240
58 124
58 235
59 78
59 96
59 121
59 124
59 135
59 152
59 160
59 176
59 226
59 261
60 142
60 216
60 268
61 128
61 132
61 224
62 125
62 127
62 232
62 266
64 122
64 166
64 180
65 77
65 140
65 216
65 249
65 266
65 280
65 286
65 290
66 106
66 125
66 127
66 128
66 193
66 201
66 237
66 276
67 68
67 122
67 126
67 174
68 107
68 122
68 166
68 223
69 216
69 232
70 123
70 124
70 232
70 235
70 236
70 312
71 86
71 204
71 309
72 117
72 140
72 219
72 279
73 80
73 95
73 106
73 128
73 151
73 223
73 234
73 235
73 262
73 267
74 86
74 124
74 141
74 155
74 207
74 234
74 273
75 180
75 185
75 189
75 234
76 100
76 127
76 158
76 163
76 167
76 205
76 227
76 234
76 236
76 246
76 304
77 129
77 134
77 135
77 139
77 141
77 192
77 238
77 240
77 241
77 247
77 279
77 288
77 304
78 107
78 121
78 123
78 200
79 90
79 169
79 217
79 292
80 90
80 168
80 187
80 188
80 206
80 229
80 236
80 274
80 291
80 304
80 309
81 226
81 232
81 268
81 304
82 88
82 289
83 235
84 108
84 149
84 172
85 91
85 95
85 108
85 124
85 125
85 144
85 163
85 279
86 99
86 100
86 124
86 160
86 173
86 201
87 90
87 103
87 124
87 130
87 247
87 263
88 125
88 138
88 158
89 94
89 135
89 168
89 206
89 232
89 247
89 261
89 288
90 94
90 106
90 121
90 125
90 137
90 139
90 159
90 162
90 163
90 166
90 193
90 204
90 221
90 223
90 241
91 162
91 221
91 241
91 305
92 104
92 128
92 148
92 223
92 234
92 256
92 288
93 131
93 160
93 204
93 216
93 279
93 311
94 197
94 209
95 122
95 144
95 169
95 170
95 173
95 178
95 232
96 129
97 223
97 267
98 165
98 204
99 107
99 121
99 122
99 123
99 124
99 144
99 162
99 165
99 174
99 178
99 187
99 219
99 220
99 226
99 233
99 266
100 121
100 122
100 126
100 128
100 154
100 159
100 161
100 163
100 168
100 176
100 177
100 195
100 197
100 207
100 231
100 235
100 262
100 266
100 267
100 293
100 297
101 123
101 125
101 220
102 143
102 234
103 109
103 110
103 124
103 227
103 275
103 280
103 306
104 238
105 122
105 125
105 127
105 128
105 181
105 192
105 265
106 121
106 168
106 180
106 182
106 187
106 193
106 246
106 266
106 267
107 140
107 193
107 252
107 282
108 111
108 122
108 158
108 183
108 234
109 140
109 148
109 226
110 125
110 129
110 134
110 163
110 225
110 226
110 228
110 246
111 125
111 202
112 222
113 121
113 125
113 128
113 305
114 163
114 232
115 127
115 183
115 205
115 223
115 314
116 124
116 130
117 121
117 140
117 169
117 193
117 204
117 260
117 275
117 299
118 123
118 170
119 129
119 186
120 123
120 124
120 178
120 195
120 255
121 123
121 126
121 127
121 133
121 140
121 151
121 162
121 168
121 209
121 216
121 230
121 232
121 233
121 238
121 240
121 273
121 286
121 304
121 309
122 130
122 152
122 169
122 172
122 173
122 197
122 204
122 207
122 226
122 231
122 232
122 233
122 264
122 266
122 296
123 127
123 135
123 143
123 180
123 200
123 201
123 226
123 232
123 235
123 238
123 247
123 252
123 256
123 265
123 273
124 125
124 126
124 128
124 131
124 139
124 175
124 182
124 204
124 214
124 226
124 231
124 237
124 246
124 266
124 271
124 277
124 294
125 126
125 131
125 156
125 165
125 169
125 173
125 209
125 228
125 231
125 235
125 237
125 252
125 267
125 310
126 127
126 128
126 150
126 153
126 162
126 186
126 192
126 195
126 219
126 223
126 237
126 259
126 292
126 313
126 314
127 128
127 137
127 163
127 165
127 184
127 214
127 223
127 227
127 233
127 236
127 264
127 273
127 275
127 276
127 309
128 133
128 140
128 141
128 154
128 163
128 173
128 188
128 189
128 204
128 219
128 234
128 235
128 252
128 278
128 279
129 137
129 206
129 244
129 245
129 314
130 144
130 204
130 235
131 134
131 201
131 206
132 135
132 139
132 169
132 174
133 158
133 169
133 246
134 139
134 146
134 163
134 175
134 197
134 212
134 227
134 232
134 233
134 236
134 258
134 260
134 288
135 249
135 286
136 309
137 178
137 216
138 209
139 142
139 146
139 210
139 250
139 279
139 289
140 147
140 163
140 185
140 192
141 304
142 191
142 204
142 241
143 207
143 226
144 170
144 221
144 234
144 259
144 287
145 223
145 238
147 181
147 183
147 217
147 271
147 272
148 280
148 285
149 209
150 199
151 241
151 246
151 304
152 230
152 233
152 288
152 296
153 177
153 201
153 231
154 156
154 168
154 182
154 183
154 192
154 206
154 243
154 266
154 279
154 309
155 158
155 204
155 205
155 232
155 234
155 261
156 166
156 238
158 195
158 203
160 163
160 182
160 187
160 188
160 309
162 180
162 222
162 226
162 304
162 314
163 191
163 226
163 309
165 189
165 309
166 176
166 204
166 233
166 294
168 226
168 233
168 238
168 261
168 262
168 266
168 287
168 290
169 201
169 288
170 174
171 193
173 206
173 215
173 288
173 315
174 195
174 201
174 235
174 246
174 257
174 278
174 279
175 217
176 234
176 239
176 267
176 309
177 186
177 271
178 219
178 223
178 232
178 304
179 226
179 309
180 195
180 240
180 243
181 203
181 232
181 292
182 267
184 269
185 212
185 225
185 232
185 272
187 192
187 207
187 210
187 232
187 234
188 220
188 221
188 267
189 202
191 199
191 204
191 315
192 249
192 280
194 204
194 233
195 239
195 265
195 266
196 313
197 240
197 257
199 246
199 309
200 202
200 304
201 233
201 258
202 245
202 286
202 309
203 272
204 212
204 225
204 245
204 253
204 304
206 234
206 239
206 289
207 228
207 265
208 268
209 247
209 259
211 287
212 252
213 311
215 241
215 268
217 223
217 247
217 258
217 309
218 239
218 262
219 236
219 294
219 304
221 264
222 241
223 309
224 309
225 253
226 234
226 241
226 244
226 248
226 262
226 280
226 297
226 307
228 278
229 257
230 288
231 306
232 235
232 279
232 286
232 309
233 268
233 275
233 292
233 305
233 309
234 249
234 252
234 257
235 240
235 248
235 309
236 267
236 272
237 245
237 264
237 280
238 268
239 264
240 256
240 266
240 283
241 275
241 288
243 273
243 309
247 283
247 314
250 304
255 265
255 267
259 283
260 262
261 296
264 283
264 299
266 305
266 309
268 296
269 288
269 302
269 306
274 279
275 278
275 304
277 282
278 286
279 309
288 292
288 297
294 306
297 309
298 311
