0 6
0 51
0 117
0 178
0 221
0 222
1 128
1 187
1 223
2 35
2 113
2 122
2 126
2 176
2 235
2 265
3 4
3 12
3 40
3 52
3 100
3 106
3 125
3 219
3 267
4 23
4 31
4 57
4 62
4 77
4 81
4 100
4 123
4 134
4 183
4 189
4 204
4 220
4 224
4 227
4 236
4 237
4 246
4 266
4 310
5 14
5 56
5 76
5 78
5 82
5 110
5 126
5 135
5 199
5 200
5 216
5 229
5 261
5 263
6 22
6 82
6 128
6 139
6 156
6 163
6 189
6 223
6 254
7 51
7 99
7 116
7 128
7 141
7 185
7 205
7 207
7 267
7 278
7 282
7 293
7 315
8 12
8 22
8 35
8 129
8 198
8 234
9 81
9 102
9 115
9 238
9 240
9 246
9 262
9 308
10 75
10 121
10 129
10 156
10 164
10 180
10 189
10 195
10 228
10 232
10 243
10 257
11 98
11 111
11 194
11 207
12 27
12 123
12 126
12 165
12 179
12 277
13 100
13 104
13 108
13 140
13 199
13 282
14 16
14 77
14 122
14 125
14 187
14 232
14 304
15 115
15 124
15 131
15 208
15 235
16 38
16 93
16 163
16 204
16 221
16 292
17 111
17 126
17 147
17 161
17 234
17 282
17 304
18 85
18 203
18 245
18 249
19 123
19 155
19 169
19 235
20 76
20 98
20 106
20 121
20 123
20 201
20 209
21 39
21 74
21 142
21 257
21 294
21 313
22 59
22 123
22 127
22 220
22 233
22 238
23 34
23 91
23 97
23 117
23 123
23 141
23 160
23 168
23 176
24 76
24 128
24 134
24 153
24 160
24 162
24 168
24 188
24 226
24 234
24 263
25 87
25 134
26 77
26 133
26 271
27 35
27 129
27 173
28 297
29 100
29 125
29 126
29 168
29 178
29 198
29 235
30 174
30 219
31 77
31 89
31 185
31 230
31 234
32 39
32 85
32 165
32 245
33 52
33 124
33 141
33 206
34 51
34 84
34 86
34 117
34 161
34 195
34 226
34 234
34 275
34 279
35 76
35 90
35 99
35 100
35 121
35 124
35 127
35 173
35 174
35 190
35 206
35 209
35 235
35 247
35 261
35 309
36 75
36 104
36 128
36 134
36 228
36 286
37 40
37 67
37 116
37 121
37 123
37 125
37 127
37 170
37 207
37 223
37 234
37 240
37 247
37 266
38 99
38 122
38 135
38 143
38 252
39 44
39 49
39 57
39 62
39 99
39 122
39 129
39 156
39 163
39 232
39 274
40 59
40 75
40 80
40 158
40 160
40 166
40 222
40 268
41 43
41 49
41 90
41 121
41 122
42 125
42 160
42 172
42 189
42 197
42 203
42 304
43 193
43 235
43 299
44 99
44 181
44 204
44 232
45 84
45 144
46 209
46 257
47 80
47 103
47 108
47 128
47 223
47 274
48 70
48 220
49 74
49 106
49 132
49 182
49 246
49 274
50 68
50 238
51 74
51 139
51 158
51 163
51 206
51 226
51 274
51 288
52 62
52 69
52 121
52 126
52 131
52 180
52 207
52 274
52 283
52 294
53 104
53 128
53 175
54 121
54 160
54 195
54 201
54 314
55 58
55 107
55 124
55 146
55 224
55 241
56 63
56 123
56 155
56 238
57 122
57 126
57 133
57 207
57 308
58 61
59 112
59 123
59 125
59 167
59 240
59 257
59 296
59 297
59 309
60 66
60 100
60 247
61 75
61 120
61 232
62 115
62 167
62 243
62 304
64 123
64 128
64 163
64 266
65 101
65 160
65 198
65 233
65 237
65 314
66 122
66 142
66 178
66 209
66 232
66 272
66 274
66 298
67 73
67 127
67 132
67 165
67 230
68 84
68 108
68 168
68 206
68 290
70 88
70 106
70 129
70 139
70 222
70 235
70 246
70 261
70 274
70 288
71 121
71 201
71 202
72 145
72 245
73 76
73 100
73 103
73 120
73 158
73 181
73 234
73 253
74 121
74 148
74 279
75 90
75 122
75 155
75 161
75 203
75 229
75 241
75 315
76 106
76 145
76 155
76 163
76 188
76 206
76 212
76 221
76 225
76 226
76 228
76 238
76 241
76 260
76 261
76 274
77 99
77 110
77 121
77 129
77 143
77 198
77 199
77 232
77 233
77 240
77 267
77 298
78 126
78 127
79 111
79 122
79 135
80 110
80 121
80 154
80 193
80 252
80 279
81 124
81 148
81 263
82 246
83 100
83 111
83 191
83 224
83 233
83 241
83 296
83 301
84 165
84 176
84 215
84 232
84 255
85 126
85 130
85 133
85 185
85 192
85 203
85 233
85 259
85 276
85 298
86 122
86 126
87 122
87 124
87 217
87 232
87 254
87 279
88 233
89 107
89 123
89 147
89 216
89 230
89 234
90 104
90 111
90 113
90 124
90 125
90 126
90 143
90 144
90 159
90 165
90 172
90 183
90 184
90 233
90 244
90 257
90 261
90 262
90 275
90 297
91 126
91 232
92 120
92 129
92 183
92 309
93 124
93 231
93 234
93 250
94 124
94 201
94 204
95 99
95 123
95 137
95 158
95 178
95 199
95 231
95 247
96 100
96 150
97 100
97 121
97 125
98 124
98 129
98 174
98 213
98 234
98 261
98 264
98 279
99 122
99 124
99 126
99 144
99 160
99 177
99 185
99 197
99 206
99 226
99 234
99 235
99 276
99 279
99 284
99 296
99 309
100 123
100 124
100 142
100 145
100 150
100 180
100 186
100 191
100 204
100 206
100 207
100 220
100 226
100 233
100 234
100 238
100 240
100 267
101 115
101 137
101 233
102 235
103 104
103 121
103 126
103 160
103 181
103 225
103 243
104 115
104 143
105 128
105 215
105 226
105 238
105 246
106 124
106 126
106 130
106 158
106 215
106 226
106 234
107 143
107 286
107 309
108 124
108 226
108 232
108 253
110 121
110 128
110 129
110 171
110 174
110 183
110 189
110 219
110 237
111 129
111 157
111 162
111 188
111 219
111 238
111 282
112 119
112 136
112 163
112 165
112 229
112 262
112 266
112 315
113 276
114 157
114 165
114 207
114 299
114 311
115 137
115 140
115 200
115 226
116 144
116 265
117 123
117 128
117 130
117 141
117 200
117 222
117 234
117 292
118 253
119 160
119 246
120 126
120 148
120 153
120 226
120 234
120 261
121 126
121 127
121 134
121 143
121 145
121 162
121 168
121 188
121 199
121 203
121 207
121 219
121 226
121 232
121 235
121 240
121 255
121 259
121 267
121 274
121 284
121 293
121 302
121 304
122 125
122 153
122 158
122 168
122 170
122 188
122 233
122 234
122 241
122 245
122 250
122 262
122 267
122 279
122 282
122 289
122 292
122 299
123 128
123 129
123 174
123 180
123 181
123 185
123 200
123 210
123 228
123 232
123 249
123 275
123 287
123 305
123 309
124 125
124 126
124 160
124 174
124 204
124 214
124 220
124 235
124 236
124 266
124 268
124 269
124 286
124 307
124 313
124 314
125 126
125 127
125 129
125 131
125 162
125 174
125 188
125 201
125 207
125 212
125 222
125 232
125 234
125 241
125 249
125 253
125 257
125 278
125 285
126 143
126 157
126 172
126 174
126 177
126 193
126 199
126 204
126 211
126 232
126 233
126 234
126 240
126 283
126 311
127 131
127 141
127 166
127 175
127 190
127 200
127 204
127 217
127 226
127 235
127 253
127 257
127 261
127 267
127 289
127 309
127 314
128 131
128 132
128 135
128 171
128 192
128 199
128 207
128 235
128 236
128 238
128 241
128 243
128 249
128 277
129 139
129 167
129 198
129 233
129 235
129 257
129 264
129 267
129 283
129 293
129 296
129 314
130 165
130 191
130 226
131 162
131 206
132 204
133 158
134 165
134 199
134 215
134 223
134 241
135 197
135 235
135 246
135 265
135 292
135 296
136 230
137 180
137 191
137 192
137 236
137 257
138 189
138 231
139 157
139 187
139 314
140 148
140 167
140 181
140 192
140 197
140 285
141 160
141 235
142 272
143 167
143 204
143 226
143 234
143 235
143 296
144 206
144 246
144 273
144 284
145 234
147 189
147 227
147 292
148 279
149 167
149 190
149 200
149 204
151 168
151 172
152 160
152 169
152 304
153 232
154 164
154 173
155 173
156 235
157 186
157 261
157 286
158 169
160 165
160 209
160 214
160 227
160 231
160 267
162 177
162 234
163 165
163 199
163 206
163 232
164 314
165 189
165 195
165 204
166 227
167 279
168 211
168 231
168 275
168 309
169 175
169 246
170 226
172 201
174 243
174 304
175 193
175 246
176 186
176 198
176 199
176 279
177 206
177 226
178 189
178 220
178 232
179 284
180 190
180 304
180 308
182 240
183 195
183 198
183 226
183 235
183 261
185 232
185 287
185 299
186 204
186 206
186 262
189 203
189 245
189 253
189 276
189 289
191 267
195 204
195 230
195 232
195 286
196 257
196 260
197 201
197 266
199 200
199 246
199 264
200 219
200 226
200 271
201 231
201 255
201 262
202 226
202 292
203 207
203 309
204 281
204 283
204 308
206 295
207 216
207 254
207 275
208 293
209 223
210 239
210 245
210 279
211 309
212 223
212 235
214 235
214 311
215 266
216 218
216 267
216 289
216 304
217 262
217 267
217 315
218 239
218 279
218 290
219 230
219 235
219 249
219 279
220 237
221 243
221 274
221 309
223 226
223 278
225 249
225 278
226 266
226 272
226 278
226 279
226 299
226 304
226 309
227 234
231 246
231 280
231 292
232 233
232 243
232 259
232 273
232 304
233 234
233 235
233 252
233 290
234 243
234 244
234 247
234 259
234 267
234 268
234 274
234 297
234 309
235 241
235 245
236 237
236 273
238 243
238 252
238 313
240 262
240 273
241 306
243 283
245 276
247 309
252 265
252 266
252 294
253 304
255 278
257 262
257 289
259 260
259 296
259 304
260 292
262 267
264 282
264 304
266 276
266 296
266 297
268 313
270 279
271 309
275 284
280 309
280 314
282 286
288 299
288 309
304 309
