0 116
0 247
0 281
1 13
1 52
1 127
2 64
2 89
2 121
2 206
2 215
2 238
3 34
3 97
3 123
3 160
3 206
3 232
3 288
4 5
4 12
4 63
4 68
4 73
4 87
4 107
4 129
4 178
4 182
4 196
4 197
4 260
5 22
5 47
5 68
5 92
5 100
5 122
5 124
5 126
5 130
5 162
5 170
5 196
5 204
5 234
5 238
5 292
6 19
6 56
6 57
6 61
6 85
6 110
6 125
6 129
6 189
6 214
6 306
7 34
7 62
7 75
7 108
7 123
7 160
7 204
7 233
7 234
7 241
7 275
7 288
8 22
8 52
8 54
9 77
9 122
9 124
9 129
9 149
9 217
9 307
10 40
10 41
10 49
10 66
10 77
10 123
10 169
10 189
10 217
10 276
11 44
11 122
11 123
11 156
12 51
12 111
12 121
12 226
12 238
13 20
13 85
13 123
13 226
13 267
13 304
13 309
14 87
14 106
14 266
15 32
15 88
15 89
15 304
16 122
16 124
16 144
16 279
16 309
17 20
17 52
17 54
17 72
17 73
17 122
17 128
17 160
17 211
17 214
17 219
17 228
18 32
18 36
18 55
18 72
18 124
18 125
18 137
18 160
18 220
18 233
18 288
18 311
19 97
19 304
20 121
20 156
20 232
20 234
20 267
20 299
21 78
21 112
21 173
22 129
22 151
22 180
22 189
22 309
22 314
23 107
23 119
23 128
23 141
23 154
23 183
23 193
23 233
24 40
24 126
24 162
24 181
24 182
24 204
24 233
24 275
25 199
26 29
26 43
26 55
26 158
26 257
26 309
27 29
27 138
27 176
27 289
28 59
28 192
28 201
28 272
28 273
28 279
29 53
29 56
29 98
29 100
29 124
29 135
29 204
29 219
29 226
29 240
31 100
31 237
31 306
32 77
32 135
32 234
32 279
33 166
34 42
34 64
34 180
35 37
35 99
35 111
35 113
35 121
35 123
35 125
35 132
35 137
35 139
35 154
35 158
35 172
35 194
35 199
35 204
35 215
35 218
35 283
36 53
36 85
36 155
36 165
36 183
36 197
36 235
36 265
36 299
37 39
37 115
37 122
37 129
37 182
37 183
37 274
38 122
38 158
39 52
39 96
39 112
39 123
39 204
39 224
39 234
39 246
39 309
40 52
40 104
40 110
40 122
40 124
40 192
40 204
40 218
40 243
40 257
40 274
40 280
41 42
41 84
41 99
41 125
41 172
41 188
41 215
41 237
41 305
42 53
42 99
42 120
42 124
42 193
42 266
43 156
43 222
44 49
44 85
44 124
44 174
44 213
44 232
44 283
44 288
45 243
45 275
46 132
46 169
46 268
47 127
47 266
48 66
48 162
49 135
49 232
49 243
50 93
50 304
51 90
51 155
51 160
51 168
51 267
51 274
51 309
51 311
52 56
52 89
52 104
52 120
52 128
52 233
52 264
52 304
53 58
53 232
54 59
54 76
54 129
54 204
54 304
55 97
55 98
55 128
55 172
55 232
56 60
56 67
56 76
56 81
56 127
56 152
56 163
56 183
56 291
56 309
57 85
57 121
57 143
57 159
57 199
57 207
57 213
57 279
57 291
58 90
58 124
58 235
59 173
59 268
59 285
60 207
60 239
61 73
61 98
61 217
61 241
61 244
61 275
61 282
62 100
62 127
62 158
62 219
62 241
63 73
63 122
63 259
64 143
64 235
64 279
65 120
65 123
65 125
65 252
66 124
66 208
66 259
67 107
67 129
67 143
67 163
67 168
67 173
67 254
68 163
68 263
68 279
68 283
69 125
70 190
70 314
72 121
72 125
72 139
72 223
73 121
73 123
73 128
73 139
73 218
73 232
73 233
74 93
74 125
74 157
75 90
75 125
75 132
75 134
75 172
75 183
75 196
75 221
75 233
75 279
75 286
75 304
76 85
76 100
76 106
76 122
76 128
76 174
76 181
76 185
76 208
76 212
76 223
76 233
76 266
76 276
76 279
76 292
76 304
76 305
77 90
77 120
77 142
77 173
77 176
77 192
77 195
77 197
77 200
77 206
77 218
77 220
77 226
77 235
77 236
77 240
77 243
77 279
78 187
79 124
79 272
80 119
80 126
80 128
80 133
80 173
80 201
80 235
80 313
81 127
81 216
82 125
83 160
83 238
83 268
84 160
84 257
84 266
84 294
85 102
85 110
85 127
85 188
85 241
85 243
86 122
86 124
86 172
86 196
86 278
86 309
87 90
87 107
87 124
87 126
87 229
88 108
88 158
88 180
88 247
89 125
89 234
89 279
89 304
89 309
90 105
90 122
90 125
90 128
90 137
90 141
90 148
90 182
90 191
90 193
90 201
90 204
90 245
90 266
90 273
90 309
91 97
91 134
91 135
91 204
91 268
92 204
92 232
92 296
93 124
93 206
93 246
93 288
95 99
95 117
95 121
95 125
95 238
95 257
95 288
96 109
96 271
97 235
98 158
98 203
98 204
98 233
98 247
98 266
99 107
99 123
99 126
99 129
99 142
99 152
99 186
99 234
99 246
99 266
99 287
100 120
100 121
100 164
100 204
100 240
100 303
101 122
101 123
101 223
102 200
103 123
103 124
103 129
103 173
103 266
104 105
104 123
104 130
104 286
104 307
104 314
104 315
105 106
105 123
105 162
105 269
105 292
106 115
106 122
106 183
106 185
106 201
106 304
107 151
107 192
107 302
109 122
109 181
109 233
109 237
110 123
110 129
110 134
110 159
110 160
110 173
110 180
110 183
110 195
110 220
110 226
110 274
111 122
111 127
111 135
111 183
111 203
111 214
111 226
111 236
111 264
111 276
111 279
111 296
112 169
112 233
112 234
113 126
113 163
114 204
114 299
115 121
115 137
115 174
115 195
115 228
115 240
116 235
117 122
117 124
117 189
117 193
117 200
117 249
117 262
117 266
118 220
118 233
119 128
120 123
120 221
120 225
120 232
120 271
120 293
120 309
121 123
121 126
121 127
121 128
121 147
121 156
121 157
121 173
121 178
121 181
121 195
121 196
121 199
121 224
121 235
121 241
121 252
121 257
121 258
121 259
121 265
121 279
121 280
121 296
122 123
122 125
122 126
122 127
122 129
122 139
122 151
122 157
122 162
122 166
122 173
122 178
122 189
122 205
122 207
122 212
122 218
122 229
122 233
122 235
122 247
122 271
123 124
123 126
123 129
123 134
123 139
123 151
123 160
123 167
123 168
123 170
123 184
123 210
123 218
123 223
123 231
123 234
123 235
123 241
123 253
123 267
123 277
123 304
123 309
124 125
124 128
124 129
124 131
124 135
124 139
124 141
124 143
124 144
124 148
124 149
124 163
124 166
124 180
124 192
124 201
124 226
124 232
124 238
124 243
124 253
124 264
124 279
125 134
125 157
125 163
125 167
125 175
125 179
125 201
125 204
125 226
125 232
125 259
125 267
125 271
125 275
125 280
126 128
126 156
126 165
126 177
126 182
126 183
126 187
126 232
126 266
126 286
126 291
126 292
126 297
126 309
126 312
127 145
127 153
127 166
127 170
127 176
127 180
127 200
127 202
127 218
127 223
127 226
127 234
127 238
127 259
127 261
128 151
128 162
128 174
128 209
128 223
128 226
128 232
128 235
128 241
128 253
128 266
128 288
128 296
129 134
129 135
129 138
129 151
129 170
129 195
129 202
129 218
129 247
129 252
129 253
129 258
129 262
129 268
129 269
129 302
130 138
130 204
130 315
131 219
131 267
133 163
134 163
134 181
134 192
134 209
134 210
134 257
134 284
135 158
135 166
135 292
136 200
137 234
138 203
138 226
138 238
138 279
139 199
139 224
140 151
140 157
140 180
140 216
140 234
140 240
140 247
141 202
141 273
141 279
142 207
142 209
143 163
144 174
144 226
145 160
147 182
147 285
148 164
148 176
148 208
148 219
148 235
149 238
149 240
149 257
149 315
150 219
151 198
152 299
153 158
153 169
153 239
154 170
154 204
154 238
155 163
155 204
155 309
156 157
156 210
156 285
156 312
157 198
157 255
158 170
158 185
158 219
159 233
159 238
160 206
160 252
160 280
160 288
160 304
160 313
161 232
162 209
162 269
163 166
163 199
163 202
163 219
163 233
163 241
164 241
164 270
164 279
165 261
165 268
166 208
166 223
166 243
168 184
168 198
168 226
168 255
169 172
169 203
169 204
169 288
170 173
170 176
170 279
170 307
172 180
172 195
172 243
173 226
173 235
174 233
175 189
176 233
176 234
177 259
177 291
178 308
179 233
180 204
180 207
180 215
180 257
180 302
180 308
180 311
182 286
183 189
183 252
184 233
185 231
186 214
186 216
186 312
188 226
189 220
189 291
189 314
191 233
191 266
191 289
192 204
192 291
194 215
195 220
195 234
195 238
195 263
195 299
197 247
198 259
199 232
199 233
199 246
200 262
200 304
201 215
201 268
202 234
202 277
202 288
203 231
204 226
204 230
204 239
204 240
204 266
204 302
205 296
206 232
206 235
206 250
208 224
209 229
209 235
209 247
209 276
209 302
211 231
212 232
212 245
214 252
216 221
216 238
217 226
217 239
217 244
218 259
218 267
219 247
219 286
220 223
220 232
220 304
223 226
226 232
226 235
226 253
226 273
226 275
226 282
226 291
226 304
226 309
227 228
227 261
228 294
229 233
229 269
231 268
232 242
232 266
232 275
232 281
233 235
233 247
233 250
233 264
233 309
234 235
234 252
234 264
234 279
235 246
235 250
235 252
235 274
235 277
235 280
235 285
235 309
235 313
238 309
240 260
241 247
241 263
241 276
241 291
241 307
243 252
243 273
246 267
246 276
246 302
249 252
262 302
263 308
264 294
266 292
266 297
267 308
268 305
274 288
274 311
276 288
277 309
279 292
279 309
285 302
286 304
288 314
304 309
310 312
