0 8
0 30
0 42
0 106
0 141
0 202
1 101
1 127
1 128
1 158
2 39
2 167
2 225
2 274
3 49
3 77
3 94
3 95
3 108
3 200
3 263
3 265
3 273
3 275
4 61
4 127
4 144
4 167
4 180
4 220
4 230
4 304
5 52
5 81
5 117
5 123
5 125
5 134
5 151
5 165
5 217
5 224
5 226
5 235
5 303
5 309
6 9
6 37
6 39
6 49
6 57
6 81
6 95
6 110
6 115
6 119
6 121
6 123
6 132
6 159
6 208
6 312
7 90
7 123
7 124
7 126
7 129
7 224
7 226
7 233
7 235
7 237
7 241
7 247
7 307
8 35
8 121
8 188
9 126
9 235
10 67
10 124
10 134
10 139
10 156
10 193
10 221
10 246
10 264
11 35
11 75
11 104
11 106
11 144
11 167
11 189
11 207
11 297
12 23
12 53
12 85
12 99
12 122
12 165
12 201
13 102
13 113
13 123
13 141
13 210
13 228
13 231
13 234
13 271
14 35
14 40
14 76
14 233
15 99
15 100
16 18
16 29
16 31
16 41
16 51
16 193
16 195
16 216
16 254
17 64
17 77
17 106
17 241
17 262
17 276
17 288
17 298
17 308
18 95
18 99
18 105
18 218
18 271
19 27
19 76
19 90
19 203
19 226
19 234
19 240
19 267
20 28
20 52
20 107
20 176
20 293
21 40
21 90
21 166
21 183
21 218
21 278
21 309
22 26
22 85
22 86
22 127
22 138
22 234
22 238
22 266
22 275
22 314
23 77
23 84
23 108
23 125
23 127
23 233
23 266
23 281
24 44
24 56
24 75
24 76
24 95
24 204
24 210
25 119
25 125
25 162
25 219
25 309
26 121
26 216
26 285
27 32
27 77
27 82
27 255
28 40
28 44
28 98
28 105
28 115
28 140
28 296
29 71
29 117
29 125
29 156
29 183
29 188
29 189
29 199
29 201
29 236
30 200
30 222
31 40
31 104
31 112
31 129
31 144
31 151
31 204
32 76
32 178
32 212
32 259
33 168
33 252
34 96
34 108
34 115
34 133
34 223
34 262
35 38
35 71
35 77
35 85
35 100
35 120
35 121
35 123
35 129
35 142
35 201
35 204
35 221
35 223
35 227
35 240
35 246
35 267
35 278
36 124
36 129
36 212
36 216
36 250
37 77
37 82
37 121
37 129
37 156
37 172
37 210
37 286
37 301
37 303
37 304
38 124
38 139
38 147
38 192
38 309
39 121
39 129
39 130
39 304
39 307
39 309
39 314
40 54
40 71
40 121
40 122
40 124
40 125
40 143
40 171
40 207
40 216
40 223
40 235
40 309
41 58
41 76
41 99
41 112
41 126
41 128
41 167
41 180
41 182
41 221
41 233
41 289
42 83
42 160
42 192
42 217
42 241
42 257
42 267
42 269
42 304
43 91
43 110
44 59
44 115
44 121
44 179
44 187
44 235
44 236
44 269
46 99
46 108
48 155
48 195
48 278
49 153
49 168
49 173
49 266
49 292
49 309
51 108
51 140
51 166
51 209
51 309
52 88
52 92
52 109
52 123
52 187
52 235
52 282
52 286
52 309
53 110
53 118
53 126
53 129
53 155
53 219
53 234
53 259
53 283
54 124
54 126
54 129
54 181
54 309
55 148
55 195
55 211
55 304
56 75
56 121
56 124
56 128
56 173
56 249
56 265
56 266
56 292
56 313
57 90
57 313
58 122
58 296
59 106
59 122
59 123
59 125
59 159
59 218
59 233
59 236
59 309
60 85
60 88
60 114
60 124
60 127
60 128
60 246
61 89
61 109
61 125
61 199
62 132
62 309
63 262
64 309
65 302
66 67
66 73
66 139
66 182
66 206
66 215
66 226
66 232
66 236
66 264
67 95
67 141
67 209
67 230
67 235
67 257
67 277
67 306
67 315
68 194
68 219
68 265
69 121
69 124
69 152
70 227
70 230
71 95
72 128
72 158
72 162
72 170
72 204
72 206
72 266
72 267
73 91
73 125
73 127
73 177
73 233
73 272
73 283
74 77
74 106
74 160
74 166
74 234
75 99
75 179
75 207
75 223
75 233
75 241
75 266
75 296
75 301
76 99
76 105
76 122
76 124
76 125
76 129
76 138
76 202
76 204
76 207
76 215
76 223
76 234
76 246
76 273
76 279
76 288
76 290
77 81
77 122
77 124
77 127
77 128
77 207
77 214
77 219
77 223
77 232
77 234
77 235
77 257
77 267
77 273
77 309
78 121
78 148
78 279
79 125
80 100
80 169
80 190
80 243
80 299
81 82
81 106
81 125
81 259
82 90
82 124
82 139
82 245
82 257
83 85
83 168
83 241
84 122
84 136
84 233
85 87
85 99
85 117
85 153
85 228
85 230
85 292
85 304
86 119
86 134
87 169
88 234
89 99
89 141
89 175
89 206
89 219
89 305
90 125
90 126
90 137
90 153
90 183
90 204
90 209
90 220
90 226
90 233
90 234
91 122
91 127
91 128
91 174
91 177
91 232
91 233
91 237
92 138
92 279
93 100
93 158
93 160
95 100
95 177
95 189
95 191
95 224
96 113
96 129
96 200
96 221
96 233
98 122
98 156
98 200
98 226
98 264
98 279
98 282
98 297
99 117
99 120
99 126
99 132
99 133
99 158
99 185
99 196
99 212
99 213
99 223
100 101
100 109
100 128
100 149
100 180
100 192
100 193
100 221
100 244
100 288
100 296
100 303
101 142
101 233
101 234
102 124
103 122
103 158
103 167
103 232
104 267
104 275
104 295
105 124
105 222
105 228
105 230
105 280
105 282
106 184
106 238
106 247
106 304
108 123
108 160
108 169
108 206
108 217
108 299
109 202
109 232
109 257
110 163
110 228
110 231
110 233
110 253
111 121
111 123
111 124
111 146
111 162
111 191
111 238
111 275
112 120
112 124
112 126
112 137
112 188
112 232
113 126
113 134
114 133
114 235
115 180
115 210
115 232
115 234
115 304
115 311
116 134
116 162
116 234
117 141
117 226
117 232
117 259
118 284
119 128
119 179
120 123
120 129
120 153
120 249
121 123
121 127
121 143
121 154
121 169
121 174
121 178
121 183
121 191
121 192
121 201
121 206
121 218
121 232
121 235
121 238
121 240
121 268
121 278
121 297
121 304
122 123
122 138
122 140
122 155
122 160
122 163
122 182
122 203
122 206
122 209
122 210
122 218
122 222
122 240
122 254
122 257
122 266
122 267
122 268
122 270
122 279
122 280
122 309
123 124
123 149
123 158
123 163
123 202
123 219
123 226
123 232
123 247
123 249
123 266
123 293
123 304
124 125
124 127
124 129
124 157
124 162
124 185
124 204
124 206
124 209
124 213
124 214
124 237
124 247
124 250
124 255
124 273
124 299
124 309
125 127
125 128
125 129
125 136
125 140
125 141
125 147
125 151
125 196
125 204
125 206
125 210
125 212
125 219
125 222
125 226
125 264
125 267
125 273
125 304
126 127
126 128
126 129
126 133
126 140
126 159
126 171
126 173
126 177
126 207
126 217
126 218
126 234
126 238
126 243
126 247
126 275
126 280
126 304
126 312
127 129
127 134
127 151
127 160
127 195
127 202
127 204
127 210
127 239
127 259
127 263
127 268
127 269
127 275
127 286
127 289
127 304
128 132
128 140
128 149
128 154
128 155
128 174
128 192
128 201
128 216
128 232
128 240
128 246
128 264
129 143
129 154
129 158
129 232
129 233
129 234
129 262
129 275
129 309
130 179
130 187
131 155
131 237
131 262
132 226
133 181
133 201
133 266
134 160
134 170
134 197
134 216
134 217
134 219
134 222
134 231
134 245
134 253
134 261
135 183
135 189
135 192
135 210
135 262
135 302
137 163
137 188
137 203
137 219
138 232
138 233
138 266
139 203
139 207
139 208
139 252
140 154
140 156
140 219
140 263
140 291
142 176
142 183
142 186
142 232
142 235
143 280
143 313
144 232
144 261
145 236
145 315
146 243
147 199
147 200
147 309
148 172
148 274
149 194
149 225
149 266
150 206
150 219
150 234
151 162
151 224
151 226
151 247
153 180
153 197
153 204
153 216
153 268
154 207
155 160
155 286
156 267
156 279
157 215
157 236
158 159
158 177
158 257
159 173
159 223
159 234
159 281
160 189
160 207
160 233
160 235
160 266
162 242
162 264
162 304
163 215
163 267
163 271
164 232
164 258
165 169
165 223
165 285
166 197
166 233
167 233
168 177
168 180
168 191
168 213
168 231
169 189
169 196
169 219
169 232
169 241
169 262
170 207
170 274
170 309
171 228
171 232
173 196
173 206
173 252
174 178
174 270
174 309
175 185
176 304
177 232
177 292
178 217
178 230
179 234
180 191
180 233
180 292
180 304
180 314
181 279
182 212
182 233
182 315
183 306
184 226
185 195
185 309
186 204
188 206
188 241
188 281
188 288
189 224
190 309
191 235
192 194
192 198
192 241
192 277
192 288
193 253
193 273
194 264
195 198
195 207
195 279
195 309
196 280
197 226
197 279
198 283
199 204
199 206
199 227
199 233
199 236
199 259
200 202
200 255
200 261
201 234
201 241
202 204
202 234
202 309
203 232
204 219
204 232
204 271
204 298
205 224
206 217
206 231
206 232
206 262
206 281
206 299
207 233
207 234
207 292
207 304
208 217
208 234
208 293
209 272
209 288
210 223
213 232
215 266
215 276
217 237
218 271
219 232
219 245
219 257
219 271
221 226
221 314
223 225
223 240
224 276
225 267
225 304
226 254
226 275
226 298
226 299
226 313
227 305
227 308
228 234
229 266
230 241
230 278
231 284
232 233
232 237
232 255
232 276
232 296
233 234
233 236
233 247
233 253
233 286
233 309
233 312
234 235
234 247
234 260
234 265
234 304
234 310
235 250
235 253
235 259
235 267
235 288
235 309
238 247
239 309
241 265
241 266
241 271
243 304
246 249
246 279
247 272
247 296
247 304
247 305
247 309
250 271
253 276
253 297
256 279
257 309
258 259
259 263
259 275
263 268
266 267
267 292
268 284
277 310
278 295
279 309
283 314
284 302
286 310
288 299
290 301
292 310
