0 36
0 37
0 41
0 154
0 169
0 186
0 314
1 55
1 122
1 152
1 160
1 192
2 16
2 17
2 19
2 101
2 128
2 131
2 147
2 169
2 172
2 235
2 237
3 54
3 134
3 135
3 137
3 170
3 238
3 240
4 10
4 50
4 101
4 121
4 124
4 144
4 162
4 235
4 249
4 278
4 288
5 18
5 20
5 34
5 64
5 77
5 84
5 99
5 120
5 126
5 131
5 152
5 181
5 221
5 227
5 234
5 304
6 10
6 29
6 44
6 71
6 77
6 99
6 107
6 121
6 134
6 234
6 246
6 294
6 308
7 54
7 85
7 127
7 128
7 134
7 180
7 193
8 62
8 73
8 226
8 280
9 36
9 66
9 125
9 189
9 193
9 201
9 254
10 55
10 66
10 79
10 117
10 129
10 219
11 35
11 76
11 128
11 164
11 200
11 266
12 53
12 105
12 115
12 129
12 135
12 167
12 235
13 51
13 85
13 126
13 129
13 142
13 176
13 214
13 218
13 259
13 302
14 30
14 90
14 106
14 121
14 122
14 126
14 163
14 165
14 185
14 255
15 96
15 114
15 257
16 129
16 140
16 204
16 235
16 249
17 20
17 108
17 122
17 124
17 216
17 219
17 223
17 263
18 72
18 75
18 77
18 127
18 128
18 172
18 189
18 195
18 253
19 37
19 57
19 142
20 33
20 49
20 63
20 85
20 112
20 125
20 131
20 161
20 166
20 194
20 201
20 235
20 280
20 298
21 65
21 82
21 203
21 226
21 230
21 253
22 93
22 125
22 206
22 247
23 72
23 122
23 125
23 161
23 172
23 173
23 182
23 216
23 226
23 299
23 302
23 309
24 84
24 115
24 122
24 129
24 131
24 264
25 125
25 127
25 235
25 279
26 84
26 128
27 232
27 235
27 259
27 273
27 274
28 74
28 75
28 76
28 152
28 176
28 195
28 203
28 210
28 223
28 233
28 266
28 297
28 309
29 34
29 90
29 122
29 155
29 177
29 252
29 288
30 89
30 121
30 126
30 128
30 236
31 122
31 136
32 42
32 100
32 128
32 173
32 229
32 233
32 250
32 302
33 38
33 73
33 127
33 182
33 189
33 231
33 271
34 76
34 127
34 129
34 165
34 236
34 251
35 41
35 96
35 113
35 130
35 134
35 158
35 177
35 203
35 250
35 253
35 269
35 279
35 291
36 96
36 103
36 110
36 123
36 126
36 139
36 180
36 193
36 209
36 235
36 256
36 286
37 77
37 107
37 122
37 125
37 200
37 212
38 49
38 208
39 110
39 204
39 205
39 217
39 221
39 269
39 287
40 54
40 65
40 75
40 77
40 122
40 127
40 143
40 158
40 235
40 255
40 309
41 52
41 133
41 202
41 217
41 226
41 272
42 178
42 204
42 280
43 77
43 125
43 135
43 260
44 234
45 125
45 162
46 266
47 76
47 83
47 129
47 165
47 207
47 217
48 121
48 142
48 279
49 50
49 99
49 127
49 226
49 232
49 258
50 88
50 161
50 173
51 61
51 72
51 126
51 128
51 226
51 237
52 86
52 111
52 124
52 174
52 226
53 130
54 59
54 70
54 122
54 124
54 127
54 128
54 147
54 151
54 168
54 204
54 261
54 266
54 267
54 277
55 70
55 75
55 90
55 129
55 185
55 201
55 245
56 90
56 297
56 304
57 122
57 245
57 252
57 283
58 139
58 262
59 130
59 206
59 252
59 273
60 65
60 121
61 63
61 85
61 121
61 124
61 199
61 226
61 231
61 276
61 291
61 304
61 311
62 103
62 157
62 197
62 203
62 297
64 91
65 67
65 217
66 106
66 204
67 77
67 124
67 125
67 221
67 242
68 135
68 140
68 172
69 180
69 289
70 126
70 129
70 189
70 232
70 241
70 263
70 273
71 107
71 128
72 75
72 125
72 144
72 158
72 313
73 100
73 110
73 122
73 134
73 176
73 200
73 218
73 232
73 244
73 263
73 309
74 76
74 117
74 222
75 117
75 210
75 273
75 295
75 304
75 315
76 125
76 128
76 140
76 201
76 226
76 240
76 273
77 103
77 106
77 111
77 115
77 124
77 134
77 146
77 202
77 204
77 221
77 238
77 249
77 252
77 264
78 125
78 262
79 216
79 238
80 88
80 117
80 155
80 160
80 243
80 305
81 121
81 128
81 229
81 233
82 139
82 280
83 258
83 281
84 85
84 123
84 129
84 139
84 221
84 226
84 294
84 309
85 95
85 98
85 154
85 185
85 212
85 246
85 273
85 274
85 276
85 283
85 286
85 290
85 312
86 94
86 95
86 100
86 126
86 204
86 205
86 226
86 232
86 301
87 127
87 131
87 208
88 166
88 225
89 90
89 98
89 100
89 102
89 108
89 123
89 127
89 150
89 163
89 185
89 195
89 227
89 257
90 98
90 122
90 127
90 156
90 172
90 233
90 246
90 279
90 286
90 288
90 308
91 210
92 122
92 123
92 132
92 200
92 203
92 234
93 98
93 121
93 200
95 124
95 125
95 126
95 127
95 128
95 235
95 266
95 277
96 99
96 117
96 122
97 124
97 147
97 148
97 162
97 232
97 235
97 262
97 271
97 313
98 121
98 202
98 204
98 260
99 122
99 129
99 131
99 147
99 195
99 201
99 213
99 220
99 273
99 285
99 292
99 304
100 104
100 126
100 127
100 128
100 129
100 134
100 143
100 215
100 218
100 233
100 265
100 298
101 266
102 127
102 192
103 126
103 185
103 214
103 221
103 239
103 278
104 116
104 125
104 127
104 176
105 124
105 233
105 243
105 266
105 313
106 162
106 171
106 181
106 187
106 220
106 268
106 279
107 110
107 125
107 126
108 161
108 192
108 203
108 262
109 128
110 122
110 134
110 220
110 229
110 232
110 241
110 305
111 129
111 155
111 218
111 226
111 232
111 233
111 250
111 289
111 299
112 117
112 123
112 128
112 165
112 171
112 283
112 289
115 135
115 139
116 206
117 125
117 154
117 228
117 254
117 259
117 265
117 279
118 223
119 206
119 222
119 232
119 302
120 125
120 129
120 144
120 219
120 237
121 123
121 124
121 125
121 127
121 128
121 149
121 157
121 170
121 176
121 182
121 195
121 211
121 232
121 235
121 237
121 264
121 273
121 274
121 290
121 304
121 306
121 309
122 123
122 127
122 134
122 137
122 140
122 144
122 165
122 168
122 176
122 193
122 199
122 203
122 220
122 223
122 233
122 257
123 126
123 128
123 129
123 134
123 160
123 173
123 180
123 185
123 192
123 199
123 210
123 219
123 228
123 262
123 263
123 264
123 267
123 269
123 284
123 296
123 301
123 309
124 139
124 149
124 160
124 166
124 173
124 203
124 231
124 232
124 233
124 236
124 252
124 259
124 262
124 273
124 280
124 293
124 300
124 308
125 142
125 144
125 198
125 202
125 206
125 207
125 209
125 217
125 223
125 238
125 240
125 250
125 263
125 272
125 274
125 303
126 155
126 160
126 162
126 174
126 180
126 181
126 201
126 209
126 217
126 232
126 233
126 234
126 235
126 259
126 261
126 267
126 278
126 286
126 287
126 296
126 314
127 129
127 132
127 135
127 163
127 173
127 174
127 185
127 200
127 209
127 224
127 235
127 246
127 251
127 292
127 298
127 304
128 195
128 205
128 223
128 237
128 241
128 264
128 267
128 285
128 297
128 302
129 134
129 201
129 219
129 221
129 232
129 237
129 243
129 261
129 267
129 279
129 296
130 233
131 194
132 232
132 253
133 160
133 207
134 151
134 204
134 230
134 234
134 235
134 246
134 252
134 291
134 307
134 311
135 160
135 201
135 309
136 193
137 212
137 241
137 250
139 163
139 226
139 242
139 262
140 149
140 192
140 226
140 232
141 150
141 160
141 275
141 315
143 257
143 262
144 277
145 219
145 235
146 213
147 168
147 173
147 279
147 311
148 222
148 269
148 277
149 172
149 188
149 226
150 235
151 156
151 157
151 187
151 223
152 204
152 221
152 278
152 303
154 192
154 206
154 222
155 173
155 215
155 296
155 304
156 280
157 280
158 204
159 219
160 168
160 193
160 233
160 283
161 291
162 238
162 267
162 272
163 168
163 183
163 203
163 279
163 297
163 308
166 199
166 289
167 264
168 266
169 176
169 183
169 292
170 174
170 235
170 285
171 241
171 286
172 226
172 239
173 233
173 252
173 279
173 308
173 309
174 204
174 262
174 309
176 181
177 236
177 275
178 228
178 245
178 309
179 200
179 226
179 249
180 204
180 226
180 239
180 260
180 296
180 309
181 215
181 266
182 183
182 297
182 309
183 186
183 198
183 264
183 293
183 296
183 312
185 252
185 293
185 309
187 232
187 238
188 218
188 231
188 246
188 290
189 202
189 246
189 308
190 223
192 228
193 226
193 235
193 277
195 207
195 233
195 235
195 267
195 278
196 234
196 264
196 288
196 309
197 219
197 289
198 207
198 234
198 265
198 302
198 304
199 219
199 235
199 237
200 241
201 205
201 216
201 219
201 226
201 232
201 233
201 234
201 235
201 241
201 296
202 209
202 266
204 207
204 239
204 288
204 312
206 280
206 295
207 209
207 232
207 246
207 314
208 215
208 239
208 264
208 272
209 233
212 242
213 232
215 246
215 247
215 276
216 290
217 226
217 234
219 312
220 233
220 234
222 292
223 233
224 233
225 236
226 236
226 256
226 309
226 313
228 229
228 260
228 304
229 243
230 264
230 272
231 235
231 304
232 279
232 280
232 292
232 301
232 309
233 235
233 246
233 247
233 248
233 269
233 272
233 279
233 296
233 299
233 305
234 266
234 313
235 238
235 261
235 263
235 275
235 279
235 286
235 304
236 250
236 309
238 266
238 309
239 263
239 299
239 309
240 241
240 258
241 311
246 271
247 285
250 285
255 266
257 266
257 315
258 309
259 302
261 309
264 265
264 266
264 267
264 312
266 280
273 297
276 279
276 284
278 296
279 303
280 292
283 299
296 299
