0 60
0 180
1 41
1 127
1 187
1 266
1 283
2 6
2 27
2 35
2 54
2 123
2 127
2 200
2 219
2 221
2 291
3 77
3 124
3 126
3 148
3 159
3 201
3 216
3 219
3 253
3 298
4 5
4 67
4 74
4 197
5 70
5 76
5 115
5 123
5 132
5 156
5 160
5 172
5 221
5 245
5 247
5 253
5 276
5 291
6 7
6 42
6 51
6 73
6 116
6 121
6 122
6 127
6 145
6 292
6 304
6 309
7 15
7 24
7 52
7 90
7 99
7 122
7 147
7 168
7 234
7 236
8 27
8 125
9 124
9 125
9 126
9 145
9 162
10 13
10 14
10 35
10 40
10 121
10 137
10 151
10 169
10 235
10 278
10 309
11 23
11 120
11 163
11 265
12 120
12 122
12 129
12 167
12 182
12 195
12 217
12 240
12 286
13 36
13 40
13 53
13 77
13 99
13 100
13 138
13 218
13 220
13 223
13 231
14 29
14 92
14 100
14 135
15 99
15 143
15 214
16 32
16 57
16 122
16 163
16 168
16 264
17 35
17 56
17 73
17 85
17 100
17 123
17 125
17 135
17 178
17 188
17 195
17 238
17 247
17 306
18 72
18 124
18 176
19 21
19 129
19 236
19 239
19 301
19 306
20 57
20 72
20 107
20 128
20 252
21 36
21 65
21 100
21 170
21 200
21 221
22 90
22 158
23 68
23 122
23 180
23 265
24 54
24 72
24 78
24 79
24 124
24 161
24 165
24 182
24 207
24 234
24 248
25 121
25 123
25 129
25 233
25 270
25 274
26 139
26 205
26 234
26 309
27 76
27 77
27 125
27 129
27 133
28 44
28 91
28 135
28 147
28 160
28 163
28 172
28 189
28 222
28 234
28 296
29 31
29 61
29 62
29 104
29 121
29 127
29 128
29 149
29 183
29 185
29 202
29 232
30 35
30 180
31 64
31 70
31 89
31 105
31 125
31 126
32 36
32 90
32 129
32 142
32 148
32 204
32 215
33 124
33 186
34 136
34 160
34 198
34 232
34 261
35 36
35 68
35 89
35 106
35 122
35 135
35 140
35 160
35 177
35 179
35 219
35 235
35 266
35 283
35 304
36 54
36 96
36 128
36 129
36 132
36 165
36 183
36 199
36 223
36 239
36 241
36 263
37 129
37 182
37 272
38 49
38 72
38 161
38 180
38 275
39 164
39 198
39 219
39 228
39 240
39 314
40 42
40 52
40 58
40 114
40 123
40 129
40 145
40 177
40 186
40 203
40 218
40 223
40 228
40 237
40 269
40 277
41 54
41 67
41 80
41 125
41 130
41 135
41 143
41 161
41 231
41 266
41 288
42 103
42 116
42 127
42 177
42 187
42 204
42 217
43 100
43 125
43 181
43 208
43 283
44 73
44 100
44 123
44 144
44 202
44 258
44 279
45 129
45 288
45 296
46 83
46 84
46 121
46 165
46 241
47 122
47 131
47 132
47 201
47 232
48 188
48 243
48 296
49 123
49 126
49 128
49 129
49 137
49 171
49 234
49 238
49 311
50 239
51 70
51 160
51 173
52 62
52 98
52 122
52 134
52 141
52 156
52 189
52 192
52 215
52 216
52 241
52 267
53 103
53 212
53 309
54 59
54 72
54 82
54 122
54 131
54 174
54 216
54 221
54 232
54 247
54 274
55 192
55 233
56 90
56 110
56 123
56 180
57 100
57 123
57 182
57 183
57 217
57 218
57 246
58 123
59 75
59 111
59 226
59 235
59 246
59 263
59 279
59 292
60 121
60 235
60 241
60 303
61 158
61 225
62 76
62 125
62 175
63 165
63 201
64 67
64 122
64 226
65 81
65 100
65 140
65 172
65 179
65 201
65 215
65 254
66 76
66 105
66 119
66 175
66 216
66 221
66 223
66 276
67 125
67 128
67 132
67 173
67 181
67 240
67 262
67 263
68 122
68 128
69 124
69 279
70 75
70 110
70 125
70 127
70 280
70 288
71 160
72 82
72 157
72 169
72 175
72 251
73 123
73 176
73 182
73 189
73 204
73 234
73 266
73 309
74 122
74 144
74 248
74 251
74 273
74 278
75 80
75 130
75 226
75 262
76 105
76 112
76 124
76 126
76 147
76 169
76 197
76 198
76 200
76 202
76 207
76 212
76 216
76 220
76 230
76 232
76 246
76 268
76 296
77 87
77 98
77 99
77 103
77 122
77 123
77 127
77 167
77 170
77 183
77 185
77 201
77 204
77 243
77 309
78 106
78 242
79 96
79 111
79 120
79 130
79 174
79 200
79 221
80 92
80 93
80 166
80 171
80 175
80 259
80 310
81 206
81 245
81 302
82 121
82 126
82 146
83 160
83 209
83 300
84 121
84 122
84 128
84 204
85 91
85 92
85 111
85 121
85 125
85 158
85 193
85 207
85 229
85 304
86 128
86 226
86 309
87 230
87 235
88 126
88 187
88 286
89 121
89 122
89 166
89 169
89 226
89 241
89 291
90 95
90 98
90 115
90 117
90 121
90 122
90 139
90 173
90 202
90 218
91 106
91 139
91 204
92 127
92 216
93 197
95 105
95 125
95 127
95 134
95 223
95 233
96 98
96 99
96 125
96 128
96 155
96 226
96 279
97 99
97 134
97 221
98 240
99 106
99 110
99 122
99 124
99 129
99 131
99 143
99 158
99 188
99 219
99 226
99 235
99 238
99 247
99 267
99 272
100 134
100 136
100 139
100 173
100 180
100 207
100 261
100 274
100 304
100 313
101 180
102 160
102 171
102 189
103 125
103 126
103 129
103 204
103 206
103 308
104 121
104 128
104 219
105 111
105 124
105 134
105 180
105 196
105 226
105 253
106 118
106 121
106 122
106 232
106 260
106 261
106 271
107 122
107 129
108 212
108 218
108 229
108 232
109 110
109 280
110 117
110 128
110 129
110 165
110 187
110 214
110 231
110 271
110 299
111 123
111 128
111 151
111 275
112 124
112 134
112 223
112 226
112 234
112 235
113 121
113 124
113 217
113 242
114 128
115 150
115 204
115 299
115 304
115 312
116 303
117 123
117 129
117 204
117 226
117 261
117 295
117 304
118 163
118 203
119 219
120 206
120 225
120 232
120 255
120 267
121 123
121 125
121 129
121 155
121 159
121 162
121 163
121 165
121 181
121 183
121 185
121 199
121 209
121 221
121 226
121 233
121 234
121 237
121 246
121 261
121 282
121 297
121 310
122 123
122 142
122 151
122 178
122 193
122 198
122 204
122 219
122 232
122 233
122 234
122 235
122 237
122 239
122 241
122 243
122 259
122 263
122 279
122 282
123 124
123 126
123 129
123 135
123 139
123 148
123 152
123 161
123 174
123 177
123 185
123 193
123 195
123 200
123 202
123 223
123 233
123 240
123 259
123 265
123 271
123 291
123 296
123 304
123 309
124 126
124 134
124 139
124 140
124 161
124 162
124 163
124 204
124 206
124 226
124 228
124 232
124 235
124 238
124 259
124 266
124 277
124 288
124 311
125 126
125 127
125 128
125 129
125 135
125 142
125 143
125 158
125 166
125 176
125 177
125 181
125 182
125 200
125 201
125 220
125 226
125 227
125 236
125 260
125 263
125 280
126 187
126 210
126 230
126 233
126 238
126 252
126 279
126 294
126 309
126 313
126 314
127 129
127 134
127 140
127 145
127 160
127 189
127 217
127 218
127 219
127 226
127 232
127 240
127 261
127 279
127 280
128 156
128 162
128 167
128 189
128 200
128 221
128 242
128 257
128 262
128 304
128 309
128 311
129 134
129 163
129 173
129 200
129 216
129 272
129 278
130 134
130 142
130 160
130 223
130 292
131 180
131 246
132 170
132 219
132 279
133 193
133 215
133 220
134 147
134 163
134 173
134 190
134 198
134 231
134 235
134 256
134 259
134 277
134 304
135 173
135 204
135 233
135 235
135 243
135 262
135 266
135 301
135 309
136 216
137 152
138 266
139 188
139 192
139 196
139 201
139 204
139 239
140 152
140 200
140 201
140 226
140 234
141 223
141 238
141 261
142 169
142 192
142 219
143 144
143 186
143 202
143 226
143 290
144 151
144 204
144 241
144 266
144 274
150 246
150 277
151 152
151 158
151 261
152 168
152 180
152 201
152 235
152 283
153 170
153 172
154 206
154 265
155 226
155 261
155 267
155 307
156 195
157 192
157 204
157 215
157 259
157 298
158 163
158 198
158 212
158 223
158 224
158 252
158 257
158 315
159 234
159 315
160 163
160 185
160 221
160 238
160 250
160 267
160 307
161 266
162 179
162 182
162 232
162 234
163 222
163 226
163 233
163 279
163 291
164 200
164 249
166 183
166 241
166 287
166 301
166 304
167 232
167 233
168 234
168 267
168 309
169 212
169 234
169 309
170 195
171 254
172 268
173 245
174 264
175 192
175 252
175 259
175 309
176 192
176 223
176 257
176 305
177 187
177 289
178 250
179 304
180 207
180 232
180 236
180 264
180 302
180 303
181 257
182 243
182 266
183 235
183 250
184 232
185 285
187 233
188 242
188 246
188 265
188 286
188 309
189 233
189 302
189 310
189 313
191 237
191 278
192 259
192 273
193 240
194 233
194 238
195 199
195 225
195 232
195 235
197 212
197 229
197 279
199 226
199 233
200 203
200 234
200 261
200 278
200 279
201 230
201 234
201 249
201 252
201 266
201 273
201 307
202 234
202 314
203 228
204 232
204 262
204 314
206 221
206 234
207 265
207 305
209 224
209 244
210 257
211 304
213 246
213 267
213 273
215 266
216 233
216 235
216 264
217 271
217 314
219 234
219 235
219 262
219 266
219 309
220 264
220 304
221 232
221 233
221 255
221 262
221 279
222 245
223 245
224 241
224 263
226 235
226 299
227 309
228 231
230 260
231 259
231 306
232 305
232 309
233 236
233 240
233 264
233 273
233 276
233 309
233 310
234 238
235 236
235 278
235 279
235 286
236 283
237 274
237 285
238 273
239 278
239 287
240 253
240 259
241 266
241 278
241 288
241 292
241 301
244 315
245 309
246 254
246 309
247 286
248 283
250 267
250 304
252 271
255 269
257 305
267 286
269 286
269 304
271 286
273 279
273 302
274 275
275 280
287 293
291 307
292 314
