0 5
0 34
0 90
1 56
1 123
1 309
2 19
2 95
2 99
2 106
2 121
2 247
2 262
3 23
3 60
3 129
3 177
3 197
3 228
3 264
3 298
4 18
4 35
4 105
4 140
4 180
4 233
4 245
5 12
5 30
5 37
5 44
5 76
5 77
5 85
5 100
5 120
5 122
5 126
5 134
5 139
5 147
5 169
5 208
5 239
5 244
5 266
6 7
6 17
6 20
6 22
6 28
6 40
6 57
6 92
6 99
6 160
6 165
6 185
6 262
6 314
7 29
7 31
7 44
7 82
7 97
7 98
7 99
7 100
7 110
7 120
7 201
7 213
7 234
7 245
7 292
7 309
8 73
8 82
8 123
8 125
8 206
9 35
9 86
9 126
9 127
10 20
10 24
10 95
10 100
10 106
10 108
10 126
10 204
10 298
11 19
11 106
11 128
12 37
12 39
12 64
12 126
12 127
12 128
12 232
12 286
13 73
13 80
13 89
13 117
13 124
13 125
13 163
13 186
13 190
13 256
13 266
13 279
13 309
14 77
14 90
14 189
15 28
15 82
15 88
15 103
16 101
16 265
16 279
16 293
17 76
17 121
17 167
17 201
17 214
17 221
17 237
17 266
17 314
18 76
18 85
18 127
18 220
18 238
18 246
18 276
19 153
19 173
19 176
19 193
19 301
20 91
20 123
20 164
20 195
20 249
20 280
20 309
21 60
21 99
21 103
21 198
21 253
21 292
22 61
22 95
22 105
22 122
22 123
22 125
22 135
22 151
23 35
23 90
23 115
23 121
23 124
23 171
23 180
23 219
23 237
24 99
24 140
24 163
24 183
24 204
24 207
24 229
25 264
26 47
26 126
26 163
26 238
28 39
28 66
28 95
28 133
28 235
28 244
28 306
29 49
29 69
29 71
29 73
29 105
29 106
29 125
29 139
29 160
29 181
29 223
29 263
29 267
29 292
29 309
30 238
31 90
31 121
31 127
31 128
31 135
31 151
31 233
31 297
32 36
32 81
32 100
32 124
32 129
32 134
32 155
33 261
33 266
33 268
33 305
34 52
34 91
34 214
34 221
34 242
34 267
34 297
35 86
35 97
35 98
35 99
35 113
35 121
35 128
35 132
35 153
35 169
35 189
35 196
35 205
36 76
36 79
36 107
36 129
36 142
36 160
36 174
36 204
36 209
36 235
36 241
36 261
36 264
37 38
37 39
37 127
37 210
37 226
37 265
38 93
38 215
38 253
39 49
39 90
39 100
39 123
39 163
39 188
39 223
39 301
40 48
40 76
40 160
40 163
40 174
40 216
40 218
40 233
40 236
40 259
40 278
40 309
41 69
41 72
41 99
41 110
41 127
41 155
41 157
41 168
41 201
41 304
42 59
42 69
42 126
42 129
42 132
42 134
42 167
43 240
44 68
46 163
47 66
47 259
47 274
47 279
47 304
48 135
48 226
48 233
49 77
49 90
49 220
49 238
49 253
49 286
50 221
50 292
51 74
51 84
51 106
51 145
52 72
52 122
52 127
52 129
52 200
52 215
52 233
52 309
53 84
53 129
53 276
54 56
54 61
54 88
54 105
54 121
54 126
54 130
54 203
54 208
54 220
54 226
55 91
55 116
55 125
55 193
55 268
56 115
56 124
56 151
56 311
57 77
57 100
57 127
57 160
57 219
57 230
57 245
57 292
58 206
58 240
58 266
59 72
59 74
59 86
59 98
59 122
59 127
59 142
59 161
59 203
59 268
60 76
60 178
61 67
61 92
61 122
61 174
61 200
61 201
62 125
62 132
62 220
63 185
64 215
64 225
65 196
65 235
65 264
66 99
66 127
66 211
66 233
66 255
67 82
67 112
67 247
67 266
67 288
68 112
68 127
68 177
68 239
69 128
69 183
69 226
69 304
70 87
70 126
70 155
71 129
71 132
71 185
72 123
72 168
72 187
72 237
72 259
72 298
73 76
73 127
73 167
73 201
73 232
73 267
74 110
74 127
74 228
75 90
75 112
75 134
75 185
75 234
75 273
75 274
76 92
76 102
76 117
76 125
76 134
76 162
76 163
76 167
76 190
76 210
76 221
76 234
76 239
76 304
77 80
77 83
77 107
77 124
77 175
77 177
77 182
77 201
77 215
77 221
77 288
78 112
78 201
78 219
78 264
79 124
79 206
79 223
79 309
80 110
80 125
80 126
80 163
80 232
80 258
80 275
80 289
80 294
80 295
81 123
81 124
81 129
81 148
81 163
81 182
81 215
82 124
82 128
82 168
82 182
82 209
82 232
83 122
83 180
83 233
84 135
84 164
84 182
84 240
84 257
85 119
85 121
85 123
85 126
85 127
85 128
85 139
85 166
85 188
85 206
85 252
86 132
87 106
87 124
88 152
88 168
88 233
88 292
89 93
89 135
89 154
89 180
89 184
89 239
89 285
90 91
90 92
90 123
90 124
90 125
90 126
90 129
90 131
90 139
90 162
90 173
90 189
90 236
90 274
90 275
90 287
91 207
91 209
91 238
92 138
92 279
92 280
93 125
93 219
94 116
95 106
95 110
95 125
95 133
95 161
95 163
95 165
95 215
95 233
95 241
95 279
95 309
96 106
97 102
97 164
97 258
98 99
98 126
98 159
98 165
98 175
98 226
98 235
99 111
99 112
99 122
99 123
99 125
99 126
99 127
99 143
99 150
99 181
99 206
99 214
99 219
99 241
99 259
100 111
100 125
100 148
100 170
100 183
100 193
100 210
100 219
100 252
100 260
100 263
100 268
100 286
100 289
101 221
102 127
103 204
103 235
103 259
103 286
104 166
104 198
105 109
105 121
105 169
105 217
106 127
106 195
106 292
106 297
107 123
107 125
107 163
107 202
107 203
107 204
108 127
108 190
108 240
108 262
108 273
109 122
109 129
110 122
110 124
110 125
110 158
110 184
110 220
110 226
110 233
110 237
111 213
111 238
111 241
111 288
111 309
112 188
112 217
112 219
112 241
112 278
112 282
113 122
114 167
114 247
114 252
115 137
115 165
115 232
115 267
116 181
116 194
116 234
117 138
117 234
117 282
117 309
118 215
118 239
118 259
119 168
120 245
120 252
120 254
121 124
121 127
121 128
121 129
121 187
121 210
121 219
121 232
121 249
121 259
121 285
121 303
121 304
122 123
122 128
122 133
122 134
122 135
122 139
122 140
122 199
122 215
122 218
122 219
122 231
122 232
122 233
122 235
122 236
122 238
122 241
122 243
122 245
122 269
122 271
122 279
122 286
122 299
122 304
123 124
123 128
123 155
123 157
123 158
123 163
123 181
123 182
123 195
123 202
123 214
123 225
123 226
123 234
123 238
123 249
123 255
123 257
123 267
123 305
124 125
124 126
124 128
124 129
124 134
124 135
124 137
124 153
124 170
124 187
124 193
124 194
124 226
124 233
124 262
124 271
124 278
124 280
124 289
124 298
124 309
125 128
125 134
125 135
125 155
125 160
125 162
125 165
125 166
125 170
125 195
125 201
125 202
125 203
125 206
125 219
125 223
125 230
125 231
125 238
125 253
125 261
125 265
125 266
125 271
125 281
125 286
125 300
125 305
125 309
126 165
126 174
126 192
126 197
126 207
126 210
126 219
126 229
126 236
126 241
126 265
126 283
126 314
127 128
127 143
127 151
127 162
127 169
127 188
127 200
127 214
127 232
127 233
127 234
127 255
127 279
128 134
128 163
128 168
128 172
128 174
128 179
128 195
128 199
128 201
128 202
128 226
128 232
128 259
128 290
129 134
129 162
129 173
129 216
129 232
129 234
129 240
129 267
129 271
129 279
129 281
130 141
130 158
130 207
130 226
130 305
131 178
131 223
131 263
132 180
132 252
132 279
133 164
133 187
133 208
133 218
133 220
133 222
133 223
133 283
134 140
134 155
134 163
134 169
134 174
134 180
134 202
134 206
134 219
134 223
134 237
134 241
134 254
134 268
134 271
134 278
134 304
135 138
135 174
135 195
135 206
135 231
135 233
136 148
137 235
138 238
139 146
139 165
139 243
139 247
139 251
140 163
140 176
140 181
140 231
140 234
141 254
141 259
142 232
142 234
143 223
143 233
143 263
144 218
144 233
144 279
145 197
145 209
145 234
147 209
147 232
147 236
148 228
148 235
148 279
149 237
150 168
150 263
151 252
151 294
151 297
153 192
153 288
153 312
154 232
154 234
154 253
154 298
155 168
155 233
155 262
156 219
156 230
157 234
157 259
157 314
158 165
158 175
158 183
158 204
158 206
158 223
158 246
158 303
159 230
159 252
160 226
160 231
160 258
160 279
160 286
162 249
163 174
163 188
163 234
164 180
164 214
164 223
164 304
165 193
165 232
165 250
165 286
166 273
167 175
168 191
168 203
168 204
168 235
168 241
168 302
168 312
169 226
169 228
170 202
170 211
170 240
171 210
171 314
172 218
173 232
173 233
174 247
174 264
174 296
175 264
177 200
177 243
177 259
178 198
178 273
179 249
180 201
180 219
180 238
180 241
180 259
181 192
181 285
182 190
182 234
183 231
183 245
183 277
183 301
183 309
184 197
185 219
185 226
185 232
186 222
187 204
188 197
188 219
188 226
188 232
188 251
188 304
189 194
189 252
190 315
191 192
191 238
191 289
192 194
192 212
192 233
192 246
194 235
195 246
195 257
196 307
198 221
198 223
199 259
200 201
200 206
200 233
200 269
200 285
201 280
202 212
202 226
203 260
203 261
204 219
204 233
204 264
204 271
204 286
204 306
205 218
206 238
206 265
206 275
207 226
207 246
209 227
209 238
209 291
209 304
210 309
212 220
212 241
212 243
213 218
215 235
216 241
216 259
216 304
217 242
217 252
217 265
218 266
219 235
219 246
219 302
220 235
221 259
221 308
222 235
222 280
222 313
223 257
223 306
224 234
224 265
226 236
226 238
226 250
226 259
226 260
232 236
232 253
232 260
232 266
232 269
232 277
232 286
232 292
233 236
233 245
233 261
233 307
234 269
234 275
234 279
234 302
234 304
235 277
236 264
236 266
238 292
239 244
240 243
240 280
240 288
242 247
246 247
246 251
246 276
249 268
253 267
256 288
258 304
259 268
261 309
262 278
263 281
264 296
265 290
265 304
267 288
274 279
275 277
276 301
285 314
296 315
304 312
309 314
