0 20
0 233
1 77
1 123
1 173
1 276
2 7
2 19
2 37
2 38
2 87
2 95
2 106
2 165
2 245
2 257
2 306
3 44
3 238
4 5
4 75
4 113
4 123
4 128
4 223
4 241
4 257
4 261
4 313
5 18
5 22
5 35
5 38
5 90
5 110
5 140
5 169
5 180
5 189
5 201
5 203
5 210
5 238
5 250
5 313
6 7
6 11
6 14
6 99
6 126
6 128
6 187
6 195
6 198
6 221
6 247
6 256
6 301
7 9
7 22
7 84
7 85
7 87
7 122
7 127
7 129
7 174
7 212
7 232
7 266
8 13
8 48
8 90
8 197
8 228
8 282
9 97
9 110
9 137
9 140
9 147
9 280
10 24
10 56
10 89
10 147
10 170
10 180
10 234
11 76
11 110
11 121
11 123
11 133
11 215
12 42
12 59
12 188
12 193
12 206
12 233
12 283
12 310
13 91
13 123
13 129
13 133
13 150
13 231
13 232
13 257
13 286
14 76
14 129
14 240
14 271
14 279
16 99
16 122
16 149
16 153
16 165
16 188
16 201
16 214
17 100
17 105
17 134
17 161
17 202
17 232
17 299
17 309
18 44
18 49
18 76
18 121
18 125
18 127
18 134
18 266
19 72
19 218
20 35
20 75
20 112
20 121
20 122
20 123
20 201
20 214
20 238
20 265
21 28
21 90
21 125
21 160
21 227
21 304
22 24
22 123
22 126
22 127
22 231
23 26
23 41
23 100
23 144
23 155
23 204
23 218
23 267
24 37
24 92
24 117
24 122
24 124
24 198
24 226
24 232
24 256
24 288
25 80
25 266
26 36
26 68
26 127
26 228
26 273
26 309
27 55
27 162
27 187
28 74
28 105
28 123
28 126
28 186
28 203
28 215
28 226
28 241
28 271
29 126
29 154
29 195
29 234
30 35
30 201
30 216
31 52
32 86
32 142
32 232
33 35
33 52
33 87
33 99
33 122
33 167
33 173
34 181
34 223
34 226
35 91
35 104
35 123
35 125
35 126
35 136
35 141
35 142
35 153
35 154
35 168
35 202
35 216
35 233
35 253
35 269
36 121
36 122
36 131
36 160
36 164
36 172
36 199
36 204
36 232
36 264
37 40
37 72
37 104
37 226
38 110
38 185
38 264
38 315
39 61
39 126
39 158
39 203
39 204
39 221
39 263
39 308
40 89
40 125
40 144
40 155
40 168
40 215
40 226
40 231
40 238
40 265
41 91
41 180
41 201
41 210
41 223
42 55
42 84
42 102
42 126
42 129
42 161
42 234
42 247
42 277
43 63
43 75
43 96
43 228
44 139
44 173
44 215
44 243
44 255
45 50
45 204
46 304
47 121
47 189
47 220
47 241
48 97
49 89
49 156
49 163
49 226
49 236
49 279
50 170
51 53
51 90
51 124
51 128
51 129
51 135
51 137
51 158
52 93
52 99
52 112
52 135
52 149
52 173
52 222
52 265
52 266
53 107
53 115
53 238
54 124
54 126
54 134
54 135
54 266
54 288
54 306
55 76
55 91
55 134
55 162
55 184
55 209
55 217
55 223
56 93
56 164
56 204
56 300
57 121
57 216
57 233
57 286
57 290
58 115
58 195
59 89
59 166
59 230
59 289
60 125
60 208
60 309
60 314
61 72
61 111
61 223
61 228
61 259
61 274
62 172
63 255
65 77
65 100
65 124
65 135
65 174
66 99
66 140
66 161
66 178
66 202
66 208
66 226
66 253
66 265
66 266
67 92
67 193
67 219
67 233
69 113
69 117
69 122
69 123
69 180
69 228
70 122
70 123
70 127
70 208
70 232
71 234
72 76
72 77
72 128
72 195
72 200
73 77
73 122
73 123
73 124
73 125
73 128
73 155
73 180
73 212
73 229
73 241
73 274
74 87
74 117
74 223
75 124
75 125
75 159
75 203
75 210
75 226
75 234
75 243
75 299
75 315
76 93
76 117
76 121
76 122
76 126
76 127
76 134
76 142
76 186
76 195
76 197
76 201
76 202
76 220
76 224
76 233
76 271
77 99
77 120
77 124
77 126
77 165
77 174
77 189
77 203
77 226
77 232
78 233
78 256
79 125
79 172
79 304
80 100
80 133
80 215
80 279
81 128
81 226
82 196
82 233
83 90
83 152
83 228
84 124
84 206
84 231
84 269
85 106
85 107
85 120
85 124
85 128
85 160
85 165
85 214
85 217
85 245
85 252
85 274
85 276
86 178
86 184
86 221
86 249
87 121
88 134
88 189
88 267
89 209
89 236
89 291
89 304
90 112
90 121
90 122
90 219
90 252
90 259
93 147
93 155
93 172
93 204
93 216
93 266
93 309
94 168
94 315
95 154
95 155
95 259
95 267
97 99
97 182
97 226
97 227
97 228
98 137
98 152
98 220
98 241
98 277
99 176
99 182
99 220
99 233
99 273
99 284
99 288
99 290
100 122
100 127
100 128
100 162
100 166
100 184
100 199
100 201
100 208
100 219
100 264
100 277
100 298
100 302
100 303
101 122
101 128
101 224
101 308
102 269
102 282
103 147
103 180
103 236
104 212
104 237
104 309
105 117
105 164
105 235
105 238
105 266
106 174
106 187
106 232
106 288
107 203
107 236
108 165
108 232
108 266
109 127
109 139
109 185
110 153
110 168
110 195
110 245
110 258
110 296
111 127
111 153
111 207
111 220
111 222
111 233
111 285
112 237
112 304
113 228
114 257
115 123
115 146
115 197
116 216
116 261
117 126
117 190
117 193
117 204
117 206
117 264
117 282
117 286
118 121
119 123
119 129
120 164
120 263
120 271
120 305
120 310
121 123
121 124
121 127
121 134
121 136
121 147
121 148
121 166
121 169
121 172
121 224
121 234
121 236
121 241
121 246
121 247
121 259
121 261
121 266
121 274
121 300
121 302
121 308
121 309
122 127
122 153
122 166
122 175
122 186
122 192
122 199
122 204
122 212
122 214
122 218
122 233
122 241
122 243
122 250
122 257
122 262
122 266
122 282
122 297
122 304
123 124
123 126
123 127
123 129
123 130
123 131
123 134
123 158
123 166
123 182
123 193
123 195
123 201
123 217
123 279
123 292
124 125
124 126
124 127
124 128
124 154
124 183
124 197
124 207
124 218
124 219
124 232
124 247
124 259
124 277
124 302
125 126
125 138
125 149
125 155
125 164
125 167
125 169
125 223
125 226
125 235
125 241
125 264
125 274
125 277
125 284
125 298
125 312
126 146
126 171
126 182
126 183
126 221
126 227
126 233
126 236
126 247
126 269
126 287
126 291
126 292
126 313
127 130
127 131
127 171
127 173
127 191
127 200
127 207
127 234
127 235
127 268
127 271
127 285
127 291
127 313
128 135
128 147
128 165
128 173
128 220
128 222
128 223
128 231
128 233
128 234
128 291
128 294
129 130
129 141
129 153
129 165
129 167
129 195
129 200
129 232
129 235
129 240
129 265
129 268
129 280
130 189
130 192
131 235
131 257
132 201
133 219
134 159
134 169
134 226
134 274
134 286
134 296
134 300
134 305
135 180
135 194
135 204
135 233
135 246
135 266
135 288
137 204
137 233
137 234
137 247
137 292
138 144
138 159
138 288
138 309
139 197
140 204
140 217
140 241
140 261
140 263
141 256
141 299
142 265
143 304
144 193
144 226
144 275
144 309
144 314
145 248
146 259
147 200
147 217
148 208
148 286
149 257
150 154
150 173
150 232
151 212
152 166
152 188
152 226
152 237
153 159
153 236
154 267
155 182
155 195
156 181
156 235
156 264
156 284
157 177
157 192
158 231
159 170
159 209
159 236
159 267
159 301
160 212
160 219
160 246
160 259
160 274
160 280
160 308
161 233
161 235
161 288
162 309
163 168
163 189
163 215
165 170
165 215
166 204
166 215
166 226
166 264
168 203
168 204
168 217
169 225
169 245
169 247
170 264
173 200
173 235
174 175
174 202
174 206
174 233
174 261
174 267
174 280
174 284
179 275
180 181
180 199
180 275
180 290
180 297
180 309
180 310
181 183
181 199
181 254
181 271
182 230
183 236
185 201
186 267
187 258
187 261
188 239
188 241
188 266
188 304
188 313
189 266
189 311
190 232
191 234
191 311
193 207
193 234
193 252
193 267
193 305
194 213
195 232
195 234
195 253
195 266
195 268
195 308
196 309
197 233
197 260
198 217
199 211
199 219
199 227
199 309
200 209
200 224
200 232
200 258
201 204
201 227
201 241
201 277
201 314
202 207
202 208
202 226
202 233
202 238
202 280
203 266
203 304
204 210
204 232
204 233
204 235
204 238
204 252
204 288
204 309
205 233
206 233
206 250
206 283
208 209
209 219
209 221
209 304
210 237
210 276
210 313
211 304
212 233
213 280
214 253
217 224
218 307
219 273
219 304
220 233
220 299
221 233
221 234
221 259
221 289
222 226
223 259
223 307
224 264
225 246
226 237
226 238
226 241
226 275
226 280
226 284
226 311
227 271
228 233
228 240
228 266
228 286
228 304
232 233
232 238
232 241
232 262
232 285
232 304
232 312
233 237
233 238
233 241
233 244
233 245
233 246
233 249
233 287
233 314
234 254
234 256
234 263
234 314
235 264
235 277
237 261
238 292
238 309
240 309
241 267
246 277
246 285
246 295
246 299
249 258
249 279
252 291
257 266
257 305
258 309
259 267
262 268
263 268
263 269
264 310
264 313
265 280
266 275
266 301
266 304
267 269
269 309
275 286
277 278
280 304
280 309
285 298
286 309
299 314
