0 5
0 100
0 124
1 290
1 309
2 88
2 100
2 226
2 236
3 16
3 90
3 121
3 192
3 233
3 292
4 23
4 76
4 84
4 132
4 184
4 219
4 222
4 230
4 291
4 292
5 29
5 34
5 42
5 47
5 54
5 77
5 84
5 85
5 117
5 122
5 126
5 127
5 139
5 143
5 149
5 161
5 194
5 219
5 223
5 264
5 286
5 309
6 28
6 40
6 89
6 122
6 126
6 127
6 129
6 163
6 189
6 202
6 226
6 263
6 266
6 267
6 279
7 139
7 172
7 236
7 241
7 289
7 299
8 20
8 128
8 203
9 33
9 34
9 36
9 95
9 137
10 20
10 24
10 121
10 132
10 134
10 198
10 202
10 205
10 210
10 236
10 266
11 63
11 127
11 203
11 252
11 303
12 90
12 95
12 108
12 124
12 130
12 134
12 135
12 139
12 177
12 182
12 232
12 304
13 27
13 40
13 62
13 67
13 144
13 151
13 160
13 163
14 55
14 120
14 139
14 161
14 174
14 238
14 247
15 110
15 157
15 158
15 177
15 220
16 112
16 127
16 143
16 162
16 279
17 35
17 59
17 111
17 121
17 122
17 123
17 143
17 184
17 204
17 216
17 218
17 226
17 264
17 282
17 283
18 43
18 117
18 198
18 259
18 271
18 282
19 74
19 77
19 92
19 193
20 23
20 89
20 121
20 145
20 151
20 180
20 195
20 233
21 58
22 50
22 51
22 96
22 122
22 126
22 169
22 171
22 208
22 309
23 67
23 241
24 189
24 261
25 78
25 82
26 110
26 126
26 188
26 298
27 124
27 158
27 232
27 289
28 64
28 101
28 117
28 122
28 186
28 219
28 222
28 235
28 299
29 128
29 129
29 170
29 206
29 209
29 221
29 234
29 249
29 292
30 193
30 299
30 301
31 43
31 90
31 96
31 121
31 129
31 266
32 90
32 106
32 116
32 125
32 181
32 193
32 200
33 59
33 108
33 126
33 212
33 241
33 264
33 279
34 62
34 97
34 106
34 187
34 188
34 238
35 44
35 70
35 73
35 85
35 90
35 108
35 121
35 146
35 163
35 166
35 183
35 217
35 226
35 233
35 235
35 238
35 246
35 264
35 299
35 304
36 96
36 121
36 128
36 201
36 207
36 223
36 232
36 243
36 262
36 268
36 279
36 312
37 40
37 72
37 91
37 111
37 115
37 204
37 208
37 279
38 105
38 128
38 309
39 44
39 51
39 122
39 125
39 132
39 139
39 160
39 232
40 154
40 196
40 226
40 233
40 235
40 304
41 81
41 100
41 127
41 134
41 206
41 222
41 232
41 279
41 288
42 160
42 207
42 266
42 289
42 304
42 309
44 99
44 117
44 284
45 170
46 188
46 309
47 100
48 181
48 204
49 77
49 85
49 107
49 122
49 123
49 127
49 168
49 286
50 121
50 171
50 254
50 301
50 305
51 55
51 66
51 77
51 124
51 167
51 173
51 217
52 77
52 110
52 124
52 133
52 215
52 230
52 253
53 121
53 124
53 206
53 266
54 61
54 129
54 220
54 259
54 296
55 61
55 129
55 139
56 226
56 232
56 243
56 286
57 80
57 140
57 143
57 204
58 122
58 123
58 129
58 152
59 77
59 84
59 122
59 129
59 185
59 186
59 213
59 219
59 274
59 292
60 127
60 130
60 287
61 123
61 297
62 73
62 127
62 135
62 171
62 228
63 152
64 92
64 95
64 99
64 131
64 181
65 151
65 225
65 265
66 155
66 177
67 77
67 85
67 195
67 204
67 237
67 263
67 279
68 92
68 109
68 189
69 111
69 112
69 226
69 238
69 239
70 77
70 105
70 215
70 217
70 263
71 217
71 289
72 121
72 126
72 232
73 100
73 123
73 127
73 207
73 235
73 253
73 278
74 85
74 110
74 124
74 177
74 215
74 231
74 279
75 76
75 93
75 100
75 121
75 122
75 137
75 151
75 170
75 176
75 204
75 236
75 265
75 304
76 78
76 95
76 110
76 111
76 119
76 124
76 131
76 142
76 174
76 184
76 186
76 232
76 234
76 235
76 311
77 85
77 117
77 121
77 127
77 140
77 152
77 174
77 183
77 185
77 196
77 202
77 204
77 211
77 220
77 232
77 233
77 273
77 277
77 278
78 168
78 284
79 143
79 162
79 283
80 89
80 162
80 167
80 201
80 209
81 123
81 125
81 129
81 158
81 169
81 241
81 246
81 247
82 100
82 126
82 134
82 151
83 96
83 97
83 123
83 153
83 183
83 235
83 306
84 89
84 125
84 198
84 298
85 122
85 235
85 249
85 291
85 304
86 123
86 233
86 266
86 314
87 124
87 166
87 238
87 297
88 112
88 207
89 123
89 128
89 189
89 209
89 226
89 232
89 308
90 124
90 126
90 129
90 160
90 164
90 174
90 182
90 186
90 188
90 189
90 204
90 233
90 252
90 262
90 282
90 314
91 121
91 132
91 227
93 158
93 183
93 218
93 234
93 297
93 309
93 310
94 255
95 296
96 144
97 271
98 139
98 308
99 122
99 123
99 126
99 129
99 139
99 171
99 175
99 185
99 209
99 210
99 235
99 244
99 278
99 309
100 105
100 123
100 131
100 147
100 198
100 236
101 134
101 139
101 263
102 122
102 124
102 141
102 189
103 122
103 129
103 130
103 190
103 234
103 252
104 121
104 124
104 126
104 135
104 138
104 139
104 179
104 252
104 279
104 311
105 126
105 136
105 147
105 152
105 163
105 165
105 235
106 134
106 164
106 180
106 185
106 217
106 253
106 280
106 309
107 233
107 288
108 121
108 174
108 180
108 181
108 185
108 203
108 234
108 279
108 315
109 123
110 112
110 143
110 250
110 296
111 122
111 213
111 275
111 288
112 133
112 134
112 140
112 186
112 241
112 255
112 259
112 279
113 125
113 127
113 168
114 124
115 126
115 140
115 151
115 219
116 240
116 304
116 312
117 160
117 182
117 207
117 226
117 257
117 300
117 307
118 121
118 122
119 128
119 190
119 204
120 129
120 162
120 165
120 185
120 193
120 234
120 263
120 273
120 279
121 122
121 123
121 129
121 153
121 159
121 174
121 187
121 191
121 204
121 212
121 234
121 237
121 239
121 261
121 273
121 274
121 289
121 297
121 298
121 304
122 123
122 127
122 129
122 140
122 144
122 172
122 173
122 175
122 176
122 179
122 195
122 206
122 226
122 228
122 230
122 241
122 247
122 252
122 271
122 275
122 279
122 310
123 128
123 132
123 138
123 139
123 140
123 155
123 160
123 173
123 190
123 192
123 193
123 201
123 209
123 220
123 223
123 231
123 235
123 237
123 250
123 255
123 266
123 293
123 304
124 127
124 128
124 134
124 141
124 147
124 155
124 159
124 160
124 201
124 217
124 218
124 226
124 252
124 257
124 264
124 267
124 271
124 292
124 309
125 126
125 128
125 135
125 155
125 157
125 193
125 204
125 212
125 227
125 228
125 232
125 241
125 279
125 280
125 291
125 308
126 135
126 142
126 164
126 175
126 189
126 206
126 209
126 227
126 233
126 234
126 238
126 273
126 314
126 315
127 130
127 141
127 160
127 167
127 168
127 193
127 202
127 219
127 223
127 234
127 241
127 246
127 250
127 256
128 132
128 134
128 140
128 178
128 200
128 202
128 204
128 207
128 216
128 220
128 234
128 246
128 247
128 252
128 257
128 265
128 266
128 291
129 132
129 149
129 158
129 166
129 169
129 177
129 181
129 185
129 201
129 216
129 226
129 257
129 296
130 134
130 186
130 226
130 238
130 241
130 276
131 182
132 232
132 238
132 261
132 288
133 221
133 256
134 163
134 175
134 189
134 227
134 234
134 237
134 262
134 269
134 271
134 277
135 168
135 184
135 221
135 226
135 245
135 312
136 180
136 200
137 251
137 252
137 309
138 286
138 288
139 160
139 211
140 155
140 163
140 180
140 231
140 234
140 252
141 219
141 230
141 259
142 182
143 180
143 182
143 224
143 228
144 193
144 210
144 228
144 263
144 271
144 279
144 288
144 292
145 286
146 207
146 289
148 173
149 178
149 179
149 197
149 232
149 234
149 238
150 241
151 229
152 216
154 197
155 158
155 262
156 182
156 189
156 271
157 313
158 200
158 217
158 234
158 245
158 258
158 292
158 309
159 238
159 309
160 215
160 234
160 235
160 243
160 246
162 193
162 223
162 224
162 288
162 314
163 168
163 201
164 232
165 243
165 271
166 235
167 233
168 234
168 261
168 262
168 276
169 202
169 203
169 299
170 176
170 204
171 206
171 234
172 208
172 221
173 201
173 264
173 288
174 228
174 265
176 180
176 184
178 247
180 204
180 219
180 265
180 268
180 288
181 220
182 266
183 190
183 235
183 238
183 243
183 292
184 221
184 278
185 226
185 238
185 313
186 265
188 203
188 204
188 264
189 220
189 259
189 286
189 313
191 268
192 198
192 205
192 238
193 214
193 226
193 232
193 288
195 235
195 298
196 212
197 239
197 266
197 314
199 235
199 310
200 214
200 235
200 241
200 293
200 315
201 235
201 294
202 239
202 265
202 310
203 226
203 280
204 243
204 249
204 252
204 257
204 266
204 307
205 240
206 271
206 299
211 279
214 276
216 232
216 234
217 304
218 286
218 309
219 293
219 309
220 286
221 257
221 292
223 241
223 259
223 270
223 279
223 309
224 290
224 311
225 268
225 309
226 241
226 255
226 279
226 307
227 276
231 266
232 233
232 234
232 253
232 258
232 262
232 292
233 259
233 304
234 241
234 252
234 257
234 264
234 277
235 250
235 264
235 268
235 281
235 286
235 312
236 266
236 279
237 295
237 304
237 312
238 309
239 304
240 275
240 288
241 302
244 278
245 275
249 267
250 252
252 288
253 273
255 280
257 277
257 279
257 292
259 286
259 288
263 281
264 309
265 309
266 274
266 286
266 292
266 296
267 313
269 304
270 302
272 279
273 279
288 305
301 309
306 312
