0 13
0 62
0 294
1 39
1 153
1 160
1 228
2 4
2 13
2 57
2 60
2 106
2 124
2 138
2 235
2 312
3 51
3 81
3 124
3 149
3 158
3 169
3 226
3 230
3 234
3 238
3 273
4 6
4 50
4 56
4 79
4 124
4 309
5 7
5 76
5 90
5 99
5 105
5 110
5 121
5 122
5 128
5 135
5 201
5 218
5 227
5 232
5 237
5 268
6 16
6 68
6 90
6 103
6 120
6 126
6 134
6 178
6 193
6 212
6 216
6 223
6 238
6 286
7 34
7 92
7 124
7 126
7 127
7 215
7 233
7 241
7 250
7 302
8 98
8 126
8 149
8 188
8 194
9 128
9 202
9 229
9 232
9 234
9 241
9 268
10 29
10 39
10 76
10 87
10 127
10 187
10 204
10 233
10 234
10 259
10 280
11 39
11 57
11 123
11 218
11 227
12 98
12 158
12 233
12 238
12 310
13 120
13 123
13 124
13 160
13 232
13 244
13 258
14 28
14 36
14 42
14 110
14 125
14 135
14 164
14 202
14 314
15 82
15 160
15 226
15 302
16 122
16 172
16 183
16 226
16 232
16 236
16 266
17 27
17 31
17 49
17 57
17 115
17 123
17 143
17 144
17 160
17 235
17 254
18 42
18 48
18 121
18 125
18 139
18 185
18 227
18 309
19 186
19 280
20 42
20 67
20 121
20 185
20 208
20 214
20 293
20 304
20 307
21 55
21 72
21 76
21 115
21 163
21 207
22 107
22 111
22 122
22 125
22 202
22 235
22 241
22 290
23 86
23 100
23 126
23 144
23 157
23 180
23 193
23 203
23 261
24 233
24 304
26 58
26 93
26 125
26 198
26 203
26 235
26 286
27 55
27 115
27 127
27 140
28 128
28 163
28 192
28 204
28 222
28 279
29 41
29 66
29 79
29 116
29 121
29 248
29 264
29 278
30 181
31 98
31 116
31 155
31 234
32 49
32 108
32 112
32 119
32 122
32 258
33 81
33 127
33 143
33 166
33 169
33 184
33 226
33 241
33 267
34 95
34 128
34 174
34 215
34 219
34 272
34 315
35 61
35 72
35 73
35 82
35 99
35 110
35 111
35 117
35 119
35 121
35 123
35 126
35 129
35 134
35 147
35 152
35 165
35 194
35 218
35 235
35 237
35 250
35 266
35 275
35 289
36 42
36 52
36 77
36 201
37 124
37 197
37 235
37 280
38 91
38 123
38 128
39 41
39 117
39 123
39 201
39 210
39 221
39 264
39 286
40 44
40 47
40 77
40 80
40 99
40 117
40 121
40 128
40 160
40 199
40 204
40 279
41 67
41 81
41 106
41 151
41 233
41 234
42 98
42 149
42 155
42 168
42 204
42 206
42 226
42 241
43 193
43 214
43 231
43 233
44 73
44 122
44 185
44 216
44 232
44 264
45 84
45 168
46 188
46 189
47 63
47 79
47 226
47 304
48 72
48 206
49 106
49 155
49 307
50 76
50 166
50 207
50 247
51 57
51 85
51 100
51 120
51 199
51 207
51 223
51 266
51 271
51 276
52 88
52 154
52 180
52 185
52 230
52 233
52 282
53 100
53 122
53 130
53 164
53 195
53 202
53 279
53 308
54 85
54 100
54 111
54 127
54 181
54 286
54 295
54 304
55 70
55 89
55 100
55 110
55 125
55 165
55 224
55 315
56 129
56 156
56 169
56 176
56 266
56 298
57 123
58 106
59 80
59 85
59 151
59 200
59 217
59 227
59 278
59 281
59 287
60 123
60 304
61 104
61 125
61 126
61 133
61 165
61 309
62 90
62 130
62 304
64 71
64 262
65 121
66 85
66 121
66 179
66 261
67 95
67 121
67 185
67 226
67 268
67 288
68 75
68 122
68 279
68 288
68 289
68 314
69 76
69 123
70 122
70 128
70 165
70 180
70 235
71 168
71 182
71 201
72 122
72 123
72 134
72 144
72 193
72 204
72 293
73 77
73 89
73 95
73 121
73 122
73 159
73 166
73 177
73 266
73 305
73 306
74 179
74 182
74 242
75 125
75 127
75 129
75 137
75 146
75 180
75 185
75 186
75 226
75 251
75 253
76 125
76 148
76 158
76 163
76 173
76 231
76 259
76 262
76 266
76 276
76 285
76 304
77 106
77 169
77 180
77 185
77 200
77 232
77 240
77 245
77 304
78 121
78 127
78 197
78 265
79 141
79 219
79 296
80 124
80 201
80 202
80 216
80 257
80 275
81 93
81 141
82 121
83 124
83 229
83 241
84 138
84 199
84 202
84 227
84 309
85 90
85 123
85 160
85 168
85 261
85 264
85 279
86 123
86 203
86 235
86 305
87 121
87 126
87 223
87 264
88 99
88 210
89 148
89 149
89 167
89 187
89 259
89 279
90 121
90 123
90 163
90 176
90 212
90 232
90 239
90 240
90 241
90 253
90 267
90 279
91 127
91 205
91 233
92 100
92 240
92 258
93 143
93 173
93 219
93 274
94 128
94 188
95 143
95 146
95 147
95 219
95 246
96 108
96 125
96 215
97 116
97 122
97 125
97 148
97 226
98 117
98 126
98 134
98 160
98 170
98 297
99 105
99 123
99 127
99 153
99 176
99 181
99 194
99 195
99 219
99 220
99 233
99 234
99 235
99 236
99 278
99 279
99 286
99 314
100 116
100 117
100 121
100 122
100 123
100 125
100 163
100 187
100 204
100 211
100 230
100 232
100 241
100 243
100 266
100 275
100 297
100 314
101 109
101 139
101 211
102 107
102 157
102 304
103 114
103 131
103 140
103 232
103 275
103 278
104 105
104 125
104 126
104 130
104 235
104 287
105 121
105 157
105 170
105 180
105 191
105 234
105 278
105 279
106 129
106 154
106 159
106 160
106 243
106 247
107 121
107 183
107 206
107 234
107 309
108 151
108 172
108 226
108 235
108 264
108 309
109 161
109 185
109 207
109 219
109 304
110 123
110 141
110 185
110 218
110 226
111 117
111 125
111 144
111 227
111 240
111 304
112 123
112 128
112 139
112 195
112 234
112 238
113 261
113 263
115 134
115 234
115 251
115 264
116 129
117 121
117 168
117 170
117 207
117 223
117 246
118 165
119 122
119 165
120 181
120 264
120 288
121 124
121 125
121 126
121 128
121 134
121 135
121 147
121 151
121 155
121 170
121 177
121 181
121 185
121 195
121 210
121 233
121 251
121 284
122 125
122 139
122 191
122 201
122 204
122 217
122 219
122 232
122 235
122 245
122 259
122 261
122 265
122 267
122 288
122 309
123 124
123 125
123 126
123 129
123 134
123 141
123 162
123 173
123 217
123 226
123 232
123 250
123 253
123 283
123 291
123 299
123 305
123 309
124 154
124 157
124 162
124 168
124 200
124 204
124 227
124 232
124 233
124 240
124 246
124 264
124 280
124 291
124 292
124 293
125 131
125 134
125 140
125 160
125 192
125 207
125 232
125 236
125 240
125 246
125 250
125 262
125 266
125 279
126 127
126 128
126 129
126 154
126 157
126 165
126 199
126 200
126 232
126 235
126 275
126 277
126 309
127 134
127 139
127 165
127 166
127 173
127 193
127 217
127 259
128 130
128 134
128 142
128 173
128 176
128 200
128 201
128 207
128 226
128 232
128 233
128 235
128 237
128 261
128 263
128 266
128 272
128 277
129 134
129 137
129 157
129 181
129 187
129 204
129 217
129 223
129 226
129 232
129 233
129 234
129 237
129 280
129 295
129 304
130 166
130 202
130 277
130 287
131 143
131 151
132 299
132 309
133 149
133 173
133 219
133 299
134 137
134 151
134 199
134 207
134 209
134 220
134 230
134 232
134 243
134 247
134 261
134 280
135 144
135 160
135 308
136 183
136 194
137 174
137 252
137 266
138 234
138 280
139 153
139 187
139 209
139 270
139 286
140 292
141 207
141 234
141 274
142 259
142 262
143 158
143 180
143 232
144 206
144 247
144 259
145 202
146 267
147 253
148 168
148 238
148 243
149 232
149 309
151 229
151 273
152 180
152 271
152 297
153 201
153 233
153 235
154 181
155 232
155 241
156 202
156 278
157 162
157 220
157 243
157 304
157 308
158 214
159 201
159 222
159 241
160 170
160 206
160 232
160 234
160 247
162 188
162 302
163 261
163 280
163 311
164 223
165 194
165 259
165 309
166 181
166 185
166 203
166 209
166 309
167 303
168 173
168 180
168 183
168 196
168 204
168 219
168 253
168 259
168 300
168 309
170 176
171 195
172 221
172 255
172 264
172 273
173 211
173 236
173 309
174 232
174 290
174 297
174 313
175 244
175 297
175 299
176 195
177 233
179 183
179 185
179 252
179 267
180 204
180 236
181 212
181 228
181 261
181 272
182 233
183 235
183 255
183 291
184 292
185 217
185 219
185 264
186 245
187 203
187 304
189 202
189 288
189 296
191 238
191 292
192 266
193 202
193 217
193 220
193 221
193 309
195 232
195 235
195 246
195 280
195 304
196 201
197 209
199 232
199 234
199 235
199 239
200 228
201 232
201 238
202 235
202 266
203 218
203 238
203 261
204 220
204 241
204 262
204 313
204 314
205 233
205 267
205 299
206 223
208 250
209 271
211 309
212 217
212 218
212 232
212 237
212 261
212 292
213 233
215 221
215 232
215 233
215 234
216 235
216 257
216 281
216 297
217 234
218 311
219 234
219 311
220 232
220 236
221 233
221 292
221 311
221 314
222 225
222 235
222 250
223 235
223 247
223 309
224 272
226 241
226 264
226 265
226 268
226 302
226 309
227 235
228 233
228 243
228 250
228 278
231 232
231 282
232 235
232 253
232 257
233 234
233 265
233 267
233 309
234 250
234 259
234 265
234 266
234 286
234 309
235 257
235 265
235 286
235 304
236 304
237 252
241 245
243 247
243 289
245 309
247 258
252 287
252 309
253 259
253 267
253 283
253 304
254 275
256 296
256 304
257 261
257 278
258 259
258 304
259 266
259 308
260 266
260 291
261 271
263 293
264 266
264 282
264 303
268 275
274 279
274 304
278 280
288 302
288 304
288 307
291 309
293 304
294 309
309 312
