0 35
0 78
0 131
0 191
0 261
1 56
1 84
1 99
1 162
2 11
2 54
2 106
2 117
2 163
2 177
2 187
2 210
2 226
2 234
3 85
3 89
3 195
3 223
3 245
3 246
4 66
4 158
4 161
4 241
4 265
4 312
5 18
5 51
5 75
5 99
5 100
5 119
5 123
5 175
5 233
5 275
5 279
5 305
5 309
6 50
6 159
6 313
7 39
7 121
7 126
7 142
7 160
7 187
7 226
7 227
7 233
7 278
8 127
8 220
9 23
9 27
9 34
9 165
9 229
10 40
10 91
10 123
10 128
10 150
10 157
10 255
10 261
10 309
11 309
12 54
12 81
12 87
13 39
13 51
13 55
13 70
13 75
13 98
13 144
13 178
13 189
13 238
14 22
14 91
14 145
14 159
14 181
14 206
14 210
14 239
14 276
15 28
15 112
15 160
15 259
16 17
16 32
16 68
16 95
16 219
17 57
17 66
17 127
17 164
17 195
17 206
17 219
17 233
17 271
17 293
17 302
17 309
18 31
18 42
18 76
18 100
18 159
18 165
18 168
18 189
18 265
19 206
19 232
20 44
20 99
20 125
20 232
20 303
21 200
21 235
21 259
22 99
22 104
22 125
22 135
22 178
22 220
22 230
22 288
23 39
23 42
23 119
23 153
23 206
23 212
23 262
23 288
24 54
24 120
24 121
24 128
24 129
24 164
24 286
24 294
24 303
25 123
25 126
25 238
26 67
26 105
26 122
26 201
26 206
26 220
27 76
27 90
27 96
27 117
27 122
27 195
27 269
27 275
28 32
28 64
28 93
28 110
28 158
29 103
29 125
29 175
29 243
29 264
29 267
31 75
31 104
31 180
31 309
32 97
32 122
32 143
32 153
32 165
32 178
32 229
32 243
33 129
33 165
33 241
34 35
34 100
34 114
34 126
34 127
34 142
34 197
34 235
35 66
35 111
35 117
35 128
35 154
35 232
35 235
35 246
35 259
35 297
35 304
35 309
36 92
36 124
36 127
36 135
36 160
36 198
36 202
36 223
36 258
36 280
36 284
37 104
37 158
37 225
37 228
38 134
39 68
39 75
39 107
39 124
39 209
39 226
40 56
40 100
40 147
40 245
40 255
40 274
41 93
41 100
41 129
41 173
41 185
41 223
41 225
41 292
41 309
42 90
42 98
42 100
42 151
42 264
42 282
43 97
44 90
44 92
44 124
44 207
44 226
44 250
45 147
45 255
46 62
46 217
46 258
47 127
47 164
48 166
49 121
49 127
49 158
49 299
49 309
50 85
51 64
51 73
51 109
51 152
51 175
51 195
51 204
51 206
51 233
51 304
52 88
52 91
52 123
52 125
52 128
52 143
52 206
52 279
52 291
52 309
53 76
53 121
53 125
53 219
54 92
54 98
54 100
54 129
54 165
54 216
55 66
55 81
55 177
55 267
56 112
56 226
56 232
56 291
57 122
57 128
57 172
57 206
57 232
57 262
58 63
58 111
58 125
58 221
59 98
59 99
59 106
59 110
59 122
59 124
59 126
59 139
59 143
59 165
59 187
59 193
59 219
59 220
59 254
59 277
60 124
60 233
61 88
61 91
61 92
61 123
61 134
61 160
61 181
62 226
62 258
63 77
63 113
63 138
63 216
64 75
65 128
65 162
65 193
65 196
65 202
66 93
66 112
66 122
66 127
66 130
66 153
66 195
66 211
66 213
66 215
66 223
66 313
67 89
67 134
67 169
67 202
67 204
67 217
67 223
67 230
67 233
67 258
68 80
69 126
70 77
70 92
70 117
70 122
70 129
70 147
70 168
70 189
70 227
70 232
70 262
71 85
71 144
71 153
71 198
72 114
72 180
72 234
72 297
73 103
73 113
73 125
73 155
73 235
73 254
74 128
74 134
74 195
74 241
75 134
75 142
75 150
75 163
75 253
75 260
75 280
75 290
76 81
76 93
76 98
76 120
76 122
76 123
76 129
76 186
76 204
76 223
76 302
77 84
77 96
77 97
77 111
77 113
77 122
77 139
77 142
77 223
77 226
77 268
79 235
80 93
80 124
80 157
80 161
80 187
80 272
81 226
82 95
82 110
82 121
82 167
82 213
83 122
83 309
84 100
84 120
85 98
85 112
85 123
85 189
85 196
85 232
85 264
85 286
86 146
86 233
86 255
86 315
87 134
87 181
87 296
88 124
88 154
88 238
88 279
89 96
89 105
89 126
89 134
89 209
89 216
90 103
90 126
90 129
90 134
90 137
90 141
90 155
90 159
90 207
90 226
90 231
90 241
90 281
90 299
91 127
91 134
92 175
92 292
93 100
93 129
93 204
93 232
93 262
93 303
95 202
95 234
95 264
96 155
96 180
96 223
96 279
97 129
97 189
97 206
97 234
97 235
98 123
98 126
98 146
98 153
99 100
99 103
99 112
99 122
99 126
99 127
99 132
99 141
99 168
99 232
99 234
99 247
99 260
99 304
100 118
100 121
100 125
100 128
100 129
100 135
100 143
100 153
100 158
100 168
100 175
100 187
100 188
100 223
100 226
100 236
100 245
100 271
100 291
100 293
100 306
101 129
102 105
102 132
102 267
103 180
103 198
103 202
104 134
104 226
104 232
105 112
105 160
105 178
105 219
105 239
105 265
106 115
106 122
106 128
106 133
106 143
106 210
106 232
106 234
107 111
107 122
107 125
107 151
107 170
107 236
107 255
107 272
107 291
108 117
108 126
108 137
108 140
108 161
108 191
108 223
108 237
109 111
109 162
109 173
109 185
110 266
111 122
111 145
111 160
111 198
111 202
111 235
111 239
111 259
111 267
111 303
112 115
112 123
112 124
112 133
112 187
112 246
112 266
112 272
112 280
113 127
113 159
113 176
113 185
113 212
114 125
114 188
114 243
115 123
115 134
115 237
115 238
116 123
116 223
116 280
117 181
117 199
117 239
117 308
119 199
119 296
120 124
120 181
120 234
120 235
120 300
121 132
121 155
121 160
121 163
121 182
121 226
121 235
121 243
121 244
121 264
121 265
121 273
121 299
121 309
122 123
122 124
122 128
122 129
122 133
122 144
122 172
122 219
122 223
122 239
122 240
122 267
122 304
123 124
123 127
123 128
123 129
123 132
123 134
123 135
123 160
123 226
123 233
123 235
123 236
123 272
124 127
124 131
124 133
124 156
124 161
124 193
124 204
124 218
124 233
124 235
124 241
124 250
124 269
124 275
124 296
124 305
125 130
125 140
125 160
125 181
125 185
125 196
125 201
125 204
125 206
125 209
125 220
125 233
125 234
125 252
125 288
126 128
126 134
126 137
126 139
126 156
126 219
126 226
126 233
126 253
126 276
126 282
126 306
127 129
127 131
127 134
127 140
127 160
127 163
127 179
127 186
127 226
127 228
127 232
127 233
127 235
127 265
127 269
127 304
128 129
128 134
128 136
128 139
128 147
128 151
128 155
128 160
128 161
128 173
128 180
128 192
128 195
128 219
128 235
128 238
128 279
128 284
128 304
128 306
128 309
129 140
129 156
129 157
129 158
129 164
129 167
129 168
129 170
129 210
129 220
129 232
129 240
129 241
129 255
129 261
129 280
130 139
130 165
130 266
131 215
131 233
131 269
132 155
132 180
132 262
132 274
132 293
133 159
133 185
133 226
134 140
134 153
134 158
134 180
134 195
134 204
134 231
134 233
134 275
134 306
135 207
135 215
135 235
135 262
135 267
137 160
137 178
137 206
137 224
137 239
138 147
138 164
138 168
139 234
140 144
140 215
140 235
140 278
140 309
142 191
142 232
142 281
143 153
144 168
144 178
144 195
144 254
145 264
146 166
146 230
147 155
147 241
148 174
152 219
153 166
153 304
154 219
155 204
155 235
156 159
156 232
157 190
158 189
158 195
158 231
158 235
160 198
160 233
160 240
160 279
162 177
162 189
162 235
162 250
162 304
163 204
163 239
163 271
163 287
165 170
165 204
166 234
166 279
167 259
167 261
168 185
168 191
168 218
168 266
168 286
169 188
169 219
169 236
169 277
170 189
170 272
170 309
171 195
171 237
171 246
172 275
173 185
173 236
173 259
173 292
173 306
174 176
174 207
174 224
174 241
174 247
174 261
174 269
174 304
175 249
176 226
177 191
177 274
177 276
177 279
179 245
179 304
180 211
180 219
180 232
180 238
181 260
182 186
182 232
182 290
183 232
183 234
185 306
186 228
187 194
187 226
187 283
188 201
188 265
189 256
191 223
192 259
193 194
193 233
193 277
194 220
194 262
195 217
195 291
196 308
197 198
197 215
197 238
197 256
199 206
200 226
200 236
201 206
201 226
201 234
201 267
202 207
202 226
202 232
202 235
202 273
202 278
203 249
204 233
204 248
204 257
204 267
204 304
206 234
206 245
206 301
206 309
207 261
207 267
208 216
208 234
209 285
211 296
212 309
216 250
216 266
216 276
217 229
219 234
219 243
219 299
221 232
222 236
222 311
224 236
224 260
224 297
226 234
226 235
226 282
227 279
228 241
228 286
228 309
229 233
230 295
232 241
232 277
232 286
232 314
233 260
233 264
233 267
233 268
233 294
234 238
234 265
234 279
234 297
234 306
235 237
235 240
235 297
235 309
236 288
237 274
238 247
238 270
238 288
239 277
240 265
240 309
241 253
243 246
244 310
247 267
247 276
252 268
253 266
253 305
259 279
259 282
262 283
263 270
265 275
266 268
266 279
266 283
266 299
266 309
266 312
279 313
280 286
283 284
286 293
