0 7
0 36
0 134
0 245
1 74
1 111
1 266
1 292
2 23
2 63
2 84
2 89
2 117
2 121
2 124
2 128
2 236
2 255
2 266
2 308
3 72
3 103
3 106
3 122
3 128
3 134
3 135
3 225
4 48
4 57
4 74
4 76
4 127
4 139
4 147
4 158
4 193
4 199
4 223
4 232
4 245
4 279
5 35
5 54
5 61
5 83
5 124
5 129
5 204
5 215
5 234
5 239
5 267
6 76
6 120
6 124
6 127
6 134
6 234
6 235
6 240
7 54
7 82
7 95
7 110
7 143
8 22
9 82
9 90
9 120
9 126
9 259
9 261
10 51
10 52
10 56
10 123
10 124
10 125
10 128
10 140
10 146
10 170
10 177
10 225
10 250
11 109
11 121
11 126
11 158
12 77
12 100
12 121
12 128
12 191
12 217
12 225
12 233
12 279
12 302
13 16
13 123
13 128
13 167
13 226
13 232
13 233
13 264
13 273
14 56
14 125
14 140
14 162
15 61
15 164
15 249
16 19
16 35
16 67
16 109
16 200
17 29
17 100
17 121
17 139
17 149
17 210
17 212
17 230
17 235
17 243
17 277
18 24
18 66
18 80
18 105
18 125
18 157
18 185
18 223
18 228
18 265
18 271
19 309
20 102
20 123
20 174
20 199
20 208
20 232
20 297
21 62
21 159
21 275
22 76
22 90
22 129
22 180
22 186
22 260
23 51
23 90
23 122
23 206
23 230
23 302
24 153
24 180
24 203
24 236
25 111
25 121
25 156
25 191
25 304
26 71
26 128
26 235
26 293
26 309
27 110
27 172
28 35
28 41
28 60
28 196
28 233
29 99
29 101
29 123
29 130
29 139
29 172
29 232
29 233
29 273
30 41
30 76
30 185
30 238
30 308
31 90
31 121
31 124
31 133
31 160
31 186
31 204
31 240
32 104
32 125
32 151
33 78
33 98
33 99
33 121
33 128
33 204
33 207
33 222
33 226
33 247
34 128
34 204
35 37
35 54
35 68
35 70
35 81
35 85
35 108
35 123
35 141
35 151
35 183
35 236
35 240
35 264
36 67
36 73
36 76
36 123
36 130
36 219
36 232
36 234
36 279
37 76
37 82
37 106
37 121
37 144
37 196
37 268
38 86
38 185
38 234
38 279
39 133
39 169
39 180
39 201
39 204
39 233
39 240
40 56
40 123
40 166
40 177
40 201
40 219
40 235
40 236
40 240
40 262
40 264
41 122
41 125
41 282
42 67
42 84
42 121
42 129
42 135
42 174
42 199
42 236
42 275
43 49
43 186
43 260
43 285
44 88
44 90
44 149
44 170
44 185
44 193
44 198
44 214
44 281
46 75
46 207
46 271
47 117
47 215
48 66
49 114
49 117
49 220
49 224
50 55
51 66
51 147
51 202
52 72
52 121
52 123
52 178
52 188
52 189
52 252
52 304
53 157
53 158
53 238
53 266
54 67
54 100
54 110
54 257
55 149
55 196
55 207
55 220
55 230
55 309
56 95
56 128
56 180
56 183
56 197
57 70
57 169
57 204
57 257
58 106
58 170
58 263
58 273
59 122
59 123
59 130
59 155
59 204
59 263
59 304
60 77
60 106
60 123
60 160
60 238
61 120
61 159
61 163
61 188
61 201
61 219
62 125
62 154
64 214
64 245
64 246
64 253
65 90
65 165
65 190
65 221
66 100
66 121
66 126
66 147
66 163
66 177
67 191
67 234
67 260
67 304
68 125
68 129
68 189
69 90
70 126
70 139
70 152
70 247
70 279
71 241
71 271
72 81
72 159
72 272
73 75
73 76
73 93
73 100
73 218
73 238
73 257
73 303
73 306
74 77
74 87
74 130
74 200
74 266
75 99
75 104
75 129
75 153
75 163
75 182
75 204
75 222
75 309
76 87
76 112
76 124
76 131
76 154
76 216
76 229
76 230
76 235
76 238
76 265
76 271
76 276
76 286
76 310
77 125
77 127
77 209
77 212
77 216
77 228
77 259
79 134
79 221
79 223
80 146
81 111
81 173
81 186
81 201
81 206
81 220
82 105
82 207
82 247
83 121
83 143
83 144
83 183
84 98
84 105
84 121
84 122
84 134
84 233
85 96
85 110
85 123
85 166
85 188
85 204
85 212
85 224
85 241
85 260
85 279
86 123
86 124
86 125
86 130
86 247
86 312
87 95
87 161
87 207
88 266
89 126
89 158
89 193
89 210
89 253
89 309
90 106
90 117
90 126
90 158
90 174
90 233
90 259
90 266
90 279
90 304
91 225
92 99
92 151
92 220
93 117
93 125
93 170
94 127
94 174
94 219
95 99
95 203
95 235
95 304
96 109
96 232
96 304
97 110
97 162
97 183
97 209
97 235
98 211
98 220
98 310
99 115
99 119
99 125
99 128
99 133
99 143
99 158
99 216
99 233
99 241
99 243
99 268
99 286
99 293
99 309
100 125
100 143
100 148
100 158
100 168
100 173
100 187
100 292
100 313
101 129
101 133
102 127
102 129
103 128
103 130
104 115
104 119
104 135
104 173
104 177
104 251
104 267
105 111
105 126
105 127
105 129
105 189
105 261
105 280
106 117
106 136
106 214
106 226
106 237
106 258
107 124
107 125
107 129
107 167
108 124
108 206
109 126
109 140
109 142
109 292
110 123
110 174
110 178
110 202
110 222
110 235
110 257
110 302
111 113
111 186
112 134
112 171
112 233
112 309
113 121
113 150
115 169
115 211
115 221
115 232
115 234
115 262
115 285
116 180
116 235
116 278
117 127
117 136
117 170
117 182
117 233
117 263
117 265
117 279
118 120
118 132
118 226
119 143
119 201
119 236
119 246
119 249
120 188
120 210
120 217
120 302
121 122
121 125
121 127
121 128
121 202
121 203
121 206
121 212
121 232
121 233
121 235
121 285
122 124
122 127
122 128
122 135
122 149
122 151
122 152
122 161
122 179
122 181
122 202
122 220
122 233
122 234
122 235
122 241
122 246
122 252
122 294
123 124
123 126
123 140
123 151
123 158
123 159
123 160
123 219
123 233
123 252
123 258
123 262
123 271
123 308
123 311
124 135
124 143
124 179
124 180
124 204
124 212
124 232
124 233
124 234
124 241
124 269
124 277
124 279
124 286
124 297
124 309
125 126
125 127
125 133
125 160
125 164
125 167
125 180
125 186
125 200
125 208
125 218
125 229
125 232
125 236
125 243
125 260
125 274
125 275
125 276
125 280
125 286
126 140
126 165
126 200
126 201
126 204
126 208
126 234
126 240
126 241
126 247
126 259
126 268
126 278
126 304
127 137
127 181
127 189
127 201
127 213
127 215
127 217
127 225
127 232
127 234
127 271
127 302
128 129
128 131
128 139
128 140
128 151
128 155
128 160
128 192
128 201
128 221
128 226
128 228
128 234
128 252
128 285
128 301
128 304
129 131
129 138
129 141
129 143
129 156
129 161
129 176
129 180
129 182
129 189
129 193
129 206
129 219
129 234
129 264
129 267
129 299
130 217
130 223
130 233
130 241
130 273
130 290
131 154
131 174
131 204
131 226
131 254
132 203
133 154
133 175
133 188
133 233
134 201
134 232
134 267
134 310
135 180
135 212
135 233
135 304
136 147
136 149
136 199
137 226
137 292
138 142
138 174
139 164
139 207
139 251
140 218
141 146
141 166
142 237
143 184
143 234
143 291
144 180
144 288
145 262
146 217
146 271
147 250
148 206
149 188
149 226
149 266
150 235
151 180
151 192
151 222
152 170
152 241
152 307
153 212
153 283
155 177
155 194
155 202
155 215
155 243
156 217
156 238
156 264
157 159
157 166
157 206
158 194
158 246
158 272
159 271
159 274
160 201
160 218
160 226
160 229
160 247
161 165
161 267
162 206
162 219
162 223
162 225
162 274
163 169
163 211
164 232
164 233
165 309
166 257
166 276
167 272
167 297
168 229
168 292
169 186
169 232
169 233
169 264
170 221
170 266
171 221
172 291
173 234
173 243
173 274
173 286
174 185
174 274
174 288
175 233
175 251
175 309
176 238
178 213
178 235
178 236
178 282
179 235
179 264
180 181
180 204
180 206
180 249
180 275
180 294
182 185
182 204
182 223
182 234
182 297
182 301
183 188
183 189
183 223
183 300
185 199
185 236
185 239
186 221
186 309
187 200
188 195
188 233
188 278
189 206
189 226
189 228
189 263
190 220
191 271
191 288
192 235
192 276
193 228
193 288
193 313
194 235
194 259
195 204
195 219
195 241
195 259
195 268
196 276
197 252
198 219
198 256
199 206
199 279
199 293
200 235
200 255
200 298
200 304
201 206
201 232
201 238
201 246
201 253
201 263
201 305
202 204
203 212
204 217
204 232
204 235
204 253
204 266
204 293
204 309
206 207
206 231
206 246
206 294
206 299
207 218
207 236
207 246
210 221
210 260
210 284
212 238
213 232
214 235
215 223
216 234
216 263
217 231
217 266
218 279
218 311
219 220
219 226
219 263
220 259
221 254
223 246
223 255
223 298
225 280
226 255
226 280
226 281
226 288
226 304
226 311
226 313
227 232
230 309
232 241
232 246
232 247
232 261
232 286
232 293
232 310
232 314
233 274
233 275
233 280
233 296
233 309
234 235
234 254
234 255
234 264
234 266
234 299
234 310
235 238
235 250
235 301
235 305
236 314
237 241
237 279
237 309
241 252
241 266
241 279
241 296
243 265
245 266
247 279
247 280
249 266
249 315
252 309
253 264
254 289
254 313
255 274
261 288
261 308
263 271
264 293
267 295
267 314
272 273
284 285
