0 21
0 61
0 141
0 279
1 90
1 241
2 28
2 59
2 78
2 89
2 95
2 187
2 235
3 17
3 52
3 157
3 209
4 5
4 27
4 67
4 72
4 91
4 188
4 230
4 235
4 253
4 257
4 266
4 275
4 304
5 15
5 29
5 54
5 66
5 91
5 96
5 112
5 123
5 125
5 128
5 129
5 134
5 146
5 157
5 206
5 225
5 233
5 235
5 241
6 29
6 51
6 83
6 110
6 122
6 123
6 130
6 137
6 177
6 204
6 275
7 100
7 121
7 127
7 160
7 178
7 199
7 212
7 232
8 24
8 90
8 170
9 124
9 180
9 256
9 288
9 293
10 68
10 168
10 223
10 232
10 246
10 279
10 312
11 17
11 66
11 140
11 207
11 256
12 21
12 22
12 59
12 106
12 177
12 180
12 277
12 312
13 22
13 73
13 114
13 140
13 206
13 221
13 226
13 238
13 257
13 279
14 110
14 179
14 205
14 223
14 266
15 71
15 123
15 128
15 140
15 227
16 54
16 113
16 162
16 181
16 188
16 216
17 19
17 55
17 176
17 193
17 219
17 235
17 279
18 47
18 59
18 90
18 100
18 241
18 267
19 42
19 61
19 70
19 73
19 265
20 90
20 126
20 140
20 240
21 24
21 76
21 77
21 123
21 130
21 160
21 235
22 35
22 59
22 66
22 77
22 85
22 124
22 152
22 168
22 309
23 32
23 39
23 55
23 124
23 180
23 227
23 235
23 262
24 31
24 121
24 122
24 124
24 185
24 198
24 221
24 233
24 234
24 264
24 274
24 306
24 309
25 158
26 40
26 86
26 89
26 225
26 255
26 288
27 57
27 166
27 195
28 95
28 106
28 122
28 140
28 178
28 180
28 189
28 235
28 239
29 86
29 127
29 132
29 204
29 206
29 271
29 277
30 111
30 117
30 246
30 249
31 135
31 210
32 105
32 215
32 298
33 58
33 59
33 75
33 90
33 134
33 204
33 227
33 233
33 277
34 54
34 98
34 205
34 271
34 273
34 278
34 290
34 311
35 36
35 39
35 44
35 76
35 123
35 125
35 135
35 165
35 197
35 199
35 258
36 90
36 122
36 127
36 132
36 197
36 201
36 214
36 234
36 268
36 275
36 314
38 40
38 42
38 160
39 42
39 43
39 51
39 88
39 128
39 227
39 234
39 306
40 58
40 107
40 112
40 122
40 204
40 206
40 211
40 282
41 76
41 110
41 269
41 280
41 299
42 102
42 106
42 110
42 122
42 124
42 129
42 130
42 168
42 211
42 284
42 309
43 108
43 127
43 192
43 221
43 234
43 235
44 99
44 112
44 140
44 260
45 61
47 54
49 98
49 100
49 123
50 124
50 232
50 314
51 100
51 131
51 168
51 206
51 214
51 261
51 264
51 309
52 72
52 123
52 124
52 126
52 128
52 170
52 180
52 212
52 213
53 153
53 226
54 57
54 71
54 86
54 123
54 257
54 315
55 84
55 104
55 111
55 134
55 146
55 168
55 201
55 220
55 246
55 309
56 94
56 160
56 238
56 241
57 99
57 126
57 150
57 193
57 235
57 264
57 265
57 266
57 309
58 85
58 91
58 129
58 160
59 124
59 153
59 166
59 208
59 238
59 277
59 309
60 313
61 112
61 126
61 143
61 228
61 233
61 235
61 251
62 134
62 180
63 93
64 90
64 122
64 261
65 127
66 117
66 121
66 122
66 123
66 131
66 155
66 207
66 304
67 89
67 104
67 126
67 168
67 228
67 264
68 99
68 121
68 122
68 129
68 183
68 233
68 242
69 193
69 296
70 77
70 126
70 130
70 135
70 178
71 125
71 129
71 309
72 99
72 168
72 293
72 309
73 106
73 123
73 149
73 159
73 205
73 233
73 243
74 75
74 122
74 159
74 236
75 81
75 124
75 128
75 134
75 135
75 208
75 243
75 309
76 107
76 118
76 121
76 127
76 144
76 159
76 166
76 217
76 223
76 229
76 233
76 247
76 266
76 309
77 122
77 123
77 171
77 174
77 198
77 223
77 226
77 234
77 241
77 287
77 304
78 226
79 139
79 202
79 235
80 104
80 119
80 125
80 135
80 168
80 175
81 121
81 127
81 143
81 228
81 234
81 239
81 266
82 125
82 200
82 205
83 139
83 280
84 210
84 219
84 234
84 245
85 91
85 92
85 118
85 119
85 121
85 128
85 183
85 279
86 88
86 90
86 223
86 233
86 259
86 267
86 282
88 127
88 167
88 176
88 195
88 219
88 232
88 247
88 304
89 100
89 122
89 169
89 172
89 210
89 222
89 224
89 233
89 239
89 259
89 311
89 315
90 99
90 121
90 127
90 197
90 206
90 253
90 272
90 279
90 292
90 304
91 108
91 121
91 129
91 139
91 199
91 233
91 266
91 273
92 226
92 304
93 99
93 173
93 265
95 99
95 105
95 192
95 203
95 209
95 233
95 234
96 246
96 309
97 123
97 176
97 246
97 294
98 121
98 139
98 155
98 261
99 105
99 110
99 119
99 121
99 132
99 134
99 202
99 216
99 226
99 232
99 234
99 280
99 306
100 116
100 122
100 124
100 125
100 126
100 135
100 166
100 181
100 204
100 217
100 219
100 241
100 245
100 247
100 304
101 129
101 241
101 259
103 110
103 121
103 228
104 115
104 125
104 183
104 185
105 122
105 180
105 212
105 246
105 274
106 125
106 135
106 238
106 239
106 276
107 125
107 128
107 279
108 182
108 234
108 246
108 275
109 141
110 121
110 122
110 126
110 129
110 145
110 162
110 165
110 200
110 202
110 207
110 252
111 125
111 150
111 159
111 232
111 235
111 283
112 129
114 122
114 164
114 235
114 270
114 291
115 126
115 181
115 238
115 243
115 266
115 269
115 305
116 234
116 236
117 124
117 126
117 153
117 157
117 179
117 236
119 159
119 193
119 201
119 226
120 127
120 139
120 220
120 278
121 127
121 135
121 155
121 159
121 199
121 204
121 215
121 223
121 224
121 226
121 232
121 239
121 246
121 257
121 269
121 279
121 288
121 308
121 309
121 312
122 123
122 124
122 126
122 128
122 175
122 178
122 193
122 198
122 200
122 202
122 207
122 230
122 232
122 233
122 241
122 255
122 266
122 286
122 299
122 300
122 304
122 309
123 124
123 126
123 134
123 142
123 145
123 180
123 192
123 202
123 205
123 211
123 217
123 228
123 230
123 231
123 232
123 234
123 235
123 238
123 247
123 257
123 269
123 277
123 280
123 302
124 126
124 128
124 135
124 156
124 172
124 178
124 199
124 215
124 221
124 233
124 234
124 240
124 241
124 261
124 279
124 304
125 126
125 160
125 168
125 171
125 202
125 222
125 234
125 242
125 266
125 302
126 130
126 137
126 143
126 155
126 160
126 173
126 177
126 189
126 202
126 223
126 275
126 279
126 280
126 285
126 288
126 292
126 308
127 150
127 191
127 203
127 206
127 219
127 223
127 247
127 253
127 264
127 290
127 309
127 311
127 313
128 131
128 132
128 142
128 144
128 162
128 168
128 171
128 194
128 198
128 232
128 233
128 235
128 247
128 264
128 273
128 296
128 308
129 176
129 188
129 204
129 231
129 233
129 257
129 265
129 266
130 170
130 177
131 314
132 221
132 258
133 177
133 201
133 217
134 136
134 139
134 152
134 178
134 180
134 204
134 226
134 239
134 247
134 279
135 261
135 288
136 174
136 204
137 210
137 215
138 274
139 200
139 211
140 164
140 182
140 204
140 215
140 223
140 315
141 165
141 175
141 235
141 273
142 193
142 280
143 152
143 193
143 245
143 259
144 168
144 264
145 265
146 195
150 200
151 204
151 209
151 253
152 304
153 234
154 155
154 187
154 211
154 241
155 163
155 186
155 188
155 207
155 262
155 286
156 195
156 280
157 235
157 237
158 234
159 198
159 233
159 234
159 253
160 196
160 204
160 231
160 252
160 303
162 168
162 170
162 201
162 252
162 261
163 180
163 229
163 234
163 235
163 255
164 235
164 272
165 187
165 219
165 224
165 226
165 234
166 200
166 226
166 247
166 271
168 215
168 268
169 179
169 208
169 266
170 189
170 231
172 223
173 234
173 273
173 277
174 185
174 233
174 240
174 276
175 188
176 232
176 296
177 190
177 241
179 293
180 228
180 233
180 258
180 282
180 297
180 307
182 239
182 279
183 277
184 226
184 253
185 234
186 240
186 278
187 192
187 219
187 273
187 279
188 189
188 206
188 266
188 299
189 225
189 304
191 313
192 206
192 234
192 238
192 259
192 263
192 265
192 314
193 286
194 195
194 207
198 245
198 286
199 223
199 296
200 237
200 283
201 206
201 209
201 305
202 228
202 231
202 253
202 271
202 279
202 286
202 290
202 307
204 225
204 231
204 234
204 246
204 259
206 223
206 307
206 314
207 217
207 219
207 240
207 245
207 273
207 279
209 261
209 311
210 292
212 309
213 279
213 292
215 256
216 259
217 252
218 234
218 309
218 313
219 226
219 232
219 233
219 234
219 237
219 263
219 279
219 304
219 314
220 221
220 268
221 266
221 304
222 301
222 313
223 235
223 240
224 237
224 304
225 273
225 279
225 292
226 232
226 233
226 235
226 312
229 302
232 263
232 266
232 272
233 237
233 247
233 266
233 279
233 290
233 303
233 304
233 309
234 250
234 292
234 300
234 304
235 236
235 237
235 244
235 247
235 253
235 265
235 279
235 291
235 304
235 314
236 288
236 305
239 292
240 298
241 259
241 299
246 256
246 277
247 266
247 288
249 312
250 288
251 309
252 260
252 279
253 274
256 274
259 265
261 267
261 279
261 293
264 309
264 314
266 298
272 302
273 302
276 279
279 304
282 308
282 309
292 309
299 309
302 306
302 309
304 306
305 309
