0 53
0 77
0 139
0 226
1 38
1 83
2 77
2 122
2 124
2 126
2 192
2 200
2 203
2 235
2 309
2 315
3 7
3 51
3 77
3 113
3 219
3 233
3 244
3 286
4 51
4 73
4 104
4 126
4 127
4 264
5 57
5 59
5 65
5 77
5 100
5 121
5 169
5 204
5 214
5 215
5 219
5 233
5 234
5 240
5 246
5 255
5 260
5 263
5 282
6 14
6 64
6 77
6 89
6 110
6 132
6 154
6 192
6 202
6 203
6 233
6 238
6 244
7 32
7 33
7 51
7 68
7 105
7 110
7 123
7 163
7 180
7 211
7 234
7 236
7 280
7 293
9 42
9 53
9 101
9 229
10 42
10 55
10 124
10 234
11 137
11 243
12 18
12 233
13 34
13 36
13 67
13 85
13 110
13 128
13 168
13 204
13 206
13 234
13 247
14 77
14 155
14 182
14 212
14 214
14 264
14 283
14 304
15 241
15 253
15 273
16 36
16 76
16 193
16 224
16 279
17 37
17 40
17 51
17 67
17 70
17 71
17 73
17 90
17 160
17 187
17 204
17 219
17 296
18 33
18 124
18 182
18 231
18 232
18 235
19 100
19 210
20 163
20 267
21 305
21 309
22 78
22 125
22 168
22 232
22 241
22 279
23 160
23 180
23 197
23 214
23 239
23 252
23 309
24 70
24 89
24 127
24 187
24 204
24 209
24 217
26 101
26 110
26 141
26 198
26 226
27 52
27 85
27 144
27 239
28 54
28 65
28 91
28 103
28 130
28 173
28 218
28 247
28 274
28 287
28 294
29 46
29 77
29 159
29 160
29 247
30 107
30 151
30 264
31 40
31 201
31 218
31 241
31 268
32 59
32 100
32 232
32 264
33 95
33 232
33 234
33 266
33 279
34 59
34 113
34 123
34 140
34 158
34 261
35 43
35 55
35 57
35 62
35 66
35 86
35 90
35 91
35 98
35 143
35 148
35 165
35 176
35 179
35 192
35 204
35 235
35 250
35 261
35 283
35 292
36 56
36 61
36 89
36 121
36 122
36 123
36 127
36 129
36 167
36 216
36 219
36 232
36 243
36 304
37 67
37 199
37 220
37 255
37 268
38 100
38 131
38 171
38 221
38 309
39 73
39 125
39 126
39 154
39 173
39 231
39 250
39 273
40 44
40 54
40 83
40 99
40 124
40 174
40 204
40 212
40 235
40 301
40 304
41 95
41 100
41 129
41 134
41 163
41 192
41 195
41 203
41 210
41 226
41 231
41 252
41 274
42 65
42 72
42 104
42 111
42 131
42 195
42 234
43 276
43 279
44 90
44 92
44 127
44 271
44 277
44 285
45 122
45 234
46 119
46 134
46 168
46 309
47 51
47 91
48 112
49 122
49 124
49 220
49 234
49 245
49 264
49 314
50 76
50 232
50 266
51 89
51 105
51 129
51 234
51 246
51 247
51 304
51 309
52 76
52 99
52 156
52 160
52 242
52 261
53 202
54 85
54 98
54 112
54 125
54 130
54 141
54 171
54 267
54 291
55 232
55 266
55 269
56 95
56 106
56 124
56 198
56 218
57 121
57 165
57 176
57 286
58 109
58 118
58 137
58 226
58 273
59 62
59 68
59 108
59 117
59 120
59 123
59 140
59 158
59 185
59 204
59 266
59 267
60 98
60 182
61 103
61 126
61 156
61 160
61 259
62 126
62 168
62 247
63 69
63 76
63 312
64 241
64 267
65 304
66 100
66 122
66 233
66 234
66 304
67 112
67 150
67 164
67 203
68 237
69 93
69 123
70 127
70 150
70 175
70 199
70 204
70 257
70 288
71 121
71 141
72 126
72 132
72 137
72 171
72 233
73 83
73 110
73 129
73 198
73 250
74 281
75 83
75 90
75 117
75 165
75 226
75 232
75 236
75 264
75 294
76 84
76 102
76 106
76 125
76 188
76 207
76 223
77 96
77 138
77 168
77 200
77 208
77 232
77 246
77 261
77 266
77 292
78 273
79 90
79 122
79 209
80 102
80 235
81 89
81 165
82 124
82 129
82 165
83 125
84 129
84 173
84 226
84 227
84 249
84 266
84 285
85 100
85 121
85 124
85 125
85 127
85 156
85 160
85 175
85 184
85 190
85 200
85 213
85 219
86 116
86 124
86 125
86 226
87 89
87 127
88 99
88 233
88 309
89 180
89 199
89 208
89 275
89 288
89 304
89 309
90 101
90 123
90 125
90 128
90 174
90 183
90 185
90 219
90 234
90 235
90 239
90 249
90 266
90 273
90 286
90 292
90 313
91 104
91 107
91 180
91 216
91 309
92 172
92 204
92 216
92 238
93 128
93 219
94 252
94 256
95 100
95 177
95 181
95 214
95 226
95 235
95 256
96 226
96 233
97 99
97 177
97 195
97 204
97 233
98 227
98 275
99 106
99 110
99 121
99 128
99 132
99 160
99 177
99 193
99 216
99 218
99 232
99 233
99 262
100 110
100 123
100 124
100 126
100 129
100 137
100 148
100 151
100 160
100 163
100 181
100 187
100 199
100 207
100 219
100 233
100 234
100 243
100 262
100 284
100 288
100 289
101 124
101 233
101 252
101 302
102 103
102 126
102 130
102 148
102 154
102 309
103 128
103 131
103 180
104 110
104 111
104 308
105 180
105 198
105 229
105 234
105 241
105 291
106 110
106 138
106 169
106 218
107 134
107 206
108 129
108 159
109 124
109 169
109 192
109 234
109 259
109 274
109 305
110 111
110 124
110 125
110 152
110 157
110 163
110 206
110 217
110 267
110 305
111 122
111 139
111 178
111 204
111 235
112 174
112 241
113 247
114 202
115 116
115 142
116 234
117 125
117 183
117 209
117 227
117 259
118 126
118 151
118 206
118 208
119 153
120 205
120 239
120 291
121 124
121 126
121 128
121 134
121 157
121 169
121 174
121 178
121 183
121 204
121 229
121 232
121 241
121 247
121 249
121 264
121 276
121 292
122 126
122 127
122 142
122 163
122 187
122 219
122 232
122 238
122 255
122 266
122 268
122 271
122 273
122 279
122 309
122 312
123 124
123 126
123 128
123 129
123 131
123 138
123 140
123 148
123 155
123 178
123 185
123 203
123 233
123 235
123 264
123 286
123 298
123 304
124 127
124 140
124 147
124 153
124 181
124 195
124 200
124 203
124 204
124 208
124 224
124 232
124 235
124 240
124 262
124 283
124 304
124 309
125 129
125 218
125 223
125 227
125 233
125 234
125 235
125 239
125 247
125 250
125 255
125 278
125 285
125 288
126 128
126 129
126 134
126 135
126 144
126 168
126 179
126 193
126 204
126 208
126 221
126 233
126 234
126 259
126 289
127 161
127 181
127 191
127 204
127 213
127 217
127 219
127 223
127 232
127 239
127 255
128 142
128 145
128 147
128 187
128 226
128 228
128 309
129 130
129 140
129 169
129 173
129 180
129 226
129 233
129 246
129 247
129 250
129 266
129 280
130 165
131 134
132 165
132 241
133 209
133 279
133 289
134 156
134 159
134 162
134 185
134 186
134 212
134 266
135 241
136 140
136 204
137 160
137 165
137 221
137 288
138 172
138 204
138 208
138 246
138 291
139 152
139 226
140 164
140 188
140 282
140 313
141 206
141 219
141 237
142 218
142 238
143 198
143 235
143 262
143 285
144 151
144 193
144 303
146 269
147 170
147 201
148 212
148 233
148 266
148 304
149 216
149 232
150 168
151 216
152 209
154 235
154 296
154 305
155 158
155 232
155 235
156 160
156 268
158 235
158 249
159 234
159 257
160 162
160 172
160 202
160 216
160 278
160 280
160 288
160 309
161 234
162 276
162 313
163 173
163 197
163 247
163 271
163 277
165 246
166 271
166 283
168 198
168 212
168 236
168 298
170 172
172 232
173 187
174 183
174 189
174 241
175 208
175 298
178 218
178 239
178 275
178 313
180 204
180 240
180 261
181 202
181 226
181 233
181 246
181 286
182 209
182 233
182 280
182 286
185 245
187 214
187 217
187 264
187 296
188 201
188 219
188 224
189 196
189 232
189 239
189 255
189 262
189 308
191 234
192 247
193 264
193 277
193 279
196 201
196 262
197 235
197 237
198 204
199 221
199 273
199 286
200 225
200 226
200 238
200 266
200 279
201 227
201 234
201 278
202 218
202 299
203 206
204 235
204 240
204 267
204 280
204 309
205 257
206 237
206 250
206 286
208 210
208 302
209 247
209 274
210 233
210 234
210 296
211 221
211 302
213 266
214 222
214 223
214 225
214 232
214 312
215 304
216 236
216 292
217 235
217 277
218 232
218 261
218 268
219 220
219 232
219 304
219 309
221 224
221 234
222 247
222 306
222 309
223 234
223 298
224 232
224 265
224 271
224 309
226 241
226 246
226 250
226 254
226 260
226 268
226 302
226 304
227 279
227 301
231 264
231 310
232 234
232 240
232 246
232 253
232 276
232 279
232 296
233 234
233 235
233 262
233 277
233 280
233 299
234 257
234 266
234 267
234 273
234 286
234 288
234 312
235 241
235 250
235 255
235 257
235 264
235 267
235 274
235 276
235 277
235 278
235 279
235 294
235 315
236 240
236 243
236 252
236 262
236 304
237 269
237 304
240 249
240 261
241 275
241 278
241 279
241 309
243 290
245 263
246 294
247 280
252 304
253 304
254 267
254 294
256 292
257 266
257 304
257 309
261 275
261 279
264 267
264 278
264 301
265 304
265 314
266 269
268 278
274 278
276 292
279 308
280 286
280 310
280 311
288 302
289 295
