0 49
0 128
0 183
1 296
2 10
2 90
2 100
2 101
2 112
2 118
2 121
2 129
2 138
2 147
2 169
2 229
3 66
3 84
3 121
3 134
3 226
3 231
3 233
3 240
3 268
3 307
4 41
4 77
4 79
4 100
4 174
4 193
4 279
4 285
4 288
4 297
4 306
5 49
5 82
5 117
5 139
5 180
5 314
6 27
6 69
6 79
6 94
6 107
6 144
6 165
6 219
6 233
6 247
6 309
7 88
7 100
7 117
7 149
7 163
7 199
7 201
7 238
7 273
8 19
8 125
8 268
9 76
9 111
9 135
9 214
9 241
10 24
10 91
10 145
10 192
10 200
10 271
11 37
11 76
11 207
11 238
11 267
12 52
12 81
12 121
12 125
12 167
12 204
12 226
12 296
13 35
13 37
13 73
13 79
13 117
13 124
13 136
13 149
13 164
13 182
13 235
13 250
13 266
14 90
14 105
14 127
14 195
15 96
15 145
15 162
15 219
16 45
16 131
16 159
16 194
16 280
17 41
17 52
17 75
17 98
17 99
17 121
17 207
17 231
17 279
17 286
17 288
17 297
17 314
18 126
18 188
18 232
18 271
18 293
18 304
19 122
19 124
19 147
19 185
20 56
20 111
20 122
20 126
20 127
20 143
20 285
21 125
21 143
21 160
21 217
21 226
22 75
22 180
22 228
22 292
22 297
22 310
23 67
23 75
23 96
23 107
23 129
23 135
23 149
23 187
23 188
23 208
23 221
23 252
23 254
24 43
24 76
24 99
24 102
24 135
24 204
24 216
25 226
26 33
26 61
26 65
26 152
27 59
27 119
27 226
27 241
28 117
28 126
28 128
28 129
28 185
28 221
29 77
29 123
29 129
29 234
29 237
29 241
29 279
30 77
30 124
30 128
30 142
30 255
31 122
31 159
31 176
31 301
32 52
32 72
32 93
32 123
32 126
32 154
32 235
32 286
32 297
33 90
33 208
33 232
33 258
34 78
34 123
34 125
34 183
34 217
34 296
35 39
35 47
35 60
35 77
35 91
35 106
35 110
35 113
35 123
35 126
35 131
35 139
35 160
35 207
35 212
35 216
35 219
35 227
35 233
35 279
35 309
36 77
36 80
36 111
36 134
36 168
36 217
36 227
37 49
37 124
37 224
37 235
37 275
38 127
38 165
38 170
38 178
38 195
39 103
39 117
39 125
39 126
39 241
39 264
39 280
40 50
40 57
40 121
40 140
40 146
40 166
40 180
40 220
40 262
40 267
40 290
40 312
41 105
41 121
41 127
41 173
41 181
41 214
41 226
41 238
42 68
42 106
42 126
42 203
42 205
42 219
42 241
42 271
42 286
42 289
43 100
43 161
43 223
43 241
44 168
45 125
45 213
47 170
49 121
49 140
49 217
49 262
50 89
50 126
50 152
50 261
50 306
51 99
51 106
51 121
51 160
51 174
51 183
51 257
51 280
51 283
51 290
51 309
52 91
52 123
52 124
52 250
53 98
53 128
53 238
54 75
54 99
54 132
54 137
54 166
54 192
54 221
55 121
55 122
55 126
55 234
55 251
55 275
56 201
57 110
57 123
57 136
57 143
57 158
57 223
57 249
58 165
58 236
59 71
59 74
59 102
59 114
59 122
59 172
59 178
59 206
59 243
59 292
59 304
60 70
60 257
61 117
61 135
61 200
61 233
61 251
61 279
62 140
62 279
63 135
64 120
65 93
65 210
65 278
65 296
65 304
66 139
66 167
67 90
67 114
67 158
67 220
67 233
67 307
67 309
68 114
68 223
69 102
69 128
69 185
70 233
70 304
71 165
72 126
72 133
72 168
72 193
72 212
72 266
72 301
73 128
73 224
73 226
73 232
73 266
73 279
73 309
74 199
74 216
74 232
74 238
75 120
75 192
75 219
75 241
75 246
76 77
76 86
76 90
76 108
76 111
76 119
76 125
76 133
76 169
76 197
76 220
76 226
76 233
76 238
76 271
76 278
76 309
76 312
77 95
77 106
77 125
77 153
77 189
77 203
77 233
77 234
77 279
78 195
80 89
80 126
80 158
80 173
80 174
80 224
80 234
80 259
80 266
80 280
80 304
81 85
81 90
81 96
81 105
81 111
81 128
81 134
81 155
81 183
81 299
82 100
82 212
82 258
83 153
83 168
83 276
84 95
84 99
84 125
84 166
84 202
84 215
84 271
85 113
85 193
85 232
85 243
85 309
86 107
86 127
86 191
86 207
86 208
86 259
87 111
87 128
87 299
88 114
88 171
88 310
89 95
89 104
89 128
89 134
89 153
89 155
89 253
89 265
89 280
90 106
90 110
90 127
90 128
90 134
90 135
90 151
90 182
90 204
90 223
90 304
90 311
91 104
91 223
91 234
92 209
92 220
92 265
92 288
93 173
93 187
93 188
93 200
93 252
94 145
94 238
95 97
95 266
96 134
96 192
96 224
96 242
96 273
97 123
98 125
98 309
99 106
99 163
99 181
99 188
99 189
99 217
99 247
99 282
99 286
100 101
100 110
100 165
100 167
100 184
100 189
100 198
100 200
100 227
100 234
100 288
100 314
101 128
101 283
102 183
102 276
102 313
103 117
103 164
103 210
104 108
104 128
104 178
104 182
104 279
105 140
105 173
105 175
105 215
106 124
106 128
106 192
106 204
106 234
107 125
107 174
107 182
107 222
108 135
108 138
110 120
110 121
110 134
110 152
110 157
110 199
110 206
110 218
110 219
110 226
110 255
110 309
111 116
111 121
111 140
111 212
111 238
111 267
111 297
112 141
112 201
112 267
113 122
113 128
113 132
113 192
114 121
115 137
115 143
115 221
115 223
115 234
115 262
116 140
116 182
116 221
116 233
117 123
117 160
117 176
117 236
119 121
119 126
119 151
120 122
120 218
121 124
121 125
121 134
121 138
121 141
121 162
121 170
121 181
121 193
121 198
121 206
121 218
121 222
121 233
121 236
121 254
121 275
121 292
121 304
121 308
121 313
122 123
122 124
122 126
122 141
122 142
122 144
122 152
122 168
122 180
122 185
122 189
122 192
122 210
122 215
122 241
122 246
122 251
122 255
122 297
123 129
123 158
123 165
123 173
123 183
123 193
123 197
123 206
123 232
123 243
123 285
123 314
124 127
124 135
124 155
124 160
124 212
124 226
124 234
124 239
124 278
124 279
124 302
124 309
125 128
125 129
125 148
125 164
125 166
125 179
125 180
125 182
125 186
125 202
125 217
125 219
125 221
125 235
125 236
125 241
125 250
125 257
125 259
125 277
125 309
126 128
126 135
126 137
126 140
126 157
126 161
126 168
126 172
126 174
126 176
126 180
126 182
126 201
126 222
126 232
126 233
126 234
126 260
126 263
126 275
126 286
126 299
127 135
127 138
127 141
127 143
127 165
127 173
127 189
127 192
127 204
127 218
127 223
127 226
127 232
127 233
127 234
127 236
127 240
127 261
127 286
127 304
127 308
128 144
128 148
128 149
128 166
128 168
128 172
128 223
128 226
128 232
128 247
129 134
129 139
129 140
129 158
129 171
129 173
129 195
129 202
129 203
129 224
129 226
129 232
129 234
129 243
129 276
129 288
129 305
129 309
130 226
130 259
131 162
131 206
131 228
131 246
132 138
133 137
133 233
133 246
134 140
134 143
134 191
134 212
134 230
134 232
134 233
134 247
134 267
134 268
134 269
134 279
134 280
134 309
135 146
135 151
135 160
135 204
135 223
135 233
135 236
136 206
136 257
137 217
137 241
137 307
138 233
139 143
139 179
139 193
139 204
139 238
139 272
140 160
140 236
140 245
140 282
140 309
141 160
141 174
141 240
142 201
142 203
142 257
143 155
143 223
143 235
143 247
143 280
144 165
144 206
146 190
147 168
147 204
147 223
147 241
147 278
147 291
148 233
149 151
149 202
149 232
149 279
151 202
151 236
151 257
151 279
153 178
153 218
153 220
153 279
154 155
154 181
154 226
155 192
155 215
155 219
155 222
155 236
155 238
156 234
157 174
157 181
158 219
158 261
159 163
160 165
160 172
160 226
160 235
160 238
160 262
160 275
160 279
160 288
160 304
162 253
162 299
162 314
163 225
163 296
164 212
165 204
165 208
165 227
165 233
165 235
165 241
165 254
166 208
166 284
167 200
168 204
168 262
169 279
170 175
170 188
170 204
170 292
171 234
172 207
172 235
173 182
173 206
175 197
175 210
175 219
175 266
176 178
176 235
177 179
178 261
178 266
179 245
180 219
180 241
180 257
180 262
180 287
180 309
181 219
181 232
181 233
181 314
182 200
182 253
184 241
184 291
185 206
185 208
185 234
185 269
185 304
186 199
186 232
186 250
187 201
187 217
187 239
187 311
187 313
188 194
188 208
188 302
189 235
189 239
189 264
191 315
193 204
193 225
193 266
194 266
195 309
195 315
196 204
196 232
196 265
198 277
199 216
199 231
200 204
200 207
200 219
200 232
201 219
201 232
201 250
201 287
201 308
202 222
202 233
202 255
203 214
203 259
203 266
204 209
204 230
204 231
204 239
204 240
204 246
204 247
204 275
204 277
204 296
204 311
205 225
205 255
206 231
206 232
206 261
207 223
208 254
208 264
209 226
209 268
209 297
212 301
212 310
213 304
214 233
214 243
215 243
215 264
216 272
217 234
217 241
217 304
219 235
219 238
220 222
220 233
220 259
220 266
221 222
222 294
223 313
224 239
225 309
226 233
226 234
226 264
226 265
227 235
227 241
227 313
228 286
229 276
230 236
232 235
232 257
232 271
232 273
232 304
233 234
233 238
233 241
233 246
233 271
233 288
233 304
234 235
234 239
234 240
234 248
234 261
234 267
234 299
235 277
237 303
239 264
239 267
241 257
241 260
245 305
246 265
247 250
250 292
250 310
252 307
253 265
255 269
257 264
257 305
261 279
261 292
263 292
264 297
264 304
264 309
266 276
266 292
271 313
273 304
274 309
277 295
279 299
286 304
287 289
297 304
