0 76
0 283
1 156
1 266
2 100
2 143
2 165
2 168
2 225
2 235
2 245
2 253
2 272
2 277
3 122
3 196
3 232
3 233
3 241
4 12
4 37
4 65
4 108
4 116
4 117
4 124
4 127
4 160
4 201
4 215
4 221
4 233
4 251
4 311
5 7
5 30
5 52
5 56
5 84
5 91
5 95
5 100
5 106
5 112
5 117
5 123
5 125
5 127
5 132
5 135
5 180
5 200
5 215
5 221
5 315
6 75
6 77
6 123
6 127
6 129
6 191
6 198
6 225
6 257
6 278
6 314
7 30
7 52
7 54
7 56
7 98
7 123
7 124
7 134
7 223
7 237
7 271
7 309
8 140
8 309
9 137
9 160
9 234
10 13
10 61
10 115
10 125
10 189
10 213
10 236
11 122
11 126
11 189
12 74
12 108
12 120
12 125
12 156
12 267
12 313
13 33
13 163
13 199
13 232
13 266
13 275
13 297
14 83
14 126
14 148
14 216
14 239
14 271
14 299
15 149
15 201
16 54
16 75
16 77
16 100
16 129
16 225
16 271
17 100
17 126
17 134
17 141
17 162
17 183
17 190
17 259
17 267
17 286
17 293
18 41
18 107
18 126
18 128
18 152
18 193
18 226
18 279
18 313
19 102
19 121
19 143
19 185
19 235
19 245
19 304
20 28
20 67
20 128
20 179
20 180
20 193
21 285
22 124
22 126
22 138
22 203
22 235
23 192
23 278
24 125
24 133
24 134
24 205
24 232
25 122
25 159
25 207
26 75
26 99
27 80
29 61
29 103
29 147
29 153
29 234
31 33
31 76
31 117
31 140
31 198
31 266
31 272
32 125
32 204
32 241
32 271
33 108
33 110
33 115
33 168
33 290
33 304
34 125
34 202
34 235
34 309
35 65
35 104
35 128
35 130
35 151
35 152
35 159
35 171
35 174
35 185
35 217
35 230
35 283
35 300
36 70
36 85
36 91
36 110
36 123
36 144
36 150
36 170
36 180
36 186
36 202
36 204
36 251
36 257
36 303
37 67
37 73
37 101
37 161
37 169
37 232
37 288
37 296
38 163
38 174
38 226
38 233
39 115
39 128
39 158
39 187
39 203
39 271
40 115
40 122
40 127
40 165
40 180
40 219
40 299
40 309
41 51
41 138
41 150
41 180
41 212
41 247
41 250
41 309
42 58
42 121
42 127
42 160
42 204
42 235
43 114
43 183
43 283
44 73
45 150
45 298
46 123
46 129
46 133
46 153
46 180
46 233
46 234
46 299
47 127
47 207
48 129
48 225
49 97
49 142
49 277
50 110
50 176
51 86
51 89
51 103
51 123
51 129
51 130
51 132
51 134
51 149
51 231
51 239
51 261
51 271
52 95
52 127
52 134
52 202
53 76
53 110
53 122
53 226
53 233
53 286
53 304
54 85
54 113
54 126
54 134
54 140
54 165
54 168
54 241
54 286
55 180
55 234
56 77
56 115
56 134
56 178
56 182
56 220
57 76
57 97
57 155
58 99
58 142
58 218
58 305
59 77
59 123
59 129
59 160
59 187
59 219
59 226
59 245
59 255
60 102
60 110
60 261
61 132
61 142
61 174
61 247
61 309
62 66
62 81
62 124
62 126
62 207
63 112
63 273
64 66
64 88
64 163
64 210
64 249
65 124
65 134
65 180
65 246
66 82
66 134
66 139
66 172
66 182
66 188
66 209
66 219
66 221
66 279
66 304
67 68
67 79
67 113
67 201
67 217
67 263
68 101
68 112
68 121
68 126
68 202
68 261
68 268
69 296
69 301
70 122
70 186
70 270
70 297
72 98
72 134
72 139
72 142
72 147
72 151
72 170
72 204
72 235
72 241
72 278
73 76
73 106
73 124
73 126
73 193
73 234
73 265
73 310
74 121
74 214
74 232
74 235
74 247
75 89
75 109
75 113
75 177
75 226
75 232
76 89
76 90
76 123
76 127
76 201
76 206
76 233
76 252
76 286
76 302
77 102
77 113
77 117
77 124
77 125
77 155
77 160
77 173
77 199
77 206
77 221
77 222
77 225
77 232
77 276
78 121
78 124
78 144
79 115
79 139
79 180
79 232
80 152
80 158
80 187
81 122
81 217
81 220
81 226
81 233
82 110
82 124
82 135
82 230
83 88
83 122
83 226
83 235
83 266
83 298
84 95
84 117
84 123
84 160
84 169
84 210
84 231
84 294
84 304
85 111
85 117
85 123
85 131
85 173
85 292
86 107
86 127
86 216
87 130
87 219
88 125
88 174
89 110
89 166
89 193
89 200
89 204
89 232
89 235
89 301
90 100
90 121
90 126
90 128
90 149
90 160
90 180
90 204
90 264
91 113
91 128
91 204
91 247
92 262
93 307
95 125
95 128
95 135
95 180
95 203
95 223
95 226
95 310
96 102
96 108
96 202
96 226
96 247
96 278
97 176
98 121
98 224
98 292
99 113
99 123
99 127
99 141
99 152
99 157
99 204
99 226
99 231
99 233
99 234
99 237
99 247
99 271
99 288
99 299
100 102
100 106
100 127
100 151
100 180
100 199
100 200
100 218
100 234
100 240
100 247
100 254
100 309
101 195
102 122
103 125
103 128
103 243
104 122
104 165
104 190
104 240
105 122
105 134
106 122
106 123
106 124
106 127
106 170
106 234
106 301
107 122
107 128
107 153
107 233
108 121
108 129
108 194
108 207
108 251
108 252
109 209
110 122
110 186
110 197
110 218
110 272
110 312
111 201
111 206
111 214
111 257
111 267
112 122
112 124
112 128
112 200
112 204
112 206
112 226
112 259
112 268
112 302
112 309
113 140
113 168
113 309
114 149
115 127
115 188
115 195
115 202
115 232
116 134
116 183
116 261
116 287
117 119
117 121
117 126
117 137
117 173
117 264
117 279
117 282
117 304
118 256
118 304
120 134
120 182
120 186
120 227
121 122
121 128
121 141
121 151
121 162
121 179
121 181
121 223
121 226
121 234
121 257
121 264
121 278
121 285
121 292
121 299
122 123
122 124
122 125
122 134
122 143
122 145
122 169
122 171
122 172
122 176
122 201
122 202
122 204
122 235
122 241
122 245
122 252
122 253
122 266
122 304
123 124
123 125
123 128
123 133
123 158
123 169
123 173
123 187
123 189
123 226
123 235
123 236
123 292
123 304
124 141
124 143
124 155
124 169
124 177
124 184
124 192
124 215
124 233
124 236
124 262
124 279
124 303
124 309
124 310
124 315
125 126
125 127
125 135
125 139
125 140
125 142
125 157
125 184
125 193
125 215
125 217
125 220
125 232
125 234
125 238
125 251
125 265
125 279
125 293
125 296
125 307
125 309
126 139
126 140
126 151
126 207
126 218
126 234
126 236
126 244
126 261
126 264
126 273
126 282
126 308
127 129
127 134
127 144
127 150
127 158
127 172
127 180
127 183
127 187
127 193
127 201
127 216
127 223
127 232
127 233
127 238
127 245
127 265
127 273
127 277
127 279
127 286
127 288
127 304
127 310
128 133
128 144
128 148
128 157
128 158
128 159
128 162
128 165
128 177
128 191
128 205
128 215
128 218
128 219
128 234
128 235
128 236
128 272
128 275
128 277
128 280
128 298
128 309
129 131
129 133
129 139
129 193
129 198
129 235
129 239
129 240
129 241
129 247
129 264
129 291
129 301
129 309
130 193
130 199
130 250
131 146
131 160
131 174
131 189
131 201
131 297
132 216
132 226
133 161
133 178
133 309
134 180
134 193
134 233
134 234
134 235
134 266
135 229
135 234
136 252
137 279
138 232
139 193
139 195
139 221
139 236
139 309
140 302
141 226
141 237
141 309
142 180
143 235
143 246
143 259
144 154
144 234
145 160
145 169
145 226
145 238
146 269
147 280
148 185
149 194
149 279
151 186
151 206
151 309
153 220
153 232
153 282
155 184
155 204
155 226
156 238
157 168
158 167
158 180
158 193
158 235
158 276
159 177
159 202
159 283
160 166
160 207
160 221
160 234
160 265
161 199
161 279
161 304
162 193
162 200
162 219
162 226
162 234
162 288
162 299
163 226
163 234
163 276
163 306
164 222
165 206
165 235
165 285
165 304
166 226
167 214
167 220
167 272
168 186
168 189
168 195
168 202
168 233
168 271
170 183
170 187
170 210
170 233
170 266
170 292
170 301
171 172
171 212
171 235
171 253
172 235
173 220
173 235
173 313
174 177
174 191
174 217
174 219
174 232
174 233
174 266
175 204
175 221
175 268
176 266
176 311
177 189
177 206
177 233
178 265
178 309
180 223
180 234
180 253
180 304
181 195
182 247
183 213
183 239
183 240
184 289
185 246
185 262
187 259
187 273
187 309
188 233
188 260
188 286
188 302
189 253
190 280
191 206
191 214
192 276
193 207
193 305
195 219
195 253
195 263
195 286
195 301
196 226
197 209
197 286
198 241
198 266
199 212
200 216
200 240
200 284
201 216
201 221
201 266
202 220
202 237
202 257
202 273
203 217
204 215
204 232
204 263
204 299
205 235
205 266
206 211
206 233
207 229
207 267
207 291
208 209
208 226
208 274
208 303
208 304
209 254
209 309
210 216
210 253
210 262
212 219
212 228
213 219
213 309
214 257
214 274
215 235
215 288
218 271
218 310
219 234
219 235
219 236
219 239
219 241
220 301
220 305
220 309
222 264
223 262
223 266
223 291
223 302
224 240
224 309
225 233
226 236
226 237
226 239
226 268
226 279
226 285
226 309
227 275
228 238
231 233
231 247
231 273
231 304
232 235
232 266
232 274
232 302
232 313
233 234
233 241
233 289
234 236
234 249
234 257
234 266
234 291
234 315
235 236
235 241
235 247
235 266
235 270
235 276
235 304
235 308
238 260
241 253
241 313
244 268
244 291
249 305
250 315
255 259
256 261
258 303
266 270
266 298
266 304
266 309
267 273
267 291
267 292
267 307
271 297
271 313
278 292
288 309
