0 52
0 66
0 77
0 90
0 275
1 125
1 211
2 4
2 33
2 52
2 70
2 75
2 124
2 132
2 140
2 143
2 163
2 189
2 191
2 207
2 252
2 285
2 298
3 13
3 117
3 126
3 168
3 212
3 233
3 238
3 273
4 59
4 158
4 181
4 183
4 241
4 247
4 257
5 13
5 24
5 31
5 38
5 58
5 128
5 134
5 156
5 169
5 197
5 259
6 16
6 59
6 90
6 112
6 121
6 125
6 129
6 137
6 152
6 163
6 226
6 262
6 305
7 20
7 59
7 85
7 126
7 141
7 176
7 227
7 264
7 265
7 283
7 302
7 311
8 222
8 237
8 311
9 17
9 49
9 51
9 59
9 178
9 219
9 298
9 309
10 32
10 84
10 111
10 129
10 155
10 201
10 234
10 258
10 309
11 40
11 69
11 100
11 110
11 218
11 305
11 308
12 38
12 100
12 122
12 126
12 176
12 190
12 199
12 257
13 42
13 127
13 129
13 147
13 173
13 176
13 233
13 235
14 54
14 127
14 197
14 236
14 241
15 43
15 121
15 309
16 38
16 229
16 235
17 117
17 123
17 124
17 128
17 137
17 195
17 220
17 224
17 311
18 76
18 82
18 124
18 127
18 129
18 158
18 234
18 287
19 26
19 40
19 99
19 134
19 140
19 162
20 35
20 99
20 129
20 134
20 188
20 275
20 298
21 32
21 35
21 121
21 122
21 125
21 138
21 162
21 200
21 223
22 31
22 80
22 155
22 219
22 247
22 264
23 35
23 39
23 89
23 143
23 282
24 128
24 232
24 291
25 65
25 128
25 218
26 43
26 89
26 134
26 149
26 204
26 224
26 231
26 286
27 152
27 220
27 304
28 32
28 59
28 84
28 100
28 124
28 143
28 155
28 159
28 182
29 67
29 89
29 140
29 180
29 187
29 220
29 226
29 232
29 234
30 53
30 105
30 123
30 126
30 266
31 90
31 171
31 247
31 314
32 66
32 125
32 129
32 226
32 241
33 77
33 98
33 122
33 123
33 201
33 209
33 234
33 264
33 272
34 47
34 106
34 127
34 266
34 287
35 84
35 90
35 97
35 102
35 112
35 121
35 125
35 222
35 224
35 226
35 285
35 298
36 76
36 121
36 134
36 148
36 155
36 203
36 217
36 223
36 232
36 234
36 246
37 104
37 134
37 177
37 178
37 204
37 266
38 54
38 64
39 40
39 78
39 100
39 106
39 126
39 172
39 224
39 228
40 62
40 73
40 126
40 163
40 174
40 177
40 195
40 198
40 207
40 218
40 232
40 262
41 117
41 121
41 203
41 222
41 223
42 139
42 172
42 204
42 232
42 281
43 116
43 135
43 153
43 179
43 237
43 272
44 83
44 131
45 65
46 155
46 186
47 100
47 309
48 163
49 110
49 122
49 131
49 132
49 144
50 56
51 98
51 127
51 140
51 180
51 226
51 238
52 54
52 122
52 166
52 201
52 271
53 100
53 123
53 217
54 80
54 126
54 127
54 192
54 219
54 236
54 264
54 266
54 268
54 279
54 301
54 309
55 75
55 170
55 302
56 57
56 76
56 100
56 168
56 205
56 206
57 200
57 247
57 301
58 97
58 126
58 203
59 95
59 123
59 135
59 200
59 219
59 232
59 244
59 273
60 71
60 112
60 121
60 180
60 236
61 108
61 122
61 124
61 125
61 147
61 163
61 166
61 219
61 241
61 252
61 257
61 276
61 296
61 309
62 93
62 216
62 221
63 103
63 173
64 267
65 202
65 234
65 279
66 98
66 122
66 152
66 185
66 189
66 203
66 212
66 235
66 261
67 160
67 178
68 81
68 138
68 222
68 233
68 279
69 298
70 111
70 227
70 232
71 226
72 129
72 174
72 285
72 291
73 74
73 78
73 126
73 141
73 150
73 153
73 226
74 95
74 147
74 226
74 268
75 86
75 113
75 201
75 207
75 221
75 226
75 232
75 249
76 97
76 106
76 122
76 129
76 166
76 168
76 173
76 199
76 206
76 220
76 234
76 247
76 309
77 79
77 83
77 103
77 121
77 122
77 124
77 208
77 229
77 241
77 249
77 264
77 274
77 304
78 141
78 241
78 262
78 314
79 130
79 230
79 266
79 297
80 108
80 115
80 140
80 145
80 160
80 198
80 212
81 117
81 124
81 225
81 238
81 306
82 196
82 205
82 234
82 244
83 99
83 125
83 230
83 288
84 95
84 124
84 125
84 168
84 218
85 127
85 140
85 144
85 154
85 157
85 170
85 184
85 195
85 257
85 288
85 312
87 213
87 228
88 99
88 195
88 234
89 124
89 127
89 155
89 185
89 234
89 283
89 304
90 124
90 134
90 162
90 241
90 266
90 271
90 274
90 286
90 298
90 305
91 129
91 214
91 219
91 253
92 102
93 99
93 105
93 121
93 233
93 266
93 309
95 124
95 145
95 214
95 228
95 230
95 233
95 235
95 240
96 154
96 162
96 267
96 309
97 110
97 223
98 121
98 154
98 158
98 204
98 215
98 223
98 246
98 257
98 259
98 293
99 107
99 121
99 128
99 131
99 166
99 169
99 177
99 187
99 188
99 189
99 226
99 232
99 245
99 253
99 268
99 309
100 103
100 108
100 134
100 137
100 170
100 186
100 258
100 279
100 297
102 123
102 124
102 128
102 233
102 304
103 134
103 235
104 113
104 117
104 223
104 247
105 122
105 126
105 127
105 214
105 227
105 232
105 309
106 128
106 129
106 144
106 152
106 174
106 204
106 226
106 268
106 286
106 310
107 108
107 262
108 177
108 232
108 267
108 309
110 115
110 126
110 187
110 204
110 232
110 262
110 304
111 114
111 115
111 122
111 127
111 129
111 178
111 234
111 268
111 309
112 131
112 173
112 215
112 220
112 245
112 266
112 280
113 199
113 201
113 227
113 229
113 262
114 128
115 144
115 157
115 158
115 168
115 232
115 258
116 117
116 203
116 209
117 120
117 128
117 185
117 227
117 302
119 123
120 192
120 234
120 283
121 122
121 124
121 127
121 131
121 171
121 179
121 185
121 195
121 207
121 208
121 211
121 219
121 235
121 238
121 313
122 124
122 125
122 126
122 128
122 129
122 135
122 143
122 156
122 165
122 177
122 180
122 185
122 188
122 194
122 202
122 229
122 232
122 234
122 259
122 292
122 313
123 125
123 127
123 134
123 139
123 140
123 144
123 145
123 152
123 166
123 169
123 180
123 182
123 193
123 195
123 198
123 201
123 205
123 223
123 240
123 243
123 246
123 259
123 264
123 274
123 309
124 125
124 126
124 128
124 134
124 144
124 173
124 185
124 192
124 202
124 247
124 249
124 275
124 280
124 294
124 309
125 128
125 133
125 137
125 140
125 142
125 162
125 189
125 192
125 206
125 208
125 218
125 224
125 235
125 266
125 283
125 308
125 309
126 128
126 148
126 152
126 155
126 186
126 204
126 208
126 232
126 234
126 235
126 246
126 264
127 134
127 135
127 148
127 154
127 164
127 185
127 186
127 200
127 204
127 206
127 217
127 226
127 279
127 286
127 309
128 129
128 150
128 151
128 160
128 191
128 199
128 202
128 228
128 237
129 134
129 140
129 152
129 153
129 204
129 225
129 233
129 246
129 304
129 309
130 284
131 163
131 169
131 240
132 160
132 275
133 134
133 256
134 139
134 152
134 195
134 201
134 232
134 249
134 253
134 257
134 262
134 267
134 314
135 178
135 186
135 261
135 266
135 279
135 296
135 304
135 313
136 202
137 235
138 183
138 220
138 280
139 168
139 266
140 157
140 185
140 220
140 233
141 235
141 237
142 211
143 232
143 246
143 279
143 313
144 160
144 215
144 261
144 273
145 234
147 202
148 155
148 163
149 189
149 310
149 312
151 180
151 220
151 247
151 279
152 176
152 240
153 168
154 265
155 157
155 165
155 168
155 265
155 296
156 279
156 304
157 233
157 239
157 250
157 262
158 235
158 264
159 218
159 247
160 185
160 211
160 224
160 238
160 240
160 243
160 269
160 278
160 313
161 265
162 200
162 204
162 307
162 313
162 314
163 167
163 168
163 203
163 220
163 278
164 195
165 202
165 271
165 276
165 280
165 283
166 189
166 233
166 241
168 183
168 219
168 238
168 243
168 278
169 204
169 216
170 266
171 313
172 204
172 235
172 277
172 278
173 201
173 245
173 266
173 271
173 279
173 286
173 308
174 216
174 259
174 309
175 262
176 181
176 226
176 288
177 257
178 236
178 238
178 245
178 272
179 210
180 182
180 206
180 234
180 273
180 292
181 220
181 263
181 304
182 266
182 287
183 228
183 238
184 217
184 304
185 193
185 221
185 272
185 309
186 203
186 248
187 236
187 279
187 313
189 233
189 236
192 206
192 235
192 265
192 291
192 297
193 226
193 234
194 220
194 228
195 235
195 236
196 226
196 232
196 235
196 240
197 241
198 204
198 305
200 219
200 236
200 257
200 261
201 203
201 220
201 233
201 302
201 313
201 314
203 207
203 226
203 255
203 263
203 289
203 309
204 207
204 213
204 226
204 229
204 234
204 240
204 247
204 296
204 307
204 309
207 275
208 267
208 271
209 233
209 250
210 233
211 231
213 257
217 238
217 266
217 271
217 285
217 286
219 226
219 286
220 226
220 243
221 294
222 225
223 261
223 279
223 280
223 287
224 279
225 299
226 232
226 246
226 262
226 263
227 294
228 264
229 233
229 286
230 279
230 295
231 234
232 235
232 237
232 244
232 246
232 267
232 304
233 234
233 235
233 239
233 258
233 264
233 265
234 235
234 246
234 252
234 266
234 273
234 285
234 304
235 236
235 276
235 279
235 304
236 309
237 252
237 285
238 302
239 279
240 264
241 291
243 249
246 261
246 274
246 304
250 296
250 309
251 279
259 302
261 269
261 309
263 284
263 301
266 288
266 292
267 280
267 303
271 279
271 311
276 288
279 309
287 288
289 299
292 308
300 302
306 315
