0 100
0 158
0 187
0 246
0 286
1 50
1 58
1 72
1 168
1 188
1 201
1 286
2 31
2 35
2 83
2 123
2 158
2 185
2 189
2 217
2 232
2 266
2 276
2 292
3 104
3 210
3 219
3 288
3 309
4 55
4 61
4 122
4 128
4 163
4 233
4 241
4 314
5 7
5 27
5 47
5 71
5 75
5 77
5 95
5 111
5 124
5 125
5 144
5 155
5 175
5 193
5 201
5 261
5 278
5 288
5 293
5 305
5 310
5 312
6 29
6 59
6 117
6 119
6 125
6 160
6 168
6 170
6 173
6 193
6 228
7 36
7 49
7 76
7 135
7 162
7 168
7 236
7 246
8 62
8 111
8 139
9 89
9 187
9 261
10 22
10 121
10 125
10 126
10 128
10 207
10 263
11 128
11 163
11 235
11 246
11 304
12 106
12 122
12 123
12 153
13 35
13 85
13 90
13 123
13 127
13 157
13 279
13 280
14 28
14 110
14 128
14 168
14 298
15 18
15 180
15 191
15 200
16 127
16 138
16 167
16 171
16 219
16 220
17 125
17 144
17 204
17 226
17 233
17 237
17 304
17 314
18 123
18 138
18 169
18 265
19 35
19 80
19 107
19 164
20 65
20 125
20 126
20 128
20 186
20 188
20 191
20 200
20 226
20 253
20 288
21 25
21 159
21 280
22 23
22 124
22 164
22 234
22 245
22 267
23 49
23 137
23 226
23 246
23 259
23 310
24 54
24 76
24 114
24 202
24 234
24 268
25 161
25 230
25 259
25 266
26 29
26 31
26 76
26 207
27 49
27 122
27 158
27 233
27 269
28 29
28 40
28 60
28 123
28 125
28 180
28 226
28 234
28 237
28 268
29 36
29 125
29 127
29 157
29 180
29 225
30 156
30 183
31 66
32 87
32 119
32 171
32 200
32 204
32 213
32 226
33 90
33 215
33 226
33 246
34 110
34 125
34 128
34 129
34 262
34 266
34 286
34 302
35 36
35 44
35 85
35 115
35 185
35 192
35 216
35 226
35 232
35 233
35 234
35 272
36 42
36 129
36 142
36 187
36 206
36 212
36 234
36 265
36 293
37 40
37 93
37 100
37 107
37 134
37 147
37 232
37 247
38 75
38 166
38 174
38 204
38 269
39 42
39 73
39 180
39 195
39 206
39 292
40 42
40 52
40 59
40 66
40 121
40 199
40 208
40 210
40 213
40 241
40 302
41 61
41 75
41 80
41 84
41 127
41 162
41 163
41 171
41 184
41 278
41 309
42 52
42 66
42 106
42 199
42 207
42 226
42 265
43 51
43 57
43 59
43 66
43 99
43 122
43 124
44 55
44 63
44 88
44 192
45 105
45 219
46 197
46 200
47 61
47 117
47 126
48 123
49 125
49 169
49 226
50 75
50 125
51 90
51 95
51 98
51 127
51 214
51 220
51 229
51 272
51 304
51 305
52 120
52 124
52 127
52 153
52 236
52 257
52 267
52 296
53 115
53 127
53 203
53 267
53 286
54 75
54 84
54 90
54 121
54 130
54 141
54 190
54 195
54 226
54 241
54 261
55 83
55 99
55 100
55 139
55 181
55 224
55 232
55 260
55 266
55 315
56 117
56 148
56 199
56 234
57 59
57 76
57 93
57 122
57 139
57 204
57 248
58 168
58 200
58 229
59 108
59 203
59 223
59 279
59 309
59 314
60 111
60 127
61 128
61 129
61 158
61 192
61 220
61 234
61 262
61 279
61 312
62 180
62 215
62 232
62 286
62 310
64 241
65 261
66 122
66 126
66 127
66 135
66 222
66 241
66 275
66 282
66 286
66 304
66 312
67 98
67 122
67 162
67 196
67 233
67 311
68 103
68 226
68 235
69 123
69 201
69 232
69 234
69 264
70 121
70 143
70 206
70 235
71 113
71 235
72 124
73 119
73 126
73 168
73 192
73 201
73 235
73 266
73 276
74 100
74 125
74 129
74 291
75 78
75 100
75 121
75 241
75 262
75 279
75 300
76 100
76 105
76 122
76 124
76 151
76 162
76 192
76 206
76 213
76 216
76 217
76 223
76 233
76 237
76 240
76 249
76 266
76 301
77 78
77 110
77 123
77 138
77 149
77 171
77 174
77 180
77 206
77 217
77 274
77 310
77 314
78 266
78 304
79 86
79 233
79 257
79 302
79 304
80 120
80 124
80 128
80 130
80 155
80 165
80 197
80 252
81 139
81 151
81 204
81 238
81 272
81 288
82 122
82 126
82 221
83 189
83 197
83 221
83 247
83 279
84 121
84 274
85 90
85 121
85 122
85 124
85 135
85 139
85 180
85 188
85 234
85 238
85 311
86 88
86 139
86 158
86 159
86 201
86 226
86 228
86 253
87 160
87 247
89 105
89 198
89 233
89 235
89 236
89 262
90 99
90 129
90 130
90 140
90 158
90 175
90 187
90 207
90 247
90 267
90 300
91 114
91 159
91 204
91 226
91 234
92 129
92 155
92 206
92 214
92 293
93 181
93 195
94 101
94 297
95 98
95 135
95 214
95 232
95 233
95 235
95 241
96 110
96 127
96 221
96 222
97 217
97 266
98 99
98 104
98 128
98 129
98 176
98 180
98 190
98 226
98 229
98 243
98 246
98 266
98 272
99 110
99 121
99 125
99 127
99 137
99 139
99 150
99 215
99 221
99 234
99 238
99 250
99 257
99 271
99 273
99 292
100 107
100 120
100 122
100 126
100 129
100 142
100 163
100 165
100 201
100 206
100 209
100 228
100 252
100 257
100 259
100 266
100 268
101 180
103 160
103 177
103 226
103 304
104 219
104 235
104 237
104 286
105 126
105 131
105 152
105 231
105 266
105 309
106 121
106 124
106 151
106 153
106 163
106 173
106 199
106 204
106 215
106 221
108 233
109 140
109 232
110 123
110 128
110 129
110 140
110 160
110 172
110 258
110 266
110 296
110 309
111 124
111 134
111 139
111 169
111 170
111 183
111 206
111 235
111 259
111 309
112 151
112 162
112 267
113 249
113 309
114 165
114 171
116 259
117 122
117 174
117 179
117 230
117 264
117 304
119 122
119 232
119 252
120 207
120 210
120 226
120 234
120 243
121 123
121 126
121 128
121 155
121 163
121 174
121 178
121 180
121 205
121 206
121 220
121 226
121 233
121 234
121 235
121 236
121 247
121 309
121 314
122 138
122 142
122 183
122 198
122 204
122 208
122 226
122 229
122 234
122 235
122 262
122 264
122 271
122 280
122 309
123 127
123 137
123 175
123 192
123 204
123 241
123 259
123 262
123 265
123 268
123 277
123 292
123 304
123 309
124 128
124 178
124 181
124 189
124 203
124 207
124 216
124 218
124 224
124 233
124 234
124 241
124 250
124 304
125 132
125 148
125 149
125 189
125 201
125 204
125 215
125 224
125 246
125 268
125 272
125 273
125 282
125 291
126 127
126 134
126 136
126 139
126 152
126 173
126 176
126 197
126 199
126 203
126 233
126 234
126 251
126 303
127 128
127 131
127 138
127 155
127 158
127 168
127 169
127 201
127 204
127 266
127 304
128 133
128 140
128 145
128 161
128 165
128 170
128 175
128 188
128 199
128 218
128 225
128 233
128 234
129 160
129 162
129 172
129 177
129 219
129 224
129 234
129 241
129 250
129 274
129 289
130 170
130 206
131 151
131 160
131 170
131 195
131 266
132 165
132 184
132 234
132 266
133 234
133 270
133 271
134 139
134 143
134 161
134 166
134 174
134 177
134 178
134 223
134 224
134 236
134 247
134 272
135 143
135 168
135 176
135 235
135 241
135 279
135 293
136 139
136 252
137 151
137 238
138 189
138 226
139 149
139 191
139 204
139 307
140 206
140 234
140 235
140 277
141 206
141 233
141 236
142 255
143 167
144 208
144 279
144 307
145 181
145 194
145 305
147 164
147 185
147 255
148 288
149 282
151 159
151 234
152 159
153 180
154 260
154 271
155 180
155 226
155 273
155 309
156 236
156 255
157 201
157 219
157 288
158 186
158 202
158 216
158 232
158 238
159 237
159 267
160 215
160 233
160 266
160 307
160 309
162 187
162 195
162 226
162 232
163 183
163 212
163 245
163 305
164 235
164 269
165 201
166 210
166 238
166 282
166 287
168 204
169 180
169 185
169 238
169 309
170 176
171 249
172 200
173 180
173 206
173 234
173 237
174 231
174 233
174 243
174 253
174 291
175 296
178 204
178 209
178 234
179 189
180 181
180 234
180 267
180 291
181 233
181 299
182 197
182 201
182 203
182 232
182 259
182 299
183 192
183 268
183 314
184 206
184 232
185 216
185 223
185 226
185 234
185 269
185 276
186 196
186 267
187 206
187 266
187 282
188 206
188 242
188 264
189 226
190 197
191 226
191 244
192 256
193 218
193 247
195 207
195 225
195 232
195 271
195 273
195 276
196 201
196 221
197 249
197 266
197 305
198 223
198 235
199 204
199 262
199 280
200 241
200 266
200 274
201 204
201 223
201 265
202 226
202 276
202 289
203 279
204 212
204 232
204 234
204 235
204 261
204 267
204 287
204 289
204 292
205 235
206 207
206 217
206 219
206 226
206 241
206 263
206 264
206 307
207 234
207 262
208 233
208 261
209 243
209 247
210 224
210 226
214 266
216 233
217 293
218 227
219 231
219 243
219 265
219 280
220 225
220 232
220 266
221 236
221 261
222 223
222 224
222 230
222 235
223 226
223 266
223 273
224 226
224 243
224 263
225 246
226 234
226 246
226 247
226 260
226 296
226 312
228 284
229 268
229 313
232 235
232 262
232 263
232 266
232 273
232 276
232 294
232 297
232 303
232 309
233 239
233 292
233 294
233 302
233 304
233 313
234 268
234 279
235 238
235 245
235 246
235 257
235 271
235 288
235 298
235 304
236 245
236 291
236 292
236 309
237 279
239 292
240 304
241 243
241 253
241 266
243 255
243 286
244 304
245 315
246 286
246 296
246 304
247 264
249 280
253 255
253 294
255 271
255 299
257 279
257 298
259 261
261 307
264 266
264 269
266 279
266 314
271 278
272 304
276 282
276 286
280 288
280 302
284 306
286 288
286 304
302 307
304 311
304 314
311 314
