0 7
0 186
0 252
0 265
0 267
1 102
1 154
1 163
1 243
2 23
2 37
2 66
2 67
2 121
2 123
2 134
2 234
2 274
3 39
3 47
3 126
4 7
4 14
4 20
4 28
4 33
4 42
4 68
4 75
4 85
4 86
4 100
4 140
4 200
4 280
4 288
4 293
5 44
5 72
5 87
5 110
5 124
5 126
5 129
5 187
5 206
5 208
5 232
6 35
6 40
6 48
6 67
6 104
6 160
6 218
6 224
6 226
6 234
6 252
6 300
6 304
7 13
7 31
7 142
7 163
7 185
7 186
7 197
7 222
8 124
8 313
9 16
9 52
9 121
9 123
9 131
9 140
9 219
9 265
9 269
9 274
10 57
10 100
10 125
10 203
10 206
10 305
11 29
11 51
11 102
11 163
11 181
11 292
12 108
12 166
12 255
12 271
13 54
13 67
13 75
13 85
13 90
13 121
13 180
14 94
14 106
14 129
14 141
14 209
14 233
14 249
15 154
15 216
15 298
16 35
16 80
16 106
17 23
17 35
17 45
17 74
17 76
17 106
17 111
17 123
17 219
17 232
18 121
18 134
18 168
18 255
19 153
19 202
19 304
20 42
20 83
20 91
20 105
20 110
20 124
20 129
20 162
20 168
20 223
20 235
20 239
21 76
21 163
22 91
22 127
22 304
23 126
23 129
23 197
23 210
23 219
23 241
24 32
24 83
24 123
24 128
24 137
24 164
24 225
24 254
24 274
25 27
25 59
25 234
26 34
26 84
26 223
26 280
27 180
27 264
27 266
28 41
28 204
29 40
29 49
29 204
29 246
29 264
30 204
30 280
30 288
30 311
31 77
31 126
31 235
31 262
32 52
32 53
32 58
32 111
32 172
32 190
32 232
32 256
32 292
32 312
32 314
33 55
33 74
33 134
33 160
33 168
33 261
33 309
35 59
35 67
35 73
35 82
35 105
35 125
35 129
35 135
35 137
35 163
35 167
35 168
35 176
35 181
35 223
35 226
35 232
35 241
35 247
35 268
35 272
35 291
36 45
36 83
36 84
36 124
36 127
36 155
36 160
36 169
36 171
36 234
36 292
37 65
37 95
37 125
37 127
37 227
37 232
38 238
39 66
39 97
39 103
39 122
39 140
39 142
39 181
40 41
40 55
40 101
40 123
40 137
40 142
40 159
40 168
40 197
40 200
40 232
40 233
40 264
40 275
41 66
41 92
41 165
41 201
41 226
41 272
42 50
42 75
42 108
42 122
42 123
42 127
42 168
42 223
43 111
43 135
43 144
43 231
43 257
44 129
44 137
44 186
45 100
45 134
46 96
46 219
47 189
48 124
49 57
49 80
49 135
49 285
49 309
51 121
51 122
51 134
51 145
51 165
51 233
51 238
51 253
51 280
51 309
52 83
52 99
52 117
52 123
52 134
52 166
52 227
52 263
53 110
53 189
53 206
53 264
53 279
54 63
54 106
54 123
54 124
54 133
54 168
54 195
55 76
55 133
55 189
55 226
55 304
55 309
56 90
56 142
56 238
56 280
57 76
57 77
57 136
57 155
57 180
57 187
57 197
57 199
58 123
58 163
58 222
58 311
59 70
59 128
59 226
59 257
60 160
60 200
60 243
60 260
60 272
61 68
61 122
61 129
61 136
61 143
61 195
62 76
62 83
62 125
62 187
62 233
62 235
63 140
63 264
64 170
65 100
65 106
65 123
65 126
65 129
65 134
65 226
65 253
66 76
66 124
66 147
66 160
66 187
66 201
67 68
67 127
67 155
67 165
67 219
67 226
67 246
67 252
67 274
67 308
68 222
68 304
69 112
69 123
69 220
69 256
70 177
70 213
71 99
71 124
72 243
72 253
72 265
73 102
73 110
73 115
73 143
73 158
73 189
73 195
73 215
73 224
74 175
74 204
74 210
74 223
74 254
74 261
74 279
74 309
75 77
75 79
75 125
75 134
75 187
75 291
75 302
76 100
76 179
76 216
76 226
77 124
77 127
77 129
77 131
77 156
77 170
77 185
77 215
77 223
77 232
77 233
77 237
77 241
77 258
78 122
78 235
78 295
79 121
79 141
79 289
79 301
80 125
80 162
80 240
81 158
81 168
81 186
81 247
81 286
81 309
82 88
82 127
82 291
83 155
83 232
84 86
84 90
84 111
84 171
84 183
84 219
84 224
84 243
84 309
85 139
85 157
85 158
85 165
85 204
85 223
85 233
85 286
86 155
86 189
86 201
86 236
87 89
87 139
87 161
88 124
88 139
88 164
89 94
89 99
89 127
89 171
89 235
89 264
89 279
90 92
90 93
90 134
90 168
90 180
90 189
90 201
90 203
90 226
90 239
90 249
90 273
90 309
91 294
92 103
92 137
92 309
93 100
93 144
93 226
93 231
93 234
94 268
95 99
95 134
95 257
95 272
95 304
95 309
97 158
97 235
97 239
97 255
98 100
98 144
98 185
98 205
98 249
98 255
98 309
99 114
99 123
99 125
99 154
99 158
99 187
99 200
99 201
99 232
99 235
99 236
99 253
99 257
99 266
99 284
99 288
99 299
99 304
99 309
100 105
100 114
100 116
100 121
100 128
100 129
100 134
100 176
100 177
100 192
100 226
100 309
100 312
101 173
101 279
102 203
103 116
103 183
104 116
104 159
104 169
104 222
105 139
105 160
105 203
105 220
105 257
106 121
106 122
106 134
106 160
106 199
106 204
106 205
106 234
106 247
106 271
106 304
106 313
107 139
107 269
108 153
108 216
108 307
109 114
109 127
109 145
109 233
110 121
110 122
110 125
110 147
110 155
110 159
110 233
110 235
110 262
110 279
110 299
110 309
111 155
111 168
111 218
112 163
112 202
112 223
113 147
113 159
113 180
113 241
113 309
114 122
114 232
114 235
116 204
117 137
117 246
117 268
117 277
117 304
118 226
118 309
119 212
120 257
120 270
120 279
120 306
120 308
120 314
121 123
121 126
121 128
121 140
121 156
121 160
121 162
121 192
121 195
121 204
121 218
121 221
121 223
121 226
121 228
121 232
121 233
121 234
121 240
121 241
121 243
121 267
121 279
121 297
122 123
122 126
122 143
122 151
122 164
122 169
122 177
122 180
122 183
122 193
122 214
122 233
122 236
122 237
122 238
122 262
122 280
122 285
122 286
122 309
123 134
123 135
123 170
123 192
123 204
123 206
123 211
123 212
123 232
123 234
123 244
123 255
123 264
123 266
123 272
123 282
123 286
123 309
124 125
124 126
124 164
124 167
124 174
124 180
124 187
124 195
124 204
124 214
124 219
124 220
124 226
124 233
124 243
124 257
125 127
125 128
125 133
125 147
125 162
125 166
125 170
125 172
125 181
125 195
125 206
125 218
125 219
125 226
125 233
125 243
125 253
125 255
125 264
125 267
125 271
125 273
125 275
125 286
125 288
125 307
125 309
126 144
126 175
126 182
126 206
126 235
126 241
126 254
126 301
127 158
127 165
127 166
127 180
127 188
127 206
127 219
127 232
127 233
127 241
127 246
127 264
127 266
127 292
128 151
128 160
128 177
128 188
128 195
128 219
128 229
128 231
128 240
128 241
128 255
128 265
128 295
128 309
129 133
129 136
129 144
129 154
129 162
129 171
129 187
129 202
129 212
129 220
129 231
129 239
129 267
129 309
130 166
130 168
130 212
130 267
130 279
131 202
131 207
132 135
132 167
132 238
133 202
133 204
133 244
133 279
134 141
134 172
134 173
134 197
134 198
134 199
134 207
134 234
134 241
135 155
135 253
135 296
135 309
136 247
137 141
137 288
137 309
138 246
139 160
139 167
139 185
139 265
139 267
140 147
140 188
140 215
140 261
140 278
141 247
141 271
142 198
142 227
143 159
143 163
143 199
143 210
144 215
144 219
144 235
144 279
144 304
145 152
145 226
145 309
147 240
147 275
148 188
149 163
149 204
151 253
151 284
152 246
153 181
153 241
153 279
154 207
154 233
154 280
155 186
156 170
156 313
157 232
158 160
158 264
158 266
158 304
159 176
159 191
159 310
160 168
160 173
160 243
160 247
160 257
160 264
160 266
160 279
160 288
161 183
161 185
161 253
162 201
162 263
163 204
163 234
164 179
164 271
165 220
165 235
165 273
166 188
166 232
167 226
167 260
168 201
168 206
168 210
168 230
168 234
168 283
169 178
169 223
171 228
171 246
172 266
173 223
173 241
173 245
174 234
175 203
175 232
175 234
176 187
178 187
178 209
178 232
180 197
180 199
180 206
180 234
180 238
180 241
180 315
181 205
181 226
182 210
182 248
182 264
183 258
184 241
185 226
185 233
185 266
186 255
186 278
186 297
187 204
187 235
187 279
188 195
188 245
188 259
188 275
189 253
189 279
189 292
191 266
191 299
192 198
192 268
193 302
193 309
194 266
195 226
195 275
195 288
196 201
197 204
197 237
197 288
198 228
199 309
199 311
200 203
200 288
201 210
201 234
201 273
201 285
202 219
202 225
202 260
203 276
204 207
204 226
204 227
204 232
204 234
204 245
204 246
204 250
204 267
204 283
204 299
204 309
205 206
205 215
205 246
206 271
206 279
206 296
207 234
207 302
207 309
208 212
208 296
209 257
210 222
210 226
210 232
210 249
210 296
211 301
212 241
214 264
215 242
216 226
216 304
216 312
217 266
217 268
218 236
218 304
219 234
219 304
219 308
220 247
221 232
221 250
221 293
222 234
222 252
223 234
223 279
224 233
225 226
226 230
226 233
226 235
226 241
226 247
229 269
230 238
232 235
232 286
232 301
233 235
233 241
233 255
233 257
233 286
233 304
234 253
234 293
234 309
235 241
235 243
235 247
235 250
235 259
236 258
238 246
238 303
240 267
241 269
241 284
241 303
241 313
245 252
246 267
248 266
250 268
252 315
255 279
255 302
257 266
257 297
257 304
257 309
257 313
259 306
261 267
261 299
264 306
266 280
266 286
271 304
272 274
272 301
272 313
274 297
276 279
277 279
279 282
279 292
279 298
279 299
280 309
281 299
286 309
288 291
296 302
