0 124
0 158
0 235
1 7
1 13
1 62
1 121
1 125
1 160
1 181
1 202
2 27
2 34
2 39
2 43
2 59
2 92
2 198
2 233
2 236
2 252
2 278
2 301
3 12
3 17
3 39
3 122
3 181
3 225
3 234
4 7
4 22
4 58
4 77
4 122
4 126
4 134
4 169
5 16
5 44
5 80
5 83
5 86
5 90
5 124
5 129
5 182
5 195
5 201
5 222
5 226
5 259
5 264
5 277
5 314
6 51
6 66
6 90
6 110
6 127
6 131
6 180
6 192
6 195
6 212
6 286
7 26
7 32
7 40
7 99
7 153
7 158
7 174
7 203
7 206
7 207
7 264
7 279
7 283
8 29
8 82
8 90
8 109
8 125
8 127
8 174
8 219
8 232
8 277
9 99
9 103
9 125
9 160
9 175
9 201
9 202
9 265
10 52
10 67
10 73
10 112
10 127
10 140
10 166
10 226
11 45
11 76
11 124
11 191
11 288
12 22
12 121
12 125
12 126
12 128
12 178
12 208
12 214
12 267
12 268
12 279
13 73
13 117
13 124
14 21
14 98
14 105
14 134
14 143
14 180
14 222
14 299
15 122
15 139
15 166
15 204
16 23
16 85
16 123
16 230
16 257
16 296
17 18
17 25
17 123
17 155
17 217
17 257
18 32
18 77
18 126
18 127
18 128
18 218
18 233
18 309
19 125
19 188
19 195
19 204
20 57
20 122
20 232
20 273
20 304
21 256
22 24
22 55
22 61
22 241
23 121
23 122
23 200
23 246
23 273
24 66
24 98
24 127
24 129
24 257
24 259
24 288
25 63
25 112
25 144
25 266
25 282
26 218
27 46
27 125
27 126
27 258
28 44
28 52
28 100
28 125
28 134
28 209
28 299
29 36
29 73
29 85
29 99
29 121
29 122
29 125
29 167
29 178
29 233
30 216
30 232
30 274
31 64
31 100
31 113
31 220
32 52
32 232
32 309
33 35
33 134
34 54
34 86
34 90
34 110
34 121
34 127
34 162
34 201
34 207
34 241
35 40
35 57
35 72
35 85
35 111
35 117
35 137
35 155
35 163
35 183
35 217
35 224
35 225
35 234
35 235
35 253
35 256
35 266
35 279
35 296
36 42
36 70
36 85
36 104
36 121
36 123
36 124
36 144
36 166
36 184
36 189
36 193
36 204
36 223
36 233
36 236
36 266
36 307
37 57
37 210
37 215
37 313
38 204
38 206
38 241
39 40
39 90
39 100
39 126
39 172
39 189
39 219
39 236
39 239
39 251
40 50
40 75
40 98
40 113
40 122
40 153
40 156
40 160
40 191
40 233
40 234
40 252
40 267
41 72
41 95
41 100
41 112
41 154
41 162
41 201
42 54
42 77
42 102
42 108
42 129
42 141
42 181
42 183
42 188
44 79
44 100
44 151
44 170
44 207
44 235
44 292
45 128
46 122
46 164
46 179
47 52
48 122
48 126
48 314
49 100
49 123
49 204
49 232
49 266
50 81
51 95
51 101
51 129
51 157
51 192
51 226
51 290
52 102
52 121
52 142
52 166
52 232
52 265
52 293
52 309
53 73
53 125
53 232
53 238
54 121
54 127
54 174
54 180
54 199
54 203
54 225
54 302
55 111
55 140
55 186
55 202
55 233
55 309
56 124
56 126
56 127
56 141
56 144
56 180
56 234
56 275
57 83
57 117
57 210
57 240
57 253
57 257
57 271
58 163
58 179
58 226
59 70
59 99
59 126
59 176
59 180
59 183
59 193
59 195
59 233
60 123
60 182
60 309
61 100
61 186
61 269
61 278
62 129
62 201
63 222
63 292
64 139
64 189
64 191
64 216
64 233
65 121
65 192
65 201
66 99
66 165
66 166
66 173
66 182
66 247
66 277
67 73
67 120
67 180
67 193
67 244
67 288
68 88
68 115
68 204
68 236
69 85
69 127
69 269
70 120
70 121
70 124
70 152
70 233
70 257
70 299
71 75
71 129
71 239
72 90
72 188
72 201
72 234
72 311
73 78
73 114
73 120
73 121
74 91
74 100
74 121
74 158
74 163
74 221
75 99
75 126
75 127
75 204
75 218
75 221
75 235
75 255
76 89
76 92
76 122
76 123
76 147
76 163
76 222
76 231
76 233
76 241
76 252
76 266
77 78
77 117
77 121
77 125
77 127
77 163
77 172
77 219
77 234
77 237
77 259
77 261
77 266
77 309
78 100
78 101
78 152
78 295
79 95
79 204
80 202
80 223
80 267
80 280
81 85
81 138
82 92
82 124
82 125
82 138
82 204
82 226
82 245
83 125
83 128
83 169
83 174
83 234
83 243
84 90
84 115
84 220
84 301
85 99
85 105
85 135
85 163
85 189
85 247
85 274
85 280
85 283
85 311
87 100
87 300
88 122
88 241
88 258
89 123
89 228
89 233
89 309
90 135
90 232
90 279
91 121
91 180
91 308
92 162
92 204
92 301
93 272
94 267
95 122
95 180
95 203
95 234
95 271
95 284
96 118
96 233
96 250
97 160
97 188
97 195
97 258
97 309
98 122
98 180
98 195
98 249
98 309
99 100
99 120
99 158
99 172
99 174
99 177
99 180
99 197
99 201
99 204
99 206
99 218
99 225
99 230
99 235
99 276
99 286
99 300
100 123
100 131
100 132
100 177
100 180
100 185
100 195
100 208
100 220
100 221
100 226
100 232
100 243
100 264
100 265
100 275
100 305
101 151
101 159
101 180
101 241
102 214
102 277
103 124
103 180
103 193
103 198
103 231
103 267
104 134
104 309
105 107
105 121
105 124
105 136
106 122
106 123
106 126
106 192
106 288
107 127
107 141
107 181
107 214
108 126
108 168
108 202
108 309
109 245
110 131
110 157
110 199
110 204
110 220
110 297
111 128
111 135
111 140
111 141
111 204
111 209
111 224
111 228
111 232
112 123
112 234
114 233
115 127
115 242
115 291
115 305
116 128
116 166
116 225
117 122
117 125
117 233
117 273
117 276
117 286
118 294
119 238
120 173
120 192
121 126
121 134
121 139
121 144
121 160
121 163
121 166
121 182
121 216
121 223
121 232
121 234
121 241
121 266
121 275
121 297
121 304
121 309
122 128
122 134
122 155
122 156
122 157
122 163
122 168
122 169
122 172
122 195
122 201
122 204
122 206
122 210
122 226
122 233
122 241
122 249
122 277
122 291
122 295
122 309
123 125
123 139
123 143
123 148
123 152
123 165
123 169
123 187
123 203
123 216
123 239
123 243
123 246
123 247
123 267
123 269
123 294
123 309
124 157
124 160
124 169
124 180
124 202
124 203
124 204
124 223
124 234
124 246
124 252
124 259
124 261
124 278
124 299
124 313
125 126
125 128
125 137
125 142
125 154
125 156
125 163
125 168
125 201
125 223
125 227
125 233
125 234
125 237
125 239
125 256
125 267
125 274
125 303
126 128
126 129
126 132
126 136
126 143
126 144
126 151
126 160
126 174
126 181
126 196
126 201
126 206
126 209
126 219
126 234
126 243
126 253
126 257
126 264
126 265
126 282
127 128
127 140
127 141
127 145
127 153
127 160
127 165
127 170
127 176
127 180
127 204
127 226
127 234
127 252
127 257
127 261
127 268
127 281
127 282
127 299
127 304
128 138
128 169
128 192
128 199
128 222
128 230
128 232
128 240
128 246
128 255
128 264
128 276
128 309
129 131
129 162
129 166
129 204
129 222
129 232
129 261
129 268
129 281
130 218
130 279
130 309
131 299
132 185
132 240
133 143
134 135
134 152
134 164
134 180
134 197
134 212
134 257
134 300
134 306
135 195
135 204
135 236
135 288
135 292
135 309
136 259
137 211
137 233
138 148
138 232
138 285
138 315
139 143
139 160
139 170
139 227
139 233
140 173
140 176
140 201
140 221
140 264
141 184
141 299
141 302
142 144
143 215
143 234
143 235
144 247
144 262
144 277
144 282
145 299
147 168
147 226
147 267
147 291
148 219
148 225
148 312
150 211
150 218
150 258
150 260
151 165
151 227
151 246
151 288
153 278
154 233
154 247
154 284
155 203
155 232
155 241
155 247
156 203
156 226
156 235
156 241
156 309
157 176
157 192
157 207
157 241
158 174
158 226
158 232
158 309
160 185
160 220
160 244
160 267
161 180
161 236
162 169
162 198
162 233
162 276
162 309
163 234
163 235
164 247
165 223
165 291
166 200
166 218
166 226
166 255
166 297
167 238
168 234
168 243
168 253
168 279
168 298
168 304
169 232
169 235
169 279
170 218
171 194
171 198
171 228
171 235
172 285
173 189
173 200
173 279
174 191
174 204
174 217
174 309
176 195
176 271
176 279
176 281
177 254
177 314
178 196
178 276
180 182
180 189
180 226
180 235
180 252
180 277
180 311
181 187
181 234
181 279
182 225
182 226
182 236
183 189
183 192
183 220
183 265
184 222
185 200
188 252
188 279
188 293
188 304
189 241
193 207
193 218
193 224
193 262
194 196
195 229
195 238
195 304
197 267
199 201
199 241
199 279
200 223
200 225
200 226
200 267
201 219
201 232
202 234
203 221
203 243
203 275
204 229
204 241
204 246
204 252
205 232
206 213
206 230
206 301
207 234
207 280
208 306
209 259
210 241
210 272
210 286
210 304
211 296
212 233
212 291
215 217
215 227
215 235
215 237
215 297
217 264
218 265
218 280
219 221
219 238
219 267
219 271
219 279
219 299
219 308
220 235
220 280
220 291
220 297
222 263
222 273
222 314
223 310
226 235
226 241
226 264
226 266
228 235
228 309
229 234
230 236
232 289
232 306
232 313
233 288
233 296
233 304
234 253
234 265
235 267
235 268
235 304
236 259
236 264
238 241
238 305
239 279
241 271
241 285
241 293
243 285
243 287
245 293
246 264
247 273
252 288
253 267
255 303
256 286
257 266
259 272
259 293
261 302
261 309
264 314
266 274
267 278
267 279
267 298
268 278
269 274
269 307
273 284
280 291
284 309
286 304
