0 164
0 165
0 234
0 257
1 34
1 73
1 123
1 204
1 284
1 293
2 32
2 122
2 151
2 168
2 193
2 195
2 223
2 232
2 257
2 268
2 304
2 309
3 4
3 14
3 49
3 55
3 90
3 93
3 118
3 121
3 128
3 212
3 238
3 261
3 279
4 22
4 76
4 81
4 121
4 122
4 161
4 171
4 195
4 233
4 245
4 264
5 34
5 41
5 43
5 87
5 107
5 115
5 135
5 171
5 195
5 234
5 266
5 276
5 288
6 7
6 19
6 26
6 34
6 39
6 90
6 127
6 134
6 181
6 248
6 280
6 309
7 41
7 47
7 57
7 108
7 123
7 124
7 163
7 202
7 216
7 222
7 266
7 292
8 129
8 235
9 39
9 73
9 123
9 126
9 149
9 195
9 314
10 115
10 126
10 129
10 181
10 224
10 293
11 241
11 314
12 35
12 44
12 66
12 238
12 276
13 16
13 82
13 100
13 167
13 208
13 216
13 219
13 233
13 252
13 287
14 23
14 144
14 212
14 214
14 309
15 121
15 125
16 63
16 156
16 204
16 207
16 233
17 74
17 160
17 176
17 202
17 228
17 254
17 285
18 48
18 76
18 125
18 143
18 161
18 204
18 240
19 52
19 135
20 32
20 129
20 241
20 279
20 304
21 153
21 235
21 282
21 309
22 42
22 182
22 183
22 235
23 37
23 39
23 140
23 176
23 180
23 262
23 297
23 313
24 32
24 35
24 200
24 292
25 73
25 127
26 99
26 195
26 233
26 277
27 121
28 45
28 62
28 65
28 66
28 86
28 99
28 105
28 120
28 147
28 210
28 241
28 246
28 279
29 57
29 66
29 70
29 82
29 98
29 110
29 131
29 166
29 263
29 288
30 35
30 212
31 139
31 205
31 235
32 83
32 122
32 144
32 235
32 257
32 264
32 267
32 288
33 98
33 124
33 126
33 169
33 234
33 304
34 35
34 40
34 105
34 112
34 121
34 122
34 266
34 297
35 69
35 73
35 89
35 106
35 121
35 122
35 158
35 162
35 168
35 188
35 223
35 232
35 234
35 235
35 260
35 266
35 279
35 298
36 59
36 125
36 127
36 128
36 153
36 163
36 178
36 203
36 209
36 228
36 234
36 235
36 267
36 292
37 51
37 56
37 130
37 156
37 259
37 277
38 56
38 304
39 69
39 100
39 104
39 129
39 199
39 293
40 75
40 80
40 81
40 99
40 129
40 132
40 159
40 189
40 201
40 208
40 219
40 222
40 266
40 285
40 286
41 77
41 128
41 129
41 139
41 154
41 157
41 195
41 220
41 223
41 313
42 125
42 141
42 168
42 201
42 228
42 239
42 259
43 61
43 77
43 209
43 234
44 59
44 96
44 124
44 150
44 278
44 304
45 126
46 218
46 271
47 99
47 137
48 89
48 124
48 178
49 121
49 132
49 177
49 224
49 232
49 313
50 263
50 264
51 75
51 77
51 114
51 121
51 188
51 233
51 271
52 134
52 210
52 233
52 309
53 126
53 189
53 193
53 267
53 274
54 124
54 195
54 232
54 266
54 286
54 304
55 76
55 105
55 158
55 214
55 304
56 64
56 67
56 111
56 134
56 220
56 246
56 289
57 71
57 80
57 89
57 106
57 118
57 122
57 233
57 257
57 266
59 60
59 74
59 88
59 110
59 121
59 124
59 126
59 140
59 142
59 165
59 180
59 220
59 247
59 267
60 219
60 238
61 122
61 126
61 195
61 201
61 232
62 110
62 124
62 169
62 171
62 216
63 125
63 128
63 183
64 77
64 128
64 233
64 280
64 286
65 223
65 239
65 298
65 301
66 90
66 100
66 127
66 185
66 239
67 90
67 100
68 106
68 122
68 232
68 257
69 106
69 170
69 245
70 128
70 233
70 258
71 144
72 90
72 122
72 134
72 162
72 168
72 204
72 227
72 253
72 259
72 261
72 312
73 103
73 106
73 135
73 153
73 155
73 195
73 223
73 268
73 304
74 90
74 195
74 196
75 80
75 118
75 122
75 140
75 155
75 234
75 246
75 271
76 84
76 91
76 122
76 162
76 164
76 171
76 173
76 185
76 199
76 215
76 256
77 85
77 121
77 123
77 127
77 129
77 134
77 182
77 186
77 200
78 102
78 169
78 195
79 110
79 125
79 166
79 188
79 202
79 241
80 121
80 126
80 147
80 189
80 216
81 100
81 124
81 184
81 279
82 124
83 124
83 127
83 201
83 204
83 235
84 109
84 124
84 125
84 134
84 307
85 87
85 98
85 123
85 132
85 155
85 233
85 248
85 267
85 276
86 127
87 121
87 128
87 162
88 124
88 195
88 232
88 250
89 90
89 126
89 192
89 214
89 235
89 304
89 308
90 100
90 125
90 167
90 170
90 172
90 191
90 233
90 236
90 241
90 304
92 108
92 185
92 264
92 268
92 291
93 109
93 180
93 257
94 232
95 129
95 134
95 143
95 149
95 235
95 279
96 218
97 121
97 163
97 204
97 236
98 119
98 163
98 199
98 200
98 204
98 226
98 229
98 264
99 122
99 127
99 129
99 145
99 151
99 157
99 158
99 162
99 165
99 173
99 174
99 183
99 226
99 232
99 279
99 304
100 120
100 121
100 134
100 143
100 227
100 241
100 246
100 252
100 257
100 279
100 299
101 124
101 202
101 223
101 233
102 122
102 130
102 134
103 153
104 160
104 235
104 240
104 304
105 121
105 200
106 124
106 125
106 134
106 189
106 232
106 233
106 234
106 266
106 279
106 304
107 123
107 243
107 267
108 112
108 292
109 154
109 161
110 117
110 160
110 201
110 204
111 135
111 162
111 228
111 288
111 304
112 132
112 160
113 124
113 129
115 122
115 146
115 165
115 261
115 280
115 283
117 122
117 137
117 149
117 162
117 169
117 226
117 266
118 286
119 127
119 206
119 273
120 124
120 169
120 258
120 261
120 282
121 126
121 127
121 128
121 130
121 135
121 140
121 142
121 158
121 166
121 190
121 192
121 197
121 217
121 234
121 266
121 267
121 285
121 291
121 299
121 309
122 124
122 125
122 128
122 139
122 146
122 161
122 167
122 219
122 220
122 227
122 246
122 253
122 270
122 277
122 280
122 302
123 132
123 139
123 141
123 181
123 182
123 219
123 222
123 226
123 233
123 234
123 241
123 246
123 285
124 135
124 154
124 157
124 160
124 163
124 168
124 182
124 209
124 223
124 232
124 274
124 302
124 306
124 312
125 126
125 132
125 159
125 163
125 168
125 169
125 183
125 189
125 216
125 218
125 219
125 233
125 255
125 266
125 277
125 288
125 291
125 292
125 304
125 312
126 127
126 129
126 173
126 201
126 215
126 225
126 280
126 282
126 299
126 315
127 128
127 129
127 139
127 159
127 240
127 267
127 289
127 304
127 309
127 314
128 130
128 145
128 160
128 168
128 180
128 202
128 204
128 226
128 250
128 255
128 259
128 266
128 281
128 311
129 151
129 160
129 177
129 197
129 202
129 218
129 232
129 236
129 257
129 266
129 309
129 313
130 185
130 208
130 262
131 264
131 296
131 314
132 135
132 204
133 149
134 156
134 172
134 198
134 215
134 247
134 260
134 266
134 280
134 304
135 136
135 164
135 206
135 253
135 266
135 274
135 309
137 189
137 233
139 166
139 226
139 234
139 235
139 302
140 165
140 180
140 184
140 189
140 200
140 232
140 235
140 247
140 313
141 160
141 187
141 234
142 238
142 239
142 269
143 155
143 173
143 189
144 211
144 224
144 226
144 231
144 259
146 216
146 259
147 287
147 313
148 304
149 183
151 168
151 226
152 170
153 222
153 263
154 240
154 309
155 226
155 227
155 257
155 283
156 238
157 160
157 183
157 199
157 240
158 198
158 232
158 278
158 283
158 306
159 209
160 177
160 180
160 191
160 221
160 258
160 266
162 166
162 185
162 199
162 235
163 238
163 259
164 280
165 216
165 226
165 233
165 240
165 309
165 314
166 185
166 189
166 304
167 178
167 198
168 173
168 219
168 236
169 174
169 223
169 239
169 245
169 253
170 182
170 235
171 189
172 253
172 312
173 239
173 268
174 193
174 240
174 259
174 278
175 247
175 259
175 288
176 233
176 250
177 288
178 249
178 260
179 268
180 197
180 293
180 295
181 234
183 220
183 255
184 195
184 309
185 201
185 215
186 221
187 233
187 265
188 258
189 219
189 247
190 227
192 201
193 243
193 297
194 235
195 233
195 236
195 284
195 311
197 208
197 223
197 263
197 288
198 235
199 206
200 207
200 235
201 206
201 240
201 283
202 250
202 292
203 253
203 272
204 210
204 223
204 246
204 247
204 260
204 268
204 307
204 309
205 208
205 233
205 234
206 235
206 299
207 218
207 240
207 294
207 313
209 253
209 275
209 309
210 234
210 235
212 225
212 232
212 235
212 277
214 255
214 304
215 223
216 233
216 235
216 244
216 275
217 264
217 285
218 288
219 241
219 266
220 234
221 226
221 234
221 314
223 249
225 253
226 234
226 235
226 264
226 266
226 292
226 304
226 309
227 233
227 280
227 284
227 288
228 273
229 311
231 282
231 291
231 293
232 241
232 243
232 255
232 309
233 240
233 258
233 275
234 266
234 277
234 279
234 289
234 291
234 302
235 259
235 276
236 252
236 259
236 288
237 243
238 240
238 246
241 257
241 313
243 303
244 266
244 291
246 267
246 286
247 262
247 302
247 303
248 309
249 310
250 266
252 304
254 296
255 261
256 257
261 308
264 277
267 271
267 290
268 286
276 309
279 304
279 310
280 286
282 291
286 304
292 314
