0 12
0 39
0 77
0 110
0 216
0 238
1 24
1 98
1 122
1 200
1 219
2 17
2 20
2 32
2 37
2 44
2 128
2 133
2 204
2 208
2 220
2 263
3 75
3 108
3 129
3 153
3 273
4 27
4 81
4 87
4 123
4 127
4 144
4 176
4 306
5 26
5 29
5 96
5 99
5 100
5 115
5 121
5 123
5 124
5 143
5 161
5 178
5 236
5 252
5 267
5 292
5 304
5 315
6 27
6 44
6 57
6 61
6 100
6 126
6 133
6 147
6 213
6 229
6 233
6 250
6 304
7 31
7 67
7 123
7 126
7 129
7 140
7 168
7 204
7 217
7 223
7 247
7 266
7 278
7 314
8 22
8 67
8 126
8 171
8 204
8 216
8 279
8 291
8 311
9 86
9 93
9 187
9 233
9 288
10 21
10 41
10 73
10 106
10 121
10 127
10 160
10 241
10 299
11 45
11 65
11 135
11 175
11 195
11 229
11 259
12 31
12 134
12 141
13 47
13 61
13 117
13 128
13 168
13 172
13 176
13 189
13 191
13 282
13 297
13 309
14 106
14 150
15 59
15 110
15 124
15 158
15 183
15 186
15 191
15 264
15 297
15 309
16 52
16 62
16 127
16 130
16 137
16 186
16 216
16 238
16 310
17 100
17 132
17 148
17 154
17 218
17 306
18 153
18 176
18 189
18 224
18 247
18 248
18 266
18 269
19 40
19 89
19 141
19 226
20 57
20 88
20 123
20 129
20 173
20 221
20 226
20 238
20 309
21 63
21 80
21 244
21 266
21 279
22 23
22 124
22 219
22 267
22 302
23 107
23 122
23 126
23 174
23 185
23 192
23 209
23 210
23 238
23 239
23 286
23 302
24 44
24 59
24 92
24 182
24 309
25 252
26 126
26 237
26 288
26 309
27 151
27 172
27 204
27 207
28 124
28 139
28 216
28 233
28 241
28 280
28 304
29 125
29 127
29 159
29 174
29 202
29 304
30 32
30 126
30 219
30 222
30 236
31 72
31 127
31 173
32 37
32 51
32 196
32 214
32 232
33 61
33 67
33 124
33 143
33 166
33 235
34 72
34 75
34 101
34 188
34 239
34 278
34 309
35 43
35 89
35 90
35 105
35 111
35 123
35 131
35 176
35 185
35 206
35 219
35 226
35 264
35 280
35 301
36 58
36 66
36 67
36 111
36 124
36 125
36 131
36 215
36 221
36 226
36 232
36 234
37 62
37 98
37 115
37 127
37 174
37 240
37 241
37 296
38 85
38 87
38 88
38 121
38 267
39 42
39 63
39 72
39 81
39 104
39 122
39 129
39 139
39 156
39 188
39 309
40 45
40 73
40 76
40 83
40 122
40 125
40 140
40 149
40 160
40 209
40 212
40 232
40 236
40 271
40 279
40 283
41 72
41 110
41 123
41 140
41 215
42 193
42 226
42 309
43 77
43 90
44 85
44 98
44 129
44 136
44 143
44 215
46 165
46 201
46 224
46 232
47 140
47 176
47 207
48 92
48 99
48 121
49 110
49 112
49 122
49 304
49 309
50 129
50 131
50 154
50 157
50 204
50 220
50 275
51 85
51 90
51 121
51 122
51 142
51 194
51 197
51 219
51 246
51 252
51 304
51 310
52 68
52 98
52 142
52 182
52 288
53 79
53 125
53 168
54 57
54 69
54 74
54 85
54 125
54 271
54 275
54 306
55 87
55 90
55 128
55 130
55 233
55 239
55 266
56 122
56 125
56 249
56 255
56 277
57 95
57 106
57 128
57 226
57 241
57 273
58 125
58 126
58 129
58 204
59 191
59 200
59 216
59 226
59 232
61 97
61 174
61 198
61 203
61 216
61 223
61 225
61 234
61 252
61 304
62 216
62 231
62 264
63 73
64 128
64 158
65 122
65 151
65 266
65 303
65 312
66 73
66 90
66 102
66 113
66 129
66 230
66 231
66 232
66 241
66 267
67 75
67 84
67 95
67 124
67 144
67 215
67 237
67 291
68 128
68 153
68 224
69 93
69 117
69 122
69 134
69 195
70 106
70 171
70 183
71 111
71 121
72 123
72 134
72 150
72 194
72 267
72 288
73 84
73 99
73 105
73 117
73 125
73 137
73 233
73 234
73 235
73 257
73 304
74 299
75 113
75 124
75 169
75 175
75 194
75 201
75 246
75 271
76 90
76 139
76 156
76 160
76 162
76 168
76 192
76 203
76 232
76 276
76 311
77 89
77 120
77 127
77 133
77 139
77 170
77 187
77 202
77 204
77 216
77 217
77 232
77 250
77 285
78 201
78 261
78 270
79 112
79 124
79 128
79 144
80 90
80 93
80 119
80 144
80 151
80 189
80 239
80 253
80 279
80 308
81 125
81 144
81 235
81 272
82 95
82 121
82 123
82 167
82 261
83 122
83 124
83 199
84 122
84 154
84 200
84 201
84 215
84 241
85 100
85 107
85 129
85 192
85 204
85 240
85 280
86 107
86 126
86 139
87 91
87 192
87 260
88 99
88 290
89 105
89 139
89 204
90 99
90 113
90 121
90 123
90 124
90 128
90 145
90 183
90 185
90 222
90 235
90 259
90 264
90 285
90 286
90 315
91 160
92 149
92 267
92 286
92 309
93 155
93 160
93 170
93 268
93 304
94 219
95 118
95 130
95 174
95 215
95 231
95 249
96 99
96 132
96 135
96 152
96 195
96 199
96 259
97 122
97 123
97 170
98 123
98 124
98 125
98 179
98 200
98 278
99 104
99 116
99 127
99 128
99 144
99 173
99 204
99 215
99 232
99 259
99 262
99 266
100 117
100 121
100 170
100 215
100 233
100 241
100 255
100 264
100 266
100 277
100 304
101 111
101 214
102 112
102 174
102 178
102 202
103 126
103 172
103 220
104 111
104 138
104 147
105 125
105 128
105 134
105 165
105 189
105 283
106 160
106 206
106 219
106 262
107 121
107 126
107 139
107 222
107 232
108 124
108 204
108 247
110 122
110 186
110 195
110 216
110 217
110 308
111 117
111 129
111 133
111 158
111 235
111 282
111 309
112 125
112 202
112 315
113 125
113 139
114 139
114 223
115 159
116 125
116 141
117 121
117 182
117 227
117 230
117 233
117 259
118 257
119 236
119 309
120 157
120 201
120 266
121 123
121 134
121 136
121 147
121 152
121 165
121 168
121 176
121 186
121 195
121 196
121 201
121 211
121 219
121 232
121 233
121 235
121 236
121 241
121 257
121 262
121 266
121 272
121 291
121 309
122 124
122 125
122 128
122 155
122 187
122 190
122 234
122 235
122 259
122 266
122 276
122 294
122 297
123 124
123 143
123 165
123 168
123 173
123 197
123 204
123 207
123 218
123 219
123 232
123 236
123 258
123 266
123 304
123 309
123 313
124 127
124 129
124 130
124 134
124 148
124 168
124 171
124 173
124 174
124 189
124 192
124 204
124 222
124 225
124 229
124 231
124 234
124 267
124 268
124 308
124 312
125 126
125 127
125 128
125 134
125 136
125 151
125 162
125 165
125 173
125 196
125 213
125 218
125 219
125 226
125 234
125 236
125 240
125 246
125 257
125 283
125 292
125 302
126 127
126 142
126 180
126 183
126 188
126 202
126 214
126 217
126 225
126 226
126 235
126 239
126 243
126 257
126 259
126 273
126 283
126 286
126 291
126 292
126 308
126 313
127 143
127 188
127 204
127 208
127 209
127 223
127 231
127 233
127 236
127 240
127 246
127 252
127 258
127 259
127 271
127 279
127 287
128 129
128 170
128 174
128 177
128 187
128 224
128 232
128 233
128 253
128 279
129 130
129 149
129 155
129 189
129 205
129 233
129 243
130 149
130 176
130 201
130 302
131 140
131 225
131 233
132 171
132 179
132 204
132 285
133 134
133 191
133 233
133 271
134 169
134 206
134 233
134 235
134 260
134 262
134 282
134 313
135 204
135 216
135 232
135 246
135 261
135 304
136 246
137 172
137 214
137 228
138 233
139 200
139 232
139 294
139 315
140 179
140 209
140 223
140 235
141 154
141 219
141 237
142 153
142 184
142 223
142 224
142 226
142 279
143 168
143 170
143 232
143 247
143 297
144 233
144 304
145 216
146 219
146 255
147 204
147 304
148 212
148 253
148 261
148 313
149 236
149 285
149 287
149 299
149 311
150 233
150 234
151 212
151 226
152 305
153 174
153 238
155 277
156 221
156 228
156 242
156 267
157 225
157 241
158 220
158 233
158 236
158 274
158 310
159 166
159 180
159 191
159 226
159 271
160 197
160 204
160 217
160 226
160 240
160 241
160 309
161 235
161 259
162 173
162 273
163 220
163 246
163 304
164 183
164 235
164 238
164 283
165 180
165 189
165 228
165 233
165 240
165 271
165 291
166 168
166 206
166 208
166 237
167 232
167 246
168 201
168 204
168 209
168 234
169 261
170 219
170 227
171 286
172 218
172 253
173 185
173 200
173 239
173 279
173 309
174 195
174 196
174 206
174 234
174 315
175 241
176 202
176 247
176 260
177 217
178 233
179 227
179 234
179 309
180 204
180 232
180 268
180 271
180 274
180 309
181 209
181 230
182 204
183 232
183 235
185 235
186 199
186 231
186 234
187 235
188 200
188 203
188 204
188 216
188 219
188 306
189 236
189 241
189 250
189 267
189 285
191 198
191 204
191 219
191 284
192 241
192 313
193 232
193 273
195 235
196 219
197 204
198 232
199 200
199 202
199 257
200 226
200 292
201 202
201 205
201 234
202 233
202 277
203 250
204 226
204 232
204 235
204 286
204 303
205 235
205 245
206 249
206 283
206 305
206 307
207 273
212 219
212 228
212 305
212 307
214 241
214 257
214 276
214 288
216 219
216 312
217 267
217 309
218 255
218 259
218 279
219 312
220 232
220 233
220 235
225 279
226 246
226 268
226 304
226 313
227 262
228 264
228 265
231 273
232 239
232 259
232 261
232 271
232 309
233 234
233 235
233 237
233 259
233 261
233 266
233 285
233 289
233 313
235 239
235 253
235 255
235 288
235 291
236 259
237 306
238 283
240 297
240 302
241 268
250 267
250 313
253 275
253 285
255 267
255 309
257 271
257 279
259 266
262 297
264 309
265 304
266 277
266 288
266 313
267 303
268 288
268 304
275 307
278 292
280 288
286 292
287 303
288 304
291 304
292 304
297 305
304 309
