0 6
0 72
0 73
0 180
1 9
1 143
1 181
1 276
2 13
2 20
2 28
2 36
2 105
2 123
2 156
2 234
3 110
3 214
3 217
3 230
3 241
4 41
4 76
4 77
4 90
4 97
4 99
4 123
4 160
4 186
4 257
4 294
4 296
5 18
5 29
5 36
5 40
5 100
5 126
5 143
5 241
5 276
6 29
6 51
6 54
6 70
6 73
6 82
6 99
6 121
6 122
6 125
6 126
6 127
6 140
6 195
6 226
6 247
6 266
7 10
7 50
7 66
7 73
7 100
7 122
7 131
7 147
7 154
7 192
7 255
7 261
8 309
9 28
9 87
9 100
9 188
9 206
9 224
9 236
9 249
9 269
9 296
9 308
10 23
10 124
10 128
11 259
11 308
12 97
12 121
12 133
12 168
12 207
12 209
12 211
12 234
12 279
13 28
13 57
13 72
13 76
13 140
13 189
13 232
13 253
14 120
14 125
14 128
14 138
15 232
15 233
15 241
16 44
16 103
16 266
16 274
17 19
17 22
17 29
17 55
17 62
17 66
17 78
17 110
17 129
17 158
17 168
17 178
17 241
17 277
17 309
18 23
18 124
18 168
18 232
18 245
19 266
20 85
20 93
20 123
20 129
20 183
20 194
20 227
20 257
21 37
21 97
21 258
21 274
22 81
22 105
22 163
22 250
22 266
23 35
23 64
23 72
23 77
23 86
23 90
23 123
23 174
23 266
23 292
23 293
24 72
24 113
24 218
24 233
24 234
24 271
25 86
25 126
25 212
26 47
26 61
26 127
26 241
27 112
27 233
28 124
28 125
28 188
28 217
28 246
28 297
28 298
29 52
29 91
29 96
29 122
29 134
29 143
29 179
29 180
29 195
29 233
29 234
29 246
29 282
29 297
30 117
30 132
30 305
31 75
31 106
32 73
32 97
32 157
32 178
32 198
32 218
32 233
32 287
32 308
33 40
33 189
33 226
34 41
34 51
34 54
34 75
34 113
34 128
34 145
34 176
34 210
34 315
35 95
35 100
35 121
35 123
35 126
35 167
35 223
35 228
35 247
35 261
35 266
35 281
35 288
36 99
36 107
36 127
36 130
36 150
36 160
36 165
36 188
36 219
36 227
36 304
37 77
37 113
37 236
37 237
38 154
38 214
38 313
39 99
39 103
39 131
39 134
39 187
39 215
39 236
39 260
39 285
39 289
39 304
40 44
40 77
40 126
40 129
40 142
40 168
40 173
40 197
41 55
41 68
41 77
41 96
41 100
41 121
41 123
41 124
41 127
41 135
41 172
41 199
41 235
42 48
42 111
42 124
42 189
42 206
42 304
42 309
43 54
43 81
43 86
43 121
43 143
43 241
44 127
44 226
44 236
46 134
46 149
46 163
46 191
46 217
46 247
47 88
47 124
47 219
48 100
49 128
49 158
49 165
49 234
50 59
50 76
50 297
51 70
51 106
51 123
51 124
51 128
51 219
51 235
51 266
51 300
52 62
52 122
52 125
52 126
52 138
52 140
52 165
52 173
52 193
52 220
52 230
52 258
53 123
53 126
53 210
54 91
54 126
54 127
54 174
54 280
54 286
55 69
55 85
55 99
55 190
55 204
55 223
55 239
56 90
56 123
57 123
57 173
57 241
57 265
58 68
58 265
59 121
61 66
61 86
61 92
61 127
61 176
61 189
61 233
61 241
61 258
62 127
62 226
62 275
64 69
64 123
64 139
64 188
65 130
65 215
65 306
66 100
66 144
66 175
66 181
66 229
66 241
66 267
67 77
67 89
67 100
67 121
67 223
67 245
68 122
68 174
69 111
69 140
70 84
70 123
70 134
70 227
70 253
70 269
71 125
71 166
72 124
72 140
72 173
72 191
72 197
72 207
72 223
72 304
73 111
73 127
73 148
73 161
73 232
73 311
74 105
74 125
74 129
74 205
75 90
75 121
75 128
75 141
75 153
75 180
75 202
75 257
75 267
76 77
76 92
76 123
76 124
76 125
76 129
76 135
76 152
76 183
76 206
76 221
76 250
76 259
76 280
77 99
77 104
77 124
77 126
77 127
77 132
77 137
77 138
77 142
77 150
77 162
77 168
77 174
77 181
77 182
77 187
77 209
77 228
77 296
78 106
79 139
79 228
80 201
80 252
80 297
81 106
81 122
81 125
81 144
81 219
82 183
82 266
82 276
83 142
83 185
83 201
83 246
84 158
84 165
84 234
84 289
85 125
85 128
85 137
85 150
85 163
85 200
85 232
86 148
86 189
86 204
86 269
87 259
87 286
88 124
88 125
88 220
88 263
89 202
89 223
89 267
89 286
89 289
89 309
90 124
90 140
90 170
90 172
90 173
90 195
90 215
90 221
90 232
90 233
90 238
90 271
90 275
90 286
91 122
91 123
91 124
91 247
92 228
93 157
93 168
93 235
94 104
94 122
94 226
94 250
95 111
95 127
95 134
95 260
95 269
96 171
96 217
96 219
96 279
96 309
97 117
98 168
98 232
99 100
99 126
99 169
99 181
99 218
99 233
99 241
99 245
99 246
99 259
100 119
100 127
100 128
100 132
100 144
100 163
100 165
100 168
100 170
100 174
100 183
100 204
100 211
100 215
100 219
100 232
100 235
100 240
100 243
100 257
100 275
101 202
102 224
102 235
103 122
103 124
103 139
103 207
104 134
104 140
104 165
104 223
104 292
105 134
105 199
105 202
105 234
105 273
106 124
106 138
106 166
106 209
106 224
106 239
106 269
107 135
107 141
107 220
107 227
107 275
108 140
108 186
108 219
109 195
110 124
110 167
110 180
110 194
110 200
110 226
110 252
110 261
110 276
110 309
111 124
111 154
111 182
111 226
111 238
112 128
112 184
112 271
112 276
112 309
113 120
113 174
113 188
114 266
115 204
115 219
115 243
115 244
115 247
116 258
116 271
117 122
117 123
117 155
117 172
117 175
117 230
117 232
117 233
118 122
119 121
119 122
119 140
119 161
119 226
119 282
119 288
120 125
121 125
121 128
121 130
121 155
121 165
121 168
121 188
121 197
121 202
121 204
121 206
121 219
121 224
121 228
121 232
121 233
121 241
121 257
121 278
121 279
121 304
122 125
122 149
122 154
122 160
122 169
122 173
122 183
122 188
122 201
122 204
122 207
122 210
122 226
122 234
122 257
122 265
122 272
122 304
122 314
123 124
123 126
123 135
123 137
123 140
123 143
123 146
123 166
123 169
123 171
123 181
123 205
123 206
123 219
123 232
123 233
123 234
123 235
123 265
123 267
124 126
124 129
124 134
124 160
124 163
124 165
124 170
124 171
124 198
124 200
124 232
124 235
124 258
124 264
124 265
124 271
124 279
124 304
125 126
125 134
125 160
125 173
125 178
125 180
125 188
125 191
125 193
125 194
125 230
125 239
125 241
125 265
125 274
125 276
125 309
126 138
126 142
126 166
126 168
126 180
126 200
126 204
126 215
126 234
126 238
126 241
126 279
126 297
126 304
127 128
127 145
127 155
127 165
127 186
127 188
127 208
127 212
127 232
127 240
127 253
127 254
127 279
127 313
127 314
128 133
128 144
128 147
128 162
128 169
128 174
128 178
128 182
128 195
128 197
128 200
128 207
128 209
128 220
128 223
128 233
128 241
128 266
128 268
128 274
128 278
129 135
129 138
129 170
129 201
129 206
129 210
129 217
129 232
129 234
129 235
129 253
129 254
129 272
129 307
130 139
130 231
130 238
130 302
131 139
131 202
131 233
132 183
132 264
133 163
133 215
133 312
134 145
134 189
134 204
134 219
134 226
134 232
134 233
134 241
134 274
134 288
134 314
135 165
135 219
135 223
135 234
135 257
135 271
135 309
136 233
137 145
137 226
137 235
137 309
138 160
139 157
139 166
139 176
139 217
139 252
139 266
139 293
139 295
139 296
139 297
140 174
140 226
140 234
140 295
140 296
141 151
141 232
142 202
143 161
144 178
144 235
144 262
144 313
146 155
147 160
147 226
147 233
148 233
151 187
151 234
152 163
152 233
152 236
152 279
152 309
153 168
153 219
153 278
154 264
155 160
155 221
155 222
155 233
155 234
155 279
155 313
157 201
157 226
157 235
157 309
158 191
158 204
158 218
158 220
158 222
158 233
158 236
158 246
158 270
158 271
158 302
158 303
159 257
159 283
160 166
160 212
160 232
160 233
160 307
161 180
161 201
161 309
162 219
162 233
162 292
162 299
163 224
163 286
164 288
164 297
165 166
165 216
165 255
165 257
166 189
166 226
166 314
168 185
168 218
168 247
168 279
168 309
169 304
172 249
173 259
174 178
174 235
174 265
174 279
175 257
176 192
177 233
177 261
178 201
179 226
179 295
179 304
180 207
180 210
180 250
183 234
183 266
184 228
185 187
185 201
185 254
185 257
187 223
187 285
187 307
187 309
188 228
188 309
189 200
189 224
189 239
189 305
191 251
192 226
193 203
195 295
197 226
197 229
197 235
197 239
197 246
197 312
198 286
201 207
202 249
202 279
203 233
204 206
204 212
204 225
204 244
204 263
204 304
205 232
206 219
206 220
206 234
206 266
207 220
207 254
208 281
209 231
209 292
209 309
212 286
212 288
212 311
213 286
213 297
214 228
214 238
215 296
215 315
216 236
216 254
216 266
216 267
216 304
217 221
217 226
217 302
218 223
218 272
218 286
218 309
219 249
219 288
219 298
220 228
220 235
221 266
222 255
223 232
223 279
225 232
226 233
226 240
226 246
226 259
227 307
228 232
229 305
230 232
230 235
231 305
232 258
232 276
233 245
233 264
233 268
234 235
234 288
235 257
235 302
235 311
236 240
236 265
236 282
238 264
238 279
240 292
241 246
241 288
241 290
241 303
242 265
243 249
244 304
245 285
246 257
246 266
246 268
246 270
250 265
250 279
253 279
255 280
255 304
257 284
259 263
262 274
265 266
266 284
266 309
267 304
267 314
268 292
274 279
276 291
278 288
279 311
280 286
280 299
283 308
292 298
304 309
