0 267
0 275
2 7
2 59
2 121
2 132
2 207
2 226
2 235
2 250
2 259
2 266
2 279
3 34
3 122
3 138
4 28
4 98
4 125
4 127
4 128
4 129
4 160
4 168
4 254
4 291
4 309
5 10
5 12
5 22
5 44
5 75
5 77
5 78
5 83
5 87
5 89
5 99
5 110
5 135
5 148
5 180
5 182
5 255
5 265
5 275
5 279
5 304
6 42
6 107
6 111
6 239
6 315
7 17
7 40
7 66
7 74
7 79
7 90
7 97
7 122
7 134
7 135
7 140
7 160
7 165
7 192
7 197
7 199
7 221
7 286
7 289
7 309
7 315
8 235
9 12
9 41
9 128
9 191
9 279
10 18
10 88
10 100
10 122
10 124
10 177
10 266
11 18
11 127
11 140
12 21
12 56
12 123
12 214
12 233
12 262
12 266
12 267
12 308
13 42
13 70
13 84
13 124
13 156
13 186
13 221
14 18
14 139
14 204
14 221
14 240
14 247
15 91
15 129
15 144
15 157
15 215
16 93
16 99
16 110
16 122
16 127
16 131
16 160
16 174
17 74
17 75
17 123
17 129
17 188
17 206
17 207
17 231
17 233
17 291
18 121
18 122
18 141
18 212
18 219
18 229
19 77
19 96
19 126
19 157
19 228
20 28
20 77
20 111
20 123
20 126
20 134
20 155
20 169
20 192
20 225
20 264
20 299
21 70
21 207
22 35
22 90
22 99
22 129
22 151
22 212
23 55
23 149
23 180
23 238
24 57
24 81
24 84
24 156
24 274
24 276
24 279
25 204
26 121
26 202
26 271
27 126
27 143
27 170
28 92
28 122
28 185
28 219
29 93
29 99
29 130
29 152
29 160
29 166
29 175
29 244
29 279
29 295
29 296
30 135
30 286
31 168
31 233
32 55
32 61
32 86
32 128
32 129
32 132
32 192
32 246
32 279
33 106
33 124
33 129
33 302
34 60
34 91
34 170
34 211
34 226
35 55
35 107
35 122
35 126
35 157
35 217
35 265
36 110
36 128
36 302
37 41
37 58
37 76
37 86
37 100
37 158
37 233
37 240
37 243
37 309
38 49
38 66
38 105
38 112
38 127
38 228
39 49
39 102
39 111
39 241
40 52
40 65
40 99
40 100
40 127
40 191
40 226
40 230
40 252
40 264
40 280
41 99
41 139
41 199
41 235
41 296
42 90
42 131
42 208
42 219
42 226
42 233
42 250
42 279
43 82
43 153
43 198
44 218
44 233
44 235
44 287
44 313
45 246
46 49
46 201
47 123
47 166
47 200
47 274
48 219
48 314
49 84
49 88
49 139
49 158
49 228
49 258
50 127
50 269
51 62
51 74
51 76
51 125
51 136
51 195
51 224
51 226
51 276
51 279
52 77
52 100
52 111
52 124
52 183
52 189
52 195
52 266
52 286
53 121
54 60
54 117
54 203
54 234
54 259
55 102
55 128
55 152
55 187
55 196
55 214
55 216
55 249
55 253
55 276
55 309
56 90
56 100
56 154
56 176
56 274
56 279
57 73
57 84
57 89
57 124
57 183
57 258
57 288
57 309
58 226
59 125
59 127
59 156
59 177
59 181
59 191
59 221
59 229
60 232
60 296
60 301
61 137
61 139
61 174
61 181
61 226
61 246
61 267
62 98
62 226
62 272
62 280
64 195
65 212
65 273
66 75
66 122
66 135
66 201
66 214
66 226
66 252
66 299
66 304
67 111
67 129
67 199
67 225
67 253
67 304
68 223
68 239
68 283
68 314
69 72
70 127
70 203
70 223
71 121
71 122
71 233
71 234
72 87
72 104
72 122
72 144
72 262
72 268
72 302
73 98
73 99
73 124
73 125
73 127
73 132
73 183
73 185
74 82
74 174
75 95
75 143
75 223
75 234
75 239
75 246
75 255
75 282
76 77
76 80
76 84
76 86
76 97
76 99
76 125
76 131
76 140
76 141
76 163
76 164
76 182
76 259
76 299
76 315
77 119
77 124
77 125
77 126
77 129
77 131
77 143
77 178
77 200
77 201
77 217
77 223
77 230
77 231
77 235
77 236
77 241
77 305
78 89
78 127
79 100
79 128
79 155
79 279
80 92
80 127
80 144
80 165
81 111
81 124
81 128
81 222
81 230
82 109
82 122
82 156
82 159
83 100
83 159
83 217
83 225
83 227
84 94
84 131
84 201
84 212
84 266
84 284
85 100
85 124
85 125
85 134
85 162
85 221
85 226
85 253
85 304
86 103
87 140
88 126
88 127
88 152
88 233
88 285
89 115
89 127
89 128
89 144
89 191
89 238
89 264
89 268
89 304
89 313
90 121
90 123
90 142
90 151
90 238
90 301
90 304
91 100
91 233
91 304
92 125
92 199
92 231
92 267
92 279
93 120
93 134
93 279
93 304
94 234
94 251
94 274
95 125
95 144
95 226
95 230
95 247
95 306
96 127
96 234
96 247
96 257
97 126
97 272
98 103
98 119
98 204
98 252
98 279
99 100
99 102
99 126
99 129
99 142
99 144
99 182
99 202
99 222
99 233
99 260
99 279
99 308
99 310
100 106
100 110
100 113
100 126
100 133
100 154
100 166
100 195
100 202
100 216
100 266
100 290
100 301
101 124
101 222
101 238
101 273
102 127
102 233
103 123
104 122
104 211
104 232
105 112
105 217
105 237
105 309
106 118
106 128
106 146
107 121
107 122
107 232
107 255
108 254
109 211
109 229
110 124
110 166
110 235
110 260
110 264
110 276
110 288
111 117
111 123
111 134
111 142
111 143
111 144
111 185
111 209
111 226
111 248
111 257
112 121
112 131
112 185
112 188
112 212
112 223
113 124
113 235
113 282
114 128
114 129
114 185
115 124
115 182
115 223
115 232
115 247
115 313
116 128
116 230
116 257
117 129
117 158
117 162
117 174
117 195
117 198
117 221
117 234
117 237
117 241
117 253
117 269
117 309
118 267
119 181
119 257
120 131
120 174
120 230
120 259
120 271
121 122
121 127
121 139
121 147
121 150
121 159
121 163
121 182
121 187
121 198
121 204
121 217
121 219
121 220
121 229
121 232
121 233
121 241
121 257
121 266
121 278
121 279
121 284
121 298
121 312
122 123
122 125
122 129
122 151
122 170
122 180
122 181
122 195
122 198
122 201
122 211
122 232
122 234
122 235
122 246
122 249
122 265
122 272
122 279
122 285
122 293
122 306
122 313
123 125
123 126
123 168
123 174
123 189
123 198
123 213
123 236
123 241
123 246
123 264
123 266
123 291
123 304
123 308
123 311
124 125
124 126
124 128
124 138
124 144
124 146
124 158
124 168
124 169
124 178
124 206
124 220
124 232
124 234
124 241
124 246
124 279
124 309
125 127
125 129
125 163
125 168
125 187
125 192
125 195
125 204
125 219
125 221
125 226
125 234
125 235
125 266
125 267
125 270
125 276
126 135
126 152
126 154
126 166
126 195
126 199
126 201
126 207
126 212
126 232
126 233
126 247
126 250
126 270
126 271
126 309
127 180
127 204
127 231
127 233
127 241
127 243
127 249
127 257
127 277
127 285
127 293
127 301
128 142
128 144
128 158
128 162
128 189
128 219
128 252
128 266
128 271
128 277
128 302
129 140
129 158
129 165
129 168
129 185
129 192
129 204
129 206
129 207
129 220
129 227
129 232
129 243
129 245
129 264
129 271
130 139
130 195
130 214
130 220
131 187
131 259
131 302
133 156
134 169
134 206
134 230
134 309
135 158
135 240
135 278
136 267
137 224
137 280
138 271
139 158
139 250
140 163
140 165
140 223
140 231
140 238
140 259
140 298
141 263
141 265
143 180
143 201
144 151
144 223
144 305
147 160
147 207
147 235
147 255
148 188
149 195
150 160
151 183
151 219
151 262
151 298
151 304
152 235
152 277
154 202
155 168
155 216
155 221
155 234
155 238
155 267
156 188
156 233
157 171
157 201
157 228
157 257
157 297
158 178
158 182
158 229
159 162
160 235
160 246
160 267
160 304
161 254
162 196
162 276
163 202
164 207
165 214
165 259
166 238
166 240
166 278
166 309
167 232
168 291
168 295
169 237
171 180
171 200
172 259
172 265
173 176
173 189
174 241
175 264
177 204
177 232
177 243
178 189
178 309
180 202
180 204
180 226
180 268
180 300
180 309
181 235
182 232
182 253
182 296
183 284
183 310
185 202
185 204
185 255
186 220
186 313
186 314
187 253
188 190
188 195
188 232
188 235
188 266
189 204
189 306
190 195
190 255
190 312
192 194
195 219
195 226
195 255
195 280
196 226
197 234
198 219
199 232
200 253
200 304
201 206
201 219
201 226
201 232
201 236
201 244
201 304
203 226
203 229
203 304
204 207
204 224
204 261
204 271
204 302
204 312
206 217
206 229
206 272
207 208
208 224
208 232
208 235
208 308
211 299
211 306
212 300
214 247
215 255
216 234
216 280
217 241
218 223
219 232
219 250
219 265
219 291
220 234
220 314
221 312
223 234
223 235
223 271
225 236
225 240
226 232
226 233
226 250
226 266
226 309
227 236
227 290
229 241
229 304
230 288
231 304
232 234
232 241
232 253
232 313
233 238
233 259
233 266
233 268
233 277
233 280
234 235
234 238
234 239
234 252
234 253
234 266
234 299
234 302
234 309
234 314
235 274
235 279
235 287
236 264
236 301
237 301
238 243
240 272
240 309
241 252
241 261
241 272
241 285
241 297
241 308
243 278
246 302
246 314
249 252
253 283
255 297
255 304
258 266
259 272
260 302
261 266
261 298
263 268
265 286
266 271
266 279
271 310
277 309
280 297
286 309
289 294
303 304
