0 33
0 168
0 258
1 52
1 106
1 139
1 180
1 188
1 193
1 197
1 200
1 221
2 9
2 12
2 42
2 115
2 224
2 249
2 279
2 309
3 42
3 76
3 110
3 221
3 246
3 314
4 22
4 62
4 73
4 100
4 122
4 123
4 125
4 140
4 200
4 254
4 267
5 13
5 38
5 44
5 54
5 56
5 59
5 86
5 99
5 102
5 121
5 125
5 128
5 142
5 260
5 273
6 41
6 57
6 59
6 93
6 99
6 121
6 123
6 160
6 163
6 232
6 241
6 254
6 266
6 279
7 22
7 35
7 127
7 201
7 215
7 240
7 273
7 275
8 189
8 197
8 315
9 89
9 96
9 123
9 228
9 232
9 249
10 11
10 35
10 47
10 123
10 230
10 259
11 44
12 91
12 122
12 135
12 147
12 206
12 228
12 237
13 41
13 98
13 106
13 115
13 129
13 154
13 220
13 235
13 261
13 274
13 296
14 20
14 98
14 100
14 126
14 216
15 125
15 134
15 245
16 52
16 117
16 128
16 184
16 266
16 274
17 20
17 32
17 36
17 42
17 52
17 56
17 76
17 98
17 121
17 122
17 123
17 129
17 146
17 212
17 234
17 250
17 299
18 126
18 147
18 175
18 183
18 233
19 52
19 90
19 204
19 238
19 252
20 79
20 95
20 121
20 122
20 183
20 195
20 304
21 32
21 59
21 70
21 172
21 255
22 126
22 217
22 233
22 261
22 304
23 57
23 137
23 204
23 301
24 47
24 53
24 124
24 127
24 128
24 177
24 291
25 153
25 185
25 214
25 259
26 56
26 205
26 307
27 98
27 99
27 266
28 68
28 98
28 181
28 191
28 200
28 219
28 226
28 259
28 271
29 45
29 89
29 104
29 129
29 144
29 160
29 192
29 220
29 229
29 234
29 243
31 49
31 129
31 206
32 40
32 66
32 75
32 97
32 135
32 214
32 224
32 309
33 212
33 243
34 35
34 42
34 123
34 140
34 167
34 217
35 40
35 47
35 55
35 76
35 80
35 92
35 117
35 134
35 139
35 144
35 151
35 152
35 167
35 171
35 176
35 189
35 204
35 207
35 212
35 219
35 221
35 225
35 226
35 237
35 238
35 283
35 305
36 57
36 59
36 90
36 122
36 123
36 162
37 76
37 108
37 122
37 160
37 202
37 206
37 233
37 276
37 309
38 127
38 163
39 125
39 127
39 276
39 315
40 46
40 47
40 80
40 110
40 122
40 145
40 161
40 183
40 204
40 226
40 235
40 314
41 70
41 128
41 160
41 173
41 214
41 245
41 266
41 292
42 48
42 68
42 103
42 121
42 127
42 158
42 217
42 234
42 278
42 293
42 302
43 135
43 207
43 233
44 57
44 70
44 131
44 186
44 292
45 129
45 214
45 275
46 67
46 221
46 260
47 188
47 286
48 175
49 99
49 111
49 122
49 223
49 266
49 273
49 289
49 294
51 64
51 117
51 123
51 206
52 72
52 79
52 189
52 215
52 250
52 266
52 268
53 235
54 115
54 124
54 173
54 189
54 197
54 206
54 231
54 255
54 272
54 275
54 313
55 111
55 112
55 125
55 168
55 195
56 117
56 246
56 266
57 95
57 132
57 180
57 235
57 266
58 220
58 252
59 76
59 126
59 144
59 160
59 189
59 279
61 143
61 160
61 234
62 99
62 138
62 198
62 232
62 292
63 110
64 142
64 177
64 180
65 122
65 197
65 266
66 139
66 144
66 183
66 195
66 198
66 204
66 233
66 264
66 268
67 76
67 182
67 203
67 237
67 253
67 261
68 142
69 135
69 214
69 233
69 246
69 287
70 87
70 102
70 220
70 226
70 232
71 76
71 237
72 124
72 129
72 147
72 156
72 203
72 229
72 240
72 274
73 92
73 124
73 127
73 129
73 143
73 195
73 219
73 283
74 90
74 99
74 200
74 212
75 76
75 112
75 121
75 144
75 148
75 217
75 220
75 226
75 235
75 240
75 262
76 91
76 100
76 110
76 121
76 178
76 187
76 204
76 207
76 212
76 226
76 233
76 241
76 252
76 264
76 279
76 313
77 90
77 106
77 110
77 117
77 120
77 122
77 128
77 134
77 215
77 253
77 273
77 280
77 304
78 122
78 137
78 168
78 195
78 259
78 278
79 95
79 125
79 164
79 180
79 304
80 84
80 123
80 127
80 134
80 160
80 190
81 201
81 234
82 154
83 124
83 154
83 221
83 236
84 127
84 233
85 123
85 134
85 153
85 210
85 233
85 314
86 103
86 128
86 165
86 193
87 104
87 127
87 135
87 200
87 309
88 223
88 308
89 121
89 134
89 165
89 233
89 280
90 110
90 131
90 174
90 179
90 191
90 226
90 264
90 267
91 119
91 128
91 202
92 224
92 239
93 99
93 200
93 222
93 304
94 277
95 110
95 211
95 234
95 238
95 255
95 279
96 117
96 129
96 200
96 212
96 253
96 309
97 279
98 100
98 111
98 117
98 223
98 300
99 100
99 106
99 121
99 125
99 130
99 148
99 149
99 151
99 199
99 234
99 262
100 124
100 126
100 212
100 226
100 232
100 247
100 271
100 282
101 137
102 160
102 268
102 280
103 107
103 123
103 168
103 180
103 204
103 235
104 121
104 199
104 214
105 123
105 180
105 255
105 279
106 123
106 126
106 141
106 147
106 208
106 214
106 233
107 140
107 212
107 241
108 110
108 128
108 219
109 210
109 247
110 124
110 137
110 156
110 161
110 192
110 217
110 220
110 224
110 232
110 259
110 267
111 122
111 129
111 189
112 126
112 236
112 238
112 279
113 125
113 179
113 312
114 154
114 166
114 185
114 207
114 231
116 139
116 201
116 227
117 162
117 209
117 232
117 250
117 308
119 168
120 141
120 151
120 204
121 122
121 127
121 129
121 133
121 134
121 144
121 159
121 200
121 207
121 220
121 223
121 232
121 236
121 259
121 289
121 292
122 123
122 124
122 125
122 134
122 139
122 142
122 160
122 162
122 168
122 178
122 182
122 186
122 197
122 203
122 204
122 208
122 215
122 219
122 233
122 237
122 241
122 259
122 265
122 271
122 304
122 312
123 127
123 129
123 143
123 148
123 164
123 177
123 180
123 183
123 197
123 220
123 226
123 234
123 237
123 266
123 277
123 308
123 312
124 131
124 134
124 163
124 166
124 170
124 178
124 189
124 206
124 222
124 225
124 226
124 271
124 309
125 129
125 132
125 139
125 144
125 170
125 175
125 179
125 195
125 202
125 204
125 226
125 234
125 235
125 238
125 255
125 262
125 264
125 280
125 306
126 127
126 128
126 129
126 130
126 159
126 164
126 166
126 192
126 210
126 223
126 226
126 230
126 233
126 247
126 259
126 269
126 279
126 309
127 166
127 184
127 191
127 201
127 202
127 219
127 233
127 235
127 240
127 241
127 267
127 309
128 129
128 134
128 158
128 221
128 224
128 232
128 233
128 234
128 235
128 236
128 245
128 265
128 309
128 311
129 134
129 163
129 200
129 212
129 219
129 238
129 245
129 266
130 158
130 160
130 204
130 225
130 304
131 173
131 223
132 157
132 160
132 202
132 279
132 292
133 198
133 219
133 235
134 154
134 158
134 170
134 199
134 200
134 223
134 233
134 252
134 266
134 286
134 309
135 192
135 221
135 234
135 261
135 262
135 274
138 191
138 253
138 304
139 149
139 218
139 234
139 264
139 282
139 285
140 165
140 170
140 235
140 252
140 286
141 185
141 201
141 208
142 234
142 261
143 172
143 237
143 266
144 192
144 200
144 279
144 304
147 159
147 160
147 180
147 244
148 163
148 226
150 232
151 156
151 195
151 218
151 257
151 288
152 192
152 235
153 291
155 221
156 235
158 162
158 231
158 265
159 160
159 180
159 273
160 162
160 204
160 221
160 239
160 279
160 305
160 309
161 183
161 250
161 266
162 167
162 178
162 252
162 259
163 206
163 232
163 238
163 257
163 300
165 224
165 233
165 269
166 236
167 235
168 188
168 219
168 232
168 234
168 267
168 284
168 296
169 189
170 219
171 178
171 279
172 187
172 228
172 278
174 187
174 199
174 202
174 203
174 208
174 298
175 185
175 227
176 219
177 261
178 191
178 241
179 191
180 181
180 198
180 204
180 207
180 212
180 231
180 233
180 285
181 193
181 233
181 279
182 238
183 226
183 280
185 186
185 200
185 229
185 234
185 292
186 216
186 269
187 253
187 304
188 200
188 208
188 234
188 279
189 232
189 267
191 234
191 255
191 267
191 313
192 283
193 197
193 233
193 234
193 238
194 292
195 215
195 241
195 292
196 236
196 293
197 244
197 253
197 296
199 214
199 221
199 235
199 251
200 218
200 238
200 262
201 225
201 233
201 236
201 292
202 233
202 241
203 242
203 261
204 223
204 235
204 237
204 292
205 243
206 276
206 292
207 299
207 314
208 272
209 309
210 219
210 253
212 232
212 263
213 236
214 278
215 226
216 297
217 259
217 271
218 219
219 223
219 227
219 228
219 276
220 259
221 266
221 299
223 250
223 267
224 225
224 232
224 279
225 232
225 279
226 227
226 235
226 264
226 265
226 297
226 304
227 280
227 299
230 254
230 286
232 238
232 262
232 266
232 286
232 299
232 313
232 314
233 234
233 235
233 262
233 278
233 282
233 302
233 304
233 314
234 309
235 238
235 240
235 241
235 244
235 262
235 311
235 314
237 263
238 239
240 292
241 280
241 288
241 304
241 310
245 280
245 292
246 256
247 261
247 268
247 298
250 292
250 296
250 315
252 264
253 309
256 274
263 297
264 286
264 297
266 315
268 280
271 285
274 296
275 278
275 309
279 296
279 299
289 309
290 303
291 304
306 309
