0 99
0 131
1 50
1 89
1 147
1 243
2 40
2 85
2 86
2 120
2 121
2 124
2 235
3 22
3 46
3 111
3 155
3 240
3 259
3 266
3 278
4 40
4 41
4 52
4 85
4 131
4 200
4 266
5 10
5 18
5 26
5 31
5 57
5 124
5 128
5 131
5 136
5 195
5 210
5 232
5 234
5 252
5 286
6 15
6 40
6 76
6 91
6 162
6 209
6 246
6 262
7 20
7 29
7 90
7 121
7 160
7 182
7 204
7 220
7 221
7 224
9 86
9 128
9 140
9 220
9 263
9 267
9 288
10 57
10 76
10 158
10 163
10 204
10 241
10 243
10 269
10 276
10 292
11 234
11 289
12 28
12 99
12 112
12 123
12 132
12 173
12 180
12 241
13 41
13 82
13 85
13 92
13 122
13 129
13 226
13 294
14 42
14 59
14 129
14 135
14 163
15 88
15 123
15 155
15 176
16 26
16 40
16 51
16 99
16 180
16 264
16 274
17 49
17 71
17 87
17 121
17 167
17 168
17 224
17 226
17 233
17 286
17 304
18 35
18 37
18 126
18 168
18 268
19 55
19 105
19 180
20 49
20 121
20 126
20 134
20 160
20 165
20 234
20 279
20 311
21 99
21 122
21 232
22 39
22 123
22 206
22 236
22 264
22 307
22 314
23 41
23 209
23 223
23 226
23 236
24 31
24 90
24 123
24 152
24 170
24 202
24 204
24 231
25 73
25 103
25 191
26 49
26 85
26 134
26 207
26 269
27 125
27 219
27 239
27 309
28 40
28 79
28 104
28 159
28 291
29 40
29 77
29 99
29 128
29 165
29 190
29 195
29 207
29 221
29 311
30 75
30 127
30 173
30 204
30 232
31 76
31 124
31 126
32 121
32 128
32 180
32 234
32 286
32 309
33 241
33 252
34 53
34 129
34 168
35 68
35 76
35 100
35 112
35 122
35 132
35 144
35 183
35 234
35 261
35 280
35 298
35 305
36 90
36 125
36 139
36 155
36 168
36 180
36 195
36 208
36 271
36 306
37 108
37 233
37 234
37 245
38 85
38 99
38 125
38 187
40 42
40 85
40 122
40 128
40 154
40 161
40 165
40 212
40 232
40 250
40 284
41 66
41 85
41 112
41 123
41 125
41 146
41 241
41 292
41 304
42 59
42 90
42 124
42 125
42 155
42 174
42 193
43 103
43 124
43 135
43 204
44 90
44 134
44 137
44 157
44 189
44 211
44 246
46 193
48 126
49 100
49 200
49 240
49 296
50 238
51 124
51 153
51 158
51 163
51 199
51 204
51 226
51 283
51 286
51 313
52 128
52 155
52 253
53 98
53 139
53 141
53 266
53 283
53 290
54 65
54 70
54 84
54 163
54 168
54 217
54 220
54 243
54 264
55 256
55 258
56 110
56 154
56 159
56 174
56 176
56 233
56 255
57 59
57 163
57 189
57 260
58 127
58 193
58 221
58 226
58 238
59 122
59 123
59 126
59 140
59 190
59 233
60 161
60 202
60 209
61 125
61 147
61 172
61 236
62 77
62 96
62 124
62 134
62 165
62 223
62 232
62 257
64 77
65 77
65 100
65 141
66 105
66 121
66 124
66 125
66 129
66 143
66 185
66 207
66 304
67 72
67 93
67 124
67 150
67 166
67 258
68 90
68 186
68 218
68 257
68 261
68 274
68 299
69 267
70 139
71 156
72 94
72 124
72 128
72 232
72 234
73 90
73 117
73 125
73 139
73 219
73 232
73 267
74 85
74 87
74 89
74 122
74 123
74 133
74 238
75 125
75 159
75 200
75 218
75 225
75 233
75 246
75 252
75 304
75 311
75 314
76 77
76 100
76 103
76 111
76 121
76 122
76 142
76 153
76 162
76 163
76 166
76 179
76 202
76 204
76 209
76 210
76 233
76 235
76 237
76 282
76 299
76 309
76 314
77 99
77 109
77 116
77 124
77 135
77 140
77 142
77 252
77 278
77 308
78 126
79 134
79 143
79 214
79 271
79 279
80 85
80 228
80 234
81 183
81 214
82 226
83 105
83 127
83 160
83 235
83 304
84 126
84 129
84 226
84 261
84 304
85 93
85 123
85 158
85 165
85 197
85 201
85 207
85 226
85 227
85 235
85 245
85 258
85 279
85 280
86 112
86 132
86 139
86 178
86 206
86 255
88 279
89 113
89 118
89 125
89 126
89 140
89 191
89 202
89 218
89 273
89 315
90 103
90 112
90 122
90 124
90 125
90 127
90 175
90 183
90 204
90 211
90 241
90 243
90 250
90 275
90 296
91 178
91 309
92 105
92 107
92 143
93 108
93 122
93 175
93 219
93 220
94 235
94 241
95 105
95 193
95 233
95 234
95 287
95 296
96 147
96 262
97 112
97 126
97 197
97 198
97 233
97 283
98 111
98 121
98 123
98 160
98 178
98 274
98 279
99 104
99 112
99 122
99 124
99 125
99 127
99 132
99 148
99 155
99 158
99 160
99 195
99 203
99 204
99 207
99 209
99 211
99 241
99 251
99 267
99 276
99 304
99 309
100 106
100 114
100 121
100 126
100 138
100 141
100 173
100 174
100 192
100 214
100 222
100 223
100 235
100 245
100 251
100 259
100 279
100 284
100 288
100 314
101 111
101 140
102 124
102 129
102 156
102 224
103 126
103 134
103 240
104 122
104 128
104 163
105 116
105 212
105 232
105 274
105 288
106 123
106 125
106 126
106 160
106 197
106 219
106 231
107 184
107 234
107 296
108 113
108 124
108 154
108 309
109 110
109 165
109 170
110 125
110 126
110 149
110 158
110 160
110 192
110 213
110 225
111 122
111 144
111 155
111 288
112 200
112 233
112 234
113 180
113 191
113 204
114 208
115 145
115 153
115 236
117 127
117 134
117 232
117 241
117 304
117 305
119 126
119 127
119 230
120 155
120 257
120 268
121 122
121 124
121 125
121 126
121 128
121 154
121 181
121 185
121 192
121 200
121 232
121 251
121 259
121 267
121 281
121 286
121 301
122 123
122 124
122 125
122 126
122 127
122 134
122 166
122 175
122 176
122 202
122 223
122 227
122 231
122 235
122 238
122 241
122 246
122 253
122 265
122 295
122 299
123 125
123 128
123 134
123 137
123 163
123 193
123 197
123 225
123 247
123 279
123 304
124 125
124 126
124 128
124 132
124 135
124 141
124 148
124 151
124 154
124 155
124 160
124 178
124 188
124 189
124 193
124 204
124 219
124 223
124 232
124 234
124 238
124 247
124 253
124 258
124 259
124 264
124 309
125 126
125 129
125 144
125 158
125 165
125 173
125 187
125 190
125 204
125 241
125 266
125 267
125 286
125 297
125 309
126 128
126 133
126 143
126 144
126 148
126 169
126 175
126 198
126 207
126 214
126 217
126 219
126 223
126 226
126 234
126 236
126 255
126 270
126 273
126 290
126 292
127 128
127 131
127 134
127 135
127 140
127 141
127 150
127 164
127 176
127 199
127 200
127 209
127 219
127 221
127 231
127 241
127 245
127 257
127 259
127 264
127 278
127 283
128 129
128 139
128 144
128 202
128 214
128 234
128 238
128 247
128 259
128 265
128 268
128 296
128 303
128 310
128 313
129 130
129 149
129 162
129 165
129 168
129 174
129 176
129 217
129 222
129 226
129 234
129 237
129 244
129 266
129 290
129 292
129 296
130 221
130 232
130 259
130 264
130 279
131 232
132 158
132 162
132 234
133 266
134 173
134 196
134 197
134 199
134 220
134 236
134 241
135 174
135 238
135 241
135 287
137 139
137 189
137 248
137 309
138 168
138 233
138 279
139 153
139 200
139 223
139 231
139 235
139 279
139 302
139 304
140 155
140 165
140 176
140 204
140 223
140 225
140 255
140 274
141 170
141 195
141 201
141 204
141 282
142 194
142 199
142 204
142 216
142 227
142 259
143 189
143 241
143 249
143 309
144 178
144 215
144 226
144 233
144 279
145 166
145 229
147 291
148 226
149 201
149 271
149 301
150 234
151 175
151 198
151 264
152 234
152 302
153 206
153 293
154 220
154 264
155 158
155 207
157 248
157 292
157 302
158 220
158 253
158 267
158 309
159 188
159 204
159 254
159 257
160 178
160 193
160 231
160 244
160 271
160 288
162 195
162 216
162 255
163 175
163 191
163 198
163 234
164 265
165 174
165 277
166 241
167 215
167 241
168 174
168 220
168 241
168 280
169 200
169 234
169 259
169 277
170 191
170 233
170 308
171 191
171 228
172 217
172 223
172 233
172 295
173 226
173 304
174 204
174 247
174 266
175 182
175 304
175 315
177 204
177 292
178 190
178 266
178 279
179 274
180 182
180 183
180 219
180 228
180 231
180 233
180 234
180 286
180 296
180 301
181 232
181 264
181 275
182 188
182 216
182 274
182 309
184 187
184 247
185 241
185 279
187 226
188 222
188 233
189 283
189 288
190 255
192 198
192 232
193 199
193 204
193 221
193 275
193 279
193 314
194 233
195 250
195 267
195 304
197 234
197 259
197 294
197 297
198 216
198 230
198 285
199 226
200 203
201 233
201 309
202 218
202 237
202 265
202 308
203 224
203 235
204 220
204 233
204 261
205 303
207 218
207 257
207 297
207 313
210 219
210 235
211 214
211 219
212 277
212 314
213 257
214 269
215 220
215 238
216 227
216 255
217 219
217 228
217 239
218 274
219 226
219 277
219 294
219 303
220 237
220 243
220 262
221 235
221 274
222 257
222 266
224 235
224 261
224 299
225 279
226 241
226 249
226 255
226 266
226 280
226 288
226 292
228 255
228 268
228 309
229 265
232 243
232 284
232 292
232 293
232 301
233 234
233 290
233 292
233 306
234 235
234 236
234 246
234 266
234 268
234 272
234 279
235 249
236 243
236 263
236 292
237 268
238 257
239 252
240 241
241 248
241 264
241 276
249 279
252 278
261 274
262 266
262 276
265 277
266 283
266 311
271 286
271 292
274 309
277 279
278 282
279 292
279 297
279 303
280 302
284 304
297 299
302 309
304 309
309 314
