0 76
0 180
0 193
0 214
0 235
1 30
1 40
1 67
1 123
1 172
1 233
1 235
1 294
2 50
2 80
2 129
2 135
2 146
2 180
2 214
2 230
3 189
3 220
3 247
3 297
4 36
4 116
4 120
4 124
4 127
4 134
4 139
4 208
4 221
4 315
5 20
5 51
5 99
5 100
5 115
5 119
5 125
5 182
5 203
5 204
5 206
5 210
5 250
5 264
6 8
6 43
6 56
6 57
6 79
6 88
6 93
6 99
6 121
6 188
6 235
6 276
7 37
7 54
7 77
7 84
7 106
7 117
7 160
7 168
7 180
7 208
7 236
7 266
8 54
8 180
8 183
9 90
9 104
9 155
10 16
10 37
10 40
10 85
10 113
10 189
10 226
10 232
10 290
10 312
10 315
11 56
11 121
11 122
11 191
12 17
12 51
12 135
12 222
13 16
13 35
13 163
13 208
13 226
13 233
13 241
13 256
13 272
14 17
14 125
14 126
14 201
14 224
14 291
15 85
15 105
15 132
15 200
15 232
15 244
16 27
16 127
16 180
16 228
16 299
16 309
17 26
17 90
17 93
17 107
17 116
17 123
17 127
17 129
17 155
17 171
17 183
17 228
17 233
17 249
17 300
17 314
18 36
18 41
18 99
18 123
18 266
19 138
19 189
20 42
20 122
20 126
20 219
21 204
22 35
22 151
22 224
23 40
23 80
23 128
23 160
23 165
23 189
23 206
23 233
23 236
23 283
23 290
24 37
24 59
24 62
24 71
24 99
24 127
24 157
24 179
24 201
24 234
25 200
25 235
25 269
26 29
26 54
26 132
26 204
27 122
27 210
27 227
27 236
28 40
28 75
28 85
28 99
28 126
28 200
28 213
28 265
29 81
29 99
29 134
29 143
29 185
29 221
29 241
30 123
30 125
30 193
30 234
30 259
32 104
32 131
32 143
32 220
32 276
32 315
33 123
33 124
33 134
33 181
33 208
34 77
34 127
34 141
34 160
34 173
35 47
35 53
35 56
35 61
35 112
35 133
35 157
35 165
35 186
35 188
35 204
35 210
35 233
35 234
35 241
35 246
35 274
35 291
35 313
36 41
36 59
36 73
36 99
36 129
36 131
36 185
36 206
36 208
36 229
36 233
36 238
36 240
37 79
37 229
38 166
38 227
39 61
39 113
39 129
39 142
39 237
39 253
39 259
39 266
40 56
40 110
40 125
40 126
40 137
40 176
40 189
40 198
40 209
40 218
40 221
40 232
40 241
40 268
40 313
41 87
41 97
41 126
41 128
41 160
41 212
41 252
41 262
41 292
41 310
42 177
42 238
42 246
42 282
43 58
43 90
43 96
43 197
43 279
44 106
44 123
44 143
44 176
44 204
44 261
44 279
45 76
45 121
48 105
49 85
49 121
49 123
49 145
49 147
49 235
49 281
50 163
51 66
51 94
51 182
51 219
51 266
52 72
52 93
52 100
52 104
52 107
52 113
52 124
52 126
52 127
52 128
52 191
52 204
52 219
52 234
52 235
52 241
52 292
52 296
53 59
53 254
53 309
54 82
54 110
54 122
54 188
54 193
54 210
54 217
55 126
55 127
55 159
55 217
55 233
56 87
56 176
56 182
56 189
56 216
56 228
56 246
57 61
57 99
57 110
57 147
57 152
57 163
57 195
57 203
57 234
57 266
58 84
58 155
59 85
59 123
59 126
59 147
59 209
59 226
59 240
59 241
59 262
61 85
61 92
61 124
61 160
61 305
62 216
62 217
62 219
62 292
63 160
64 221
66 129
66 166
66 170
66 214
66 234
66 275
67 83
67 134
67 141
67 146
67 195
67 233
67 287
67 311
68 134
68 232
68 234
69 98
69 226
69 233
69 304
70 154
70 241
71 85
71 92
71 130
71 137
71 226
72 77
72 127
72 189
72 282
73 100
73 139
73 206
73 216
73 260
73 307
74 127
74 133
74 189
74 227
74 247
75 100
75 122
75 225
75 247
75 293
76 80
76 85
76 100
76 125
76 160
76 204
76 222
76 224
76 231
76 236
76 262
77 100
77 122
77 128
77 134
77 140
77 178
77 180
77 184
77 193
77 200
77 203
77 231
77 235
77 257
77 282
77 284
77 286
77 305
78 132
79 124
79 127
79 131
79 212
80 124
80 127
80 129
80 166
80 279
81 127
81 255
81 256
82 92
82 100
82 102
83 122
83 174
83 232
84 123
84 125
84 144
84 159
84 266
84 292
85 86
85 122
85 165
85 217
85 218
85 259
85 292
86 131
86 235
86 246
86 288
87 183
87 185
87 233
87 253
88 113
88 193
89 98
89 121
89 123
89 124
89 151
89 166
89 197
89 304
90 107
90 122
90 125
90 127
90 159
90 219
90 223
90 226
90 249
91 97
91 123
91 126
91 143
92 233
93 128
93 180
93 204
95 115
95 127
95 166
95 201
95 226
95 232
95 249
95 258
95 262
96 121
96 166
96 231
96 299
97 143
97 218
97 226
97 299
98 134
98 166
98 170
98 188
98 259
99 121
99 129
99 156
99 173
99 195
99 201
99 203
99 206
99 215
99 217
99 221
99 226
99 275
99 295
100 121
100 157
100 204
100 225
100 232
100 233
100 241
100 250
100 257
100 262
100 309
101 169
101 204
102 115
103 122
103 197
103 199
104 106
104 235
105 124
105 127
105 185
106 121
106 122
106 248
106 278
106 279
106 299
106 304
107 168
107 226
108 122
108 123
108 192
108 264
108 274
109 234
110 124
110 125
110 132
110 164
110 166
110 191
110 197
110 235
110 252
110 280
111 122
111 124
111 129
111 145
111 227
111 272
112 122
112 146
112 158
112 264
112 309
113 166
114 226
115 123
115 125
115 126
115 232
116 259
117 127
117 149
117 162
117 183
117 291
118 246
120 158
120 178
120 195
120 197
120 240
121 123
121 124
121 128
121 134
121 136
121 140
121 142
121 158
121 160
121 181
121 183
121 185
121 195
121 200
121 202
121 206
121 232
121 286
121 308
121 312
122 125
122 139
122 164
122 167
122 172
122 173
122 204
122 206
122 230
122 232
122 234
122 250
122 273
122 279
122 284
122 305
123 124
123 125
123 127
123 128
123 130
123 137
123 144
123 178
123 180
123 185
123 204
123 211
123 223
123 224
123 233
123 257
123 259
123 262
123 263
123 274
123 309
123 313
124 126
124 140
124 143
124 144
124 147
124 164
124 175
124 205
124 212
124 232
124 233
124 247
124 249
124 263
124 288
124 301
124 304
125 127
125 129
125 134
125 144
125 159
125 165
125 188
125 204
125 221
125 226
125 235
125 285
125 286
125 292
125 304
125 307
125 313
126 127
126 140
126 150
126 167
126 187
126 204
126 241
126 262
127 153
127 166
127 170
127 174
127 182
127 204
127 212
127 215
127 225
127 226
127 233
127 235
128 134
128 147
128 148
128 158
128 181
128 233
128 235
128 246
128 262
128 263
128 265
128 279
129 135
129 139
129 167
129 168
129 193
129 195
129 228
129 233
129 237
129 250
129 259
129 266
129 293
130 141
130 304
131 147
131 189
131 200
131 217
131 226
132 142
132 215
133 169
133 202
134 136
134 151
134 156
134 165
134 180
134 196
134 202
134 218
134 221
134 260
134 275
134 309
137 186
137 202
137 260
139 164
139 226
139 312
140 178
140 186
140 199
140 202
140 206
141 259
141 304
143 160
143 162
143 206
144 200
144 309
145 165
145 199
146 171
146 205
146 234
147 183
147 187
148 152
148 306
149 162
149 220
149 293
149 307
150 155
151 219
151 242
152 219
155 162
155 206
155 219
155 233
156 216
156 234
157 192
157 253
157 279
158 162
158 206
158 212
158 218
158 220
158 262
159 225
159 237
159 291
160 179
160 233
160 238
160 279
160 288
160 297
161 260
162 195
163 190
163 192
163 206
163 215
163 221
163 234
164 206
164 303
165 171
165 216
165 232
166 213
166 279
168 178
168 212
168 219
168 225
168 228
168 266
168 268
168 271
168 273
168 288
168 300
168 309
170 206
170 220
170 288
172 236
173 289
173 299
174 219
174 280
174 297
175 178
175 216
175 233
176 240
176 241
178 234
178 284
178 287
180 206
180 214
180 235
181 212
181 215
181 288
182 245
183 218
185 192
185 206
185 222
185 233
185 315
186 217
187 198
187 226
187 279
188 229
188 233
188 313
189 232
191 196
191 227
191 233
191 307
192 302
193 204
193 215
193 227
193 233
193 288
194 209
195 253
195 259
196 243
196 299
197 264
197 294
199 232
201 290
202 219
202 282
203 245
203 273
203 280
203 309
204 219
204 220
204 241
204 253
204 265
204 311
206 219
206 233
206 241
206 273
206 281
207 266
207 309
208 210
208 235
209 228
209 232
209 233
210 224
211 214
211 280
213 220
213 224
215 235
215 268
215 299
216 226
216 233
216 241
216 269
216 286
217 228
217 241
218 226
218 271
218 283
219 232
219 241
219 314
220 226
220 249
221 267
222 290
222 299
223 225
223 241
224 312
225 233
225 235
225 236
226 232
226 240
226 242
226 243
226 249
226 259
226 263
226 291
228 241
228 243
229 240
231 271
232 236
232 271
232 289
232 300
232 303
232 304
233 241
233 273
233 282
234 292
234 312
235 236
235 279
237 240
237 266
237 285
238 245
238 261
241 259
241 280
241 303
243 267
245 303
246 255
253 272
253 275
255 258
255 304
257 278
262 266
264 289
264 314
265 291
267 283
271 278
271 286
274 291
276 304
278 309
280 304
280 309
286 309
302 309
307 311
