0 59
0 79
0 175
0 269
1 36
1 67
1 141
1 163
1 181
1 226
1 233
2 10
2 44
2 83
2 125
2 126
2 127
2 129
2 139
2 174
2 210
2 214
2 233
2 300
3 34
3 42
3 90
3 112
3 123
3 168
3 177
3 194
3 232
3 245
4 7
4 76
4 84
4 123
4 158
4 200
4 296
5 7
5 10
5 29
5 66
5 78
5 122
5 126
5 129
5 177
5 199
5 244
5 250
6 51
6 52
6 82
6 100
6 136
6 216
6 223
6 224
6 281
7 39
7 49
7 82
7 89
7 122
7 126
7 127
7 129
7 183
7 203
7 204
7 233
7 282
7 309
8 180
9 72
9 235
10 57
10 62
10 85
10 103
10 121
10 126
10 160
10 198
10 229
10 266
11 274
12 206
12 226
12 274
13 47
13 57
13 60
13 76
13 100
13 126
13 173
13 201
13 219
13 220
13 223
13 236
13 257
14 75
14 120
14 187
14 276
15 23
15 160
16 52
16 77
16 96
16 125
16 173
16 210
16 214
17 35
17 57
17 60
17 75
17 80
17 94
17 140
17 145
17 214
17 218
17 233
17 234
17 252
17 258
17 296
17 302
18 99
18 161
18 200
18 208
18 221
18 241
18 254
18 315
19 20
19 107
19 111
19 165
19 188
19 239
20 100
20 134
20 192
20 201
20 207
20 257
20 259
20 263
20 292
21 85
21 116
21 120
21 198
21 219
21 232
21 235
21 300
22 25
22 110
22 200
22 207
22 306
23 41
23 102
23 147
23 158
23 187
23 220
23 233
23 288
24 133
24 162
24 185
24 231
24 253
24 303
25 61
25 129
25 238
26 127
26 144
26 160
26 224
26 233
26 257
27 38
27 44
27 158
27 291
27 303
28 129
28 200
28 233
28 244
28 262
28 309
29 36
29 38
29 42
29 58
29 77
29 95
29 155
30 126
30 233
31 42
31 278
32 39
32 117
32 238
32 268
33 120
33 122
33 142
33 171
33 202
33 223
33 257
33 304
34 110
34 129
34 131
34 234
34 240
35 40
35 66
35 73
35 102
35 106
35 111
35 127
35 129
35 137
35 166
35 168
35 191
35 222
35 228
35 232
35 236
35 257
35 261
35 286
35 313
36 50
36 60
36 73
36 122
36 123
36 126
36 129
36 140
36 151
36 204
36 241
36 252
36 264
36 266
36 304
36 305
37 58
37 123
37 131
37 146
37 206
37 214
37 232
37 235
38 256
39 61
39 67
39 86
39 90
39 139
39 198
39 213
39 232
39 235
39 253
40 59
40 62
40 184
40 225
40 227
40 232
40 233
40 272
40 279
40 313
41 87
41 100
41 122
41 124
41 126
41 128
41 129
41 169
41 187
42 46
42 68
42 73
42 75
42 77
42 117
42 122
42 123
42 183
42 218
42 276
42 309
43 125
43 134
43 172
43 178
44 233
44 282
45 176
45 259
46 179
47 232
47 241
48 83
48 201
49 74
49 121
49 158
49 233
49 256
50 90
50 141
50 309
51 122
51 126
51 212
51 222
51 235
51 246
51 247
52 99
52 123
52 129
52 135
52 144
52 166
52 192
52 232
52 235
53 129
53 204
54 62
54 111
54 124
54 204
54 219
55 72
55 118
55 276
56 70
56 108
57 156
57 160
57 202
57 261
58 192
59 123
59 151
59 226
59 240
59 266
59 288
59 298
61 110
61 125
61 126
61 134
61 195
61 231
61 247
61 279
62 81
62 110
62 122
62 178
62 182
62 211
62 232
62 241
63 81
64 99
64 224
65 215
65 223
65 257
66 93
66 180
66 199
66 217
66 219
66 239
66 258
66 287
67 145
67 151
67 193
68 70
68 292
69 124
69 259
69 269
69 276
70 93
70 106
70 121
70 195
71 81
71 172
72 90
72 99
72 127
73 121
73 128
73 169
73 180
73 210
73 275
73 308
74 90
74 120
74 138
74 234
75 134
75 143
75 217
75 255
75 266
76 83
76 98
76 100
76 102
76 112
76 125
76 134
76 143
76 147
76 167
76 218
76 234
76 235
76 236
76 238
76 314
76 315
77 89
77 99
77 112
77 121
77 124
77 128
77 143
77 144
77 197
77 219
77 235
77 239
77 266
77 301
78 122
78 129
79 135
80 174
80 200
80 201
80 217
80 226
80 275
80 282
81 123
81 222
81 266
81 310
82 232
82 234
82 312
83 85
83 125
83 134
83 189
83 226
84 133
84 181
84 191
84 197
84 292
85 91
85 101
85 185
85 207
85 226
86 124
86 142
87 117
88 134
88 214
88 235
89 93
89 122
89 130
89 173
89 189
89 234
89 270
89 282
89 309
90 98
90 104
90 123
90 125
90 127
90 132
90 193
90 208
90 219
90 229
90 266
90 287
90 297
90 302
91 205
92 123
92 125
92 191
93 129
93 134
94 122
95 128
95 162
95 172
95 216
95 232
95 265
96 117
96 121
97 128
97 134
97 232
97 243
98 135
98 232
99 100
99 122
99 126
99 165
99 183
99 201
99 202
99 212
99 231
99 236
99 246
99 266
99 288
99 293
100 111
100 113
100 114
100 115
100 121
100 122
100 124
100 143
100 223
100 226
100 290
100 311
101 122
101 173
101 182
101 210
101 234
102 193
103 144
103 199
103 267
103 279
104 115
104 285
104 309
105 111
105 121
105 123
105 134
105 144
105 160
105 177
105 180
105 223
105 236
105 295
106 111
106 308
107 315
108 235
109 125
109 139
109 154
109 234
110 160
110 212
110 215
110 219
111 129
111 233
111 234
111 273
111 279
112 117
112 121
112 151
112 174
112 206
112 232
112 235
112 279
113 121
113 207
113 232
113 280
115 121
115 126
115 138
115 147
115 200
116 220
116 279
117 148
117 155
117 197
117 214
117 216
117 226
118 126
118 226
118 243
119 219
119 297
120 123
120 159
120 166
120 226
120 244
120 266
120 311
121 123
121 126
121 128
121 142
121 165
121 188
121 202
121 213
121 219
121 224
121 234
121 235
121 237
121 239
121 264
121 286
122 125
122 128
122 129
122 136
122 138
122 139
122 156
122 157
122 174
122 176
122 182
122 190
122 192
122 229
122 232
122 238
122 246
122 253
122 264
122 267
122 277
122 279
122 283
122 293
123 124
123 127
123 135
123 141
123 142
123 199
123 204
123 206
123 210
123 217
123 230
123 233
123 237
123 246
123 263
123 267
123 272
123 301
123 312
123 313
124 125
124 126
124 128
124 158
124 162
124 166
124 188
124 189
124 201
124 204
124 205
124 216
124 226
124 228
124 232
124 236
124 252
124 274
125 130
125 138
125 176
125 189
125 204
125 217
125 229
125 234
125 235
125 241
125 259
125 264
125 266
125 280
126 127
126 141
126 148
126 160
126 170
126 173
126 174
126 180
126 200
126 201
126 232
126 234
126 235
126 261
126 309
127 155
127 171
127 204
127 220
127 223
127 235
127 236
127 246
127 247
127 262
128 160
128 162
128 187
128 195
128 197
128 210
128 234
128 237
128 264
128 273
128 279
129 180
129 185
129 203
129 217
129 233
129 292
129 314
130 233
130 235
130 238
130 298
131 199
131 202
131 207
131 232
131 247
133 234
133 264
134 189
134 206
134 219
135 139
135 155
135 179
135 180
135 209
135 219
135 231
135 274
137 154
137 183
137 199
137 214
138 156
138 233
139 168
139 223
139 227
139 238
139 267
139 288
139 309
140 206
140 261
141 167
141 182
141 226
141 246
141 258
142 176
142 199
142 234
142 257
143 173
143 177
143 233
144 146
147 266
147 273
148 237
148 296
149 212
149 258
149 288
151 168
151 187
151 215
151 216
151 232
151 309
153 178
154 155
154 231
155 162
155 182
155 257
155 299
156 232
156 234
156 242
156 250
156 270
156 282
157 180
157 219
157 232
158 255
158 266
159 234
159 279
160 176
160 204
160 206
160 234
160 247
161 253
161 271
162 218
162 297
163 169
163 177
163 224
163 232
163 235
163 241
163 304
163 309
164 286
166 182
166 207
166 266
167 213
167 214
167 229
168 187
168 192
168 211
168 227
168 238
169 173
169 281
170 200
170 208
172 192
172 195
172 219
172 291
173 197
173 199
173 271
174 250
174 255
174 276
174 280
175 195
176 204
176 222
176 223
176 233
176 235
176 265
177 273
177 279
178 195
178 233
179 232
180 219
180 232
180 234
180 238
180 241
180 250
180 257
180 269
180 275
180 291
180 304
181 197
181 266
182 217
182 266
182 291
184 226
184 234
186 219
187 238
188 204
188 247
188 275
188 309
189 218
189 292
191 236
191 296
192 312
194 219
195 234
197 277
199 209
199 284
199 286
200 207
200 243
200 259
200 265
200 273
200 295
201 209
201 234
201 298
202 221
202 309
203 235
203 309
204 209
204 212
204 225
204 251
204 280
204 314
205 227
206 234
206 235
206 240
206 251
206 292
206 296
206 312
207 209
207 220
207 221
207 246
207 262
208 264
208 288
209 235
209 257
209 259
212 216
212 247
215 286
216 225
216 235
216 266
217 266
219 220
219 233
219 234
219 246
219 286
221 288
222 233
222 266
223 259
223 263
224 286
225 235
225 238
226 233
226 235
226 309
227 309
231 274
231 292
232 259
232 279
232 280
232 299
233 268
233 312
234 240
234 246
234 266
234 278
235 266
238 254
238 307
238 309
240 266
241 291
241 307
243 308
246 256
246 309
247 277
252 257
252 262
253 275
253 279
255 286
255 315
257 265
258 276
261 263
261 309
264 266
264 304
265 280
265 285
266 291
266 293
266 306
266 309
267 283
267 289
267 304
271 314
278 282
279 302
279 310
288 296
288 313
301 311
301 313
304 309
