0 77
0 86
0 95
1 42
1 85
1 124
1 130
1 185
2 71
2 234
2 268
2 288
2 306
3 10
3 16
3 18
3 85
3 100
3 123
3 139
3 180
3 218
3 234
4 42
4 73
4 75
4 215
4 217
4 222
4 266
4 292
5 38
5 39
5 57
5 99
5 105
5 127
5 129
5 169
5 176
5 187
5 232
5 249
5 255
5 263
5 267
6 59
6 64
6 81
6 134
6 135
6 189
6 208
6 234
6 255
6 276
6 304
7 31
7 35
7 42
7 77
7 90
7 117
7 140
7 168
7 226
7 275
7 286
7 303
7 304
9 89
9 174
9 201
9 213
9 234
9 241
9 276
10 41
10 72
10 74
10 152
10 180
10 185
10 202
10 210
10 224
10 233
10 246
10 302
10 304
11 66
11 121
11 183
11 239
12 18
12 35
12 50
12 84
12 113
12 127
12 228
12 233
12 313
13 73
13 210
13 226
13 304
14 34
14 125
14 155
15 109
15 163
15 184
15 211
15 229
16 77
16 78
16 99
16 136
16 195
16 280
17 33
17 90
17 124
17 126
17 134
17 168
17 235
17 238
18 26
18 111
18 123
18 135
18 143
18 266
19 35
19 89
19 100
19 126
20 42
20 87
20 89
20 106
20 126
20 163
20 204
20 235
20 243
20 280
21 72
21 111
21 213
21 297
22 52
22 84
22 91
22 122
22 162
22 242
22 247
22 250
22 271
22 279
23 34
23 44
23 49
23 65
23 125
23 126
23 203
23 204
23 241
23 248
23 266
24 43
24 59
24 110
24 111
24 122
24 124
24 153
24 174
24 193
24 283
24 314
25 163
26 72
26 111
26 215
26 232
26 237
27 93
27 201
27 226
27 304
28 42
28 91
28 101
28 174
28 192
28 265
29 35
29 43
29 73
29 85
29 91
29 124
29 137
29 226
30 72
30 124
30 189
30 266
31 89
31 233
31 239
32 61
32 117
32 122
32 123
32 204
32 219
32 228
32 247
32 299
33 267
34 122
34 256
34 264
35 36
35 39
35 49
35 59
35 100
35 122
35 125
35 169
35 183
35 218
35 223
35 226
35 230
35 236
35 241
35 285
36 40
36 61
36 85
36 96
36 100
36 129
36 207
36 309
37 104
37 115
37 140
37 233
37 309
38 158
38 259
38 279
39 125
39 128
39 136
39 153
39 199
39 215
39 282
40 56
40 95
40 97
40 102
40 104
40 122
40 128
40 143
40 178
40 201
40 226
40 233
40 235
40 246
40 279
41 74
41 76
41 85
41 106
41 179
41 233
41 234
41 264
42 106
42 121
42 129
42 133
42 183
42 186
42 215
42 252
42 291
42 307
42 309
43 123
43 124
43 243
44 99
44 127
44 139
44 191
44 232
44 234
44 315
45 240
46 131
47 131
47 202
48 76
48 160
48 193
49 98
49 100
49 124
49 177
49 232
50 141
50 207
50 219
50 261
50 279
50 307
51 76
51 104
51 121
51 206
51 219
51 235
51 266
51 275
52 129
52 201
52 206
52 229
52 232
52 235
52 236
52 243
53 100
53 195
54 61
54 91
54 105
55 77
55 83
55 96
55 122
55 250
56 129
56 132
56 226
56 266
56 276
56 303
57 125
57 135
57 213
57 228
58 272
59 60
59 66
59 125
59 157
59 204
59 221
59 259
59 262
59 266
60 239
61 73
61 75
61 147
61 154
61 170
61 204
61 306
62 81
62 198
62 235
62 236
63 117
63 128
63 208
63 210
63 232
64 67
64 233
65 164
65 228
65 253
65 309
65 314
66 122
66 147
66 218
66 246
67 122
67 124
67 126
67 127
67 214
67 309
68 87
68 120
68 132
68 217
70 76
70 131
70 232
70 235
70 246
71 285
72 134
72 151
72 193
72 199
72 266
73 155
73 261
74 106
74 123
74 128
74 212
74 222
74 227
74 236
74 250
75 85
75 93
75 139
75 141
75 158
75 185
75 229
75 252
75 266
75 299
76 79
76 85
76 123
76 125
76 134
76 142
76 149
76 157
76 185
76 215
76 226
76 247
76 264
76 309
77 101
77 122
77 124
77 125
77 128
77 167
77 183
77 298
78 105
79 123
79 130
79 166
79 313
80 101
80 125
80 212
80 221
80 280
80 309
81 126
81 170
81 183
81 192
81 194
81 313
82 122
82 124
82 127
82 191
82 221
83 110
83 128
83 139
84 104
84 121
84 304
84 309
85 117
85 126
85 133
85 135
85 142
85 204
85 260
86 157
86 158
86 259
87 90
87 121
87 123
87 127
87 192
88 107
88 124
89 99
89 128
89 141
89 184
89 209
89 267
90 123
90 188
90 191
90 233
90 278
90 304
91 99
91 164
92 127
92 195
92 241
93 123
93 169
93 178
93 228
93 298
94 125
94 275
94 277
94 298
95 135
95 214
95 234
96 122
96 125
96 232
96 304
97 232
97 233
97 245
98 137
98 153
98 189
98 232
98 233
98 289
98 314
99 123
99 126
99 129
99 153
99 160
99 204
99 220
99 223
99 234
99 305
100 123
100 126
100 127
100 134
100 141
100 151
100 162
100 186
100 191
100 204
100 206
100 231
100 241
100 257
100 276
100 307
101 123
101 233
102 143
102 181
102 215
103 122
103 123
103 185
104 122
104 124
104 125
104 169
104 175
104 192
105 123
105 135
105 183
105 195
105 198
105 234
106 132
106 152
106 158
106 195
106 219
106 221
106 222
106 235
106 263
107 121
107 126
107 163
107 234
107 309
108 125
108 165
108 186
108 234
110 129
110 132
110 166
110 213
110 215
110 232
110 248
110 290
111 126
111 206
111 234
112 234
113 124
113 186
113 235
113 270
113 300
114 217
115 232
116 163
117 138
117 157
117 195
117 214
117 226
117 253
117 272
117 288
118 162
119 156
119 304
120 127
120 165
120 224
120 279
120 286
120 308
121 123
121 124
121 126
121 127
121 128
121 129
121 143
121 158
121 163
121 170
121 173
121 174
121 175
121 176
121 201
121 202
121 204
121 213
121 225
121 238
121 240
121 262
122 131
122 134
122 160
122 177
122 182
122 187
122 209
122 226
122 235
122 236
122 245
122 260
122 266
122 270
122 287
122 288
122 293
122 312
123 133
123 154
123 165
123 166
123 168
123 177
123 204
123 206
123 207
123 209
123 220
123 221
123 224
123 229
123 237
123 254
123 261
123 267
123 305
123 309
124 129
124 137
124 174
124 175
124 183
124 185
124 187
124 189
124 192
124 195
124 200
124 204
124 222
124 223
124 224
124 226
124 233
124 235
124 260
124 269
124 292
124 309
125 140
125 143
125 149
125 152
125 173
125 180
125 189
125 207
125 232
125 234
125 237
125 280
125 283
125 309
126 127
126 129
126 140
126 143
126 151
126 162
126 165
126 176
126 180
126 188
126 191
126 193
126 203
126 220
126 226
126 232
126 304
126 309
126 311
127 128
127 140
127 168
127 175
127 190
127 192
127 213
127 215
127 216
127 220
127 225
127 226
127 232
127 246
127 250
127 259
127 304
128 155
128 163
128 174
128 183
128 202
128 219
128 233
128 237
128 250
128 253
128 274
128 276
128 292
128 299
128 304
128 309
129 139
129 143
129 182
129 185
129 187
129 197
129 213
129 217
129 221
129 232
129 235
129 236
129 243
129 294
129 304
129 312
130 276
130 286
131 278
132 135
132 171
132 217
132 264
132 288
132 297
132 309
133 176
133 201
133 236
134 182
134 187
134 204
134 212
134 241
134 267
134 279
134 309
135 178
135 197
135 235
135 261
135 266
135 309
135 312
136 181
137 142
137 293
138 163
138 231
138 313
139 183
139 232
139 267
139 276
139 294
140 268
140 283
141 243
142 181
142 252
143 171
143 233
143 296
144 219
144 234
145 219
146 261
147 247
147 249
148 233
148 271
148 313
149 219
151 183
153 180
154 180
154 235
154 291
155 191
155 315
156 183
156 189
156 204
157 182
157 303
158 170
158 230
158 275
159 162
159 238
159 277
159 288
160 172
160 200
160 210
160 219
160 232
160 234
160 258
160 304
160 309
161 243
161 267
161 279
162 170
162 200
162 258
163 195
163 223
163 238
163 255
163 277
163 285
163 298
165 178
165 183
165 226
165 296
166 183
166 189
166 199
166 221
166 236
166 265
167 217
167 312
168 187
168 221
168 274
169 195
169 238
169 309
171 241
171 283
171 309
172 174
173 232
174 202
174 217
174 268
174 292
175 231
175 253
175 273
175 279
175 282
176 219
176 232
176 241
177 243
177 266
177 315
178 254
180 226
181 197
181 204
181 233
181 236
182 221
182 246
182 247
183 198
183 232
183 302
183 304
185 226
186 292
186 294
186 309
187 313
189 191
189 279
191 195
191 309
192 195
192 200
192 210
192 241
192 299
195 229
195 235
195 238
195 268
195 271
195 296
196 266
196 303
197 279
197 304
198 249
198 304
199 202
199 221
200 249
201 207
201 214
201 240
201 246
201 254
202 205
202 207
202 210
202 234
203 261
203 264
203 278
203 279
204 215
204 220
204 224
204 240
204 241
204 309
206 288
207 235
207 237
207 247
207 264
207 285
208 309
209 238
209 279
209 281
210 234
210 248
210 309
211 235
212 240
212 274
215 232
215 275
216 235
216 313
217 241
217 293
218 233
219 221
219 231
219 266
219 279
219 292
220 276
222 229
222 276
223 233
223 234
223 239
223 252
223 299
224 250
225 233
225 240
225 260
225 273
226 266
226 274
226 304
228 232
232 234
232 235
232 241
232 264
232 272
232 309
232 313
233 235
233 241
233 278
233 309
234 243
234 246
234 266
234 285
235 266
236 304
237 246
237 280
237 299
238 261
238 294
238 298
241 257
241 266
241 267
242 292
243 302
243 305
246 266
251 259
257 263
257 266
257 287
258 303
258 309
259 285
261 278
262 290
263 278
264 294
265 274
265 287
265 306
265 308
265 309
266 304
267 288
268 280
269 288
272 288
277 299
277 304
278 314
279 304
282 299
284 309
285 288
313 314
