0 21
0 100
0 204
1 172
2 40
2 66
2 190
2 213
2 234
3 35
3 38
3 39
3 106
3 123
3 126
3 145
3 159
3 160
3 214
3 235
3 267
3 313
4 32
4 56
4 61
4 76
4 120
4 121
4 122
4 230
4 283
5 32
5 38
5 61
5 79
5 110
5 115
5 126
5 243
5 257
5 272
5 277
5 280
5 291
6 19
6 24
6 29
6 40
6 41
6 77
6 89
6 122
6 177
6 254
6 274
6 310
7 40
7 63
7 77
7 80
7 160
7 220
7 234
7 253
7 279
7 296
8 49
8 131
8 222
8 223
9 26
9 86
9 105
9 188
9 269
10 56
10 58
10 123
10 124
10 126
10 144
10 202
10 203
10 212
10 226
10 291
11 219
11 220
11 268
12 134
12 138
12 206
12 231
12 271
12 286
13 47
13 59
13 102
13 133
13 134
13 188
13 189
13 224
13 232
13 291
13 314
14 99
14 160
14 195
15 29
15 262
16 63
16 65
16 72
16 118
16 143
16 168
16 254
16 313
17 75
17 124
17 129
17 153
17 170
17 223
17 234
17 309
18 23
18 35
18 74
18 79
18 222
18 233
19 23
19 84
19 90
19 124
19 126
19 167
19 173
19 279
19 302
20 24
20 126
20 160
20 174
20 234
21 24
21 69
21 212
21 267
22 85
22 88
22 125
22 203
23 121
23 126
23 127
23 129
23 132
23 195
23 204
23 233
24 65
24 95
24 106
24 126
24 171
24 181
25 86
25 110
25 127
25 183
25 245
26 78
26 111
26 121
26 137
26 233
26 265
26 267
26 280
26 291
27 175
27 212
27 241
27 304
27 314
28 51
28 56
28 102
28 174
28 195
28 218
28 247
28 257
29 35
29 110
29 125
29 212
29 226
30 76
30 112
30 129
30 235
30 259
31 57
31 86
31 159
31 204
32 56
32 121
32 128
32 144
32 277
32 278
32 309
33 83
33 162
33 214
33 237
33 267
34 46
34 87
34 98
34 100
34 110
34 115
34 127
34 234
34 292
34 294
34 304
35 36
35 40
35 76
35 123
35 145
35 163
35 169
35 192
35 221
35 223
35 238
35 240
35 280
36 41
36 74
36 82
36 87
36 91
36 96
36 119
36 123
36 134
36 206
36 232
36 237
37 76
37 103
37 134
37 139
37 207
37 259
37 273
38 145
38 220
38 268
39 40
39 93
39 121
39 127
39 139
39 220
39 234
39 265
39 266
39 309
40 103
40 127
40 129
40 163
40 191
40 234
40 236
41 109
41 234
41 280
41 288
41 299
42 64
42 134
42 144
42 168
42 220
43 110
44 122
44 168
44 232
44 274
46 253
46 281
47 208
47 276
48 283
48 292
49 205
49 277
50 135
50 168
50 201
50 304
51 75
51 85
51 113
51 120
51 126
51 129
51 144
51 146
51 249
51 264
52 92
52 103
52 112
52 122
52 123
52 142
52 227
52 232
52 241
52 247
52 250
53 233
54 99
54 126
54 141
54 303
54 314
55 80
55 108
55 159
55 185
55 187
55 238
56 77
56 126
56 128
56 208
57 77
57 135
57 137
57 166
57 175
57 227
57 234
58 164
58 165
59 73
59 75
59 77
59 123
59 127
59 130
59 148
59 178
59 233
59 241
60 90
60 127
60 223
60 252
60 262
61 77
61 100
61 126
61 189
61 232
61 233
61 246
62 81
62 90
62 98
62 200
62 243
62 302
64 158
65 75
65 207
65 226
66 100
66 117
66 156
66 189
66 227
67 140
67 193
67 247
67 296
68 154
69 121
70 90
70 98
70 160
70 192
70 205
70 219
70 226
71 126
71 127
71 168
71 195
72 169
72 197
72 200
72 286
73 89
73 109
73 124
73 125
73 158
73 176
73 212
73 222
73 239
74 84
74 121
74 140
74 222
74 247
74 264
75 103
75 121
75 123
75 129
75 160
75 207
75 212
76 95
76 98
76 120
76 123
76 126
76 197
76 216
76 311
76 314
77 99
77 115
77 122
77 127
77 132
77 136
77 163
77 165
77 232
77 264
78 234
78 262
78 283
79 123
79 204
80 108
80 128
80 201
80 202
80 218
80 219
80 236
80 252
81 226
82 86
82 127
82 177
82 223
82 253
83 125
83 233
83 263
83 264
83 274
84 174
84 241
84 292
85 106
85 124
85 158
85 165
85 206
85 233
85 235
85 238
85 247
85 282
85 304
86 90
86 243
87 91
87 105
87 122
87 180
88 90
88 131
89 92
89 115
89 126
89 204
89 231
89 238
89 240
89 250
89 296
89 309
90 100
90 122
90 127
90 134
90 137
90 159
90 166
90 197
90 207
90 220
90 223
90 228
90 233
90 234
90 236
90 250
90 262
90 279
90 282
90 315
91 129
91 235
91 264
91 283
92 196
93 126
93 132
93 198
94 117
95 108
95 122
95 126
95 140
95 214
95 235
95 238
95 287
96 121
96 219
97 117
97 160
98 105
98 107
98 109
98 122
98 247
98 263
98 293
99 100
99 117
99 122
99 123
99 124
99 127
99 129
99 134
99 141
99 162
99 195
99 197
99 204
99 219
99 232
99 265
99 283
99 309
100 106
100 112
100 125
100 134
100 163
100 212
100 241
100 253
101 209
101 297
102 180
103 201
103 226
103 236
103 259
103 302
104 128
104 144
104 217
105 108
105 124
105 135
105 136
105 137
105 144
105 160
105 211
105 253
105 309
106 123
106 125
106 129
106 144
106 160
106 195
106 220
106 232
106 259
107 117
107 155
107 193
107 264
108 122
108 188
108 266
108 309
109 232
109 238
109 268
110 117
110 125
110 235
111 122
111 165
111 232
112 122
112 219
112 231
112 247
112 250
112 309
113 125
113 204
113 266
113 313
114 151
114 259
115 124
115 148
115 172
115 226
115 241
116 132
116 134
116 163
117 127
117 133
117 135
117 138
117 144
117 159
117 160
117 174
117 188
117 216
117 223
117 267
117 288
120 152
120 168
120 201
120 300
120 305
120 313
121 125
121 126
121 127
121 142
121 156
121 162
121 167
121 171
121 186
121 202
121 204
121 209
121 231
121 249
121 261
121 279
121 291
121 315
122 123
122 126
122 128
122 129
122 132
122 160
122 174
122 179
122 189
122 204
122 233
122 235
122 241
122 249
122 258
122 266
122 274
122 304
122 306
123 124
123 126
123 127
123 130
123 134
123 138
123 140
123 165
123 182
123 187
123 188
123 199
123 233
123 234
123 235
123 236
123 266
123 272
124 126
124 128
124 132
124 141
124 176
124 212
124 219
124 220
124 221
124 226
124 236
124 247
124 253
124 258
124 259
124 266
124 267
124 286
124 308
124 309
125 129
125 144
125 158
125 165
125 168
125 173
125 180
125 186
125 224
125 264
125 302
126 131
126 134
126 147
126 162
126 166
126 192
126 204
126 206
126 224
126 232
126 235
126 266
126 276
126 288
126 308
126 309
127 128
127 141
127 142
127 155
127 207
127 209
127 218
127 224
127 232
127 235
127 238
127 259
127 270
127 271
127 275
127 279
127 282
128 160
128 180
128 201
128 204
128 230
128 269
128 282
128 286
128 300
128 315
129 134
129 140
129 167
129 168
129 178
129 182
129 188
129 219
129 228
129 232
129 264
129 283
129 298
130 183
130 274
131 174
131 226
132 194
132 223
132 309
133 225
133 228
133 232
134 143
134 149
134 172
134 214
134 235
134 238
134 314
134 315
135 232
135 240
135 244
136 197
137 203
137 215
137 220
137 264
137 279
137 311
138 206
138 221
138 314
139 158
139 200
139 206
139 226
139 236
139 255
139 293
140 261
141 147
141 226
141 261
141 266
142 143
142 282
143 151
143 153
143 235
143 246
143 271
143 276
143 292
144 204
144 282
144 296
147 185
147 234
147 261
147 285
148 219
148 233
148 307
150 195
150 204
152 259
153 227
154 176
154 217
154 226
155 188
155 192
155 233
155 314
157 160
157 202
157 226
158 203
158 234
158 257
158 266
160 163
160 168
160 186
160 200
160 203
160 216
160 222
160 264
160 265
160 279
162 186
162 207
162 247
162 266
162 289
162 292
163 226
163 235
163 273
163 288
165 228
165 249
165 288
167 169
167 206
168 234
168 250
168 264
168 266
168 280
170 198
170 314
171 207
171 234
172 233
172 249
173 197
173 213
174 178
174 212
174 234
174 279
175 275
176 180
176 226
177 195
178 216
179 313
180 226
181 271
181 288
182 235
183 235
183 290
184 185
184 192
184 202
185 233
185 234
186 233
187 257
188 245
188 276
188 304
189 206
189 246
191 240
192 200
192 250
192 312
193 195
193 245
193 288
193 309
194 258
195 206
195 225
195 226
195 238
195 278
195 304
196 309
197 220
197 249
197 267
198 234
199 204
199 220
200 267
200 312
201 285
202 217
202 241
202 243
203 208
203 221
203 238
203 278
204 232
204 241
204 274
206 220
206 241
206 257
206 274
206 277
208 245
209 221
210 232
210 274
212 228
212 260
214 217
214 313
215 223
215 236
216 223
217 243
217 259
217 280
219 226
219 233
219 236
219 264
220 311
221 228
221 288
222 233
222 280
223 233
223 235
223 257
223 304
223 308
223 309
223 314
226 232
226 238
226 240
226 268
228 282
228 288
229 276
230 233
231 241
232 266
232 267
232 289
233 245
233 252
233 259
233 286
233 302
233 308
233 309
234 235
234 271
236 249
236 283
236 309
240 288
241 266
241 288
241 310
243 258
249 262
249 264
250 309
252 257
253 261
261 309
264 267
264 269
264 276
265 314
266 299
266 309
266 313
267 301
272 304
274 309
275 302
279 309
285 299
285 309
285 315
289 310
313 314
