0 8
0 100
0 106
0 234
0 268
1 5
1 84
1 131
1 140
1 189
1 286
2 66
2 126
3 9
3 72
3 76
3 115
3 123
3 124
3 128
3 129
3 136
3 144
3 202
3 208
3 297
4 6
4 28
4 121
4 176
4 185
4 195
4 206
4 218
4 259
4 276
4 288
4 304
5 29
5 32
5 75
5 94
5 124
5 128
5 129
5 139
5 142
5 144
5 165
5 189
5 233
5 235
5 294
6 18
6 89
6 90
6 113
6 127
6 155
6 182
6 195
6 262
6 266
6 276
6 288
7 70
7 88
7 105
7 123
7 125
7 127
7 128
7 139
7 158
7 182
7 233
7 267
7 291
7 315
8 42
8 81
8 99
9 46
9 90
9 189
9 268
9 282
9 297
10 32
10 56
10 67
10 74
10 107
10 116
10 234
11 115
11 234
12 17
12 79
12 96
12 122
12 127
12 137
12 293
13 18
13 124
13 127
13 128
13 171
13 200
13 207
13 209
14 15
14 81
14 135
14 154
14 233
14 246
15 185
15 279
15 302
16 69
16 90
16 98
16 125
16 136
16 275
16 309
17 76
17 84
17 96
17 124
17 128
17 157
17 195
17 222
17 272
17 273
17 294
18 59
18 66
18 103
18 123
18 195
18 202
19 69
19 142
19 229
19 233
20 35
20 66
20 87
20 97
20 124
20 159
20 189
20 204
21 107
21 134
21 160
21 273
22 77
22 80
22 192
22 195
22 247
22 279
22 288
23 99
23 131
23 139
23 201
23 223
23 230
23 279
23 288
24 239
24 266
25 34
25 126
25 223
25 261
26 50
26 128
26 232
26 241
26 246
27 153
27 279
28 85
28 123
28 125
28 130
28 132
28 154
28 232
29 42
29 54
29 75
29 99
29 123
29 127
29 162
29 173
29 204
29 217
29 224
29 271
29 276
31 68
31 93
31 112
31 186
31 247
31 286
32 44
32 106
32 120
32 125
32 126
32 173
32 189
33 35
33 80
33 89
33 96
33 103
33 128
33 134
33 238
33 267
33 314
34 123
34 136
34 201
34 214
34 235
35 39
35 54
35 76
35 92
35 95
35 96
35 97
35 100
35 109
35 122
35 125
35 127
35 132
35 148
35 155
35 160
35 180
35 185
35 201
35 235
35 238
35 257
35 288
35 304
36 49
36 95
36 125
36 189
36 218
36 233
36 235
36 241
37 40
37 99
37 117
37 128
37 252
37 266
37 279
38 129
39 87
39 122
39 127
39 134
39 235
39 267
40 42
40 121
40 125
40 162
40 181
40 187
40 231
40 257
40 260
40 262
40 294
40 304
41 44
41 84
41 124
41 264
41 266
42 59
42 69
42 76
42 121
42 147
42 206
42 226
42 251
43 252
43 266
44 128
44 168
44 219
46 128
46 129
47 195
47 279
49 76
49 125
49 173
49 203
49 217
50 180
51 83
51 90
51 126
51 160
51 189
51 224
51 238
51 314
52 53
52 125
52 133
52 137
52 141
52 174
52 232
52 234
52 249
52 309
53 310
54 288
55 166
55 220
55 280
56 100
56 122
56 128
56 141
56 234
56 293
57 88
57 128
58 216
58 245
59 118
59 137
59 214
59 252
59 280
60 198
61 125
61 128
61 141
61 232
62 121
62 124
62 131
62 204
62 278
63 76
63 213
63 218
63 264
64 121
64 163
64 245
64 255
65 100
65 133
65 216
66 81
66 117
66 121
66 123
66 143
67 73
67 122
67 126
67 131
67 171
67 180
67 198
67 225
67 303
68 91
68 311
69 142
69 229
70 93
70 235
71 99
72 120
72 128
72 197
72 266
72 286
73 79
73 131
73 148
73 173
73 232
73 266
73 288
73 315
74 103
74 127
74 271
75 77
75 92
75 99
75 110
75 117
75 124
75 204
75 241
75 266
76 110
76 121
76 122
76 153
76 155
76 156
76 184
76 206
76 233
76 234
76 239
76 308
77 86
77 93
77 98
77 110
77 126
77 155
77 180
77 186
77 213
77 232
77 235
77 257
77 289
77 303
77 314
78 121
78 150
79 262
80 99
80 180
80 302
80 312
81 183
81 204
82 200
83 90
83 110
83 117
83 185
83 233
84 90
84 233
84 261
85 90
85 99
85 119
85 122
85 129
85 130
85 217
85 228
85 292
85 298
85 304
85 314
86 100
86 176
86 208
87 90
87 128
87 159
88 151
88 279
89 124
90 115
90 123
90 234
90 237
90 279
90 289
91 121
91 209
91 271
92 125
92 266
94 123
94 125
94 215
94 266
95 199
96 162
96 212
96 274
97 182
97 285
98 173
98 181
98 235
99 125
99 129
99 219
99 226
99 232
99 233
99 246
99 247
99 261
99 262
99 309
100 125
100 126
100 158
100 174
100 188
100 189
100 203
100 233
100 234
100 255
100 264
100 309
101 168
101 262
101 266
102 195
103 176
103 263
103 266
104 115
104 304
105 124
105 128
105 181
105 204
105 206
105 207
105 271
106 121
106 246
106 256
106 257
106 261
106 300
107 125
107 143
107 173
107 218
107 233
108 151
108 275
109 174
109 206
109 218
110 147
110 216
110 248
110 273
111 133
111 197
111 203
111 251
111 253
111 290
112 180
112 226
113 121
113 127
113 200
113 258
114 129
114 235
115 118
115 168
115 228
115 233
115 267
116 134
117 119
117 121
117 134
117 184
117 200
117 238
118 231
119 155
120 122
120 147
120 236
120 286
121 128
121 129
121 131
121 135
121 151
121 162
121 180
121 182
121 197
121 201
121 204
121 213
121 219
121 226
121 232
121 234
121 240
121 267
121 302
121 305
121 309
121 313
122 123
122 125
122 130
122 134
122 143
122 152
122 155
122 160
122 162
122 169
122 181
122 204
122 223
122 226
122 232
122 235
122 240
122 246
122 252
122 285
122 288
122 302
122 304
123 128
123 129
123 160
123 162
123 163
123 173
123 181
123 189
123 195
123 203
123 204
123 212
123 218
123 227
123 232
123 234
123 235
123 238
123 259
123 260
123 271
123 279
123 290
123 304
123 313
124 125
124 127
124 129
124 134
124 141
124 165
124 173
124 174
124 175
124 185
124 191
124 195
124 213
124 216
124 233
124 245
124 250
124 252
124 266
124 304
124 308
124 309
125 126
125 129
125 132
125 157
125 160
125 169
125 172
125 177
125 184
125 193
125 201
125 227
125 233
125 235
125 242
125 249
125 280
125 299
126 127
126 128
126 139
126 151
126 160
126 171
126 175
126 180
126 190
126 191
126 192
126 193
126 218
126 234
126 257
126 266
127 155
127 192
127 199
127 202
127 208
127 223
127 237
127 246
127 271
127 279
128 129
128 163
128 182
128 190
128 199
128 200
128 217
128 220
128 233
128 234
128 312
128 314
129 160
129 163
129 199
129 218
129 220
129 224
129 233
129 246
129 252
129 267
130 142
130 234
131 235
132 229
132 264
133 187
133 199
134 156
134 197
134 222
134 233
134 261
134 267
134 272
135 140
135 145
135 182
135 237
136 279
137 156
137 219
137 221
137 302
138 174
138 189
139 146
139 223
140 233
140 236
140 243
140 280
141 207
141 234
142 167
142 201
143 292
143 310
144 185
144 204
144 233
144 273
144 304
144 309
145 153
145 168
147 174
147 233
147 241
148 160
149 265
149 304
150 309
151 193
151 217
151 302
152 161
152 226
152 296
153 259
154 221
154 291
155 200
155 208
155 222
156 157
156 309
157 173
157 183
157 272
157 314
158 200
158 212
158 233
158 234
158 309
159 221
159 234
160 164
160 180
160 268
161 278
162 163
162 200
162 286
163 186
163 188
163 195
163 213
163 219
163 266
163 309
164 223
165 170
165 201
165 219
165 241
165 247
165 290
166 176
166 189
166 227
167 185
167 277
168 170
168 196
168 206
168 232
168 266
168 281
169 231
170 200
170 243
170 267
170 279
171 267
171 275
172 178
172 219
172 226
172 266
172 277
172 287
173 182
173 198
173 200
173 208
173 232
173 279
174 290
175 279
178 197
178 201
179 202
179 226
179 237
179 309
180 187
180 235
180 236
180 242
180 272
180 306
180 312
181 241
181 261
182 203
182 309
183 262
183 313
185 212
186 252
186 309
187 226
187 304
188 245
188 294
188 309
189 213
189 275
189 288
190 312
191 193
192 195
192 202
192 279
193 221
193 232
193 235
193 280
195 203
195 281
196 234
196 241
196 273
198 256
198 271
199 217
200 279
201 247
201 252
202 209
202 232
202 265
204 233
204 235
204 252
204 259
204 288
204 306
205 224
206 272
206 285
206 314
209 218
209 219
209 284
209 313
211 222
213 305
214 229
214 238
214 279
214 304
216 239
216 271
217 308
218 223
218 252
218 286
219 262
220 222
220 235
220 246
220 261
220 277
220 279
221 253
221 263
221 266
222 235
223 229
223 235
223 237
223 247
223 297
223 304
225 309
226 245
226 246
226 264
226 279
226 280
226 304
227 228
228 271
231 235
231 237
232 234
232 256
232 272
232 315
233 293
233 294
234 249
234 261
234 280
234 286
235 259
235 261
235 264
235 273
235 282
235 304
236 266
236 298
237 255
238 264
238 266
238 278
238 309
241 250
241 309
245 247
246 257
246 302
247 252
249 264
249 279
249 309
251 264
251 280
257 288
258 297
259 263
266 270
266 296
267 288
267 298
268 278
271 299
274 309
279 280
279 283
287 304
289 298
294 312
309 310
