0 128
0 204
1 106
1 112
1 121
2 3
2 57
2 122
2 126
2 140
2 235
2 257
2 266
3 80
3 85
3 122
3 125
3 127
3 129
3 134
3 217
3 227
3 312
4 41
4 44
4 59
4 112
4 168
4 175
4 204
4 232
4 233
4 275
4 309
5 15
5 17
5 22
5 26
5 40
5 77
5 92
5 126
5 136
5 140
5 153
5 198
5 208
5 236
5 260
5 266
5 276
6 72
6 123
6 125
6 233
6 234
6 265
6 286
7 17
7 66
7 121
7 148
7 183
7 191
7 197
7 237
7 255
7 292
7 311
8 69
8 124
8 127
8 201
9 35
9 40
9 54
9 61
9 90
9 99
9 218
9 226
10 17
10 22
10 35
10 110
10 121
10 126
10 127
10 133
10 160
10 180
11 121
11 156
11 304
12 120
12 200
12 259
12 291
12 309
13 49
13 65
13 125
13 183
13 195
13 223
13 226
13 266
13 273
13 289
13 309
14 32
14 123
14 135
15 128
16 35
16 40
16 56
16 81
16 125
16 134
16 157
16 181
16 195
16 230
16 233
16 241
16 246
16 261
16 291
17 99
17 123
17 144
17 157
17 160
17 204
17 218
17 219
17 226
17 284
17 311
18 35
18 102
18 121
18 276
19 65
19 111
19 128
19 151
19 189
19 257
19 294
20 66
20 104
20 128
20 153
20 189
20 291
21 23
21 115
21 124
22 35
22 77
22 107
22 125
22 140
22 226
22 250
22 285
23 32
23 95
23 128
23 129
23 131
23 162
23 232
24 35
24 53
24 110
25 36
25 40
25 219
26 144
26 249
27 31
27 90
27 152
27 173
28 41
28 86
28 106
28 112
28 125
28 141
28 232
28 240
28 313
29 65
29 90
29 98
29 123
29 233
29 246
29 273
30 120
30 180
31 52
31 56
31 128
31 151
31 157
31 179
32 34
32 89
32 126
32 131
32 143
32 161
32 174
32 236
33 86
33 233
34 121
34 124
34 199
34 200
34 206
34 257
34 262
35 52
35 77
35 90
35 102
35 106
35 119
35 132
35 135
35 144
35 154
35 160
35 187
35 200
35 210
35 224
35 260
35 273
35 286
36 51
36 56
36 126
36 128
36 131
36 157
36 162
36 182
36 200
36 207
36 234
36 243
36 299
37 40
37 67
37 152
37 215
37 220
37 247
37 309
38 99
38 171
38 266
39 43
39 99
39 105
39 155
39 277
39 307
39 309
40 57
40 75
40 90
40 109
40 110
40 127
40 128
40 163
40 236
40 237
40 278
40 288
41 76
41 111
41 113
41 127
41 153
41 195
42 98
42 99
42 125
42 221
42 241
42 266
42 279
42 304
42 310
43 232
44 75
44 91
44 94
44 95
44 115
44 128
44 139
44 141
44 189
44 203
44 267
45 112
46 153
46 223
47 234
47 263
49 108
49 123
49 206
49 235
49 274
50 85
50 112
51 57
51 72
51 98
51 101
51 107
51 110
51 124
51 128
51 141
51 153
51 180
51 252
51 309
52 85
52 100
52 111
52 180
52 240
52 253
52 278
53 61
53 99
53 267
54 167
54 181
54 232
54 257
55 122
55 158
55 195
56 76
56 90
56 106
56 226
56 242
56 250
56 308
57 66
57 168
58 158
58 286
58 298
59 73
59 78
59 99
59 121
59 129
59 154
59 201
59 203
59 207
59 223
60 128
60 143
60 207
61 122
61 185
61 237
61 247
62 67
62 129
62 132
62 246
62 257
62 263
63 190
63 221
63 235
63 266
64 143
64 232
64 302
65 121
65 128
65 142
65 182
65 234
66 90
66 114
66 125
66 166
67 124
67 179
67 180
67 233
67 241
68 122
68 223
68 230
68 271
69 185
70 129
70 200
71 121
71 220
72 105
72 198
72 202
72 232
72 235
72 288
72 308
73 76
73 99
73 125
73 157
73 176
73 307
74 114
74 125
74 127
74 163
74 213
74 235
75 122
75 123
75 124
75 204
75 235
75 259
75 267
76 100
76 117
76 122
76 137
76 138
76 169
76 189
76 221
76 232
76 233
76 235
76 247
76 255
76 280
77 80
77 90
77 108
77 109
77 123
77 126
77 129
77 160
77 280
77 281
77 286
78 234
79 123
79 146
79 192
79 209
79 219
79 279
80 97
80 215
80 219
80 304
81 105
81 106
81 168
82 105
82 207
82 279
84 122
84 128
84 167
84 171
84 219
84 233
84 247
85 128
85 158
85 180
85 210
85 278
85 306
85 309
86 99
86 121
86 246
86 286
87 122
87 149
87 198
87 279
88 124
88 143
88 174
88 217
88 223
88 273
88 296
89 93
89 111
89 113
89 126
89 161
89 164
90 99
90 123
90 127
90 141
90 163
90 167
90 217
90 277
91 124
91 165
91 247
91 262
92 95
92 168
93 121
93 160
93 234
95 110
95 123
95 124
95 173
95 226
95 236
95 250
95 296
95 309
95 314
96 145
96 175
96 261
96 292
96 307
97 112
97 160
97 274
98 124
98 232
98 287
99 101
99 109
99 120
99 122
99 125
99 129
99 142
99 168
99 212
99 218
99 226
99 240
99 245
99 261
100 123
100 124
100 125
100 155
100 164
100 184
100 199
100 204
100 214
100 237
100 238
100 263
100 268
100 309
101 117
101 124
101 168
102 122
102 126
102 180
102 232
103 126
103 202
103 218
103 304
104 122
104 125
104 128
104 165
104 166
104 234
104 238
105 183
105 272
106 123
106 163
106 193
106 202
106 233
106 264
106 309
108 174
108 175
108 180
109 134
109 259
110 126
110 201
110 226
110 229
110 232
110 238
110 283
111 121
111 180
112 225
112 309
113 204
115 129
115 215
116 126
116 270
117 124
117 134
117 149
117 217
117 231
117 235
117 241
117 254
117 266
118 128
118 201
118 210
119 138
119 200
119 220
119 267
120 121
120 155
120 234
120 241
121 124
121 130
121 139
121 143
121 144
121 154
121 163
121 176
121 181
121 188
121 200
121 202
121 207
121 208
121 219
121 237
121 238
121 256
121 280
121 291
121 297
121 298
122 123
122 129
122 159
122 163
122 168
122 169
122 189
122 197
122 212
122 219
122 228
122 233
122 237
122 241
122 248
122 266
122 278
122 304
122 313
123 125
123 136
123 137
123 140
123 152
123 158
123 160
123 173
123 203
123 219
123 228
123 235
123 289
123 308
123 311
123 313
124 125
124 129
124 145
124 162
124 204
124 212
124 229
124 232
124 233
124 237
124 240
124 252
124 269
124 308
124 312
125 129
125 135
125 137
125 144
125 157
125 158
125 166
125 167
125 177
125 189
125 192
125 200
125 210
125 215
125 259
125 279
125 313
125 314
126 151
126 154
126 160
126 162
126 167
126 174
126 198
126 200
126 206
126 207
126 238
126 309
127 135
127 144
127 171
127 195
127 202
127 221
127 233
127 234
127 235
127 241
127 265
127 278
127 304
127 314
128 129
128 134
128 147
128 160
128 174
128 188
128 200
128 210
128 212
128 217
128 222
128 241
128 246
128 262
128 266
128 273
128 274
128 279
129 130
129 160
129 163
129 166
129 168
129 175
129 189
129 199
129 200
129 232
129 234
129 235
129 236
129 312
130 139
130 181
130 265
131 169
131 191
131 280
132 243
133 166
133 204
133 309
134 140
134 155
134 183
134 192
134 202
134 226
134 228
134 302
135 193
135 232
135 235
135 309
136 304
137 173
137 183
137 205
138 160
138 183
138 241
139 214
139 219
140 162
140 170
140 231
140 241
140 249
140 259
140 275
140 293
141 168
141 223
141 227
141 232
143 178
143 237
144 266
146 204
146 286
147 189
148 184
148 263
148 299
149 235
151 181
151 265
151 309
152 232
152 312
153 206
153 208
153 246
153 304
154 266
155 188
155 195
155 204
155 283
156 196
156 233
156 247
157 235
157 267
158 161
158 219
158 233
158 309
159 160
159 176
159 178
160 165
160 181
160 198
160 216
160 238
160 296
160 302
162 163
162 232
162 235
162 264
164 204
165 189
165 195
165 234
165 237
166 223
167 203
168 197
168 223
168 241
168 255
168 272
169 191
169 253
170 174
170 195
170 242
170 313
171 241
172 181
174 259
174 267
174 274
175 250
175 309
176 255
177 233
177 268
178 195
178 206
178 235
180 233
180 234
180 235
180 271
182 233
182 234
182 251
182 307
183 229
183 254
183 264
183 276
184 195
185 234
185 282
185 283
185 300
186 203
186 268
186 311
188 201
188 221
188 234
188 281
189 219
189 221
190 206
190 226
190 315
191 288
192 298
192 305
192 309
195 204
195 233
195 234
195 235
195 246
195 257
195 292
196 219
197 236
198 232
198 253
199 232
199 233
199 267
199 288
200 234
201 240
201 249
202 217
202 223
202 275
202 278
203 262
204 237
204 254
204 279
204 309
205 209
206 245
206 269
206 273
207 235
207 241
207 313
208 237
208 246
209 231
209 233
209 304
214 270
214 277
215 224
215 308
217 235
217 254
217 311
218 228
218 277
218 308
219 226
219 238
219 240
220 262
220 299
221 297
222 307
223 246
223 255
223 276
223 304
224 280
225 290
226 233
226 234
226 235
226 241
226 249
226 299
226 308
231 252
232 233
232 235
232 240
232 254
232 286
233 234
233 246
233 260
233 265
233 273
233 279
233 304
233 309
234 237
234 240
234 261
234 263
234 271
234 288
234 304
235 273
235 276
235 299
235 309
236 273
236 313
237 239
237 257
241 246
241 255
241 297
242 283
246 290
246 304
247 279
249 255
249 259
250 276
251 286
252 261
252 309
254 287
257 313
259 262
259 275
259 288
261 264
261 279
266 314
267 293
268 288
283 292
286 310
312 314
