0 40
0 72
0 104
0 278
1 3
1 18
1 78
1 104
1 131
1 187
1 193
1 212
1 304
2 20
2 86
2 110
2 125
2 137
2 144
2 165
2 187
2 257
2 277
3 57
3 76
3 114
3 122
3 157
3 304
4 30
4 61
4 68
4 71
4 75
4 100
4 103
4 127
4 166
4 220
4 282
5 12
5 17
5 21
5 32
5 49
5 51
5 80
5 81
5 83
5 85
5 121
5 123
5 127
5 142
5 203
5 204
5 205
5 233
5 261
5 287
5 304
6 24
6 33
6 94
6 122
6 156
6 223
6 262
7 123
7 127
7 128
7 134
7 164
7 224
7 234
7 235
8 42
9 27
9 36
9 99
9 135
9 167
9 204
10 54
10 75
10 160
10 172
10 173
10 199
10 207
10 234
10 249
10 279
10 313
11 103
11 135
11 179
11 304
12 59
12 123
12 138
12 165
12 223
12 249
12 252
13 19
13 35
13 36
13 39
13 91
13 101
13 111
13 121
13 158
13 200
13 221
13 278
13 279
14 36
14 122
14 126
14 199
14 204
14 303
15 29
15 39
15 128
15 183
15 241
16 39
16 56
16 100
16 117
16 136
16 230
16 304
17 33
17 40
17 41
17 54
17 99
17 100
17 155
17 191
17 211
17 264
17 278
18 20
18 35
18 127
18 129
18 135
18 201
18 288
19 77
19 85
19 122
19 125
19 237
20 36
20 66
20 96
20 106
20 167
20 251
20 276
21 54
21 59
21 120
21 123
22 24
22 35
22 92
22 120
22 172
22 195
22 208
22 215
22 232
23 66
23 122
23 127
23 139
23 212
23 226
23 235
23 257
24 82
24 100
24 123
24 217
24 236
24 245
25 243
26 35
26 42
26 89
26 134
26 143
26 169
26 176
26 215
26 235
26 241
27 111
27 129
28 49
28 77
28 128
28 155
28 174
28 226
28 234
28 252
28 257
28 283
28 301
28 304
29 84
29 89
29 94
29 95
29 115
29 122
29 142
30 35
30 127
30 180
30 234
30 283
31 34
31 223
31 279
31 314
32 40
32 140
32 159
32 264
33 66
33 117
33 126
33 304
34 52
34 83
34 85
34 116
34 173
35 48
35 55
35 110
35 128
35 151
35 159
35 189
35 192
35 210
35 241
35 253
35 255
35 314
36 101
36 113
36 181
36 199
36 220
36 279
37 80
37 168
37 173
37 204
37 235
37 313
38 125
38 129
38 229
38 266
39 51
39 219
39 233
39 258
39 261
40 58
40 59
40 89
40 98
40 100
40 102
40 122
40 201
40 226
40 233
40 262
40 265
40 292
41 99
41 115
41 134
41 147
41 159
41 185
41 206
41 233
41 240
41 241
41 252
41 279
41 302
42 97
42 125
42 126
42 128
42 166
42 167
42 226
42 246
43 59
43 246
43 266
44 73
44 128
44 129
44 191
44 274
44 279
45 160
46 178
47 56
47 104
49 125
49 128
49 134
49 216
49 305
50 76
50 226
51 59
51 125
51 127
51 145
51 159
51 233
51 235
51 241
52 62
52 81
52 121
52 125
52 129
52 132
52 149
52 155
52 158
52 254
52 282
52 286
53 189
53 229
53 238
53 241
54 125
54 128
54 191
54 235
54 291
54 292
55 135
55 176
55 200
56 121
56 182
56 264
57 174
57 184
57 230
57 235
57 266
58 257
59 66
59 114
59 134
59 237
59 261
59 308
60 126
60 201
61 125
61 277
61 302
62 115
62 130
62 144
62 170
62 206
62 235
63 188
63 220
64 124
64 126
65 223
66 91
66 102
66 124
66 125
66 126
66 202
67 117
67 124
67 125
67 165
67 207
67 279
68 186
68 212
68 225
68 235
68 241
68 257
69 75
70 71
70 125
70 133
70 228
71 119
71 153
71 213
72 73
72 111
72 123
72 125
72 134
72 263
72 307
73 104
73 121
73 155
73 164
73 168
73 187
73 275
73 282
73 313
74 112
74 131
74 197
75 90
75 128
75 183
75 208
75 260
75 265
75 302
76 122
76 125
76 158
76 173
76 189
76 218
76 230
76 233
76 277
76 309
77 95
77 99
77 125
77 144
77 167
77 226
77 228
77 238
77 264
77 273
77 302
78 121
78 276
80 122
80 136
80 181
80 234
80 237
80 307
81 101
81 160
81 217
81 219
81 288
82 128
82 129
82 235
83 98
83 137
83 204
83 206
83 233
83 234
83 263
84 140
84 169
84 235
84 267
85 117
85 121
85 126
85 144
85 196
85 233
85 304
86 90
86 100
86 127
86 179
86 180
86 198
86 222
87 111
88 172
89 100
89 121
89 123
89 128
89 129
89 195
89 204
89 231
89 246
89 291
90 114
90 125
90 127
90 223
90 226
90 236
90 241
90 243
90 246
90 265
90 266
90 281
90 286
90 309
91 235
91 312
92 129
92 176
92 181
93 115
93 121
93 180
93 186
94 134
95 98
95 122
95 129
95 133
95 145
95 162
95 195
95 197
95 206
95 221
95 227
95 241
95 268
95 297
96 99
96 160
96 204
97 99
97 138
97 171
98 121
98 126
98 142
98 176
98 180
98 226
98 247
98 274
99 100
99 123
99 124
99 128
99 149
99 158
99 162
99 183
99 202
99 218
99 221
99 241
99 246
99 290
100 104
100 123
100 126
100 129
100 181
100 195
100 208
100 234
100 244
100 263
100 264
100 273
100 279
101 121
101 128
101 269
102 127
102 183
104 122
104 157
104 246
104 277
105 160
105 219
105 232
105 313
106 124
106 154
106 170
106 245
106 283
107 122
107 147
107 201
107 232
108 160
108 233
110 158
110 185
110 210
110 226
110 241
110 253
110 255
110 265
110 271
110 279
110 286
110 304
110 309
111 121
111 134
111 139
111 234
111 235
111 236
111 266
111 304
112 122
112 124
112 226
112 232
112 282
112 314
113 166
114 214
114 302
115 125
115 128
115 181
115 187
115 208
115 238
115 309
116 233
117 144
117 196
117 206
117 299
118 225
118 239
119 129
119 162
119 199
119 219
120 123
120 168
120 186
120 219
120 313
121 122
121 139
121 143
121 145
121 160
121 191
121 201
121 215
121 226
121 234
121 235
121 253
121 254
121 257
121 292
121 295
121 304
122 124
122 143
122 149
122 156
122 159
122 162
122 169
122 192
122 198
122 216
122 218
122 246
122 249
122 255
122 257
122 266
122 280
122 304
122 309
123 126
123 129
123 143
123 156
123 162
123 175
123 201
123 223
123 233
123 234
123 239
123 249
123 252
123 259
123 266
123 283
123 286
123 289
123 300
124 126
124 128
124 152
124 159
124 164
124 166
124 190
124 196
124 203
124 206
124 220
124 246
124 255
124 278
124 287
124 305
125 128
125 129
125 134
125 156
125 160
125 163
125 170
125 197
125 224
125 231
125 233
125 235
125 236
125 250
125 255
125 266
125 280
125 285
125 288
126 127
126 135
126 144
126 160
126 165
126 182
126 203
126 207
126 219
126 226
126 229
126 235
126 236
126 243
126 255
126 267
127 129
127 138
127 144
127 180
127 191
127 206
127 210
127 232
127 233
127 236
127 253
127 259
127 263
127 264
127 265
127 271
127 288
128 130
128 149
128 151
128 172
128 175
128 188
128 190
128 192
128 207
128 220
128 222
128 226
128 230
128 246
128 286
129 134
129 158
129 164
129 185
129 200
129 204
129 215
129 226
129 234
131 149
131 179
131 206
131 234
131 286
131 301
134 135
134 139
134 158
134 177
134 197
134 204
134 208
134 230
134 280
135 233
135 234
135 238
136 288
137 139
137 206
139 275
140 142
140 157
140 168
140 180
140 256
140 268
141 219
141 234
142 241
143 189
143 236
143 261
144 232
144 246
144 261
145 186
145 199
145 257
146 180
146 255
147 236
148 160
148 217
149 247
150 198
151 185
151 217
151 235
151 241
151 268
152 194
152 264
152 311
153 171
153 180
153 236
153 284
155 174
155 219
155 252
155 268
156 216
156 235
156 261
157 175
157 307
158 162
158 176
158 193
158 266
158 279
159 207
160 208
160 212
160 217
160 226
160 233
160 235
160 236
160 288
160 293
162 211
162 228
162 234
163 248
163 294
164 232
164 234
164 236
166 247
166 284
166 290
166 292
167 296
168 189
168 201
168 224
168 236
168 266
169 200
169 236
169 282
170 220
172 201
172 206
172 264
173 181
173 204
173 234
174 303
177 290
178 183
178 221
179 209
180 181
180 189
180 194
180 207
180 219
180 309
181 183
181 264
181 309
182 205
182 263
183 185
183 239
183 279
183 309
185 187
185 206
185 226
185 232
185 309
186 234
186 252
188 204
188 218
188 240
188 264
189 216
189 218
189 239
189 304
192 237
193 252
193 271
193 307
193 315
194 307
195 233
195 237
195 291
195 302
195 309
197 238
198 200
198 201
198 216
198 236
198 266
198 283
198 304
199 238
200 202
200 234
200 308
201 203
201 235
201 241
201 246
203 204
203 225
204 218
204 226
204 230
204 234
204 257
204 266
204 286
204 302
204 313
206 235
206 255
206 304
206 308
206 309
207 276
207 279
208 313
210 225
210 226
210 279
212 234
212 267
213 280
216 233
216 241
216 261
217 232
217 240
218 257
218 266
218 279
219 234
219 236
219 271
220 231
220 279
220 309
223 227
223 245
223 296
223 309
224 297
226 227
226 234
226 240
226 243
226 251
226 304
227 302
228 277
228 279
228 309
229 275
230 241
230 309
232 236
232 237
232 297
233 235
233 245
233 257
233 277
234 235
234 252
234 266
234 269
234 304
235 252
236 257
237 304
237 309
238 309
239 269
241 299
243 271
243 309
246 261
247 288
249 269
250 252
250 253
250 280
251 297
252 292
256 304
259 309
264 271
264 300
266 267
266 268
266 307
266 309
267 279
268 275
273 304
275 309
276 292
279 292
288 304
295 309
298 309
311 312
