0 8
0 28
0 140
0 143
0 186
1 40
1 56
1 96
1 108
1 126
1 304
2 55
2 57
2 83
2 100
2 117
2 123
2 124
2 144
2 153
2 273
2 279
3 46
3 51
3 126
3 200
3 223
3 239
3 241
3 262
4 65
4 121
4 125
4 181
4 206
4 241
4 247
4 252
4 253
4 259
5 6
5 49
5 77
5 90
5 100
5 119
5 124
5 127
5 143
5 144
5 147
5 156
5 174
5 195
5 212
5 215
5 246
5 249
5 289
5 299
5 309
6 20
6 23
6 37
6 55
6 151
6 188
6 193
6 233
6 240
6 264
7 111
7 115
7 126
7 127
7 135
7 136
7 198
7 204
7 215
7 234
7 241
7 243
7 313
8 17
8 98
8 106
8 253
9 46
9 61
9 72
9 117
9 121
9 122
10 54
10 128
10 129
10 143
10 144
10 182
10 309
11 53
11 122
11 235
11 252
12 125
12 134
12 189
12 208
12 234
12 245
12 256
13 34
13 84
13 86
13 110
13 125
13 126
13 188
13 217
13 223
13 243
14 99
14 106
14 233
14 266
15 28
15 169
15 181
15 244
16 153
16 163
16 309
16 310
17 36
17 44
17 53
17 62
17 111
17 120
17 124
17 174
18 35
18 67
18 118
18 128
18 145
18 186
18 226
18 271
18 309
19 122
19 140
19 226
19 227
19 243
20 52
20 147
20 151
20 221
20 225
20 234
20 244
20 257
21 110
21 134
21 204
21 233
21 264
22 28
22 73
22 102
22 160
22 192
22 236
22 273
22 291
23 121
23 126
23 219
23 232
23 309
24 121
24 122
24 127
24 261
25 77
25 121
25 133
26 67
26 160
26 235
27 89
27 217
27 259
27 309
28 69
28 112
28 123
28 124
28 127
28 129
28 210
28 234
28 267
28 291
28 292
29 104
29 229
31 116
31 123
31 127
31 129
31 134
31 294
32 90
32 99
32 129
32 152
32 233
32 241
32 266
32 309
33 54
34 126
34 127
34 128
34 129
34 156
34 160
34 226
34 234
34 261
35 73
35 75
35 121
35 122
35 124
35 126
35 128
35 169
35 172
35 187
35 195
35 240
35 241
35 247
35 261
35 267
35 314
36 101
36 107
36 112
36 125
36 167
36 204
36 226
36 258
36 264
36 300
37 121
37 159
37 193
38 106
38 120
38 186
38 227
38 279
39 90
39 108
39 121
39 122
39 245
39 257
39 288
40 79
40 80
40 86
40 117
40 125
40 126
40 128
40 167
40 180
40 229
40 255
40 283
40 299
40 310
41 121
41 188
41 286
42 47
42 54
42 102
42 148
42 262
42 304
43 49
43 83
43 201
44 74
44 76
44 121
44 261
45 80
45 185
46 252
46 255
47 126
48 67
48 75
48 169
48 283
49 59
49 77
49 107
49 246
50 204
51 60
51 121
51 122
51 127
51 142
51 165
51 200
51 263
51 266
51 272
51 286
52 67
52 98
52 124
52 126
52 137
52 149
52 182
52 220
52 225
52 232
52 238
52 310
53 89
53 94
53 127
53 292
53 309
54 71
54 72
54 77
54 95
54 243
55 106
55 127
55 174
55 219
55 226
55 313
56 61
56 90
56 99
56 157
56 223
56 309
57 122
57 195
57 249
57 279
58 122
58 143
58 257
59 126
59 177
59 187
59 197
59 201
59 204
59 264
59 273
59 285
60 121
60 186
61 99
61 121
61 122
61 123
61 226
61 234
62 79
62 103
62 115
62 210
62 299
63 179
64 166
64 221
65 121
65 168
65 222
66 84
66 126
66 134
66 228
66 233
66 235
66 240
66 264
67 70
67 99
67 134
67 186
67 204
67 263
67 272
68 105
68 115
69 204
69 222
69 309
70 167
70 200
70 220
70 233
70 313
72 120
72 128
72 265
72 273
72 285
72 306
73 121
73 127
73 137
73 164
73 192
73 226
73 235
73 253
73 285
74 81
74 202
74 234
74 237
75 90
75 99
75 183
75 188
75 195
75 198
75 216
75 229
75 233
75 266
75 302
75 304
76 77
76 83
76 99
76 110
76 128
76 138
76 160
76 162
76 174
76 185
76 201
76 207
76 257
76 273
77 91
77 99
77 117
77 121
77 125
77 126
77 147
77 163
77 170
77 176
77 180
77 185
77 224
77 232
77 236
77 258
77 266
77 267
77 279
78 100
78 147
78 183
79 200
79 309
80 91
80 125
80 180
80 204
80 275
81 125
81 225
81 285
81 298
82 125
82 221
82 279
83 99
83 140
83 187
83 237
83 299
84 124
84 127
84 165
84 199
84 286
84 309
85 93
85 106
85 127
85 128
85 180
85 267
85 275
86 137
86 211
86 241
87 182
87 233
88 140
88 202
88 235
89 106
89 121
89 126
89 159
89 164
89 218
89 261
89 279
90 95
90 122
90 146
90 162
90 163
90 168
90 195
90 204
90 207
90 215
91 126
91 188
91 309
92 121
92 168
92 191
92 312
93 160
93 168
93 188
93 288
94 286
95 139
95 152
95 251
95 277
97 128
97 247
98 124
98 158
98 235
98 301
99 125
99 143
99 147
99 158
99 192
99 195
99 206
99 210
99 220
99 235
99 261
99 265
99 274
99 277
100 121
100 122
100 124
100 168
100 182
100 219
100 226
100 232
100 234
100 261
100 266
101 159
101 183
102 111
102 188
102 206
102 222
102 233
102 257
102 279
103 155
103 174
103 233
103 239
103 305
103 313
104 188
104 235
104 265
105 111
105 120
105 123
105 124
105 125
105 164
105 212
105 234
105 253
105 266
106 121
106 127
106 241
106 306
107 233
108 122
108 162
109 127
109 222
109 231
109 292
110 121
110 134
110 171
110 201
110 204
110 218
110 257
110 288
111 163
111 168
111 187
111 197
111 223
111 263
111 297
112 124
112 147
112 160
112 228
112 247
112 271
112 276
113 125
113 126
113 127
113 160
113 171
113 182
113 279
114 142
114 204
114 217
114 219
115 127
115 138
115 202
115 227
115 236
116 168
117 155
117 200
117 237
117 244
117 260
119 190
119 209
119 233
120 247
121 122
121 123
121 129
121 133
121 141
121 145
121 179
121 201
121 204
121 219
121 226
121 232
121 273
121 274
121 276
121 279
121 293
121 297
122 123
122 137
122 151
122 160
122 162
122 168
122 169
122 173
122 174
122 177
122 183
122 201
122 204
122 217
122 218
122 226
122 228
122 232
122 233
122 238
122 298
123 137
123 161
123 173
123 174
123 194
123 195
123 204
123 219
123 226
123 230
123 232
123 233
123 258
123 279
123 286
123 311
123 313
124 125
124 126
124 129
124 134
124 144
124 152
124 168
124 188
124 194
124 203
124 217
124 253
124 262
124 264
124 289
124 305
125 126
125 129
125 134
125 135
125 141
125 144
125 151
125 157
125 158
125 160
125 180
125 208
125 219
125 225
125 226
125 227
125 244
125 270
125 282
125 285
125 288
125 308
126 127
126 129
126 131
126 134
126 138
126 144
126 158
126 160
126 162
126 165
126 174
126 181
126 200
126 212
126 217
126 222
126 232
126 234
126 235
126 246
126 255
126 305
127 128
127 152
127 167
127 188
127 192
127 204
127 206
127 218
127 224
127 232
127 234
127 235
127 241
127 259
127 266
127 269
127 308
127 313
128 129
128 131
128 166
128 191
128 192
128 200
128 232
128 234
128 249
128 268
128 299
128 304
129 189
129 194
129 214
129 241
129 264
129 266
129 304
130 164
130 168
130 299
131 155
131 185
132 148
132 273
133 168
133 235
133 252
133 266
134 135
134 160
134 172
134 173
134 174
134 183
134 187
134 196
134 201
134 246
134 247
134 261
134 285
134 291
134 292
135 226
136 160
136 232
137 158
137 163
137 178
137 197
137 233
139 243
139 263
140 219
140 266
140 310
141 182
142 315
143 215
143 252
143 275
144 237
144 282
144 283
147 232
147 237
148 194
148 204
149 166
149 247
151 220
151 246
151 248
152 160
152 170
153 253
154 158
154 309
155 195
155 233
155 253
155 259
155 304
156 183
156 209
157 166
157 168
157 218
157 314
158 165
158 203
159 292
160 190
160 195
160 235
161 170
161 215
161 235
161 253
162 192
162 292
163 201
163 234
163 255
163 292
163 312
165 168
166 189
166 196
166 233
166 245
166 313
167 279
168 189
168 196
168 197
168 206
168 216
168 225
168 226
168 234
168 259
168 288
169 216
170 234
170 312
171 183
171 232
172 189
172 280
172 298
172 309
173 258
174 288
175 228
175 235
175 274
176 272
177 309
178 235
178 237
178 278
180 195
180 226
180 235
180 243
180 261
181 209
181 216
182 225
182 237
182 271
183 202
183 265
183 279
183 286
184 200
184 223
184 236
184 262
184 268
185 219
185 220
186 206
186 208
186 220
187 207
187 260
187 279
188 197
188 235
188 267
188 276
189 236
189 251
189 254
191 233
192 307
193 265
193 271
195 204
195 259
196 212
197 221
197 274
198 199
198 231
199 291
200 247
200 261
200 267
200 304
200 309
202 236
202 241
203 262
203 271
203 312
204 221
204 264
204 269
204 305
204 307
205 253
206 223
206 238
206 262
208 309
209 293
209 304
210 235
212 253
212 259
212 280
214 229
214 231
214 232
214 301
215 252
216 235
216 247
216 309
217 226
217 238
217 312
218 234
218 315
219 226
219 234
219 246
219 266
219 283
220 292
221 235
222 304
223 246
225 237
226 232
226 235
226 247
226 259
226 277
226 285
226 286
228 273
229 235
229 294
230 243
231 276
231 291
232 234
232 241
232 246
232 247
232 269
232 272
232 299
233 267
233 278
234 238
234 288
235 239
235 274
235 283
236 238
236 303
236 309
237 266
238 312
240 263
241 273
241 283
241 285
245 286
246 259
246 261
246 268
246 279
246 292
248 310
252 297
253 272
253 275
253 280
256 264
257 266
257 269
257 309
258 273
261 280
264 265
264 268
264 308
266 280
269 293
271 279
271 309
272 309
273 292
279 290
279 314
283 295
283 314
288 303
291 313
