0 7
0 51
0 124
0 231
1 23
1 111
1 204
1 206
1 266
1 275
1 280
2 75
2 115
2 126
2 182
2 221
2 286
3 23
3 51
3 111
3 122
3 124
3 125
3 193
3 223
3 243
3 245
4 67
4 73
4 112
4 125
4 210
4 223
4 271
5 42
5 44
5 121
5 128
5 129
5 170
5 267
5 306
6 95
6 117
6 125
6 159
6 228
6 264
6 283
7 19
7 30
7 55
7 83
7 86
7 125
7 132
7 156
7 181
7 235
7 252
7 255
7 269
7 292
8 13
9 112
9 123
9 246
10 76
10 126
10 152
10 160
10 232
10 237
12 31
12 57
12 217
12 309
13 67
13 71
13 100
13 134
13 166
13 194
13 202
13 228
13 313
14 62
14 115
14 117
14 244
14 291
15 116
16 31
16 68
16 82
16 223
16 255
16 286
17 36
17 67
17 89
17 117
17 180
17 204
17 218
17 275
17 279
18 35
18 123
18 147
18 165
18 216
18 235
18 264
19 51
19 102
19 233
19 249
20 57
20 70
20 123
20 127
20 154
20 165
20 181
20 280
22 40
22 73
22 97
22 122
22 124
22 195
23 31
23 42
23 65
23 141
23 155
23 169
23 208
23 235
23 238
23 259
23 279
23 298
24 80
24 85
24 125
24 151
24 218
24 234
24 236
25 40
25 106
25 181
25 231
26 39
26 124
26 153
26 168
26 201
26 312
27 128
27 145
28 52
28 70
28 79
28 125
28 147
28 162
28 226
28 279
28 282
29 53
29 94
29 96
29 105
29 121
29 128
29 139
29 140
29 261
29 304
30 67
30 173
31 57
31 217
31 234
32 124
32 126
32 143
32 185
32 220
32 236
32 309
33 92
33 117
33 131
33 133
33 243
34 77
34 100
34 125
34 141
34 223
34 250
34 264
34 292
35 62
35 105
35 135
35 220
35 226
35 233
35 260
35 273
35 309
36 100
36 106
36 134
36 140
36 165
36 195
36 220
36 252
36 275
37 77
37 158
37 218
37 309
37 313
38 39
39 56
39 96
39 115
39 125
39 151
39 193
39 200
39 206
39 233
39 241
39 308
40 46
40 98
40 100
40 121
40 124
40 125
40 165
40 174
40 185
40 221
40 233
40 252
40 288
41 82
41 100
41 125
41 127
41 129
41 131
41 138
41 151
41 153
41 160
41 163
41 201
41 204
41 226
42 73
42 74
42 77
42 129
42 221
42 289
43 76
43 122
43 127
43 128
43 219
44 52
44 63
44 66
44 86
44 99
44 100
44 123
44 134
44 163
44 174
44 288
46 51
47 127
47 130
49 52
49 61
49 92
49 127
49 211
50 122
50 126
50 171
50 234
50 306
51 73
51 126
51 127
51 140
51 232
51 259
51 264
52 62
52 135
52 164
52 168
52 174
52 207
52 219
52 223
52 225
52 255
52 269
52 286
53 65
54 134
54 207
54 221
54 232
55 110
55 121
55 135
55 219
56 72
56 183
56 253
57 77
57 86
57 124
57 185
57 206
57 231
57 250
57 266
57 296
58 122
58 257
59 77
59 88
59 122
59 124
59 171
59 188
59 253
60 163
60 177
61 76
61 99
61 101
61 106
61 120
61 125
61 168
61 179
61 244
61 304
62 66
62 109
63 180
63 240
63 264
64 85
65 122
65 155
65 200
65 232
66 76
66 106
66 110
66 124
66 139
66 156
66 204
66 217
66 219
66 235
66 238
67 129
67 134
67 183
67 186
67 207
67 208
67 232
67 233
67 271
67 278
69 82
69 121
69 126
69 127
69 234
70 139
70 225
70 276
71 96
71 108
71 128
71 236
71 278
72 75
72 89
72 122
72 126
72 133
72 176
72 235
72 257
73 100
73 151
73 188
73 194
73 221
73 286
73 314
74 155
74 181
75 121
75 123
75 126
75 141
75 233
75 234
75 241
75 267
76 79
76 85
76 99
76 111
76 131
76 144
76 204
76 217
76 239
76 274
77 113
77 127
77 134
77 145
77 174
77 187
77 232
77 239
77 280
77 301
77 309
78 112
78 290
79 121
79 159
79 233
79 280
80 127
80 133
80 219
80 284
81 121
81 233
81 234
81 235
81 246
82 112
82 113
82 121
83 97
83 149
84 88
84 126
84 133
84 153
84 155
84 171
84 234
84 241
84 310
85 182
85 204
85 263
85 309
86 93
86 126
86 210
86 297
86 301
87 126
87 135
87 166
87 180
87 250
87 266
88 117
88 160
88 288
89 100
89 111
89 144
89 230
89 232
89 255
89 304
89 310
90 123
90 147
90 183
90 229
90 231
90 263
91 98
91 111
91 121
91 124
91 195
91 261
91 262
92 96
93 173
93 193
93 278
94 225
95 100
95 127
95 134
95 139
95 309
96 132
96 149
96 234
96 278
97 134
98 102
98 117
98 121
98 314
99 128
99 129
99 142
99 161
99 175
99 186
99 219
99 240
99 261
99 271
99 293
99 309
100 128
100 130
100 139
100 149
100 172
100 182
100 252
100 297
100 298
100 303
100 307
100 313
101 174
102 124
102 168
103 127
103 158
103 174
103 223
104 125
104 148
104 218
105 111
105 195
105 206
105 232
105 233
106 189
106 191
106 223
106 228
106 296
106 302
106 314
106 315
107 140
107 144
107 155
107 210
108 238
109 125
110 123
110 132
110 137
110 152
110 175
110 178
110 186
110 192
110 218
110 232
110 265
110 273
110 309
111 121
111 123
111 124
111 126
111 127
111 269
111 279
111 291
112 183
112 210
112 223
113 125
113 131
113 234
113 249
113 275
114 122
114 127
114 169
114 237
114 294
115 198
115 235
115 271
117 128
117 140
117 207
117 234
117 314
118 264
119 124
119 125
119 204
119 241
120 123
120 129
120 134
120 138
120 139
120 191
120 221
120 236
121 123
121 124
121 127
121 129
121 137
121 145
121 165
121 182
121 204
121 218
121 235
121 261
121 299
121 310
122 126
122 127
122 129
122 140
122 162
122 168
122 183
122 188
122 218
122 223
122 232
122 234
122 253
122 267
123 125
123 134
123 165
123 166
123 168
123 183
123 202
123 204
123 210
123 219
123 232
123 233
123 237
123 241
123 246
123 262
123 285
123 292
124 125
124 126
124 134
124 135
124 160
124 182
124 188
124 226
124 228
124 246
124 259
124 278
125 126
125 127
125 154
125 168
125 185
125 186
125 205
125 207
125 217
125 221
125 230
125 234
125 252
125 265
125 309
125 313
126 140
126 153
126 155
126 170
126 174
126 181
126 186
126 188
126 189
126 203
126 232
126 234
126 243
126 261
126 292
127 144
127 155
127 163
127 170
127 177
127 186
127 206
127 209
127 233
127 261
127 271
127 275
127 300
127 301
128 129
128 133
128 142
128 151
128 170
128 172
128 175
128 185
128 204
128 210
128 215
128 219
128 224
128 226
128 228
128 232
128 235
128 245
128 267
128 294
128 297
128 309
129 131
129 134
129 192
129 195
129 196
129 233
129 239
129 286
129 292
129 309
130 154
130 226
130 291
131 157
131 227
132 144
132 166
132 185
132 203
132 227
132 232
132 288
132 309
133 209
134 144
134 146
134 162
134 233
134 264
135 139
135 149
135 197
135 198
135 220
136 210
136 214
136 277
137 155
137 161
137 192
137 286
137 309
138 207
138 270
139 157
139 160
139 169
139 266
139 271
139 273
140 163
140 164
140 183
140 206
140 207
140 220
140 232
140 241
140 262
141 196
141 237
141 278
142 204
142 219
143 294
143 308
144 224
144 240
144 264
144 283
145 246
145 287
146 199
147 208
147 235
147 243
148 173
148 286
149 232
149 245
149 252
150 200
150 235
151 234
151 285
152 246
153 173
153 275
153 276
153 291
153 301
155 212
156 222
157 220
157 231
158 180
158 194
158 207
158 208
158 237
158 252
158 266
158 283
159 167
159 199
159 222
159 223
159 226
159 244
159 252
160 182
160 186
160 189
160 219
160 223
160 226
160 280
160 289
161 202
161 215
161 216
161 251
162 195
162 207
162 217
162 233
163 188
163 232
163 238
163 267
163 282
163 310
164 236
164 246
165 228
165 246
165 262
166 168
166 221
166 233
166 278
166 279
168 199
168 204
168 283
168 314
169 234
169 279
170 234
171 282
172 257
173 181
173 201
173 212
173 281
173 309
174 233
174 235
174 297
174 313
175 177
176 180
176 257
176 304
177 235
177 237
179 192
180 246
180 257
181 183
181 220
181 224
181 273
182 240
182 246
182 303
183 197
183 199
183 232
183 259
185 186
185 197
185 241
185 242
185 296
185 307
186 206
186 305
187 226
187 236
187 252
187 309
189 199
189 221
189 278
190 234
192 225
192 309
193 259
193 261
194 241
195 204
195 210
195 218
195 233
195 234
195 237
195 264
195 314
196 227
196 269
197 206
197 251
198 286
198 289
199 236
199 312
200 219
200 304
201 219
201 244
201 274
202 206
202 296
203 283
204 206
204 216
204 299
204 306
205 214
206 214
206 223
206 241
206 309
207 267
207 279
208 283
209 217
209 232
209 234
209 279
210 219
210 233
210 312
212 246
215 249
216 223
216 239
216 257
216 309
217 218
217 274
217 275
217 297
219 226
219 233
219 252
219 255
219 278
219 304
220 226
220 265
221 291
222 233
222 275
223 245
223 261
223 295
224 235
226 229
226 234
226 261
226 277
226 286
226 303
227 246
227 296
228 259
229 233
229 253
232 240
232 263
232 264
232 312
233 261
233 262
233 264
233 287
233 309
234 236
234 277
234 311
235 238
235 260
235 296
235 310
235 311
236 241
236 266
236 278
238 290
240 259
240 291
241 247
241 257
246 262
246 266
249 252
250 260
252 266
260 304
261 271
261 309
263 283
264 267
264 280
266 267
266 304
266 309
268 293
271 289
271 302
273 286
276 278
277 279
277 285
278 291
279 302
279 311
280 294
283 304
284 292
285 297
286 309
309 313
