0 61
0 173
0 201
0 221
1 60
1 93
1 166
2 35
2 125
2 127
2 147
2 160
2 165
2 176
2 195
2 204
2 223
2 235
3 7
3 90
3 100
3 126
3 142
3 266
4 5
4 55
4 76
4 77
4 81
4 95
4 122
4 129
4 155
4 160
4 247
4 292
5 7
5 24
5 29
5 35
5 38
5 42
5 46
5 52
5 54
5 85
5 87
5 97
5 125
5 134
5 142
5 148
5 182
5 192
5 219
5 221
5 226
5 235
5 307
5 309
6 25
6 68
6 81
6 95
6 128
6 173
6 174
6 193
6 204
6 212
6 219
6 225
6 233
6 265
6 273
6 297
7 9
7 10
7 55
7 89
7 90
7 121
7 123
7 159
7 185
7 187
7 233
7 236
7 237
7 313
8 62
8 240
9 240
9 241
10 23
10 39
10 89
10 91
10 100
10 122
10 134
10 281
11 37
11 52
11 144
12 42
12 50
12 54
12 107
12 130
12 158
12 185
12 219
12 226
12 241
12 267
13 76
13 124
13 202
13 206
13 240
13 268
14 124
14 216
14 237
15 47
15 204
15 268
15 280
16 59
16 233
16 268
16 308
16 313
17 43
17 51
17 54
17 128
17 132
17 141
17 233
17 248
18 24
18 36
18 92
18 122
18 125
19 78
19 92
19 123
19 234
19 235
20 37
20 40
20 76
20 123
20 156
20 165
20 201
21 208
22 49
22 66
22 90
22 122
22 213
23 34
23 77
23 110
23 131
23 219
23 223
23 233
23 275
24 111
24 131
24 204
24 234
24 243
25 121
25 223
25 292
25 304
26 134
26 234
26 267
27 39
27 121
27 128
27 268
28 60
28 67
28 188
28 254
29 43
29 52
29 132
29 147
29 149
29 168
29 232
29 262
29 279
29 290
30 121
30 146
30 267
30 287
31 95
31 128
31 288
32 40
32 52
32 85
32 91
32 98
32 121
32 124
32 274
32 286
33 110
33 124
33 181
33 235
34 105
34 110
34 119
34 126
34 171
34 231
35 39
35 75
35 124
35 131
35 141
35 144
35 174
35 176
35 253
35 264
35 267
36 41
36 99
36 101
36 106
36 132
36 160
36 204
36 220
36 265
36 275
36 279
36 285
37 219
38 51
38 192
38 246
39 40
39 49
39 50
39 63
39 126
39 128
39 134
39 135
39 201
39 255
39 272
40 85
40 98
40 99
40 125
40 127
40 160
40 209
40 235
40 252
40 267
40 279
40 309
41 54
41 59
41 121
41 139
41 159
42 76
42 111
42 175
42 204
42 226
43 234
43 237
43 250
43 282
44 186
45 130
45 166
46 111
46 123
46 130
46 151
46 206
46 254
46 299
47 99
47 169
47 285
48 50
48 164
48 202
48 213
49 80
49 119
49 124
49 128
49 185
50 140
51 100
51 102
51 210
51 226
51 232
51 237
51 238
51 250
51 304
52 76
52 121
52 134
52 183
52 194
52 246
52 266
52 304
53 204
53 214
54 56
54 74
54 76
54 100
54 107
54 126
54 238
54 259
54 309
55 106
55 123
55 127
55 135
55 232
56 132
56 170
56 177
57 91
57 127
57 131
57 168
57 180
57 227
57 302
58 127
58 241
58 266
59 60
59 67
59 79
59 84
59 89
59 130
59 176
59 182
59 196
59 200
59 216
59 234
60 180
60 193
60 302
61 75
61 106
61 221
62 122
62 173
62 193
62 198
62 265
63 226
63 241
64 171
65 122
66 112
66 123
66 124
66 150
66 235
66 251
66 305
67 86
67 125
67 129
67 150
67 226
67 237
67 304
68 264
69 109
69 158
69 160
70 72
70 121
70 124
70 232
71 152
71 189
72 124
72 128
72 168
72 180
72 257
72 309
73 74
73 76
73 105
73 119
73 134
73 162
73 222
73 232
73 243
73 266
73 275
73 279
74 75
74 90
74 130
74 153
74 234
74 237
74 252
74 309
75 93
75 120
75 121
75 129
75 131
75 178
75 226
75 286
76 158
76 167
76 191
76 192
76 199
76 246
76 255
76 264
76 274
76 292
76 309
77 100
77 128
77 140
77 156
77 180
77 185
77 196
77 206
77 210
77 226
77 232
77 234
77 271
77 280
78 84
80 121
80 147
80 162
80 164
80 168
80 239
81 90
81 178
81 200
81 204
82 84
82 189
83 127
83 183
83 233
83 252
83 285
83 298
83 311
84 127
84 217
85 107
85 124
85 142
85 143
85 147
85 160
86 108
86 117
86 122
86 124
86 147
86 160
86 241
86 247
86 265
87 93
88 174
88 304
88 309
89 111
89 132
89 141
89 182
89 266
90 101
90 106
90 151
90 157
90 162
90 188
90 202
90 204
90 209
90 271
90 312
91 133
92 166
92 236
93 167
93 250
93 286
94 129
95 183
95 188
95 220
95 231
95 261
96 200
97 160
97 223
97 266
98 100
98 104
98 125
98 228
98 267
98 278
98 300
99 107
99 126
99 133
99 144
99 219
99 241
99 267
100 106
100 128
100 201
100 204
100 240
100 279
100 311
101 181
102 235
103 210
103 242
103 266
104 112
104 135
104 141
104 224
104 268
104 286
105 110
105 130
105 155
105 204
105 236
105 245
106 128
106 134
106 195
106 211
106 255
107 124
107 304
108 110
108 127
108 134
108 251
110 159
110 168
110 189
110 215
110 257
110 268
110 309
111 122
111 127
111 180
111 219
112 126
112 129
112 185
112 226
112 240
112 246
112 304
113 267
115 122
116 129
116 153
116 172
116 189
116 218
117 125
117 160
117 204
117 234
117 274
118 276
119 124
119 128
119 145
120 122
120 125
120 128
120 148
120 189
120 234
120 237
120 299
121 122
121 129
121 133
121 137
121 146
121 155
121 182
121 185
121 217
121 219
121 224
121 226
121 234
121 236
121 271
121 274
121 276
121 278
121 279
121 311
122 124
122 125
122 127
122 137
122 151
122 168
122 185
122 192
122 198
122 200
122 218
122 233
122 245
122 250
122 268
122 278
122 279
122 285
122 288
123 126
123 140
123 163
123 200
123 207
123 216
123 217
123 232
123 233
123 237
123 245
123 247
123 253
123 268
124 126
124 128
124 135
124 158
124 180
124 199
124 223
124 224
124 226
124 232
124 234
124 240
124 243
124 250
124 263
124 266
124 267
124 286
124 292
124 309
125 126
125 135
125 162
125 183
125 190
125 195
125 203
125 206
125 213
125 216
125 219
125 232
125 234
125 238
125 239
125 252
125 254
125 255
125 261
125 267
125 279
125 286
126 127
126 129
126 158
126 232
126 257
126 264
126 277
126 279
126 283
127 139
127 143
127 155
127 161
127 177
127 187
127 220
127 226
127 228
127 232
127 233
127 235
127 267
127 275
127 309
128 129
128 150
128 165
128 183
128 204
128 205
128 209
128 212
128 215
128 226
128 249
128 264
128 295
129 145
129 161
129 166
129 168
129 203
129 214
129 217
129 233
129 235
129 247
129 259
129 263
129 273
129 279
129 282
129 285
129 286
129 304
129 309
130 133
130 156
130 200
130 235
130 253
131 139
131 188
131 203
131 304
132 140
132 147
132 220
132 266
133 267
134 158
134 168
134 180
134 204
134 226
134 233
134 249
134 269
134 310
135 160
135 187
135 195
135 226
135 313
136 166
137 173
137 220
139 189
139 200
139 208
139 226
139 233
139 261
139 279
140 147
140 153
140 171
140 217
140 224
140 225
140 232
141 219
141 238
141 247
142 202
143 219
144 229
144 264
145 263
147 163
147 180
147 215
147 223
149 265
150 155
150 221
151 241
151 309
152 155
153 158
154 280
154 290
155 207
155 220
155 221
156 279
156 306
157 220
158 163
158 218
158 220
158 233
159 168
159 183
159 233
159 304
160 165
160 180
160 247
160 252
160 313
161 195
161 207
161 265
162 180
162 246
162 266
163 195
163 212
163 280
164 247
165 173
165 241
165 296
165 309
165 312
166 179
166 217
166 262
166 280
166 281
168 191
168 195
168 197
168 233
168 234
168 286
168 315
169 204
169 223
169 275
169 279
170 217
170 226
170 311
171 220
172 226
172 288
173 222
173 226
174 178
178 181
179 180
179 289
180 195
180 219
180 228
180 232
180 257
181 195
182 234
182 257
183 217
183 298
184 280
185 271
185 278
186 234
187 197
187 220
187 236
187 290
188 200
188 232
188 233
189 223
189 232
189 233
189 236
189 280
189 303
192 226
192 228
192 233
192 241
192 309
193 309
194 195
195 219
195 255
195 266
195 293
196 235
199 226
199 253
199 309
199 315
200 260
200 309
201 221
201 232
201 233
201 274
202 233
202 262
203 232
204 304
205 276
206 219
206 220
206 273
206 314
207 238
209 222
209 235
209 247
209 279
210 298
211 222
212 235
213 229
213 249
213 298
214 232
215 265
216 222
216 236
216 304
218 221
218 222
219 220
219 308
220 276
220 298
221 271
222 234
222 243
223 267
224 313
225 271
226 236
226 250
226 268
226 291
227 263
227 274
228 232
228 235
231 309
232 235
232 237
232 241
232 286
232 290
232 309
233 235
233 237
233 248
233 252
233 258
233 271
233 297
233 308
234 247
234 253
234 264
234 278
234 289
234 300
234 308
235 247
235 279
235 288
235 310
236 246
237 268
237 287
239 286
239 292
240 310
244 308
246 252
253 278
254 299
259 269
259 276
263 275
264 288
264 309
266 278
266 295
267 283
267 296
268 280
272 296
279 304
283 307
288 292
303 311
304 313
