1 38
1 163
2 129
2 135
2 154
2 232
2 253
2 266
2 280
3 37
3 48
3 90
3 144
3 204
4 34
4 52
4 84
4 132
4 178
4 221
4 241
4 251
4 262
4 266
4 285
4 309
5 9
5 13
5 59
5 75
5 80
5 84
5 110
5 121
5 127
5 155
5 215
5 233
5 247
5 296
6 7
6 99
6 151
6 165
6 198
6 233
6 241
7 36
7 40
7 58
7 63
7 75
7 90
7 99
7 101
7 110
7 141
7 217
7 239
8 127
9 22
9 32
9 63
9 148
9 223
9 278
10 36
10 108
10 123
10 127
10 128
10 168
10 193
10 201
11 59
11 92
11 232
11 267
12 20
12 107
12 219
12 228
12 261
12 286
12 314
13 23
13 29
13 54
13 62
13 100
13 121
13 122
13 160
13 169
13 220
13 226
13 235
13 269
13 304
14 75
14 151
15 22
15 76
15 134
15 232
16 109
16 118
16 210
17 30
17 87
17 122
17 123
17 137
17 175
17 206
17 226
17 251
17 274
17 309
18 84
18 90
18 95
18 126
18 151
18 232
18 249
18 309
19 77
19 82
19 111
19 187
20 25
20 33
20 73
20 90
20 99
20 193
20 245
20 268
21 62
21 204
21 226
21 231
22 72
22 128
22 139
22 143
22 174
22 217
22 222
23 117
23 128
23 148
23 209
23 235
23 245
23 252
24 69
24 128
24 129
24 206
24 313
25 77
25 191
25 305
26 65
26 135
26 139
26 204
27 49
27 128
27 141
28 80
28 83
28 108
28 264
28 288
29 76
29 123
29 197
29 226
29 268
29 273
30 226
31 53
31 139
31 143
31 162
31 224
32 106
32 111
32 232
32 241
32 243
33 55
33 76
33 86
33 121
33 135
33 168
33 173
34 80
34 90
34 99
34 179
34 204
34 205
34 224
35 75
35 89
35 99
35 123
35 140
35 163
35 202
35 243
35 270
35 299
36 40
36 82
36 121
36 125
36 182
36 200
36 204
36 219
36 221
36 232
36 234
36 241
36 310
37 41
37 85
37 95
37 219
37 234
37 296
38 122
38 129
38 233
38 252
38 266
39 59
39 85
39 123
39 124
39 127
39 176
39 197
39 218
39 226
39 233
39 234
39 247
39 314
40 42
40 66
40 105
40 111
40 122
40 126
40 159
40 169
40 201
40 209
40 279
41 153
41 182
41 252
42 53
42 94
42 126
42 128
42 153
42 169
42 189
42 222
42 223
42 236
42 238
42 279
42 299
43 72
43 117
43 193
44 61
44 76
44 151
44 162
44 210
44 223
44 314
45 122
45 134
45 201
45 214
46 162
47 121
47 145
47 237
47 273
48 81
49 85
49 127
49 173
49 253
49 275
50 155
51 56
51 74
51 77
51 89
51 101
51 106
51 121
51 131
51 185
52 76
52 125
52 126
52 129
52 147
52 186
52 200
52 201
52 212
52 226
52 260
52 262
52 277
52 279
53 122
53 156
53 162
53 176
53 226
53 266
54 74
54 124
54 159
54 165
54 168
54 193
55 74
55 153
55 195
55 275
55 288
56 59
56 81
56 202
56 216
56 279
57 65
57 85
57 155
57 182
58 73
58 200
58 201
59 68
59 100
59 135
59 140
59 163
59 203
59 235
59 261
59 297
60 77
60 90
60 246
61 130
61 179
61 206
62 125
62 158
62 219
62 231
64 92
64 274
65 77
65 84
65 127
65 152
65 207
65 234
65 241
65 308
66 121
66 126
66 163
66 201
66 223
66 236
66 239
67 110
67 206
67 234
68 124
68 133
68 155
68 163
68 173
68 235
68 238
69 102
70 82
70 95
70 100
70 163
70 181
70 219
70 233
70 235
70 293
71 74
71 127
71 174
71 260
71 271
71 275
71 286
72 100
72 149
73 99
73 197
73 209
73 217
73 226
73 230
73 233
74 111
74 124
74 226
75 77
75 93
75 204
75 315
76 121
76 123
76 126
76 128
76 129
76 134
76 139
76 146
76 174
76 180
76 204
76 209
76 279
76 299
77 84
77 98
77 108
77 203
77 274
78 100
78 124
79 125
79 200
80 90
80 114
80 117
80 123
80 126
80 130
81 122
81 129
81 219
82 128
82 134
82 253
82 304
83 152
83 200
83 238
84 159
84 166
84 167
84 209
85 96
85 121
85 122
85 198
85 201
85 238
85 243
85 255
86 115
86 142
86 168
86 241
87 90
87 97
87 217
88 225
88 261
89 111
89 122
89 126
89 174
89 223
89 235
90 121
90 124
90 131
90 193
90 200
90 206
90 236
90 258
90 309
90 312
91 109
91 110
91 151
91 254
92 129
92 212
93 117
93 217
93 227
93 230
93 241
93 243
93 304
94 123
95 121
95 125
95 204
95 215
95 233
96 169
96 183
96 206
96 232
96 241
97 124
97 129
97 169
97 204
97 219
97 277
98 173
98 174
98 224
98 264
99 105
99 117
99 125
99 134
99 139
99 154
99 157
99 160
99 163
99 166
99 185
99 219
99 245
99 302
100 116
100 120
100 121
100 129
100 130
100 140
100 143
100 155
100 169
100 180
100 210
100 223
100 259
100 275
100 278
100 286
100 297
100 309
100 313
101 235
102 125
102 134
102 155
102 159
102 266
102 312
103 111
103 292
104 128
104 204
104 221
104 236
104 238
104 261
105 125
105 197
105 216
105 235
105 257
106 108
106 109
106 121
106 122
106 125
106 151
106 207
106 216
106 233
106 271
107 129
107 217
107 299
108 112
108 121
108 123
108 126
108 152
108 199
108 233
108 259
109 119
109 234
110 111
110 112
110 167
110 219
110 225
110 250
111 124
111 128
111 129
111 189
111 231
111 309
112 121
112 210
112 216
112 283
113 125
114 124
114 234
115 120
115 168
115 180
115 183
115 257
116 186
117 128
117 143
117 166
117 169
117 232
117 253
117 309
118 267
119 149
119 163
120 212
121 124
121 125
121 128
121 135
121 152
121 174
121 178
121 187
121 192
121 198
121 226
121 233
121 234
121 279
121 280
121 304
122 123
122 132
122 135
122 141
122 144
122 148
122 158
122 162
122 191
122 192
122 197
122 223
122 246
122 254
122 255
122 278
122 280
122 306
123 133
123 137
123 143
123 144
123 153
123 158
123 181
123 185
123 218
123 222
123 232
123 233
123 247
123 267
123 275
123 298
123 302
123 312
124 134
124 156
124 169
124 173
124 217
124 220
124 226
124 227
124 234
124 235
124 277
124 279
125 128
125 140
125 151
125 155
125 160
125 165
125 168
125 199
125 217
125 223
125 231
125 232
125 235
125 240
125 252
125 264
125 266
125 272
125 274
125 304
125 307
126 165
126 166
126 181
126 193
126 198
126 204
126 207
126 219
126 231
126 232
126 266
126 267
126 283
126 290
126 302
126 304
127 168
127 179
127 223
127 249
127 276
127 288
128 134
128 138
128 144
128 147
128 153
128 156
128 161
128 174
128 182
128 195
128 200
128 219
128 238
128 259
128 288
128 291
129 145
129 161
129 162
129 184
129 221
129 228
129 238
129 247
129 267
129 268
129 275
129 311
129 313
130 172
130 226
131 181
131 219
132 149
132 255
133 182
134 143
134 158
134 174
134 197
134 224
134 238
134 264
134 280
134 305
135 174
135 197
135 201
135 210
135 224
135 286
135 290
137 149
137 193
137 259
138 201
138 204
138 241
139 241
139 253
139 257
139 264
140 152
140 158
140 183
140 207
140 225
140 238
141 212
141 223
141 235
141 266
141 309
142 202
143 155
143 168
143 185
143 239
144 163
144 179
144 203
144 218
144 263
144 304
145 203
145 277
146 264
147 160
147 165
148 151
148 191
149 196
149 197
149 235
149 280
151 235
151 250
151 272
152 267
153 173
153 283
154 219
154 280
154 305
155 208
155 232
155 234
155 298
158 185
158 199
158 200
158 234
160 168
160 176
160 232
160 253
160 280
160 292
160 309
161 234
162 200
162 207
162 271
163 235
164 235
165 219
165 221
165 234
166 232
166 276
166 278
167 212
168 225
168 233
168 241
168 253
169 212
170 288
171 192
172 235
173 219
173 249
174 219
174 233
174 255
174 288
174 312
175 266
176 288
177 232
178 210
179 235
179 304
179 312
180 206
180 231
180 252
180 293
180 304
181 185
181 232
181 235
181 246
182 245
183 196
183 226
185 218
185 220
185 247
186 200
186 221
186 267
187 216
187 246
187 259
187 288
187 302
189 235
191 219
192 216
192 250
192 273
192 286
193 195
193 274
195 218
195 223
195 226
195 232
195 235
195 241
195 254
196 233
197 204
197 210
197 259
197 299
198 280
199 233
199 283
199 288
199 291
199 292
200 232
200 286
200 314
201 202
201 279
202 235
202 241
202 293
202 314
203 233
203 246
204 210
204 211
204 231
204 232
204 234
204 288
204 290
206 226
206 234
206 239
206 247
206 264
207 274
208 223
209 212
209 253
210 257
210 267
211 308
212 265
212 278
214 259
215 216
216 223
216 267
217 298
218 226
218 276
218 314
219 278
219 304
220 233
220 282
221 232
221 235
221 314
222 235
223 235
223 255
223 265
223 273
223 313
224 229
224 233
226 227
226 259
226 304
227 233
228 266
230 284
231 274
231 306
231 309
232 235
232 250
232 255
232 286
232 302
233 235
233 238
233 241
233 247
233 249
233 257
234 239
234 264
234 274
234 301
235 237
235 286
235 299
236 240
236 247
236 296
236 307
237 268
238 264
238 281
238 297
241 259
245 294
246 265
248 258
249 284
249 315
252 268
253 263
257 309
264 278
266 299
266 300
269 296
272 297
288 309
293 297
