0 37
0 81
0 129
1 40
1 128
2 23
2 47
2 65
2 103
2 147
2 181
2 245
3 129
3 203
3 264
3 267
3 304
4 29
4 39
4 47
4 96
4 99
4 180
4 209
4 267
4 272
4 279
4 303
5 7
5 53
5 54
5 71
5 100
5 102
5 125
5 126
5 134
5 138
5 139
5 219
5 226
5 233
5 271
5 279
5 312
6 16
6 28
6 96
6 114
6 122
6 123
6 134
6 159
6 206
6 279
6 311
7 11
7 25
7 59
7 90
7 112
7 122
7 134
7 219
7 223
7 233
7 304
8 165
8 189
8 219
8 304
9 111
9 192
10 38
10 100
10 103
10 127
10 266
11 121
11 125
11 304
12 30
12 59
12 104
12 129
12 170
12 195
13 34
13 49
13 81
13 124
13 131
13 173
13 196
13 219
13 226
13 309
14 123
14 158
14 241
14 286
15 137
15 192
15 213
15 265
16 74
16 105
16 115
16 124
16 157
17 35
17 61
17 76
17 79
17 134
17 161
17 189
17 212
17 225
17 280
18 129
18 205
18 279
19 78
19 181
19 195
19 204
19 282
20 59
20 75
20 102
20 112
20 125
20 188
20 253
21 99
21 128
22 69
22 110
22 121
22 131
22 134
22 145
22 283
22 304
22 310
23 29
23 40
23 41
23 67
23 85
23 99
23 123
23 173
23 261
23 285
24 45
24 52
24 121
24 135
24 214
24 235
24 255
24 314
25 112
25 121
25 193
25 221
25 234
26 36
26 37
26 55
26 226
26 227
26 233
26 283
27 122
27 183
28 42
28 87
28 169
28 219
29 77
29 117
29 123
29 145
29 204
29 234
29 308
30 107
30 115
30 125
30 127
30 129
31 47
31 127
32 42
32 233
32 234
32 288
33 87
33 151
33 234
33 253
34 77
34 104
34 134
34 195
34 209
35 60
35 95
35 111
35 117
35 140
35 200
35 216
35 266
35 293
35 304
35 309
36 41
36 56
36 81
36 99
36 124
36 131
36 153
36 154
36 157
36 162
36 163
36 209
36 235
36 266
36 304
37 56
37 87
37 204
38 93
38 237
38 261
39 40
39 85
39 90
39 103
39 123
39 126
39 142
39 200
39 202
39 266
40 85
40 100
40 109
40 132
40 143
40 198
40 204
40 225
40 233
40 276
40 309
41 66
41 76
41 100
41 126
41 178
41 205
41 218
41 219
41 232
42 83
42 98
42 119
42 126
42 129
42 201
42 235
42 238
43 86
43 90
43 122
43 141
43 209
43 304
44 117
44 302
45 100
45 307
46 85
46 99
46 122
46 158
47 223
47 267
48 285
49 51
49 78
49 98
49 158
49 174
49 194
49 204
49 236
49 279
50 61
50 234
51 56
51 114
51 122
51 129
51 234
52 112
52 117
52 121
52 125
52 131
52 137
52 138
52 216
52 226
52 234
52 236
53 100
53 304
54 77
54 107
54 121
54 163
54 269
54 309
55 129
55 151
55 160
56 88
56 98
56 280
56 285
57 79
57 121
57 163
57 206
57 232
57 264
58 74
58 124
58 182
58 222
58 307
59 62
59 72
59 84
59 113
59 123
59 127
59 223
59 272
60 100
60 122
60 232
61 290
62 77
62 99
62 128
62 234
62 246
62 311
63 98
63 235
64 77
64 233
64 235
65 185
65 299
65 304
66 86
66 122
66 124
66 176
66 220
66 309
67 125
67 194
67 209
67 212
67 223
67 266
67 304
68 112
68 200
68 209
69 89
69 226
69 237
70 76
70 121
70 127
70 206
71 284
72 73
72 125
72 169
72 223
72 232
73 85
73 95
73 169
73 201
73 204
73 234
73 260
73 286
74 90
74 124
74 162
74 277
75 100
75 123
75 126
75 160
75 195
75 199
75 245
75 246
75 250
76 100
76 117
76 120
76 122
76 124
76 125
76 196
76 197
76 223
77 90
77 93
77 105
77 110
77 126
77 127
77 151
77 161
77 166
77 182
77 199
77 204
77 206
77 222
77 260
78 92
78 142
78 204
78 218
79 106
79 134
79 197
80 95
80 117
80 124
80 125
80 142
80 159
80 191
80 206
80 234
80 257
81 186
81 202
82 139
83 106
83 118
83 197
84 117
84 128
84 141
84 160
84 214
84 217
84 230
84 309
85 99
85 128
85 135
85 155
85 199
85 207
85 209
85 241
85 269
85 314
86 117
86 121
86 125
87 122
87 128
87 174
87 219
88 204
88 288
88 292
89 110
89 180
89 213
89 276
90 99
90 103
90 112
90 121
90 154
90 175
90 182
90 183
90 188
90 233
90 252
90 297
90 299
90 304
91 92
91 234
91 235
92 135
92 213
92 233
93 122
93 235
93 314
94 140
94 192
95 99
95 108
95 115
95 126
95 134
95 140
95 143
96 233
97 125
98 122
98 238
98 276
99 105
99 123
99 140
99 143
99 151
99 168
99 175
99 206
99 217
99 226
99 233
99 265
99 271
100 156
100 226
100 235
100 238
100 297
100 302
100 307
101 200
102 124
102 129
102 298
102 304
103 106
103 216
103 234
103 244
103 304
104 168
104 174
104 208
105 110
105 117
105 213
105 218
105 246
105 284
106 113
106 265
107 111
108 128
108 136
108 147
108 149
108 201
108 207
108 217
108 232
108 241
108 264
110 121
110 189
110 204
111 127
111 158
111 160
111 223
112 127
112 218
112 236
112 267
112 285
113 123
113 282
114 292
115 149
115 187
115 234
115 261
116 155
116 169
116 173
117 124
117 128
117 179
117 214
117 216
117 264
117 273
117 296
117 298
118 121
118 154
118 177
119 124
119 143
119 279
120 219
120 220
120 239
120 255
120 290
121 124
121 125
121 126
121 134
121 160
121 165
121 183
121 197
121 204
121 214
121 221
121 222
121 230
121 234
121 239
121 257
121 276
122 123
122 126
122 127
122 134
122 143
122 151
122 161
122 168
122 174
122 182
122 193
122 198
122 201
122 205
122 206
122 226
122 228
122 233
122 234
122 238
122 246
122 265
122 288
122 311
123 134
123 143
123 145
123 151
123 158
123 160
123 161
123 163
123 168
123 189
123 191
123 192
123 202
123 205
123 232
123 233
123 243
123 249
123 258
123 280
123 288
123 314
124 126
124 139
124 154
124 158
124 160
124 163
124 166
124 168
124 174
124 190
124 191
124 197
124 207
124 208
124 226
124 238
124 243
124 245
124 249
124 265
124 266
124 269
124 275
124 281
124 294
124 308
124 309
124 313
125 127
125 134
125 135
125 160
125 166
125 180
125 202
125 209
125 223
125 227
125 231
125 257
125 283
125 306
126 154
126 159
126 164
126 175
126 182
126 187
126 190
126 192
126 201
126 216
126 233
126 247
126 266
126 288
126 294
127 144
127 148
127 151
127 158
127 185
127 197
127 207
127 208
127 234
127 235
127 240
127 244
127 259
127 266
127 315
128 139
128 146
128 151
128 184
128 202
128 206
128 219
128 221
128 259
128 271
128 304
128 309
129 131
129 133
129 163
129 181
129 192
129 197
129 200
129 212
129 219
129 223
129 253
129 268
129 302
129 312
130 233
131 158
131 175
131 287
132 134
132 143
132 156
132 205
133 189
134 145
134 163
134 173
134 176
134 181
134 182
134 183
134 204
134 223
134 236
134 239
134 240
134 258
134 262
134 264
134 265
134 291
134 293
134 309
135 141
135 175
135 232
135 233
135 234
136 263
136 277
137 200
137 304
138 222
138 238
139 169
139 171
139 174
139 180
139 204
139 207
140 223
140 234
140 245
140 301
141 179
141 189
141 220
141 260
141 285
142 299
143 217
143 271
143 291
144 231
144 233
144 235
144 280
145 293
147 160
147 184
147 196
149 165
149 241
150 233
151 160
151 237
151 259
151 266
152 202
152 309
153 195
153 233
153 293
154 197
154 249
155 189
156 253
156 282
157 238
157 262
157 291
158 201
158 227
158 244
158 252
159 250
160 256
160 266
160 283
161 193
161 241
162 201
162 226
162 239
162 279
162 285
163 261
163 278
164 236
164 266
165 167
165 181
165 187
165 240
165 267
165 275
166 195
166 198
166 271
166 273
166 274
166 296
166 306
166 309
167 226
167 285
168 241
168 251
170 173
173 205
173 212
173 237
174 195
174 199
174 252
174 280
175 196
176 297
177 234
178 234
178 283
179 229
180 219
180 235
180 238
180 241
181 217
181 304
182 238
183 216
183 305
185 195
185 234
185 241
186 199
186 263
186 314
187 267
188 309
188 314
190 218
191 257
192 212
192 231
192 261
192 290
192 294
193 235
195 243
195 280
195 313
196 238
197 207
197 261
198 266
199 278
200 204
200 214
200 226
200 243
200 262
200 266
200 268
200 292
201 229
201 241
201 298
202 221
202 234
202 267
203 234
204 209
204 220
204 226
204 232
204 246
204 259
204 266
204 283
204 305
204 306
205 309
206 207
206 280
207 211
207 267
208 235
208 301
209 223
209 288
210 223
212 267
214 282
214 292
215 226
215 235
215 275
215 309
216 233
216 274
217 257
217 276
218 274
220 246
220 280
221 258
221 259
222 235
223 279
223 290
223 304
225 247
226 230
226 234
226 235
226 246
226 257
226 264
226 265
226 291
227 298
228 276
230 309
231 275
232 238
232 256
232 259
232 304
232 309
233 234
233 256
233 268
233 273
233 291
233 296
233 309
234 235
234 246
234 260
234 261
234 277
234 304
235 262
236 250
236 302
238 282
239 283
239 310
241 267
241 270
244 309
245 305
246 281
246 310
247 266
247 273
247 279
258 309
261 309
262 278
263 279
267 309
268 279
273 299
273 304
274 280
275 292
292 296
301 315
