0 255
0 266
1 75
1 119
1 128
1 139
1 271
2 14
2 42
2 78
2 115
2 220
2 233
2 259
2 298
2 303
3 77
3 96
3 99
3 122
3 144
3 176
4 40
4 52
4 76
4 99
4 100
4 128
4 176
4 187
4 206
4 210
4 219
4 220
4 252
4 288
5 6
5 7
5 23
5 87
5 122
5 125
5 126
5 160
5 185
5 192
5 202
5 208
5 239
5 276
5 283
6 35
6 59
6 88
6 123
6 167
6 168
6 180
6 232
6 297
7 28
7 35
7 37
7 51
7 54
7 67
7 90
7 128
7 141
7 181
7 183
7 192
7 195
7 235
7 314
8 14
8 124
8 132
8 260
8 266
8 285
9 98
9 133
9 232
9 236
9 303
10 99
10 106
10 140
10 151
10 168
10 186
10 233
10 279
10 283
10 288
11 204
12 39
12 117
12 122
12 124
12 183
12 277
12 298
13 14
13 55
13 143
13 183
13 200
13 266
13 286
14 99
14 112
15 30
15 37
15 309
16 66
16 84
16 117
16 180
16 214
16 215
16 233
16 294
17 22
17 29
17 39
17 87
17 101
17 123
17 131
17 134
17 314
18 55
18 107
18 198
18 211
18 295
19 127
19 173
19 234
19 285
20 84
20 90
20 95
20 103
20 106
20 110
20 123
20 184
20 197
20 217
20 266
20 271
20 309
21 41
21 68
21 116
21 140
21 208
21 280
22 35
22 100
22 128
22 169
22 192
22 230
22 266
23 124
23 126
23 133
23 169
23 188
23 212
23 218
23 267
23 304
24 125
24 126
24 127
24 129
24 158
24 236
25 183
25 189
25 288
26 117
26 127
26 192
26 235
26 262
27 125
27 180
27 188
27 235
28 60
28 151
28 154
28 213
28 217
28 234
29 157
29 172
30 75
30 79
30 308
31 35
31 82
32 279
32 296
33 101
33 127
33 288
34 60
34 79
34 120
34 246
34 257
34 279
35 36
35 37
35 52
35 58
35 124
35 126
35 166
35 204
35 249
35 260
35 265
35 285
35 298
36 47
36 58
36 73
36 102
36 119
36 127
36 169
36 203
36 204
36 223
36 313
37 96
37 112
37 118
37 180
37 292
38 52
39 40
39 60
39 121
39 131
40 66
40 91
40 101
40 124
40 125
40 131
40 138
40 173
40 186
40 226
40 232
40 235
40 304
41 54
41 75
41 89
41 90
41 99
41 180
41 187
41 191
41 219
41 259
41 293
42 56
42 110
42 126
42 160
42 185
42 232
42 309
43 101
43 123
43 128
43 199
44 107
44 143
44 171
44 210
44 241
45 232
47 79
47 158
47 258
47 304
48 153
48 164
49 108
49 207
49 283
50 127
50 236
51 90
51 100
51 117
51 180
51 261
52 106
52 107
52 112
52 121
52 124
52 129
52 230
52 240
52 263
52 278
52 305
53 126
54 74
54 123
54 234
54 304
54 312
55 88
55 105
55 123
55 131
55 236
56 122
56 129
56 137
56 221
56 249
56 252
56 257
57 99
57 121
57 174
57 279
58 77
58 112
59 82
59 124
59 137
59 178
59 180
59 252
59 266
60 80
60 121
60 283
61 90
61 99
61 120
61 160
61 234
62 76
62 85
62 92
62 166
62 222
62 226
64 174
64 209
65 176
66 90
66 173
66 227
66 228
67 107
67 108
67 137
67 179
67 234
67 237
68 72
68 134
68 207
69 75
69 161
69 179
69 292
69 304
69 309
70 107
70 112
70 237
70 240
70 265
71 166
72 75
72 132
72 167
72 220
72 237
72 252
73 84
73 86
73 114
73 124
73 126
73 129
73 156
73 204
73 218
73 224
73 234
73 238
73 309
74 127
74 128
74 194
74 235
75 90
75 123
75 159
75 191
75 195
75 203
75 207
76 80
76 86
76 122
76 124
76 126
76 165
76 180
76 204
76 216
76 232
76 235
76 258
76 279
76 293
77 90
77 123
77 127
77 128
77 146
77 224
77 225
77 235
77 252
77 263
77 267
78 233
79 99
79 193
80 91
80 124
80 127
80 207
80 217
81 129
81 134
81 142
81 168
81 201
81 262
81 278
82 83
82 168
82 233
82 272
83 102
83 160
83 225
84 116
84 128
84 159
84 267
84 271
85 110
85 144
85 160
85 192
85 226
85 232
85 235
85 238
85 245
85 267
85 312
86 190
86 301
87 126
87 213
87 277
87 278
88 278
89 90
89 172
89 221
89 277
89 314
90 122
90 125
90 126
90 133
90 136
90 158
90 167
90 197
90 199
90 215
90 221
90 223
90 237
90 267
90 278
90 279
91 100
91 105
91 261
91 276
92 192
92 309
93 97
93 99
93 130
93 168
93 206
94 124
94 272
95 147
95 154
95 280
95 288
96 129
97 261
98 121
98 126
98 137
98 220
98 276
98 288
99 105
99 121
99 125
99 128
99 129
99 135
99 207
99 271
99 309
100 103
100 111
100 119
100 134
100 139
100 158
100 180
100 238
100 259
101 260
102 141
102 226
102 238
103 232
103 256
104 121
104 180
104 200
105 112
105 160
105 232
105 233
105 311
106 123
106 187
106 203
106 204
106 217
106 251
106 253
106 269
106 277
106 305
106 309
107 121
107 308
108 123
108 143
109 123
109 173
109 194
110 123
110 227
110 233
110 255
110 291
110 304
111 121
111 163
111 180
111 217
111 235
111 305
112 114
112 133
112 160
112 183
112 203
112 245
113 216
113 305
114 127
115 230
117 126
117 166
117 226
117 261
117 264
118 191
118 252
119 124
119 163
119 237
120 127
120 214
121 122
121 123
121 128
121 129
121 131
121 139
121 141
121 170
121 178
121 215
121 216
121 226
121 232
121 288
121 304
122 137
122 143
122 148
122 158
122 163
122 165
122 182
122 184
122 200
122 203
122 204
122 214
122 219
122 221
122 228
122 232
122 233
122 241
122 255
122 266
122 298
122 304
122 309
123 124
123 126
123 128
123 131
123 143
123 173
123 190
123 200
123 204
123 214
123 215
123 218
123 232
123 238
123 241
123 252
123 257
123 260
123 273
124 129
124 159
124 172
124 176
124 182
124 189
124 204
124 209
124 212
124 226
124 236
124 240
124 257
125 128
125 130
125 134
125 139
125 140
125 143
125 160
125 170
125 204
125 241
125 250
125 261
125 304
125 307
125 312
126 128
126 129
126 136
126 147
126 162
126 176
126 180
126 217
126 232
126 250
126 261
126 267
126 298
126 304
127 148
127 156
127 157
127 173
127 197
127 218
127 226
127 233
127 238
127 241
127 249
127 277
127 285
128 129
128 131
128 142
128 160
128 190
128 200
128 207
128 223
128 235
128 238
128 266
128 268
128 271
128 309
128 314
129 136
129 151
129 181
129 198
129 207
129 226
129 235
129 257
129 260
130 149
130 269
131 190
133 268
133 286
134 155
134 169
134 172
134 196
134 200
134 206
134 240
134 241
134 266
134 304
135 166
135 198
135 208
135 273
135 304
136 266
137 236
139 217
139 233
139 253
139 269
139 314
140 223
140 226
140 233
140 288
141 142
141 162
141 239
142 166
142 194
142 207
142 280
142 303
143 158
143 180
143 224
143 235
143 267
143 271
144 162
146 296
147 302
148 149
149 183
151 204
151 235
151 274
152 223
153 203
153 216
153 232
153 266
153 293
154 200
154 201
155 170
155 180
155 185
155 191
155 238
155 279
155 291
156 246
157 232
158 175
159 238
160 187
160 193
160 234
160 246
160 279
160 308
161 183
161 252
161 314
162 164
162 166
162 191
162 232
162 266
162 271
163 204
163 279
163 291
163 307
164 202
165 197
166 195
166 236
167 241
168 209
168 297
168 313
169 219
169 273
170 176
170 201
170 241
170 276
171 267
172 204
172 257
172 266
173 203
174 223
174 228
174 266
175 204
176 244
176 267
176 271
177 266
178 195
178 268
179 204
179 209
180 233
180 242
180 246
180 273
180 304
181 226
181 307
182 237
182 279
183 208
183 210
183 223
183 235
183 241
183 279
183 288
183 304
183 305
184 232
185 201
186 241
186 288
187 234
188 207
188 252
188 296
189 193
190 201
191 192
191 205
191 293
192 207
192 280
192 313
193 209
193 278
195 214
195 226
195 240
197 280
198 286
200 207
200 304
201 241
201 245
201 279
201 281
202 215
202 245
202 277
203 221
203 232
203 240
203 246
204 216
204 234
204 250
204 253
206 224
206 257
206 272
206 276
206 309
207 210
207 266
208 221
208 250
209 221
209 235
209 240
210 221
210 235
210 268
211 282
212 257
213 232
215 271
216 294
217 240
217 279
219 223
219 236
219 260
219 266
220 266
221 235
222 233
222 239
223 235
223 241
223 309
224 302
226 234
226 258
226 261
226 286
226 300
227 234
228 231
228 237
228 252
229 288
230 234
230 266
232 236
232 252
232 295
233 249
233 253
233 262
233 263
233 298
233 309
234 250
234 261
234 282
234 283
234 286
235 244
235 285
235 294
235 304
236 304
237 274
238 265
238 272
238 277
240 297
241 292
241 299
242 250
246 275
247 288
249 262
252 307
253 274
253 303
255 312
258 259
260 296
264 304
265 285
266 304
266 306
267 271
268 305
276 302
280 299
299 314
