0 204
0 207
0 219
1 36
1 90
1 128
2 15
2 32
2 126
2 159
2 181
2 225
2 234
3 5
3 41
3 123
3 200
3 263
4 35
4 37
4 38
4 53
4 79
4 223
4 304
5 7
5 9
5 35
5 51
5 83
5 128
5 151
5 172
5 207
5 219
5 226
5 227
5 233
5 246
5 259
5 267
5 279
6 7
6 9
6 24
6 50
6 66
6 124
6 129
6 140
6 157
6 177
6 294
7 18
7 29
7 32
7 54
7 73
7 123
7 127
7 155
7 181
7 193
7 246
7 278
8 75
8 100
8 121
9 67
9 84
9 122
9 160
9 271
9 292
9 309
10 17
10 67
10 76
10 123
10 139
10 169
10 206
10 276
10 279
10 304
11 75
11 128
11 155
11 158
12 58
12 75
12 98
12 110
12 113
12 121
12 212
12 258
12 304
13 85
13 90
13 111
13 122
13 145
13 194
13 219
13 266
13 267
13 292
13 309
14 120
14 126
14 127
14 204
14 286
15 41
15 82
15 180
15 195
16 38
16 95
16 134
16 183
17 52
17 67
17 110
17 126
17 130
17 199
17 204
17 236
17 308
18 30
18 84
18 232
19 56
19 122
19 134
19 147
19 162
19 288
19 309
20 75
20 165
20 167
20 200
20 233
20 280
21 80
21 249
21 280
22 90
22 112
22 144
22 158
22 168
22 218
22 234
22 273
22 309
23 83
23 124
23 210
23 215
23 228
24 28
24 85
24 99
24 100
24 183
24 204
24 226
24 228
25 186
25 246
26 123
26 126
26 186
26 217
27 52
27 141
27 172
27 264
27 279
28 80
28 99
28 195
28 200
28 264
28 273
28 304
29 79
29 122
29 128
29 141
29 198
29 288
30 88
30 229
30 297
31 207
31 265
31 271
32 80
32 116
32 125
32 223
32 288
33 77
33 96
33 125
34 127
34 233
34 241
35 40
35 51
35 107
35 126
35 152
35 206
35 210
35 212
35 232
35 238
35 266
35 303
36 43
36 122
36 124
36 140
36 181
36 226
36 241
36 266
36 304
37 105
37 126
37 128
37 154
37 206
38 60
38 66
38 84
38 124
39 41
39 72
39 123
39 125
39 235
39 265
39 309
40 51
40 56
40 57
40 79
40 92
40 103
40 106
40 117
40 202
40 220
40 233
40 234
40 247
40 252
40 263
40 266
41 42
41 100
41 123
41 129
41 293
42 99
42 125
42 204
43 77
43 168
43 304
44 99
44 122
44 162
45 206
45 233
45 236
46 125
46 126
46 210
47 87
47 266
48 126
49 235
49 312
50 73
50 100
50 201
51 59
51 95
51 120
51 158
51 163
51 233
51 241
51 250
51 280
52 56
52 81
52 100
52 123
52 129
52 150
52 158
52 255
52 257
52 278
52 292
53 100
53 124
54 95
54 123
54 127
54 148
55 129
55 203
55 264
56 78
56 140
56 181
56 250
56 315
57 99
57 113
57 123
57 125
57 158
58 126
58 236
58 282
59 75
59 123
59 149
59 182
59 247
59 286
59 304
61 135
61 160
61 199
61 225
61 231
61 300
62 123
62 129
62 172
62 246
63 240
64 144
65 234
65 265
66 109
66 117
66 124
66 180
66 315
67 120
67 160
67 181
67 191
67 244
67 257
67 275
68 122
68 220
68 290
69 200
70 109
70 127
70 226
70 227
70 233
71 112
72 128
72 131
72 160
72 246
72 278
73 75
73 110
73 116
73 123
73 147
73 183
73 232
73 241
73 247
73 252
73 301
73 304
74 140
74 232
74 266
74 267
74 283
74 312
75 77
75 100
75 113
75 125
75 128
75 129
75 139
75 166
75 218
75 261
75 302
76 88
76 123
76 124
76 125
76 126
76 143
76 196
76 228
76 233
76 235
76 246
77 122
77 124
77 125
77 173
77 180
77 223
77 234
77 255
77 266
77 309
78 203
79 215
79 236
80 108
80 147
80 221
80 235
80 263
80 265
81 90
81 169
81 174
81 200
81 245
81 247
82 129
82 233
83 167
84 241
84 247
84 308
85 99
85 123
85 128
85 204
85 266
85 292
85 304
85 309
86 124
86 229
86 232
86 266
86 309
87 214
88 99
88 274
89 120
89 138
89 160
89 168
89 178
89 233
89 297
90 104
90 106
90 122
90 151
90 164
90 185
90 208
90 234
90 235
90 247
90 248
90 255
90 279
90 309
91 143
91 249
91 309
92 105
93 130
93 143
94 100
95 131
95 141
95 212
95 221
96 129
96 219
96 221
97 144
98 175
98 308
99 128
99 129
99 134
99 139
99 149
99 168
99 246
99 259
99 266
99 275
99 281
100 105
100 122
100 123
100 127
100 135
100 151
100 168
100 218
100 240
100 245
100 250
100 297
100 308
100 314
101 149
102 201
103 128
103 147
103 204
104 121
104 122
104 129
104 173
104 204
104 223
104 228
104 234
104 235
105 122
105 126
105 128
105 178
105 192
105 196
105 204
105 215
105 288
106 124
106 182
106 185
106 210
107 122
107 185
107 228
108 123
108 125
108 171
108 186
108 202
108 236
108 241
110 121
110 127
110 147
110 170
110 174
110 196
110 224
111 127
111 129
111 183
111 191
111 206
112 117
112 122
112 124
112 127
112 132
112 154
112 168
112 195
112 201
112 280
113 121
113 212
113 234
113 305
113 313
115 121
115 292
116 122
116 169
117 121
117 124
117 165
117 170
117 189
118 158
119 261
119 271
120 137
120 142
120 195
120 210
120 232
120 243
120 247
120 288
121 122
121 127
121 134
121 215
121 219
121 228
121 241
121 247
121 263
121 271
121 280
121 286
121 308
121 310
122 123
122 130
122 143
122 157
122 168
122 171
122 179
122 180
122 200
122 221
122 233
122 249
122 273
122 288
122 292
122 293
123 125
123 130
123 132
123 135
123 145
123 156
123 157
123 195
123 202
123 204
123 217
123 223
123 226
123 233
123 235
123 236
123 249
123 289
123 306
124 128
124 157
124 158
124 160
124 176
124 184
124 187
124 199
124 200
124 217
124 223
124 225
124 228
124 233
124 234
124 235
124 241
124 257
124 266
124 267
124 273
124 288
125 129
125 133
125 147
125 148
125 158
125 167
125 177
125 183
125 185
125 201
125 218
125 219
125 223
125 232
125 233
125 237
125 273
125 299
125 304
126 134
126 154
126 176
126 178
126 202
126 206
126 232
126 234
126 236
126 241
126 255
126 260
126 264
126 308
126 309
127 135
127 139
127 143
127 181
127 183
127 190
127 204
127 205
127 215
127 226
127 232
127 235
127 253
127 275
127 277
127 285
127 294
128 129
128 134
128 143
128 168
128 173
128 174
128 177
128 182
128 219
128 227
128 259
128 279
128 304
128 311
129 130
129 139
129 140
129 144
129 152
129 185
129 197
129 223
129 233
129 241
129 262
130 207
130 221
130 272
130 309
131 154
131 309
132 215
133 134
133 158
133 233
133 247
133 288
134 145
134 166
134 176
134 209
134 226
134 230
134 235
134 246
134 264
134 269
134 281
135 226
135 240
135 258
135 292
136 205
136 238
137 173
137 233
138 235
138 279
139 163
139 216
139 233
139 235
140 196
140 240
140 247
141 158
141 176
141 204
141 233
141 286
142 200
142 212
143 144
143 158
143 162
143 180
143 198
143 241
143 259
143 296
144 168
144 231
144 259
144 314
145 204
147 172
147 181
147 226
149 185
149 238
150 221
151 180
151 217
151 268
152 208
152 261
152 309
153 224
153 234
157 181
157 276
158 181
158 200
158 215
158 225
158 252
158 286
158 292
158 309
159 276
160 175
160 192
160 195
160 202
160 227
160 231
160 291
160 315
161 187
161 189
162 218
162 222
162 252
162 276
162 277
163 168
163 171
163 181
163 255
163 309
164 191
164 219
164 268
164 275
165 233
165 234
166 206
169 232
169 279
169 288
170 218
170 271
170 288
172 193
172 200
172 283
173 180
173 206
173 207
173 215
173 279
174 217
174 220
174 310
175 296
175 313
176 220
177 206
177 229
177 230
180 259
180 276
180 313
181 241
181 286
182 297
183 221
183 231
183 313
184 275
185 189
185 255
186 241
186 245
186 264
187 204
187 236
187 252
187 264
188 217
188 223
188 309
188 314
189 196
189 222
189 242
190 212
190 292
191 286
192 208
192 232
192 239
192 247
193 206
193 243
193 258
193 260
194 232
195 200
195 233
195 234
195 293
197 233
198 256
199 233
199 279
200 207
200 225
200 235
200 244
200 304
200 308
201 220
201 232
201 235
202 274
202 275
202 300
202 309
203 255
203 283
204 223
204 229
204 233
204 234
204 247
204 288
204 308
206 239
207 218
207 251
208 218
208 219
208 260
208 293
208 309
209 234
209 264
210 235
210 246
212 253
212 257
215 264
215 279
215 286
216 282
216 291
216 302
216 307
218 225
218 234
219 226
219 234
219 262
219 285
220 244
220 268
221 228
221 234
222 224
222 238
222 245
222 258
223 235
223 236
223 246
223 274
224 232
224 286
225 304
226 232
226 274
226 276
226 304
226 311
226 314
227 233
227 265
228 246
232 233
232 239
232 250
232 251
232 257
232 301
232 304
232 309
233 243
233 292
233 296
233 300
233 304
233 313
234 250
234 280
234 303
234 309
235 302
235 314
236 285
238 269
239 308
240 273
241 282
241 300
243 274
245 268
247 259
252 257
252 266
252 277
261 312
262 266
264 288
266 269
266 309
271 312
272 285
279 286
280 297
285 292
292 304
294 309
303 309
309 313
309 315
