0 31
0 49
0 76
0 111
0 124
1 89
1 90
1 112
1 122
1 124
2 3
2 5
2 6
2 29
2 35
2 77
2 98
2 100
2 104
2 121
2 122
2 138
2 216
2 233
3 56
3 76
3 117
3 135
3 148
3 156
3 160
3 233
3 262
4 5
4 88
4 123
4 161
4 169
4 202
5 17
5 21
5 66
5 77
5 93
5 119
5 184
5 191
5 231
5 234
5 243
5 249
5 292
6 37
6 95
6 158
6 183
6 184
6 185
6 188
6 203
6 204
6 208
7 83
7 87
7 135
7 226
7 309
8 13
8 34
8 226
9 17
9 120
9 201
9 210
9 232
10 123
10 166
10 234
10 288
11 144
11 273
12 24
12 134
12 179
12 216
12 218
12 220
12 232
12 246
12 252
12 297
13 51
13 150
13 233
13 247
14 60
14 85
14 125
14 134
14 168
14 198
14 234
14 247
14 259
15 56
15 96
15 117
15 272
16 24
16 128
16 234
16 311
17 56
17 115
17 123
17 125
17 134
17 138
17 168
17 176
17 216
17 228
17 229
17 235
17 257
17 263
17 309
18 70
18 100
18 103
18 125
18 169
18 196
18 223
18 234
18 240
19 76
19 261
20 42
20 128
20 129
20 133
20 185
21 90
21 201
21 267
22 100
22 117
22 122
22 277
22 279
23 35
23 85
23 89
23 110
23 135
23 279
23 292
23 296
23 306
24 44
24 71
24 87
24 173
24 195
24 215
24 234
24 239
25 76
25 122
25 123
25 201
26 162
26 242
26 265
27 41
27 110
27 126
28 49
28 72
28 73
28 119
28 160
28 230
28 309
29 67
29 85
29 107
29 121
29 233
29 264
29 271
29 304
29 305
30 125
30 220
31 134
31 219
31 226
32 55
32 90
32 96
32 122
32 123
32 134
32 173
32 226
32 256
33 95
33 179
33 231
33 240
34 49
34 55
34 108
34 110
34 121
34 179
34 304
35 48
35 75
35 81
35 83
35 125
35 153
35 157
35 187
35 195
35 204
35 212
35 234
35 278
35 280
35 294
35 309
36 82
36 91
36 113
36 126
36 188
36 208
36 211
36 235
36 237
36 266
36 279
36 283
37 140
37 147
37 217
37 304
37 309
38 70
38 77
38 122
38 266
38 283
39 76
39 127
39 202
39 206
39 235
40 73
40 103
40 104
40 110
40 140
41 95
41 98
41 121
41 124
41 135
41 273
42 43
42 67
42 89
42 158
42 220
42 226
42 234
42 294
43 76
43 77
43 121
43 207
44 57
44 130
44 131
44 155
44 166
44 178
44 195
44 201
44 215
44 237
44 238
44 314
46 77
46 91
46 96
46 302
47 57
47 126
47 206
47 228
48 232
49 98
49 117
49 122
49 124
49 129
49 216
50 69
50 93
51 57
51 66
51 126
51 142
51 220
51 230
51 232
51 253
51 277
51 282
52 77
52 122
52 127
52 142
52 144
52 204
52 235
52 258
52 277
52 288
52 304
52 309
53 85
53 89
53 217
53 246
54 66
54 76
54 86
54 99
54 125
54 127
54 197
54 215
54 235
55 99
55 100
55 117
55 193
55 253
56 134
56 135
56 166
56 245
57 121
57 175
57 261
57 289
58 234
58 309
59 79
59 110
59 126
59 143
59 173
59 180
59 181
59 252
59 261
59 277
59 304
59 309
60 129
60 178
60 189
60 227
60 259
60 292
61 127
61 278
61 309
62 125
62 168
62 200
64 163
64 262
65 79
65 118
65 181
65 216
65 295
66 90
66 122
66 123
66 165
66 169
66 187
66 204
66 291
67 75
67 79
67 87
67 123
67 224
67 246
67 308
68 126
68 304
69 119
69 137
69 234
70 91
70 121
70 172
70 173
70 253
71 143
71 209
71 287
72 73
72 76
72 130
72 204
72 280
73 85
73 93
73 126
73 144
73 160
73 173
73 207
73 257
74 126
75 125
75 129
75 157
75 158
75 234
75 235
76 99
76 100
76 125
76 132
76 134
76 156
76 195
76 232
76 233
76 235
76 275
76 304
77 90
77 91
77 95
77 123
77 132
77 209
77 212
77 218
77 238
77 262
77 279
77 304
77 313
78 124
79 121
79 162
79 169
80 193
81 155
81 197
81 200
81 259
81 311
82 84
82 169
82 201
82 274
83 100
83 235
83 253
83 297
84 166
84 302
85 111
85 125
85 228
85 247
85 257
85 304
85 313
86 106
86 143
86 176
86 244
86 261
87 124
88 98
88 165
88 209
88 233
88 304
89 99
89 124
89 134
89 175
89 177
89 254
89 273
89 288
90 100
90 122
90 124
90 125
90 127
90 139
90 140
90 180
90 206
90 220
90 221
90 241
90 247
90 257
90 268
90 273
90 280
90 309
91 99
91 100
91 121
91 155
91 163
91 233
91 251
91 264
91 279
92 189
92 235
93 106
93 123
93 162
94 219
95 110
95 123
95 126
95 165
95 173
95 232
95 266
95 309
96 122
97 125
97 203
97 204
97 266
98 115
98 140
98 142
98 240
98 264
98 274
99 100
99 110
99 121
99 122
99 127
99 128
99 169
99 217
99 220
99 232
99 264
99 275
99 277
99 299
100 106
100 110
100 123
100 126
100 127
100 129
100 133
100 145
100 158
100 215
100 233
100 236
100 265
100 267
100 293
100 304
102 122
102 124
102 128
102 169
102 189
102 273
103 123
103 154
103 201
103 267
104 118
104 124
104 126
104 234
104 286
105 123
105 124
105 142
105 209
106 129
106 163
106 209
106 219
106 221
106 229
106 232
107 124
107 247
107 261
108 123
108 233
109 174
109 241
109 304
110 117
110 123
110 149
110 197
110 292
110 301
110 309
111 116
111 127
111 164
111 173
111 195
111 198
111 232
111 234
112 134
112 235
113 122
113 223
115 192
115 235
115 292
116 127
117 138
117 155
117 210
117 216
117 264
118 309
119 144
120 121
120 123
120 129
120 138
120 162
120 173
120 206
120 219
120 226
121 129
121 152
121 155
121 178
121 193
121 200
121 204
121 219
121 221
121 226
121 233
121 234
121 247
121 259
121 267
121 278
121 284
121 288
121 309
122 124
122 125
122 127
122 128
122 144
122 145
122 157
122 162
122 197
122 201
122 204
122 206
122 207
122 217
122 231
122 233
122 245
122 267
122 274
122 275
122 279
123 124
123 126
123 128
123 134
123 135
123 155
123 156
123 160
123 163
123 185
123 259
123 269
123 275
123 280
123 293
123 304
123 309
123 314
124 126
124 128
124 129
124 140
124 166
124 183
124 206
124 233
124 241
124 244
124 287
124 293
125 128
125 137
125 156
125 179
125 197
125 204
125 207
125 211
125 234
125 255
125 261
125 294
125 299
125 308
125 311
125 313
126 129
126 134
126 160
126 165
126 168
126 171
126 177
126 180
126 195
126 196
126 204
126 215
126 221
126 224
126 227
126 243
126 275
126 288
126 302
126 309
127 129
127 131
127 151
127 155
127 162
127 166
127 173
127 199
127 202
127 204
127 212
127 226
127 233
127 246
127 267
127 274
127 286
127 287
127 301
127 306
128 131
128 145
128 158
128 173
128 176
128 189
128 207
128 216
128 217
128 232
128 233
128 237
128 239
128 252
128 261
129 142
129 143
129 148
129 196
129 197
129 219
129 221
129 250
129 298
129 304
129 305
130 232
131 133
131 142
131 233
131 239
131 241
132 215
132 223
132 232
132 302
133 134
134 144
134 168
134 196
134 204
134 220
134 223
134 257
134 262
134 267
134 268
134 271
134 283
134 304
135 167
135 180
135 201
135 233
135 261
135 285
135 292
136 176
137 160
138 267
139 217
139 232
140 183
140 206
140 226
140 235
141 208
141 213
141 223
142 154
143 148
143 151
143 207
143 218
144 195
144 233
145 257
146 200
146 206
146 279
148 293
149 226
149 233
151 160
151 207
151 231
151 232
151 240
151 302
151 309
152 226
152 286
154 217
154 228
154 263
154 292
155 157
155 269
155 278
155 284
156 260
156 262
157 309
158 186
158 191
158 221
159 163
159 219
160 210
160 225
160 234
160 264
160 276
160 286
160 309
161 173
161 279
162 284
163 188
163 225
163 298
163 313
164 298
166 192
166 193
166 226
166 234
166 236
167 193
167 226
168 200
168 228
168 234
168 245
168 309
169 187
170 266
170 305
171 219
171 235
171 309
172 264
173 180
173 187
173 193
173 202
173 226
173 259
173 297
174 191
174 249
176 261
176 288
177 219
177 232
178 197
178 234
179 187
180 199
180 232
180 241
180 276
180 278
180 302
181 204
182 303
183 265
183 279
183 292
184 237
185 195
186 198
187 206
189 202
190 272
190 313
192 210
192 214
192 232
192 240
192 304
192 309
194 203
194 216
194 266
195 243
195 279
197 226
198 312
199 202
199 207
199 234
199 259
200 253
201 233
201 237
202 206
203 239
203 240
204 220
204 233
204 239
204 266
204 294
206 223
207 233
207 255
207 304
208 232
209 241
209 309
210 309
212 240
214 218
215 247
215 277
217 220
217 267
217 285
218 278
219 232
219 233
219 235
219 253
219 277
220 226
220 292
220 295
221 233
222 234
222 241
223 226
223 237
223 285
223 286
223 299
224 232
224 279
225 274
225 314
226 257
226 263
226 282
226 303
226 305
232 235
232 257
232 267
232 291
232 299
232 309
233 255
233 261
233 280
233 288
233 309
234 257
234 261
234 264
234 266
234 299
234 305
235 241
235 253
235 257
235 279
235 284
236 241
236 271
237 255
237 265
238 264
238 288
238 304
238 313
241 261
241 273
241 304
244 274
244 288
245 247
245 293
246 281
246 309
247 309
252 266
252 286
255 315
256 279
259 293
262 271
262 279
262 302
264 267
265 278
266 304
267 270
270 315
273 304
274 282
274 292
277 304
279 286
279 309
281 308
282 293
288 289
288 297
289 309
292 295
292 304
309 311
309 312
