0 26
0 76
0 100
0 141
0 144
0 168
1 7
1 84
2 44
2 49
2 73
2 74
2 84
2 98
2 126
2 128
2 141
2 168
2 199
2 204
2 267
2 271
3 20
3 50
3 71
3 134
3 225
4 20
4 76
4 107
4 113
4 116
4 123
4 126
4 129
4 160
4 171
4 172
4 201
4 203
4 246
4 277
5 70
5 79
5 117
5 122
5 123
5 126
5 144
5 155
5 181
5 198
5 215
5 226
5 230
5 232
5 257
5 283
5 309
6 22
6 69
6 87
6 114
6 123
6 134
6 192
6 206
6 288
7 41
7 88
7 90
7 99
7 110
7 117
7 123
7 176
7 207
7 215
7 234
7 246
7 286
8 85
8 221
8 314
9 133
9 140
9 155
9 218
9 235
9 269
10 52
10 67
10 123
10 126
10 128
10 138
10 252
10 309
11 13
11 52
11 57
11 100
11 135
11 223
11 266
12 113
12 158
12 180
12 218
12 232
12 305
12 309
13 29
13 41
13 78
13 84
13 100
13 125
13 127
13 159
13 193
13 223
13 245
13 312
14 52
14 110
14 122
14 219
14 296
14 304
15 57
15 103
15 110
15 126
15 199
16 71
16 114
16 142
16 186
16 233
16 309
17 99
17 121
17 126
17 144
17 178
17 199
17 218
17 226
17 232
17 234
17 246
17 309
18 110
18 160
20 62
20 73
20 100
20 121
20 129
20 207
20 232
20 274
21 59
21 231
21 235
21 290
22 31
22 35
22 125
22 171
22 217
22 257
23 105
23 106
23 127
23 156
23 158
23 191
23 200
23 203
23 280
23 304
24 51
24 95
24 122
24 126
24 127
24 219
24 272
24 279
25 33
25 99
25 309
26 125
26 181
26 207
26 264
26 297
27 99
27 129
27 188
28 134
28 217
29 32
29 50
29 126
29 127
29 128
29 154
29 265
29 271
30 83
30 127
30 234
31 33
31 75
31 181
31 199
31 264
32 90
32 236
33 125
33 127
33 140
33 201
33 226
34 81
34 83
34 117
34 125
34 226
34 273
34 304
34 309
35 61
35 97
35 100
35 102
35 115
35 139
35 180
35 182
35 218
35 241
35 280
35 307
36 52
36 67
36 99
36 107
36 124
36 158
36 183
36 195
36 198
36 228
36 235
36 280
37 84
37 129
37 140
37 203
37 215
37 233
37 278
38 153
38 210
39 106
39 194
39 231
39 232
39 233
39 264
39 309
40 64
40 71
40 73
40 106
40 122
40 124
40 150
40 156
40 177
40 201
40 219
40 263
40 273
40 281
41 46
41 95
41 110
41 192
41 200
41 223
41 233
42 85
42 180
42 229
42 238
43 47
43 59
43 147
43 315
44 124
44 126
44 135
44 153
44 233
44 239
45 240
46 137
46 193
46 200
46 261
47 144
47 152
47 161
47 256
49 163
50 62
50 226
51 65
51 81
51 159
51 179
51 186
51 235
51 257
52 83
52 96
52 99
52 126
52 218
52 219
52 226
52 235
52 262
52 267
52 291
53 83
53 272
53 278
54 56
54 57
54 81
54 83
54 86
54 109
54 156
54 185
54 234
54 278
54 289
55 91
56 61
56 78
56 100
56 110
56 126
56 127
56 129
56 175
56 204
56 206
56 291
57 84
57 134
57 176
57 234
57 279
58 141
58 279
59 61
59 84
59 92
59 112
59 127
59 128
59 158
59 165
59 171
59 195
59 224
59 247
59 314
61 99
61 140
61 209
61 281
61 309
62 100
62 129
62 134
63 121
64 117
64 258
65 175
65 233
66 100
66 151
66 160
66 198
66 219
66 253
66 259
66 266
67 73
67 123
67 125
67 142
67 186
67 204
68 110
68 159
69 75
69 150
69 289
70 141
70 238
71 99
72 85
72 209
72 228
72 261
72 275
73 125
73 128
73 180
73 181
73 182
74 282
75 124
75 160
75 207
75 208
75 233
76 95
76 99
76 104
76 115
76 128
76 134
76 197
76 204
76 210
76 233
76 234
76 245
76 264
76 307
77 89
77 91
77 121
77 126
77 128
77 135
77 159
77 163
77 166
77 168
77 226
77 236
77 246
77 264
77 267
77 283
77 292
77 305
78 149
79 238
80 90
80 92
80 99
80 126
80 128
80 241
80 279
81 195
81 198
81 288
81 294
81 304
82 125
82 129
82 195
82 219
83 155
83 166
83 180
83 226
84 98
84 107
84 122
84 127
84 174
84 199
84 208
84 226
85 124
85 125
85 134
85 151
85 156
85 167
85 178
85 216
85 228
85 234
85 235
85 289
86 90
86 98
86 99
86 141
86 274
86 276
87 197
87 218
87 259
87 309
88 121
88 128
88 143
88 232
89 90
89 124
90 100
90 138
90 159
90 218
90 234
90 235
90 238
90 259
90 271
90 280
90 291
90 309
91 140
91 206
91 286
92 167
92 195
92 201
92 240
92 253
93 125
93 163
93 187
93 307
94 110
94 123
95 134
95 153
95 185
95 202
95 226
95 232
95 279
95 293
96 168
97 223
98 124
98 133
98 257
98 265
98 296
99 104
99 126
99 138
99 169
99 196
99 232
99 233
99 264
99 276
99 281
100 104
100 111
100 127
100 128
100 148
100 158
100 180
100 206
100 209
100 216
100 220
100 221
100 222
100 225
100 233
100 241
100 260
100 267
100 279
101 204
102 140
103 309
104 117
104 188
105 197
105 232
105 276
106 121
106 123
106 125
106 127
106 134
106 172
106 204
106 216
106 221
106 234
106 241
106 246
107 166
107 315
108 122
109 208
110 159
110 188
110 216
110 224
110 233
110 277
111 120
111 158
111 168
111 176
111 209
111 225
111 236
111 257
111 275
112 124
112 129
112 162
112 304
113 120
113 123
113 128
113 238
114 166
114 241
114 252
115 188
115 219
115 235
115 265
116 300
117 126
117 142
117 163
117 183
117 189
117 206
117 245
117 304
119 123
119 126
119 253
120 124
120 160
120 218
120 238
120 240
121 122
121 124
121 127
121 132
121 139
121 159
121 160
121 162
121 195
121 204
121 209
121 217
121 221
121 223
121 228
121 232
121 233
121 246
121 265
121 274
121 279
121 313
122 124
122 126
122 128
122 137
122 158
122 164
122 166
122 168
122 197
122 207
122 218
122 225
122 228
122 232
122 241
122 249
122 260
122 265
122 298
123 125
123 149
123 155
123 162
123 163
123 164
123 202
123 207
123 233
123 247
123 253
123 266
123 269
123 273
123 279
123 288
123 309
124 128
124 130
124 135
124 159
124 166
124 183
124 186
124 189
124 195
124 206
124 233
124 235
124 239
124 264
124 276
124 286
124 310
125 128
125 135
125 166
125 181
125 182
125 199
125 217
125 241
125 246
125 278
125 279
126 127
126 139
126 160
126 175
126 195
126 204
126 207
126 256
126 272
126 291
127 128
127 129
127 189
127 191
127 204
127 232
127 233
127 234
127 265
127 312
127 315
128 134
128 137
128 149
128 168
128 180
128 203
128 228
128 232
128 233
128 243
128 250
128 251
128 273
128 275
128 304
129 140
129 182
129 192
129 220
129 223
129 233
129 236
129 240
129 241
129 249
129 265
129 266
129 289
129 304
129 312
130 152
130 219
130 240
131 178
131 215
131 217
131 235
131 279
132 154
132 188
132 232
132 280
133 171
133 189
133 201
133 269
133 304
133 313
134 139
134 207
134 220
134 249
134 254
134 273
134 279
134 304
135 146
135 148
135 168
135 216
135 238
135 270
136 199
137 211
137 280
138 246
138 264
138 270
139 266
140 144
140 176
140 204
140 208
140 272
140 283
140 304
141 240
141 247
141 266
142 204
142 288
143 204
144 164
144 169
144 208
144 234
144 235
144 275
144 314
145 232
147 160
147 236
147 240
147 276
148 276
149 162
149 204
149 234
149 250
150 203
150 314
151 228
151 283
151 311
153 247
153 274
154 219
154 253
155 169
155 234
155 261
157 184
157 224
157 261
158 206
158 232
158 283
158 292
159 219
159 241
160 226
160 233
160 235
160 236
160 243
160 294
160 314
161 174
162 163
162 230
162 279
162 292
162 309
162 312
163 192
163 249
163 264
163 292
163 296
164 168
164 235
165 197
165 200
165 235
165 240
165 261
165 274
166 193
166 249
167 185
167 204
167 226
168 184
168 219
168 234
168 260
168 271
168 280
168 309
169 226
169 232
170 186
170 298
170 304
171 187
172 204
172 261
173 175
173 195
173 200
173 232
176 233
176 235
176 308
177 246
177 273
178 234
178 235
180 192
180 195
180 199
180 220
180 288
181 206
181 240
182 239
183 206
183 218
183 219
183 245
183 309
185 192
185 195
185 293
186 204
186 220
186 247
187 304
187 309
188 226
189 226
189 255
189 266
189 307
189 309
191 250
192 272
192 299
193 250
193 264
193 292
193 309
194 262
195 228
195 234
195 237
195 256
195 300
195 304
196 228
196 265
197 234
199 260
200 226
201 205
201 233
201 234
201 246
202 203
202 226
203 216
203 226
203 314
204 217
204 226
204 231
204 233
204 235
204 236
204 290
204 312
205 257
205 309
206 217
206 223
206 226
206 253
206 287
206 294
207 210
207 220
207 223
207 226
207 232
207 253
207 266
209 233
209 251
209 255
209 286
210 216
210 232
210 235
210 257
211 237
211 253
211 286
211 313
212 288
212 292
214 276
215 220
215 266
215 267
215 273
216 252
216 265
217 271
217 311
218 226
218 235
219 228
219 232
219 233
219 309
220 236
220 254
221 296
222 304
223 254
223 286
224 272
224 304
225 247
225 270
226 269
226 311
227 271
227 278
227 301
227 308
229 259
231 250
232 234
232 235
232 262
232 269
232 304
233 262
233 291
233 296
233 306
234 262
234 299
234 313
235 246
235 251
235 279
235 304
235 308
236 243
236 252
236 313
237 294
238 252
238 296
239 241
239 246
239 282
239 296
240 262
241 277
241 279
241 288
241 297
243 266
243 302
245 271
245 287
245 288
246 267
246 309
247 286
249 287
249 301
252 265
252 273
252 301
253 255
257 267
257 304
260 304
260 313
261 267
264 304
265 279
265 314
266 288
266 304
267 280
271 279
273 280
274 305
275 297
276 288
277 304
279 298
285 292
292 309
303 304
309 312
309 315
