0 23
0 39
0 85
0 124
0 126
1 90
1 128
1 228
1 233
1 246
1 259
2 18
2 24
2 51
2 126
2 127
2 157
2 163
2 239
2 252
2 301
3 119
3 123
3 163
3 168
3 178
3 185
3 199
3 214
3 282
4 6
4 32
4 47
4 70
4 85
4 99
4 120
4 149
4 177
4 248
4 262
4 288
4 304
5 18
5 41
5 76
5 87
5 91
5 93
5 107
5 125
5 128
5 140
5 141
5 154
5 174
5 181
5 204
5 208
5 235
5 263
6 17
6 36
6 41
6 62
6 67
6 68
6 113
6 126
6 139
6 156
6 224
6 250
6 255
6 266
7 25
7 35
7 81
7 85
7 90
7 96
7 99
7 106
7 173
7 178
7 195
7 216
7 219
7 220
7 235
7 257
7 306
7 309
8 21
8 30
8 124
8 129
9 44
9 85
9 95
9 121
9 140
9 215
9 244
9 250
10 58
10 79
10 81
10 115
10 123
10 125
10 144
10 202
10 219
10 226
10 246
10 257
11 126
11 137
12 23
12 58
12 59
12 150
12 159
12 188
12 223
12 228
12 246
12 252
13 76
13 122
13 128
13 235
13 241
14 35
14 76
14 77
14 121
14 123
14 125
14 148
14 180
14 185
14 204
14 219
14 255
14 265
15 30
15 76
15 80
15 85
15 99
15 121
15 125
15 186
15 223
15 225
16 89
16 202
16 206
16 279
16 306
17 29
17 35
17 123
17 135
17 157
17 169
17 252
17 292
18 23
18 99
18 157
18 164
18 172
18 176
18 217
18 226
19 118
19 188
19 237
19 282
20 49
20 91
20 119
20 122
20 125
20 126
20 174
20 241
20 245
21 26
21 36
21 127
21 198
21 301
22 23
22 50
22 67
22 129
22 138
22 160
22 164
23 52
23 72
23 77
23 220
24 100
24 128
24 158
24 204
24 267
24 309
25 67
25 167
26 100
26 113
26 115
26 126
26 130
26 233
27 42
27 87
27 196
28 38
28 68
28 90
28 127
28 128
28 144
28 156
28 159
28 161
28 195
28 231
29 77
29 80
29 105
29 134
29 139
29 191
30 49
30 87
30 304
31 115
31 217
31 226
31 232
31 257
31 267
32 106
32 112
32 125
32 178
32 233
33 42
33 61
33 277
33 279
33 304
34 59
34 122
34 127
34 157
34 197
34 199
34 254
34 262
35 51
35 95
35 103
35 124
35 127
35 132
35 160
35 183
35 191
35 201
35 220
35 245
35 259
35 266
35 274
35 295
36 59
36 77
36 81
36 100
36 143
36 160
36 207
36 223
36 232
36 286
37 135
37 235
38 56
38 171
39 87
39 90
39 298
40 49
40 52
40 119
40 128
40 144
40 166
40 196
40 199
40 204
40 240
40 259
41 100
41 124
41 127
41 152
41 168
41 216
41 268
42 74
42 122
42 163
42 217
42 232
42 261
42 286
43 259
44 95
44 101
44 121
44 122
44 129
44 138
46 67
46 127
46 280
47 167
48 95
48 107
49 50
49 62
49 204
49 212
49 219
49 232
49 304
50 299
51 56
51 105
51 141
51 209
52 57
52 79
52 103
52 144
52 183
52 219
52 233
52 278
52 286
53 57
53 123
53 138
53 163
54 73
54 111
54 119
55 66
55 71
55 157
55 169
55 220
55 221
55 231
55 261
56 91
56 134
56 186
56 208
56 234
56 237
57 88
57 123
57 147
57 209
58 99
59 72
59 121
59 123
59 167
60 111
61 86
61 111
61 125
61 129
61 264
61 296
61 309
62 165
62 186
62 187
62 313
63 77
63 98
63 105
64 169
65 230
65 235
66 90
66 121
66 252
66 277
66 302
67 134
67 245
67 266
68 90
68 125
68 240
69 129
69 161
69 169
69 204
69 284
70 139
71 77
71 90
71 127
71 204
72 76
72 89
72 100
72 107
72 122
72 124
72 126
72 129
72 160
72 174
72 186
72 226
72 234
72 311
73 85
73 90
73 115
73 123
73 124
73 173
73 182
73 274
73 311
73 312
74 77
74 127
74 128
74 197
74 223
74 229
75 93
75 98
75 100
75 123
75 126
75 129
75 202
75 257
75 264
75 276
76 90
76 95
76 103
76 111
76 121
76 128
76 199
76 201
76 233
76 235
76 266
76 272
76 309
77 107
77 127
77 135
77 155
77 167
77 192
77 195
77 235
77 246
77 299
78 308
80 97
80 120
80 124
80 127
80 142
80 232
81 98
81 113
81 139
81 148
81 180
81 197
82 110
82 129
82 134
82 219
83 134
83 180
83 204
83 228
84 89
84 103
84 122
84 228
85 102
85 105
85 127
85 132
85 138
85 179
86 92
86 115
86 128
86 151
86 225
86 232
86 262
87 112
88 222
88 235
88 263
88 299
89 115
89 128
89 129
89 131
89 167
89 189
89 223
89 226
89 230
89 253
89 261
89 273
90 105
90 107
90 119
90 123
90 126
90 155
90 158
90 167
90 199
90 223
90 232
90 241
90 262
90 264
90 273
90 274
90 277
90 313
91 110
91 128
91 204
91 266
91 315
92 127
92 134
92 234
92 279
92 309
93 103
93 160
93 285
93 309
95 102
95 128
95 152
95 167
95 214
95 229
96 97
96 99
96 235
96 249
96 258
97 259
98 129
98 160
98 223
98 232
99 100
99 122
99 123
99 125
99 128
99 141
99 187
99 201
99 202
99 212
99 226
99 235
99 251
99 287
100 103
100 105
100 110
100 113
100 121
100 122
100 123
100 132
100 135
100 143
100 180
100 204
100 209
100 231
100 234
100 235
100 237
100 238
100 300
100 301
100 304
101 182
101 210
101 225
101 232
102 140
103 135
103 154
103 158
103 274
104 108
104 124
104 128
104 216
105 123
105 148
105 217
105 229
105 279
106 162
106 168
106 197
106 199
106 208
106 233
106 262
106 271
107 109
107 123
107 149
107 170
107 217
107 233
107 239
107 253
107 259
107 264
107 309
107 315
108 204
109 196
110 151
110 193
110 203
110 232
110 263
111 116
111 139
111 154
111 155
111 216
112 117
112 121
112 129
112 139
112 177
112 208
112 233
112 304
113 128
113 142
113 189
113 239
114 160
115 129
115 156
115 177
115 221
115 279
115 288
116 123
116 125
116 234
116 235
116 241
116 266
116 269
117 226
117 279
119 200
119 218
120 124
120 182
120 186
120 232
120 234
120 266
120 286
121 122
121 123
121 126
121 129
121 135
121 143
121 148
121 156
121 167
121 195
121 215
121 228
121 231
121 233
121 247
121 271
121 280
121 282
122 123
122 127
122 128
122 129
122 134
122 137
122 141
122 149
122 153
122 157
122 158
122 168
122 173
122 174
122 183
122 186
122 197
122 202
122 232
122 233
122 241
122 251
122 257
122 261
122 265
122 267
122 275
123 124
123 125
123 131
123 134
123 174
123 194
123 201
123 206
123 207
123 219
123 233
123 247
123 258
123 261
123 266
123 288
123 302
124 125
124 127
124 129
124 165
124 168
124 193
124 206
124 226
124 236
124 247
124 253
124 278
124 282
124 286
124 290
124 293
124 296
124 314
125 126
125 132
125 140
125 172
125 173
125 192
125 197
125 201
125 203
125 207
125 213
125 215
125 243
125 259
125 271
125 279
125 282
125 283
125 288
125 314
125 315
126 127
126 154
126 157
126 166
126 183
126 190
126 192
126 206
126 208
126 217
126 226
126 232
126 234
126 271
126 279
126 292
126 315
127 128
127 144
127 153
127 162
127 168
127 173
127 195
127 204
127 209
127 233
127 235
127 237
127 238
127 255
127 257
128 137
128 160
128 164
128 175
128 190
128 202
128 225
128 229
128 234
128 236
128 241
128 253
129 133
129 160
129 174
129 194
129 229
129 234
129 259
129 267
129 274
129 296
129 300
129 309
129 315
130 161
130 247
131 232
131 243
131 259
131 309
132 241
132 266
132 271
133 134
133 148
134 139
134 140
134 159
134 177
134 193
134 233
134 235
134 257
135 143
135 158
135 174
135 208
135 233
136 183
136 227
137 142
137 174
137 236
137 293
138 215
138 217
138 299
139 193
139 223
139 234
139 239
140 187
140 200
140 226
141 146
141 158
141 204
141 247
141 264
142 215
143 149
143 257
144 180
144 181
144 262
144 310
145 182
146 158
146 168
146 232
147 219
148 234
150 243
151 215
152 195
152 263
153 185
153 213
153 222
153 234
155 221
155 263
156 226
156 299
158 174
158 195
158 228
158 233
159 173
159 200
159 277
159 286
160 174
160 206
160 219
160 229
160 232
160 233
160 242
160 253
160 266
160 278
161 226
162 194
162 206
162 212
162 241
163 174
163 190
163 212
163 241
163 245
163 257
163 275
163 279
164 189
165 174
165 191
165 204
165 226
165 233
165 309
166 185
166 238
166 309
167 178
167 187
167 200
167 206
167 226
168 169
168 181
168 184
168 204
168 212
168 214
168 217
168 221
168 234
168 246
168 251
168 280
168 286
168 292
168 304
169 211
169 266
169 278
169 288
169 307
170 204
170 281
171 228
171 288
172 226
172 228
172 235
172 274
172 299
173 257
173 266
173 272
174 201
174 222
174 233
174 234
174 236
174 279
174 293
175 227
175 282
177 216
177 222
177 302
180 232
180 234
180 256
180 271
181 202
181 207
182 186
184 195
185 226
185 304
186 234
186 235
188 309
189 209
189 216
189 219
189 233
189 240
189 241
189 266
190 201
191 234
191 271
192 228
192 250
192 274
192 306
193 232
193 277
195 198
195 308
196 246
197 232
197 259
197 304
198 239
198 274
201 232
201 252
201 283
201 299
202 206
203 258
203 304
204 206
204 211
204 234
204 279
204 282
204 308
206 280
207 214
207 246
207 273
208 237
211 259
213 231
214 233
214 240
217 232
217 276
218 235
218 279
219 260
219 279
222 232
223 237
223 267
223 304
225 274
226 232
226 247
226 275
226 305
227 232
228 250
228 261
228 264
228 293
228 304
229 232
229 234
229 255
230 264
231 236
232 235
232 236
232 259
232 275
232 278
232 305
233 234
233 238
233 239
233 257
233 263
233 279
233 309
234 267
234 279
234 282
234 295
235 253
235 259
235 264
235 266
236 250
236 277
236 279
236 288
236 309
237 279
238 243
239 296
240 272
246 275
247 264
249 253
251 299
252 276
252 286
253 286
253 291
254 259
255 309
257 276
257 304
258 292
260 271
261 267
262 283
264 266
265 309
266 283
266 302
266 307
273 276
274 279
277 285
277 299
279 314
280 309
284 314
286 309
289 309
298 314
308 309
