0 127
0 203
0 241
1 27
1 234
1 280
2 6
2 10
2 97
2 123
2 129
2 158
2 219
2 306
3 50
3 58
3 77
3 149
3 204
3 226
3 247
4 28
4 90
4 122
4 129
4 158
4 165
4 233
4 238
4 243
4 301
5 10
5 19
5 35
5 75
5 85
5 96
5 114
5 122
5 125
5 128
5 140
5 141
5 142
5 168
5 198
5 235
5 250
5 255
5 257
6 27
6 64
6 66
6 76
6 80
6 134
6 211
6 220
6 234
6 297
7 10
7 75
7 93
7 193
7 212
7 254
7 273
7 280
7 283
7 296
7 315
8 81
8 272
9 16
9 56
9 109
9 190
9 233
9 258
10 85
10 124
10 126
10 160
10 165
10 189
10 221
10 246
10 279
11 23
11 51
11 121
11 192
11 195
11 233
12 81
12 187
12 240
12 243
12 261
12 279
13 18
13 35
13 58
13 83
13 124
13 125
13 209
13 233
13 246
13 267
14 99
14 168
14 192
14 198
14 212
14 228
15 130
15 181
15 225
15 227
16 20
16 37
16 83
16 144
16 232
17 24
17 35
17 77
17 110
17 124
17 125
17 137
17 160
17 192
17 204
17 208
17 241
17 252
17 291
18 130
18 147
18 261
19 82
19 92
19 110
19 309
20 47
20 51
20 122
20 124
20 128
20 188
20 232
20 233
20 268
21 96
21 123
21 218
21 278
22 72
22 76
22 111
22 128
22 234
23 44
23 55
23 111
23 228
23 309
23 310
24 81
24 137
24 140
24 143
24 168
25 174
25 223
26 89
26 282
26 314
27 122
27 128
27 193
27 305
28 126
28 127
28 232
28 273
29 123
29 126
29 134
29 166
29 171
29 217
29 225
29 266
29 313
30 178
30 266
30 299
31 123
31 139
31 223
32 129
32 146
32 204
32 227
32 259
33 83
33 99
33 120
33 121
33 195
33 219
34 124
34 283
35 61
35 63
35 70
35 86
35 124
35 127
35 128
35 155
35 187
35 205
35 220
35 239
35 249
35 307
36 61
36 62
36 73
36 124
36 126
36 140
36 158
36 202
36 264
36 314
37 72
37 141
37 241
38 40
38 226
39 52
39 105
39 111
39 158
39 204
39 232
40 85
40 99
40 122
40 126
40 129
40 140
40 144
40 162
40 169
40 175
40 204
40 219
40 252
40 254
40 282
40 305
41 59
41 78
41 117
41 122
41 126
41 127
41 166
41 187
41 201
41 211
41 226
41 233
41 258
41 272
41 296
42 44
42 106
42 116
42 121
42 123
42 126
42 134
42 160
42 223
42 249
42 257
43 77
43 255
44 114
44 130
44 168
44 180
44 182
44 195
46 133
47 165
47 191
47 243
48 102
48 124
48 264
49 76
49 122
49 149
49 200
49 207
49 221
49 226
49 261
50 77
50 79
50 121
50 272
51 73
51 121
51 124
51 172
51 215
51 219
51 233
51 294
52 62
52 121
52 125
52 130
52 168
53 220
54 75
54 96
54 147
54 165
54 208
54 257
54 296
55 90
55 95
55 158
55 173
55 206
55 262
56 79
56 91
56 129
56 141
56 147
56 159
56 234
56 259
56 261
56 263
56 309
57 59
57 125
57 219
57 257
57 266
57 285
57 309
58 77
58 232
59 72
59 110
59 119
59 125
59 126
59 134
59 180
59 199
59 257
59 264
59 277
59 283
60 122
60 174
60 259
61 81
61 132
61 139
61 203
61 273
61 310
62 180
62 201
62 204
62 237
62 301
64 279
65 77
65 123
65 195
65 207
65 299
65 304
66 105
66 112
66 233
66 279
67 109
67 110
67 139
67 195
67 203
67 210
67 212
68 83
68 196
68 247
69 156
70 85
70 128
71 129
71 265
72 73
72 220
72 235
73 122
73 139
73 154
73 158
73 160
73 179
73 204
73 206
73 225
73 280
73 301
74 140
74 252
74 288
75 91
75 126
75 136
75 183
75 233
75 266
76 79
76 95
76 98
76 112
76 122
76 128
76 157
76 223
76 226
76 235
76 239
76 243
77 82
77 95
77 96
77 98
77 125
77 126
77 128
77 130
77 134
77 160
77 171
77 173
77 196
77 202
77 219
77 226
77 233
77 234
77 238
77 253
77 275
77 289
79 122
80 91
80 104
80 135
80 143
80 232
80 282
81 100
81 126
81 129
81 181
81 201
81 235
81 261
81 309
82 129
83 90
83 121
83 168
83 229
83 267
83 272
84 123
84 149
84 166
84 221
84 223
84 231
84 275
84 310
85 117
85 141
85 188
85 204
85 231
85 232
85 257
85 278
86 87
86 122
86 125
86 127
86 226
86 232
86 235
86 273
87 121
87 128
87 206
87 291
88 99
88 121
88 291
88 309
89 115
89 175
89 176
89 222
89 227
89 231
89 236
89 252
89 257
89 271
90 120
90 121
90 125
90 129
90 133
90 134
90 140
90 160
90 175
90 204
90 219
90 230
90 233
90 257
90 278
90 282
91 134
91 153
91 204
91 236
91 313
92 99
92 108
92 142
93 125
93 187
93 197
94 153
94 243
95 103
95 104
95 105
95 110
95 124
95 153
95 186
95 206
95 228
95 233
96 126
96 159
96 204
96 239
97 99
97 127
97 160
97 226
98 120
98 122
98 125
98 180
98 208
98 227
98 315
99 109
99 110
99 111
99 122
99 169
99 193
99 210
99 217
99 235
99 240
99 255
99 260
99 266
99 286
99 309
100 117
100 126
100 134
100 144
100 151
100 154
100 158
100 174
100 181
100 193
100 199
100 204
100 231
100 253
100 296
100 304
101 121
101 206
102 142
102 153
102 165
103 117
103 126
103 283
103 301
104 121
104 204
104 220
104 309
105 142
105 212
105 219
106 121
106 123
106 125
106 139
106 147
106 187
106 206
106 226
106 241
106 260
107 120
107 121
107 123
107 125
107 163
107 241
108 110
108 126
108 155
108 236
109 144
109 292
110 121
110 124
110 214
110 234
110 235
110 246
110 247
111 194
111 223
111 236
111 310
112 123
112 124
112 233
112 247
112 279
113 117
113 123
113 169
113 203
114 184
115 234
115 255
116 141
116 238
117 146
117 249
117 266
117 304
118 204
118 216
119 123
119 128
119 158
119 226
119 227
120 141
120 187
120 271
120 286
120 308
121 124
121 147
121 155
121 180
121 186
121 193
121 209
121 219
121 226
121 235
121 240
121 257
121 270
121 281
121 288
122 124
122 131
122 162
122 167
122 169
122 186
122 199
122 201
122 210
122 217
122 220
122 228
122 234
122 259
122 265
122 271
122 274
122 279
122 281
122 286
122 288
122 309
123 127
123 167
123 169
123 176
123 192
123 196
123 206
123 211
123 220
123 232
123 233
123 245
123 267
123 268
123 304
124 128
124 143
124 151
124 160
124 163
124 174
124 179
124 196
124 197
124 198
124 226
124 267
124 279
124 290
125 128
125 129
125 142
125 149
125 158
125 165
125 166
125 169
125 172
125 174
125 182
125 195
125 201
125 223
125 233
125 236
125 246
125 254
125 257
125 279
125 304
125 305
125 313
126 127
126 129
126 155
126 169
126 180
126 201
126 206
126 208
126 214
126 226
126 232
126 234
126 235
126 271
126 277
126 301
126 315
127 202
127 234
127 235
127 259
127 261
127 262
127 276
127 297
127 299
127 310
128 152
128 168
128 181
128 192
128 195
128 197
128 199
128 204
128 226
128 235
128 241
128 259
128 262
129 192
129 207
129 209
129 235
129 243
129 266
129 279
129 297
129 300
130 256
131 134
132 233
133 160
133 237
133 259
133 271
134 137
134 152
134 174
134 204
134 232
134 253
134 259
134 278
134 285
134 296
134 299
135 144
135 157
135 197
135 234
137 140
137 224
138 280
139 234
139 271
140 176
140 233
140 235
140 267
140 268
140 294
140 307
141 250
141 297
142 235
143 296
144 204
144 232
144 273
145 313
146 262
147 153
147 181
147 210
147 235
147 251
147 264
147 289
149 286
149 309
150 232
152 195
153 185
153 267
154 309
155 162
155 201
155 215
155 235
155 252
155 275
156 167
156 269
157 204
158 226
158 229
158 266
158 309
159 212
159 235
159 237
159 246
159 255
159 288
160 187
160 221
160 228
160 232
160 234
160 235
160 236
160 257
160 263
161 309
162 178
162 207
162 219
163 183
163 188
163 217
163 226
165 182
165 195
165 226
165 240
165 304
166 232
166 235
166 241
166 264
166 304
167 227
167 293
168 169
168 182
168 206
168 207
168 224
168 234
168 264
168 267
169 197
169 237
169 245
170 217
170 226
171 200
171 301
172 233
172 266
173 235
173 249
173 251
174 187
174 232
174 266
174 292
176 233
177 243
178 246
179 180
179 235
180 183
180 195
180 207
180 238
180 314
182 272
183 212
183 271
183 280
185 204
185 288
186 188
186 241
186 250
187 230
187 309
188 237
189 207
189 266
191 309
192 212
193 291
193 309
195 308
196 207
196 245
197 202
197 226
199 201
199 219
199 224
199 225
199 312
200 235
200 248
201 219
201 283
202 215
202 223
202 234
202 267
204 253
204 259
204 275
206 221
206 243
209 279
212 286
212 309
214 219
214 309
215 226
215 276
215 284
215 304
216 233
216 246
217 233
217 257
217 288
218 223
218 266
219 232
219 238
219 280
219 294
219 309
220 314
221 234
221 289
222 263
223 259
223 288
223 313
224 289
225 267
226 244
226 278
226 279
227 233
227 238
228 234
229 305
230 309
232 233
232 241
232 252
232 275
232 276
232 286
233 234
233 235
233 261
233 278
233 279
233 315
234 246
234 253
234 262
234 264
234 271
234 280
234 304
235 258
235 266
235 291
236 268
238 264
238 304
239 301
241 268
241 279
243 315
246 275
247 273
250 271
253 283
253 312
254 312
255 273
256 297
257 304
263 268
263 280
263 295
264 286
264 315
266 270
266 283
266 309
267 280
268 288
271 279
271 314
273 310
279 292
279 304
279 314
279 315
285 309
286 301
286 304
