1 40
1 61
1 76
1 143
1 241
2 27
2 107
2 112
2 114
2 143
2 174
2 180
2 266
2 312
3 32
3 102
3 121
3 127
3 181
3 253
3 273
3 299
4 6
4 32
4 54
4 90
4 108
4 123
4 124
4 139
4 164
5 17
5 37
5 90
5 97
5 125
5 134
5 155
5 162
5 223
5 241
5 242
5 243
5 253
5 262
5 266
5 314
6 99
6 101
6 110
6 121
6 123
6 127
6 169
6 233
7 17
7 40
7 68
7 78
7 88
7 92
7 99
7 121
7 127
7 160
7 187
7 193
7 233
7 266
7 280
7 313
8 124
8 162
8 165
8 204
9 65
9 140
9 148
9 217
9 293
10 56
10 108
10 110
10 123
10 212
10 238
10 259
10 287
10 313
11 22
11 173
11 223
12 37
12 65
12 89
12 129
12 233
12 234
12 252
12 266
13 47
13 51
13 105
13 134
13 231
13 304
14 23
14 169
14 210
14 231
14 233
14 252
14 280
14 303
15 122
15 123
15 157
15 219
16 52
16 127
16 138
16 207
17 79
17 81
17 125
17 133
17 171
17 234
17 256
17 312
18 129
18 137
18 153
18 155
18 301
19 63
19 76
19 99
19 199
19 226
19 233
19 250
20 76
20 166
21 28
21 207
21 234
22 27
22 111
22 115
22 168
22 207
22 264
22 267
22 313
23 37
23 40
23 49
23 98
23 121
23 125
23 155
23 177
23 203
23 235
23 256
23 271
24 128
24 233
24 234
24 239
25 55
25 73
25 79
25 167
25 194
25 265
26 44
26 50
26 73
26 117
26 133
27 89
27 209
28 95
28 100
28 174
28 267
28 306
29 36
29 59
29 125
29 135
29 160
29 174
29 226
29 233
29 239
29 274
30 100
30 162
30 234
30 266
31 94
31 124
31 165
31 252
32 66
32 104
32 111
32 114
32 123
32 232
32 237
32 239
32 247
32 309
33 35
33 75
33 180
33 189
33 210
33 279
34 36
34 121
34 123
34 129
34 134
34 171
34 190
34 201
34 264
34 309
35 48
35 57
35 59
35 100
35 122
35 125
35 133
35 277
35 292
35 299
35 302
35 304
35 309
36 47
36 127
36 130
36 160
36 162
36 189
36 210
36 233
36 264
36 285
37 134
37 209
37 269
38 51
38 123
38 129
38 169
39 76
39 247
39 253
40 43
40 52
40 90
40 121
40 127
40 140
40 167
40 173
40 179
40 197
40 208
40 221
40 227
40 235
40 282
41 42
41 52
41 168
41 177
41 207
41 239
41 255
41 309
42 70
42 90
42 100
42 129
42 192
42 197
42 246
43 104
43 216
43 226
43 266
44 73
44 90
44 97
44 113
44 199
44 275
44 293
45 121
45 279
46 84
46 125
46 207
46 233
47 264
48 204
48 219
48 253
48 305
49 106
49 133
49 140
49 168
49 234
50 248
51 68
51 84
51 208
51 220
51 271
51 309
52 122
52 141
52 202
52 204
52 246
52 315
53 219
53 274
53 288
54 63
54 125
54 127
54 135
54 140
54 163
54 187
54 201
54 221
55 59
55 91
55 255
56 121
56 135
56 241
56 304
57 64
57 121
57 124
57 126
57 128
57 189
57 195
57 235
57 309
58 124
58 126
58 143
58 271
58 279
58 296
59 74
59 107
59 143
59 200
59 219
59 223
59 233
59 241
59 267
59 304
60 138
60 216
60 223
61 85
61 86
61 112
61 123
61 203
61 217
61 219
61 304
62 97
63 122
63 181
64 239
64 247
65 100
65 114
65 219
65 234
65 283
66 90
66 101
66 182
66 202
66 315
67 83
67 85
67 123
67 133
67 140
67 188
67 259
67 279
68 204
68 233
69 139
69 228
69 250
69 304
70 194
70 278
72 126
72 216
73 125
73 127
73 128
73 137
73 234
73 237
73 312
74 167
75 90
75 121
75 128
75 150
75 253
75 260
75 267
75 282
76 135
76 171
76 181
76 194
76 195
76 197
76 238
76 311
77 99
77 113
77 119
77 121
77 125
77 130
77 174
77 182
77 193
77 202
77 233
77 246
77 267
79 135
79 149
79 200
79 266
80 112
80 132
80 145
80 168
80 233
80 234
80 266
80 288
81 85
81 125
81 187
81 189
82 121
82 226
82 234
82 261
82 274
83 101
83 232
83 293
84 237
84 246
84 283
85 130
85 162
85 204
85 216
85 232
85 233
85 280
85 304
85 306
86 123
86 200
86 220
86 233
86 279
87 233
88 97
88 176
88 232
89 110
89 150
89 211
89 241
89 262
89 293
90 104
90 107
90 124
90 125
90 126
90 139
90 142
90 160
90 168
90 197
90 208
90 236
90 249
90 267
91 232
91 258
92 151
92 187
92 201
92 226
93 268
95 107
95 121
95 125
95 173
95 180
95 233
95 234
95 271
95 272
95 290
95 303
96 127
98 99
98 104
98 123
98 141
98 207
98 234
98 238
98 250
98 286
99 123
99 125
99 127
99 129
99 134
99 151
99 162
99 173
99 197
99 201
99 202
99 203
99 215
99 231
99 235
99 246
99 259
99 266
99 304
99 309
100 107
100 114
100 121
100 123
100 174
100 195
100 197
100 201
100 204
100 229
100 239
100 264
100 268
100 273
100 309
101 313
102 134
102 156
102 216
103 122
103 182
104 117
104 199
104 259
104 268
105 110
105 139
105 203
105 226
105 266
105 308
106 123
106 129
106 227
106 237
106 249
106 277
107 188
108 116
108 160
108 188
108 309
110 123
110 139
110 206
110 238
110 256
110 271
110 285
111 127
111 143
111 221
111 233
111 292
112 121
112 129
112 219
112 314
113 125
113 176
113 264
113 279
114 286
114 304
115 217
115 266
116 126
116 157
116 273
117 125
117 168
117 204
117 247
117 250
117 309
119 123
119 135
119 175
119 218
120 122
120 129
120 139
120 278
121 122
121 125
121 127
121 157
121 160
121 162
121 168
121 170
121 215
121 216
121 218
121 219
121 223
121 230
121 233
121 257
122 123
122 125
122 128
122 129
122 135
122 141
122 147
122 148
122 154
122 158
122 169
122 171
122 172
122 180
122 219
122 226
122 232
122 237
122 238
122 240
122 253
122 261
122 277
122 281
122 288
122 297
122 301
122 313
123 127
123 141
123 144
123 185
123 200
123 228
123 235
123 236
123 243
123 251
123 268
123 275
124 126
124 130
124 147
124 155
124 185
124 201
124 206
124 210
124 212
124 216
124 232
124 245
124 247
124 251
124 259
124 266
124 314
125 127
125 134
125 163
125 188
125 189
125 196
125 204
125 207
125 216
125 217
125 228
125 238
125 241
125 271
125 280
125 283
125 288
125 301
125 304
125 309
126 144
126 164
126 181
126 185
126 201
126 232
126 264
126 266
126 267
126 304
127 128
127 129
127 154
127 180
127 193
127 198
127 204
127 206
127 213
127 226
127 266
127 279
127 282
127 286
127 306
128 129
128 130
128 134
128 150
128 159
128 177
128 183
128 188
128 208
128 216
128 232
128 262
128 297
129 156
129 168
129 178
129 193
129 198
129 207
129 220
129 225
129 232
129 234
129 235
129 277
129 283
129 288
130 226
131 243
132 138
132 197
132 277
133 168
133 254
133 266
133 285
134 135
134 159
134 200
134 223
134 232
134 233
134 236
134 259
134 264
134 269
134 278
134 280
134 308
134 312
135 148
135 157
135 158
135 184
135 202
135 216
135 235
135 237
135 313
136 299
137 160
137 168
138 162
138 163
138 172
139 168
139 194
139 243
140 152
140 162
140 180
140 206
140 219
140 237
140 264
141 142
141 147
141 155
141 219
141 228
141 265
141 292
141 304
142 168
142 176
143 192
144 168
144 262
144 277
147 162
147 235
147 250
148 297
149 228
150 168
151 235
152 201
152 207
153 180
153 222
153 232
154 159
155 201
155 233
156 194
156 308
156 310
157 297
158 207
159 204
159 224
159 234
160 199
160 210
162 180
162 181
162 199
162 221
162 222
162 244
162 285
162 297
163 234
164 175
164 253
165 203
166 235
166 279
167 203
168 196
168 236
168 273
168 276
168 278
168 312
169 171
169 200
169 265
170 259
171 238
171 241
172 232
172 246
172 309
172 313
173 182
173 204
173 231
173 233
173 235
174 182
174 233
174 309
175 246
175 250
175 285
176 219
176 280
177 258
177 293
178 218
178 272
178 274
178 279
179 235
179 267
179 279
180 200
180 252
180 258
180 309
181 183
181 199
181 201
182 233
183 234
183 293
184 281
185 204
185 217
186 202
186 233
187 235
189 200
189 214
189 221
189 239
189 279
191 252
192 311
193 234
194 219
195 205
195 226
195 266
195 274
195 286
196 280
197 240
199 221
199 243
199 276
200 233
201 218
201 220
201 267
202 203
202 216
202 221
202 305
203 253
203 267
203 288
204 219
204 259
204 287
204 309
204 313
205 233
206 216
206 237
206 254
207 294
207 296
207 298
208 264
209 247
209 255
209 266
210 279
210 283
212 214
212 258
212 284
214 226
214 304
214 313
215 237
215 246
215 279
216 223
217 218
217 235
218 225
219 227
219 232
219 303
220 222
220 233
221 249
221 279
222 230
222 309
222 312
223 228
223 234
223 235
223 272
224 296
226 232
226 233
226 234
226 236
226 254
226 261
226 279
226 297
227 262
228 265
231 266
232 291
232 312
233 280
233 284
233 302
233 305
234 276
234 304
234 309
235 238
235 245
235 252
235 274
235 279
235 313
237 279
237 310
238 240
238 274
238 288
239 266
239 296
240 279
241 292
241 311
243 249
243 286
244 313
245 301
246 253
246 274
249 279
252 293
254 277
256 279
257 266
257 271
258 275
259 304
260 304
260 309
262 285
262 307
267 286
270 309
271 280
272 290
274 292
285 309
285 314
286 304
304 314
