0 4
0 23
0 31
0 85
0 168
0 256
1 12
1 15
1 31
1 56
1 125
1 180
1 307
2 10
2 115
2 124
2 162
2 165
3 15
3 128
3 149
4 7
4 12
4 17
4 29
4 30
4 43
4 62
4 104
4 122
4 136
4 158
4 239
5 22
5 27
5 35
5 56
5 66
5 77
5 81
5 99
5 100
5 103
5 107
5 110
5 119
5 122
5 138
5 181
5 222
5 234
5 235
5 246
5 259
5 309
6 121
6 125
6 128
6 202
6 226
6 273
6 279
7 13
7 26
7 39
7 84
7 94
7 102
7 116
7 122
7 139
7 200
7 217
7 246
7 279
8 9
8 99
8 126
8 264
9 90
9 174
9 197
9 252
10 41
10 72
10 122
10 197
10 275
11 18
11 67
11 105
11 124
11 176
11 188
11 235
11 245
11 256
11 260
12 46
12 117
12 127
12 133
12 234
13 15
13 51
13 99
13 123
13 156
13 174
13 235
14 18
14 84
14 107
14 124
14 226
14 241
15 30
15 76
15 122
15 124
15 146
15 230
15 241
16 45
16 67
16 85
16 227
16 230
16 253
16 304
16 312
17 23
17 67
17 143
17 199
17 203
17 309
18 90
18 100
18 150
18 271
19 100
19 122
19 206
19 308
19 314
20 34
20 55
20 108
20 159
20 189
20 198
20 218
20 219
20 236
20 292
21 73
21 99
21 235
21 237
22 36
22 173
22 197
22 246
22 311
23 24
23 29
23 122
23 255
23 304
24 33
24 38
24 53
24 142
24 175
24 233
24 234
24 302
25 161
26 129
26 220
26 264
27 137
27 139
28 30
28 90
28 124
28 206
29 37
29 41
29 126
29 233
29 257
30 95
31 88
31 182
31 240
31 286
32 76
32 100
32 123
32 125
32 142
32 219
32 235
33 68
33 123
33 201
33 202
33 232
33 266
33 275
34 116
34 241
34 247
34 258
34 278
34 288
35 36
35 44
35 59
35 76
35 85
35 106
35 117
35 124
35 135
35 162
35 192
35 201
35 207
35 215
35 221
35 232
35 233
35 266
35 286
35 292
35 308
36 40
36 53
36 56
36 74
36 90
36 134
36 144
36 159
36 176
36 221
36 232
36 233
36 240
37 54
37 58
37 134
37 286
38 126
38 127
38 213
38 250
39 62
39 185
39 226
39 238
39 267
39 277
39 288
40 46
40 82
40 85
40 100
40 168
40 191
40 265
41 66
41 122
41 188
41 199
41 203
41 234
41 266
42 43
42 140
42 180
42 189
42 235
43 68
43 85
43 152
43 236
44 125
44 206
44 234
44 261
46 151
47 143
48 204
49 81
49 246
49 296
49 308
49 309
50 57
50 72
50 112
50 129
51 123
51 124
51 127
51 234
51 259
51 286
52 76
52 83
52 225
52 304
53 176
54 98
54 121
54 126
54 165
54 192
54 289
55 213
55 235
55 265
55 279
56 102
56 111
56 123
56 126
57 98
57 100
58 121
58 272
59 80
59 104
59 122
59 129
59 137
59 147
59 168
59 185
59 204
59 220
59 229
59 260
59 267
61 126
61 128
61 232
61 253
62 125
62 127
62 143
62 186
62 312
64 110
64 134
64 160
65 100
65 124
65 168
65 219
65 233
66 90
66 156
66 275
66 300
67 106
67 124
67 127
67 141
67 148
67 163
67 264
67 273
68 107
68 122
68 237
68 263
69 121
69 157
69 168
70 98
70 124
70 293
71 129
71 134
71 217
72 99
72 127
72 169
72 226
72 259
72 264
73 77
73 82
73 93
73 96
73 123
73 147
73 202
73 212
73 233
73 235
73 253
73 266
74 99
74 117
74 268
74 285
75 123
75 125
75 195
75 233
75 234
75 309
76 100
76 122
76 127
76 131
76 160
76 189
76 198
76 218
76 234
76 244
76 279
77 89
77 104
77 123
77 129
77 130
77 140
77 153
77 195
77 208
77 210
77 235
77 241
77 262
77 304
78 112
79 108
79 125
79 292
80 99
80 234
80 262
80 269
81 180
82 117
82 157
82 247
83 127
83 216
83 255
83 314
84 90
84 171
84 201
84 232
84 251
84 289
84 291
84 306
84 309
85 100
85 121
85 124
85 149
85 234
85 235
85 282
86 122
86 201
86 202
86 271
87 234
88 128
88 195
88 224
88 268
89 103
89 121
89 124
89 134
89 165
89 210
89 232
89 286
89 288
89 314
90 108
90 122
90 125
90 127
90 217
90 233
90 267
90 287
90 304
91 121
91 126
91 129
91 261
91 309
92 128
92 129
92 219
92 235
93 103
93 125
93 141
93 256
94 258
94 280
95 128
95 160
95 176
95 209
95 224
95 293
95 314
96 124
96 292
97 123
97 234
97 276
97 286
98 99
98 124
98 223
99 106
99 125
99 130
99 132
99 134
99 137
99 157
99 161
99 172
99 199
99 287
100 121
100 122
100 125
100 129
100 148
100 177
100 209
100 222
100 224
100 264
100 304
101 206
101 222
101 226
101 280
102 129
103 223
103 304
104 179
104 268
105 123
105 125
105 201
105 226
105 263
105 291
105 314
106 216
107 140
107 174
107 309
108 130
108 140
108 180
108 249
108 299
109 121
110 135
110 168
110 216
110 220
110 247
110 288
110 297
111 200
111 226
111 246
111 258
111 259
112 125
112 195
112 219
112 233
112 259
113 181
113 204
115 124
115 138
115 253
115 291
116 130
116 135
117 126
117 147
117 218
117 233
117 234
117 271
117 296
117 313
118 279
119 172
119 246
120 166
120 189
120 201
120 220
120 228
120 257
120 273
121 123
121 125
121 134
121 143
121 173
121 202
121 221
121 226
121 232
121 235
121 245
121 246
121 296
122 124
122 126
122 127
122 129
122 135
122 137
122 155
122 161
122 169
122 173
122 202
122 222
122 233
122 235
122 241
122 246
122 253
122 257
122 295
122 305
122 307
122 309
123 124
123 137
123 140
123 171
123 203
123 234
123 238
123 240
123 241
123 247
123 253
123 266
123 276
123 291
124 127
124 128
124 147
124 178
124 180
124 187
124 200
124 217
124 218
124 226
124 228
124 232
124 243
124 254
124 262
124 267
124 275
124 302
125 128
125 133
125 135
125 140
125 149
125 155
125 163
125 173
125 174
125 180
125 204
125 212
125 221
125 226
125 232
125 234
125 243
125 251
125 252
125 253
125 286
125 292
125 300
125 304
125 314
126 177
126 209
126 220
126 230
126 232
126 234
126 235
126 241
126 266
126 268
126 275
126 276
126 304
127 128
127 149
127 159
127 169
127 173
127 185
127 190
127 229
127 230
127 235
127 239
127 247
127 249
127 260
127 261
127 275
127 279
127 304
127 311
127 315
128 137
128 176
128 197
128 200
128 217
128 241
128 246
128 259
128 292
128 297
128 305
129 149
129 151
129 159
129 163
129 173
129 189
129 203
129 206
129 210
129 232
129 237
129 249
129 254
129 261
129 263
129 269
129 275
131 164
131 187
131 189
131 226
131 237
131 272
132 162
132 163
132 232
133 261
134 158
134 167
134 173
134 222
134 226
134 240
134 247
134 255
134 263
134 269
134 282
135 185
136 234
137 152
137 196
137 264
138 189
138 288
139 178
139 215
139 258
139 285
140 188
140 196
140 218
140 234
140 245
141 179
141 310
142 161
142 167
142 231
142 273
142 313
143 172
143 200
143 267
143 290
143 306
144 210
144 226
144 261
144 286
144 289
146 231
147 180
147 261
149 174
149 232
151 155
151 176
153 265
154 178
154 234
155 179
155 200
155 204
156 179
156 181
157 180
157 250
158 169
158 206
158 274
158 284
158 298
159 200
159 264
159 266
160 203
160 218
160 221
160 230
160 269
160 271
161 200
161 266
161 279
162 206
162 267
162 279
162 304
163 201
163 217
163 232
163 278
164 207
164 308
165 175
166 168
166 172
166 195
166 226
166 232
166 257
167 178
167 236
168 276
168 304
168 309
170 237
170 254
170 309
172 222
173 218
173 279
173 311
174 206
174 244
174 265
176 186
176 200
176 219
178 204
179 186
179 216
179 228
179 278
180 221
180 277
180 288
180 291
180 302
181 207
181 253
181 266
182 219
182 261
182 299
183 204
183 222
183 266
184 309
185 275
185 280
185 304
186 253
186 307
187 231
188 259
188 309
189 217
190 252
190 272
190 309
191 247
192 228
192 232
192 234
192 252
193 204
195 202
197 219
198 199
200 210
200 266
200 272
200 290
201 233
201 235
201 237
201 291
202 271
203 206
203 258
203 304
204 207
204 222
204 227
204 232
205 279
206 207
206 229
206 306
207 239
207 243
208 217
209 234
209 282
209 292
210 220
214 249
214 273
216 237
216 239
216 241
216 244
216 266
216 276
217 226
217 236
218 220
218 264
218 273
218 304
219 264
219 304
219 308
220 225
220 268
220 276
221 235
221 249
221 266
222 234
222 246
222 279
222 302
223 229
223 241
223 292
223 313
224 246
224 264
224 275
225 227
225 267
226 304
226 308
226 315
227 233
227 236
227 238
227 250
227 274
231 305
232 266
232 267
232 288
232 304
232 306
232 309
233 261
233 266
233 275
234 235
234 237
234 264
234 279
234 288
234 303
235 277
235 279
236 239
236 273
237 267
238 293
238 303
239 250
240 284
240 314
241 266
241 282
241 309
245 309
246 279
247 304
248 278
250 290
253 264
255 265
257 260
257 263
257 272
259 304
259 309
260 309
260 313
262 308
265 295
266 274
266 297
267 313
272 279
277 314
279 308
279 309
279 310
281 285
285 286
