0 2
0 90
0 127
0 296
1 17
1 56
1 259
2 4
2 15
2 82
2 121
2 223
2 271
3 28
3 33
3 43
3 151
3 176
4 14
4 36
4 121
4 125
4 133
4 183
5 65
5 75
5 76
5 77
5 81
5 123
5 129
5 176
5 203
5 206
5 217
5 232
5 238
5 279
5 287
6 36
6 44
6 55
6 110
6 115
6 118
6 250
6 252
6 309
7 24
7 34
7 51
7 54
7 67
7 121
7 125
7 133
7 138
7 140
7 209
7 226
7 234
7 271
7 276
7 298
8 124
9 22
9 50
9 55
9 59
9 90
9 97
9 110
9 122
9 188
9 204
9 217
10 12
10 44
10 70
10 90
10 98
10 99
10 117
10 141
10 154
10 180
10 207
11 120
11 275
12 144
12 164
12 243
12 252
12 288
13 147
13 155
13 200
13 212
13 233
13 241
14 77
14 175
14 237
14 277
14 304
15 76
15 185
15 243
15 257
16 24
16 129
16 153
16 233
16 234
16 240
17 24
17 34
17 59
17 71
17 75
17 84
17 136
17 157
17 166
17 205
17 216
17 257
17 261
17 309
18 110
18 134
18 219
19 110
19 127
19 132
20 79
20 85
20 108
20 126
20 134
20 174
20 232
20 234
20 243
20 271
20 304
21 86
21 129
22 35
22 66
22 139
22 170
22 219
22 223
22 237
22 267
23 35
23 76
23 121
23 238
23 241
24 46
24 47
24 112
24 126
24 141
24 219
24 226
24 246
24 253
24 265
24 309
24 312
25 39
25 93
25 217
26 245
26 267
26 269
27 117
27 177
27 232
28 35
28 40
28 110
28 156
28 184
29 57
29 68
29 114
29 128
29 145
29 163
29 173
29 219
29 261
29 286
30 81
30 123
30 180
30 197
30 301
30 309
31 158
31 160
32 77
32 99
32 169
32 210
32 237
32 276
33 77
33 111
33 132
33 134
33 198
34 61
34 126
35 52
35 92
35 100
35 116
35 123
35 128
35 129
35 133
35 140
35 151
35 189
35 197
35 226
35 259
35 266
35 284
36 100
36 112
36 129
36 142
36 159
36 171
36 181
36 187
36 259
36 267
37 66
37 147
37 223
37 234
37 235
37 260
38 127
38 134
38 163
38 220
38 299
39 41
39 77
39 117
39 124
39 129
39 145
39 234
39 252
39 284
40 42
40 87
40 99
40 113
40 127
40 176
40 218
40 259
40 263
40 306
40 309
41 61
41 67
41 147
41 206
41 209
41 235
42 107
42 129
42 164
42 169
42 231
42 260
42 279
44 53
44 79
44 84
44 123
44 243
45 47
45 90
45 193
46 52
46 72
46 309
47 157
47 287
48 168
48 214
49 105
49 108
49 121
49 128
49 194
49 217
49 246
49 255
50 124
50 232
50 235
51 55
51 80
51 85
51 95
51 226
51 230
52 56
52 110
52 134
52 174
52 176
52 204
52 214
52 278
53 121
53 236
53 304
54 99
54 117
54 123
54 181
54 203
54 214
54 220
55 77
55 134
55 140
55 156
55 219
55 266
56 68
56 126
56 187
56 201
56 204
56 210
56 214
56 287
57 133
57 160
57 218
57 220
58 59
58 200
59 72
59 85
59 90
59 100
59 112
59 127
59 155
59 223
59 238
59 309
60 128
60 191
60 202
61 128
61 278
61 288
61 301
61 304
62 100
62 122
62 128
62 161
62 179
62 226
63 76
63 185
63 188
64 67
64 72
64 84
64 135
64 206
65 69
65 95
65 121
66 187
66 226
66 261
67 79
67 140
67 166
67 204
67 235
67 277
67 309
68 89
68 174
68 187
69 83
69 86
69 241
70 153
70 212
71 115
71 126
71 158
71 232
72 95
72 100
72 121
72 155
72 160
72 197
72 219
72 279
72 296
73 82
73 117
73 121
73 160
73 219
73 235
73 256
74 182
74 271
75 77
75 89
75 107
75 126
75 167
75 189
76 128
76 159
76 173
76 174
76 189
76 195
76 202
76 214
76 218
76 233
76 234
76 241
76 297
77 85
77 99
77 108
77 121
77 122
77 123
77 143
77 163
77 177
77 204
77 258
77 266
77 276
77 280
78 106
78 226
79 99
79 100
79 103
79 109
79 125
79 207
79 235
79 246
79 288
80 126
80 199
81 124
81 157
82 125
82 145
82 212
83 88
83 219
84 126
84 130
84 131
84 180
84 272
84 292
85 98
85 106
85 121
85 124
85 193
85 222
85 223
85 269
85 277
86 176
86 308
87 104
87 142
87 204
87 209
87 233
87 286
88 126
88 266
89 286
90 122
90 126
90 129
90 139
90 152
90 162
90 172
90 221
90 232
90 260
90 277
90 279
90 289
90 299
91 124
91 296
91 305
92 133
92 206
92 235
93 134
93 166
94 123
94 126
94 261
95 99
95 104
95 122
95 182
95 198
95 240
95 246
96 124
96 135
96 157
96 177
96 195
96 233
96 309
97 121
97 188
97 219
97 297
97 298
97 309
98 122
98 129
98 159
98 232
98 247
98 249
98 291
99 110
99 122
99 125
99 126
99 128
99 155
99 199
99 219
99 241
99 246
99 266
99 271
100 121
100 122
100 123
100 124
100 125
100 140
100 154
100 169
100 174
100 210
100 215
100 220
100 234
100 262
100 309
100 311
101 113
101 168
101 204
101 279
102 152
102 164
102 165
102 232
103 124
103 126
103 170
103 201
103 203
103 236
103 241
104 128
104 252
104 259
104 308
105 111
105 126
105 143
105 178
105 233
105 268
105 309
106 128
106 147
106 162
106 235
106 247
106 313
107 123
107 128
107 137
107 226
107 235
108 181
108 308
109 125
109 217
109 277
109 305
110 117
110 125
110 202
110 232
111 137
111 262
111 278
112 266
112 271
112 309
113 134
113 154
114 204
115 126
115 232
115 286
116 182
117 124
117 148
117 180
117 217
117 264
117 265
119 128
119 163
119 209
119 234
120 121
120 127
120 265
121 127
121 128
121 138
121 139
121 154
121 160
121 168
121 174
121 180
121 187
121 192
121 195
121 207
121 219
121 235
121 241
121 245
121 267
121 268
121 280
121 283
121 285
122 123
122 126
122 128
122 134
122 135
122 139
122 150
122 154
122 158
122 161
122 174
122 181
122 186
122 189
122 195
122 204
122 208
122 209
122 216
122 218
122 222
122 223
122 234
122 241
122 249
122 253
122 267
122 274
122 280
122 294
123 125
123 127
123 129
123 135
123 141
123 172
123 174
123 183
123 190
123 217
123 219
123 252
123 279
123 292
123 293
123 305
124 126
124 128
124 129
124 163
124 167
124 173
124 176
124 180
124 187
124 190
124 195
124 206
124 212
124 221
124 226
124 234
124 235
124 243
124 255
124 265
124 269
124 311
125 126
125 129
125 134
125 137
125 149
125 151
125 163
125 181
125 200
125 201
125 204
125 208
125 228
125 241
125 261
125 267
125 279
125 291
125 306
125 307
126 128
126 129
126 142
126 147
126 149
126 160
126 184
126 185
126 186
126 200
126 215
126 216
126 218
126 219
126 221
126 226
126 233
126 241
126 253
126 257
126 261
126 266
126 308
126 314
127 140
127 160
127 163
127 171
127 202
127 206
127 219
127 227
127 258
127 267
127 283
127 286
128 147
128 208
128 210
128 216
128 220
128 230
128 233
128 234
128 254
128 255
128 257
128 304
129 133
129 134
129 173
129 202
129 220
129 237
129 240
129 257
129 285
129 296
129 304
129 309
130 143
131 153
131 180
131 248
132 163
132 309
134 155
134 234
134 237
134 246
134 264
134 276
134 291
134 292
135 142
135 148
135 162
135 215
135 226
135 231
135 305
136 252
137 166
137 204
137 232
137 314
138 209
138 220
138 222
138 229
138 247
138 304
139 175
139 199
139 241
139 247
140 168
140 268
141 158
141 161
141 209
141 232
141 247
142 206
142 226
143 233
143 245
143 296
143 309
144 287
145 191
145 217
146 207
146 254
147 198
147 217
147 235
148 200
148 234
148 240
148 245
149 162
149 260
149 271
149 309
151 163
151 309
152 226
153 199
153 207
153 241
153 277
153 309
154 259
155 164
155 309
156 233
157 235
157 252
158 207
158 228
158 266
158 309
159 209
160 182
160 233
160 271
162 231
162 232
162 233
162 266
162 287
163 181
163 185
163 208
163 212
163 236
164 304
165 279
166 218
167 241
168 246
168 252
168 291
168 292
169 194
169 234
169 279
170 263
170 294
171 226
172 248
172 280
173 232
173 246
173 268
173 281
174 201
174 237
174 246
174 253
175 285
175 288
176 193
176 222
176 226
177 202
178 250
178 267
178 304
180 233
181 233
181 251
182 183
182 238
183 208
183 219
183 261
186 234
186 260
187 199
187 227
187 243
187 266
187 290
188 207
188 280
189 197
189 206
189 216
189 233
189 257
191 204
192 302
193 206
193 219
193 288
195 201
195 208
195 259
196 218
197 205
197 242
197 244
197 247
197 266
198 216
198 232
199 209
199 262
200 231
200 279
201 219
201 266
201 280
201 306
202 233
203 233
203 266
204 219
204 220
204 221
204 224
204 235
204 239
204 253
204 262
204 267
204 279
204 306
205 291
207 216
207 226
207 244
207 266
207 271
207 280
208 216
209 246
210 243
210 264
212 261
212 271
212 309
213 243
214 220
214 233
214 278
215 224
216 223
216 233
216 288
216 292
216 297
217 220
217 233
217 235
217 280
218 233
218 259
218 264
219 237
219 238
219 253
219 286
220 238
220 269
221 265
221 275
221 279
221 291
222 232
222 287
223 233
223 261
223 304
223 313
224 304
225 313
226 236
226 266
226 308
227 251
229 241
230 311
232 257
232 273
232 298
232 313
233 235
233 239
233 274
233 293
233 299
233 314
234 266
234 273
235 236
235 243
235 266
235 309
235 314
236 259
238 309
241 286
241 288
241 300
243 293
243 299
246 267
246 274
250 261
250 313
251 257
252 258
254 279
259 261
264 309
265 309
266 309
267 283
272 286
273 275
276 304
279 304
279 306
297 304
298 315
