0 6
0 90
0 201
0 231
1 10
1 35
2 35
2 43
2 45
2 49
2 119
2 125
2 126
2 206
2 213
2 231
2 268
2 309
3 21
3 24
3 26
3 27
3 89
3 143
3 278
4 20
4 32
4 75
4 117
4 147
4 156
4 158
4 204
4 253
4 262
4 263
4 280
5 29
5 59
5 102
5 121
5 123
5 125
5 183
5 201
5 219
5 235
5 257
5 266
6 35
6 52
6 77
6 78
6 155
6 169
6 198
6 233
6 296
6 311
6 314
7 35
7 73
7 87
7 90
7 97
7 122
7 128
7 143
7 189
7 234
7 286
7 309
8 123
8 160
9 40
9 51
9 101
9 125
9 217
9 233
9 235
10 24
10 49
10 75
10 110
10 118
10 175
10 224
10 292
11 219
12 86
12 179
12 181
12 226
12 235
12 292
13 49
13 52
13 64
13 72
13 122
13 129
13 134
13 166
13 187
13 217
13 222
14 90
14 123
14 134
14 147
14 154
14 160
14 241
15 122
15 222
16 29
16 32
16 66
16 234
17 104
17 122
17 123
17 134
17 150
17 188
17 203
17 222
17 227
17 270
18 75
18 95
18 175
18 196
18 262
19 123
19 204
20 26
20 35
20 104
20 122
20 156
20 237
20 255
20 262
21 142
21 313
22 50
22 84
22 201
22 226
22 230
22 286
23 32
23 48
23 121
23 122
23 127
23 165
23 235
23 246
23 272
24 29
24 40
24 70
24 121
24 140
24 162
24 169
24 195
24 266
24 309
25 36
25 42
25 111
25 123
25 305
26 28
26 71
26 147
26 195
26 232
27 121
27 144
27 155
28 29
28 36
28 40
28 51
28 77
28 123
28 234
28 265
28 279
28 286
29 35
29 57
29 87
29 112
29 120
29 121
29 123
29 174
29 195
30 93
30 132
30 175
31 54
31 124
31 164
31 253
32 301
33 77
33 100
33 126
33 202
33 274
34 99
34 100
34 106
34 128
34 181
34 243
35 85
35 89
35 96
35 121
35 140
35 158
35 160
35 177
35 225
35 235
35 237
35 256
35 274
35 292
35 304
36 49
36 110
36 134
36 162
36 165
36 195
36 203
36 214
36 253
36 280
37 42
37 44
37 65
37 96
37 122
37 135
37 193
37 215
38 59
38 76
38 128
38 133
38 186
38 286
39 56
39 72
39 97
39 147
39 258
39 300
39 305
39 309
40 76
40 118
40 121
40 128
40 135
40 139
40 173
40 218
40 266
41 49
41 75
41 125
41 127
41 137
41 162
41 187
41 238
41 273
42 79
42 89
42 117
42 180
42 200
42 233
42 288
42 308
43 120
43 163
43 199
43 304
43 314
44 56
44 122
44 134
44 136
44 202
44 246
44 260
45 84
46 121
46 199
47 121
47 125
47 140
48 157
48 200
48 226
49 105
49 168
49 204
49 212
49 262
50 134
50 241
51 64
51 90
51 129
51 134
51 204
51 221
51 237
51 267
51 268
52 54
52 70
52 100
52 115
52 125
52 144
52 158
52 173
52 199
52 232
52 309
53 154
53 215
54 117
54 122
54 139
54 217
54 233
54 295
55 67
55 122
55 235
55 238
55 279
56 65
56 123
56 204
57 65
57 117
57 128
57 141
57 161
57 199
57 226
58 77
59 157
59 253
59 293
60 67
61 90
61 122
61 125
61 137
61 159
61 204
62 129
62 172
62 285
63 123
64 240
64 284
65 99
65 137
65 165
65 202
65 229
65 302
66 68
66 76
66 89
66 123
66 124
66 144
66 238
66 246
66 268
67 129
67 262
67 286
67 309
68 122
68 139
68 229
69 119
69 134
70 191
70 291
71 176
71 297
72 126
72 134
73 89
73 100
73 202
73 213
73 226
73 308
74 205
74 220
74 238
74 247
75 88
75 90
75 99
75 100
75 104
75 122
75 123
75 124
75 125
75 126
75 127
75 173
75 183
75 202
75 233
75 234
75 243
75 263
75 279
75 304
75 311
76 77
76 104
76 106
76 121
76 130
76 143
76 163
76 189
76 199
76 204
76 235
76 241
76 247
76 297
77 110
77 117
77 121
77 124
77 134
77 137
77 144
77 165
77 189
77 194
77 219
77 282
77 288
77 309
78 122
78 309
79 90
79 264
79 271
80 129
80 163
80 309
81 115
81 247
81 264
81 275
82 122
82 135
82 246
83 121
83 124
83 158
83 180
83 234
84 111
84 126
84 206
84 223
84 297
85 121
85 128
85 188
85 218
85 225
85 309
85 310
86 90
86 157
86 241
87 184
87 199
87 278
88 160
88 198
89 95
89 156
89 158
89 176
89 180
89 214
89 251
89 304
90 121
90 124
90 129
90 157
90 162
90 209
90 229
90 239
90 243
90 258
90 260
90 265
90 267
90 269
90 282
90 298
91 135
91 195
91 266
92 219
93 132
93 175
93 232
94 233
94 279
94 309
95 99
95 114
95 133
95 139
95 142
95 144
95 162
95 163
95 176
95 279
95 280
96 105
96 125
96 235
96 304
97 117
97 122
97 126
97 135
97 139
97 177
97 194
97 233
98 125
98 180
98 234
98 252
98 266
98 283
99 113
99 121
99 127
99 140
99 168
99 202
99 204
99 231
99 246
100 102
100 106
100 129
100 158
100 182
100 188
100 204
100 224
100 234
100 235
100 241
100 246
100 290
101 128
101 149
101 237
101 276
102 125
102 134
102 311
103 156
103 204
103 241
104 123
104 188
104 216
104 232
104 301
105 125
105 173
105 288
105 314
106 108
106 125
106 160
106 180
106 223
106 235
106 258
107 110
107 233
107 234
108 214
108 246
108 259
110 125
110 260
110 315
111 134
111 160
111 216
111 238
111 252
112 161
112 192
112 198
113 286
114 252
114 288
115 234
115 235
115 277
116 124
116 202
116 258
116 263
116 278
117 123
117 155
117 166
117 233
117 239
117 246
117 266
119 123
119 153
119 158
119 208
119 220
120 127
120 134
120 172
120 195
120 276
121 125
121 153
121 165
121 166
121 173
121 188
121 206
121 207
121 208
121 226
121 234
121 235
121 244
121 246
121 263
121 264
121 292
121 304
121 314
122 126
122 158
122 162
122 163
122 182
122 204
122 209
122 210
122 225
122 232
122 238
122 240
122 271
122 274
122 282
122 302
122 304
122 309
122 314
123 126
123 127
123 128
123 133
123 134
123 141
123 146
123 158
123 187
123 204
123 217
123 232
123 254
123 255
123 266
123 273
123 298
124 125
124 159
124 176
124 177
124 183
124 189
124 195
124 196
124 234
124 246
124 253
124 256
124 260
124 267
124 289
124 293
124 309
125 126
125 127
125 144
125 166
125 182
125 195
125 233
125 241
125 246
125 249
125 283
125 296
126 134
126 140
126 160
126 182
126 200
126 223
126 266
126 269
126 309
127 128
127 129
127 176
127 232
127 234
127 243
127 266
127 277
127 309
128 132
128 141
128 160
128 161
128 167
128 176
128 186
128 188
128 191
128 192
128 200
128 201
128 202
128 226
128 232
128 233
128 235
128 241
128 253
128 267
128 288
128 289
129 134
129 141
129 142
129 172
129 187
129 192
129 198
129 209
129 212
129 218
129 233
129 237
129 241
129 266
129 277
129 286
129 304
129 309
129 314
130 255
130 285
130 300
132 206
133 162
133 192
133 311
134 172
134 191
134 200
134 204
134 214
134 240
134 257
134 260
134 264
134 294
135 136
135 156
135 198
137 158
137 219
137 227
137 232
137 246
137 265
138 183
139 228
139 273
139 303
140 195
140 234
140 241
140 264
141 142
141 218
141 299
142 198
142 216
142 237
142 279
143 283
144 233
144 274
145 158
145 170
145 185
146 154
146 256
146 266
147 304
148 224
148 232
148 239
149 168
149 222
149 271
151 176
151 257
151 266
152 168
152 180
152 222
152 249
153 171
153 300
153 305
154 174
154 246
155 236
155 244
155 283
155 309
156 168
156 195
157 201
157 214
157 301
158 201
158 207
158 214
158 219
158 225
159 223
159 298
159 299
160 185
160 204
160 225
160 271
160 288
161 240
161 268
162 187
162 218
162 223
163 172
163 238
164 233
164 266
165 166
165 173
165 209
165 219
165 232
165 261
166 231
166 243
166 283
167 187
167 201
167 267
168 169
168 175
169 286
170 250
171 195
172 183
172 219
172 221
172 233
172 236
172 279
172 288
173 205
173 279
173 286
174 209
174 217
174 262
174 266
174 286
174 309
175 268
176 188
177 229
180 206
180 234
181 192
181 204
181 221
181 232
181 250
181 291
182 204
183 200
183 232
183 279
184 235
184 264
185 206
186 206
187 226
187 233
187 247
187 279
188 205
188 218
188 277
189 231
189 234
189 246
189 309
191 199
191 299
192 268
192 281
193 233
193 314
195 220
195 255
195 273
197 230
199 232
200 271
201 204
201 237
201 262
201 290
202 219
202 236
202 253
202 280
202 304
202 307
203 220
203 232
204 233
204 254
204 279
204 292
204 305
205 216
206 226
206 235
206 250
206 264
206 266
207 226
208 313
209 236
209 304
210 224
210 233
210 266
212 279
212 304
213 286
215 226
215 233
215 286
216 234
217 219
217 279
218 236
218 262
219 238
219 240
219 265
219 278
220 260
220 285
221 309
222 315
223 235
223 271
223 298
223 313
224 238
226 237
226 238
226 256
226 262
226 266
226 273
226 299
228 232
228 281
230 265
231 257
231 286
232 235
232 246
232 261
232 262
232 304
232 308
233 240
233 268
233 288
234 239
234 241
234 246
234 271
234 285
234 302
234 314
235 259
235 266
235 284
235 302
235 304
236 245
236 250
236 252
236 278
236 314
238 283
240 297
241 276
241 285
241 306
247 266
247 277
249 267
249 283
252 305
253 297
253 304
257 280
258 263
260 280
261 299
262 267
264 315
266 288
266 297
266 303
273 290
273 301
276 286
277 305
279 301
286 294
289 309
289 311
296 298
300 314
314 315
