0 16
0 69
0 268
1 2
1 6
1 206
2 49
2 74
2 106
2 206
2 234
2 243
2 253
2 299
3 29
3 125
3 140
3 241
3 255
3 296
4 7
4 34
4 84
4 122
4 127
4 163
4 226
4 238
4 255
4 286
5 12
5 14
5 61
5 79
5 100
5 101
5 109
5 121
5 128
5 133
5 134
5 157
5 160
5 195
5 209
5 218
5 226
5 231
5 234
5 299
6 85
6 128
6 154
6 170
6 188
6 223
6 231
6 241
6 243
6 264
6 312
7 40
7 85
7 108
7 114
7 128
7 133
7 139
7 144
7 169
7 183
7 196
7 198
7 216
7 240
7 262
7 267
7 313
8 126
8 234
8 235
8 299
9 54
9 74
9 101
9 126
9 189
10 16
10 52
10 93
10 119
10 189
10 262
10 303
10 307
11 28
11 267
12 76
12 115
12 122
12 147
12 261
12 265
12 276
13 129
13 231
13 238
13 313
14 121
14 265
15 160
15 185
15 237
15 258
15 277
16 64
16 115
16 122
16 134
16 235
16 293
17 129
17 155
17 187
17 217
17 221
17 233
17 239
17 266
17 273
17 274
18 83
18 168
18 210
18 220
18 276
20 96
20 110
20 125
20 131
20 184
20 216
21 122
22 41
22 80
22 134
22 208
22 226
22 283
23 36
23 76
23 88
23 109
23 117
23 125
23 126
23 167
23 192
23 216
23 222
23 234
23 271
24 83
24 172
24 180
24 249
24 250
24 295
25 138
25 147
25 280
26 125
26 197
26 279
27 34
27 37
27 118
27 123
27 125
27 241
27 255
27 308
28 32
28 125
28 134
28 138
28 180
29 147
29 161
29 170
29 201
30 77
31 77
31 121
31 126
31 180
31 223
31 277
32 122
32 134
33 106
33 124
34 128
34 219
35 61
35 67
35 85
35 89
35 90
35 115
35 127
35 134
35 135
35 136
35 197
35 235
35 246
35 296
36 41
36 65
36 80
36 126
36 178
36 201
36 220
36 229
36 265
37 38
37 128
37 135
37 201
37 309
38 126
38 195
38 212
38 242
38 257
39 123
39 126
39 187
39 276
39 313
40 65
40 113
40 122
40 133
40 136
40 144
40 223
40 239
40 241
40 257
41 49
41 62
41 82
41 90
41 117
41 126
41 127
41 232
41 288
41 308
42 44
42 72
42 124
42 125
42 129
42 134
42 135
42 144
42 163
42 166
42 200
42 234
42 236
43 73
43 100
43 127
43 189
44 168
44 309
45 126
46 128
46 293
47 99
47 224
47 232
48 235
49 62
49 165
49 234
49 238
49 264
49 266
49 288
50 160
51 54
51 96
51 117
51 124
51 129
51 266
51 309
52 77
52 125
52 126
52 129
52 180
52 233
52 282
52 315
53 71
53 77
53 127
53 164
53 224
53 246
54 90
54 139
54 171
54 177
54 203
54 237
54 266
54 313
54 315
55 65
55 129
55 162
55 233
55 250
56 158
56 238
57 111
57 126
57 129
57 151
57 182
57 204
57 221
58 193
59 123
59 130
59 134
59 180
59 181
59 232
59 252
59 265
59 266
60 273
61 106
61 204
61 266
62 159
62 168
62 309
64 121
64 273
65 128
65 190
65 252
65 301
66 111
66 156
66 291
66 304
67 77
67 85
67 89
67 99
67 145
67 168
67 169
67 219
68 128
68 264
68 279
68 294
69 111
69 188
69 197
69 200
69 232
69 250
70 90
70 92
70 122
70 136
70 146
70 160
70 195
70 236
71 125
71 134
71 169
71 236
71 296
72 74
72 80
72 95
72 96
72 98
72 120
72 123
72 139
72 237
72 312
73 81
73 144
73 237
73 258
74 112
74 121
74 204
74 245
74 269
75 77
75 102
75 121
75 143
75 164
75 174
75 233
75 241
75 280
75 298
76 121
76 122
76 124
76 125
76 151
76 182
76 185
76 198
76 204
76 215
76 233
76 246
76 256
76 261
76 271
76 274
77 91
77 100
77 105
77 107
77 111
77 121
77 129
77 147
77 172
77 186
77 225
77 227
77 233
77 236
77 255
77 261
77 311
78 126
78 140
78 269
79 118
79 226
80 112
80 127
80 134
80 142
80 169
80 180
80 203
80 235
81 124
81 128
81 173
81 246
81 305
82 156
82 199
82 201
82 238
83 91
83 121
83 123
83 126
83 234
83 282
84 123
84 145
84 183
84 204
84 207
84 217
85 86
85 91
85 126
85 134
85 148
85 198
85 201
85 219
86 168
86 273
86 313
87 100
87 176
88 90
88 108
88 203
88 225
88 259
88 264
89 129
89 135
89 204
89 207
89 226
89 234
89 279
90 111
90 121
90 125
90 126
90 134
90 135
90 140
90 215
90 234
90 266
90 269
90 279
90 280
90 299
91 211
91 233
91 276
91 283
91 288
91 306
91 309
91 310
92 99
93 115
93 168
93 188
93 204
93 226
93 288
94 137
94 173
95 121
95 122
95 123
95 125
95 143
95 155
95 172
95 255
95 280
95 297
95 309
96 98
96 122
96 309
97 175
97 246
97 271
98 122
98 124
98 126
98 131
98 221
98 241
98 246
99 106
99 123
99 126
99 131
99 134
99 146
99 209
99 210
99 283
99 284
99 291
99 304
100 101
100 114
100 122
100 123
100 125
100 128
100 192
100 199
100 208
100 221
100 267
100 286
100 297
101 128
101 147
101 166
101 220
102 135
102 214
102 240
103 122
103 152
104 123
104 139
104 237
105 113
105 192
105 232
105 238
106 121
106 180
107 200
109 121
109 286
110 124
110 125
110 129
110 165
110 206
110 232
110 238
110 241
110 259
110 309
111 121
111 122
111 141
111 188
111 218
111 219
111 234
111 261
111 282
111 284
112 125
112 207
112 226
112 232
113 226
114 187
115 125
115 129
115 180
115 221
115 222
115 288
115 298
116 166
117 180
117 182
117 187
117 217
117 268
117 302
118 240
118 241
118 259
119 125
119 143
119 175
119 234
119 239
120 165
120 187
120 226
120 251
120 295
121 122
121 125
121 127
121 142
121 152
121 184
121 187
121 204
121 207
121 224
121 249
121 253
121 272
121 286
121 293
121 309
122 125
122 127
122 128
122 133
122 134
122 135
122 137
122 152
122 156
122 157
122 162
122 166
122 204
122 220
122 241
122 243
122 246
122 247
122 252
122 253
122 255
122 257
122 271
123 128
123 129
123 142
123 151
123 155
123 161
123 166
123 176
123 195
123 204
123 206
123 219
123 233
123 235
123 240
123 264
123 285
123 298
123 308
123 313
124 126
124 128
124 143
124 169
124 176
124 188
124 198
124 209
124 216
124 218
124 223
124 232
124 234
124 241
124 246
124 253
124 296
125 126
125 127
125 129
125 130
125 170
125 181
125 193
125 238
125 252
125 253
125 266
125 285
125 297
125 309
126 129
126 134
126 135
126 143
126 149
126 180
126 212
126 216
126 235
127 129
127 135
127 154
127 162
127 172
127 176
127 195
127 206
127 234
127 241
127 245
127 258
127 267
127 279
127 283
127 293
127 294
127 296
127 315
128 134
128 146
128 149
128 158
128 164
128 191
128 196
128 200
128 207
128 218
128 228
128 232
128 234
128 235
128 240
128 241
128 245
128 260
128 271
129 139
129 147
129 148
129 156
129 158
129 163
129 165
129 166
129 173
129 175
129 176
129 209
129 213
129 233
129 234
129 235
129 246
129 251
129 252
129 266
129 275
129 305
130 183
130 250
130 309
131 265
132 138
132 233
132 252
133 162
133 263
133 271
134 141
134 151
134 165
134 170
134 171
134 208
134 216
134 219
134 223
134 252
134 266
134 280
134 282
135 204
135 272
135 314
135 315
136 311
137 174
137 238
137 242
138 206
138 224
139 146
139 186
139 188
139 240
140 201
140 226
140 247
140 287
142 159
142 304
143 195
143 199
143 231
143 234
143 237
144 166
144 233
144 281
144 286
145 207
145 232
145 292
145 297
147 266
147 304
148 178
148 233
149 311
151 261
151 271
152 201
152 226
153 187
153 309
154 237
154 296
155 191
155 196
155 204
155 215
155 230
155 281
156 162
157 178
158 169
158 170
158 194
158 252
159 165
160 195
160 231
160 234
161 170
161 183
161 288
162 272
163 165
163 217
164 232
164 309
164 314
165 204
165 226
165 249
166 197
166 274
167 279
168 176
168 198
168 216
168 226
169 189
169 206
169 223
169 309
170 204
171 264
173 217
173 228
173 255
173 259
173 304
174 177
174 209
174 241
174 271
175 220
175 223
175 226
178 310
179 249
180 200
180 226
180 252
180 277
180 292
180 304
181 186
181 192
181 226
181 236
181 286
182 213
183 204
183 278
185 225
185 231
185 253
185 277
185 292
186 231
186 243
187 220
188 246
189 207
189 223
189 257
189 275
191 192
191 310
193 210
194 243
197 203
199 237
199 253
199 261
200 299
201 203
201 233
201 259
201 271
201 313
202 234
202 237
202 266
204 209
204 223
204 231
204 233
204 253
204 257
204 262
204 274
204 293
206 237
206 255
206 306
207 223
207 261
207 271
208 286
210 264
212 261
212 274
213 283
216 251
216 252
216 268
216 292
217 233
217 245
219 241
219 250
221 252
221 296
222 257
222 271
223 234
223 241
225 226
225 241
225 246
226 243
226 246
226 281
226 297
226 299
226 309
228 229
228 232
229 250
229 269
230 241
231 266
231 285
232 233
232 239
232 241
232 242
232 253
232 261
232 266
232 273
232 314
233 235
233 239
233 271
233 283
234 247
234 266
234 296
234 313
235 238
235 245
235 256
235 261
235 289
236 304
238 292
238 311
240 267
241 261
241 277
241 287
241 309
243 286
243 309
247 271
247 292
249 310
252 258
252 275
253 302
256 315
257 279
257 294
259 261
259 264
259 271
261 263
277 302
280 304
285 311
288 298
298 313
304 309
