0 118
0 246
0 280
1 84
1 126
1 227
2 82
2 89
2 157
2 158
2 266
2 271
2 304
3 20
3 49
3 123
3 128
3 153
3 163
4 26
4 52
4 76
4 77
4 78
4 106
4 125
4 129
4 160
4 188
4 198
4 250
4 278
4 280
5 17
5 86
5 87
5 105
5 123
5 128
5 197
5 203
5 289
5 304
6 18
6 24
6 54
6 121
6 129
6 165
6 199
6 219
6 274
6 279
6 309
7 12
7 21
7 57
7 72
7 73
7 99
7 123
7 126
7 141
7 188
7 189
7 217
7 221
7 226
7 243
7 246
7 253
7 291
7 292
8 81
8 221
8 230
9 77
9 105
9 124
9 204
9 279
10 23
10 54
10 55
10 60
10 89
10 99
10 117
10 122
10 124
10 183
10 215
11 41
11 59
11 124
11 237
12 76
12 171
12 180
12 190
12 191
12 279
12 301
13 40
13 65
13 86
13 117
13 121
13 175
13 181
13 206
13 266
13 276
14 34
14 73
14 76
14 77
14 87
14 139
14 204
14 304
15 64
15 291
16 48
16 73
16 112
16 124
16 125
16 126
16 127
16 181
16 209
16 230
16 234
16 241
17 29
17 64
17 70
17 90
17 122
17 124
17 165
17 207
17 229
17 232
17 264
17 268
17 278
17 314
18 111
18 127
18 143
18 180
18 218
19 84
19 115
19 199
19 228
20 127
20 155
20 207
20 276
21 121
21 123
21 196
22 57
22 99
22 106
22 135
22 176
22 212
22 263
22 306
23 130
23 143
23 180
23 195
23 219
23 309
24 51
24 83
24 204
24 235
24 292
25 35
26 124
26 192
26 241
27 29
27 122
27 123
27 150
27 158
27 159
27 188
27 218
28 40
28 49
28 99
28 125
28 128
28 169
28 255
28 288
29 64
29 77
29 98
29 112
29 121
29 124
29 143
29 188
29 221
29 230
29 241
29 304
30 261
30 266
31 44
31 92
31 125
31 139
31 246
32 44
32 76
32 92
32 129
32 187
32 188
32 203
32 204
32 274
32 285
32 304
33 40
33 85
33 92
33 108
33 140
33 232
33 239
33 246
33 299
34 40
34 75
34 100
34 122
34 142
34 163
34 226
34 278
34 306
35 36
35 87
35 100
35 112
35 128
35 154
35 204
35 217
35 231
35 247
35 280
35 303
35 311
36 51
36 80
36 103
36 124
36 125
36 134
36 183
36 204
36 274
37 52
37 54
37 73
37 88
37 117
37 121
37 131
37 134
37 235
37 241
37 286
37 309
39 59
39 69
39 81
39 89
39 110
39 139
39 151
39 171
39 199
39 209
39 299
40 61
40 62
40 90
40 99
40 100
40 121
40 124
40 127
40 134
40 162
40 168
40 189
40 193
40 198
40 203
40 208
40 280
40 309
41 177
42 44
42 125
42 176
42 222
42 226
43 49
43 80
43 85
43 147
44 63
44 70
44 73
44 299
45 314
46 128
47 90
47 149
47 276
48 125
48 224
48 261
49 52
49 110
49 123
49 199
49 209
49 252
50 122
50 271
51 58
51 61
51 78
51 124
51 179
51 201
52 76
52 193
52 218
52 310
53 62
53 80
53 121
53 226
54 85
54 90
54 105
54 106
54 122
54 126
54 132
54 135
54 155
54 241
56 77
56 84
56 122
56 123
56 280
57 90
57 202
57 252
58 121
58 127
58 143
58 169
59 70
59 90
59 91
59 121
59 132
59 176
59 204
59 206
59 228
59 279
60 108
60 137
60 281
60 286
61 75
61 109
61 151
61 160
61 195
61 240
61 309
62 98
62 105
62 114
62 134
62 136
62 185
62 220
62 283
63 73
63 236
63 249
64 84
64 99
64 121
64 127
64 171
64 187
65 126
65 160
65 235
65 315
66 241
66 263
67 78
67 134
68 266
69 113
69 266
69 274
70 99
70 107
70 124
70 168
70 255
71 113
71 197
71 219
71 309
72 121
72 127
72 134
72 147
72 171
72 226
72 241
72 263
73 105
73 124
73 134
73 176
73 181
73 233
73 266
73 292
73 307
73 309
74 166
74 174
74 197
74 228
74 233
74 255
74 308
75 117
75 125
75 126
75 156
75 200
75 202
75 206
75 217
75 247
75 263
75 266
76 81
76 99
76 125
76 189
76 223
76 235
76 259
76 304
77 78
77 99
77 129
77 132
77 156
77 180
77 199
77 201
77 207
77 218
77 274
77 283
77 304
78 126
78 186
79 86
79 111
79 180
79 198
79 287
79 304
80 144
80 219
80 314
81 84
81 110
81 135
81 136
81 141
81 237
81 238
82 219
82 233
83 124
83 173
83 209
83 304
84 126
84 130
84 196
84 257
85 108
85 121
85 166
85 199
85 219
85 228
85 299
86 121
86 204
86 219
86 226
87 104
87 127
87 160
87 204
88 123
88 163
88 247
89 101
89 126
89 151
89 154
89 173
89 186
89 191
89 217
89 222
89 231
89 233
89 241
89 246
89 279
90 99
90 111
90 126
90 128
90 129
90 135
90 162
90 177
90 212
90 217
90 232
92 100
92 209
92 243
92 285
92 313
93 133
93 252
95 106
95 127
95 210
95 220
95 235
95 267
95 276
96 228
96 240
97 125
97 126
97 138
97 268
97 279
98 135
98 144
98 171
98 192
98 193
98 266
98 293
99 104
99 108
99 124
99 128
99 134
99 180
99 199
99 232
99 279
99 285
100 106
100 117
100 122
100 123
100 127
100 128
100 129
100 144
100 158
100 207
100 229
100 231
100 237
100 266
100 288
101 102
102 111
102 288
103 150
103 158
103 209
103 243
104 106
104 133
104 184
104 255
104 286
105 110
105 223
105 309
106 129
106 163
106 206
106 234
106 236
107 164
107 232
107 279
108 278
109 117
109 266
110 158
110 166
110 216
110 232
110 257
110 286
111 123
111 185
111 234
111 290
112 165
112 178
112 233
113 128
113 204
114 151
114 217
115 229
115 274
115 286
116 122
116 181
116 217
116 233
117 122
117 124
117 130
117 161
117 199
117 200
117 252
118 239
119 125
119 129
119 139
119 226
119 233
120 127
120 194
120 233
120 272
121 125
121 126
121 128
121 154
121 155
121 168
121 175
121 180
121 188
121 189
121 201
121 217
121 221
121 226
121 232
121 233
121 235
121 241
121 296
121 304
121 313
122 123
122 125
122 128
122 129
122 175
122 180
122 183
122 188
122 195
122 199
122 207
122 218
122 233
122 234
122 239
122 259
122 266
122 271
122 276
122 279
122 303
122 313
123 124
123 128
123 134
123 140
123 152
123 173
123 174
123 212
123 213
123 232
123 243
123 279
123 310
123 312
124 126
124 127
124 128
124 137
124 139
124 143
124 153
124 154
124 167
124 178
124 180
124 187
124 191
124 197
124 199
124 200
124 203
124 224
124 226
124 233
124 235
124 238
124 264
124 305
124 309
125 149
125 154
125 161
125 200
125 201
125 202
125 204
125 226
125 232
125 235
125 263
125 270
125 279
125 293
126 137
126 180
126 189
126 195
126 212
126 232
126 281
126 285
126 304
127 129
127 130
127 143
127 158
127 168
127 185
127 194
127 209
127 218
127 223
127 226
127 231
127 234
127 239
127 266
127 267
127 280
127 308
128 162
128 189
128 212
128 234
128 250
128 295
128 312
129 131
129 137
129 139
129 149
129 157
129 168
129 171
129 188
129 200
129 201
129 283
129 293
130 305
131 159
131 163
131 181
131 226
131 238
131 252
131 267
132 257
132 302
133 189
133 204
133 264
134 143
134 174
134 176
134 190
134 206
134 219
134 243
134 246
134 247
134 252
134 296
134 309
135 137
135 160
135 232
135 233
135 288
135 310
136 290
138 216
139 141
139 149
139 152
139 209
139 234
139 236
140 145
140 194
140 206
140 209
140 226
140 234
140 279
141 266
141 276
143 203
143 226
144 266
147 240
147 315
148 267
148 279
148 309
149 165
149 189
149 203
149 232
150 169
150 211
150 226
151 192
151 232
152 173
152 202
152 204
152 235
152 314
153 217
153 288
154 204
154 234
155 232
156 246
156 313
157 180
158 233
158 234
158 266
159 163
159 214
160 165
160 181
160 200
160 204
160 215
160 233
160 242
160 259
162 164
162 182
162 189
162 232
162 240
162 245
162 283
162 308
163 226
163 245
163 287
163 288
163 296
163 314
164 233
164 255
164 267
165 175
165 193
165 241
165 261
165 264
165 280
165 300
166 198
166 204
166 224
166 233
167 240
168 169
168 195
168 232
168 234
168 235
169 172
169 204
171 257
172 207
173 234
173 252
173 255
173 286
174 220
174 238
174 261
176 231
176 241
176 243
176 262
177 261
177 262
178 226
178 241
178 266
179 302
180 235
180 255
180 259
180 262
180 273
180 285
180 295
182 195
182 233
182 250
183 204
183 220
183 251
183 253
183 275
183 304
183 309
184 232
185 233
185 252
185 266
186 195
186 204
186 312
187 239
187 266
187 275
187 286
188 226
188 228
188 239
188 241
188 255
189 191
189 204
189 228
189 259
190 203
190 223
190 276
191 204
191 254
192 219
192 235
192 264
193 206
193 259
195 214
195 232
195 233
195 279
195 306
196 279
198 232
198 258
199 207
199 208
199 234
200 220
200 252
201 234
201 238
201 279
201 291
201 309
202 228
202 260
203 226
203 238
203 266
204 213
204 221
204 224
204 267
204 300
205 257
206 234
206 301
207 241
207 287
207 310
208 257
209 233
209 255
214 218
214 233
215 246
216 228
218 226
218 248
219 232
219 233
219 253
219 265
219 266
219 288
220 241
220 264
220 274
220 304
223 226
223 233
223 260
223 267
224 291
225 297
226 232
226 234
226 235
226 266
226 271
226 284
226 313
227 241
227 260
228 259
228 278
229 255
232 234
232 236
232 243
233 234
233 239
233 255
233 279
233 286
234 273
235 246
235 311
236 251
236 285
237 243
237 279
238 239
238 259
238 266
238 267
239 262
239 279
239 296
241 260
241 266
241 288
245 247
245 302
246 278
247 266
247 274
249 264
249 265
250 307
252 269
252 273
253 307
255 284
257 273
259 281
260 281
261 309
264 279
267 309
268 305
272 307
279 283
280 288
292 298
