0 7
0 32
1 190
1 309
2 55
2 99
2 132
2 200
2 216
2 217
2 234
2 236
2 314
3 121
3 122
3 124
3 135
3 139
3 241
4 33
4 35
4 90
4 121
4 123
4 124
4 162
4 195
4 214
4 232
4 309
5 10
5 51
5 75
5 76
5 90
5 91
5 128
5 131
5 137
5 141
5 171
5 207
5 212
5 216
5 250
5 265
5 297
5 304
5 314
6 10
6 14
6 37
6 41
6 49
6 98
6 122
6 128
6 204
6 209
6 216
7 22
7 36
7 39
7 83
7 113
7 134
7 168
7 185
7 204
7 234
7 236
7 267
7 292
8 102
9 49
9 58
9 122
9 235
9 255
9 274
9 279
10 56
10 77
10 90
10 99
10 121
10 137
10 144
10 146
10 154
10 178
11 18
11 36
11 52
11 151
12 37
12 90
12 125
12 207
12 233
13 35
13 65
13 77
13 117
13 121
13 140
13 180
13 227
13 234
13 252
13 267
13 302
14 123
14 142
14 178
14 250
14 252
14 279
14 309
15 59
15 242
16 122
16 123
16 143
16 173
16 174
16 234
16 297
17 28
17 52
17 64
17 121
17 127
17 129
17 176
17 226
17 257
18 90
18 125
18 204
18 243
19 235
19 245
20 35
20 48
20 52
20 106
20 174
20 238
20 266
21 62
21 124
21 163
21 232
21 286
22 52
22 83
22 123
22 309
23 39
23 95
23 106
23 127
23 204
23 279
23 284
23 292
24 52
24 53
24 115
24 127
24 128
24 161
24 218
24 233
24 304
25 232
26 133
26 155
26 167
27 127
27 128
27 180
27 226
27 279
28 33
28 59
28 80
28 91
28 160
29 99
29 128
29 156
29 265
29 279
29 309
30 204
31 130
32 159
32 219
32 288
33 51
33 76
33 153
33 208
33 233
33 271
34 44
34 49
34 76
34 106
34 134
35 76
35 111
35 121
35 127
35 149
35 160
35 266
35 279
36 56
36 95
36 115
36 122
36 129
36 144
36 298
36 314
37 121
37 124
37 125
37 138
37 278
37 313
38 124
38 215
38 253
38 312
39 53
39 90
39 122
39 137
39 192
39 201
39 203
39 204
39 223
39 264
39 275
39 309
40 57
40 67
40 122
40 123
40 160
40 163
40 183
40 218
40 226
40 232
40 262
40 264
40 266
40 267
40 275
41 42
41 49
41 87
41 95
41 134
41 173
41 176
41 215
41 226
41 260
41 299
41 309
42 72
42 90
42 96
42 110
42 121
42 201
42 210
42 226
42 291
43 230
44 86
44 104
44 106
44 126
44 128
44 141
44 180
45 54
45 181
45 274
46 132
46 145
47 86
47 212
48 196
49 50
49 76
49 165
49 180
49 216
49 219
49 235
49 269
50 162
50 206
51 124
51 127
51 195
51 220
51 234
51 235
51 298
52 59
52 133
52 223
52 224
52 226
52 279
52 281
53 99
53 110
53 121
53 137
53 267
53 309
54 61
54 85
54 127
54 154
54 187
54 226
54 232
54 297
55 222
56 104
56 125
56 170
56 195
56 235
56 245
56 266
57 163
57 168
57 178
57 179
57 201
58 187
59 99
59 105
59 304
60 122
61 123
61 125
61 180
61 207
61 221
61 273
61 299
62 149
62 153
62 219
62 236
62 238
62 266
63 278
64 85
64 114
64 218
64 224
65 204
65 277
66 144
66 234
66 250
66 309
67 121
67 143
68 81
68 104
68 201
68 204
69 82
71 77
71 211
71 226
71 232
72 127
72 161
72 193
72 207
72 233
72 266
72 289
73 114
73 122
73 223
73 282
73 298
73 305
74 76
74 122
74 226
75 100
75 102
75 117
75 122
75 128
75 188
75 195
75 205
75 212
75 288
76 99
76 100
76 135
76 248
76 314
77 86
77 99
77 117
77 165
77 166
77 171
77 189
77 203
77 229
77 241
77 314
78 234
79 124
79 173
79 217
80 85
80 110
80 121
80 126
80 182
80 187
80 193
80 232
80 266
80 275
80 295
80 302
81 88
81 125
81 227
81 259
83 101
83 125
83 217
83 233
84 86
84 90
84 194
84 195
84 232
84 241
84 262
84 277
85 99
85 123
85 126
85 200
85 217
85 233
85 234
85 237
85 261
85 302
86 121
86 128
86 162
87 137
87 232
87 233
87 245
88 232
89 95
89 110
89 124
89 129
89 174
89 180
89 231
89 237
89 240
89 241
89 264
89 286
90 139
90 142
90 154
90 210
90 219
90 228
90 234
90 253
90 266
90 267
90 279
91 180
91 201
92 125
92 218
92 219
93 124
93 204
93 312
95 127
95 262
96 219
96 240
97 250
98 122
98 140
98 254
99 100
99 102
99 121
99 124
99 146
99 153
99 157
99 231
99 232
99 243
99 254
100 103
100 120
100 121
100 124
100 158
100 190
100 201
100 217
100 222
100 234
100 238
100 241
100 245
100 257
100 268
100 304
100 305
101 105
102 206
102 257
102 266
103 106
104 122
104 126
104 159
104 174
104 231
104 236
104 254
104 288
105 266
106 117
106 139
106 166
106 173
106 183
106 197
106 206
106 233
107 183
107 190
107 309
108 121
108 122
108 123
108 235
108 254
108 266
110 122
110 123
110 124
110 170
110 206
110 291
111 157
111 158
111 174
111 189
111 215
111 235
111 240
111 266
112 129
112 216
112 233
112 234
113 158
113 213
113 226
114 138
115 122
115 167
115 217
115 240
115 267
115 279
116 122
116 218
116 276
117 125
117 217
117 236
117 309
118 228
118 241
119 237
120 181
120 233
120 255
120 277
120 306
121 127
121 146
121 148
121 151
121 154
121 186
121 191
121 204
121 210
121 215
121 231
121 232
121 233
121 241
121 259
121 267
121 271
121 279
121 285
121 313
122 125
122 126
122 129
122 163
122 174
122 191
122 210
122 212
122 222
122 233
122 237
122 241
122 279
122 292
123 125
123 132
123 135
123 152
123 166
123 173
123 195
123 204
123 219
123 230
123 235
123 239
123 260
123 301
124 126
124 127
124 139
124 180
124 181
124 184
124 206
124 212
124 225
124 233
124 235
124 243
124 270
124 297
124 302
125 127
125 128
125 129
125 134
125 141
125 181
125 189
125 201
125 212
125 215
125 216
125 226
125 240
125 254
126 129
126 131
126 140
126 143
126 144
126 155
126 160
126 168
126 192
126 204
126 216
126 219
126 226
126 235
126 242
126 246
126 253
126 264
126 280
126 299
127 128
127 135
127 139
127 160
127 168
127 185
127 189
127 200
127 214
127 232
127 272
127 292
128 160
128 173
128 175
128 186
128 204
128 216
128 226
128 233
128 240
128 247
128 266
128 273
128 278
128 291
128 296
129 137
129 149
129 210
129 214
129 230
129 257
129 262
129 279
129 292
129 304
129 311
131 217
131 236
131 291
131 297
132 199
132 200
132 210
132 216
132 232
132 234
132 238
133 202
133 208
134 147
134 158
134 162
134 163
134 165
134 174
134 177
134 180
134 183
134 201
134 236
134 257
134 313
135 169
135 204
135 208
135 221
135 287
135 288
136 309
137 215
137 228
139 151
139 160
139 186
139 304
140 174
140 186
140 247
140 283
140 286
140 297
141 142
141 160
142 235
143 151
143 209
143 246
143 309
144 257
145 160
146 232
147 195
147 210
147 234
147 275
148 200
149 246
151 173
151 183
151 202
151 204
151 305
152 197
152 232
153 187
153 267
154 165
154 235
154 262
155 264
155 277
156 225
156 235
157 173
157 309
158 185
158 188
158 216
158 233
158 302
158 304
159 167
159 279
160 162
160 167
160 168
160 206
160 211
160 233
160 234
160 237
160 268
160 309
160 311
161 253
162 265
162 309
163 170
163 174
163 236
163 238
164 233
164 236
165 181
165 238
166 200
166 203
166 204
166 214
166 220
166 240
166 253
166 259
167 219
168 196
168 203
168 231
168 241
168 293
168 300
169 182
169 189
169 235
170 275
172 189
173 234
173 235
173 253
173 261
173 309
174 175
174 237
174 243
174 247
175 232
175 268
176 233
176 235
177 195
177 224
178 214
178 258
178 267
178 291
178 296
178 309
179 197
180 204
180 233
180 279
180 294
180 301
182 189
182 234
182 267
183 251
184 288
185 189
185 216
186 201
186 212
187 226
187 249
188 230
188 241
188 271
189 209
189 211
189 258
189 277
190 279
191 195
191 223
191 266
191 314
192 264
193 257
193 271
195 227
195 236
195 264
196 233
196 275
197 234
198 232
198 301
199 259
199 304
200 206
200 267
200 278
201 221
201 235
201 255
201 261
202 207
202 209
202 211
202 269
203 234
203 257
203 278
203 292
204 223
204 232
205 309
206 263
206 264
206 304
206 312
207 218
207 219
207 266
207 285
208 246
209 257
210 238
210 239
210 259
210 292
215 218
215 225
215 226
215 233
215 274
215 277
215 304
215 309
216 234
216 243
216 309
217 237
217 278
217 296
217 306
218 288
219 235
219 245
219 257
219 304
220 232
220 233
220 271
221 235
222 234
222 279
223 232
223 241
223 245
223 264
223 266
223 286
224 233
225 232
225 294
225 309
226 232
226 233
226 251
226 264
226 266
226 275
226 279
226 288
226 303
227 286
228 309
230 233
230 291
230 298
231 246
231 314
232 234
232 235
232 248
232 268
232 304
233 273
233 291
233 292
233 304
234 235
234 246
234 261
234 283
234 288
235 259
235 262
235 282
235 283
235 308
235 309
236 246
236 265
237 238
237 275
238 263
240 266
240 309
241 286
241 288
244 280
246 274
246 280
247 266
247 314
252 280
257 282
259 285
261 274
264 298
266 307
266 314
267 277
271 288
278 311
279 286
280 293
281 284
291 313
