0 99
0 134
0 200
0 208
0 214
0 286
0 304
0 315
1 13
1 35
1 40
1 125
1 181
2 35
2 51
2 72
2 93
2 123
2 180
2 267
3 9
3 80
3 125
3 216
3 232
3 263
3 280
3 286
4 7
4 72
4 124
4 139
4 162
4 163
4 195
4 201
4 227
4 235
4 251
4 255
4 273
4 279
4 309
5 76
5 81
5 88
5 118
5 128
5 157
5 188
5 207
5 219
5 226
5 234
5 252
6 30
6 32
6 101
6 145
6 158
6 195
6 201
6 217
6 235
6 271
6 274
6 288
6 292
6 299
7 90
7 121
7 139
7 204
7 239
7 265
7 282
8 126
8 171
8 225
8 228
8 236
8 309
9 49
9 89
9 125
9 135
9 226
9 241
10 20
10 26
10 32
10 56
10 98
10 124
10 126
10 202
10 206
10 207
10 263
10 280
11 16
11 117
11 204
11 308
12 22
12 55
12 64
12 98
12 125
12 141
12 195
12 212
12 233
13 76
13 90
13 123
13 214
13 225
14 34
14 37
14 56
14 219
14 232
14 233
14 234
15 178
15 186
15 285
15 309
16 135
16 139
16 157
16 234
17 89
17 95
17 122
17 134
17 139
17 176
17 217
17 235
17 253
17 272
17 273
18 93
18 123
18 188
18 235
19 189
20 35
20 54
20 129
20 169
21 31
21 124
21 201
21 223
22 90
22 109
22 122
22 202
22 204
22 233
22 257
22 264
23 43
23 77
23 85
23 120
23 151
23 163
23 223
23 274
23 278
23 292
23 309
23 315
24 59
24 108
24 127
24 128
24 129
24 160
24 305
25 76
25 77
25 232
25 247
25 268
26 76
26 128
26 207
26 230
26 255
26 295
27 30
27 127
27 149
27 200
27 209
27 309
28 35
28 59
28 100
28 123
28 161
28 175
28 223
28 226
28 232
28 235
28 269
29 40
29 127
29 141
29 159
29 185
29 234
30 254
31 58
31 76
31 121
31 130
31 232
31 285
32 40
32 62
32 111
32 121
32 123
32 140
32 160
32 200
32 286
33 134
33 201
34 95
34 159
34 217
34 232
34 243
35 42
35 49
35 71
35 81
35 99
35 125
35 126
35 127
35 186
35 188
35 193
35 202
35 204
35 243
36 38
36 54
36 56
36 77
36 85
36 113
36 134
36 183
36 195
36 209
36 222
36 232
36 234
36 283
37 76
37 150
37 169
37 178
37 241
37 259
37 266
38 54
38 72
38 76
38 211
38 234
38 266
39 55
39 74
39 76
39 85
39 92
39 122
39 125
39 135
39 139
39 196
39 226
40 61
40 90
40 116
40 124
40 125
40 129
40 130
40 162
40 181
40 233
40 252
41 52
41 89
41 120
41 124
41 129
41 201
42 75
42 158
42 232
42 234
42 259
43 104
43 309
44 67
44 89
44 104
44 204
45 198
46 65
46 77
47 95
47 129
47 201
47 240
48 50
48 99
48 105
48 127
48 204
48 209
49 72
49 232
49 235
49 262
50 308
51 65
51 100
51 122
51 165
51 187
51 253
52 121
52 173
52 200
52 233
52 261
53 108
53 235
54 63
54 67
54 92
54 123
54 134
54 182
54 201
54 235
54 286
55 96
55 106
55 169
55 224
55 233
56 68
56 144
56 174
56 180
56 234
56 262
56 280
57 187
57 235
58 119
58 163
58 266
59 99
59 122
59 125
59 142
59 202
59 232
59 233
60 76
60 99
60 283
61 126
61 129
61 168
61 206
61 257
61 302
62 143
62 238
62 304
63 176
63 257
64 79
64 127
64 188
64 204
65 217
65 235
66 84
66 108
66 204
66 206
66 221
67 73
67 103
67 121
67 124
67 134
68 122
68 125
68 139
68 154
68 203
68 247
68 266
69 219
69 235
69 266
70 162
70 166
71 178
72 98
72 99
72 128
72 168
72 195
72 252
72 302
72 304
73 75
73 82
73 105
73 120
73 122
73 123
73 156
73 170
73 236
73 268
74 104
74 187
75 81
75 94
75 121
75 127
75 157
75 214
75 229
75 246
75 268
76 101
76 108
76 121
76 123
76 135
76 137
76 162
76 168
76 188
76 204
76 213
76 241
76 274
76 284
76 292
76 304
77 100
77 110
77 112
77 123
77 161
77 234
77 238
77 239
77 241
77 290
78 127
78 139
78 226
79 223
79 266
79 306
80 122
80 195
80 233
80 259
80 271
81 95
81 294
82 123
82 124
82 160
82 225
82 291
83 138
84 99
84 114
84 238
84 262
85 94
85 120
85 127
85 161
85 167
85 171
85 223
85 238
85 275
86 100
86 103
86 129
86 255
87 122
87 267
88 90
88 158
89 100
89 130
89 210
89 215
89 223
89 239
89 255
90 99
90 100
90 108
90 140
90 180
90 212
90 233
90 238
90 265
90 271
90 280
90 299
91 105
91 123
91 125
91 171
91 237
91 257
92 165
93 155
93 259
93 266
94 289
95 124
95 128
95 145
95 217
95 232
95 265
96 100
96 140
97 128
97 241
98 121
98 127
98 196
98 309
99 106
99 128
99 155
99 184
99 222
99 224
99 234
99 259
99 271
99 299
99 309
100 109
100 111
100 121
100 123
100 124
100 126
100 134
100 136
100 149
100 165
100 173
100 180
100 195
100 204
100 233
100 241
100 243
100 248
100 250
100 259
100 260
100 280
100 309
101 124
101 140
101 240
102 188
102 200
102 234
103 232
104 128
104 137
104 143
104 180
104 195
104 232
104 234
105 188
105 233
105 240
106 160
106 165
106 207
106 287
106 291
107 113
107 127
107 128
107 207
107 258
107 267
108 127
108 183
109 123
109 173
109 189
110 111
110 134
110 136
110 180
110 216
110 232
110 233
110 246
110 279
110 288
110 314
111 123
111 166
111 185
111 219
111 221
111 232
111 234
111 248
111 266
111 277
112 192
112 287
113 127
114 160
114 221
114 309
115 201
116 182
117 123
117 151
117 180
117 204
118 241
119 120
119 204
119 240
119 251
119 302
120 138
120 232
120 235
121 122
121 127
121 139
121 147
121 153
121 159
121 169
121 170
121 180
121 185
121 189
121 192
121 202
121 226
121 235
121 240
121 247
121 266
121 274
122 123
122 128
122 129
122 136
122 148
122 154
122 166
122 197
122 216
122 217
122 232
122 235
122 257
122 260
122 266
122 285
122 300
122 313
123 124
123 127
123 130
123 140
123 149
123 159
123 165
123 168
123 171
123 191
123 200
123 204
123 206
123 220
123 235
123 240
123 255
123 269
123 276
123 283
123 299
123 304
123 309
124 128
124 140
124 147
124 164
124 168
124 173
124 178
124 197
124 199
124 200
124 205
124 219
124 220
124 231
124 235
124 253
124 264
124 274
124 291
125 158
125 170
125 186
125 191
125 199
125 211
125 235
125 246
125 253
126 128
126 140
126 174
126 189
126 192
126 195
126 202
126 216
126 219
126 228
126 233
126 234
126 241
126 266
126 267
126 302
126 304
126 309
127 129
127 134
127 162
127 191
127 204
127 211
127 213
127 215
127 219
127 222
127 226
127 235
127 248
127 260
127 261
127 285
127 286
127 295
128 129
128 134
128 137
128 144
128 160
128 177
128 180
128 193
128 195
128 197
128 213
128 219
128 220
128 233
128 235
128 236
128 246
128 273
128 303
128 314
129 137
129 145
129 160
129 180
129 186
129 202
129 203
129 204
129 208
129 212
129 221
129 232
129 278
129 286
129 289
129 309
129 311
130 216
130 241
131 181
132 187
132 200
132 314
133 168
133 277
134 153
134 179
134 182
134 185
134 193
134 196
134 199
134 204
134 219
134 223
134 241
134 252
135 162
135 224
135 239
135 296
135 303
138 240
139 186
139 207
139 217
139 234
140 147
140 171
140 188
140 227
140 236
140 266
140 267
141 200
141 223
141 232
141 279
142 221
142 227
143 160
143 235
144 151
144 172
144 199
144 224
144 234
145 163
145 206
145 217
147 172
147 209
147 225
147 233
147 261
147 275
148 266
149 272
149 299
150 228
151 175
151 201
151 223
151 233
151 250
151 288
152 204
152 308
153 232
153 235
153 304
154 175
154 284
155 243
155 274
155 309
155 313
157 188
157 218
157 223
158 180
158 204
158 212
158 232
158 241
158 247
158 285
159 235
159 297
160 225
160 232
160 239
160 260
160 263
160 292
160 313
161 223
162 209
162 231
162 246
163 167
163 181
163 195
163 198
163 201
163 207
163 208
163 256
163 285
164 288
165 188
165 189
165 235
165 309
166 200
167 169
167 181
167 216
168 196
168 197
168 204
168 224
168 233
168 234
168 289
169 197
169 232
170 180
171 219
171 220
171 257
172 204
172 206
172 215
172 267
174 232
174 235
177 201
177 204
178 212
178 288
180 188
180 232
181 238
181 261
182 207
183 199
183 266
184 233
184 267
185 215
185 309
185 312
186 204
186 309
189 315
191 222
191 232
191 266
192 267
192 288
192 311
193 258
193 280
194 263
195 279
195 296
196 221
196 286
196 313
197 200
197 274
198 202
199 208
199 217
199 261
200 234
200 236
202 263
202 304
203 291
203 309
204 206
204 207
204 226
204 232
204 247
204 253
204 285
205 279
206 208
206 227
206 233
207 226
209 235
209 253
209 259
212 223
212 309
214 231
215 265
215 286
216 232
216 233
216 234
217 232
217 256
217 282
219 233
219 238
219 245
219 259
220 238
220 259
220 260
220 276
220 293
221 225
221 232
221 233
222 232
223 234
223 258
224 266
230 304
231 243
232 239
232 257
232 259
232 292
232 306
233 235
233 246
233 247
233 249
233 253
233 267
233 282
233 285
233 309
234 250
234 264
234 286
234 294
234 314
235 247
235 267
235 279
235 283
235 299
235 315
236 263
236 274
236 304
236 309
237 239
237 275
238 245
239 309
240 244
240 285
241 267
241 309
243 286
246 274
249 302
251 309
252 275
252 309
257 266
260 309
261 262
262 274
263 265
264 270
266 267
266 280
266 286
267 297
267 304
271 284
273 304
278 298
279 285
279 304
283 313
284 291
