0 93
0 100
0 271
1 93
1 232
1 258
2 6
2 121
2 157
2 166
2 168
2 197
2 203
2 282
2 285
3 21
3 40
3 85
3 92
3 106
3 124
3 134
3 166
3 174
3 235
4 125
4 127
4 143
4 176
4 235
4 304
5 54
5 75
5 76
5 84
5 90
5 99
5 116
5 126
5 146
5 158
5 162
5 224
5 226
5 244
5 309
6 13
6 21
6 35
6 40
6 91
6 99
6 103
6 126
6 168
6 193
6 204
6 254
7 27
7 57
7 80
7 90
7 100
7 101
7 117
7 121
7 122
7 125
7 127
7 157
7 167
7 216
7 233
7 241
7 279
7 283
7 311
9 41
9 100
9 128
9 147
9 156
9 166
9 169
9 235
10 29
10 40
10 45
10 75
10 124
10 126
10 220
10 232
10 241
10 259
10 274
10 285
10 286
11 122
11 123
11 171
11 181
11 278
12 39
12 52
12 85
12 127
12 132
12 233
12 255
13 101
13 124
13 237
13 302
14 51
14 57
14 95
14 99
14 124
14 127
14 154
14 182
14 197
14 255
14 266
15 20
15 76
15 165
15 232
16 81
16 83
16 90
16 124
16 129
16 134
16 184
16 287
17 55
17 60
17 84
17 125
17 126
17 128
17 129
17 131
17 161
17 189
17 218
17 258
17 263
17 275
18 22
18 124
18 129
18 151
18 162
18 165
18 236
18 247
18 276
19 54
19 66
19 115
19 127
19 279
20 81
20 92
20 111
20 201
20 208
20 212
20 246
20 252
21 37
21 122
21 168
22 32
22 54
22 104
22 115
22 128
22 134
22 192
22 204
22 236
23 73
23 104
23 132
23 155
23 168
23 170
23 204
23 226
23 266
23 304
24 28
24 90
24 124
24 232
24 265
24 288
25 103
25 129
25 144
26 35
26 49
26 79
26 124
26 249
27 173
27 195
27 255
28 90
28 99
28 116
28 187
28 223
28 232
28 304
29 51
29 67
29 111
29 134
29 135
29 146
29 165
29 167
29 209
29 234
29 243
29 249
30 54
30 64
30 127
30 183
30 243
31 126
31 206
31 246
31 274
31 303
32 40
32 123
32 160
32 181
32 198
33 40
33 61
33 71
33 75
33 129
33 168
33 173
33 229
34 102
34 129
34 160
34 168
34 209
34 269
35 38
35 41
35 43
35 59
35 62
35 89
35 122
35 123
35 132
35 147
35 163
35 176
35 180
35 202
35 206
35 208
35 245
36 113
36 121
36 160
36 199
36 243
36 259
36 264
36 271
37 124
37 134
37 191
37 221
37 232
37 235
37 277
38 49
38 119
38 123
38 191
38 203
39 70
39 99
39 108
39 155
39 223
39 230
39 235
39 261
39 276
40 41
40 66
40 89
40 99
40 107
40 122
40 134
40 162
40 168
40 199
40 206
40 207
40 225
40 226
40 241
40 266
40 288
41 55
41 83
41 86
41 170
41 188
41 193
41 239
41 266
42 84
42 102
42 115
42 122
42 124
42 125
42 236
42 302
43 204
44 77
44 93
44 98
44 124
44 187
45 233
46 77
46 137
47 304
49 51
49 84
49 107
49 135
49 143
49 215
49 266
50 81
50 99
50 195
51 75
51 82
51 114
51 122
51 261
51 266
52 69
52 78
52 94
52 104
52 123
52 167
52 199
52 232
52 234
52 274
52 293
53 59
53 89
53 164
53 233
53 279
54 73
54 77
54 170
54 194
54 261
54 301
55 59
55 76
55 111
55 189
55 237
56 57
56 59
56 127
56 134
56 204
56 235
56 264
56 279
57 188
57 199
57 214
57 223
57 232
57 233
57 248
58 114
58 126
58 204
59 86
59 87
59 107
59 119
59 124
59 125
59 134
59 158
59 168
59 189
59 236
59 241
59 274
60 91
60 124
60 273
61 77
61 98
61 123
61 134
62 140
62 169
63 123
63 127
64 124
64 127
65 84
65 122
65 127
65 138
65 162
65 238
65 293
66 123
66 162
66 168
66 224
66 235
66 246
67 88
67 129
67 195
67 233
67 276
68 222
69 189
69 206
69 294
70 85
70 154
70 169
70 233
70 248
71 163
71 207
73 80
73 151
73 171
73 215
73 314
74 75
74 83
74 304
75 86
75 100
75 166
75 266
75 269
76 86
76 99
76 109
76 111
76 125
76 128
76 142
76 152
76 187
76 195
76 204
76 226
76 257
76 267
76 279
76 280
76 301
77 110
77 121
77 122
77 126
77 128
77 147
77 162
77 168
77 232
77 285
77 296
78 126
78 279
79 129
79 171
79 226
80 106
80 112
80 120
80 159
80 255
80 273
80 304
81 125
81 126
81 130
81 137
81 167
81 174
81 204
81 234
81 269
81 304
82 114
82 129
82 261
83 132
83 174
84 149
84 182
84 206
84 221
84 226
84 234
85 93
85 140
85 203
85 217
85 232
85 265
85 304
86 104
86 108
86 166
86 172
87 176
87 240
87 264
88 220
88 273
88 282
89 129
89 131
89 162
89 214
89 231
90 121
90 128
90 147
90 149
90 151
90 164
90 200
90 214
90 221
90 222
90 235
90 239
90 243
90 302
90 309
91 124
91 128
91 130
91 304
92 235
93 127
93 231
93 250
94 100
94 283
95 122
95 124
95 129
95 130
95 159
95 206
95 261
95 311
96 201
96 308
97 134
98 122
98 138
98 156
98 271
98 286
98 288
98 308
99 125
99 127
99 130
99 131
99 138
99 142
99 149
99 169
99 180
99 247
99 248
99 257
99 264
99 267
99 268
99 286
99 299
99 309
99 313
100 121
100 126
100 128
100 131
100 146
100 204
100 226
100 233
100 235
100 297
101 153
101 168
102 126
103 124
103 160
103 174
103 234
103 311
104 155
104 274
105 110
105 122
105 129
105 145
105 314
106 124
106 130
106 232
106 234
106 241
106 249
107 141
107 161
107 243
108 123
108 232
108 283
108 311
109 160
109 201
109 247
110 121
110 123
110 175
110 203
110 232
110 233
110 252
110 260
110 266
110 276
112 121
112 135
112 179
112 199
112 202
112 279
113 206
113 279
115 125
115 161
115 170
115 263
116 169
116 206
116 288
117 124
117 170
117 213
118 124
118 134
119 188
119 195
119 223
119 240
119 278
120 124
120 304
121 123
121 131
121 134
121 149
121 155
121 159
121 160
121 162
121 167
121 174
121 190
121 198
121 206
121 218
121 224
121 226
121 232
121 233
121 234
121 236
121 239
121 245
121 252
121 266
121 307
122 125
122 134
122 137
122 160
122 183
122 204
122 230
122 253
122 264
122 268
122 273
122 278
122 279
122 285
122 288
122 314
123 127
123 128
123 142
123 144
123 152
123 163
123 167
123 168
123 178
123 185
123 188
123 208
123 226
123 231
123 232
123 237
123 287
123 309
123 315
124 126
124 128
124 132
124 137
124 139
124 161
124 165
124 170
124 199
124 200
124 208
124 258
124 266
124 275
124 286
124 304
125 170
125 195
125 214
125 226
125 229
125 233
125 234
125 250
125 253
125 264
125 277
125 283
125 286
125 295
126 127
126 131
126 147
126 148
126 152
126 158
126 232
126 237
126 262
126 266
126 268
126 273
126 286
126 290
126 297
127 132
127 135
127 139
127 168
127 176
127 177
127 195
127 217
127 232
127 260
128 137
128 144
128 178
128 183
128 219
128 226
128 235
128 250
128 274
128 309
129 134
129 154
129 174
129 197
129 203
129 204
129 221
129 232
129 253
129 271
129 275
129 304
130 142
130 228
130 267
131 141
131 233
132 201
132 224
132 239
133 178
133 201
133 232
134 187
134 203
134 236
134 245
134 255
134 273
134 274
134 297
134 314
135 228
135 262
135 266
136 204
136 261
137 221
137 249
137 253
139 142
139 158
139 187
139 233
139 246
139 292
140 182
140 265
140 276
141 180
141 223
141 226
141 264
141 292
142 253
143 188
143 279
143 296
144 153
144 203
144 258
145 268
147 238
147 261
147 303
148 169
148 266
149 180
151 175
151 200
152 219
152 279
153 155
153 179
153 202
153 234
153 236
153 283
154 189
155 188
155 218
155 276
155 291
156 163
156 189
156 309
157 264
157 309
157 313
158 163
158 223
158 250
158 264
159 235
159 283
160 206
160 236
160 314
161 168
161 230
162 174
162 202
162 207
162 278
163 231
163 304
163 309
165 166
165 231
165 288
166 225
166 273
166 290
167 221
167 231
167 234
167 277
168 198
168 201
168 219
168 234
168 240
168 246
168 267
168 269
168 274
169 180
169 243
169 313
170 209
170 268
170 304
171 223
172 246
173 198
173 202
173 221
173 235
174 181
174 233
175 304
176 252
177 192
177 219
177 241
177 297
179 234
180 209
180 217
180 233
180 235
180 286
180 288
181 216
181 240
181 309
182 232
182 235
182 286
183 204
183 226
185 189
185 195
185 250
185 259
186 230
187 206
187 265
187 298
188 217
189 315
190 224
192 221
193 295
195 232
196 200
196 233
196 259
197 198
197 220
197 271
197 274
197 286
198 232
198 236
199 255
199 291
200 215
200 267
201 261
201 278
201 288
201 309
202 219
203 288
204 206
204 232
204 247
204 250
204 253
204 256
204 264
204 312
205 306
206 216
206 217
206 226
206 233
206 246
206 266
207 219
207 240
208 241
208 271
209 223
210 261
212 233
212 271
215 255
216 223
216 252
216 272
217 232
217 261
218 232
218 291
218 307
219 235
219 268
220 240
220 241
221 232
221 268
221 271
221 304
222 256
223 231
223 267
223 302
224 273
225 250
226 227
226 238
226 252
226 280
228 259
229 267
230 275
231 299
231 311
232 238
232 246
232 274
232 276
233 241
233 249
233 277
233 279
233 304
233 309
234 238
234 239
234 263
234 267
235 238
235 309
237 267
239 252
240 241
241 255
241 286
242 266
243 261
246 305
251 308
253 276
253 299
254 268
258 279
262 314
264 280
264 299
267 293
271 280
271 296
271 297
276 279
276 288
277 309
279 282
280 300
283 286
288 309
292 298
