0 75
0 189
0 216
0 233
0 306
1 123
1 129
1 142
1 204
2 35
2 57
2 77
2 85
2 100
2 105
2 125
2 127
2 201
2 204
2 232
2 286
3 192
3 210
3 226
3 245
4 53
4 90
4 100
4 122
4 124
4 128
4 155
4 173
4 175
4 180
4 234
4 253
4 264
5 26
5 97
5 125
5 134
5 160
5 169
5 174
5 209
5 214
5 219
5 223
5 252
5 269
5 273
5 309
6 17
6 19
6 49
6 54
6 129
6 168
6 198
6 204
6 226
6 309
7 16
7 38
7 100
7 126
7 127
7 132
7 162
7 235
7 267
7 279
8 144
9 117
9 172
9 237
9 259
10 54
10 76
10 96
10 126
10 135
10 142
10 159
10 165
10 172
10 209
10 223
10 274
10 309
11 42
11 113
11 219
11 273
11 309
12 32
12 41
12 52
12 92
12 113
12 121
12 134
13 31
13 41
13 235
13 243
13 277
14 62
14 121
14 127
14 148
14 151
14 165
14 204
15 95
15 139
15 198
16 35
16 128
16 140
16 209
16 314
17 28
17 60
17 122
17 125
17 186
17 188
17 196
17 221
17 276
17 314
18 122
18 123
18 125
18 126
19 25
19 72
19 85
19 148
19 219
20 41
20 81
20 100
20 111
20 119
20 126
20 127
20 193
20 232
22 84
22 90
22 113
22 141
22 234
22 246
22 304
23 54
23 99
23 126
23 138
23 165
23 235
23 252
23 264
23 274
24 46
24 56
24 93
24 123
24 125
24 176
24 251
24 280
25 51
25 132
25 203
26 35
26 52
26 90
27 54
27 106
27 131
27 198
28 97
28 123
28 178
28 204
28 206
28 312
29 34
29 41
29 66
29 81
29 82
29 115
29 134
29 158
29 174
29 202
29 279
30 129
30 134
30 187
31 128
31 191
31 233
32 77
32 87
32 121
32 140
32 141
32 232
32 313
34 35
34 84
34 117
34 126
34 127
34 232
34 237
35 57
35 63
35 99
35 100
35 113
35 126
35 206
35 226
35 232
35 235
35 261
35 274
35 309
36 39
36 65
36 66
36 81
36 91
36 122
36 129
36 145
36 151
36 157
36 187
36 228
36 241
36 243
36 246
36 251
36 257
37 70
37 84
37 99
37 103
37 122
37 126
37 129
37 160
37 228
37 259
38 127
38 140
38 220
38 256
39 76
39 124
39 131
39 186
39 218
39 243
39 266
40 103
40 122
40 123
40 136
40 137
40 138
40 188
40 197
40 260
41 42
41 99
41 103
41 117
41 125
41 127
41 128
41 134
41 178
41 220
41 221
41 233
41 241
41 242
42 75
42 99
42 205
42 223
42 266
43 44
43 123
43 168
43 219
43 263
43 265
43 275
44 46
44 162
44 167
44 304
45 126
45 170
45 310
46 121
46 264
47 125
47 181
47 314
48 90
48 134
48 304
49 100
49 200
49 230
51 121
51 126
51 185
51 234
51 289
52 59
52 90
52 98
52 100
52 101
52 103
52 121
52 125
52 139
52 223
52 226
52 238
52 280
52 307
53 96
54 73
54 128
54 197
55 103
55 219
55 220
55 272
55 303
56 97
56 235
56 243
56 286
57 124
57 135
57 171
57 257
57 262
57 267
58 172
58 223
59 64
59 76
59 142
59 154
59 181
59 218
59 236
60 121
61 98
61 100
61 111
61 134
61 195
61 224
61 231
61 277
62 85
62 265
64 235
66 77
66 123
66 264
66 268
67 73
67 119
67 163
67 311
68 77
68 123
68 135
68 154
68 219
68 252
68 257
69 105
69 146
70 107
70 125
70 126
70 192
71 121
71 143
71 165
72 115
72 122
72 140
72 233
72 238
73 92
73 121
73 129
73 180
74 234
75 79
75 99
75 100
75 110
75 122
75 128
75 147
75 159
75 189
75 218
75 234
75 257
75 290
76 121
76 122
76 123
76 125
76 126
76 153
76 173
76 201
76 204
76 205
76 226
76 277
76 309
77 78
77 86
77 90
77 120
77 121
77 123
77 143
77 161
77 162
77 165
77 177
77 214
77 217
77 250
78 127
79 101
79 122
79 123
79 212
80 121
80 124
80 204
80 245
80 250
80 314
81 99
81 123
81 131
81 164
81 202
81 240
81 272
81 292
82 155
82 186
82 233
83 124
83 168
83 180
83 267
83 302
84 128
84 141
84 160
84 193
84 234
84 235
84 279
85 122
85 123
85 124
85 127
85 128
85 152
85 155
85 159
85 186
85 210
85 238
85 280
86 117
86 196
86 212
86 227
86 238
86 239
86 259
87 160
88 117
88 245
88 262
89 122
89 250
89 273
89 308
90 99
90 129
90 134
90 138
90 173
90 183
90 223
90 250
90 273
91 119
91 189
91 232
92 117
92 124
92 183
92 212
92 234
92 255
93 139
93 152
93 189
93 264
94 212
94 233
94 258
95 107
95 221
95 233
95 253
96 125
96 202
96 309
98 200
98 233
98 238
98 286
98 292
98 311
99 100
99 124
99 131
99 137
99 139
99 144
99 176
99 202
99 233
99 245
99 250
99 254
99 259
99 266
99 281
99 299
99 307
100 105
100 125
100 144
100 161
100 165
100 193
100 208
100 232
100 235
100 252
100 254
100 264
100 265
100 266
100 288
100 309
101 229
101 237
102 169
103 183
103 199
104 158
104 199
104 233
105 128
105 138
105 261
106 151
106 170
106 179
106 233
106 309
107 266
107 283
108 120
108 179
108 233
108 304
109 122
109 188
109 267
110 126
110 162
110 166
110 210
110 247
111 114
111 127
111 133
111 145
111 204
111 264
111 277
111 280
111 309
112 126
112 152
112 266
113 199
113 309
115 235
116 125
116 192
116 304
117 171
117 185
117 201
117 234
118 232
119 226
119 232
119 265
120 201
120 245
121 124
121 125
121 127
121 130
121 139
121 143
121 147
121 161
121 185
121 189
121 204
121 214
121 217
121 218
121 219
121 226
121 235
121 260
121 292
121 308
122 123
122 125
122 126
122 127
122 128
122 129
122 130
122 168
122 173
122 174
122 178
122 199
122 202
122 204
122 209
122 218
122 224
122 234
122 253
122 263
122 279
122 288
122 299
123 124
123 125
123 126
123 127
123 134
123 144
123 159
123 172
123 180
123 188
123 192
123 219
123 221
123 223
123 235
123 241
123 257
123 259
123 269
123 280
123 309
124 126
124 127
124 173
124 185
124 188
124 192
124 195
124 226
124 239
124 253
124 264
124 309
125 134
125 137
125 141
125 163
125 195
125 202
125 204
125 205
125 221
125 228
125 231
125 232
125 235
125 244
125 259
125 261
125 267
125 309
126 127
126 128
126 131
126 134
126 139
126 144
126 147
126 160
126 167
126 177
126 178
126 185
126 191
126 195
126 202
126 216
126 217
126 246
126 258
126 291
126 309
126 314
127 158
127 159
127 163
127 165
127 166
127 174
127 198
127 199
127 226
127 227
127 231
127 241
127 242
127 245
127 253
127 260
127 266
127 271
127 291
127 292
127 304
127 313
128 131
128 153
128 155
128 179
128 192
128 215
128 275
128 300
129 131
129 135
129 140
129 145
129 147
129 162
129 180
129 202
129 224
129 232
129 233
129 241
129 252
129 267
129 309
130 207
130 235
131 266
132 157
133 249
134 135
134 180
134 217
134 266
134 304
135 161
135 214
135 216
135 251
135 284
135 308
137 147
137 247
137 271
137 279
137 286
137 302
138 191
138 209
139 140
139 180
140 160
140 241
140 309
141 156
141 160
143 204
143 207
143 261
144 217
144 232
150 159
152 163
153 231
155 168
155 224
155 233
155 268
156 204
157 163
157 204
157 235
158 169
158 189
158 206
158 223
160 168
160 216
160 232
160 235
160 240
160 277
160 282
162 174
162 180
162 200
162 201
162 204
162 213
162 231
162 232
162 233
163 201
163 220
163 255
163 281
163 313
164 286
165 201
165 227
165 228
165 232
165 268
165 285
166 185
166 200
166 217
167 191
167 232
167 290
168 209
168 226
168 271
168 285
168 304
169 255
170 188
170 232
170 309
171 202
171 304
172 193
172 204
172 235
173 197
173 279
174 261
175 231
175 241
176 235
176 286
176 300
178 188
178 199
178 204
178 207
178 262
178 289
180 195
180 214
180 219
180 227
180 269
180 290
180 292
180 293
181 219
181 309
182 261
182 285
183 202
183 233
183 245
183 304
184 234
185 241
185 306
186 227
186 252
186 267
188 215
188 240
189 210
189 235
189 241
189 280
191 210
191 234
191 313
192 235
192 273
193 232
195 255
195 304
197 202
197 259
197 283
198 232
199 208
199 227
199 234
201 218
201 238
201 252
202 263
202 299
203 241
203 253
203 309
204 206
204 226
204 229
204 236
204 304
204 314
205 206
205 286
206 231
206 267
206 304
208 233
209 243
209 314
212 219
212 233
212 236
213 232
214 241
215 296
215 309
217 226
217 228
218 266
219 234
219 253
219 267
219 271
219 309
221 224
223 235
223 267
223 285
224 279
225 309
226 279
226 286
226 289
227 266
228 235
228 266
228 279
228 297
230 233
230 309
231 232
231 235
231 261
231 308
232 234
232 236
232 241
232 246
232 275
232 299
232 308
233 234
233 240
233 242
233 257
233 258
233 267
233 290
234 241
234 247
234 264
234 311
235 241
235 276
235 297
237 273
239 279
241 312
245 266
245 298
246 264
247 290
249 260
249 271
250 264
253 304
254 265
255 287
257 267
259 302
259 313
261 312
262 301
262 309
263 302
266 271
266 279
267 271
267 310
273 278
273 304
278 296
280 293
280 309
282 292
285 309
287 309
287 315
290 294
297 301
304 310
