0 130
0 135
1 8
1 20
1 40
1 57
1 79
2 126
2 127
2 144
2 166
2 168
2 204
2 228
2 239
2 285
2 312
3 5
3 11
3 17
3 31
3 42
3 56
3 77
3 89
3 125
3 144
3 147
3 168
3 176
3 233
3 243
3 293
3 309
4 26
4 54
4 98
4 122
4 126
4 187
4 226
4 243
4 288
5 21
5 29
5 35
5 55
5 116
5 122
5 126
5 130
5 158
5 175
5 182
5 189
5 195
5 209
5 232
5 246
5 254
5 296
6 12
6 73
6 87
6 127
6 131
6 167
6 198
6 233
6 237
6 247
6 255
7 56
7 76
7 85
7 122
7 124
7 125
7 197
7 207
7 226
7 236
7 271
7 279
7 313
8 76
8 180
8 217
8 221
9 17
9 47
9 55
9 66
9 78
9 84
9 104
9 110
9 128
9 228
10 75
10 89
10 90
10 121
10 168
10 180
10 264
10 314
11 57
11 207
11 278
12 24
12 28
12 110
12 126
12 204
12 228
12 232
12 233
12 241
13 45
13 81
13 107
13 124
13 204
13 212
13 226
13 263
13 279
13 286
14 128
14 234
15 84
15 177
15 199
15 242
15 271
16 76
16 174
16 197
16 294
17 77
17 108
17 120
17 121
17 128
17 151
17 214
17 233
17 234
18 237
18 275
19 228
20 49
20 77
20 84
20 106
20 122
20 156
20 272
20 279
20 300
22 123
22 176
22 202
22 206
22 309
23 119
23 123
23 136
23 288
24 45
24 134
24 176
24 201
24 274
26 195
26 226
27 110
27 169
27 219
27 235
28 51
28 77
28 79
28 91
28 170
28 184
28 289
29 32
29 41
29 61
29 76
29 128
29 151
29 157
29 162
30 187
30 199
30 211
31 40
31 56
31 73
31 141
31 169
31 218
32 35
32 40
32 112
32 132
32 140
32 158
32 163
32 233
32 234
32 304
33 76
33 140
33 279
34 44
34 59
34 104
34 137
34 197
34 233
34 236
34 308
35 52
35 58
35 59
35 62
35 98
35 99
35 169
35 182
35 201
35 218
35 223
35 226
35 232
35 235
35 250
35 304
35 313
36 57
36 61
36 90
36 100
36 111
36 122
36 124
36 142
36 153
36 162
36 166
36 198
36 206
36 309
37 109
37 112
37 173
37 202
37 236
37 304
38 57
38 309
39 123
39 151
39 171
40 44
40 54
40 100
40 104
40 108
40 121
40 153
40 275
41 44
41 77
41 81
41 91
41 120
41 125
41 137
41 149
41 164
41 203
41 212
41 252
41 283
41 295
41 304
42 135
42 140
42 288
42 312
43 49
43 99
43 105
43 110
43 128
43 140
43 204
43 223
43 265
43 267
44 87
44 90
44 127
44 186
44 262
45 103
45 122
46 99
46 122
46 124
46 131
46 160
47 88
47 129
47 189
47 223
47 273
47 279
48 123
48 127
49 82
49 85
49 98
49 109
49 126
49 222
50 73
50 285
51 111
51 146
51 156
51 199
51 201
51 207
51 233
51 287
52 124
52 128
52 129
52 187
52 223
52 253
52 265
52 304
53 85
53 118
53 160
54 115
54 126
54 133
54 162
55 98
55 105
55 121
55 124
55 146
55 202
55 231
55 234
55 263
56 100
56 103
56 105
56 117
56 134
56 219
56 255
56 274
57 61
57 100
57 112
57 119
57 121
57 182
57 209
57 234
57 237
57 298
58 115
58 123
58 130
58 235
59 67
59 93
59 96
59 107
59 121
59 129
59 139
59 195
59 211
59 235
59 279
59 280
60 76
60 304
61 124
61 125
61 127
61 297
61 309
62 73
62 97
62 111
62 137
62 234
63 190
63 215
63 221
64 160
64 226
65 121
65 134
65 180
65 309
66 123
66 128
66 233
67 76
67 125
67 155
67 169
67 189
67 233
67 271
67 274
68 195
68 278
69 295
70 103
70 110
70 114
70 126
70 134
70 199
70 255
70 304
71 99
71 112
71 149
71 254
72 154
72 160
73 121
73 178
73 189
73 207
73 224
73 234
73 252
73 266
73 279
73 291
74 123
74 125
74 139
74 161
74 175
74 212
74 309
75 104
75 127
75 132
75 174
75 218
75 238
75 252
75 309
76 88
76 99
76 121
76 124
76 126
76 127
76 166
76 169
76 172
76 181
76 201
76 204
76 232
76 290
76 309
77 122
77 124
77 127
77 143
77 183
77 202
77 225
77 234
77 235
77 283
79 81
79 262
80 93
80 130
80 209
80 274
81 96
81 140
81 159
81 190
81 193
81 226
81 234
81 266
82 134
83 204
83 241
83 274
83 288
84 117
85 92
85 123
85 129
85 140
85 158
85 241
85 252
85 255
85 264
86 90
86 92
86 134
86 183
86 228
86 235
87 126
87 189
87 205
88 93
88 153
88 159
88 233
88 234
88 237
89 109
89 126
89 147
89 241
89 273
89 279
90 99
90 119
90 140
90 198
90 204
90 210
90 304
91 129
91 137
92 164
92 245
92 314
93 106
93 135
93 165
94 124
95 111
95 121
95 124
95 127
95 170
95 201
95 233
95 284
96 204
97 124
97 160
97 207
97 237
98 100
98 126
98 207
98 233
98 315
99 105
99 124
99 134
99 140
99 144
99 155
99 177
99 178
99 186
99 197
99 235
99 292
99 298
99 313
100 122
100 124
100 126
100 134
100 153
100 162
100 167
100 174
100 201
100 212
100 238
100 309
101 155
102 264
103 127
103 188
103 197
103 286
103 294
104 111
104 124
104 134
104 280
105 195
105 204
105 233
105 234
105 264
105 268
106 122
106 149
106 186
106 233
106 238
106 266
107 122
107 206
107 234
107 264
107 309
108 272
109 129
109 204
110 188
110 233
110 280
111 128
111 151
111 172
111 208
111 233
111 269
112 180
112 309
113 140
113 210
113 216
115 117
115 124
115 204
116 189
116 197
116 228
116 233
116 246
117 124
117 148
117 158
117 241
117 304
117 309
118 246
119 146
119 204
119 232
119 233
119 286
119 292
119 314
120 149
120 210
120 233
120 264
121 130
121 132
121 147
121 183
121 193
121 207
121 209
121 216
121 217
121 226
121 236
121 252
121 254
121 283
121 304
121 309
121 312
122 135
122 157
122 163
122 168
122 192
122 198
122 204
122 223
122 249
122 255
122 264
122 276
122 290
122 304
123 125
123 126
123 129
123 149
123 152
123 158
123 179
123 201
123 210
123 218
123 222
123 226
123 233
123 252
123 253
123 267
123 271
123 314
124 126
124 129
124 133
124 134
124 135
124 166
124 174
124 178
124 204
124 222
124 235
124 240
124 241
124 267
124 275
124 302
124 303
124 311
125 134
125 144
125 185
125 191
125 212
125 223
125 228
125 233
125 234
125 238
125 249
125 265
125 267
125 272
125 308
126 128
126 151
126 173
126 174
126 176
126 186
126 203
126 218
126 226
126 230
126 255
126 267
126 273
126 292
126 297
127 149
127 153
127 174
127 201
127 204
127 212
127 221
127 226
127 236
127 246
127 250
127 290
127 309
127 314
128 131
128 151
128 198
128 216
128 228
128 236
129 134
129 135
129 144
129 195
129 203
129 206
129 214
129 219
129 233
129 234
129 258
129 261
129 291
130 173
130 263
131 204
131 209
131 221
132 205
132 235
133 147
134 138
134 139
134 145
134 174
134 186
134 197
134 201
134 204
134 240
134 259
134 269
134 309
135 155
135 252
137 182
137 199
137 227
137 232
137 288
138 170
138 174
138 305
139 217
139 234
139 264
139 315
140 174
140 233
141 147
141 172
141 246
141 252
141 280
142 173
142 206
143 263
143 298
144 180
145 169
145 208
145 245
146 279
148 234
149 168
149 235
151 157
151 167
151 189
151 228
152 206
152 309
153 191
155 181
155 208
155 280
157 195
157 233
157 277
158 210
160 170
160 173
160 232
160 233
160 238
160 243
160 254
160 309
161 267
162 182
162 223
162 235
164 271
165 166
166 180
166 188
166 250
166 279
167 297
168 199
168 250
169 265
170 185
170 238
171 215
172 294
173 183
173 195
173 227
173 262
173 268
174 192
174 257
174 313
175 177
175 181
175 183
175 192
177 233
177 238
177 273
178 259
178 278
180 189
180 205
180 234
180 286
180 297
181 304
182 186
182 203
182 232
183 206
184 191
185 186
185 234
185 241
185 286
186 278
187 207
188 228
188 234
188 236
188 263
188 266
188 269
188 289
189 226
189 250
189 264
190 195
190 234
192 257
192 267
192 284
193 257
193 272
193 276
193 279
194 303
195 203
195 229
195 252
195 309
196 234
199 200
199 232
199 278
200 202
200 240
200 254
200 305
201 261
201 267
201 288
202 235
202 310
203 225
203 234
203 299
204 207
204 226
204 232
204 237
204 238
204 257
204 266
204 310
206 219
206 288
206 298
206 309
209 226
209 233
210 260
210 267
211 226
212 215
212 219
212 234
212 261
214 246
215 248
215 261
216 228
217 248
217 264
217 304
217 306
219 234
219 235
219 258
219 262
219 280
220 234
220 235
221 233
221 301
222 233
223 296
223 309
225 232
226 232
226 257
226 267
226 268
226 297
226 309
226 313
226 315
227 257
228 234
228 271
229 314
230 239
230 309
232 277
232 280
232 304
233 263
233 268
233 292
234 237
234 265
234 286
234 304
234 312
234 314
235 257
235 276
235 313
237 279
238 248
238 261
241 257
241 305
244 245
246 257
246 262
247 264
247 304
257 262
257 274
257 312
259 261
259 273
260 278
261 264
261 286
266 267
266 279
266 300
267 272
268 285
271 273
272 279
274 280
279 291
280 301
280 313
285 305
286 288
286 309
288 299
288 313
291 309
304 309
