0 10
1 40
1 92
1 292
1 305
2 20
2 80
2 81
2 109
2 134
2 232
2 297
2 309
3 51
3 147
3 149
3 174
3 259
3 280
4 14
4 23
4 30
4 36
4 59
4 74
4 90
4 121
4 122
4 123
4 162
4 188
4 216
4 234
4 273
4 304
4 309
5 10
5 18
5 37
5 41
5 83
5 91
5 114
5 124
5 129
5 151
5 206
5 217
5 220
5 298
5 309
6 9
6 19
6 23
6 28
6 61
6 68
6 75
6 105
6 157
6 208
6 233
6 253
6 257
6 261
7 56
7 62
7 71
7 72
7 77
7 99
7 119
7 120
7 121
7 123
7 126
7 154
7 201
7 204
7 207
7 229
7 232
7 234
7 241
7 313
8 53
8 113
8 122
8 314
9 41
9 68
9 100
9 123
9 292
10 33
10 51
10 111
10 125
10 155
10 220
10 244
10 280
11 13
11 90
11 126
11 129
11 150
11 257
11 304
12 20
12 77
12 92
12 173
12 200
12 201
12 232
13 28
13 40
13 80
13 84
13 117
13 134
13 143
13 160
13 186
13 266
13 279
14 77
14 85
14 234
14 250
15 67
15 194
15 231
15 279
16 44
16 84
16 126
16 129
16 139
16 199
17 61
17 128
17 167
17 168
17 189
17 197
17 273
17 288
18 23
18 34
18 41
18 126
18 189
18 231
18 241
19 35
19 76
19 151
19 223
20 46
20 47
20 69
20 77
20 99
20 112
20 204
20 241
21 28
21 119
21 151
21 175
22 40
22 105
22 106
22 127
22 128
22 180
23 103
23 129
23 135
23 190
23 215
23 278
24 99
24 122
24 163
24 180
24 181
24 234
24 246
25 107
25 127
26 38
26 110
26 115
26 122
26 180
28 40
28 43
28 72
28 93
28 104
28 194
28 273
28 279
29 113
29 124
29 126
29 127
30 145
30 291
31 71
31 100
31 122
31 309
32 61
32 77
32 106
33 208
33 229
33 283
34 50
34 53
34 86
34 127
34 138
34 160
34 165
34 201
34 204
34 245
34 286
35 52
35 90
35 107
35 108
35 113
35 123
35 206
35 208
35 216
35 252
35 271
35 278
35 280
36 98
36 110
36 123
36 137
36 183
36 187
36 195
36 269
36 283
36 311
37 100
37 123
37 245
38 66
38 80
38 110
38 129
38 130
38 209
39 40
39 73
39 99
39 128
39 153
39 176
39 197
39 233
39 240
39 283
40 54
40 99
40 100
40 105
40 121
40 149
40 177
40 216
40 240
40 241
40 264
41 82
41 100
41 122
41 125
41 182
41 219
41 234
41 264
42 56
42 79
42 99
42 147
42 163
42 166
42 190
42 201
42 206
42 216
42 235
43 84
43 118
43 122
43 290
44 174
44 256
44 304
45 49
45 124
45 277
46 192
46 223
47 87
47 128
47 195
47 276
47 313
48 50
48 279
49 90
49 125
49 160
49 227
49 304
51 53
51 66
51 67
51 121
51 126
51 195
51 216
51 235
51 255
51 304
52 58
52 129
52 147
52 217
52 247
52 299
53 121
53 123
53 126
53 168
53 179
53 204
54 61
54 113
54 173
54 195
54 235
55 59
55 100
55 108
55 123
55 243
55 266
55 295
55 304
56 143
56 146
56 172
56 197
56 234
56 241
57 100
57 108
57 122
57 157
57 176
57 187
57 235
57 263
57 278
57 296
57 297
58 75
58 162
58 234
59 75
59 127
59 129
59 134
59 139
59 143
59 191
59 197
59 271
59 296
60 104
60 128
61 73
61 126
61 180
61 275
61 304
62 125
62 136
62 214
62 273
62 279
63 286
64 203
65 92
65 100
65 134
65 166
65 197
65 201
66 169
66 304
67 128
67 129
67 158
67 220
67 229
67 255
68 90
68 295
69 234
70 139
70 201
70 250
71 90
71 129
71 135
71 234
72 157
72 168
72 204
73 77
73 105
73 124
73 127
73 158
73 163
73 267
73 314
74 135
74 237
75 124
75 126
75 204
75 214
75 220
75 233
75 309
76 82
76 97
76 100
76 116
76 134
76 142
76 192
76 197
76 234
77 80
77 87
77 158
77 188
77 201
77 204
77 222
77 232
77 297
78 95
78 98
78 128
78 131
78 174
79 97
79 121
79 124
79 158
79 233
80 159
80 206
80 209
80 214
80 266
80 291
81 90
81 266
82 202
82 219
82 283
83 98
83 106
83 108
83 116
83 124
83 204
83 234
83 254
84 85
84 103
84 165
84 232
85 120
85 126
85 197
85 216
85 232
85 267
85 279
86 100
86 101
86 113
86 128
86 164
86 166
86 204
87 91
87 273
87 304
88 171
88 235
89 95
89 201
89 216
89 218
89 238
90 91
90 123
90 128
90 140
90 156
90 185
90 188
90 192
90 226
90 232
90 238
90 257
91 115
91 204
91 206
91 268
92 110
92 121
92 191
93 127
93 180
94 132
95 111
95 127
95 174
95 208
96 106
96 180
97 122
97 169
97 200
97 294
98 206
98 217
98 250
98 264
98 284
99 104
99 110
99 111
99 121
99 126
99 129
99 138
99 191
99 206
99 212
99 213
99 216
99 221
99 226
99 233
99 266
99 269
100 106
100 117
100 126
100 134
100 155
100 168
100 203
100 207
100 210
100 226
100 233
100 235
100 253
100 290
101 204
101 284
102 187
102 235
103 107
104 195
104 270
105 113
105 127
105 165
105 201
105 232
106 111
106 147
106 157
106 168
106 191
106 208
106 223
107 173
108 126
108 257
109 134
109 141
109 157
109 238
110 114
110 127
110 129
110 132
110 153
110 155
110 190
110 217
110 219
110 222
110 255
111 117
111 119
111 166
111 177
111 228
111 254
111 310
111 311
112 122
112 123
112 129
112 172
112 208
113 123
113 215
113 234
114 272
116 123
116 124
117 122
117 157
117 167
117 227
118 230
119 268
120 125
120 194
120 235
120 238
120 266
121 123
121 124
121 126
121 128
121 129
121 130
121 134
121 139
121 157
121 165
121 169
121 180
121 181
121 183
121 206
121 232
121 255
121 288
121 298
121 307
121 308
122 125
122 128
122 155
122 160
122 169
122 187
122 202
122 219
122 226
122 235
122 250
122 252
122 261
122 264
122 266
122 312
123 125
123 134
123 143
123 144
123 152
123 165
123 168
123 173
123 180
123 208
123 219
123 226
123 229
123 257
123 302
124 125
124 131
124 134
124 135
124 143
124 153
124 192
124 193
124 195
124 197
124 203
124 204
124 207
124 223
124 228
124 234
124 279
124 282
124 288
124 291
124 293
124 304
124 306
124 315
125 128
125 134
125 135
125 138
125 182
125 188
125 200
125 210
125 212
125 215
125 223
125 226
125 228
125 234
125 247
125 255
125 271
125 276
125 279
125 284
125 294
126 129
126 132
126 140
126 144
126 153
126 157
126 158
126 160
126 233
126 234
126 238
126 251
126 259
126 275
126 304
126 314
127 135
127 143
127 164
127 178
127 197
127 201
127 202
127 226
127 241
127 246
127 266
127 267
128 129
128 140
128 143
128 156
128 175
128 199
128 201
128 208
128 211
128 231
128 236
128 246
128 279
128 288
128 309
129 139
129 140
129 141
129 152
129 168
129 173
129 182
129 212
129 218
129 224
129 250
129 284
129 293
129 304
129 309
129 314
130 134
130 201
131 135
131 238
131 302
132 160
132 228
133 163
133 229
133 232
133 253
134 156
134 164
134 167
134 182
134 183
134 216
134 223
134 232
134 237
134 247
134 295
134 296
135 182
135 185
135 193
135 203
135 234
135 235
135 266
135 288
135 309
136 150
136 194
137 149
137 162
137 224
137 249
137 265
138 160
138 197
139 201
139 234
139 241
139 286
140 182
140 226
140 232
141 150
141 160
141 168
141 201
141 307
142 178
142 279
142 294
143 155
143 219
143 223
143 235
143 314
144 152
144 187
144 222
144 247
144 288
145 154
145 232
146 170
147 160
147 234
147 309
148 221
149 173
149 260
149 309
151 204
151 232
151 233
151 276
152 197
152 207
152 234
153 154
153 167
153 198
153 204
153 226
153 233
153 265
153 305
154 233
155 198
155 215
155 243
155 278
156 179
156 206
156 219
157 204
157 219
157 241
157 272
158 162
158 204
158 232
158 237
158 251
159 273
159 280
160 168
160 177
160 199
160 211
160 219
160 280
161 166
161 207
161 255
162 187
162 206
162 235
163 200
163 201
163 208
163 249
163 294
164 251
165 238
165 259
166 175
166 286
166 301
167 180
167 286
168 232
168 309
169 175
169 236
170 183
170 206
170 286
171 263
171 308
172 247
173 238
173 304
174 180
174 201
174 203
174 206
175 187
177 231
178 189
178 195
178 277
179 292
180 193
180 199
180 202
180 219
180 233
180 250
180 261
180 280
180 304
180 309
180 314
182 219
182 299
183 192
183 215
183 219
183 309
184 293
185 201
185 314
187 225
187 238
188 315
189 217
189 234
189 243
189 288
192 193
192 214
193 274
194 309
195 204
195 233
195 267
195 294
197 240
197 292
199 232
199 238
200 266
200 280
201 207
201 218
201 219
201 226
201 232
201 309
202 225
202 259
202 273
204 208
204 210
204 218
204 223
204 232
204 235
204 246
204 255
204 266
204 276
204 295
204 309
206 209
206 219
206 292
207 235
208 233
208 247
208 252
208 253
208 277
209 226
209 233
209 281
209 298
210 246
212 304
213 253
214 307
215 297
216 246
217 291
217 312
218 252
218 299
218 309
219 233
219 234
219 242
219 258
219 260
219 266
219 269
220 233
220 279
220 288
221 226
221 231
221 264
221 309
222 225
222 227
222 287
223 228
223 235
223 277
223 286
223 288
224 235
225 266
225 309
226 238
226 252
226 257
226 295
226 309
228 309
228 313
229 274
230 234
230 314
232 241
232 257
232 292
232 309
233 235
233 252
233 261
234 238
234 302
234 307
234 309
235 267
237 278
238 246
238 253
239 279
240 257
240 274
240 311
241 262
241 276
241 282
241 305
245 288
245 310
246 285
246 290
247 268
252 255
257 308
258 291
260 299
263 286
266 267
266 311
267 282
267 309
268 290
268 302
272 305
272 309
276 302
279 287
285 295
286 290
292 302
294 302
