0 26
0 80
0 129
0 140
0 243
1 37
1 77
1 100
1 124
1 125
1 215
1 240
2 100
2 125
2 234
2 267
2 273
2 311
3 20
3 31
3 33
3 45
3 112
3 121
3 219
3 240
3 288
3 304
4 13
4 20
4 52
4 76
4 119
4 121
4 125
4 169
4 234
4 288
4 302
5 39
5 41
5 57
5 66
5 67
5 68
5 90
5 121
5 129
5 151
5 164
5 167
5 189
5 206
5 212
5 226
5 233
5 235
5 246
5 252
5 279
5 280
5 305
6 7
6 70
6 79
6 81
6 123
6 124
6 141
6 187
6 220
6 261
6 293
6 309
7 12
7 49
7 85
7 125
7 132
7 173
7 203
7 206
7 228
7 259
7 264
8 154
8 275
9 11
9 75
9 100
9 102
9 125
9 189
9 238
10 44
10 73
10 122
10 123
10 131
10 134
10 162
10 188
10 193
10 203
10 219
10 220
10 221
10 226
10 236
10 240
10 271
11 52
11 106
11 204
12 68
12 92
12 125
12 130
12 169
12 260
12 262
12 280
12 299
13 79
13 124
13 137
13 228
13 239
13 288
14 47
14 90
14 129
14 147
14 157
14 168
14 187
14 240
14 241
14 267
15 75
15 77
15 82
15 166
15 309
16 40
16 59
16 147
16 273
16 298
16 308
17 64
17 108
17 125
17 127
17 128
17 182
17 187
17 188
17 218
17 233
17 274
17 303
18 39
18 112
18 115
18 129
18 233
18 309
19 113
19 125
19 127
19 134
20 49
20 75
20 123
21 56
21 72
21 127
21 315
22 99
22 142
22 210
22 212
22 233
22 252
23 127
23 265
24 25
24 73
24 95
24 230
24 271
24 293
25 124
25 182
25 226
26 288
27 44
27 76
27 206
27 264
27 268
28 60
28 71
28 128
28 131
28 155
28 165
28 221
28 241
29 188
29 215
29 221
29 233
29 241
29 281
29 304
30 40
30 41
30 43
30 223
31 124
31 174
31 226
32 149
32 218
32 234
33 51
33 160
33 259
34 168
34 279
35 37
35 76
35 86
35 129
35 139
35 173
35 177
35 202
35 228
35 312
36 37
36 72
36 95
36 114
36 121
36 232
36 234
36 235
36 239
36 267
37 81
37 84
37 123
37 179
37 199
37 259
38 124
38 155
39 85
39 115
39 125
39 135
39 194
39 204
39 219
39 236
39 280
40 72
40 75
40 77
40 98
40 114
40 119
40 128
40 147
40 151
40 189
40 226
40 229
40 241
40 266
40 267
41 52
41 59
41 65
41 102
41 128
41 209
41 284
42 70
42 106
42 125
42 128
42 155
42 218
42 232
42 237
42 256
42 266
42 305
42 309
43 47
43 123
43 157
43 168
43 221
43 223
43 224
43 278
44 73
44 80
44 214
44 233
45 120
45 219
46 297
47 112
47 124
47 128
47 144
47 266
48 175
48 178
48 289
49 67
49 85
49 123
49 168
49 186
49 297
50 99
50 168
50 187
50 197
50 204
50 280
50 309
51 110
51 217
52 74
52 80
52 92
52 103
52 122
52 212
52 219
53 59
53 99
53 124
53 133
53 168
53 304
54 105
54 125
54 144
54 219
54 233
55 154
55 196
55 200
55 205
55 227
55 246
56 115
56 145
56 153
56 157
56 266
56 314
57 67
57 70
57 77
57 125
57 127
57 202
57 204
57 232
57 233
59 77
59 125
59 132
59 223
59 226
59 233
59 249
59 277
60 208
61 98
61 127
61 268
61 286
62 129
62 234
62 255
62 267
63 122
63 128
63 129
63 234
64 209
65 83
65 200
65 279
66 121
66 127
66 195
66 221
67 110
67 125
67 128
67 139
67 166
67 210
67 224
67 226
67 239
67 264
67 313
68 162
68 165
68 168
68 303
69 188
69 225
70 89
70 123
70 133
70 158
70 204
70 269
71 106
71 109
71 199
71 259
72 77
72 97
72 108
72 136
72 180
72 218
73 95
73 99
73 121
73 123
73 124
73 129
73 143
73 279
74 138
74 180
74 187
74 200
74 221
74 223
75 90
75 91
75 99
75 121
75 148
75 179
75 234
75 246
75 302
75 309
76 87
76 91
76 118
76 123
76 126
76 127
76 129
76 150
76 160
76 234
76 237
76 270
76 281
77 86
77 100
77 110
77 122
77 125
77 134
77 172
77 175
77 204
77 235
77 301
77 305
78 233
79 124
80 89
80 114
80 123
80 125
80 161
80 177
80 253
80 283
81 86
81 120
81 146
81 151
81 162
81 234
81 235
81 240
81 295
82 98
82 235
82 299
83 88
83 192
84 127
84 132
84 152
84 162
84 210
84 241
85 122
85 125
85 133
85 140
85 149
85 165
85 168
85 217
85 224
85 233
85 269
85 279
86 106
86 173
86 204
86 228
87 166
87 221
87 228
87 234
87 238
87 257
88 90
88 121
88 123
89 121
89 122
89 189
89 276
90 99
90 100
90 195
90 232
90 233
90 234
90 286
91 110
91 123
91 204
91 237
92 129
92 241
93 108
93 168
93 195
94 127
94 160
94 240
95 103
95 123
95 238
95 299
96 221
96 302
97 107
97 157
97 201
97 232
98 99
98 113
98 166
98 182
98 188
98 217
98 226
98 231
98 266
99 119
99 124
99 125
99 154
99 170
99 174
99 219
99 221
99 232
99 241
99 286
99 287
99 304
100 121
100 122
100 125
100 127
100 140
100 213
100 226
100 247
100 253
100 266
100 279
100 302
101 130
101 158
101 210
101 275
102 142
102 185
103 171
103 261
104 115
104 130
104 132
104 212
104 226
104 227
104 258
105 158
105 175
105 182
105 184
105 185
105 235
105 261
105 264
105 279
106 121
106 171
106 268
106 296
107 121
107 280
107 289
108 129
108 145
108 298
109 167
109 197
109 199
110 131
110 154
110 204
110 214
110 221
110 233
110 266
111 123
111 139
111 144
111 162
111 184
111 201
111 204
111 219
111 241
111 259
111 279
111 309
112 139
112 164
112 216
112 228
112 235
113 199
114 273
115 121
115 127
115 234
115 307
116 279
117 121
117 123
117 134
117 177
117 180
117 195
117 223
117 241
117 257
117 279
120 234
120 280
120 304
121 124
121 125
121 127
121 156
121 170
121 189
121 206
121 216
121 220
121 226
121 233
121 242
121 253
121 267
121 309
122 128
122 137
122 146
122 149
122 161
122 163
122 168
122 173
122 180
122 204
122 207
122 224
122 234
122 258
122 263
122 280
123 126
123 127
123 133
123 135
123 143
123 156
123 163
123 168
123 171
123 174
123 195
123 216
123 218
123 224
123 259
123 261
123 266
123 267
123 279
123 296
124 127
124 128
124 134
124 183
124 200
124 204
124 230
124 235
124 241
124 257
124 272
124 299
124 302
124 309
124 313
125 128
125 129
125 134
125 140
125 163
125 172
125 198
125 221
125 232
125 241
125 247
125 260
125 264
125 269
125 275
125 276
125 286
125 304
126 151
126 158
126 160
126 168
126 173
126 187
126 192
126 207
126 208
126 210
126 229
126 246
126 264
126 266
126 269
126 279
126 298
126 312
127 129
127 134
127 155
127 163
127 181
127 196
127 201
127 204
127 208
127 219
127 224
127 230
127 236
127 249
127 260
127 261
127 262
127 303
127 304
128 129
128 151
128 155
128 174
128 180
128 200
128 211
128 219
128 232
128 237
128 276
128 297
128 309
129 132
129 134
129 140
129 148
129 156
129 167
129 176
129 180
129 202
129 204
129 212
129 220
129 232
129 260
129 275
129 286
129 288
129 308
130 199
130 279
130 308
131 143
131 173
132 160
132 212
132 226
132 235
132 238
132 305
133 181
133 191
133 192
133 202
133 232
133 233
134 195
134 233
134 238
134 240
134 241
134 247
134 261
134 302
135 213
137 151
137 167
137 220
137 238
137 240
137 269
139 186
139 199
139 239
140 147
140 208
140 250
140 286
140 309
141 201
141 262
142 226
142 233
143 192
143 211
143 236
143 262
143 277
144 163
144 217
144 234
144 249
146 262
147 201
147 216
147 239
149 158
151 195
151 217
152 162
152 232
153 180
153 187
153 203
153 226
153 278
154 162
154 185
154 220
154 297
155 217
155 239
156 176
156 201
156 228
156 230
156 237
157 272
157 279
158 160
158 247
158 249
158 250
159 204
159 309
160 165
160 220
160 223
160 288
160 289
160 298
161 172
161 274
162 209
162 226
162 250
162 274
163 186
163 215
163 259
163 284
164 246
165 202
165 235
166 185
166 244
166 252
167 177
167 226
167 236
168 200
168 286
169 201
169 232
171 234
171 277
171 307
171 309
172 200
172 201
172 231
172 249
173 185
173 204
173 232
173 309
173 313
174 239
174 299
174 304
175 304
176 233
178 261
179 186
180 186
180 192
180 204
181 198
182 266
182 296
183 253
183 272
183 304
184 185
184 219
184 271
185 207
185 232
185 233
186 210
186 246
186 261
186 299
186 312
187 188
187 245
188 193
188 219
188 233
188 235
188 297
189 201
189 232
189 313
190 227
190 234
190 266
190 271
193 203
193 233
193 279
195 201
195 206
195 265
196 241
197 239
197 309
198 209
198 218
199 253
199 261
199 270
200 204
201 304
202 241
202 306
203 261
204 220
204 223
204 234
204 235
204 241
204 246
204 257
204 266
204 279
204 299
205 223
206 232
206 240
206 304
206 315
207 220
208 283
210 232
212 217
212 256
212 309
214 222
214 268
216 288
217 253
217 268
218 259
218 288
219 232
219 234
219 286
220 253
221 224
221 252
222 241
222 292
223 225
223 256
223 263
223 294
224 228
225 262
226 235
226 253
226 264
226 277
226 278
226 297
227 236
229 249
229 297
229 302
229 313
231 232
231 234
231 247
231 264
231 309
232 234
232 241
232 247
232 264
232 296
232 302
232 313
233 234
233 235
233 252
233 276
233 309
234 240
234 259
234 286
234 292
234 304
234 313
235 253
235 292
235 299
235 314
236 266
237 267
237 296
238 252
239 304
240 264
240 279
241 243
241 259
241 280
241 292
241 309
242 279
243 261
246 265
246 307
249 263
249 266
249 270
254 286
256 265
257 280
259 279
261 296
262 304
262 309
263 283
265 280
266 309
267 286
267 311
269 271
273 288
274 300
275 309
278 286
298 306
