0 226
0 233
1 168
1 231
1 238
1 257
1 283
2 77
2 80
2 192
2 272
2 279
2 311
3 8
3 57
3 99
3 122
3 126
3 232
3 267
3 279
3 309
4 98
4 101
4 110
4 133
4 257
4 260
4 304
5 16
5 76
5 85
5 90
5 100
5 128
5 152
5 170
5 223
5 224
5 234
5 246
5 265
5 285
6 21
6 122
6 134
6 135
6 147
6 148
6 174
6 204
6 216
6 292
7 14
7 42
7 100
7 104
7 122
7 212
7 232
7 245
7 266
7 314
8 60
8 77
8 121
8 180
8 245
9 126
9 131
9 235
10 12
10 19
10 73
10 110
10 124
10 219
11 225
11 228
11 288
11 297
12 15
12 100
12 158
12 166
12 180
12 299
13 74
13 110
13 112
13 202
13 296
14 34
14 35
14 123
14 194
14 226
14 271
15 51
15 76
15 117
15 123
15 132
15 157
16 221
16 244
17 20
17 24
17 29
17 39
17 42
17 155
17 209
17 280
17 299
18 23
18 157
18 300
19 62
19 129
19 141
19 170
19 191
19 304
20 35
20 36
20 44
20 76
20 80
20 81
20 99
20 124
20 223
20 226
20 235
20 302
21 25
21 60
21 93
21 246
22 52
22 72
22 134
22 236
23 56
23 173
23 216
23 246
23 259
23 302
24 43
24 98
26 52
26 268
26 286
26 310
26 312
27 31
27 126
27 183
27 272
28 67
28 90
28 130
28 283
28 302
29 131
29 195
29 232
29 254
29 312
30 57
30 75
30 87
30 96
30 125
30 226
31 121
31 159
31 219
31 266
31 278
31 304
32 122
32 125
32 197
32 198
32 202
32 204
32 233
32 247
32 253
32 266
32 272
33 59
33 73
33 85
33 90
33 139
33 171
34 43
34 50
34 85
34 160
34 222
34 235
34 261
34 267
35 65
35 68
35 81
35 85
35 86
35 87
35 89
35 99
35 100
35 121
35 122
35 127
35 132
35 148
35 155
35 178
35 223
35 232
35 233
35 247
35 251
35 258
35 279
35 292
35 294
35 298
35 299
36 37
36 38
36 42
36 68
36 77
36 115
36 125
36 158
36 188
36 193
36 266
36 310
37 76
37 80
37 135
37 162
37 186
37 223
37 232
37 233
38 75
38 116
38 126
38 173
38 189
38 240
39 134
39 143
39 154
39 199
39 234
39 266
40 74
40 128
40 147
40 156
40 171
40 178
40 179
40 263
41 67
41 76
41 105
41 121
41 128
41 129
41 225
41 233
41 239
41 309
42 49
42 111
42 124
42 125
42 169
42 205
42 208
42 297
43 126
43 128
43 177
43 194
43 252
43 253
43 286
44 140
44 195
44 234
44 288
44 299
45 56
45 99
45 139
46 57
47 134
47 173
47 241
47 257
47 266
48 99
48 228
49 110
49 128
49 176
49 215
49 226
49 271
50 126
50 137
50 149
50 241
51 77
51 121
51 158
51 198
51 207
51 301
52 101
52 123
52 137
52 138
52 145
52 166
52 204
52 279
53 127
53 271
54 80
54 168
54 192
54 226
54 235
55 117
55 152
55 160
55 233
55 235
55 266
55 286
56 79
56 112
56 124
56 169
56 185
56 216
56 236
56 286
56 304
56 305
57 147
57 149
57 166
57 193
57 246
57 249
57 279
58 151
58 166
59 66
59 76
59 123
59 137
59 235
59 262
60 128
60 202
60 273
60 279
61 90
61 151
61 163
61 200
61 273
62 75
62 95
62 135
62 279
63 173
64 99
64 233
65 99
65 104
65 122
65 134
66 83
66 94
66 102
66 246
67 89
67 124
68 101
68 284
69 135
69 166
69 185
69 195
69 220
69 232
70 124
70 126
70 199
70 237
71 77
71 79
72 90
72 102
73 180
73 206
73 233
73 309
74 77
74 106
74 155
74 190
74 295
75 90
75 96
75 98
75 127
75 129
75 156
75 168
75 218
75 233
75 241
76 100
76 111
76 124
76 146
76 170
76 203
76 235
76 279
76 289
76 293
76 295
76 308
77 80
77 82
77 85
77 86
77 90
77 122
77 124
77 126
77 127
77 143
77 157
77 162
77 166
77 189
77 199
77 208
77 227
77 228
77 232
77 266
77 267
77 288
78 124
78 141
78 155
78 160
78 201
79 154
79 235
79 266
79 309
79 310
80 102
80 114
80 200
80 252
80 309
81 106
81 128
81 137
81 201
81 233
82 90
82 124
82 134
82 200
83 109
83 125
83 139
83 168
83 193
83 223
83 257
83 292
84 163
84 189
84 265
84 311
85 122
85 159
85 165
85 231
85 233
85 244
85 266
85 313
86 89
86 100
86 128
86 134
86 197
86 243
86 285
87 174
87 233
88 111
88 234
88 238
88 262
89 110
89 122
89 123
89 124
89 165
89 213
89 221
89 264
89 286
89 314
90 106
90 110
90 124
90 126
90 128
90 164
90 195
90 213
90 236
91 105
91 125
91 127
91 266
91 313
92 121
92 125
92 232
93 116
93 144
94 129
94 255
95 125
95 144
95 147
95 181
95 183
95 234
96 117
96 232
96 264
97 106
98 103
98 108
98 126
98 215
98 234
98 260
98 266
99 104
99 110
99 127
99 132
99 134
99 147
99 152
99 168
99 169
99 175
99 207
99 226
99 230
99 234
99 279
100 126
100 150
100 168
100 193
100 201
100 212
100 222
100 227
100 230
100 232
100 235
100 252
100 286
100 309
101 108
101 110
102 160
102 233
103 180
103 195
103 196
103 210
104 128
104 131
104 180
104 232
105 122
105 127
105 131
105 132
105 158
105 179
105 198
105 226
105 262
105 268
105 275
105 286
106 126
106 220
106 234
106 267
106 275
107 129
107 189
107 242
107 294
108 124
108 219
108 280
108 300
109 223
110 123
110 127
110 133
110 149
110 174
110 187
110 204
110 261
110 264
110 304
111 163
111 233
112 120
112 125
112 201
113 121
114 266
115 123
115 160
115 200
115 206
115 267
115 288
116 128
117 122
117 123
117 129
117 134
117 200
117 233
117 236
117 246
117 275
117 279
118 263
118 299
119 155
119 232
120 125
120 137
120 155
120 192
120 220
121 125
121 126
121 127
121 128
121 139
121 151
121 152
121 156
121 162
121 171
121 202
121 204
121 217
121 224
121 232
121 246
121 263
121 268
121 273
121 304
121 309
121 312
122 129
122 141
122 154
122 167
122 178
122 187
122 201
122 202
122 219
122 220
122 226
122 227
122 234
122 257
122 290
122 304
122 309
123 127
123 135
123 137
123 154
123 170
123 172
123 174
123 199
123 226
123 232
123 238
123 246
123 252
123 259
123 261
124 126
124 129
124 130
124 138
124 178
124 195
124 201
124 202
124 204
124 208
124 217
124 226
124 231
124 232
124 235
124 236
124 253
124 264
124 266
124 291
124 314
125 131
125 139
125 163
125 207
125 226
125 235
125 238
125 253
125 260
125 273
125 282
125 284
126 127
126 132
126 134
126 135
126 157
126 158
126 189
126 197
126 208
126 219
126 227
126 231
126 234
126 235
126 241
126 266
126 286
127 128
127 130
127 161
127 174
127 185
127 196
127 197
127 204
127 206
127 214
127 247
127 250
127 257
127 273
127 280
127 283
127 286
127 304
128 129
128 134
128 141
128 142
128 147
128 151
128 155
128 160
128 178
128 197
128 198
128 211
128 220
128 232
128 239
128 287
128 289
128 312
129 134
129 143
129 146
129 157
129 178
129 188
129 226
129 233
129 249
130 143
130 160
130 286
130 288
130 312
131 141
131 181
131 217
131 219
132 252
133 218
133 231
133 247
133 257
133 271
134 149
134 153
134 157
134 174
134 207
134 220
134 226
134 233
134 245
134 247
134 279
134 280
134 288
134 292
135 168
135 275
135 299
135 302
135 309
136 159
136 233
136 309
137 176
137 188
137 240
138 182
138 187
138 212
139 175
139 180
139 186
139 222
139 284
140 162
140 193
140 247
140 262
142 151
142 180
142 210
142 226
142 257
143 165
143 200
143 207
143 252
143 283
144 201
144 304
144 305
144 309
146 273
147 164
147 204
148 226
148 233
148 234
149 221
150 160
150 187
150 241
151 178
151 232
151 276
152 175
152 218
152 286
153 221
153 234
154 159
154 199
154 280
155 207
155 216
155 247
155 299
159 226
160 167
160 183
160 186
160 204
160 219
160 232
160 235
160 267
160 295
160 311
161 203
161 204
161 235
162 221
162 262
163 185
163 198
163 207
163 226
163 228
163 234
163 238
163 261
165 201
165 314
166 252
167 269
168 180
168 198
168 233
168 300
168 304
169 186
169 304
169 309
169 314
171 175
172 179
172 208
173 188
173 246
173 247
173 266
173 314
174 180
174 262
175 203
177 188
177 283
178 314
180 234
180 266
181 184
183 199
184 230
185 207
185 215
185 218
185 219
186 241
186 302
186 314
187 210
187 304
188 219
188 238
189 202
189 264
189 275
189 308
191 247
191 266
191 307
191 309
192 197
192 240
192 284
192 304
193 198
193 206
193 234
193 296
194 204
195 204
195 234
195 259
195 282
195 297
195 304
196 219
196 223
196 265
197 202
197 280
197 308
197 310
199 202
199 250
199 264
200 217
200 235
200 247
200 315
201 228
201 246
201 258
201 279
202 232
202 240
203 235
204 224
204 232
204 233
204 250
204 254
204 262
204 283
204 304
204 309
206 232
206 243
206 303
207 232
207 266
208 222
208 276
209 236
210 306
211 235
212 220
212 234
212 235
212 239
212 279
215 236
215 262
216 282
216 296
217 223
217 235
217 259
217 286
218 240
218 249
219 234
219 246
219 257
219 260
220 264
220 294
220 304
221 226
221 234
221 246
221 308
223 226
223 231
223 237
223 247
223 266
223 274
223 315
224 233
224 292
226 232
226 286
226 288
227 279
228 302
230 249
231 304
232 233
232 238
232 241
232 247
232 255
232 257
232 269
233 234
233 236
233 253
233 268
233 276
233 296
233 305
233 307
233 309
234 236
234 237
234 249
234 259
234 273
234 292
234 304
235 302
235 309
237 292
238 246
238 258
241 314
245 271
245 279
246 278
247 257
247 285
258 265
259 263
261 309
264 273
264 277
266 282
266 302
267 286
268 312
276 304
279 286
301 310
