0 84
0 235
0 247
1 147
1 283
2 59
2 77
2 100
2 122
2 124
2 132
2 219
2 232
3 12
3 77
3 121
3 123
3 180
3 184
3 204
3 273
3 304
4 17
4 32
4 59
4 64
4 106
4 140
4 219
4 226
4 235
4 306
5 30
5 46
5 52
5 90
5 158
5 161
5 165
5 182
5 214
6 17
6 53
6 111
6 122
6 129
6 182
6 187
6 189
6 233
6 255
6 279
7 28
7 121
7 124
7 127
7 129
7 132
7 133
7 137
7 142
7 155
7 195
7 234
7 258
8 70
8 90
8 129
8 304
9 76
9 135
9 148
9 163
9 209
9 232
10 82
10 84
10 122
10 126
10 127
10 160
10 163
10 189
10 200
10 249
10 267
10 273
11 12
11 271
12 70
12 120
12 123
12 128
12 134
12 157
12 160
12 174
12 222
12 279
13 60
13 85
13 113
13 127
13 219
13 264
13 279
13 309
14 87
14 165
14 226
14 274
15 143
15 167
15 195
16 28
16 79
16 122
16 152
16 161
16 216
16 218
16 232
16 301
17 43
17 87
17 111
17 138
17 185
17 193
17 219
17 233
17 253
17 279
17 309
18 39
18 100
18 117
18 123
18 131
18 143
18 205
18 278
19 36
19 134
19 201
19 241
19 247
20 70
20 74
20 90
20 121
20 122
20 127
20 206
20 210
20 234
20 282
20 294
21 34
21 67
21 156
21 162
21 163
21 166
21 206
21 234
22 37
22 80
22 162
22 171
22 185
22 236
23 28
23 42
23 44
23 103
23 115
23 123
23 128
23 151
23 170
23 204
23 226
23 232
23 243
24 62
24 128
24 158
24 181
24 204
24 288
25 204
26 93
26 122
26 219
26 264
27 41
27 57
27 141
27 206
28 48
28 75
28 117
28 121
28 123
28 134
28 207
29 30
29 40
29 41
29 79
29 90
29 98
29 105
29 125
29 127
29 138
29 277
30 80
31 81
31 100
31 112
31 190
31 285
32 55
32 72
32 219
32 233
32 288
33 72
33 75
33 124
33 134
33 135
33 141
33 156
33 228
33 257
34 40
34 41
34 49
34 105
34 207
35 37
35 49
35 52
35 73
35 121
35 124
35 127
35 138
35 154
35 184
35 200
35 228
35 236
35 289
36 57
36 123
36 155
36 219
36 226
36 234
36 254
36 288
36 313
37 40
37 85
37 241
37 312
38 122
38 129
38 139
39 157
39 204
39 288
40 52
40 80
40 105
40 111
40 124
40 127
40 234
40 247
40 299
41 70
41 75
41 92
41 139
41 157
41 210
41 216
41 267
41 274
42 52
42 68
42 123
42 134
42 163
42 209
42 226
42 259
42 286
42 313
43 153
44 90
44 124
44 137
44 190
46 126
46 195
47 129
47 232
48 296
49 124
49 127
49 128
49 134
49 135
49 155
49 175
49 259
49 269
49 313
50 54
50 232
51 140
51 143
51 207
51 232
51 245
51 266
52 63
52 74
52 78
52 121
52 123
52 127
52 134
52 195
52 235
52 246
52 285
52 292
53 84
53 85
53 87
53 121
53 215
53 279
53 309
54 77
54 104
54 110
54 127
54 129
54 160
54 183
54 226
54 230
54 234
54 255
55 124
55 128
55 137
55 141
55 158
55 189
56 121
56 127
56 240
56 277
56 307
57 70
57 149
57 195
57 226
58 134
58 155
58 220
59 73
59 95
59 100
59 104
59 122
59 180
59 207
59 252
60 70
60 122
60 228
60 268
61 89
61 128
61 176
61 223
61 229
61 254
61 261
62 123
62 126
64 132
64 152
65 123
65 128
66 76
66 121
66 273
66 302
66 309
67 81
67 125
67 257
67 279
67 309
68 91
68 115
68 120
68 141
68 144
68 223
68 226
68 273
69 163
69 224
69 234
70 115
70 126
70 234
70 313
71 77
71 83
71 132
71 206
71 207
72 106
72 120
72 215
72 218
72 226
73 99
73 129
73 218
73 241
73 252
73 288
74 129
74 234
74 255
74 285
75 98
75 121
75 125
75 126
75 128
75 129
75 142
75 233
75 235
76 103
76 122
76 125
76 158
76 162
76 216
76 218
76 234
76 309
77 95
77 109
77 121
77 128
77 134
77 149
77 165
77 189
77 200
77 232
77 233
77 252
77 253
77 291
78 107
78 313
79 89
79 110
79 127
79 195
79 239
80 121
80 127
80 134
80 223
80 232
80 234
80 268
81 91
81 95
81 204
81 304
82 126
83 102
83 123
84 121
84 134
84 291
85 89
85 129
85 174
85 185
85 198
85 201
85 221
85 232
85 238
85 241
85 275
85 290
86 121
86 124
86 129
86 134
86 178
87 100
87 122
88 158
88 206
89 122
89 138
89 222
89 279
90 120
90 122
90 125
90 128
90 130
90 143
90 158
90 188
90 211
90 246
90 258
90 266
90 274
90 290
90 312
91 155
91 203
91 245
92 97
92 113
92 235
92 296
93 127
93 226
94 96
94 288
95 121
95 201
95 223
95 229
95 235
95 274
95 306
96 180
96 223
96 232
96 258
96 278
97 147
97 236
97 266
98 126
98 128
98 140
98 202
98 210
98 226
98 273
98 276
99 105
99 125
99 128
99 155
99 158
99 163
99 172
99 216
99 219
99 220
99 223
99 239
99 259
99 277
99 278
99 300
99 312
100 128
100 165
100 166
100 181
100 188
100 189
100 198
100 199
100 226
100 264
100 279
100 302
101 128
102 283
103 165
103 237
103 241
104 150
104 174
104 234
104 237
104 252
105 126
105 148
105 182
105 188
105 210
105 266
106 111
106 112
106 140
106 146
106 244
106 267
107 136
107 191
107 196
107 279
107 282
107 304
107 307
108 110
108 125
108 128
108 175
108 234
108 261
109 250
110 117
110 121
110 124
110 128
110 134
110 181
110 203
110 204
110 209
111 184
111 203
111 234
111 241
111 247
111 314
112 179
113 125
114 224
115 151
115 158
115 169
115 188
116 221
117 164
117 184
117 264
117 278
117 299
118 297
119 200
119 226
119 302
119 306
120 177
120 201
120 233
120 260
120 272
121 124
121 125
121 129
121 140
121 141
121 144
121 153
121 155
121 161
121 162
121 178
121 187
121 231
121 233
121 234
121 282
121 284
121 292
121 297
122 123
122 124
122 126
122 152
122 162
122 180
122 206
122 209
122 221
122 232
122 238
122 261
122 263
122 266
122 286
122 308
123 125
123 127
123 155
123 158
123 160
123 162
123 170
123 206
123 220
123 223
123 225
123 233
123 234
123 241
123 252
123 253
123 261
123 274
123 282
123 283
123 289
123 309
124 127
124 133
124 138
124 143
124 146
124 157
124 180
124 199
124 202
124 209
124 228
124 233
124 235
124 241
124 264
124 275
124 298
124 299
124 309
125 134
125 160
125 177
125 182
125 183
125 195
125 204
125 215
125 220
125 223
125 226
125 233
125 238
125 239
125 241
125 243
125 250
125 261
125 264
125 266
126 127
126 134
126 163
126 201
126 206
126 209
126 226
126 234
126 241
126 266
126 275
126 309
127 128
127 158
127 159
127 163
127 165
127 176
127 184
127 207
127 211
127 212
127 232
127 235
127 246
127 260
127 309
128 156
128 160
128 168
128 174
128 176
128 189
128 195
128 219
128 234
128 236
128 257
128 259
128 275
128 279
128 285
129 139
129 153
129 160
129 162
129 165
129 168
129 170
129 203
129 227
129 232
129 233
129 238
129 246
129 266
129 280
130 235
132 165
132 173
132 174
132 178
132 232
133 144
133 195
133 236
133 264
134 172
134 208
134 219
134 222
134 236
134 269
135 139
135 220
135 264
135 282
137 150
137 168
137 207
137 236
137 264
138 195
139 186
139 215
139 221
139 234
139 296
139 309
140 149
140 155
140 195
140 205
140 243
141 162
141 234
143 232
143 259
143 274
143 301
144 244
145 153
145 268
145 293
147 228
147 280
147 286
148 229
148 235
151 169
153 299
154 169
154 234
154 250
154 257
154 297
155 194
155 219
155 240
155 264
155 285
155 304
156 188
157 235
158 192
158 195
158 280
158 314
159 208
160 161
160 182
160 219
160 234
160 254
161 229
161 288
162 197
162 226
162 277
162 314
163 180
163 278
163 286
163 295
164 289
165 167
165 233
165 277
165 278
166 276
166 277
166 285
167 202
167 206
168 186
168 195
168 234
168 269
168 274
168 290
169 246
169 262
170 183
170 202
170 232
170 236
170 253
171 192
171 225
171 232
171 277
172 233
172 235
172 289
173 177
173 234
173 239
173 258
173 283
174 189
174 197
175 212
175 236
176 238
177 180
177 202
177 280
179 233
179 234
179 235
180 212
180 234
180 265
180 275
180 312
182 234
183 204
183 208
183 243
184 273
185 231
185 233
186 231
187 204
187 269
187 292
188 229
188 235
188 292
189 203
189 206
189 241
192 235
192 278
193 202
193 259
193 299
194 212
195 267
197 206
197 234
198 200
198 235
198 265
199 227
199 283
199 313
200 219
200 232
200 233
200 259
200 299
201 219
201 292
202 234
202 268
202 277
203 235
204 217
204 224
204 234
204 241
204 261
204 278
204 279
204 315
205 259
206 233
206 243
206 245
206 264
206 288
206 291
207 232
207 266
208 223
209 236
209 279
210 218
212 250
212 265
213 259
214 301
216 235
216 253
216 272
216 315
217 243
218 235
218 285
219 246
219 266
219 279
219 300
220 253
220 258
220 296
220 305
223 224
223 226
223 235
223 267
223 284
223 309
224 232
224 233
224 234
225 226
226 232
226 234
226 235
226 264
226 309
226 314
228 244
229 274
230 241
231 249
232 237
232 241
232 246
232 247
232 252
232 257
232 280
232 297
232 303
233 243
233 259
233 291
233 312
234 235
234 237
234 266
234 275
235 241
235 248
235 261
235 292
236 239
236 279
237 251
237 304
239 304
239 306
240 275
240 298
240 304
243 279
246 266
246 271
246 308
247 252
247 262
252 264
253 312
256 280
257 263
257 272
259 267
260 264
262 274
264 279
267 278
269 303
277 284
281 314
282 304
288 298
288 305
291 309
300 304
304 313
309 310
