0 5
0 33
0 87
0 193
0 199
1 233
1 273
2 85
2 91
2 98
2 100
2 111
2 121
2 125
2 127
2 203
2 226
2 254
2 255
2 294
3 77
3 89
3 110
3 122
3 155
3 200
3 241
3 252
4 72
4 100
4 134
4 162
4 188
4 204
4 237
4 266
5 18
5 22
5 55
5 61
5 73
5 79
5 102
5 108
5 123
5 125
5 126
5 128
5 172
5 186
5 194
5 196
5 226
5 234
5 282
6 9
6 14
6 17
6 44
6 81
6 125
6 162
6 174
6 199
6 226
6 232
6 259
6 266
6 280
7 38
7 63
7 81
7 128
7 183
7 213
7 288
8 35
8 123
8 124
8 129
8 161
8 200
8 204
9 35
9 123
9 124
9 126
9 127
10 45
10 68
10 89
10 112
10 124
10 134
10 222
10 235
10 239
11 157
12 41
12 140
12 232
13 29
13 52
13 54
13 88
13 106
13 140
13 188
13 224
13 230
14 20
14 40
14 125
14 141
14 273
15 96
15 192
16 104
16 158
16 265
16 304
17 37
17 125
17 158
17 161
17 181
17 186
17 204
17 225
17 252
17 285
17 309
18 21
18 23
18 33
18 52
18 100
18 123
18 125
18 234
18 238
19 40
19 104
19 110
19 123
19 219
20 28
20 54
20 95
20 97
20 106
20 122
20 135
20 263
20 282
21 234
21 271
22 35
22 59
22 66
22 90
22 122
22 124
22 199
22 220
22 227
22 309
23 36
23 90
23 115
23 121
23 123
23 131
23 145
23 202
23 243
24 120
24 144
24 219
24 249
24 287
25 100
25 139
25 162
25 188
25 204
26 60
26 125
26 178
27 42
27 187
28 43
28 84
28 85
28 124
28 133
28 143
28 265
28 311
29 86
29 121
29 125
29 129
29 134
29 140
29 247
30 292
30 305
31 59
31 74
31 122
31 123
31 141
31 175
32 50
32 98
32 99
32 130
32 183
32 239
32 271
33 103
33 116
33 126
33 280
34 73
34 112
34 121
34 124
34 140
34 210
34 237
34 238
34 259
34 261
34 276
35 55
35 56
35 57
35 70
35 129
35 147
35 207
35 218
35 223
35 226
35 228
35 232
35 235
35 239
35 243
35 272
35 302
36 69
36 84
36 110
36 123
36 130
36 131
36 148
36 156
36 182
36 197
36 233
36 239
36 278
36 283
36 298
36 315
37 76
37 83
37 123
37 129
37 227
37 233
37 239
37 262
37 287
37 305
38 62
38 160
39 42
39 61
39 65
39 77
39 100
39 122
39 129
39 187
39 223
39 228
39 246
40 42
40 44
40 83
40 99
40 124
40 126
40 141
40 204
40 235
40 241
40 308
41 49
41 100
41 121
41 122
41 125
41 128
41 134
41 156
41 159
41 218
42 88
42 93
42 106
42 124
42 125
42 126
42 151
42 302
43 45
43 180
43 233
44 67
44 102
44 121
44 204
44 226
44 233
45 114
46 181
46 191
46 237
46 286
48 180
49 59
49 90
49 125
49 130
49 156
49 168
49 172
49 296
50 90
50 100
50 251
51 126
51 134
51 169
51 184
51 253
51 304
52 85
52 105
52 122
52 123
52 127
52 128
52 134
52 139
52 171
52 178
54 113
54 237
54 259
54 271
55 127
55 135
55 206
55 233
55 309
56 70
56 108
56 179
56 266
56 304
57 76
57 110
57 127
57 190
57 246
57 288
58 140
58 142
58 206
59 80
59 115
59 133
59 227
59 228
59 232
59 279
59 288
60 247
61 98
61 100
61 115
61 124
61 129
61 185
61 192
61 224
62 121
62 136
62 231
63 99
64 202
65 80
65 90
65 127
65 180
65 234
65 253
66 75
66 122
66 128
66 234
66 304
67 121
67 122
67 160
67 181
67 274
67 291
68 108
68 307
68 309
69 167
70 112
70 128
70 298
71 160
71 163
71 233
72 100
72 122
72 128
72 148
72 179
72 215
72 233
72 271
72 282
73 93
73 106
73 126
73 139
73 158
73 168
73 186
73 221
73 288
73 309
74 128
74 144
74 235
75 128
75 155
75 168
75 172
75 193
75 231
75 236
75 247
75 306
76 98
76 106
76 129
76 148
76 171
76 177
76 195
76 205
76 207
76 285
77 79
77 120
77 123
77 125
77 149
77 168
77 197
77 283
77 303
77 309
78 123
78 252
79 122
79 133
79 189
80 129
80 191
80 202
80 204
81 94
81 121
81 169
81 198
81 276
82 152
83 126
83 238
83 288
83 304
84 117
84 172
84 220
85 103
85 114
85 122
85 124
85 126
85 221
85 223
85 233
85 280
85 304
86 202
86 217
86 238
86 285
87 163
88 141
89 125
89 235
89 266
89 277
89 299
89 305
90 98
90 108
90 112
90 162
90 172
90 180
90 204
90 207
90 274
90 280
91 116
91 127
91 204
92 101
92 126
92 134
92 159
92 169
93 99
93 104
93 116
93 147
93 204
93 232
93 233
93 266
94 97
95 160
95 198
95 215
95 262
95 304
96 126
96 171
96 187
96 188
96 235
96 251
97 203
97 313
98 126
98 222
98 233
98 279
99 123
99 128
99 177
99 204
99 219
99 228
99 269
99 279
99 309
100 113
100 127
100 144
100 150
100 165
100 168
100 221
100 233
100 234
100 259
100 271
100 302
100 305
101 126
101 192
101 233
102 110
102 173
102 192
104 127
104 188
104 200
104 233
104 279
104 292
104 309
105 112
105 160
105 165
105 265
106 183
106 186
106 204
106 217
106 220
107 182
107 309
109 125
110 121
110 125
110 207
110 223
110 266
110 292
111 125
111 169
111 183
111 247
111 254
112 122
112 173
112 202
113 123
113 309
114 154
115 123
115 126
115 127
115 135
115 192
115 234
115 292
116 142
116 232
117 161
117 180
117 200
117 208
117 227
117 232
117 260
117 261
117 284
117 297
117 304
117 309
118 121
119 233
120 206
120 223
120 257
120 262
120 296
121 127
121 158
121 168
121 171
121 173
121 178
121 205
121 218
121 232
121 233
121 236
121 257
122 177
122 180
122 182
122 204
122 214
122 216
122 219
122 220
122 255
122 266
123 126
123 134
123 138
123 165
123 166
123 179
123 185
123 187
123 220
123 233
123 249
123 267
123 275
123 282
123 287
123 303
123 309
123 313
124 125
124 129
124 134
124 171
124 198
124 212
124 219
124 257
124 271
124 275
124 309
125 127
125 129
125 130
125 132
125 135
125 143
125 160
125 161
125 166
125 168
125 188
125 189
125 198
125 220
125 230
125 234
125 266
125 304
125 313
126 132
126 134
126 143
126 185
126 197
126 202
126 204
126 219
126 228
126 241
126 242
126 260
126 274
126 276
127 134
127 135
127 158
127 189
127 203
127 204
127 231
127 234
127 235
127 241
127 243
127 247
127 254
127 264
127 279
127 304
127 311
128 132
128 135
128 151
128 160
128 163
128 185
128 206
128 224
128 234
128 237
128 241
128 254
128 267
128 275
128 278
128 279
129 157
129 165
129 191
129 226
129 232
129 233
129 235
129 238
129 295
130 169
131 158
131 165
131 168
131 210
131 309
132 234
132 254
133 134
133 160
133 219
134 151
134 176
134 186
134 202
134 206
134 217
134 218
134 236
134 266
134 269
134 296
135 180
135 182
135 208
135 226
135 244
135 266
135 269
137 140
137 185
137 236
138 141
139 204
139 235
139 237
139 266
139 302
140 182
140 208
140 226
140 231
140 259
140 264
141 156
141 252
142 219
142 264
143 165
143 173
144 212
145 175
145 189
145 204
145 208
146 243
147 246
148 253
149 195
150 251
150 266
151 246
152 203
153 185
153 204
153 213
154 202
154 287
155 183
155 236
155 237
156 252
157 235
158 196
158 203
158 266
159 199
159 254
160 192
160 223
160 226
160 232
160 288
161 215
162 298
163 198
163 200
163 257
165 276
166 216
166 234
167 191
168 186
168 216
168 219
168 244
169 171
169 268
170 247
170 262
171 245
174 193
174 234
174 235
175 195
176 195
176 308
178 219
178 232
179 181
180 200
180 204
180 226
180 232
180 234
180 246
180 285
180 288
180 314
181 211
181 242
182 204
182 272
183 195
183 215
183 236
183 264
185 204
185 217
185 226
185 266
187 241
187 266
187 285
187 309
188 246
189 223
189 233
190 204
190 222
190 253
191 232
192 243
192 263
192 282
192 302
193 235
195 206
195 293
195 310
196 218
196 274
197 268
198 246
199 227
199 233
199 234
199 243
199 254
201 234
201 280
201 289
201 305
202 207
202 226
203 205
203 232
203 239
204 214
204 217
204 252
204 288
205 233
205 310
206 217
206 255
206 258
206 312
207 284
207 286
208 219
208 220
208 240
208 251
209 229
209 239
209 296
210 268
210 310
211 261
212 246
212 279
217 219
217 246
217 269
218 275
218 286
218 291
219 223
219 234
219 243
219 257
220 267
221 232
221 279
222 228
223 241
223 248
223 261
223 292
224 257
224 279
225 280
225 289
226 266
226 278
226 288
226 292
227 273
228 313
230 292
232 241
232 245
232 246
232 247
232 286
232 288
232 291
232 304
233 267
233 298
233 304
233 309
234 235
234 247
234 288
235 247
235 257
235 263
235 266
235 301
235 304
236 241
236 243
236 252
237 240
237 246
238 255
239 311
240 257
241 249
241 266
241 289
241 298
245 255
246 259
247 299
250 279
251 264
252 255
252 305
253 297
255 288
258 302
260 292
262 266
268 299
274 287
274 288
276 280
277 304
278 286
286 296
292 309
299 301
307 315
