0 121
0 129
0 146
1 32
1 64
1 196
2 51
2 63
2 90
2 119
2 124
2 126
2 127
2 168
2 174
2 261
2 262
3 4
3 19
3 126
3 138
3 169
3 189
3 195
3 219
3 233
3 309
4 36
4 110
4 112
4 126
4 152
4 162
4 180
4 185
4 233
4 304
5 30
5 35
5 39
5 61
5 75
5 99
5 100
5 102
5 112
5 126
5 189
5 191
5 192
5 261
5 311
6 19
6 40
6 59
6 69
6 84
6 188
6 203
6 207
6 217
6 250
6 278
6 304
6 309
6 311
7 10
7 46
7 76
7 77
7 100
7 108
7 122
7 201
7 272
7 286
8 134
8 238
9 16
9 35
9 100
9 126
10 31
10 36
10 77
10 124
10 127
10 192
10 235
10 241
10 266
11 22
11 33
11 90
11 99
11 121
12 121
12 165
12 174
12 195
12 204
12 279
13 31
13 40
13 105
13 137
13 139
13 204
13 220
13 279
13 291
14 82
14 259
15 125
15 127
15 241
16 40
16 90
16 124
16 165
16 195
16 208
16 212
16 216
16 234
16 255
16 291
17 36
17 59
17 61
17 74
17 127
17 141
17 182
17 185
17 232
18 27
18 40
18 142
18 241
18 307
18 309
18 314
19 73
19 235
19 266
20 44
20 76
20 83
20 117
20 219
21 42
21 66
21 124
21 126
21 129
21 157
21 159
21 257
22 35
22 36
22 51
22 104
22 129
22 155
22 204
22 234
22 279
23 28
23 54
23 68
23 121
23 127
23 128
23 134
23 142
23 145
23 163
23 193
23 279
24 57
24 59
24 99
24 129
24 134
24 172
24 276
25 49
25 124
26 98
26 138
26 187
27 66
27 122
27 142
27 186
27 189
27 309
28 34
28 49
28 90
28 122
28 201
28 203
28 209
28 252
29 41
29 42
29 74
29 117
29 149
29 167
29 203
29 218
29 222
29 235
29 261
29 314
30 106
30 119
30 126
30 172
30 192
30 232
31 36
31 55
31 56
31 207
31 208
31 226
31 235
32 35
32 121
32 175
32 182
32 266
33 75
33 168
33 235
33 247
34 52
34 121
34 204
35 52
35 62
35 67
35 84
35 85
35 111
35 120
35 130
35 139
35 182
35 204
35 219
35 233
35 249
35 267
35 271
35 277
36 102
36 104
36 121
36 126
36 137
36 151
36 183
36 217
36 226
36 292
37 66
37 114
37 200
37 235
37 243
38 95
38 122
38 216
39 128
39 173
39 205
40 72
40 80
40 91
40 98
40 125
40 128
40 166
40 172
40 183
40 189
40 197
40 202
40 220
40 257
40 265
40 304
41 126
41 151
41 162
41 214
41 223
41 226
41 243
41 307
42 117
42 192
42 202
42 214
42 240
42 297
42 309
43 271
44 174
44 225
44 226
45 76
45 227
46 122
46 192
46 199
46 204
46 206
46 233
46 274
46 310
47 56
47 124
47 211
47 241
48 153
49 66
49 90
49 99
49 186
49 209
49 217
49 232
50 152
50 165
50 241
51 72
51 77
51 121
51 212
51 236
52 77
52 99
52 121
52 141
52 218
52 241
52 298
53 199
54 90
54 96
54 125
54 143
54 226
54 235
54 245
54 274
55 122
55 123
55 129
55 174
55 235
56 88
56 91
56 98
56 123
56 207
56 217
56 239
57 60
57 79
57 126
57 146
58 122
58 174
59 86
59 95
59 104
59 121
59 143
59 239
59 240
59 279
60 77
60 97
60 246
60 279
60 305
60 309
61 99
61 121
61 122
61 127
61 128
61 129
61 203
61 219
61 235
61 289
62 76
62 169
62 182
63 121
63 241
64 226
65 232
65 233
65 235
65 241
65 302
65 308
65 313
66 73
66 76
66 82
66 202
66 271
66 298
67 76
67 110
67 142
67 195
67 226
67 235
67 247
68 135
68 284
69 99
69 147
69 225
70 90
70 121
70 126
70 128
70 154
70 157
70 177
70 241
71 75
72 126
72 162
72 168
72 187
72 189
72 204
72 206
73 132
73 199
73 200
73 209
73 232
73 266
74 174
74 223
74 233
75 86
75 90
75 111
75 132
75 165
75 257
75 279
75 308
76 77
76 101
76 181
76 182
76 192
76 201
76 204
76 207
76 208
76 223
76 241
76 311
77 99
77 120
77 126
77 167
77 191
77 198
77 200
77 232
77 238
77 239
77 249
77 251
77 262
77 280
77 288
78 309
79 100
79 143
79 218
80 109
80 147
80 210
80 216
80 279
80 304
81 83
81 100
81 216
81 219
81 226
81 253
81 268
82 92
82 266
83 124
83 146
83 240
83 245
84 121
84 262
84 265
85 122
85 124
85 178
85 180
85 226
85 243
85 254
85 286
85 313
86 129
86 232
86 265
86 266
86 285
87 122
87 202
87 204
87 228
88 91
88 123
88 195
88 234
89 121
89 126
89 127
89 129
89 130
89 139
89 204
89 235
89 258
89 264
90 96
90 101
90 129
90 158
90 186
90 197
90 226
90 232
90 233
90 235
90 268
90 278
91 106
91 118
91 127
91 129
91 150
91 184
91 191
91 261
92 122
92 126
92 234
92 270
93 134
95 123
95 173
95 226
95 297
95 314
96 103
96 122
96 279
97 122
97 240
98 104
98 109
98 110
98 128
98 129
98 198
98 217
98 315
99 119
99 122
99 123
99 125
99 134
99 138
99 140
99 147
99 177
99 189
99 200
99 255
99 277
100 110
100 124
100 126
100 127
100 151
100 177
100 188
100 193
100 204
100 242
100 264
100 279
100 280
100 304
101 160
102 124
102 184
102 236
103 178
103 200
103 232
103 279
104 115
104 128
104 142
104 181
104 216
104 274
105 120
105 129
105 204
105 217
105 228
105 231
105 252
106 128
106 177
106 195
106 201
106 219
106 234
106 263
106 299
107 134
107 192
107 219
108 116
108 196
108 209
108 226
108 228
108 241
108 305
109 186
110 125
110 171
110 223
110 238
110 279
110 286
110 305
111 121
111 127
111 160
111 167
111 193
111 220
111 234
111 259
111 283
112 122
112 131
112 178
112 200
112 259
113 125
113 292
115 125
115 126
115 127
115 165
115 238
116 165
116 212
116 279
116 304
117 121
117 140
117 146
117 163
117 166
117 187
117 206
117 235
117 280
118 129
118 162
118 224
119 206
119 232
119 238
119 278
120 126
120 139
120 195
120 232
120 235
121 123
121 124
121 125
121 144
121 160
121 168
121 173
121 185
121 203
121 219
121 232
121 241
121 251
121 279
121 304
121 308
121 312
122 127
122 128
122 134
122 143
122 185
122 203
122 204
122 206
122 241
122 267
122 275
123 124
123 129
123 130
123 134
123 140
123 170
123 174
123 181
123 182
123 185
123 189
123 199
123 215
123 234
123 237
123 252
123 260
123 283
123 298
123 302
123 304
123 309
124 127
124 129
124 130
124 153
124 154
124 204
124 206
124 217
124 218
124 219
124 227
124 233
124 259
124 271
124 299
124 304
125 126
125 153
125 157
125 216
125 220
125 221
125 230
125 234
125 236
125 241
125 243
125 249
125 253
125 264
125 309
126 127
126 133
126 134
126 135
126 140
126 153
126 182
126 193
126 204
126 226
126 240
126 257
126 262
126 266
126 271
126 278
126 296
126 305
126 309
127 129
127 135
127 155
127 158
127 169
127 171
127 180
127 206
127 207
127 209
127 215
127 226
127 247
127 291
127 300
128 129
128 135
128 157
128 160
128 173
128 202
128 209
128 220
128 232
128 246
128 267
128 279
128 305
129 134
129 200
129 232
129 234
129 240
129 243
129 259
129 261
129 264
129 271
129 286
129 291
129 293
129 309
130 131
130 235
130 249
130 288
130 309
131 139
131 233
131 259
131 264
131 269
131 313
132 165
132 220
132 226
132 270
132 291
133 219
134 142
134 162
134 168
134 188
134 200
134 231
134 233
134 247
134 254
134 304
134 308
135 142
135 153
135 158
135 187
135 297
136 204
136 304
137 176
137 226
137 232
138 166
138 183
138 201
138 207
138 282
138 283
139 245
139 261
139 268
139 279
140 189
140 202
140 207
140 234
140 241
140 304
141 195
141 214
141 235
141 257
142 178
142 276
143 204
143 225
144 145
144 233
147 149
147 168
147 195
151 163
151 168
151 204
152 192
152 298
153 168
155 224
155 226
155 279
156 266
156 283
158 267
158 271
158 288
158 314
159 163
159 214
159 260
159 309
160 162
160 173
160 195
160 212
160 250
160 271
160 276
160 291
162 226
162 252
162 253
162 260
162 278
162 286
162 311
163 208
163 247
164 234
164 257
164 266
165 189
165 204
165 266
165 276
165 286
165 304
166 168
166 262
166 266
167 233
168 226
169 292
170 173
170 259
170 307
171 212
172 180
172 183
172 220
172 304
173 181
173 230
173 235
173 243
174 178
174 310
175 203
175 255
176 188
176 289
177 253
178 218
178 290
179 200
179 219
179 236
179 309
180 212
180 236
180 238
180 244
180 294
181 221
181 248
182 200
182 223
182 257
182 309
184 226
184 249
185 261
185 266
187 223
187 253
189 224
191 195
191 204
191 217
191 234
192 216
192 260
193 206
193 226
193 238
193 282
195 233
195 261
196 221
196 257
196 303
198 232
199 240
200 298
201 204
201 241
201 280
202 204
202 210
202 232
202 262
202 292
204 231
204 267
204 297
204 300
204 305
204 315
206 226
206 278
207 237
208 259
209 233
210 232
212 230
213 214
213 238
214 272
216 262
217 263
217 296
218 235
218 260
219 264
219 269
219 277
219 279
220 233
220 239
220 244
221 313
222 266
223 224
223 234
223 260
223 266
224 234
224 246
224 247
225 233
226 243
226 257
226 266
226 279
226 280
226 288
226 304
228 266
230 232
232 264
232 280
232 284
232 309
233 236
233 265
233 266
233 267
233 271
233 274
233 279
233 296
233 309
234 241
234 243
234 245
235 238
235 246
235 259
235 260
235 265
235 266
235 305
236 240
238 268
239 246
239 261
241 261
241 286
244 283
246 279
250 268
253 278
253 279
254 313
255 277
255 297
256 267
257 268
257 273
259 314
260 274
261 309
266 267
266 292
267 268
267 296
268 279
268 315
272 309
273 292
275 278
275 314
276 309
277 287
278 311
279 297
280 296
286 304
296 305
296 309
