0 77
0 141
0 177
0 266
0 280
1 23
1 37
1 85
1 204
2 52
2 124
2 127
2 195
2 288
3 125
3 156
3 276
4 6
4 10
4 40
4 87
4 163
4 169
4 207
4 230
5 80
5 90
5 99
5 100
5 126
5 189
5 204
5 211
5 226
5 232
5 233
5 234
6 17
6 22
6 35
6 37
6 67
6 82
6 85
6 185
6 235
6 309
7 42
7 54
7 56
7 77
7 78
7 155
7 197
7 204
7 241
7 247
7 304
7 309
8 164
8 187
9 16
9 36
9 73
9 122
9 200
9 221
9 235
10 37
10 82
10 97
10 100
10 120
10 124
10 129
10 233
10 304
10 313
11 62
11 135
11 202
12 219
13 16
13 36
13 122
13 126
13 127
13 201
13 226
13 278
14 52
14 76
14 95
15 65
15 99
15 104
15 110
15 125
15 207
15 223
15 243
16 55
16 117
16 226
17 28
17 57
17 77
17 110
17 140
17 153
17 155
17 204
17 205
17 229
17 232
17 234
17 261
17 283
18 55
18 104
18 252
19 66
19 121
19 124
19 129
19 180
20 57
20 97
20 130
20 160
20 172
20 233
21 94
21 129
21 232
22 35
22 125
22 206
22 227
22 230
22 235
23 56
23 98
23 121
23 129
23 233
23 277
23 312
24 67
24 98
24 124
24 166
24 217
24 218
24 264
26 81
26 103
26 155
26 273
27 124
27 260
28 36
28 52
28 206
28 233
28 309
29 36
29 125
29 188
29 234
29 235
29 282
29 304
30 261
31 125
31 127
31 304
32 90
32 141
32 178
32 253
32 304
32 309
33 72
33 141
34 35
34 44
34 67
34 100
34 124
34 128
34 155
34 266
34 309
35 50
35 53
35 69
35 95
35 110
35 117
35 122
35 124
35 128
35 160
35 191
35 207
35 235
35 252
35 259
35 263
35 264
35 265
36 55
36 88
36 121
36 143
36 163
36 224
36 233
36 235
36 237
36 239
36 258
37 119
37 121
37 160
37 189
37 217
37 223
37 224
37 279
37 288
37 306
37 309
38 111
38 309
39 90
39 110
39 117
39 122
39 124
39 125
39 126
39 134
39 137
39 159
39 163
39 235
40 87
40 99
40 122
40 127
40 170
40 195
40 232
40 234
40 279
41 42
41 46
41 77
41 86
41 125
41 234
41 302
42 123
42 134
42 173
42 234
42 256
43 85
43 157
44 51
44 57
44 243
44 262
44 267
45 100
46 75
47 162
47 166
47 202
47 206
47 220
49 85
49 89
49 107
49 147
50 57
50 278
51 77
51 104
51 156
51 160
51 176
51 309
52 99
52 100
52 105
52 126
52 180
52 233
52 234
53 69
53 189
53 279
54 85
54 127
54 274
54 296
54 309
55 72
55 122
55 140
55 234
55 288
56 125
56 226
56 259
56 269
56 313
57 99
57 121
57 183
57 241
57 247
57 275
58 174
59 75
59 100
59 122
59 129
59 141
59 158
59 169
59 188
59 211
59 215
59 237
59 286
60 231
60 288
61 80
61 99
61 139
61 152
61 207
62 92
62 125
62 177
62 195
62 223
62 234
63 127
63 271
64 125
64 208
64 232
65 122
65 171
65 224
65 228
65 234
65 309
66 112
66 126
66 161
66 209
66 226
66 286
67 89
67 121
67 128
67 151
67 224
67 309
67 311
68 75
68 180
68 226
68 297
69 102
69 181
69 192
70 76
70 121
70 193
72 122
72 206
72 235
73 99
73 154
73 161
73 236
73 275
73 279
74 128
74 266
75 125
75 160
75 201
75 220
75 249
75 261
75 306
76 78
76 81
76 90
76 127
76 158
76 167
76 199
76 209
76 235
76 278
76 309
77 80
77 122
77 139
77 140
77 169
77 180
77 189
77 200
77 204
77 206
77 226
77 232
77 233
77 279
77 280
77 304
77 305
78 125
78 163
79 91
79 185
80 86
80 197
81 120
81 125
81 126
81 134
81 216
81 234
81 285
82 100
82 102
82 126
84 95
84 179
85 95
85 121
85 122
85 123
85 126
85 147
85 160
85 162
85 168
85 180
85 235
86 147
86 197
86 236
86 253
86 278
86 312
87 92
88 121
88 223
88 284
89 122
89 125
89 159
89 170
89 226
89 238
89 252
90 91
90 110
90 115
90 117
90 128
90 145
90 184
90 226
90 233
90 236
91 96
91 283
92 121
92 241
93 127
93 128
93 150
93 158
93 170
93 279
94 309
95 96
95 113
95 124
95 134
95 168
95 197
95 225
95 258
95 286
95 304
96 99
96 117
96 126
96 224
96 233
96 276
96 303
97 110
97 115
97 232
98 121
98 156
98 235
98 253
98 303
99 122
99 129
99 133
99 159
99 162
99 170
99 176
99 181
99 192
99 193
99 204
99 218
99 233
99 237
99 288
99 312
100 103
100 124
100 125
100 126
100 130
100 134
100 139
100 143
100 144
100 145
100 166
100 186
100 195
100 201
100 207
100 219
100 233
100 234
100 236
100 280
100 313
101 189
101 193
102 117
102 150
103 104
103 122
103 127
103 135
103 237
104 192
104 204
104 234
104 262
105 124
105 129
105 160
105 175
105 192
105 266
106 120
106 127
106 157
106 189
106 207
106 218
106 228
106 234
106 309
107 124
107 127
107 169
107 234
107 271
108 124
108 235
108 267
109 288
110 124
110 128
110 131
110 216
110 232
110 309
111 126
111 127
111 200
111 278
112 122
112 168
112 311
112 312
113 234
113 235
114 126
114 182
115 126
115 155
115 180
115 181
115 253
115 271
115 275
116 120
116 169
116 222
117 123
117 127
117 158
117 163
117 176
117 206
117 235
117 249
117 266
117 279
119 126
120 128
120 129
120 203
120 216
121 134
121 144
121 176
121 195
121 201
121 217
121 231
121 233
121 238
121 240
121 243
121 246
121 252
121 267
121 271
121 279
121 311
122 125
122 126
122 128
122 142
122 143
122 153
122 158
122 160
122 161
122 167
122 188
122 189
122 193
122 195
122 204
122 219
122 228
122 236
122 238
122 244
122 252
122 266
122 278
122 279
122 304
122 308
123 125
123 126
123 127
123 137
123 141
123 163
123 174
123 208
123 219
123 246
123 252
123 272
123 279
123 302
124 128
124 176
124 181
124 185
124 205
124 209
124 216
124 218
124 219
124 224
124 235
124 241
124 255
125 130
125 135
125 142
125 165
125 167
125 169
125 190
125 191
125 195
125 200
125 219
125 234
125 235
125 296
125 311
126 151
126 156
126 162
126 183
126 212
126 215
126 226
126 234
126 246
126 255
126 266
126 267
126 269
126 273
126 277
126 291
126 309
127 128
127 129
127 135
127 140
127 160
127 163
127 180
127 187
127 199
127 209
127 212
127 217
127 230
127 234
127 249
127 264
127 267
127 305
128 129
128 130
128 161
128 178
128 187
128 204
128 257
128 275
128 300
128 304
128 309
129 157
129 172
129 173
129 188
129 202
129 206
129 219
129 232
129 235
129 262
129 266
129 282
130 231
130 309
131 181
131 212
131 234
132 232
133 209
133 236
134 152
134 160
134 226
134 246
134 296
134 304
135 168
135 175
135 257
136 233
136 234
137 192
137 292
138 157
138 180
138 210
139 160
139 162
139 167
139 233
139 235
139 246
139 259
139 273
139 286
140 238
141 267
142 241
143 249
143 299
144 238
144 274
144 312
145 157
145 176
145 233
147 166
147 202
147 206
147 216
147 223
147 309
148 179
149 199
149 233
151 284
152 205
153 167
153 186
153 279
154 218
155 162
155 165
155 191
155 217
155 220
155 314
155 315
156 189
156 219
156 243
157 212
157 233
158 205
158 226
158 234
159 197
159 221
159 259
160 195
160 233
160 246
160 297
160 307
161 232
162 163
162 198
162 226
163 267
163 279
163 315
165 204
165 261
165 283
166 173
166 206
166 234
166 251
167 222
168 174
168 178
168 274
168 309
169 179
169 241
169 261
170 179
170 209
170 259
171 180
171 234
171 273
173 220
173 241
174 192
174 239
174 259
175 201
175 226
175 232
175 304
176 181
176 188
176 309
178 207
178 213
180 205
180 217
182 224
182 232
182 233
185 224
185 232
185 234
185 241
185 304
186 200
186 241
187 309
189 208
189 258
191 196
192 219
193 219
193 220
193 262
194 221
194 279
195 227
195 234
195 309
196 204
197 209
198 214
198 216
199 250
199 296
200 232
201 217
201 219
201 246
201 312
201 315
202 226
203 216
203 219
204 219
204 236
204 253
204 261
204 271
204 276
204 308
206 232
207 264
207 275
209 241
209 273
210 304
212 235
213 221
216 236
216 291
216 308
217 233
217 262
217 276
218 236
218 279
218 299
219 252
219 299
219 313
220 266
220 286
221 233
221 238
221 256
222 249
222 269
223 235
223 257
223 269
223 298
223 314
224 273
225 258
225 293
226 240
226 284
226 292
227 238
227 244
227 267
228 235
228 258
231 294
232 235
232 241
232 244
232 265
232 279
232 296
233 304
233 305
233 308
234 241
234 256
234 266
234 311
235 268
235 286
235 293
236 246
236 282
237 275
238 305
240 282
241 252
241 257
241 272
244 276
247 279
249 280
252 273
252 278
252 291
253 286
255 274
255 285
257 285
259 262
261 270
264 284
267 283
267 292
271 304
272 303
279 290
282 297
286 299
292 298
304 313
306 315
