0 18
0 145
1 73
1 90
1 207
1 304
2 55
2 59
2 83
2 124
2 130
2 215
2 217
2 218
2 225
2 265
2 268
3 77
3 79
3 116
3 126
3 129
3 135
3 141
3 195
3 233
3 240
4 35
4 60
4 70
4 109
4 122
4 125
4 163
4 174
4 188
4 235
5 75
5 77
5 89
5 110
5 128
5 163
5 201
5 207
5 215
5 237
5 246
5 253
5 264
5 268
5 285
5 304
5 309
6 11
6 76
6 169
6 180
6 185
6 186
6 200
6 206
6 214
6 273
6 292
7 20
7 43
7 62
7 76
7 103
7 105
7 127
7 134
7 154
7 218
7 228
7 259
7 279
7 310
8 29
8 49
8 158
8 170
8 174
8 192
9 100
9 122
9 187
9 241
9 299
10 57
10 62
10 100
10 127
10 149
10 154
10 160
10 188
10 233
10 313
11 23
11 267
11 283
11 284
12 273
12 283
13 17
13 29
13 123
13 127
13 200
13 242
14 39
14 40
14 187
15 22
15 76
16 76
16 111
16 226
16 289
17 66
17 67
17 81
17 99
17 121
17 127
17 156
17 171
17 223
17 274
17 279
17 280
17 297
18 92
18 109
18 129
18 143
18 188
18 256
18 304
19 39
19 99
19 107
19 134
19 156
20 31
20 40
20 59
20 95
20 99
20 123
20 151
20 203
20 219
20 233
20 235
20 241
21 189
21 214
21 232
22 56
22 86
22 127
22 226
22 313
23 51
23 123
23 124
23 134
23 158
23 209
24 57
24 121
24 124
24 183
24 198
24 288
25 122
25 127
25 129
25 309
26 122
26 146
26 232
26 303
27 40
27 52
27 59
27 67
27 210
27 253
28 62
28 73
28 127
28 128
28 171
28 223
29 47
29 122
29 126
29 149
29 171
29 183
29 234
29 240
29 255
29 266
29 267
29 307
30 129
30 140
31 46
31 74
31 96
31 128
31 143
31 234
32 60
32 64
32 122
32 124
32 160
32 165
32 168
32 226
32 255
32 266
33 283
34 123
34 213
34 236
34 264
34 309
35 48
35 73
35 74
35 95
35 106
35 120
35 122
35 165
35 203
35 204
35 208
35 228
35 239
36 67
36 100
36 149
36 166
36 220
36 254
36 279
38 134
38 227
39 77
39 90
39 96
39 110
39 181
40 41
40 49
40 67
40 89
40 124
40 139
40 204
40 215
40 226
40 266
40 268
41 69
41 106
41 120
41 122
41 128
41 129
41 156
41 238
41 263
41 304
42 54
42 165
42 234
42 296
43 65
43 146
43 288
44 124
44 147
44 158
44 225
45 56
45 123
45 266
46 134
46 160
47 100
48 124
48 134
49 62
49 105
49 127
49 246
50 75
50 173
50 181
51 130
51 141
51 143
51 181
52 88
52 118
52 126
52 137
52 243
52 304
53 81
54 163
54 173
54 180
54 219
54 249
54 279
54 304
55 61
55 123
55 128
55 135
55 185
55 198
55 266
55 285
56 100
56 135
56 137
56 243
56 258
56 304
57 65
57 66
57 142
57 169
57 180
57 206
57 246
57 313
58 100
58 257
59 83
59 95
59 123
59 232
59 263
61 85
61 89
61 99
61 106
61 116
61 127
61 174
61 247
62 87
62 124
62 236
64 76
65 122
65 252
66 67
66 241
66 256
66 293
67 126
67 217
67 309
68 180
68 235
68 266
69 191
69 226
69 237
70 181
70 204
70 231
71 150
71 204
72 116
72 125
72 185
72 227
73 121
73 128
73 133
73 181
73 186
73 192
73 233
73 234
73 241
73 261
73 309
74 114
74 132
74 193
74 288
75 121
75 122
75 123
75 130
75 154
75 180
75 218
75 234
75 274
76 83
76 100
76 128
76 129
76 140
76 144
76 149
76 153
76 174
76 193
76 201
76 219
76 221
77 105
77 158
77 160
77 185
77 192
77 208
77 218
77 279
77 298
78 85
78 204
79 126
79 143
79 242
79 288
80 98
80 104
80 131
80 261
81 121
81 122
81 141
81 168
81 182
81 233
82 117
82 231
82 274
82 278
83 167
84 126
84 144
84 160
84 210
84 259
84 291
85 89
85 94
85 99
85 111
85 122
85 123
85 128
85 261
85 264
85 278
85 286
85 299
86 191
86 199
86 232
87 125
87 272
88 125
88 204
88 226
89 151
89 165
89 221
89 231
89 257
89 266
89 275
89 283
90 92
90 109
90 121
90 124
90 134
90 155
90 195
90 207
90 210
90 261
91 142
91 169
91 235
91 245
91 255
92 122
92 128
92 138
92 206
92 294
93 112
93 185
93 285
94 197
94 247
95 126
95 138
95 155
95 243
95 294
96 168
96 279
97 112
97 131
97 292
98 124
98 164
98 245
99 111
99 126
99 128
99 143
99 160
99 180
99 190
99 191
99 232
99 235
99 238
99 246
99 253
99 259
99 274
99 293
99 311
100 123
100 124
100 125
100 130
100 135
100 143
100 164
100 170
100 174
100 183
100 186
100 192
100 195
100 200
100 201
100 206
100 207
100 219
100 222
100 235
100 297
100 298
100 313
100 314
101 241
102 158
102 167
102 173
102 286
103 206
103 224
104 124
104 202
104 232
104 241
105 119
105 121
105 137
105 139
105 142
105 202
105 246
105 279
105 304
106 126
106 127
106 128
106 132
106 154
106 185
106 291
106 302
107 226
107 313
108 123
108 235
109 251
109 282
110 134
110 154
110 177
110 180
110 199
110 217
110 268
111 124
111 132
111 135
111 168
111 178
111 186
112 121
112 134
112 144
112 180
112 198
113 125
113 233
113 243
113 269
113 304
114 122
114 128
114 208
115 158
115 199
115 223
115 224
115 299
116 162
116 192
116 287
117 122
117 123
117 127
117 177
117 232
117 235
117 238
117 279
117 289
118 180
119 165
119 203
120 218
120 299
121 128
121 129
121 134
121 140
121 158
121 161
121 166
121 177
121 178
121 191
121 204
121 215
121 226
121 235
121 265
121 266
121 287
121 309
121 314
121 315
122 126
122 135
122 137
122 157
122 182
122 188
122 191
122 194
122 195
122 210
122 220
122 233
122 259
122 261
122 267
122 279
122 281
122 291
122 298
122 314
123 125
123 128
123 132
123 153
123 192
123 202
123 207
123 216
123 219
123 226
123 235
123 236
123 239
123 253
123 266
123 301
123 309
124 126
124 127
124 128
124 137
124 140
124 151
124 157
124 170
124 186
124 204
124 220
124 225
124 237
124 279
124 311
124 312
125 133
125 134
125 144
125 153
125 161
125 169
125 174
125 181
125 183
125 184
125 206
125 219
125 222
125 223
125 233
125 240
125 253
125 263
125 268
125 275
125 280
125 297
125 312
126 134
126 150
126 158
126 172
126 181
126 192
126 201
126 203
126 205
126 207
126 208
126 217
126 218
126 220
126 223
126 232
126 235
126 243
126 249
126 293
126 296
126 301
127 129
127 136
127 177
127 181
127 186
127 202
127 212
127 231
127 232
127 233
127 234
127 238
127 246
127 247
127 268
127 271
127 280
127 288
128 129
128 134
128 149
128 162
128 166
128 170
128 194
128 199
128 203
128 216
128 247
128 263
128 267
128 273
129 148
129 159
129 186
129 193
129 201
129 233
129 240
129 241
129 243
129 299
130 140
130 219
130 228
130 292
131 147
131 233
132 155
132 192
132 206
132 226
132 233
132 284
132 304
133 208
133 214
133 302
134 140
134 154
134 158
134 160
134 198
134 212
134 233
134 271
135 142
135 238
135 257
136 219
137 229
138 166
138 204
139 150
139 163
139 212
139 315
140 235
141 158
142 221
142 223
142 266
142 275
143 171
143 224
144 237
144 272
145 246
146 199
146 236
147 152
147 166
147 210
147 226
147 234
148 216
148 219
149 206
149 247
149 266
150 176
151 279
152 235
152 247
152 264
152 304
153 226
153 234
153 246
155 168
155 187
155 206
155 236
155 243
156 164
156 221
157 226
157 233
157 252
157 285
158 209
158 232
158 259
158 292
158 294
159 185
159 204
159 226
159 253
159 279
160 168
160 204
160 224
160 233
160 238
160 239
160 304
161 186
161 192
162 163
162 164
162 187
162 204
162 265
162 281
162 304
163 226
164 304
165 219
165 236
165 241
166 227
166 269
166 281
167 168
167 204
167 240
168 179
168 201
168 227
168 234
168 275
168 288
170 236
170 243
170 291
172 232
173 196
174 201
175 223
175 232
175 304
176 219
176 223
178 304
179 182
180 204
180 220
180 223
180 227
180 253
180 266
180 271
182 233
182 238
183 202
183 204
183 216
183 233
185 226
185 232
185 233
185 269
186 236
187 298
188 214
188 250
188 266
189 243
189 269
190 223
191 235
193 228
194 198
194 201
194 276
195 220
195 234
195 292
196 234
196 292
197 253
197 274
198 235
198 240
199 259
201 235
201 262
201 305
202 207
202 229
202 259
202 291
204 208
204 217
204 223
204 236
204 270
204 271
204 285
204 309
206 207
206 220
206 247
206 272
207 220
207 232
207 267
207 295
207 305
207 308
209 221
209 228
210 231
210 232
213 266
214 286
215 257
216 218
216 275
217 218
217 233
217 264
217 299
217 309
219 232
220 234
220 310
221 259
221 264
221 293
221 297
221 305
221 309
222 286
223 233
223 313
223 314
224 247
226 233
226 249
226 255
226 279
226 285
226 309
227 268
228 235
229 265
230 235
230 274
232 262
232 267
232 268
232 286
232 288
233 240
233 247
233 252
233 306
233 309
234 238
234 264
234 268
234 306
234 309
235 236
235 261
235 303
235 304
236 274
236 279
237 312
238 253
238 286
241 247
241 266
241 279
241 299
243 275
244 290
244 296
249 280
249 296
252 314
253 264
254 290
257 266
263 284
265 288
266 298
269 310
273 304
274 298
275 309
279 304
283 304
290 314
292 302
309 310
309 312
