0 83
0 202
1 57
1 61
1 123
1 129
2 54
2 67
2 96
2 124
2 125
2 126
2 134
2 216
2 234
2 246
2 296
2 304
3 99
3 209
3 252
3 257
4 61
4 90
4 98
4 126
4 160
4 174
4 187
4 204
4 220
4 241
5 17
5 29
5 55
5 74
5 87
5 110
5 119
5 124
5 155
5 168
5 172
5 200
5 202
5 227
5 277
5 314
6 7
6 93
6 132
6 160
6 205
6 206
6 255
6 262
6 267
7 21
7 99
7 128
7 134
7 210
7 231
7 232
7 267
8 17
8 35
8 46
8 180
8 247
9 65
9 91
9 128
9 166
9 217
9 243
9 265
10 151
10 162
10 215
10 232
10 257
10 304
11 110
11 173
11 279
12 31
12 123
12 149
12 177
12 276
13 15
13 24
13 86
13 100
13 106
13 115
13 121
13 123
13 125
13 128
13 139
13 163
13 219
13 241
13 266
14 89
14 124
14 209
14 266
14 273
15 22
15 113
15 179
16 64
16 120
16 123
16 129
16 170
16 234
17 40
17 49
17 80
17 85
17 90
17 121
17 210
17 279
18 20
18 122
18 125
18 264
18 293
19 63
19 99
19 160
19 314
20 29
20 56
20 104
20 122
20 124
20 161
20 187
20 233
20 239
20 265
21 135
21 231
22 46
22 52
22 59
22 76
22 131
22 210
22 236
22 253
23 48
23 92
23 112
23 200
23 206
23 261
23 266
23 286
24 29
24 76
24 82
24 117
24 127
24 166
24 232
24 244
24 309
25 37
26 73
26 101
26 156
26 166
26 192
26 220
26 286
27 80
27 127
27 128
27 162
27 237
27 279
28 37
28 85
28 100
28 121
28 200
28 232
28 266
28 301
28 304
29 120
29 214
29 253
29 276
30 168
30 230
30 234
31 99
31 141
31 188
31 286
32 57
32 117
32 122
32 165
32 233
32 241
32 248
33 123
33 220
33 225
33 232
34 63
34 76
34 92
34 126
34 135
34 188
34 265
34 292
34 293
35 36
35 51
35 63
35 75
35 94
35 113
35 121
35 128
35 197
35 202
35 209
35 233
35 237
35 271
35 288
35 314
36 59
36 117
36 123
36 127
36 134
36 151
36 166
36 188
36 219
36 233
36 264
36 278
36 304
37 59
37 76
37 77
37 126
37 162
37 178
37 207
37 211
38 126
38 134
38 153
38 220
38 235
38 266
38 280
39 41
39 73
39 164
39 215
39 235
39 258
39 288
40 43
40 52
40 60
40 105
40 132
40 144
40 163
40 169
40 198
40 206
40 207
40 232
40 233
40 234
40 235
40 241
40 304
41 83
41 85
41 109
41 125
41 188
41 250
42 111
42 176
42 221
42 223
42 238
42 271
43 75
43 76
43 89
43 112
43 182
43 276
44 111
44 123
44 227
44 228
45 51
45 163
45 276
46 127
46 158
46 205
46 304
47 49
47 100
47 201
48 142
49 119
49 121
49 124
49 209
49 240
50 73
50 95
50 137
51 59
51 113
51 122
51 214
51 253
51 286
52 101
52 110
52 127
52 134
52 180
52 193
52 214
52 220
52 256
52 264
52 277
52 291
53 61
53 128
53 158
53 246
53 249
53 261
54 65
54 76
54 79
54 99
54 104
54 107
54 134
55 61
55 127
55 172
55 204
55 255
55 309
56 89
56 122
56 131
56 146
56 186
56 223
56 232
56 233
56 235
56 246
56 257
56 268
56 271
57 124
57 148
57 292
58 100
58 116
58 232
58 260
59 74
59 77
59 98
59 113
59 114
59 125
59 151
59 189
59 232
59 234
59 236
59 257
59 266
60 180
61 124
61 163
61 165
61 181
61 193
61 266
61 297
62 208
62 240
62 304
63 202
63 304
64 101
64 226
65 188
65 226
66 118
66 123
66 128
66 204
66 250
67 119
67 126
68 73
68 147
68 160
68 268
68 271
69 90
69 100
69 201
69 212
69 255
70 99
70 185
70 236
70 261
71 216
72 110
72 127
72 227
72 241
73 76
73 134
73 139
73 226
73 234
73 241
73 257
74 84
74 282
74 309
75 117
75 129
75 163
75 168
75 180
75 200
75 241
75 266
75 278
76 84
76 93
76 97
76 104
76 124
76 125
76 128
76 140
76 145
76 151
76 180
76 198
76 201
76 207
76 232
76 235
76 306
76 309
77 110
77 116
77 121
77 122
77 124
77 129
77 161
77 171
77 226
77 234
77 235
77 266
77 310
78 180
79 88
79 133
80 209
80 232
81 121
81 123
81 144
81 168
81 180
81 202
82 127
82 178
83 115
83 265
84 85
84 120
84 127
84 134
84 145
84 160
84 168
84 233
84 291
84 305
85 122
85 124
85 145
85 187
85 188
85 198
85 209
86 89
86 129
86 232
86 234
86 241
86 272
87 107
87 110
87 234
89 90
89 101
89 126
89 174
89 204
89 227
89 241
89 252
90 135
90 137
90 144
90 146
90 159
90 191
90 219
90 228
90 235
90 252
90 257
90 266
90 278
90 280
90 286
91 112
91 142
91 155
91 222
91 235
92 144
92 252
93 143
93 165
93 204
93 312
94 123
95 143
95 149
95 163
95 212
95 214
95 222
95 233
95 268
95 313
96 143
96 192
96 206
97 111
97 124
97 259
98 100
98 123
98 136
98 168
98 201
98 223
98 237
99 111
99 122
99 140
99 160
99 163
99 180
99 189
99 204
99 219
99 231
99 233
99 246
99 266
99 285
99 304
100 105
100 124
100 134
100 135
100 197
100 232
100 257
100 259
100 267
100 279
100 303
100 313
101 249
102 125
102 127
103 165
103 261
104 125
104 162
105 121
105 128
105 187
105 242
106 122
106 140
106 157
106 255
107 119
107 166
107 180
107 232
107 234
108 124
108 154
110 119
110 142
110 158
110 207
110 215
110 226
110 227
110 235
110 276
110 296
110 309
110 310
111 124
111 128
111 189
111 204
111 213
111 266
112 122
112 129
112 228
113 126
113 233
114 295
115 131
115 134
115 188
115 219
115 233
116 122
116 155
116 167
116 309
117 127
117 140
117 144
117 147
117 181
117 230
117 231
117 234
119 266
120 128
120 162
120 201
120 219
120 258
120 265
121 122
121 127
121 129
121 134
121 162
121 164
121 165
121 175
121 183
121 197
121 200
121 209
121 222
121 234
121 235
121 237
121 256
121 261
121 304
122 124
122 126
122 127
122 133
122 134
122 163
122 164
122 192
122 202
122 204
122 213
122 217
122 226
122 228
122 229
122 231
122 236
122 242
122 243
122 264
122 275
122 296
123 125
123 129
123 135
123 159
123 171
123 179
123 188
123 226
123 233
123 234
123 246
123 265
123 267
123 268
123 279
123 309
124 126
124 127
124 129
124 134
124 163
124 180
124 207
124 223
124 234
124 250
124 253
124 259
124 264
124 272
124 273
124 282
125 127
125 146
125 152
125 158
125 178
125 191
125 204
125 207
125 212
125 217
125 219
125 232
125 235
125 238
125 241
125 253
125 255
125 265
125 282
125 309
126 134
126 141
126 142
126 145
126 147
126 154
126 155
126 173
126 210
126 217
126 222
126 232
126 294
127 129
127 131
127 134
127 135
127 139
127 145
127 151
127 173
127 174
127 185
127 200
127 204
127 234
127 237
127 254
127 255
127 261
127 288
127 298
127 308
127 309
128 144
128 147
128 153
128 172
128 175
128 199
128 200
128 206
128 207
128 223
128 233
128 234
128 251
128 262
128 265
128 277
129 153
129 169
129 180
129 183
129 189
129 195
129 225
129 233
129 238
129 245
129 249
129 253
129 259
129 282
129 304
130 236
131 147
131 167
131 226
131 227
131 235
131 272
132 177
132 269
133 189
134 135
134 155
134 158
134 169
134 184
134 187
134 201
134 207
134 223
134 235
134 245
134 277
134 302
134 314
135 173
135 182
135 203
135 225
135 226
135 263
135 309
136 215
137 148
137 151
137 180
137 201
137 245
137 267
138 170
138 279
138 280
138 309
139 169
139 217
139 228
140 153
140 159
140 160
140 221
140 300
141 162
141 232
141 286
142 208
142 216
143 173
143 201
143 204
143 254
143 255
143 273
143 285
144 234
144 253
145 163
145 171
146 291
147 160
147 191
147 268
147 299
148 160
148 206
149 235
150 167
152 160
153 204
153 226
153 228
154 206
154 209
154 259
155 186
155 218
155 264
155 266
155 312
156 226
156 272
157 218
157 238
158 235
158 286
158 304
159 188
159 273
160 181
160 191
160 206
160 299
160 311
161 169
161 212
162 212
162 226
162 236
162 247
162 311
163 184
163 185
163 217
163 246
163 259
163 303
164 176
165 185
165 269
166 172
166 218
166 223
166 226
166 236
166 296
167 274
167 288
168 195
168 196
168 212
168 222
168 232
169 298
169 304
170 233
172 173
172 259
172 268
173 185
173 196
173 206
173 239
173 264
174 234
174 286
175 293
176 187
176 195
179 289
179 295
180 191
180 202
180 222
180 264
180 312
181 192
181 195
181 202
181 279
182 250
182 255
182 275
183 255
184 273
185 208
185 219
185 226
186 201
186 221
186 288
187 232
188 212
188 298
189 191
189 192
191 222
191 275
192 204
192 222
195 204
195 205
195 209
197 279
198 204
198 261
198 264
198 304
200 204
200 226
201 209
201 210
201 223
202 226
202 272
203 206
203 261
203 292
204 222
204 257
204 279
205 245
205 268
206 238
206 243
207 234
207 266
208 210
208 243
209 234
209 245
209 285
210 220
213 238
213 273
214 233
214 271
215 219
215 226
215 235
216 259
216 271
216 280
216 309
217 275
218 232
218 243
218 259
218 263
219 225
219 279
220 257
220 264
221 255
222 239
223 225
223 253
223 279
225 257
226 235
226 238
226 246
226 255
226 257
226 261
226 266
226 267
226 278
226 289
226 300
226 305
226 309
227 234
227 247
228 267
228 291
230 253
231 241
231 275
232 233
232 234
232 245
232 252
232 264
232 275
232 281
232 285
232 288
232 300
232 304
232 313
233 261
233 273
233 297
233 309
234 259
234 274
234 278
234 280
234 303
235 238
235 247
235 253
236 265
236 273
237 253
238 266
238 292
238 315
239 266
239 277
240 309
241 255
242 313
245 257
246 264
246 280
246 292
249 293
251 298
252 286
254 259
254 262
254 302
257 265
259 280
260 267
260 279
265 266
265 269
266 271
266 306
266 309
267 283
267 285
267 287
277 308
278 314
279 309
297 307
305 315
