0 37
0 87
0 127
0 141
0 192
1 105
1 160
1 232
1 263
2 3
2 14
2 30
2 67
2 77
2 112
2 128
2 165
2 170
2 174
2 194
2 269
3 29
3 125
3 158
3 188
3 206
4 7
4 20
4 39
4 47
4 66
4 82
4 111
4 134
4 140
4 206
5 66
5 76
5 117
5 160
5 169
5 232
5 233
5 279
5 309
5 313
6 111
6 166
6 168
6 202
6 211
6 220
6 245
6 280
7 10
7 12
7 17
7 33
7 42
7 62
7 86
7 127
7 138
7 185
7 192
7 226
7 255
8 28
8 138
8 173
8 266
8 293
9 22
9 27
9 43
9 195
9 232
9 304
10 84
10 100
10 112
10 124
10 157
10 175
10 197
10 199
10 206
10 261
10 286
11 25
11 121
11 124
11 197
11 219
11 232
11 292
12 97
12 144
12 165
12 180
12 201
12 207
12 261
13 98
13 124
13 140
13 153
13 158
13 253
14 81
14 117
14 219
14 234
14 235
15 192
16 32
16 120
16 188
16 226
16 234
17 36
17 51
17 87
17 89
17 117
17 122
17 123
17 126
17 128
17 180
17 262
18 128
18 235
19 77
19 225
19 238
19 309
20 40
20 127
20 139
20 174
20 183
20 233
20 234
20 273
20 313
21 88
21 285
21 299
22 76
22 112
22 123
22 127
22 148
22 294
23 31
23 38
23 110
23 174
23 243
24 48
24 181
24 226
25 95
25 246
26 207
26 210
26 233
27 80
27 113
27 235
28 29
28 52
28 74
28 79
28 100
28 200
28 280
29 109
29 130
29 173
29 218
29 221
29 228
29 233
29 249
29 266
29 277
29 287
29 291
30 81
30 255
31 33
31 37
31 59
31 121
31 127
31 191
31 236
31 259
31 263
31 271
31 288
31 291
32 304
33 76
33 122
33 186
33 238
33 271
33 284
34 42
34 49
34 84
34 129
34 168
35 36
35 52
35 84
35 90
35 124
35 128
35 132
35 133
35 148
35 149
35 158
35 167
35 219
35 231
35 232
35 235
35 260
35 309
36 52
36 56
36 69
36 95
36 117
36 121
36 123
36 141
36 144
36 208
36 266
36 309
37 135
38 52
38 222
39 40
39 45
39 53
39 54
39 67
39 69
39 80
39 111
39 121
39 124
39 125
39 163
39 235
39 243
40 59
40 66
40 100
40 124
40 133
40 208
40 217
40 222
40 235
40 241
40 251
40 262
41 87
41 121
41 125
41 134
42 59
42 77
42 81
42 122
42 123
42 137
42 157
42 166
42 220
42 226
42 267
42 309
43 240
44 76
44 78
44 127
44 139
45 126
45 180
45 226
46 168
47 126
47 215
48 134
49 54
49 108
49 127
49 130
49 134
49 148
49 234
50 138
51 55
51 122
51 140
51 202
51 213
51 234
51 241
51 253
51 279
51 281
52 67
52 79
52 122
52 124
52 207
52 224
52 233
52 243
52 267
52 271
52 277
53 124
53 218
53 286
54 76
54 93
54 106
54 107
54 144
54 183
55 66
55 77
55 126
55 237
55 241
55 253
56 125
56 126
56 131
56 204
56 229
56 234
56 291
57 160
57 202
57 262
58 76
58 100
58 121
58 232
59 75
59 85
59 89
59 232
59 236
59 262
59 272
59 273
60 291
61 66
61 80
61 100
61 143
61 168
62 76
62 111
62 167
63 122
63 226
65 77
65 99
65 195
65 233
66 90
66 100
66 223
66 234
66 238
67 110
67 122
67 127
67 128
67 132
68 125
68 233
68 268
69 122
69 123
69 169
70 93
70 124
70 125
70 139
71 121
71 232
71 282
72 122
72 131
72 144
72 180
73 76
73 104
73 121
73 128
73 138
73 163
73 178
73 187
73 188
73 213
73 264
74 80
74 105
74 134
74 140
74 233
75 84
75 147
75 163
75 168
75 226
76 77
76 101
76 113
76 123
76 129
76 134
76 168
76 170
76 226
76 234
76 241
76 246
76 276
77 123
77 192
77 193
77 195
77 206
77 232
77 234
77 235
77 246
77 258
77 259
77 275
78 82
78 141
78 183
79 85
79 117
80 123
81 121
81 138
81 141
81 206
81 222
81 233
81 235
81 250
81 272
81 283
82 100
82 241
83 113
83 124
83 125
83 128
83 134
83 148
83 207
83 215
83 241
84 125
84 128
84 168
84 185
84 226
84 265
85 121
85 125
85 128
85 144
85 170
85 200
85 262
85 271
85 279
85 309
86 95
86 216
87 95
87 106
87 221
88 117
88 135
88 202
88 236
89 128
89 167
89 217
90 126
90 128
90 132
90 178
90 180
90 204
90 219
90 223
90 232
90 234
90 236
90 266
90 267
90 268
91 155
91 201
91 212
91 226
91 235
92 171
93 100
93 135
93 199
93 222
94 122
94 133
94 208
94 228
94 243
94 249
95 173
95 195
95 271
95 279
95 298
96 234
97 215
97 235
97 256
98 127
98 135
98 136
98 137
98 207
98 220
99 103
99 122
99 134
99 163
99 176
99 204
99 212
99 232
99 233
99 257
99 309
99 314
100 121
100 126
100 127
100 147
100 151
100 165
100 216
100 223
100 233
100 237
100 246
100 266
100 276
100 293
100 307
101 126
102 124
103 125
103 128
103 130
103 185
103 234
104 137
104 152
104 208
104 213
104 233
104 257
104 265
104 288
105 134
105 189
105 265
106 112
106 129
106 134
106 209
107 155
107 158
107 163
107 174
107 199
107 249
107 279
108 116
108 117
108 126
108 151
108 223
108 235
108 245
108 299
108 309
109 133
109 178
110 126
110 160
110 174
110 233
110 235
110 237
110 311
111 121
111 128
111 156
111 164
111 192
111 207
111 241
111 309
112 115
112 125
112 157
112 260
114 128
114 221
114 232
115 129
115 289
117 133
117 180
117 187
117 191
117 193
117 232
117 241
117 243
117 279
117 312
118 188
118 209
118 241
119 160
119 217
120 158
120 232
120 273
120 304
121 125
121 126
121 128
121 141
121 148
121 151
121 174
121 176
121 196
121 206
121 207
121 208
121 237
121 269
121 275
121 286
122 124
122 125
122 129
122 134
122 139
122 152
122 157
122 160
122 169
122 180
122 186
122 189
122 193
122 216
122 220
122 233
122 234
122 235
122 238
122 241
122 260
122 267
122 276
122 298
122 309
123 126
123 128
123 141
123 153
123 154
123 157
123 180
123 181
123 193
123 207
123 212
123 231
123 232
123 236
123 249
123 265
123 266
123 274
124 128
124 146
124 155
124 159
124 160
124 170
124 172
124 180
124 204
124 220
124 232
124 233
124 235
124 266
124 267
124 284
124 285
124 288
124 290
124 306
124 309
125 137
125 143
125 152
125 165
125 167
125 177
125 181
125 186
125 204
125 220
125 231
125 233
125 234
125 236
125 237
125 273
125 277
125 304
125 309
126 127
126 129
126 131
126 187
126 189
126 195
126 215
126 218
126 222
126 226
126 233
126 236
126 240
126 262
126 265
126 271
126 276
126 309
126 314
127 131
127 140
127 163
127 182
127 195
127 197
127 201
127 202
127 204
127 213
127 233
127 235
127 238
127 252
127 258
127 279
127 283
127 286
127 296
127 305
128 134
128 155
128 157
128 161
128 181
128 182
128 189
128 196
128 228
128 241
128 245
128 251
128 314
129 142
129 160
129 181
129 183
129 225
129 227
129 231
129 232
129 238
129 268
129 283
130 187
130 191
130 309
131 140
132 142
132 309
133 152
134 141
134 190
134 219
134 233
134 275
134 279
134 307
135 139
135 160
135 216
135 241
135 266
136 176
136 232
137 141
137 232
137 234
138 140
139 182
139 206
139 234
140 155
140 198
140 204
140 208
140 286
141 143
141 216
141 233
142 226
142 298
142 302
142 314
143 155
143 183
143 207
144 149
144 160
144 173
144 253
145 160
145 165
147 155
147 162
147 214
147 284
149 189
150 192
151 233
151 309
153 189
154 169
155 186
155 225
155 228
155 266
155 279
157 176
157 255
158 195
160 228
160 233
160 246
160 262
160 314
161 235
161 246
162 174
162 216
162 228
162 232
162 234
162 251
163 206
163 230
163 233
163 246
163 257
163 268
163 276
164 299
164 304
165 223
165 237
165 314
166 221
166 233
166 237
168 200
168 210
168 214
168 239
168 245
168 253
168 313
169 201
169 232
170 180
170 191
170 220
170 255
170 304
171 233
171 273
171 313
172 216
172 233
172 264
173 201
173 202
173 294
174 183
174 212
174 226
174 304
175 203
175 226
176 206
176 221
177 201
177 273
178 227
180 204
180 223
180 239
180 264
180 304
181 221
182 201
182 226
182 235
182 296
184 303
185 204
186 218
186 219
186 224
186 238
186 266
187 266
189 218
189 260
191 233
192 219
192 220
192 241
192 272
192 279
193 272
193 304
194 279
195 227
195 305
195 312
196 224
196 233
197 207
197 235
197 257
198 233
198 264
199 205
199 207
199 214
199 232
199 235
199 239
199 247
199 263
200 240
200 260
200 276
200 277
200 298
201 309
201 311
202 267
203 294
204 226
204 232
204 235
204 243
204 274
204 275
204 291
205 280
206 217
206 218
206 236
206 264
207 208
207 271
207 286
207 299
208 219
208 282
209 212
209 313
212 253
212 261
214 233
214 264
214 274
215 235
215 282
216 233
216 235
216 304
217 235
217 263
218 220
218 227
218 249
218 309
219 231
219 235
219 307
219 311
220 235
220 254
222 234
222 266
223 234
223 245
224 227
226 237
226 247
226 288
226 313
227 246
227 268
228 314
231 314
232 235
232 246
232 253
233 235
233 245
233 271
233 299
234 240
234 253
234 271
234 275
234 288
234 296
234 312
235 241
235 256
235 273
235 298
235 299
235 304
236 266
236 312
237 244
237 303
238 314
241 257
241 268
241 304
241 309
245 280
247 275
247 286
247 290
247 298
249 280
252 268
252 278
252 302
253 275
253 283
253 312
257 280
258 264
259 307
260 264
265 292
266 267
266 275
266 278
266 302
266 304
268 276
268 288
273 309
276 314
278 302
279 304
283 291
284 309
288 305
