0 40
0 179
0 233
0 255
0 272
0 279
0 310
1 140
1 201
1 229
1 235
2 76
2 110
2 167
2 233
2 307
3 28
3 99
3 104
3 148
3 172
3 212
3 223
3 279
3 287
4 5
4 72
4 101
4 134
4 138
4 210
4 291
4 304
5 28
5 35
5 37
5 68
5 72
5 75
5 126
5 216
5 224
5 229
6 48
6 50
6 126
6 137
6 195
6 235
7 14
7 50
7 79
7 90
7 92
7 93
7 187
7 230
8 100
8 309
9 57
9 83
9 121
9 185
9 204
9 234
10 16
10 35
10 77
10 153
10 200
10 226
10 241
10 280
10 304
10 314
11 14
11 127
11 128
11 221
11 234
12 60
12 176
12 232
12 299
13 45
13 89
13 91
13 122
13 155
13 218
13 280
13 282
13 299
14 85
14 128
14 217
15 125
15 126
15 167
15 221
16 87
16 285
17 20
17 42
17 79
17 87
17 88
17 125
17 168
17 175
17 207
17 249
17 250
17 279
18 145
18 177
18 232
18 315
19 124
19 240
19 259
19 304
20 95
20 129
20 144
20 217
20 279
20 286
20 314
22 55
22 125
22 127
22 128
22 188
22 215
22 234
22 271
23 26
23 89
23 125
23 129
23 156
23 160
23 195
23 217
23 266
23 309
24 72
24 84
24 121
24 139
24 193
24 204
24 285
25 36
25 93
26 55
26 59
26 246
27 42
27 75
27 85
27 200
27 225
27 241
28 32
28 67
28 71
28 127
28 247
29 34
29 40
29 41
29 125
29 128
29 208
29 292
30 36
30 122
30 171
30 309
31 59
31 81
31 130
31 161
31 219
31 233
31 263
32 67
32 91
32 95
32 123
32 125
32 236
32 246
32 284
33 42
33 50
33 122
33 286
34 39
34 40
34 92
34 178
34 232
35 47
35 52
35 81
35 91
35 115
35 121
35 122
35 123
35 129
35 154
35 164
35 196
35 204
35 236
35 246
35 279
35 283
35 285
35 311
36 100
36 123
36 126
36 199
36 220
36 259
36 262
36 313
37 66
37 73
37 98
37 125
37 127
37 173
37 201
37 232
37 234
37 310
38 75
38 163
38 186
39 50
39 84
39 85
39 129
39 169
39 233
39 234
39 272
40 43
40 91
40 102
40 106
40 121
40 127
40 131
40 157
40 170
40 172
40 202
40 225
40 226
40 257
40 259
40 290
40 304
41 82
41 116
41 123
41 127
41 129
41 157
41 201
41 225
41 226
41 232
41 243
41 245
41 249
42 51
42 95
42 102
42 115
42 210
42 233
43 198
43 213
43 234
43 238
43 279
44 88
44 180
44 183
44 235
44 243
45 93
45 201
46 67
46 130
46 232
47 167
48 120
48 277
49 122
49 124
49 133
49 204
49 309
50 134
50 238
50 314
51 56
51 81
51 86
51 110
51 121
51 127
51 145
51 151
51 229
51 232
51 257
51 274
52 127
52 168
52 173
52 233
52 241
52 273
52 279
53 61
53 63
53 76
53 124
54 132
54 223
54 241
55 84
55 123
55 125
55 126
55 143
55 253
56 80
56 89
56 180
56 193
56 204
56 284
57 61
57 201
57 233
57 234
58 204
59 64
59 98
59 106
59 139
59 160
59 184
59 226
59 233
59 234
59 253
60 110
60 121
60 226
60 253
60 260
61 70
61 108
61 110
61 117
61 135
61 228
61 253
62 81
62 121
62 135
62 161
62 301
63 299
64 223
64 234
64 246
64 304
65 303
66 81
66 102
66 134
66 160
66 187
66 197
66 227
66 233
66 304
67 77
67 233
67 277
68 180
68 185
68 309
69 73
69 119
69 123
69 130
70 140
70 275
71 123
71 194
72 98
72 143
72 232
72 234
72 240
72 246
72 258
73 129
73 203
73 233
73 257
73 281
73 283
74 127
74 135
74 215
74 226
75 125
75 143
76 90
76 100
76 102
76 117
76 128
76 143
76 167
76 173
76 195
76 232
76 233
76 247
76 253
76 273
77 92
77 99
77 100
77 115
77 121
77 122
77 123
77 124
77 138
77 148
77 160
77 222
77 232
77 274
77 288
77 309
78 106
78 168
78 177
78 235
79 176
79 259
80 109
80 120
80 121
80 125
80 265
80 274
81 84
81 94
81 117
81 136
81 173
81 183
81 234
81 239
81 258
81 292
82 112
82 122
82 126
82 192
82 233
83 107
83 126
83 195
83 206
83 238
84 90
84 93
84 122
84 140
84 172
84 209
84 224
85 103
85 120
85 122
85 126
85 127
85 235
85 266
85 280
86 125
86 195
86 267
86 302
87 188
88 167
88 221
89 123
89 147
89 166
89 203
89 265
89 280
90 91
90 100
90 124
90 135
90 139
90 180
90 182
90 215
90 220
90 226
90 236
90 264
90 266
91 99
91 122
91 127
91 160
91 204
91 206
92 204
92 264
92 297
92 304
93 95
93 162
93 166
93 238
94 124
94 226
94 266
95 135
95 160
95 162
95 246
95 258
95 280
96 219
97 110
97 123
97 128
97 186
97 196
97 201
98 123
98 159
98 166
98 235
99 102
99 104
99 128
99 135
99 137
99 139
99 149
99 162
99 165
99 206
99 233
99 235
99 250
99 255
99 304
99 315
100 110
100 115
100 122
100 124
100 129
100 154
100 168
100 174
100 178
100 223
100 233
100 234
100 236
100 240
100 256
100 257
101 122
101 135
101 222
101 255
101 262
102 106
102 232
102 238
103 122
103 128
103 177
103 218
103 309
104 158
105 112
105 121
105 232
105 301
105 309
106 125
106 126
106 153
106 157
106 203
106 225
106 228
106 232
106 245
108 203
108 272
109 175
109 200
110 111
110 120
110 158
110 226
110 234
110 235
110 272
110 274
110 309
111 126
111 129
111 132
111 171
111 189
111 217
111 226
112 131
112 144
112 171
112 223
112 234
113 123
113 226
113 247
113 304
115 264
116 157
116 236
116 273
117 120
117 121
117 128
117 180
117 204
117 232
117 288
117 312
118 121
119 134
119 232
119 254
120 126
120 160
121 122
121 124
121 144
121 158
121 163
121 165
121 180
121 182
121 195
121 204
121 222
121 233
121 255
121 275
121 289
121 293
121 306
122 125
122 136
122 155
122 156
122 199
122 202
122 217
122 245
122 266
122 271
122 286
122 292
122 304
123 124
123 128
123 140
123 145
123 165
123 168
123 182
123 204
123 226
123 233
123 247
123 254
123 259
123 268
123 279
123 288
123 297
123 299
123 306
123 309
124 125
124 126
124 128
124 129
124 146
124 157
124 203
124 208
124 226
124 234
124 239
124 241
124 255
124 267
124 274
124 277
124 279
124 296
124 315
125 159
125 200
125 225
125 226
125 235
125 238
125 245
125 253
125 276
125 279
125 304
125 309
126 133
126 151
126 165
126 180
126 188
126 201
126 212
126 226
126 232
126 236
126 274
126 304
126 307
126 310
127 160
127 169
127 173
127 206
127 209
127 235
127 238
127 240
127 243
127 271
128 129
128 134
128 142
128 202
128 208
128 210
128 235
128 286
128 300
129 138
129 139
129 166
129 188
129 190
129 206
129 215
129 219
129 233
129 235
129 241
129 246
129 249
129 255
129 279
129 297
129 305
130 131
130 133
130 237
131 135
131 187
132 134
132 267
133 135
133 145
133 183
133 309
134 171
134 185
134 238
134 262
134 286
135 234
135 235
135 288
136 154
137 138
137 139
137 178
137 206
137 219
137 235
137 253
137 266
137 286
137 296
138 176
139 143
140 149
140 162
140 191
140 243
140 256
140 279
140 313
141 167
141 225
141 255
142 193
143 186
143 198
143 264
145 163
145 253
146 168
146 226
146 274
147 178
147 231
147 282
149 169
149 176
149 187
149 261
151 153
151 219
151 233
151 234
151 240
151 287
152 233
152 237
154 220
154 299
155 227
155 238
155 299
156 241
156 292
157 234
157 257
158 209
158 234
158 253
158 268
158 276
158 280
158 305
159 215
160 162
160 204
160 247
160 291
160 296
160 309
162 232
162 233
162 303
163 171
163 186
163 232
163 234
164 218
165 196
165 200
165 234
165 268
166 238
166 259
166 263
167 180
168 181
168 264
168 265
170 208
171 236
171 271
172 217
172 267
173 180
173 216
173 239
174 197
174 278
174 288
174 314
175 280
176 204
176 278
177 220
177 309
178 236
179 233
180 191
180 204
180 212
180 269
180 288
180 293
180 312
181 191
181 223
181 310
182 232
183 266
183 271
184 297
185 235
185 247
187 195
187 202
187 203
187 235
187 302
187 304
188 212
188 216
188 233
188 235
188 243
189 204
189 255
189 309
190 247
190 286
191 203
191 245
191 266
191 304
192 219
193 214
193 227
193 241
193 257
193 264
195 202
195 205
195 257
195 278
197 226
197 286
197 288
198 200
198 246
199 200
199 210
199 223
200 252
201 207
202 207
202 264
204 224
204 235
204 266
204 298
206 287
206 309
207 233
207 291
207 304
209 247
210 214
210 309
214 258
215 234
216 232
216 235
217 286
217 289
217 304
218 233
218 278
219 234
219 237
219 275
219 279
219 288
219 296
219 300
219 302
220 227
220 235
220 264
221 253
221 268
222 264
223 305
223 309
223 312
224 259
225 231
225 247
225 286
226 234
226 249
226 264
226 267
226 292
226 297
226 304
226 309
226 315
227 252
227 266
227 279
229 233
231 233
231 234
231 297
232 245
232 246
232 255
232 259
232 267
232 277
232 310
233 298
234 241
234 255
234 259
234 268
234 279
234 299
234 309
235 238
235 279
236 241
236 250
237 246
237 264
237 275
238 299
239 257
239 299
239 314
241 250
241 271
241 294
246 309
248 275
253 309
257 276
259 265
259 266
259 273
261 292
262 275
263 273
266 273
266 278
268 273
271 294
271 305
285 309
286 313
292 297
296 304
304 305
304 315
