0 28
0 53
0 105
0 268
1 76
1 163
1 228
2 29
2 66
2 77
2 124
2 219
3 39
3 140
3 158
3 198
3 265
4 6
4 12
4 71
4 84
4 140
4 144
4 162
4 182
4 193
4 196
4 266
5 10
5 23
5 67
5 106
5 129
5 141
5 178
5 200
5 216
5 219
5 241
5 265
5 286
5 289
6 17
6 18
6 95
6 99
6 111
6 115
6 176
6 209
6 216
6 283
7 9
7 40
7 54
7 96
7 99
7 103
7 212
8 108
8 220
9 33
9 48
9 98
9 232
9 247
10 15
10 53
10 154
10 155
10 177
10 234
10 266
10 286
10 288
10 309
11 35
11 121
11 122
11 134
11 219
12 77
12 121
12 126
12 195
12 269
12 301
12 304
12 309
13 103
13 110
13 125
13 135
13 181
13 216
13 221
13 226
13 235
13 264
13 285
13 292
14 42
14 122
14 181
14 277
15 246
15 261
15 267
16 23
16 85
16 129
16 234
17 18
17 60
17 122
17 126
17 129
17 134
17 138
17 139
17 144
17 150
17 232
17 274
17 308
18 44
18 85
18 200
18 262
18 280
20 76
20 146
20 165
20 166
20 234
21 85
21 99
21 164
21 198
21 224
22 204
22 216
23 29
23 110
23 121
23 173
23 234
24 40
24 82
24 125
24 231
24 234
25 81
25 99
25 122
25 169
25 189
25 220
26 134
27 160
27 217
28 30
28 47
28 52
28 80
28 111
28 160
28 235
28 280
28 313
29 52
29 121
29 123
29 125
29 143
29 204
29 216
29 267
29 309
30 54
30 90
31 200
31 212
31 233
32 99
33 60
33 225
34 76
34 124
34 223
34 232
35 36
35 49
35 77
35 90
35 103
35 122
35 127
35 128
35 160
35 164
35 170
35 180
35 183
35 192
35 193
35 253
35 266
36 54
36 73
36 76
36 78
36 167
36 180
36 182
36 190
37 74
37 122
37 154
37 156
37 167
37 232
37 236
37 271
38 141
38 209
38 226
39 73
39 117
39 163
39 195
39 217
39 244
39 250
39 279
40 42
40 77
40 96
40 119
40 122
40 169
40 188
40 223
41 48
41 67
41 113
41 152
41 177
41 210
41 212
41 222
41 309
42 117
42 134
42 141
42 189
42 196
42 204
42 219
43 122
43 157
44 64
44 71
44 106
44 121
44 123
44 163
44 233
44 275
44 292
44 302
45 126
46 232
46 296
47 166
47 252
48 110
48 184
48 185
49 52
49 76
49 123
49 197
49 214
49 288
51 76
51 90
51 105
51 110
51 128
51 160
51 204
51 245
51 259
51 260
51 262
51 264
52 77
52 82
52 124
52 125
52 126
52 139
52 156
52 186
52 209
52 273
53 100
53 238
53 280
53 288
54 58
54 74
54 266
55 126
55 133
55 266
55 280
56 77
56 117
56 123
56 133
56 234
56 240
57 233
57 250
57 275
58 91
59 81
59 133
59 175
59 252
59 257
59 282
60 99
60 102
60 120
60 129
61 76
61 89
61 134
62 90
62 108
62 132
62 233
62 237
63 110
63 233
64 264
64 288
65 129
65 135
66 143
66 204
66 209
66 277
66 302
66 305
67 99
67 113
67 158
67 163
67 226
67 230
67 234
67 239
67 269
67 282
68 127
68 292
69 125
69 129
69 222
69 235
69 267
70 143
70 261
70 276
71 180
71 223
71 225
71 257
72 121
72 170
72 206
72 215
72 220
72 235
73 76
73 103
73 110
73 127
73 137
73 163
73 180
73 181
73 195
73 208
73 227
73 290
73 309
73 312
74 79
74 82
74 105
74 285
75 76
75 123
75 271
76 98
76 114
76 115
76 121
76 123
76 128
76 160
76 227
76 228
76 232
76 259
76 275
76 284
76 311
77 124
77 136
77 164
77 165
77 224
77 235
77 248
77 304
78 80
78 159
78 255
79 123
80 126
80 132
80 183
80 234
80 266
80 285
81 95
81 126
81 160
81 176
81 219
81 309
82 179
82 223
82 235
83 146
83 202
83 235
84 95
84 158
84 233
84 306
84 307
85 91
85 97
85 99
85 107
85 130
85 143
85 230
85 274
85 287
86 115
86 135
86 180
86 183
86 233
86 241
87 125
87 137
87 224
88 119
88 122
88 124
88 310
88 313
89 94
89 96
89 122
89 129
90 99
90 110
90 113
90 117
90 121
90 125
90 143
90 180
90 204
90 263
90 277
90 307
91 125
91 147
91 155
91 204
91 232
92 117
92 145
92 303
93 106
93 123
94 160
94 295
95 139
95 214
95 222
95 233
95 236
95 243
96 134
97 100
97 129
97 190
97 201
97 304
98 100
98 125
98 147
98 183
98 308
99 112
99 115
99 117
99 120
99 124
99 156
99 162
99 163
99 182
99 212
99 220
99 228
99 234
99 237
99 268
99 296
100 104
100 119
100 121
100 134
100 141
100 173
100 176
100 187
100 214
100 223
100 257
100 259
100 280
100 294
101 309
102 117
102 299
102 310
103 123
103 129
103 157
103 174
103 196
103 219
104 128
104 190
104 206
104 247
105 116
105 138
105 304
106 111
106 121
106 158
106 233
106 234
106 248
106 304
107 119
107 310
108 134
108 187
108 196
108 208
108 266
109 135
109 297
110 140
110 178
110 187
110 219
110 233
110 234
110 237
110 257
110 304
110 309
111 228
111 238
111 240
111 257
111 266
112 129
112 148
112 288
113 168
113 314
114 219
115 126
115 141
115 152
115 160
115 201
115 226
115 235
115 240
115 247
115 262
116 121
116 219
116 301
117 123
117 124
117 125
117 129
117 147
117 159
117 176
117 196
117 198
117 241
117 304
117 309
118 232
120 309
121 122
121 127
121 134
121 143
121 155
121 201
121 204
121 209
121 218
121 219
121 234
121 241
121 274
121 311
122 123
122 126
122 133
122 153
122 158
122 160
122 163
122 167
122 180
122 191
122 192
122 195
122 199
122 202
122 204
122 234
122 235
122 239
122 245
122 254
122 260
122 261
122 281
122 284
122 288
123 126
123 128
123 129
123 141
123 160
123 162
123 163
123 199
123 204
123 206
123 207
123 212
123 218
123 226
123 234
123 237
123 253
123 265
123 276
123 288
124 141
124 158
124 173
124 234
124 241
124 245
124 267
124 276
124 280
124 304
125 126
125 128
125 137
125 138
125 147
125 188
125 191
125 198
125 203
125 217
125 218
125 223
125 235
125 266
125 267
125 289
125 313
126 134
126 138
126 144
126 180
126 189
126 200
126 209
126 210
126 218
126 229
126 232
126 259
126 280
126 286
126 288
126 298
126 314
127 132
127 134
127 140
127 168
127 172
127 204
127 220
127 225
127 263
127 265
127 268
127 296
127 309
128 134
128 165
128 170
128 176
128 197
128 198
128 203
128 226
128 232
128 238
128 308
129 132
129 139
129 159
129 173
129 176
129 177
129 182
129 183
129 241
129 271
129 279
129 288
129 302
129 309
130 135
130 200
130 234
131 141
131 202
131 214
131 220
131 246
131 274
131 283
131 290
131 293
132 210
133 147
133 163
133 222
134 150
134 264
134 269
134 275
134 276
134 293
134 309
135 172
135 192
135 223
135 226
135 297
135 304
136 192
136 219
136 236
137 279
137 286
137 309
137 313
138 187
138 226
139 165
139 232
139 302
140 143
140 169
140 199
140 202
141 243
141 261
142 162
142 264
143 178
143 202
143 235
143 249
143 252
144 165
144 204
144 226
144 265
144 296
145 173
145 225
145 231
146 180
146 199
146 214
147 223
149 251
149 259
150 166
150 204
150 258
151 193
151 217
153 180
154 180
154 261
154 286
155 279
156 178
156 204
156 233
157 162
158 187
158 204
158 214
158 258
158 266
159 201
159 209
160 192
160 204
160 234
160 257
160 261
161 234
162 234
163 174
163 201
163 210
163 219
163 275
164 288
165 235
166 189
166 224
166 232
166 233
168 173
168 260
168 304
169 192
169 232
169 236
169 302
169 314
170 234
170 307
171 229
171 235
171 259
172 204
172 265
173 279
173 315
174 205
174 245
174 276
174 280
175 181
176 199
176 204
176 210
177 314
178 262
179 289
180 192
180 201
180 204
180 233
180 263
180 280
181 203
182 206
182 314
183 292
183 305
183 309
184 292
185 193
185 233
185 239
185 266
185 272
186 247
186 262
186 278
187 204
188 216
188 289
189 232
189 233
189 234
189 292
190 215
191 217
191 275
193 201
193 225
194 261
195 212
195 237
195 243
195 279
196 279
197 216
197 223
197 230
197 266
199 264
199 267
199 268
200 204
200 234
200 238
200 243
201 234
201 255
201 260
201 267
201 275
201 291
202 232
202 265
203 217
203 235
203 279
204 206
204 223
204 226
204 232
204 234
204 255
204 257
204 279
205 313
206 212
206 233
206 251
206 259
206 309
206 313
207 304
208 233
209 235
212 241
214 233
215 226
215 268
216 225
216 234
216 250
216 266
216 286
218 226
218 233
219 223
219 232
219 275
219 309
221 226
221 234
221 235
221 264
223 226
223 235
223 304
223 309
224 235
224 261
224 279
224 284
226 251
227 264
227 273
227 290
228 276
229 235
231 292
231 302
232 279
232 286
232 290
232 292
232 297
232 304
232 311
233 234
233 236
233 259
234 251
234 293
235 253
235 260
235 261
235 269
235 277
235 299
235 309
236 266
237 269
237 279
238 286
243 294
246 252
246 258
246 309
247 252
247 261
247 296
250 261
252 286
254 309
257 273
257 277
258 277
259 304
262 265
263 313
264 279
266 277
266 281
266 282
266 307
266 309
267 277
275 279
279 308
