0 59
0 246
1 182
2 35
2 36
2 40
2 74
2 85
2 86
2 117
2 291
3 86
3 133
3 145
3 252
4 51
4 127
4 134
4 181
4 204
4 246
4 253
4 297
4 314
5 22
5 24
5 28
5 42
5 60
5 85
5 93
5 102
5 110
5 126
5 127
5 128
5 166
5 179
5 189
5 198
5 210
5 234
5 235
5 237
5 247
5 277
6 7
6 36
6 51
6 75
6 85
6 111
6 125
6 126
6 127
6 129
6 203
6 261
6 273
6 274
6 308
7 29
7 34
7 51
7 95
7 121
7 123
7 124
7 132
7 163
7 169
7 181
7 183
7 195
7 234
7 292
7 303
8 121
10 33
10 126
10 130
10 154
10 157
10 168
10 232
10 234
10 240
10 312
11 52
11 128
11 142
12 85
12 123
12 134
12 144
12 193
12 217
12 221
12 273
13 51
13 92
13 103
13 122
13 125
13 135
13 163
13 187
13 225
14 68
14 75
14 100
14 121
14 192
14 221
14 274
15 18
15 48
15 81
15 100
15 151
16 24
16 121
16 131
16 163
16 221
16 223
17 26
17 36
17 90
17 106
17 123
17 124
17 129
17 132
17 195
17 236
17 259
17 287
18 126
18 220
18 241
19 20
20 59
20 84
20 107
20 108
20 127
20 188
20 189
20 241
20 259
20 261
20 308
21 80
21 122
22 104
22 121
22 125
23 35
23 105
23 124
23 158
23 225
23 234
23 245
23 257
24 128
24 133
25 232
26 119
26 122
26 125
26 200
26 279
26 302
27 121
27 186
27 232
27 236
28 84
28 105
28 135
28 139
28 181
28 182
28 191
28 195
28 208
28 247
28 253
28 255
28 266
28 279
28 309
29 35
29 40
29 42
29 50
29 57
29 90
29 124
29 170
29 216
29 263
29 277
30 266
31 39
31 42
31 195
31 241
32 38
32 40
32 52
32 98
32 119
32 126
32 143
32 232
32 255
33 36
33 66
33 96
33 174
33 216
33 233
34 51
34 123
34 129
34 168
34 285
35 39
35 78
35 80
35 84
35 111
35 121
35 123
35 125
35 128
35 180
35 193
35 201
35 204
35 226
35 230
35 232
35 239
35 266
35 267
35 271
35 280
36 122
36 125
36 137
36 162
36 188
36 233
36 302
36 309
37 41
37 43
37 59
37 89
37 108
37 152
37 173
37 192
38 99
38 112
38 202
38 204
38 235
39 67
39 81
39 105
39 143
39 162
39 167
39 188
39 235
39 241
40 42
40 48
40 86
40 88
40 103
40 112
40 121
40 122
40 127
40 155
40 180
40 202
40 204
40 217
40 258
40 266
40 276
40 292
40 309
41 139
41 158
41 192
41 254
41 274
41 279
42 81
42 93
42 101
42 105
42 117
42 123
42 125
42 185
42 204
42 221
43 99
43 120
43 140
43 257
43 279
44 74
44 99
44 133
44 148
44 164
44 270
44 291
44 304
45 81
45 234
46 56
46 195
46 305
47 112
47 126
47 221
48 244
49 76
49 107
49 134
49 168
49 204
50 67
50 123
51 77
51 134
51 206
51 304
52 73
52 103
52 228
52 235
53 168
53 262
53 278
54 111
54 219
54 235
54 310
55 67
55 90
55 98
55 156
55 165
55 232
56 66
56 134
56 199
56 215
56 232
57 101
57 106
57 107
57 123
57 126
57 134
57 234
57 250
58 146
58 233
58 268
58 311
59 111
59 122
59 123
59 140
59 160
59 185
59 208
59 275
60 91
60 121
60 197
60 271
61 138
61 170
61 195
61 243
61 253
62 125
62 217
62 272
62 274
65 75
65 193
65 238
66 72
66 73
66 135
66 241
66 265
67 99
67 199
67 233
67 267
68 199
68 251
69 76
69 233
70 124
70 183
70 232
70 244
70 267
71 124
71 234
72 97
72 121
72 233
72 235
72 240
73 126
73 129
73 135
73 137
73 152
73 155
73 249
73 279
74 76
74 101
74 122
74 152
74 162
74 183
74 302
74 314
75 76
75 170
75 190
75 208
75 210
75 217
75 289
76 110
76 119
76 125
76 203
76 204
76 216
76 224
76 241
76 312
77 102
77 124
77 128
77 143
77 154
77 160
77 162
77 180
77 199
77 207
77 226
77 234
77 305
77 310
78 122
78 124
79 103
79 122
79 225
80 105
80 113
80 137
80 234
81 122
81 236
82 96
82 126
82 127
82 140
82 238
82 309
82 315
83 183
84 126
84 148
84 185
84 207
84 215
84 219
85 97
85 121
85 137
85 226
85 292
86 147
86 234
86 260
88 140
88 163
88 207
89 91
89 122
89 126
89 141
89 143
89 162
89 173
89 199
89 232
89 233
89 253
90 100
90 120
90 123
90 125
90 127
90 140
90 180
90 193
90 224
90 268
91 127
91 168
91 235
91 237
91 314
92 100
92 128
92 232
93 124
93 125
93 128
93 240
95 129
95 134
95 155
95 224
95 234
95 241
95 289
95 299
95 309
96 124
96 126
96 171
96 182
96 221
96 226
96 234
96 238
97 126
97 243
98 121
98 124
98 127
98 178
98 189
98 212
98 221
98 232
98 276
99 105
99 109
99 120
99 126
99 130
99 131
99 135
99 162
99 188
99 199
99 226
99 239
99 283
100 119
100 127
100 128
100 139
100 144
100 167
100 193
100 195
100 203
100 241
100 245
100 266
100 269
100 274
100 292
100 309
102 126
102 171
102 218
102 226
102 277
103 113
103 127
103 159
103 201
103 232
104 203
104 209
104 224
104 241
104 298
104 305
105 122
105 168
106 124
106 168
106 192
106 195
107 127
107 129
107 201
107 309
107 315
108 151
108 223
108 234
108 238
108 279
109 110
109 240
109 293
110 123
110 175
110 178
110 204
110 279
111 139
111 146
111 189
111 241
112 229
113 139
113 197
114 223
114 233
115 120
115 128
115 143
115 148
115 150
115 212
115 234
115 238
116 139
117 120
117 132
117 148
117 232
117 236
117 243
117 289
118 121
118 285
119 134
119 233
119 261
120 134
120 253
120 289
121 126
121 128
121 134
121 140
121 151
121 168
121 169
121 182
121 195
121 206
121 216
121 232
121 273
121 276
121 289
121 299
122 123
122 140
122 160
122 169
122 172
122 182
122 198
122 219
122 226
122 232
122 234
122 235
122 247
122 253
122 255
122 260
122 268
122 275
122 314
123 126
123 127
123 128
123 142
123 157
123 159
123 162
123 166
123 168
123 170
123 180
123 185
123 192
123 213
123 217
123 222
123 235
123 238
123 241
123 242
123 267
123 268
123 284
123 309
124 127
124 140
124 149
124 155
124 171
124 179
124 182
124 189
124 203
124 214
124 218
124 221
124 230
124 233
124 235
124 238
124 246
124 249
124 259
124 263
124 282
124 292
125 126
125 137
125 140
125 145
125 174
125 183
125 195
125 200
125 201
125 221
125 222
125 228
125 256
125 262
125 297
125 313
126 127
126 133
126 134
126 180
126 185
126 192
126 193
126 194
126 206
126 223
126 226
126 234
126 237
126 246
126 259
126 263
127 165
127 177
127 193
127 202
127 225
127 234
127 271
127 284
127 288
127 289
127 291
127 304
127 309
128 129
128 157
128 160
128 162
128 189
128 199
128 202
128 215
128 220
128 238
128 267
128 301
129 130
129 146
129 151
129 195
129 200
129 203
129 216
129 222
129 228
129 313
130 131
130 264
131 215
131 232
131 234
131 274
132 166
133 216
133 255
134 160
134 168
134 180
134 240
134 301
134 309
135 170
135 221
135 271
137 158
137 232
137 265
138 160
138 309
139 146
139 299
139 303
139 304
140 144
140 241
140 314
141 204
141 283
142 160
142 233
144 170
144 219
144 233
144 257
144 267
145 246
147 303
149 279
150 234
150 279
151 160
151 189
152 183
153 206
153 226
154 164
154 166
154 180
155 160
155 259
155 274
156 173
156 219
156 236
157 204
157 256
158 171
158 189
158 233
158 236
159 172
160 183
160 217
160 233
160 286
160 301
161 186
162 204
162 221
163 204
163 233
163 259
164 178
164 273
165 204
165 309
167 196
168 175
168 192
168 239
168 241
168 280
169 199
169 200
169 208
169 233
169 237
169 264
172 182
172 288
173 188
173 208
173 233
173 249
173 250
173 296
174 201
174 207
174 309
176 211
176 266
176 279
177 186
177 211
178 179
178 204
180 204
180 212
180 217
180 218
180 224
180 233
180 249
180 255
180 282
181 208
181 280
181 283
182 189
182 200
182 218
182 271
183 199
183 292
183 306
183 309
184 291
185 286
186 202
186 232
187 284
188 204
188 261
188 294
189 200
192 259
192 276
192 288
192 302
193 266
193 309
194 231
195 207
195 239
195 283
196 219
197 203
197 265
198 232
198 287
199 233
200 235
200 281
201 215
201 236
201 261
201 292
202 232
202 284
203 247
204 217
204 273
204 301
205 220
205 255
206 234
206 259
206 271
206 296
206 305
207 233
207 271
207 311
208 249
209 226
209 252
210 214
210 217
210 312
211 315
212 246
212 271
214 273
215 235
215 240
216 299
217 219
217 251
217 266
218 246
218 309
219 233
219 272
219 275
219 304
220 226
220 240
220 247
220 313
222 309
223 246
223 304
224 232
224 309
225 257
226 229
226 233
226 246
226 288
226 314
227 232
227 259
228 236
228 263
228 306
229 280
230 264
231 304
232 246
232 253
232 255
232 304
232 309
233 238
233 239
233 241
233 259
233 278
233 283
233 292
233 293
234 243
234 266
234 286
234 304
234 313
235 238
235 251
235 264
235 288
235 299
235 314
236 288
237 246
237 264
238 242
238 297
239 309
241 244
241 290
241 309
247 304
248 304
249 269
252 288
258 290
261 274
261 276
261 303
265 290
265 299
267 281
273 307
277 304
278 296
279 302
287 309
298 311
299 309
304 309
