0 35
0 83
0 90
0 143
0 236
0 259
1 32
1 38
1 51
1 128
1 129
1 168
2 34
2 36
2 95
2 100
2 128
2 147
2 164
2 185
2 253
3 40
3 71
3 99
3 100
3 128
3 166
3 180
3 223
3 228
3 279
4 7
4 22
4 120
4 125
4 135
5 12
5 52
5 57
5 67
5 82
5 122
5 125
5 128
5 157
5 167
5 168
5 267
5 279
5 304
6 18
6 61
6 105
6 110
6 121
6 122
6 124
6 126
6 141
6 182
6 235
6 236
6 267
6 279
7 13
7 52
7 122
7 128
7 139
7 162
7 229
7 233
8 135
8 140
8 272
9 21
9 204
9 228
10 71
10 105
10 106
10 110
10 210
10 232
10 240
10 253
10 279
10 309
11 35
11 69
11 93
11 121
11 207
12 89
12 100
12 146
12 190
12 205
12 207
12 211
12 212
12 286
12 309
13 14
13 42
13 85
13 121
13 123
13 147
13 197
13 238
14 33
14 100
14 140
14 255
14 288
15 23
15 89
15 90
15 125
15 168
15 304
16 57
16 86
16 216
17 36
17 80
17 83
17 100
17 126
17 158
17 279
17 291
18 56
18 124
18 125
18 170
18 226
18 231
18 236
18 286
18 300
19 195
19 233
20 40
20 42
20 71
20 77
20 127
20 139
20 225
20 259
21 33
21 313
22 35
22 77
22 91
22 106
22 121
22 123
22 143
22 165
22 179
23 98
23 100
23 124
23 206
24 56
24 100
24 124
24 178
24 180
25 162
25 221
25 274
26 46
26 67
26 72
26 135
26 251
26 314
27 47
27 54
27 226
27 235
28 65
28 121
28 124
28 184
29 76
29 111
29 153
29 157
29 169
29 170
29 171
29 173
29 226
29 235
29 296
30 123
30 181
30 233
30 259
31 99
31 163
31 167
31 172
31 278
32 73
32 76
32 180
32 208
32 271
32 304
33 95
33 259
33 266
34 139
34 190
34 266
35 36
35 46
35 59
35 85
35 97
35 112
35 122
35 127
35 128
35 130
35 144
35 200
35 206
35 212
35 220
35 250
35 271
35 304
36 77
36 90
36 100
36 121
36 175
36 234
36 239
36 241
36 267
36 268
37 127
37 147
37 214
38 147
39 44
39 59
39 134
40 100
40 112
40 115
40 131
40 134
40 160
40 188
40 226
40 229
40 233
40 276
40 314
41 52
41 77
41 99
41 129
41 132
41 155
41 161
41 268
41 309
42 59
42 73
42 122
42 125
42 158
42 229
42 262
42 308
43 235
43 236
44 89
44 90
44 110
44 124
44 126
44 233
44 252
44 275
44 309
45 314
46 90
46 123
46 218
47 95
48 123
49 133
49 166
49 180
49 189
49 193
49 309
50 226
51 123
51 188
51 192
51 197
51 232
52 111
52 127
52 144
52 190
52 199
52 285
53 224
53 239
54 96
54 116
54 151
54 175
54 197
54 198
54 306
55 76
55 134
55 202
55 220
55 296
56 165
56 217
56 253
57 128
57 139
57 223
57 224
57 246
57 277
58 104
58 232
58 263
59 99
59 123
59 127
59 129
59 130
59 160
59 167
59 175
59 184
59 216
59 233
59 304
59 305
60 121
60 156
60 207
60 235
60 290
61 122
61 124
61 134
61 151
61 178
61 257
61 266
61 292
62 78
62 123
62 124
62 221
62 226
64 105
64 122
64 212
64 253
64 257
65 123
65 153
65 165
65 167
66 90
66 93
66 163
66 186
66 199
66 232
67 110
67 139
67 161
67 304
68 115
68 124
68 232
69 94
69 280
70 122
70 127
70 309
71 158
71 195
71 315
72 120
72 128
72 132
72 168
72 253
72 259
72 271
73 77
73 83
73 100
73 106
73 121
73 122
73 135
73 141
73 172
73 202
73 227
73 234
73 280
73 304
74 76
74 102
74 111
74 212
74 232
74 298
74 300
75 84
75 90
75 122
75 125
75 160
75 279
76 97
76 101
76 108
76 120
76 121
76 123
76 160
76 214
76 218
76 237
76 239
76 280
77 140
77 153
77 218
77 221
77 235
77 239
77 267
77 278
78 292
78 315
79 226
79 252
80 115
80 309
81 90
81 121
81 124
81 309
82 112
82 123
82 201
82 216
82 219
82 236
83 128
83 160
83 224
84 121
84 219
84 232
84 267
84 304
85 110
85 119
85 121
85 170
85 182
85 243
85 247
85 267
85 268
85 309
85 313
86 100
86 122
86 129
86 158
86 169
86 309
87 95
87 124
87 143
87 232
87 233
87 251
87 304
88 99
88 201
88 219
88 232
89 123
89 124
89 134
89 152
89 176
89 203
89 226
89 266
89 288
89 309
90 123
90 130
90 135
90 173
90 174
90 215
90 236
90 237
90 239
90 257
90 267
90 285
90 292
90 293
90 310
91 143
91 180
91 266
92 123
92 134
92 174
93 144
94 206
94 297
95 102
95 123
95 160
95 192
95 210
95 235
95 243
95 258
96 123
96 133
96 140
96 174
96 299
97 129
97 155
97 210
98 103
98 112
98 121
98 122
98 129
98 233
98 264
98 269
98 309
99 107
99 121
99 155
99 206
99 215
99 238
99 247
99 250
99 263
99 280
100 122
100 123
100 126
100 135
100 142
100 203
100 208
100 219
100 220
100 233
100 255
100 280
100 300
101 124
101 131
102 128
102 179
103 122
103 123
103 186
103 311
104 215
104 219
104 241
105 126
105 157
105 166
105 202
105 283
106 116
106 123
106 124
106 180
106 183
106 226
106 234
106 235
106 309
107 123
107 206
109 190
109 209
109 267
110 127
110 163
110 193
110 200
110 218
110 239
110 241
110 265
110 297
111 126
111 131
111 158
111 177
111 232
111 234
111 257
112 127
112 135
112 137
113 117
113 165
113 204
115 137
115 145
116 306
117 121
117 122
117 144
117 174
117 191
117 206
117 278
118 226
118 232
119 139
119 160
119 161
119 163
119 166
119 239
119 261
120 125
120 164
120 233
120 237
120 303
121 123
121 124
121 140
121 166
121 188
121 193
121 218
121 233
121 234
121 264
121 266
121 274
121 288
121 298
121 299
121 304
121 310
121 314
122 123
122 125
122 139
122 146
122 155
122 177
122 187
122 189
122 202
122 208
122 219
122 231
122 239
122 249
122 252
122 255
122 259
122 273
122 275
122 279
122 299
122 303
123 126
123 134
123 154
123 186
123 188
123 189
123 203
123 204
123 206
123 219
123 221
123 226
123 232
123 236
123 240
123 241
123 257
123 259
123 267
123 274
123 304
124 125
124 126
124 130
124 134
124 160
124 162
124 187
124 226
124 234
124 237
124 257
124 261
124 291
124 292
124 295
124 306
124 314
125 126
125 130
125 135
125 140
125 145
125 154
125 197
125 203
125 224
125 227
125 233
125 237
125 241
125 243
125 265
125 274
125 290
126 127
126 152
126 160
126 178
126 214
126 220
126 232
126 233
126 252
126 278
126 305
126 309
127 130
127 176
127 177
127 180
127 188
127 207
127 208
127 217
127 219
127 233
127 234
127 235
127 247
127 249
127 277
127 282
127 296
128 139
128 147
128 202
128 231
128 241
128 266
128 267
128 268
128 274
128 279
129 149
129 153
129 158
129 172
129 174
129 202
129 204
129 218
129 236
129 260
129 266
129 273
129 312
130 175
130 204
130 212
132 243
132 269
133 153
133 178
133 206
134 149
134 156
134 171
134 182
134 203
134 226
134 228
134 233
134 245
134 266
134 268
134 277
134 299
134 308
134 312
135 158
135 238
135 253
135 296
137 187
137 200
137 216
137 217
137 224
137 232
137 285
138 163
138 173
139 156
139 232
139 238
139 302
140 156
140 199
141 196
141 224
141 261
142 180
142 235
143 217
143 250
143 253
144 157
145 253
145 292
147 195
147 211
147 218
149 183
149 238
149 304
150 225
151 158
151 180
151 185
151 187
151 209
151 222
151 233
151 298
151 301
152 162
152 204
153 180
153 309
154 180
154 199
154 204
154 257
154 259
154 263
154 279
154 309
155 160
155 219
155 309
156 157
156 199
156 234
156 245
157 258
158 180
158 195
158 219
158 226
160 175
160 192
160 206
160 226
160 238
160 239
160 288
161 297
162 188
163 168
163 189
163 257
163 267
163 291
165 186
165 206
165 279
165 297
166 186
166 204
166 309
167 210
167 247
169 170
169 232
169 291
170 239
170 275
170 297
172 190
172 203
172 255
172 299
173 274
174 176
174 304
175 268
176 207
176 223
177 234
178 204
178 222
179 232
179 235
179 309
180 234
180 258
183 206
183 218
185 230
186 207
186 234
187 218
187 299
188 204
188 224
188 270
189 192
190 200
193 204
193 274
195 221
195 232
195 291
195 314
196 202
197 202
197 207
197 227
198 233
198 238
199 259
200 219
200 227
200 279
200 301
200 309
201 221
201 224
201 233
201 241
201 264
201 267
201 283
202 230
202 233
202 309
203 255
204 206
204 219
204 222
204 253
204 262
206 212
206 223
206 226
206 296
207 214
207 239
207 255
207 266
208 226
209 235
211 255
212 309
213 255
214 241
214 309
215 226
215 233
216 226
217 268
218 271
219 245
219 261
219 315
220 265
220 291
221 262
221 299
222 257
223 229
223 235
226 231
226 240
226 255
226 267
226 309
229 233
229 304
231 280
232 236
232 241
232 273
232 292
232 302
232 304
233 234
233 243
233 266
233 297
233 308
234 239
234 241
234 275
234 308
234 309
235 286
236 269
236 280
237 309
239 276
239 283
240 252
240 271
243 257
243 304
244 257
244 304
245 309
246 249
246 297
251 277
252 275
253 268
253 288
256 292
257 275
257 308
259 266
261 304
262 314
264 288
266 267
266 292
266 297
266 304
267 279
267 304
272 276
273 288
274 285
276 305
278 282
279 302
279 309
282 292
286 302
291 309
292 304
292 308
296 301
302 313
