0 70
0 85
0 124
0 128
0 129
0 154
0 163
0 226
0 308
1 17
1 32
1 123
1 128
1 192
1 236
1 277
2 8
2 20
2 95
2 99
2 121
2 279
3 86
3 125
3 127
3 131
3 156
3 200
3 280
3 299
3 302
4 93
4 121
4 128
4 180
4 206
4 260
5 52
5 67
5 110
5 123
5 128
5 154
5 157
5 165
5 166
5 180
5 252
5 263
5 278
6 14
6 88
6 90
6 99
6 125
6 127
6 129
6 186
6 215
6 262
6 288
6 299
6 312
6 314
7 26
7 31
7 47
7 122
7 124
7 137
7 150
7 178
7 204
7 226
7 235
9 74
9 116
9 117
9 134
9 207
9 209
9 214
10 61
10 84
10 167
10 187
10 189
10 288
10 304
11 24
11 90
11 174
11 232
11 238
11 309
12 70
12 143
13 46
13 54
13 87
13 125
13 132
13 137
13 150
13 182
13 195
13 229
13 304
14 76
14 121
15 100
15 170
15 235
16 28
16 117
16 126
16 127
16 129
16 200
16 268
17 81
17 122
17 139
17 176
17 178
17 199
17 204
17 217
17 314
18 49
18 61
18 122
18 129
18 191
18 204
18 207
18 238
18 257
19 127
19 253
19 267
20 27
20 37
20 66
20 86
20 118
20 129
20 168
21 42
21 168
21 218
22 162
22 207
22 254
23 55
23 152
23 162
23 193
23 204
23 233
23 304
24 110
24 133
24 152
24 189
24 232
25 64
25 80
26 40
26 62
26 72
26 77
26 115
26 117
26 124
26 129
26 133
26 143
26 220
26 249
26 257
27 106
27 218
27 267
27 311
28 65
28 123
28 140
28 272
28 275
29 34
29 35
29 107
29 122
29 123
29 128
29 157
29 210
29 223
29 224
29 235
29 266
29 279
30 95
30 98
31 105
31 124
31 126
32 100
32 105
32 159
32 168
32 193
32 232
32 262
33 85
33 86
33 122
33 169
33 235
33 247
34 52
34 70
34 117
34 122
34 125
34 234
34 296
34 304
35 51
35 84
35 86
35 124
35 129
35 131
35 157
35 179
35 214
35 232
35 259
36 54
36 59
36 76
36 90
36 106
36 110
36 129
36 226
36 239
36 266
36 269
36 287
37 165
37 187
37 205
37 220
37 233
37 241
38 83
38 304
39 49
39 59
39 123
39 124
39 171
39 215
39 309
39 313
40 75
40 112
40 169
40 190
40 199
40 207
40 221
40 231
40 291
40 309
41 42
41 90
41 93
41 126
41 155
41 226
41 254
42 100
42 125
42 135
42 234
42 247
42 259
42 302
43 72
43 98
43 129
43 264
44 65
44 76
44 126
44 134
44 143
44 196
44 211
45 132
45 188
45 192
46 95
46 108
46 123
46 309
47 124
47 241
48 234
49 53
49 54
49 75
49 124
49 160
49 192
49 206
49 228
49 257
49 309
50 135
50 198
51 98
51 128
51 142
51 223
51 279
52 99
52 125
52 152
52 162
52 173
52 180
52 231
52 241
53 135
53 221
53 293
54 94
54 122
54 126
54 191
54 219
54 234
54 308
55 57
55 126
55 139
55 234
55 298
56 90
56 132
56 137
56 140
56 230
56 276
57 73
57 103
57 139
57 151
58 203
58 220
58 231
59 106
59 131
59 137
59 180
59 209
59 219
59 238
60 61
60 65
60 165
60 183
60 201
60 249
61 75
61 109
61 127
61 131
61 135
61 152
61 154
62 168
62 219
62 240
62 261
62 309
63 200
64 112
65 99
65 200
65 207
65 232
65 308
66 115
66 128
66 163
66 168
66 304
67 122
67 124
67 126
67 128
67 129
67 163
67 182
67 219
67 271
68 123
68 185
68 227
68 278
69 93
69 95
69 220
69 273
70 226
71 275
72 123
72 215
72 230
72 241
73 78
73 89
73 99
73 117
73 181
73 208
73 217
73 277
73 293
73 304
74 119
74 121
74 124
74 126
74 128
74 228
74 234
75 121
75 131
75 230
75 233
76 121
76 125
76 150
76 154
76 173
76 181
76 214
76 279
76 280
76 285
76 302
76 314
77 85
77 90
77 103
77 121
77 125
77 153
77 161
77 184
77 188
77 189
77 215
77 234
77 244
77 262
77 283
77 299
77 313
78 124
78 137
78 140
78 221
79 124
79 125
79 143
79 226
80 88
80 111
80 123
80 140
81 90
81 99
81 155
81 167
81 189
81 202
81 235
81 273
81 293
81 304
82 122
82 126
82 170
82 200
83 88
83 120
83 124
83 149
83 266
84 87
84 165
84 233
84 239
84 298
85 110
85 123
85 125
85 134
85 152
85 153
85 181
85 246
87 93
87 160
87 223
87 226
87 302
88 95
88 123
88 134
88 273
89 123
89 129
89 130
89 144
90 98
90 99
90 106
90 119
90 137
90 160
90 188
90 204
90 208
90 232
90 234
90 235
90 247
90 259
90 306
91 92
91 99
91 117
91 123
91 127
91 175
91 192
92 232
93 204
93 212
93 230
93 247
95 99
95 122
95 131
95 135
95 152
95 204
95 220
95 244
95 293
96 215
96 237
97 241
97 242
97 310
98 124
98 167
98 169
98 173
98 175
98 183
98 191
99 108
99 115
99 125
99 128
99 146
99 166
99 173
99 185
99 189
99 191
99 234
99 273
99 290
100 110
100 121
100 123
100 129
100 131
100 142
100 148
100 154
100 187
100 206
100 223
100 277
100 282
100 285
100 300
100 303
100 305
100 308
101 215
102 227
102 241
102 246
103 151
103 165
103 167
103 170
103 236
103 288
104 134
104 268
104 295
104 299
105 107
105 154
105 156
105 165
105 189
105 266
105 286
106 120
106 123
106 126
106 179
106 180
106 183
106 208
106 212
106 214
106 218
106 219
106 223
106 273
106 286
107 120
107 122
107 123
107 206
107 207
107 234
108 123
108 232
108 314
109 151
109 183
109 204
109 223
109 266
110 200
110 202
110 234
110 259
110 267
110 305
110 309
111 286
111 304
112 115
112 123
112 124
112 139
112 141
112 269
112 304
113 140
113 186
114 171
114 219
115 122
115 126
115 241
115 307
116 171
116 178
117 154
117 200
117 241
117 251
118 259
119 204
119 301
120 123
120 125
120 195
120 217
120 274
121 126
121 127
121 129
121 134
121 151
121 155
121 161
121 165
121 174
121 180
121 197
121 201
121 202
121 204
121 215
121 219
121 224
121 230
121 234
121 237
121 271
121 275
121 286
122 131
122 152
122 160
122 163
122 175
122 193
122 196
122 201
122 209
122 216
122 232
122 233
122 238
122 241
122 243
122 269
122 271
122 280
122 285
122 291
122 292
123 126
123 127
123 131
123 134
123 188
123 222
123 223
123 243
123 246
123 264
123 268
123 279
123 280
123 285
123 302
123 315
124 125
124 141
124 153
124 158
124 169
124 201
124 206
124 226
124 240
124 246
124 256
124 267
124 269
124 283
124 293
124 309
124 310
125 147
125 157
125 181
125 201
125 202
125 219
125 246
125 269
125 274
125 280
126 134
126 140
126 148
126 178
126 197
126 201
126 203
126 217
126 221
126 234
126 242
126 271
126 279
126 291
126 308
127 128
127 131
127 138
127 159
127 165
127 169
127 178
127 186
127 231
127 264
127 281
127 286
127 300
128 132
128 134
128 162
128 164
128 173
128 178
128 183
128 185
128 200
128 219
128 227
128 232
128 238
128 239
128 243
128 267
128 275
128 280
129 195
129 198
129 200
129 203
129 214
129 220
129 228
129 237
129 238
129 247
129 258
129 259
129 268
129 276
130 134
130 139
130 148
131 163
131 168
131 201
131 206
131 215
132 234
133 158
133 238
133 291
134 147
134 154
134 158
134 207
134 226
134 232
134 235
134 241
134 263
134 266
134 303
135 166
135 180
135 194
135 234
135 296
137 173
137 243
137 292
138 187
138 232
138 235
138 266
139 140
139 155
139 180
139 199
139 208
139 233
140 165
140 299
141 144
141 166
141 228
141 233
141 237
142 275
142 281
143 182
143 255
143 304
144 233
144 298
145 242
146 219
147 165
147 257
148 267
149 226
149 266
150 267
151 168
151 206
151 246
151 308
152 212
152 235
152 247
152 290
153 185
153 195
154 197
155 191
155 279
156 183
156 230
157 213
157 218
157 226
157 309
158 245
158 309
159 207
159 247
160 180
160 234
160 243
160 304
161 179
162 204
163 202
163 222
163 304
164 292
165 178
165 185
165 192
165 232
165 278
165 306
165 309
166 179
166 215
166 313
167 252
168 205
168 279
169 203
169 291
170 233
170 266
171 221
172 286
172 288
173 224
173 229
173 297
174 233
174 236
174 277
175 183
176 243
177 240
178 213
178 234
179 235
180 199
180 212
180 309
181 241
181 293
182 206
182 231
182 234
182 235
182 264
182 267
182 268
183 269
183 274
183 299
184 244
184 307
185 234
185 272
186 187
186 206
186 241
187 195
187 201
187 211
187 219
188 240
188 309
189 207
189 222
189 246
189 266
190 224
190 233
191 247
191 298
192 216
192 234
192 307
193 199
193 223
193 241
194 313
195 208
195 258
196 233
196 266
197 206
197 234
197 235
197 298
199 217
199 233
199 271
199 278
200 223
200 233
200 235
200 236
200 239
201 207
201 271
201 296
202 229
202 266
203 241
203 304
204 206
204 212
204 234
204 238
204 246
204 257
206 261
206 266
206 315
207 256
207 260
207 271
208 232
210 224
210 261
211 226
212 233
212 238
212 254
212 302
213 285
214 260
215 301
216 255
216 280
217 274
217 310
218 228
218 247
218 288
219 297
219 302
221 288
222 246
223 235
223 238
223 274
224 260
225 314
226 238
226 246
226 249
226 260
226 266
226 286
227 233
232 234
232 235
232 238
232 239
232 273
233 277
233 309
234 236
234 237
234 284
235 246
235 273
237 260
237 314
238 271
238 277
238 309
240 285
241 256
244 260
246 257
246 279
249 266
252 299
257 263
261 280
263 274
264 307
265 303
266 272
266 280
266 286
266 291
267 309
273 279
273 299
274 302
274 306
275 279
276 313
279 312
285 309
286 304
286 306
286 308
304 307
