0 280
1 112
1 164
1 249
2 82
2 111
2 121
2 133
2 233
3 5
3 85
3 91
3 192
3 206
3 219
3 288
3 309
4 99
4 103
4 215
4 261
4 266
4 288
4 309
5 31
5 37
5 43
5 52
5 55
5 77
5 84
5 85
5 95
5 99
5 129
5 214
5 217
5 219
5 226
5 228
5 232
5 247
5 259
5 296
5 306
6 36
6 89
6 124
6 125
6 127
6 170
6 174
6 198
6 200
6 279
7 26
7 59
7 89
7 130
7 169
7 197
7 199
7 222
7 226
7 233
7 269
7 298
8 40
8 233
9 34
9 309
10 33
10 41
10 77
10 99
10 185
10 234
10 279
10 309
11 311
12 33
12 34
12 44
12 57
12 115
12 123
12 125
12 131
12 143
12 206
13 18
13 39
13 111
13 116
13 153
13 156
13 176
13 256
14 57
14 113
14 126
14 314
15 99
15 193
16 29
16 103
16 124
16 165
16 226
16 234
16 235
16 257
17 24
17 105
17 119
17 130
17 131
17 167
17 219
17 226
17 266
17 274
17 288
18 128
18 197
19 46
19 186
19 224
19 226
20 35
20 124
20 182
20 215
21 35
21 54
21 122
21 226
21 262
21 280
22 34
22 42
22 66
22 77
22 121
23 56
23 122
23 124
23 129
23 141
23 149
23 180
23 193
23 221
23 250
23 287
24 125
24 126
24 203
24 232
25 82
25 185
25 187
26 39
26 53
26 81
26 119
26 124
26 160
26 240
26 252
26 279
27 140
27 187
27 250
27 292
27 306
28 76
28 77
28 131
28 222
29 40
29 75
29 77
29 115
29 140
29 165
29 195
29 207
30 125
30 128
30 226
30 232
31 55
31 115
31 125
31 167
32 64
32 93
32 204
32 234
32 246
32 251
32 269
32 304
33 235
33 279
34 131
34 134
34 241
34 306
35 49
35 52
35 70
35 85
35 111
35 114
35 117
35 123
35 128
35 129
35 158
35 166
35 185
35 192
35 195
35 200
35 212
35 215
35 241
35 299
36 39
36 52
36 75
36 111
36 121
36 129
36 154
36 194
36 258
36 274
36 311
37 86
37 100
37 193
37 282
37 286
38 67
38 233
39 99
39 152
39 171
39 175
39 178
39 204
39 230
39 241
40 90
40 110
40 126
40 127
40 129
40 176
40 196
40 218
40 220
40 225
40 228
40 234
40 246
41 85
41 145
41 204
41 229
41 241
41 312
42 77
42 123
42 126
42 203
42 233
42 247
43 291
44 62
44 127
44 232
45 200
46 61
46 204
46 219
46 255
46 304
47 77
47 202
48 165
49 96
49 195
49 234
49 304
49 313
50 133
50 188
50 193
50 249
51 122
51 127
51 130
51 134
51 161
51 169
51 173
51 206
51 234
51 256
51 279
51 287
51 314
52 56
52 77
52 89
52 102
52 115
52 122
52 183
52 212
52 233
52 246
52 288
53 121
53 126
53 127
53 129
53 192
53 220
54 64
54 77
54 100
54 128
54 136
54 165
54 219
54 280
55 128
55 165
55 231
55 232
55 233
55 245
55 277
56 122
56 126
56 217
56 243
56 309
57 127
57 175
57 207
57 220
57 259
58 223
59 77
59 105
59 121
59 126
59 134
59 161
59 163
59 191
59 231
59 286
59 302
59 304
60 156
60 264
61 73
61 74
61 95
61 160
62 91
62 105
62 135
62 139
62 154
62 263
62 275
63 81
64 122
65 126
65 280
66 117
66 145
66 159
67 126
67 193
67 219
68 111
68 225
68 274
69 224
69 226
69 242
70 121
70 125
70 162
70 212
70 226
70 236
70 264
70 309
72 118
72 131
72 148
72 253
72 257
73 141
73 148
73 195
73 235
74 233
74 240
75 90
75 106
75 122
75 127
75 135
75 163
75 167
75 183
75 201
75 266
75 309
76 96
76 99
76 100
76 117
76 127
76 138
76 195
76 203
76 206
76 213
76 216
76 223
76 233
76 235
76 249
76 255
76 274
76 309
77 85
77 122
77 129
77 130
77 133
77 159
77 187
77 192
77 232
77 235
77 261
77 263
77 277
77 309
78 204
79 122
79 261
80 134
80 172
80 175
80 259
80 264
81 123
81 126
81 174
81 240
82 259
83 98
83 129
83 140
83 142
83 172
83 272
83 277
84 89
84 100
84 156
84 233
85 235
85 281
85 294
86 98
86 117
86 142
86 229
86 247
86 262
86 309
87 116
87 149
87 218
88 104
88 144
88 180
88 304
89 125
89 143
89 206
89 218
89 259
89 275
90 92
90 105
90 123
90 125
90 129
90 134
90 136
90 145
90 161
90 163
90 200
90 202
90 209
90 234
90 260
90 288
91 168
91 174
91 216
91 233
92 177
92 235
93 126
93 144
93 234
93 277
93 283
94 108
95 100
95 133
95 206
95 226
96 155
96 185
97 189
97 235
98 123
98 124
98 126
98 129
98 174
99 102
99 129
99 132
99 155
99 162
99 163
99 180
99 195
99 206
99 209
99 219
99 226
99 231
99 233
99 234
99 239
99 245
99 256
99 266
99 305
100 122
100 125
100 127
100 129
100 134
100 154
100 158
100 223
100 228
100 255
100 259
100 265
100 271
100 276
100 280
100 304
102 217
103 129
103 168
103 232
103 233
103 299
104 117
104 131
104 160
104 309
105 127
105 129
105 162
105 223
105 309
106 125
106 137
106 138
106 233
106 249
107 182
107 233
107 235
107 273
107 280
107 309
108 119
108 296
109 163
109 286
110 263
111 123
111 125
111 150
111 174
111 257
112 127
112 128
112 173
112 210
112 233
112 277
113 271
115 124
115 260
115 277
117 123
117 127
117 165
117 267
119 129
119 229
120 191
121 125
121 127
121 128
121 134
121 139
121 170
121 172
121 174
121 181
121 187
121 233
121 240
121 241
121 304
122 123
122 138
122 147
122 152
122 158
122 159
122 164
122 172
122 180
122 188
122 197
122 213
122 233
122 236
122 280
122 314
123 127
123 139
123 140
123 141
123 152
123 180
123 186
123 195
123 200
123 219
123 226
123 232
123 234
123 235
123 258
124 129
124 153
124 157
124 160
124 182
124 195
124 198
124 207
124 212
124 226
124 238
124 239
124 254
124 258
124 292
124 299
124 309
125 135
125 137
125 141
125 161
125 182
125 204
125 223
125 233
125 235
125 236
125 241
125 257
125 261
125 299
125 309
126 127
126 128
126 129
126 139
126 154
126 169
126 181
126 191
126 192
126 196
126 198
126 201
126 206
126 226
126 231
126 260
126 291
126 303
127 135
127 149
127 195
127 203
127 257
127 261
127 263
127 264
127 283
127 293
128 135
128 147
128 149
128 157
128 166
128 178
128 199
128 212
128 237
128 241
128 264
128 271
129 133
129 140
129 156
129 163
129 195
129 247
129 271
129 309
129 310
130 146
130 151
130 183
130 220
130 226
130 231
130 259
130 279
131 235
131 306
132 150
132 260
132 297
133 185
133 225
133 232
133 277
133 304
134 135
134 146
134 150
134 180
134 185
134 198
134 232
134 261
134 266
134 267
135 182
135 288
137 162
138 285
139 141
139 152
139 185
139 247
140 203
140 308
141 157
141 182
141 227
141 251
141 309
142 162
142 197
142 233
143 183
143 288
144 218
144 226
145 160
145 191
147 148
147 165
147 197
147 231
147 300
149 174
151 198
151 247
151 260
151 294
152 304
153 249
155 253
155 292
156 164
156 181
156 182
156 233
156 255
156 277
157 241
157 315
158 180
158 198
158 210
158 219
158 231
159 161
160 176
160 182
160 189
160 257
160 274
161 201
161 214
161 232
161 234
161 251
162 283
162 301
162 314
163 166
163 219
163 253
163 269
164 179
165 186
165 217
165 236
165 239
165 279
165 305
166 191
166 213
166 222
166 223
166 279
167 303
168 203
168 226
168 239
168 267
168 282
168 304
169 232
169 234
169 279
170 173
170 176
170 286
171 235
171 297
172 304
173 280
174 184
174 206
174 227
174 240
174 314
176 197
176 233
177 309
178 204
178 259
179 235
179 266
180 195
180 206
180 221
181 207
181 218
182 232
183 199
183 304
185 201
186 272
187 226
187 235
187 260
187 261
188 259
188 301
188 304
188 314
189 226
189 271
191 228
191 261
191 294
192 215
192 232
192 303
192 309
193 234
193 314
195 232
195 233
195 236
195 312
196 271
197 220
197 234
198 233
198 255
199 236
200 233
200 237
201 218
201 233
201 253
201 286
201 306
202 264
202 280
202 295
203 243
204 207
204 233
204 234
204 235
204 247
204 278
204 279
204 283
204 304
204 309
205 268
206 207
206 210
206 213
206 218
206 220
206 233
206 235
206 237
207 213
207 235
208 233
209 279
210 249
210 261
210 265
210 273
211 279
214 309
215 217
215 277
216 229
216 249
216 266
216 299
217 220
217 233
217 245
217 246
217 248
217 267
218 241
219 232
219 255
219 309
220 232
220 235
220 275
221 233
221 271
223 264
225 234
226 233
226 239
226 264
226 314
226 315
227 292
228 304
228 309
229 232
230 259
232 233
232 269
232 280
232 304
232 314
233 235
233 264
234 235
234 250
234 273
234 296
235 304
235 310
235 311
236 272
236 274
238 259
239 296
240 256
241 251
241 283
243 269
243 304
244 279
246 257
246 297
249 271
249 294
249 315
257 304
259 288
260 264
261 315
264 304
264 312
266 286
266 309
267 305
269 286
275 313
279 292
279 297
285 304
286 304
287 288
296 305
297 298
