0 24
0 32
0 80
0 129
1 68
1 261
2 76
2 88
2 116
2 143
2 150
2 160
2 199
2 232
2 252
2 277
3 13
3 197
3 226
3 233
4 31
4 54
4 81
4 89
4 100
4 124
4 140
4 189
4 191
4 223
4 230
5 6
5 17
5 22
5 75
5 100
5 117
5 123
5 125
5 127
5 129
5 168
5 228
5 233
5 247
5 257
5 281
5 291
5 304
5 309
6 12
6 59
6 147
6 209
6 232
6 249
6 309
7 19
7 89
7 100
7 123
7 126
7 127
7 138
7 192
7 202
7 215
7 230
7 232
7 279
7 304
8 25
8 155
8 219
8 247
8 251
8 304
9 20
9 32
9 37
9 74
9 121
9 123
9 124
10 84
10 110
10 134
10 180
10 212
10 259
11 42
11 85
11 99
11 119
11 123
11 168
11 180
11 188
11 243
12 26
12 41
12 121
12 168
12 194
12 232
12 266
12 267
13 32
13 42
13 110
13 117
13 126
13 132
13 191
13 226
13 309
14 85
14 129
14 178
14 185
14 285
14 300
15 110
15 119
15 133
15 307
16 69
16 72
16 103
16 121
16 219
17 42
17 100
17 110
17 125
17 134
17 188
17 221
18 51
18 61
18 141
18 152
18 240
18 304
19 59
19 236
19 241
19 251
20 69
20 100
20 157
20 191
20 200
20 206
20 233
20 235
20 261
21 40
21 98
21 289
22 101
22 121
22 124
22 176
22 235
23 28
23 32
23 40
23 73
23 76
23 124
23 128
23 134
23 189
23 204
23 214
24 123
24 126
24 241
25 165
25 233
26 56
26 70
26 158
27 57
27 121
27 174
27 229
27 263
28 81
28 96
28 99
28 123
28 149
28 186
28 188
28 304
28 313
29 40
29 101
29 124
29 129
29 135
29 192
29 307
31 44
31 76
31 111
31 128
31 235
31 256
32 115
32 117
32 134
32 176
32 217
32 245
33 81
33 95
33 114
33 122
34 81
34 95
34 129
34 204
34 224
34 246
34 276
34 304
34 309
35 40
35 73
35 75
35 83
35 98
35 100
35 120
35 123
35 134
35 135
35 164
35 188
35 189
35 195
35 207
35 217
35 241
35 276
35 278
35 286
35 303
35 315
36 116
36 121
36 126
36 162
36 184
36 214
37 72
37 168
37 210
37 250
37 286
38 49
38 170
38 185
38 239
39 66
39 80
39 122
39 127
39 128
39 140
39 258
39 302
39 304
40 42
40 99
40 103
40 126
40 160
40 246
40 261
40 279
41 105
41 106
41 165
41 194
41 271
42 53
42 99
42 122
42 124
42 209
42 234
43 123
43 189
43 201
43 239
44 127
44 134
44 169
44 271
44 291
45 70
45 234
46 280
47 241
48 163
48 222
48 279
49 84
49 202
49 228
49 239
49 296
50 105
51 76
51 139
51 180
51 188
51 252
51 296
52 122
52 138
52 185
52 201
52 205
52 206
52 219
52 237
52 259
53 95
53 108
53 127
53 174
53 297
54 100
54 115
54 122
54 129
54 229
54 234
55 66
55 70
55 72
55 90
55 117
55 146
55 219
56 85
56 208
56 304
57 112
57 170
57 308
57 313
58 77
59 75
59 99
59 140
59 141
59 196
59 215
59 226
59 238
60 114
60 219
60 275
61 128
61 134
61 166
61 182
61 264
62 149
62 232
62 239
62 294
63 126
63 162
65 99
65 120
65 125
66 141
66 151
66 170
66 203
66 233
67 76
67 110
67 134
67 195
68 124
68 286
69 196
69 207
69 252
70 71
70 100
70 120
70 175
70 206
70 249
70 278
71 208
72 138
72 204
72 241
73 90
73 97
73 121
73 125
73 127
73 169
73 179
73 201
73 223
73 232
73 234
73 280
73 309
74 89
74 156
74 173
74 193
75 113
75 121
75 140
75 228
75 312
76 95
76 110
76 122
76 140
76 171
76 183
76 185
76 204
76 216
76 219
76 230
76 232
76 234
76 241
76 279
76 309
77 85
77 97
77 100
77 105
77 121
77 141
77 154
77 162
77 196
77 207
77 215
77 222
77 264
77 309
78 87
78 162
78 243
79 125
79 193
79 261
80 85
80 128
80 204
80 267
80 304
81 122
81 162
81 268
81 301
82 183
83 92
83 114
83 127
83 166
83 253
83 288
84 180
84 187
84 189
85 122
85 125
85 186
85 195
85 247
85 300
86 213
86 215
86 261
86 265
87 226
88 146
89 90
89 122
89 127
89 133
89 158
89 174
89 193
89 240
89 266
89 278
90 102
90 117
90 122
90 129
90 140
90 163
90 173
90 183
90 249
90 267
90 281
91 100
91 134
91 158
91 166
91 219
92 99
92 110
92 140
93 117
93 120
93 189
93 280
94 106
94 126
94 234
95 122
95 187
95 195
95 249
95 263
95 268
96 131
96 219
96 226
97 173
97 235
98 127
98 128
98 174
98 215
98 246
98 268
99 105
99 115
99 124
99 125
99 127
99 151
99 174
99 198
99 200
99 226
99 237
99 239
99 269
99 271
99 272
99 273
99 302
99 309
100 103
100 106
100 110
100 124
100 127
100 128
100 134
100 156
100 169
100 220
100 236
100 250
100 267
100 268
100 279
100 281
100 304
101 117
101 124
101 292
102 123
102 215
102 276
103 121
103 234
103 265
103 290
104 123
104 268
105 181
105 226
106 107
106 127
106 128
106 144
106 180
106 244
106 247
107 211
108 110
108 117
108 128
108 171
108 309
110 121
110 126
110 128
110 219
110 231
110 295
111 143
111 204
111 235
111 246
111 274
111 280
112 174
112 178
112 187
112 269
113 117
113 225
113 235
114 117
114 223
115 127
115 176
116 183
116 232
116 297
117 128
117 186
117 193
117 232
117 233
117 266
117 313
118 183
119 124
119 168
120 126
120 127
120 154
120 183
120 186
120 189
120 235
121 123
121 128
121 130
121 131
121 147
121 163
121 189
121 190
121 192
121 218
121 219
121 226
121 234
121 235
121 257
121 269
121 276
121 304
121 309
122 126
122 138
122 181
122 197
122 201
122 219
122 235
122 240
122 265
122 281
122 285
122 292
122 296
122 312
123 129
123 160
123 163
123 166
123 177
123 181
123 192
123 219
123 220
123 241
123 255
123 261
123 264
123 266
123 271
123 285
123 288
123 302
123 309
124 127
124 129
124 159
124 196
124 233
124 250
124 277
124 309
124 312
125 157
125 163
125 170
125 175
125 185
125 210
125 220
125 226
125 249
125 252
125 259
125 304
125 312
126 128
126 152
126 165
126 176
126 206
126 226
126 229
126 231
126 232
126 243
126 267
126 271
126 311
127 129
127 186
127 204
127 207
127 216
127 223
127 232
127 234
127 275
128 134
128 153
128 185
128 202
128 204
128 218
128 222
128 255
128 265
128 279
129 140
129 189
129 192
129 217
129 226
129 227
129 241
129 259
129 264
129 265
129 295
130 134
130 140
131 215
131 265
132 217
132 236
133 143
133 244
134 232
134 235
134 257
134 264
134 266
134 267
135 185
135 226
135 230
135 278
136 204
137 176
137 198
138 160
138 219
138 236
139 161
139 166
139 176
139 232
139 253
139 255
140 142
140 189
140 231
140 252
140 288
141 166
142 209
143 200
143 206
143 253
143 256
143 300
143 306
144 145
144 234
144 246
145 181
145 221
145 307
146 309
147 233
147 292
148 174
148 257
149 161
151 195
151 228
151 288
152 232
153 232
153 303
154 160
155 181
155 207
155 233
155 275
156 235
157 168
157 175
157 182
157 214
157 234
157 304
158 179
159 195
159 200
160 188
160 191
160 216
160 245
160 255
160 286
161 234
162 218
162 234
162 302
163 166
163 266
163 299
164 223
165 215
166 243
168 172
168 173
168 219
168 279
168 285
168 298
169 173
169 221
170 193
170 246
170 309
172 184
172 218
173 226
173 234
173 271
174 202
174 233
174 259
174 276
175 252
175 255
175 292
175 304
176 185
176 228
176 266
176 295
176 314
177 180
177 232
177 234
178 187
178 239
178 257
178 304
180 187
180 201
181 232
181 233
181 252
181 266
181 278
181 298
183 212
183 235
183 265
185 187
185 273
185 311
186 206
186 240
186 246
186 266
186 276
187 266
188 241
189 206
189 208
189 217
189 257
191 204
192 195
192 228
192 259
192 260
193 234
193 235
195 220
195 226
195 233
195 263
197 203
197 217
197 218
197 235
197 259
197 272
197 286
199 203
199 223
199 226
200 306
201 217
201 262
201 285
202 226
202 236
202 274
203 241
203 265
204 206
204 237
204 250
204 255
204 266
204 279
204 280
204 284
206 260
206 279
206 313
207 304
208 209
208 215
208 309
209 235
209 280
209 299
212 226
212 265
212 266
212 285
216 226
216 236
217 234
218 238
218 274
219 251
219 263
219 293
221 243
221 283
222 309
223 233
223 243
223 257
223 280
224 232
224 288
226 232
226 233
226 265
226 271
226 304
229 241
229 279
229 288
230 282
230 300
232 245
232 257
232 280
233 238
233 247
233 277
234 265
234 279
234 312
235 238
235 264
235 292
236 269
236 279
236 280
236 282
237 296
237 309
238 264
238 274
238 296
238 300
241 266
241 311
243 297
244 311
246 266
247 308
249 304
249 314
250 277
255 286
258 310
259 279
260 310
263 267
264 285
264 309
264 311
267 271
267 309
271 279
275 278
276 291
276 309
279 303
279 315
282 314
289 304
299 309
302 304
