0 219
1 127
1 134
1 232
1 235
2 19
2 29
2 99
2 134
2 186
2 313
3 92
3 129
3 180
3 197
3 243
4 28
4 106
4 122
4 160
4 235
4 276
4 277
4 297
5 21
5 28
5 90
5 100
5 125
5 126
5 129
5 140
5 155
5 165
5 182
5 202
5 204
5 218
5 224
5 261
5 288
6 21
6 37
6 139
6 181
6 187
6 193
6 204
6 214
6 271
7 22
7 59
7 115
7 123
7 139
7 140
8 50
9 180
9 219
9 262
10 36
10 56
10 70
10 83
10 100
10 121
10 124
10 125
10 126
10 128
10 185
10 197
10 241
10 257
10 263
10 315
11 128
11 195
11 223
12 42
12 157
12 166
12 177
12 180
12 221
13 75
13 125
13 134
13 185
13 195
13 235
13 280
14 103
14 131
14 155
14 259
14 266
14 305
15 120
15 185
15 286
16 129
16 140
16 217
16 259
16 272
17 43
17 56
17 117
17 126
17 142
17 144
17 202
17 220
17 286
18 27
18 39
18 76
18 189
18 210
18 214
18 227
19 56
19 95
19 121
19 128
19 143
19 301
20 51
20 73
20 79
20 123
20 135
20 151
20 168
20 182
20 209
20 276
20 304
21 96
21 100
21 129
21 227
21 233
21 235
21 303
22 52
22 59
22 60
22 115
22 131
22 157
22 219
22 230
22 235
22 259
22 278
22 280
23 85
23 99
23 100
23 144
23 151
23 165
23 235
23 271
23 314
24 39
24 67
24 121
24 126
24 143
24 146
24 154
24 272
24 309
25 76
25 124
25 134
25 223
25 241
26 39
26 60
26 64
26 124
26 127
26 157
26 188
26 189
27 127
27 220
28 35
28 88
28 99
28 106
28 112
28 147
28 152
28 194
28 207
28 266
29 84
29 123
29 124
29 203
29 224
29 255
29 269
29 298
29 308
30 158
30 233
30 234
30 238
31 49
31 84
31 91
31 117
31 129
31 169
31 188
31 313
32 36
32 55
32 111
32 124
32 125
32 157
33 84
33 123
33 126
33 204
34 41
34 122
35 36
35 39
35 73
35 85
35 110
35 111
35 117
35 140
35 144
35 156
35 163
35 169
35 203
35 204
35 216
35 252
35 264
35 268
35 304
36 76
36 110
36 112
36 123
36 174
36 177
36 179
36 217
36 235
36 293
36 294
37 100
37 125
37 165
38 122
38 219
38 233
39 49
39 106
39 122
39 128
39 203
39 279
40 51
40 78
40 99
40 100
40 106
40 123
40 165
40 188
40 230
40 239
40 252
40 310
41 42
41 47
41 104
41 116
41 124
41 162
41 232
41 234
42 72
42 119
42 122
42 129
42 133
42 206
42 312
43 82
43 91
43 98
43 195
43 204
43 236
44 50
44 129
44 130
44 133
44 155
44 219
44 232
45 110
45 178
47 160
47 233
48 168
48 244
48 302
49 123
49 133
49 233
49 307
50 54
50 98
50 195
51 52
51 104
51 121
51 124
51 125
51 171
51 232
51 235
51 286
52 75
52 77
52 104
52 121
52 156
52 177
52 188
52 191
52 200
52 226
52 232
52 238
52 257
52 307
53 140
53 225
54 57
54 58
54 61
54 73
54 112
54 129
54 137
54 232
54 233
54 241
54 279
54 288
55 66
55 75
55 100
55 185
55 208
56 140
56 153
56 171
56 237
57 66
57 201
57 204
57 220
57 241
57 267
58 266
59 76
59 78
59 128
59 176
59 219
60 124
60 160
60 195
60 200
61 125
61 126
61 144
61 152
61 160
61 193
61 204
61 229
61 233
61 262
61 304
62 76
62 109
62 117
62 122
62 154
62 173
63 304
63 305
64 257
65 112
65 158
65 159
65 163
65 216
66 128
66 222
66 231
66 234
66 309
67 77
67 84
67 152
67 209
67 234
67 237
68 117
68 126
68 256
69 92
69 212
69 235
69 269
70 95
70 152
70 163
70 270
70 308
70 314
72 132
72 232
72 246
73 122
73 124
73 214
73 224
73 253
73 309
74 122
75 110
75 128
75 134
75 136
75 158
75 160
75 172
75 206
75 210
75 291
76 89
76 119
76 121
76 123
76 125
76 137
76 139
76 162
76 178
76 198
76 204
76 225
76 299
76 304
76 311
77 90
77 100
77 122
77 128
77 144
77 174
77 226
77 227
77 229
77 247
77 260
77 277
77 288
77 311
78 128
78 226
78 234
80 125
80 233
80 259
81 85
81 100
81 139
81 145
81 210
81 215
81 279
82 124
82 204
82 217
82 230
83 135
84 126
84 129
84 192
84 195
84 241
85 100
85 111
85 128
85 157
85 168
85 204
85 232
85 233
85 267
85 287
86 214
86 260
87 126
87 135
87 144
89 90
89 219
89 239
89 246
89 278
90 99
90 113
90 126
90 127
90 129
90 131
90 134
90 151
90 153
90 157
90 160
90 163
90 173
90 210
90 234
90 235
90 244
90 273
90 279
91 128
91 129
91 132
91 201
91 233
92 128
93 140
93 262
93 271
94 151
95 108
95 128
95 143
95 180
95 204
95 233
96 226
97 133
97 160
98 226
98 261
99 116
99 119
99 122
99 123
99 127
99 129
99 131
99 157
99 181
99 198
99 238
99 247
99 259
100 120
100 125
100 128
100 134
100 140
100 143
100 157
100 184
100 192
100 198
100 199
100 225
100 226
100 268
100 286
100 315
101 220
101 235
102 124
102 199
102 232
103 173
103 234
103 235
103 315
104 121
104 128
104 167
104 187
104 221
104 267
105 126
105 158
105 200
105 217
105 266
105 296
105 309
105 315
106 122
106 168
106 226
106 233
106 250
106 257
107 149
107 287
107 304
108 255
109 163
109 234
110 111
110 117
110 125
110 128
110 140
110 192
110 193
110 201
110 219
110 226
110 229
110 258
110 280
110 283
110 299
111 122
111 125
111 158
111 173
111 204
111 234
111 294
112 189
112 226
112 232
112 233
112 252
112 275
113 121
114 124
114 286
115 122
115 124
115 125
115 128
115 169
115 209
115 285
115 300
115 314
116 202
116 266
117 129
117 137
117 178
117 204
117 223
117 266
119 128
119 129
119 153
119 208
119 226
120 124
120 155
120 173
120 203
121 124
121 127
121 129
121 133
121 134
121 147
121 160
121 164
121 173
121 216
121 233
121 235
121 237
121 241
121 264
121 269
121 283
122 128
122 149
122 150
122 155
122 159
122 168
122 189
122 204
122 212
122 219
122 232
122 236
122 255
122 275
122 297
123 125
123 139
123 141
123 163
123 168
123 172
123 174
123 189
123 204
123 216
123 219
123 221
123 246
123 252
123 273
123 286
124 128
124 131
124 133
124 134
124 137
124 138
124 142
124 143
124 153
124 155
124 181
124 195
124 206
124 219
124 226
124 231
124 235
124 236
124 241
124 257
124 304
125 126
125 132
125 155
125 187
125 195
125 199
125 218
125 233
125 247
125 265
125 279
125 309
125 314
126 129
126 131
126 134
126 136
126 158
126 160
126 165
126 166
126 175
126 180
126 209
126 236
126 246
126 247
126 263
126 272
126 288
126 296
127 129
127 134
127 140
127 150
127 156
127 160
127 168
127 177
127 185
127 189
127 192
127 206
127 210
127 218
127 226
127 233
127 234
127 236
127 237
127 288
127 292
128 147
128 149
128 160
128 180
128 192
128 195
128 206
128 219
128 226
128 227
128 246
128 275
128 276
128 304
129 155
129 165
129 174
129 183
129 200
129 201
129 207
129 212
129 223
129 235
129 247
129 257
129 273
129 299
129 309
130 234
130 265
130 293
131 235
132 134
132 224
134 157
134 160
134 173
134 178
134 204
134 206
134 235
134 255
134 263
134 266
134 279
134 292
135 155
135 186
135 234
136 234
137 209
137 255
138 225
139 175
139 177
139 201
139 203
139 208
139 255
140 261
140 275
141 149
141 163
141 203
141 233
141 249
141 315
142 234
142 250
143 161
143 255
143 266
144 149
144 266
144 276
145 304
147 210
147 257
151 200
151 216
152 201
152 203
152 204
152 219
152 234
153 168
153 273
154 264
154 295
154 305
155 195
155 204
155 223
155 309
156 204
156 236
156 266
157 235
158 160
158 202
158 204
158 253
159 233
159 240
160 189
160 227
160 292
161 170
162 208
162 279
163 165
163 191
163 199
163 263
163 274
163 309
165 259
165 265
165 267
166 171
166 239
166 245
166 261
166 304
167 232
167 292
168 195
168 207
168 237
168 249
169 233
169 238
169 292
170 201
170 262
170 311
171 256
171 267
172 222
172 309
173 232
173 241
173 261
173 307
174 217
174 279
175 195
175 204
175 271
176 195
176 197
176 232
177 182
178 214
180 233
180 309
181 259
182 260
182 315
183 233
183 286
185 309
186 204
186 214
186 235
187 211
188 235
189 237
189 279
192 219
192 257
192 298
195 201
195 204
195 211
195 224
195 226
195 233
196 304
197 232
197 233
197 279
198 208
199 235
199 298
200 226
200 246
200 288
201 232
201 278
201 292
202 223
202 301
203 301
204 226
204 235
204 241
204 264
204 270
204 272
204 275
204 279
204 304
206 218
206 263
206 301
206 313
207 233
207 234
207 295
207 309
209 266
209 309
210 217
214 234
214 235
214 246
214 288
216 235
216 288
217 228
217 250
217 257
218 226
218 288
218 292
219 222
219 233
219 235
219 279
219 288
219 314
220 251
220 311
221 262
221 299
223 225
223 233
223 235
223 257
223 266
223 283
224 309
225 235
225 255
225 309
226 232
226 234
226 235
226 252
226 262
226 271
226 288
226 304
226 309
226 315
228 235
230 244
231 282
232 236
232 252
232 254
232 290
232 299
233 239
233 241
233 244
233 260
233 271
233 278
233 282
233 304
233 308
234 307
235 241
235 266
236 259
236 309
238 261
238 267
238 311
239 252
240 250
240 279
241 259
241 282
241 288
246 263
246 264
246 296
247 302
251 288
252 293
252 309
253 279
257 268
258 299
259 312
267 279
268 278
268 309
272 309
275 309
286 304
291 299
298 304
309 315
