0 36
0 89
0 106
0 162
0 221
0 263
1 6
2 10
2 27
2 36
2 40
2 55
2 104
2 105
2 122
2 123
2 185
2 198
2 266
2 278
3 90
3 106
3 153
3 155
3 207
3 309
4 90
4 100
4 116
4 125
4 128
4 180
4 234
4 308
4 309
5 22
5 26
5 28
5 46
5 70
5 74
5 98
5 99
5 105
5 110
5 121
5 134
5 185
5 214
5 277
5 291
5 309
6 41
6 61
6 69
6 73
6 121
6 174
6 310
7 80
7 104
7 105
7 111
7 119
7 124
7 126
7 128
7 172
7 234
7 247
7 264
8 34
8 104
8 142
8 219
8 234
9 15
9 74
9 134
9 163
9 209
9 235
9 271
10 40
10 128
10 135
10 151
10 168
10 170
10 215
10 220
10 226
10 229
10 268
10 283
11 90
11 232
11 304
12 77
12 102
12 127
12 198
12 204
12 220
12 232
13 53
13 80
13 82
13 122
13 135
13 139
13 163
13 168
13 171
13 196
13 197
13 212
13 253
13 264
14 80
14 207
14 219
14 258
14 266
15 163
16 124
16 126
16 160
16 177
16 204
16 241
17 22
17 76
17 96
17 121
17 133
17 134
17 182
17 187
17 209
17 217
17 222
17 283
17 302
18 42
18 75
18 99
18 129
18 131
18 164
18 191
18 208
18 221
18 226
18 246
18 247
19 24
19 82
19 99
19 122
19 168
20 36
20 40
20 105
20 128
20 140
20 260
20 261
20 299
21 26
21 40
21 108
21 232
21 292
22 134
22 139
22 160
22 216
22 217
22 241
23 77
23 86
23 91
23 96
23 99
23 152
23 183
23 220
23 225
23 236
23 239
23 269
24 30
24 31
24 77
24 88
24 111
24 123
24 128
24 130
24 148
24 210
24 212
24 226
24 264
25 100
25 128
25 255
25 266
25 281
26 99
26 122
26 124
26 128
26 139
26 167
26 260
26 303
27 52
27 90
27 226
27 278
28 52
28 111
28 119
28 124
28 126
28 129
28 182
29 31
29 36
29 56
29 101
29 125
29 126
29 203
29 206
29 243
29 283
30 34
30 223
31 127
31 141
31 193
31 222
31 280
32 61
32 86
32 126
32 128
32 259
33 110
33 121
33 182
33 234
33 266
34 115
34 134
34 158
34 295
35 82
35 84
35 100
35 107
35 122
35 127
35 129
35 134
35 163
35 199
35 206
35 215
35 221
35 252
35 271
35 291
35 304
36 41
36 55
36 72
36 84
36 116
36 124
36 206
36 280
37 88
37 89
37 104
37 129
37 140
37 234
37 240
37 260
38 151
38 198
39 57
39 100
39 104
39 105
39 134
39 197
39 229
39 248
39 253
39 261
40 68
40 75
40 90
40 97
40 151
40 189
40 197
40 204
40 206
40 219
40 226
40 272
40 286
40 304
40 308
40 309
41 61
41 121
41 126
41 127
41 185
41 195
41 249
41 253
41 300
41 304
42 81
42 100
42 106
42 113
42 125
42 126
42 128
42 132
42 133
42 211
42 247
42 272
42 273
43 122
43 211
43 309
44 121
44 197
44 232
44 283
46 84
46 124
46 152
46 292
48 95
49 61
49 81
49 122
49 129
49 158
49 160
49 193
49 204
50 191
50 287
51 52
51 59
51 122
51 125
51 132
51 178
51 200
51 235
51 241
51 258
52 82
52 104
52 121
52 143
52 181
52 233
52 257
52 264
52 313
53 124
53 154
54 100
54 121
54 122
54 249
54 296
55 77
55 100
55 249
55 257
55 312
56 111
56 124
56 125
56 182
56 202
56 233
56 252
57 76
57 81
57 143
57 192
57 207
58 204
59 66
59 76
59 78
59 89
59 159
59 225
60 98
60 127
60 139
60 201
60 218
61 80
61 125
61 137
61 182
62 76
62 103
62 105
62 122
62 123
62 125
62 215
63 146
63 204
64 85
64 120
64 124
64 209
65 121
65 127
65 139
65 192
65 193
66 67
66 137
66 194
67 93
67 271
67 304
68 163
68 164
69 98
69 235
70 99
70 122
70 126
70 200
70 204
70 229
70 247
72 85
72 117
72 162
72 189
72 197
72 219
72 239
72 308
72 309
73 87
73 125
73 129
73 173
73 198
73 213
73 292
74 112
74 189
74 190
74 218
74 233
75 95
75 103
75 117
75 121
75 128
75 162
75 202
75 252
75 288
75 313
76 90
76 107
76 122
76 126
76 134
76 199
76 214
76 231
76 233
76 239
76 248
76 251
76 253
76 261
77 90
77 104
77 115
77 116
77 133
77 134
77 206
77 209
77 211
77 232
77 236
77 240
77 266
78 147
79 127
79 140
79 147
79 226
80 147
80 201
80 210
80 216
80 219
80 223
80 288
80 309
81 106
81 121
81 123
81 197
81 264
82 210
82 240
82 274
82 291
83 129
83 204
83 257
84 149
84 151
84 169
84 186
84 203
84 313
85 102
85 115
86 104
86 137
86 139
86 168
87 115
87 122
87 134
87 141
87 163
87 198
87 209
87 233
88 99
88 110
89 167
89 209
89 219
90 100
90 122
90 123
90 125
90 126
90 148
90 185
90 199
90 235
90 257
90 263
90 276
90 304
91 126
91 254
91 281
91 296
92 122
92 127
92 183
92 266
93 138
93 194
93 241
93 278
94 104
94 200
94 218
95 185
95 194
95 195
95 200
95 225
95 232
95 241
95 257
96 134
96 197
96 211
96 259
97 130
98 122
98 123
98 201
98 221
98 253
98 304
99 123
99 124
99 128
99 129
99 134
99 155
99 182
99 185
99 226
99 233
99 276
99 282
99 285
99 286
99 301
100 103
100 122
100 123
100 129
100 134
100 147
100 157
100 173
100 207
100 220
100 230
100 233
100 259
102 105
102 207
102 229
102 241
102 266
102 309
103 121
103 181
103 253
104 105
104 126
104 139
104 187
104 257
104 258
105 123
105 155
105 162
105 201
105 225
105 232
105 234
106 121
106 158
106 177
106 201
106 203
106 261
106 271
107 162
107 167
107 258
107 262
108 225
108 267
109 111
110 128
110 129
110 139
110 212
110 219
110 275
110 309
111 112
111 134
111 207
111 222
111 223
111 233
112 128
112 154
112 230
113 126
114 168
115 175
115 176
116 122
116 226
117 121
117 123
117 126
117 237
118 181
119 128
119 252
119 272
120 125
120 203
120 279
121 124
121 125
121 131
121 138
121 163
121 168
121 196
121 204
121 207
121 225
121 232
121 241
121 266
121 267
121 280
121 297
122 127
122 129
122 134
122 140
122 156
122 157
122 173
122 186
122 187
122 205
122 210
122 215
122 220
122 226
122 233
122 254
122 259
122 264
122 279
122 286
122 309
122 310
123 126
123 131
123 139
123 185
123 192
123 215
123 220
123 232
123 233
123 234
123 238
123 264
123 273
123 288
123 309
124 125
124 129
124 133
124 165
124 169
124 198
124 203
124 212
124 215
124 217
124 234
124 241
124 251
124 266
124 268
124 279
125 127
125 131
125 144
125 146
125 159
125 162
125 163
125 180
125 221
125 226
125 230
125 233
125 236
126 127
126 132
126 160
126 173
126 174
126 196
126 206
126 212
126 220
126 221
126 226
126 232
126 233
126 240
126 262
126 272
126 278
126 288
126 299
127 129
127 141
127 160
127 166
127 170
127 173
127 176
127 188
127 194
127 226
127 232
127 233
127 235
127 237
127 267
127 283
128 131
128 142
128 144
128 168
128 173
128 177
128 188
128 234
128 235
128 243
128 246
129 132
129 134
129 135
129 139
129 161
129 192
129 220
129 226
129 236
129 288
129 298
129 308
130 259
130 266
131 215
131 219
131 266
132 192
133 134
133 157
133 167
133 204
133 232
133 266
133 286
134 148
134 170
134 186
134 233
134 241
134 264
134 280
134 294
134 309
135 143
135 171
135 195
135 201
135 272
135 274
136 169
137 266
137 271
137 279
138 163
138 208
138 223
138 283
139 158
139 267
139 271
140 177
140 188
140 239
140 241
140 297
140 309
142 160
143 147
143 177
144 167
144 202
144 204
145 266
146 254
147 207
147 209
147 279
148 207
148 289
149 202
149 212
149 221
150 224
151 227
151 232
151 243
151 266
151 276
152 181
152 232
153 165
153 201
154 179
154 224
155 157
155 165
155 173
155 200
155 218
155 233
155 252
155 257
155 291
156 208
156 247
157 195
157 269
157 304
158 218
158 279
159 168
159 169
159 174
159 257
160 204
160 223
160 258
160 293
160 304
160 309
161 267
161 293
162 279
162 288
163 183
163 200
164 172
164 181
164 234
165 228
165 279
166 233
167 221
168 174
168 195
168 204
168 226
168 227
168 252
168 283
169 207
169 246
169 276
169 297
170 200
170 203
170 204
171 262
172 232
172 271
173 201
173 215
173 266
174 266
174 294
175 216
175 236
175 286
177 199
177 279
178 235
178 262
180 198
180 232
180 246
180 252
180 309
181 273
181 279
181 302
182 215
182 238
182 239
182 264
183 185
183 228
183 235
184 236
185 204
186 235
186 241
187 226
188 226
188 308
188 313
189 269
190 279
192 279
192 302
193 304
195 219
195 272
195 279
195 299
195 304
197 286
197 295
199 261
201 223
201 233
201 234
201 309
202 204
204 212
204 234
204 307
206 208
206 219
206 267
206 314
207 215
207 244
207 267
208 220
209 234
209 283
210 234
210 247
212 232
212 288
213 234
214 219
214 265
214 292
214 315
215 229
217 266
219 238
219 249
219 250
219 262
219 283
219 288
219 291
220 266
220 311
221 227
221 261
221 287
223 232
223 237
223 266
223 283
224 259
224 267
224 311
226 231
226 234
226 236
226 255
226 293
226 309
227 235
228 238
228 244
230 235
232 233
232 272
232 310
233 235
233 241
233 249
233 262
233 289
234 240
234 241
234 245
235 246
235 265
235 304
235 310
238 283
239 246
239 312
241 263
241 266
246 267
247 275
247 307
249 282
252 267
253 272
255 295
259 304
261 263
261 266
261 268
265 271
268 276
271 304
274 277
275 309
277 292
279 280
280 309
281 296
282 314
304 311
