0 123
0 209
0 219
1 69
1 220
1 235
2 90
2 223
2 241
2 257
2 268
2 314
3 41
3 51
3 54
3 63
3 84
3 111
3 143
3 249
4 52
4 64
4 104
4 114
4 123
4 129
4 139
4 232
4 279
4 285
4 299
5 7
5 15
5 24
5 40
5 77
5 89
5 90
5 100
5 108
5 124
5 143
5 166
5 188
5 292
6 7
6 29
6 35
6 64
6 80
6 121
6 122
6 132
6 160
6 188
6 200
6 241
6 266
6 268
6 273
7 14
7 20
7 23
7 24
7 80
7 103
7 280
9 14
9 37
9 56
9 83
9 169
10 162
10 204
10 232
10 253
11 29
11 107
11 128
11 152
11 166
11 197
11 226
11 299
12 24
12 34
12 122
12 131
12 201
12 217
13 32
13 36
13 92
13 129
13 174
13 200
14 126
14 129
14 138
14 151
14 234
16 100
16 232
16 238
16 277
17 77
17 110
17 122
17 123
17 125
17 151
17 168
17 193
17 203
17 218
17 226
17 235
17 245
18 127
18 189
18 251
18 256
18 262
19 261
20 21
20 68
20 100
20 131
20 178
20 180
20 188
20 234
20 263
20 305
20 313
21 57
21 263
22 45
22 93
22 100
22 116
22 158
22 180
22 232
22 234
22 277
23 39
23 121
23 149
23 234
23 252
23 255
24 40
24 66
24 77
24 93
24 206
24 229
24 279
25 158
25 173
25 304
25 308
26 66
26 124
26 137
26 141
26 209
26 234
26 274
26 308
27 90
27 160
27 235
28 64
28 207
28 231
28 249
28 292
29 33
29 34
29 99
29 128
29 131
29 207
29 235
29 266
29 281
30 39
31 39
32 36
32 81
32 125
32 127
32 162
32 225
32 259
33 99
33 124
33 141
33 217
34 167
34 185
34 190
34 219
34 251
34 268
34 278
35 53
35 54
35 95
35 122
35 124
35 134
35 160
35 202
35 216
35 223
35 232
35 234
35 237
35 267
35 279
35 315
36 47
36 49
36 66
36 83
36 99
36 151
36 158
36 175
36 195
36 219
36 232
36 290
36 314
37 160
37 216
38 105
38 112
38 173
39 75
39 106
39 127
39 181
39 230
39 233
39 234
39 247
39 255
40 43
40 100
40 119
40 158
40 163
40 192
40 220
40 226
40 232
41 123
41 128
41 170
41 267
42 99
42 106
42 128
42 162
42 218
42 219
42 243
42 297
42 309
43 76
43 152
43 265
43 278
44 80
44 130
44 144
44 171
44 227
46 200
47 73
47 128
47 149
48 241
49 125
49 126
50 78
50 184
50 215
50 259
51 133
51 233
51 235
51 253
51 286
52 85
52 160
52 177
52 183
52 220
52 227
52 232
52 233
52 260
52 280
52 314
53 229
53 235
54 94
54 124
54 126
54 155
54 175
54 180
54 206
54 215
54 279
55 90
55 122
55 143
55 160
55 166
55 180
56 95
56 121
56 131
56 134
56 135
56 149
56 151
56 241
57 105
57 106
57 201
57 277
58 63
58 121
58 199
59 67
59 90
59 125
59 126
59 128
59 142
59 148
59 162
59 220
59 269
59 304
60 124
60 140
60 143
60 159
60 187
61 123
61 150
61 219
62 115
62 233
62 234
63 195
64 80
64 84
65 122
66 75
66 204
66 205
66 266
67 99
67 121
67 128
67 142
67 180
68 84
69 85
69 124
69 168
69 235
70 84
70 218
70 288
70 298
71 128
71 204
72 89
72 121
72 128
72 304
73 76
73 124
73 125
73 137
73 140
73 155
73 241
73 276
73 297
73 308
74 147
74 233
74 255
75 121
75 134
75 145
75 195
75 225
75 233
75 234
75 238
75 307
75 309
76 121
76 122
76 124
76 209
76 224
76 235
76 246
76 257
77 111
77 121
77 122
77 123
77 134
77 217
77 243
77 268
77 282
78 82
79 153
79 160
79 186
79 283
80 124
80 127
80 239
80 295
81 122
81 245
82 243
83 85
83 90
83 106
83 123
83 233
83 313
84 100
84 121
84 134
84 158
84 259
84 296
85 100
85 113
85 160
85 219
85 227
85 238
85 267
86 91
86 106
86 162
86 241
87 227
87 268
88 103
88 122
88 313
89 106
89 116
89 187
89 219
90 92
90 121
90 124
90 125
90 130
90 134
90 203
90 208
90 220
90 223
90 232
90 253
90 278
90 282
90 291
91 124
91 171
92 144
94 126
94 183
94 309
95 115
95 123
95 135
95 174
95 187
96 204
96 241
97 108
97 168
97 315
98 122
98 149
98 195
98 232
98 258
98 282
99 122
99 123
99 124
99 160
99 183
99 187
99 189
99 193
99 221
99 228
99 232
99 233
99 267
99 293
99 309
100 116
100 125
100 135
100 140
100 143
100 146
100 162
100 166
100 168
100 172
100 198
100 202
100 204
100 207
100 221
100 222
100 226
100 232
100 236
100 246
100 249
100 268
100 269
100 271
101 124
101 232
101 235
102 125
102 134
102 143
102 292
103 122
103 123
103 124
103 191
104 124
104 232
104 309
105 121
105 134
105 146
105 165
105 246
105 258
106 192
106 206
106 265
106 309
107 124
107 159
107 235
107 309
108 110
108 124
108 171
109 110
109 121
109 209
110 125
110 126
110 142
110 164
110 186
110 195
110 233
110 266
110 291
110 293
110 314
111 140
111 199
111 223
111 232
111 234
111 266
111 273
111 309
112 140
112 200
113 188
113 195
113 204
113 246
113 282
115 207
115 226
115 234
115 238
115 246
115 283
116 173
116 235
117 125
117 139
117 151
117 208
117 219
117 226
117 239
117 260
119 122
119 147
119 276
120 126
120 142
120 193
120 274
120 313
121 122
121 123
121 124
121 126
121 137
121 149
121 173
121 174
121 175
121 185
121 188
121 190
121 215
121 217
121 233
121 235
121 241
121 252
121 261
121 283
121 298
122 130
122 143
122 162
122 173
122 175
122 187
122 189
122 206
122 212
122 217
122 235
122 241
122 255
122 257
122 267
123 127
123 128
123 134
123 147
123 167
123 188
123 199
123 200
123 204
123 212
123 231
123 233
123 235
123 236
123 241
123 268
124 126
124 135
124 147
124 169
124 173
124 180
124 181
124 202
124 204
124 217
124 219
124 233
124 234
124 253
124 262
124 305
124 309
125 128
125 138
125 143
125 199
125 215
125 221
125 226
126 127
126 128
126 134
126 135
126 139
126 153
126 158
126 182
126 185
126 200
126 212
126 235
126 239
126 264
126 267
126 286
126 309
126 314
127 129
127 134
127 137
127 164
127 171
127 183
127 185
127 189
127 198
127 200
127 209
127 215
127 241
127 259
127 305
127 308
128 148
128 168
128 172
128 173
128 189
128 201
128 204
128 206
128 234
128 237
128 263
128 292
129 153
129 172
129 185
129 191
129 200
129 201
129 204
129 209
129 224
129 232
129 264
129 304
129 314
131 143
131 162
131 306
132 180
133 139
133 232
134 140
134 156
134 158
134 169
134 202
134 217
134 229
134 238
134 264
134 279
135 232
135 234
135 235
135 304
136 182
137 204
137 205
138 154
138 241
138 266
139 208
139 235
139 262
139 267
139 273
139 310
140 263
140 304
141 201
141 232
141 259
141 286
142 210
143 173
144 233
145 151
146 147
146 274
148 151
148 231
149 199
149 265
151 185
151 225
151 235
152 223
152 252
153 204
153 226
153 227
153 233
153 243
154 194
154 233
154 280
155 189
155 204
155 266
155 290
155 309
156 158
156 217
156 246
156 253
156 305
157 241
157 267
157 309
158 219
158 226
158 266
158 304
159 293
160 204
162 165
162 216
162 219
163 174
163 204
163 238
163 276
165 183
165 212
165 218
165 275
166 234
166 235
166 273
166 304
166 314
167 233
168 176
168 189
168 227
168 278
168 302
169 286
170 216
170 268
171 191
172 218
172 233
173 192
173 267
173 279
173 312
174 232
174 261
174 273
174 309
175 243
176 233
178 238
179 231
180 183
180 191
180 201
180 220
180 232
180 254
180 300
181 281
182 206
182 218
182 312
185 234
186 201
187 216
187 279
188 233
188 255
189 243
189 261
189 264
189 266
189 308
190 231
191 225
192 226
193 235
193 309
194 215
194 240
195 201
195 221
197 274
198 226
199 204
199 281
200 232
201 212
201 299
202 257
202 299
203 304
204 206
204 215
204 221
204 232
204 233
204 267
204 292
204 297
205 276
206 263
206 276
207 215
207 219
207 235
207 286
207 294
208 232
208 235
208 241
208 273
208 307
209 313
210 220
210 226
211 221
211 236
212 259
213 233
213 235
214 266
214 302
215 311
216 226
216 232
216 279
217 252
218 222
218 238
218 240
219 237
219 240
219 243
221 234
221 315
222 232
223 241
223 289
223 292
225 243
226 239
226 257
226 262
226 297
226 301
228 279
228 281
229 231
229 307
229 313
231 236
231 286
232 234
232 235
232 237
232 255
232 266
232 267
232 286
233 234
233 235
233 247
233 265
234 271
234 292
234 299
234 309
235 238
235 273
238 254
238 279
239 274
240 247
246 268
246 286
246 309
247 279
250 267
252 309
253 305
257 294
259 264
261 263
261 309
262 309
264 271
264 273
264 309
266 272
266 299
269 280
273 304
275 279
275 292
276 309
280 309
303 309
