0 55
0 57
0 75
0 124
0 229
0 259
0 266
0 275
1 36
1 115
1 123
1 199
1 234
2 100
2 121
2 124
2 131
2 144
2 195
2 217
2 232
2 241
3 99
3 100
3 121
3 128
3 134
3 162
3 259
4 19
4 110
4 121
4 134
4 192
4 207
4 295
5 17
5 81
5 125
5 134
5 140
5 166
5 174
5 185
5 195
5 293
5 304
5 309
6 15
6 35
6 65
6 76
6 83
6 125
6 266
7 26
7 95
7 98
7 116
7 151
7 193
7 232
7 235
7 308
9 126
9 141
9 204
9 224
10 32
10 85
10 118
10 121
10 128
10 153
10 195
10 232
11 106
11 158
11 246
12 35
12 52
12 65
12 111
12 126
12 163
12 246
12 277
13 21
13 53
13 175
13 195
13 199
13 219
13 233
13 309
14 24
14 35
14 66
14 186
14 222
14 234
14 235
14 279
14 286
15 40
15 88
15 99
15 123
16 112
16 122
17 42
17 51
17 77
17 104
17 116
17 121
17 182
17 188
17 204
17 249
17 258
17 263
17 297
18 35
18 40
18 75
18 80
18 179
18 226
18 290
19 149
19 292
20 42
20 122
20 128
20 160
20 215
20 304
21 133
21 202
21 231
21 282
21 301
22 34
22 54
22 69
22 80
22 106
22 124
22 137
22 200
23 119
23 122
23 126
23 158
23 162
23 241
23 269
23 282
24 89
24 142
24 143
24 170
24 173
24 175
24 209
24 257
25 70
25 156
25 188
26 31
26 304
27 120
27 121
27 309
28 34
28 49
28 54
28 84
28 90
28 122
28 127
28 130
28 223
28 307
29 52
29 82
29 122
29 246
29 280
29 309
30 241
31 59
31 78
31 233
32 51
32 171
32 192
32 265
33 77
33 314
34 57
34 124
34 126
34 151
34 233
34 304
35 62
35 77
35 81
35 114
35 128
35 163
35 196
35 236
35 264
35 266
35 274
35 279
36 62
36 72
36 77
36 78
36 98
36 134
36 201
36 203
36 231
36 232
36 246
36 289
36 309
37 100
37 232
37 255
38 90
38 160
38 219
38 304
39 40
39 51
39 85
39 127
39 140
39 178
39 283
39 296
40 81
40 85
40 90
40 125
40 134
40 140
40 173
40 174
40 179
40 217
40 218
40 224
40 226
40 232
40 233
40 267
41 52
41 77
41 106
41 138
41 144
41 174
41 186
41 226
41 234
41 238
41 241
41 245
42 83
42 84
42 90
42 99
42 125
42 129
42 135
42 173
42 201
43 51
43 89
43 127
43 178
43 226
43 257
44 100
44 156
45 253
46 95
47 128
47 233
47 236
47 255
47 309
48 62
48 99
48 235
48 282
49 51
49 125
49 168
49 232
49 304
50 177
50 196
51 100
51 123
51 163
51 226
51 273
51 292
52 65
52 91
52 126
52 143
52 172
52 185
52 232
52 268
52 292
53 122
53 123
54 95
54 111
54 236
55 118
55 216
56 77
56 105
56 117
56 227
56 233
56 241
56 246
56 250
57 85
57 99
57 121
57 188
57 307
58 180
58 186
58 232
59 96
59 107
59 120
59 160
59 174
59 212
59 219
59 221
60 129
60 217
61 198
61 217
61 309
62 139
62 166
62 264
62 286
63 199
63 233
63 267
64 166
65 128
65 180
65 214
66 76
66 119
66 128
66 226
66 238
66 241
66 266
66 304
67 84
67 111
68 76
68 95
68 154
68 304
69 76
69 196
69 221
69 232
69 263
69 273
70 89
70 90
70 91
70 226
71 125
71 129
71 236
72 113
72 123
72 144
72 212
72 264
72 278
73 117
73 166
73 246
73 264
73 267
73 288
73 297
74 105
74 126
75 123
75 126
75 127
75 141
75 188
75 224
75 268
75 279
75 297
76 90
76 97
76 114
76 125
76 126
76 128
76 132
76 142
76 167
76 173
76 180
76 201
76 215
76 217
76 230
76 235
76 275
76 298
77 102
77 125
77 132
77 140
77 158
77 160
77 189
77 222
77 223
77 226
77 236
77 249
77 255
77 257
77 264
77 271
77 273
78 154
78 204
79 122
79 123
79 257
80 125
80 127
80 164
80 176
80 249
80 279
80 293
80 310
80 312
81 90
81 173
81 203
81 260
82 121
82 168
83 134
83 139
83 282
84 112
84 123
84 129
84 135
84 168
84 202
85 125
85 132
85 162
85 192
85 193
85 199
85 202
85 221
85 235
85 248
86 122
86 143
86 189
87 173
87 233
88 121
88 129
88 132
88 233
88 302
88 304
89 93
89 96
89 106
89 121
89 125
89 282
89 285
90 119
90 124
90 125
90 129
90 135
90 163
90 168
90 183
90 185
90 206
90 212
90 235
90 266
90 279
90 280
90 298
91 121
91 163
91 201
92 180
93 126
93 160
93 215
93 279
93 282
93 313
94 134
95 104
95 110
95 125
95 129
95 147
95 195
95 198
95 309
95 315
96 122
97 271
98 105
98 200
98 233
98 237
98 304
99 100
99 117
99 123
99 181
99 232
99 279
99 304
100 112
100 122
100 125
100 126
100 129
100 134
100 136
100 180
100 199
100 204
100 235
100 238
100 239
100 266
100 267
100 279
101 137
101 152
102 219
103 111
103 273
104 126
104 159
104 201
104 212
104 241
105 125
105 126
105 170
105 264
105 266
106 127
106 128
106 151
106 196
106 220
106 267
106 279
106 285
107 122
107 192
107 289
108 134
108 135
108 143
108 148
108 304
110 143
110 166
110 180
110 263
111 123
111 201
111 203
111 210
111 220
111 251
111 266
112 117
112 121
112 125
112 135
112 182
112 233
113 277
113 309
114 121
114 128
114 169
114 185
114 241
115 206
115 231
115 232
115 234
115 283
116 259
116 264
117 168
117 201
117 209
117 224
117 235
118 166
118 175
119 141
120 233
121 124
121 125
121 126
121 128
121 140
121 144
121 149
121 192
121 196
121 198
121 210
121 217
121 222
121 225
121 228
121 234
121 235
121 238
121 268
121 271
121 302
121 303
121 304
121 314
122 123
122 124
122 125
122 127
122 129
122 131
122 134
122 137
122 140
122 143
122 154
122 160
122 173
122 183
122 188
122 189
122 202
122 211
122 235
122 236
122 257
122 259
122 264
122 266
122 282
122 288
122 304
122 305
123 125
123 127
123 155
123 188
123 219
123 222
123 223
123 226
123 235
123 248
123 267
123 273
123 303
123 309
123 314
124 125
124 126
124 127
124 128
124 129
124 134
124 156
124 165
124 182
124 195
124 204
124 232
124 240
124 253
124 304
124 313
125 127
125 128
125 129
125 160
125 169
125 175
125 193
125 204
125 219
125 241
125 246
125 252
125 253
125 257
125 262
125 266
125 267
125 273
125 278
125 283
125 286
125 287
125 297
125 304
125 309
125 315
126 130
126 134
126 160
126 167
126 204
126 206
126 214
126 223
126 228
126 232
126 264
126 293
126 314
127 133
127 134
127 159
127 168
127 172
127 192
127 218
127 219
127 244
127 250
127 261
127 263
127 296
127 313
128 140
128 146
128 155
128 177
128 182
128 183
128 188
128 193
128 208
128 221
128 223
128 233
128 234
128 280
128 286
128 314
129 134
129 144
129 152
129 153
129 168
129 195
129 201
129 206
129 234
129 237
129 240
129 271
129 297
129 299
130 195
130 235
130 241
131 208
131 219
133 166
134 189
134 204
134 234
134 235
134 284
135 195
136 158
136 234
136 291
137 143
137 257
137 309
138 144
138 204
138 282
139 154
139 233
139 234
139 244
139 257
139 279
139 287
139 300
140 149
140 202
140 204
140 233
140 234
140 241
140 259
140 299
140 304
140 305
140 309
141 206
141 308
142 168
142 216
142 220
142 221
143 192
143 241
143 267
144 236
144 285
144 309
145 223
145 302
146 218
146 234
146 261
146 275
146 298
147 192
147 221
147 260
147 289
148 234
148 275
148 279
149 203
149 206
149 234
150 194
151 155
151 233
151 309
152 259
153 234
153 252
153 265
154 192
154 207
154 259
155 173
155 199
155 256
157 182
157 216
157 232
158 206
158 252
158 269
158 286
158 304
158 305
159 234
159 274
160 174
160 223
160 245
160 264
160 279
160 310
161 309
163 226
163 233
163 307
163 315
164 168
164 216
164 225
164 258
165 251
166 206
166 227
166 228
166 233
166 280
167 232
168 203
168 280
168 308
170 247
170 261
170 271
170 285
170 296
170 315
171 203
171 235
172 204
172 276
173 186
173 235
173 262
174 240
174 263
174 267
178 216
178 259
178 274
178 279
180 191
180 243
180 279
180 309
181 233
181 266
182 209
182 226
183 207
183 233
183 237
183 271
183 304
185 212
186 196
186 235
187 189
187 266
188 228
188 233
189 199
189 207
189 257
190 201
190 292
192 209
193 231
195 208
195 254
196 238
196 253
196 288
197 266
198 257
199 309
200 203
200 235
200 265
200 292
200 296
201 223
201 224
201 234
201 237
201 240
201 241
201 309
202 236
202 264
204 221
204 226
204 255
204 275
204 299
204 304
206 226
206 286
206 314
207 248
207 302
208 216
209 247
210 235
210 258
210 304
212 224
212 229
212 233
212 234
214 289
215 233
216 218
216 233
216 271
216 286
216 297
216 300
216 309
218 236
218 304
219 221
219 232
219 235
219 240
219 258
219 268
220 306
221 257
223 252
223 253
224 225
224 226
226 234
226 246
226 251
226 253
226 279
226 284
227 271
228 233
228 314
231 232
231 288
232 233
232 234
232 296
232 303
232 309
232 313
233 234
233 266
233 292
233 313
234 235
234 264
235 247
235 250
235 259
235 265
235 304
236 264
236 283
236 294
236 303
237 263
238 251
239 279
240 247
240 279
241 266
241 279
241 291
244 314
246 253
246 279
250 278
253 284
253 286
255 261
255 286
257 309
258 313
259 294
260 261
262 271
262 288
263 297
264 285
266 271
266 309
267 300
267 309
267 310
269 275
276 309
278 304
288 306
291 309
295 309
