0 5
0 76
0 147
0 151
1 206
2 36
2 40
2 122
2 127
2 140
2 141
2 172
2 183
2 203
2 223
2 233
2 286
3 20
3 75
3 81
3 106
3 129
3 186
3 188
3 191
3 199
3 233
3 301
3 304
4 7
4 77
4 106
4 128
4 266
4 300
5 20
5 30
5 67
5 80
5 111
5 127
5 165
5 166
5 201
5 206
5 230
5 233
5 280
5 309
6 7
6 44
6 175
6 206
6 226
6 260
6 310
7 10
7 17
7 35
7 43
7 56
7 95
7 145
7 156
7 158
7 170
7 175
7 192
7 241
8 36
8 39
9 36
9 41
9 105
9 107
9 195
9 209
9 226
9 251
10 64
10 90
10 95
10 121
10 169
10 233
10 287
10 304
11 181
12 26
12 101
12 129
12 205
12 228
12 242
12 263
13 40
13 60
13 128
13 154
13 190
13 204
13 223
13 246
13 299
14 75
14 100
14 124
14 126
14 214
14 259
14 289
15 108
15 124
15 127
15 134
15 151
15 196
16 56
16 61
16 122
16 151
17 21
17 40
17 101
17 127
17 158
17 169
17 170
17 202
17 217
17 221
17 240
17 279
17 304
18 166
18 182
18 246
18 253
19 47
19 81
19 98
20 26
20 77
20 85
20 96
20 120
20 122
20 123
20 134
20 142
20 180
20 209
20 257
20 261
20 280
20 287
21 73
21 151
21 185
22 56
22 110
22 125
22 173
22 232
22 234
22 250
23 42
23 81
23 84
23 117
23 125
23 180
23 212
23 214
23 223
23 234
23 309
24 59
24 66
24 96
24 127
24 202
24 203
24 228
24 292
25 43
25 56
25 180
25 257
27 35
27 57
27 80
27 90
27 117
27 126
27 234
28 91
28 119
28 121
28 129
28 133
28 139
28 151
28 198
28 301
29 66
29 73
29 77
29 110
29 117
29 122
29 160
29 235
29 309
31 99
31 128
31 220
31 247
31 259
31 266
31 273
32 77
32 92
32 148
32 199
32 255
33 67
33 77
33 129
33 142
33 203
33 204
33 267
33 279
34 40
34 54
34 55
34 93
34 101
34 112
34 189
34 202
35 39
35 55
35 67
35 77
35 83
35 121
35 127
35 134
35 146
35 153
35 180
35 189
35 201
35 209
35 219
35 228
35 233
35 234
35 282
36 89
36 100
36 128
36 193
36 232
36 235
36 243
37 50
37 110
37 129
37 192
37 219
37 226
37 233
38 128
38 217
38 296
39 57
39 71
39 128
39 134
39 139
39 219
39 240
39 241
39 280
39 309
40 58
40 78
40 85
40 104
40 105
40 123
40 129
40 134
40 180
40 181
40 191
40 198
41 123
41 126
41 252
42 85
42 100
42 125
42 126
42 127
42 193
42 210
42 221
43 159
43 247
43 262
43 264
44 123
44 129
44 137
44 193
44 266
45 123
46 76
46 142
46 233
46 274
48 207
49 129
49 180
49 236
49 268
49 279
49 315
50 128
50 214
50 263
50 275
51 122
51 128
51 165
51 169
51 229
51 239
51 292
52 106
52 128
52 135
52 137
52 189
52 212
52 232
52 233
52 234
52 249
53 151
54 85
54 86
54 100
54 168
54 176
54 188
55 99
55 127
55 155
55 204
56 121
56 125
56 160
56 181
56 206
56 209
57 78
57 100
57 125
57 209
57 233
57 259
57 307
58 266
59 136
59 175
59 205
59 206
59 232
59 241
59 274
61 80
61 83
61 119
61 140
62 122
62 201
62 244
62 307
64 77
64 166
64 239
65 115
65 124
65 205
66 90
66 201
66 209
66 217
66 233
66 264
66 292
67 89
67 102
67 123
67 124
67 280
67 299
69 125
69 223
69 233
70 76
70 94
70 124
70 173
70 219
71 152
71 207
72 125
72 136
72 266
72 299
73 119
73 123
73 155
73 192
73 234
73 266
73 276
74 77
74 115
74 127
74 147
74 172
74 220
74 232
74 279
74 315
75 97
75 122
75 125
75 288
76 77
76 110
76 113
76 115
76 122
76 168
76 206
76 232
76 241
76 276
76 278
76 283
76 288
76 309
76 313
77 84
77 85
77 125
77 171
77 178
77 189
77 192
77 226
77 227
77 234
77 235
77 309
78 90
78 206
78 286
79 96
79 174
79 292
80 107
80 129
80 223
80 226
81 90
81 141
81 156
81 166
81 201
82 99
82 120
82 240
83 88
83 235
83 274
83 291
83 313
84 93
84 124
84 127
84 128
84 158
84 180
84 189
84 201
84 235
84 259
84 302
85 90
85 134
85 154
85 235
85 304
85 310
85 311
86 100
86 128
86 259
86 309
87 121
87 228
88 189
88 240
89 127
89 194
89 206
89 218
89 219
89 313
90 113
90 135
90 167
90 218
90 220
90 235
90 260
90 286
90 299
90 309
91 97
91 128
91 224
91 226
91 284
91 293
91 301
92 111
92 157
92 235
92 266
93 95
93 114
93 134
93 217
93 266
93 305
94 112
94 175
95 122
95 126
95 160
95 174
95 178
95 232
95 233
95 258
95 304
96 125
96 166
96 195
96 233
97 149
97 281
98 126
98 134
98 142
98 226
98 232
98 238
98 245
99 100
99 123
99 124
99 125
99 135
99 155
99 173
99 174
99 177
99 195
99 209
99 216
99 217
99 240
99 262
99 308
100 111
100 121
100 122
100 127
100 129
100 135
100 143
100 161
100 163
100 170
100 173
100 188
100 192
100 200
100 204
100 226
100 228
100 233
100 241
100 261
100 285
101 236
102 123
102 173
102 233
102 276
103 186
103 204
103 309
104 124
104 156
104 234
105 120
105 128
105 163
105 183
106 152
106 163
106 167
106 219
106 234
106 266
106 274
107 127
107 147
107 233
107 288
107 304
107 310
108 134
108 208
108 232
108 292
109 258
110 117
110 123
110 124
110 187
110 191
110 199
110 201
110 216
110 223
110 241
110 286
110 309
111 123
111 157
111 214
111 312
112 122
112 127
112 200
112 204
112 210
112 288
112 302
113 125
113 128
113 129
113 191
113 226
113 236
114 219
114 292
114 309
115 122
115 175
115 204
115 223
115 271
115 292
116 176
116 223
117 122
117 124
117 135
117 193
117 226
117 252
117 260
117 270
117 304
118 123
119 233
120 127
120 151
120 196
121 122
121 124
121 134
121 140
121 169
121 180
121 200
121 204
121 218
121 219
121 233
121 241
121 246
121 257
121 267
121 268
121 277
121 280
121 309
122 126
122 127
122 128
122 136
122 141
122 147
122 150
122 157
122 164
122 172
122 173
122 174
122 199
122 210
122 233
122 292
122 294
122 304
122 305
122 309
123 142
123 146
123 174
123 177
123 199
123 208
123 226
123 231
123 232
123 233
123 252
123 266
123 268
123 282
123 285
124 125
124 129
124 176
124 186
124 195
124 204
124 235
124 253
124 267
124 276
124 309
125 126
125 133
125 134
125 139
125 145
125 149
125 152
125 153
125 162
125 163
125 171
125 185
125 186
125 223
125 233
125 235
125 243
125 261
125 275
125 292
125 296
125 303
126 148
126 172
126 179
126 189
126 204
126 209
126 218
126 234
126 236
126 285
126 309
127 140
127 146
127 157
127 162
127 163
127 178
127 192
127 235
127 241
127 248
127 249
127 304
127 309
128 131
128 134
128 157
128 165
128 168
128 201
128 205
128 210
128 221
128 228
128 233
128 234
128 252
128 255
128 268
128 280
128 298
129 134
129 143
129 165
129 195
129 210
129 227
129 235
129 283
129 294
129 299
129 304
130 200
130 201
130 204
130 233
130 266
131 166
131 210
131 220
131 234
131 243
131 279
132 137
133 134
134 159
134 171
134 186
134 189
134 197
134 198
134 201
134 204
134 233
134 247
134 261
134 271
134 309
135 147
135 153
135 159
135 206
135 255
135 267
135 292
135 302
136 160
137 185
137 228
137 230
137 233
137 246
137 291
137 298
138 204
138 220
138 221
139 143
139 239
139 259
140 203
140 204
140 264
140 302
141 154
141 207
142 162
142 180
143 309
144 169
144 264
144 278
145 209
147 204
147 288
148 169
149 174
150 189
150 210
151 163
151 206
151 260
152 233
153 175
153 219
154 309
156 168
156 196
156 201
156 312
157 176
157 207
157 219
157 236
157 274
158 193
158 228
158 250
159 166
159 244
159 283
160 176
160 194
160 232
160 234
160 235
160 252
160 296
162 180
162 195
162 214
162 218
163 168
163 262
163 267
164 204
165 189
165 195
165 201
165 236
165 239
165 288
165 309
166 180
167 236
167 274
168 253
168 259
168 268
169 185
169 263
170 206
171 223
171 246
171 274
172 237
172 286
173 208
173 233
174 188
174 249
174 264
175 235
175 238
176 237
176 292
177 214
177 236
177 237
178 229
178 232
178 247
179 234
180 200
180 223
180 309
181 232
182 246
183 220
183 238
185 221
185 279
185 288
186 220
187 195
187 237
188 202
188 221
189 221
189 232
189 234
190 201
192 216
192 253
192 292
193 289
195 233
196 279
196 313
197 273
198 224
198 257
198 309
200 201
200 221
201 233
201 235
201 240
201 280
201 304
202 215
202 267
204 210
204 216
204 266
205 219
206 218
206 240
206 309
206 311
207 217
207 233
208 314
209 236
209 244
209 311
210 279
211 247
212 236
214 234
215 266
216 236
216 241
216 245
216 262
216 313
217 243
218 246
218 268
218 275
219 222
219 232
219 233
219 235
219 309
219 310
219 315
220 236
220 266
220 312
221 267
222 228
222 279
223 225
223 232
224 233
224 298
225 304
226 297
226 302
226 304
227 235
230 234
231 240
231 313
232 233
232 235
232 238
232 239
232 252
232 279
232 285
232 289
232 309
233 234
233 241
233 283
233 309
234 238
234 240
234 253
234 309
235 249
236 285
236 292
238 245
238 279
239 288
241 272
243 266
246 292
249 266
249 295
252 274
253 309
255 259
255 304
258 299
258 304
259 292
260 307
261 306
262 268
262 304
263 265
266 285
266 286
266 304
266 305
268 273
271 309
272 284
273 283
276 308
280 309
294 310
304 309
311 314
