0 99
0 113
0 140
0 219
0 226
0 227
1 30
1 112
1 187
1 200
1 204
1 309
2 121
2 186
2 205
3 18
3 100
3 110
3 179
3 180
3 237
3 241
3 266
3 314
4 35
4 51
4 78
4 98
4 100
4 127
4 129
4 157
4 160
4 237
4 258
4 301
4 309
5 18
5 20
5 32
5 43
5 55
5 73
5 122
5 134
5 206
5 208
5 232
5 233
5 238
5 252
5 304
5 314
6 64
6 88
6 103
6 106
6 121
6 181
6 185
6 200
6 206
6 246
6 253
7 9
7 28
7 40
7 71
7 76
7 109
7 121
7 124
7 126
7 127
7 141
7 182
7 200
7 276
7 280
8 79
8 234
9 29
9 56
9 129
9 183
9 236
9 294
10 72
10 122
10 127
10 186
10 246
11 121
11 200
11 265
11 309
12 40
12 52
12 62
12 122
12 129
12 134
12 204
13 52
13 90
13 95
13 108
13 121
13 126
13 151
13 160
13 181
13 267
13 299
14 29
14 112
14 124
14 161
14 186
14 198
14 304
15 120
15 286
16 22
16 33
16 47
16 66
16 86
16 124
17 66
17 127
17 161
17 185
17 200
17 214
17 224
17 234
17 235
17 265
17 303
18 41
18 75
18 168
18 207
18 235
19 33
19 124
19 233
19 235
19 304
20 24
20 90
20 104
20 160
20 178
20 209
20 246
20 279
20 301
21 76
21 121
21 141
21 224
21 302
22 173
22 188
22 206
22 259
23 29
23 67
23 122
23 141
23 168
23 195
23 235
24 41
24 54
24 75
24 88
24 117
24 139
24 190
24 237
26 52
26 126
26 169
26 273
26 304
27 77
27 111
27 128
27 129
27 226
28 36
28 123
28 128
28 137
28 160
28 232
28 233
28 279
29 37
29 115
29 155
29 162
29 265
29 275
29 287
30 183
30 220
30 266
31 113
31 129
31 228
31 274
32 122
32 137
32 233
32 235
32 242
33 129
33 137
33 197
33 233
34 56
34 125
34 128
34 131
34 153
34 229
34 230
34 241
34 243
35 40
35 43
35 85
35 97
35 99
35 111
35 121
35 223
35 234
35 279
35 293
35 298
36 107
36 128
36 194
36 195
36 201
36 204
36 207
36 233
36 237
36 241
36 287
36 309
36 314
37 75
37 99
37 106
37 117
37 128
37 169
37 265
37 267
37 279
37 309
38 52
38 66
38 121
38 127
38 128
38 188
39 77
39 124
39 169
39 234
39 242
39 261
39 291
40 44
40 63
40 90
40 125
40 148
40 151
40 163
40 180
40 209
40 222
40 240
40 241
40 271
40 313
41 52
41 83
41 147
41 197
41 285
42 83
42 97
42 111
42 120
42 132
42 155
42 168
43 100
43 160
43 234
43 287
44 85
44 180
44 209
44 219
44 234
45 49
45 123
45 173
45 188
45 233
45 285
46 110
46 169
47 144
47 228
48 143
48 158
48 218
48 236
49 68
49 90
49 174
49 307
50 90
50 110
50 212
50 232
51 61
51 75
51 122
51 127
51 128
51 134
51 160
51 178
51 217
51 245
51 263
52 72
52 95
52 104
52 117
52 134
52 204
52 231
52 235
53 90
53 134
53 192
53 202
53 250
53 279
54 90
54 98
54 103
54 104
54 124
54 127
54 144
54 168
54 312
55 126
55 127
55 165
55 167
55 206
55 304
56 75
56 144
56 184
56 206
56 234
57 121
57 123
57 134
57 188
58 113
58 189
59 70
59 105
59 127
59 128
59 158
59 264
59 267
60 61
60 189
60 212
61 84
61 183
61 193
61 235
63 85
63 171
65 79
65 85
65 105
65 152
66 68
66 100
66 209
66 240
67 109
68 90
68 104
68 121
68 139
68 285
69 123
69 240
69 298
70 99
70 126
70 273
70 287
71 128
71 193
71 203
71 247
71 294
72 82
72 127
72 159
72 164
72 197
72 216
72 264
72 276
72 297
73 74
73 126
74 243
74 254
74 267
75 76
75 98
75 100
75 115
75 138
75 171
75 181
75 198
75 305
76 77
76 112
76 123
76 129
76 142
76 162
76 168
76 173
76 218
76 226
76 234
76 237
76 238
76 265
76 266
76 295
76 305
77 102
77 115
77 123
77 125
77 129
77 135
77 197
77 221
77 232
77 234
77 264
77 305
78 131
78 201
79 127
79 129
79 138
79 286
80 121
80 123
80 124
80 166
80 171
80 223
80 284
81 243
82 91
82 192
82 219
82 263
83 150
83 175
83 221
84 104
84 159
84 206
84 281
84 286
85 121
85 134
85 137
85 160
85 171
85 222
85 234
85 266
86 97
86 123
86 127
86 130
87 123
87 129
87 240
88 124
88 223
88 233
88 284
89 100
89 122
89 128
89 135
89 171
89 176
89 202
89 235
89 257
89 271
89 286
90 96
90 121
90 127
90 178
90 201
90 214
90 218
90 288
90 303
91 100
91 176
91 233
91 236
91 259
92 135
92 165
92 236
93 206
93 215
93 266
93 314
95 100
95 126
95 180
95 187
95 195
95 209
95 226
95 243
95 264
95 293
96 123
96 304
97 126
97 267
97 269
98 100
98 124
98 142
98 151
98 154
98 204
98 226
98 231
98 238
98 241
99 104
99 110
99 120
99 131
99 143
99 160
99 175
99 184
99 192
99 214
99 219
99 235
99 260
99 273
99 312
100 105
100 107
100 121
100 124
100 125
100 134
100 151
100 174
100 185
100 208
100 233
100 261
100 271
100 275
100 276
100 282
100 286
100 301
100 304
100 314
101 121
102 124
102 160
103 126
103 156
103 162
103 219
104 127
104 234
105 126
105 138
105 227
105 282
105 308
105 309
106 120
106 309
107 137
107 188
107 229
107 271
108 233
108 252
110 111
110 125
110 128
110 154
110 165
110 176
110 181
110 225
110 233
110 252
111 125
111 127
111 138
111 199
111 224
111 266
112 128
112 133
112 171
112 176
112 218
112 219
112 221
112 223
113 127
113 267
114 128
114 164
114 220
114 227
115 125
115 127
115 215
116 124
116 125
116 259
117 120
117 123
117 129
117 143
117 180
117 192
117 203
117 217
117 223
117 246
117 274
117 280
118 261
119 126
119 128
119 314
120 128
120 204
121 123
121 133
121 141
121 151
121 158
121 160
121 202
121 204
121 232
121 252
121 265
121 266
121 291
121 309
121 313
122 123
122 126
122 127
122 128
122 137
122 139
122 155
122 159
122 162
122 163
122 173
122 186
122 195
122 221
122 231
122 233
122 243
122 266
122 267
122 271
122 277
122 286
122 304
122 309
123 125
123 126
123 127
123 134
123 142
123 160
123 165
123 169
123 178
123 180
123 222
123 232
123 234
123 243
123 250
123 263
123 267
123 271
123 277
123 297
123 306
123 313
123 314
124 125
124 129
124 134
124 162
124 184
124 206
124 210
124 214
124 217
124 218
124 222
124 231
124 232
124 234
124 235
124 273
124 304
124 313
125 126
125 129
125 135
125 144
125 149
125 163
125 172
125 178
125 180
125 187
125 204
125 207
125 219
125 222
125 223
125 243
125 252
125 264
125 267
125 282
125 293
126 134
126 137
126 180
126 181
126 216
126 233
126 237
126 267
126 268
126 273
126 285
126 292
127 134
127 141
127 150
127 160
127 205
127 207
127 208
127 216
127 217
127 219
127 226
127 232
127 235
127 239
127 252
127 265
127 292
127 304
127 311
128 129
128 134
128 140
128 177
128 187
128 195
128 216
128 238
128 241
128 253
128 260
128 299
129 140
129 148
129 158
129 175
129 190
129 204
129 225
129 227
129 232
129 236
129 252
129 276
129 278
129 286
129 295
130 288
130 291
131 215
132 168
132 274
132 291
133 223
134 179
134 187
134 193
134 215
134 234
134 257
134 279
134 304
135 139
135 292
138 233
139 149
139 163
139 221
139 265
139 308
140 238
140 246
140 279
140 292
141 228
142 187
142 226
142 260
142 310
143 162
144 234
144 266
145 243
145 255
146 232
146 279
146 299
147 260
147 271
148 163
149 209
149 217
151 154
151 295
152 187
154 291
155 207
156 204
157 165
157 189
157 201
157 237
158 166
158 279
158 280
159 234
159 257
160 168
160 178
160 252
160 259
160 304
162 183
162 204
162 212
162 223
162 228
163 193
163 216
163 226
165 196
165 206
165 282
167 264
167 279
168 170
168 195
168 215
168 223
168 259
168 261
168 309
169 209
169 232
169 246
170 188
170 280
172 192
173 178
173 218
173 292
175 201
175 219
175 223
176 189
176 215
176 237
176 244
176 246
177 217
177 293
178 299
180 189
180 192
180 233
180 241
180 243
180 313
181 236
182 227
183 206
183 220
183 247
183 312
185 191
185 196
185 212
186 195
186 255
187 192
187 262
188 200
188 267
188 307
189 214
189 226
189 228
189 230
189 232
191 233
191 245
192 237
192 278
193 234
193 264
195 208
195 232
195 251
196 199
197 204
197 309
198 247
199 304
200 206
200 262
200 288
201 221
201 255
201 309
202 215
202 227
202 234
202 245
202 264
203 235
204 231
204 232
204 235
204 275
204 309
204 314
205 223
205 251
206 218
206 273
206 285
206 290
206 293
206 309
207 264
207 304
208 233
208 260
208 314
209 235
209 274
210 238
213 309
214 277
214 301
214 304
215 228
215 253
215 255
216 248
217 280
218 246
219 224
219 226
219 228
219 236
219 264
219 266
219 271
219 279
220 232
220 255
221 263
223 226
223 234
223 242
223 266
223 305
224 286
226 273
226 292
228 280
232 233
232 234
232 241
232 257
232 309
232 314
232 315
233 237
233 253
233 280
233 286
233 290
234 261
234 262
235 241
235 246
235 274
235 279
235 286
235 289
235 298
238 290
239 286
244 286
247 272
254 257
254 302
257 273
262 265
262 299
263 314
266 268
266 292
268 292
271 314
272 276
273 311
274 284
275 277
275 301
277 283
279 314
280 286
292 303
301 313
304 313
311 315
