0 112
0 127
0 218
0 288
1 100
1 139
1 177
1 228
1 274
1 291
1 309
2 14
2 57
2 77
2 90
2 132
2 200
2 216
2 232
2 235
2 296
3 14
3 129
3 131
3 135
3 162
3 230
3 237
3 243
3 257
3 283
3 287
3 302
4 121
4 122
4 124
4 134
4 140
4 167
4 200
4 201
4 217
4 245
4 259
4 278
4 310
5 20
5 154
5 179
5 187
5 212
5 224
5 226
5 235
5 243
5 266
5 314
6 51
6 98
6 128
6 151
6 195
6 223
7 34
7 84
7 125
7 267
7 304
8 121
8 129
8 147
8 267
9 61
9 113
9 147
9 179
10 13
10 79
10 99
10 101
10 104
10 158
10 179
10 180
10 235
10 241
10 266
10 292
11 159
11 238
11 298
11 313
12 41
12 84
12 195
13 36
13 76
13 123
13 124
13 170
13 189
13 219
14 67
14 111
14 122
14 127
14 160
14 210
14 260
14 265
14 267
14 271
14 305
15 105
15 121
15 133
15 142
15 205
16 44
16 57
16 99
16 100
16 155
16 222
16 233
17 67
17 97
17 99
17 125
17 128
17 172
17 232
17 257
17 276
17 277
17 283
18 82
18 124
18 126
18 129
18 153
18 177
18 199
18 204
18 246
18 307
19 36
19 59
19 234
20 84
20 122
20 183
20 195
20 203
20 209
20 223
20 297
21 25
21 117
21 211
21 217
21 223
21 231
22 90
22 129
22 174
22 253
23 35
23 134
23 151
23 174
23 185
23 209
24 77
24 100
24 111
24 123
24 126
24 290
24 292
25 36
25 115
25 124
25 155
25 246
26 84
26 165
27 35
27 57
27 144
27 165
27 216
28 125
28 135
28 236
29 79
29 122
29 214
29 223
29 234
29 246
29 266
30 112
30 139
30 185
30 241
30 261
31 35
31 75
31 128
31 235
32 90
32 116
32 290
32 309
33 37
33 127
33 161
33 185
33 206
33 233
34 61
34 106
34 124
34 204
35 77
35 122
35 135
35 138
35 163
35 167
35 173
35 180
35 182
35 204
35 233
35 247
35 267
35 278
35 279
35 304
36 72
36 181
36 202
36 212
36 309
37 49
37 54
37 59
37 86
37 151
37 252
37 280
37 310
38 94
39 44
39 53
39 95
39 112
39 124
39 234
39 255
39 278
39 279
40 56
40 63
40 107
40 122
40 232
40 234
40 238
41 49
41 72
41 77
41 108
41 123
41 187
41 188
41 235
41 252
41 292
42 100
42 189
42 194
43 122
43 168
43 304
44 125
44 274
45 52
45 80
45 123
46 86
47 210
47 221
48 304
49 89
49 99
49 100
49 106
49 124
49 218
49 240
49 260
50 155
50 185
51 126
51 130
51 286
52 122
52 129
52 139
52 186
52 206
52 210
52 232
53 89
53 90
53 147
53 207
53 279
53 281
53 292
54 56
54 122
54 124
54 134
54 236
54 241
54 276
55 101
55 206
55 252
56 76
56 142
56 160
56 194
56 238
56 246
56 257
57 125
57 189
57 220
57 256
57 262
58 144
58 266
58 308
59 84
59 93
59 129
59 161
59 182
59 258
59 259
59 268
60 157
60 193
61 106
61 110
61 121
61 127
61 141
61 207
61 235
61 238
61 241
62 65
62 70
62 105
62 195
63 91
63 237
63 259
64 106
65 68
65 81
65 139
65 151
65 232
65 266
66 99
66 106
66 126
66 142
66 193
66 206
66 210
66 266
66 285
67 98
67 271
68 223
68 272
69 99
69 209
69 226
69 292
70 121
70 122
70 123
70 160
70 189
71 128
71 165
71 184
71 234
72 95
72 100
72 159
72 181
72 214
72 218
72 221
72 225
72 226
72 227
72 239
72 264
73 85
73 125
73 128
73 155
73 179
73 187
73 202
73 238
73 278
73 298
73 299
74 125
74 127
74 188
75 90
75 103
75 124
75 252
75 268
76 93
76 100
76 129
76 134
76 139
76 160
76 168
76 173
76 178
76 206
76 208
76 214
76 236
76 257
76 312
77 83
77 93
77 122
77 124
77 127
77 129
77 139
77 232
77 241
77 262
77 297
78 233
80 95
80 133
80 157
80 201
80 217
80 225
80 226
80 232
81 129
81 134
81 180
82 110
82 121
82 124
82 210
82 232
83 124
83 183
83 290
84 93
84 104
84 126
84 241
84 309
85 92
85 121
85 140
85 203
85 220
85 241
85 266
86 121
86 129
86 145
86 234
87 90
87 121
87 124
87 126
87 127
87 155
87 166
87 206
88 292
88 309
89 90
89 172
89 219
90 95
90 110
90 114
90 137
90 204
90 226
90 233
90 234
90 246
90 274
90 279
90 304
91 151
91 173
91 304
92 123
93 123
93 139
93 150
95 233
95 234
95 300
95 302
96 235
98 129
98 218
98 235
99 102
99 123
99 124
99 127
99 128
99 131
99 138
99 148
99 151
99 155
99 180
99 189
99 191
99 198
99 203
99 221
99 232
99 241
99 249
99 259
99 264
99 287
99 289
99 292
99 309
100 122
100 126
100 141
100 151
100 179
100 195
100 206
100 217
100 222
100 232
100 247
100 248
100 255
100 275
100 285
100 291
100 298
100 309
101 108
101 126
102 115
102 161
102 162
102 206
102 233
103 168
103 169
103 304
104 122
104 123
104 179
104 195
104 204
104 233
104 300
105 124
105 203
105 232
106 121
106 123
106 127
107 115
107 123
107 136
107 188
107 206
107 250
107 313
108 141
110 123
110 139
110 176
110 198
110 232
110 234
110 241
110 247
111 158
111 232
111 240
112 124
112 125
112 128
112 160
112 163
112 259
112 278
113 135
113 217
113 218
114 147
115 136
115 210
115 226
115 231
116 127
117 128
117 148
117 151
117 158
117 159
117 165
117 202
117 231
117 234
117 243
117 252
117 272
117 309
118 285
120 155
120 163
120 219
120 241
120 305
121 124
121 125
121 126
121 127
121 129
121 132
121 169
121 174
121 176
121 183
121 199
121 203
121 213
121 218
121 220
121 222
121 233
121 234
121 239
121 250
121 266
121 289
121 309
122 131
122 132
122 141
122 156
122 162
122 168
122 175
122 191
122 216
122 219
122 243
122 279
122 293
122 304
122 311
123 128
123 182
123 191
123 192
123 204
123 215
123 217
123 221
123 225
123 235
123 247
123 253
123 259
123 275
123 292
123 296
123 304
123 309
124 127
124 132
124 133
124 144
124 178
124 201
124 221
124 226
124 235
124 255
124 259
124 280
124 291
124 304
124 309
125 134
125 140
125 143
125 169
125 171
125 172
125 193
125 226
125 228
125 231
125 235
125 257
125 292
125 304
125 309
126 129
126 132
126 144
126 162
126 203
126 218
126 232
126 233
126 241
126 255
126 282
126 293
127 154
127 178
127 192
127 229
127 233
127 261
127 309
128 132
128 152
128 158
128 160
128 165
128 194
128 204
128 210
128 267
128 303
128 312
129 133
129 144
129 181
129 222
129 238
129 290
130 201
130 260
131 206
131 235
131 264
131 271
132 136
132 224
132 234
132 311
133 161
133 198
133 256
133 283
134 144
134 159
134 203
134 216
134 232
134 234
134 235
134 238
134 268
134 292
134 304
134 309
135 151
135 168
135 202
135 217
135 224
135 233
135 235
136 147
136 236
137 160
137 209
137 222
139 175
139 185
139 234
139 269
139 271
140 253
140 262
140 265
140 282
141 204
141 276
142 234
142 287
142 301
143 226
143 259
143 266
143 298
144 189
144 234
144 283
145 147
146 243
146 305
147 154
147 168
147 171
147 244
148 264
149 175
149 195
149 206
149 292
150 181
150 278
151 189
151 232
151 234
151 304
152 235
152 312
153 174
153 185
153 309
154 299
155 162
155 200
155 209
155 212
155 214
155 259
156 163
158 219
158 225
158 226
158 233
159 215
159 238
160 167
160 199
160 243
160 288
160 290
161 173
161 237
161 238
162 178
162 234
162 258
162 262
163 175
163 257
164 180
164 231
164 289
164 309
165 201
165 219
165 231
165 264
166 285
167 274
168 174
168 191
168 279
168 297
169 171
169 279
170 237
171 181
171 222
171 238
171 240
171 304
172 182
172 232
172 280
172 288
173 216
173 271
173 286
174 239
174 257
174 299
175 309
176 247
176 257
176 258
177 193
177 197
178 226
179 226
180 192
180 218
180 239
180 243
180 252
180 267
182 187
182 195
182 312
183 235
183 246
183 261
185 216
185 232
185 233
185 252
185 261
185 279
186 299
187 193
187 232
187 255
188 204
188 220
188 241
188 251
188 279
188 299
189 228
189 233
191 236
193 273
193 309
194 247
195 234
195 236
195 241
195 265
195 309
196 272
196 276
198 205
198 267
199 263
200 212
200 246
200 261
201 202
201 206
201 223
201 235
201 279
202 232
202 246
202 293
202 309
203 234
204 208
204 246
204 275
204 290
204 302
206 234
206 235
206 268
206 309
207 209
207 231
207 239
207 265
207 292
207 296
208 243
208 259
209 243
209 245
209 267
210 243
212 219
212 220
212 297
213 231
214 226
214 235
214 299
215 227
215 309
216 244
217 264
217 275
217 312
218 257
219 224
219 252
219 273
219 275
219 310
220 257
220 275
220 303
220 308
220 311
221 228
221 241
221 300
222 255
223 224
223 226
223 257
224 298
226 233
226 234
226 259
228 253
231 232
231 236
231 269
232 250
232 281
232 284
232 309
233 234
233 235
233 238
233 251
233 259
233 265
233 282
233 285
233 302
233 315
234 240
234 286
234 293
234 304
235 239
235 241
235 247
235 280
235 282
235 285
235 311
236 267
236 277
236 286
237 292
240 245
241 283
241 294
247 304
250 257
256 309
257 280
264 287
264 299
266 271
266 279
266 280
267 309
268 288
271 293
271 299
275 313
276 304
277 292
277 309
286 309
289 292
299 312
306 314
308 313
