0 73
0 104
0 127
0 129
0 173
0 203
0 234
0 252
1 72
1 143
2 73
2 117
2 204
2 251
3 31
3 38
3 56
3 76
3 120
3 124
3 128
3 163
3 259
3 264
4 34
4 72
4 106
4 122
4 135
4 152
4 183
4 252
4 260
5 27
5 65
5 85
5 93
5 110
5 121
5 123
5 129
5 134
5 165
5 169
5 216
5 243
5 246
5 264
5 267
5 275
5 286
6 22
6 52
6 98
6 126
6 209
6 267
6 298
7 41
7 52
7 72
7 125
7 128
7 140
7 157
7 176
7 187
7 206
7 233
7 234
7 277
7 309
7 310
8 42
8 266
9 66
9 127
9 135
9 143
9 152
9 195
9 263
10 80
10 84
10 121
10 122
10 123
10 127
10 143
10 178
10 195
10 225
10 268
11 74
11 123
11 209
11 220
11 235
11 288
12 76
12 77
12 89
12 122
12 172
12 209
13 61
13 73
13 85
13 100
13 122
13 124
13 126
13 128
13 150
13 170
13 187
13 230
13 266
13 267
13 280
13 287
13 296
14 28
14 94
14 132
15 17
15 127
15 146
15 170
15 180
15 246
15 276
15 286
16 241
16 279
16 314
17 40
17 50
17 74
17 77
17 121
17 143
17 178
17 180
17 219
17 226
17 232
17 240
17 266
18 44
19 41
19 91
19 108
19 125
19 200
19 234
19 279
20 207
20 218
20 232
20 233
20 254
20 276
21 51
21 126
21 200
21 230
22 23
22 33
22 49
22 127
22 202
22 216
23 126
23 129
23 233
23 255
23 257
23 264
24 35
24 142
24 148
24 204
24 232
24 249
24 256
25 70
25 106
25 267
26 201
27 44
27 122
27 297
28 36
28 104
28 134
28 138
28 155
28 160
28 238
28 255
28 268
29 65
29 83
29 106
29 117
29 122
29 129
29 134
29 178
29 187
29 238
29 275
29 298
30 98
30 179
31 66
31 124
31 235
32 39
32 180
32 222
32 226
32 267
33 70
33 102
33 122
33 193
34 51
34 159
34 177
34 226
34 233
34 235
35 51
35 54
35 72
35 128
35 134
35 153
35 198
35 214
35 233
35 242
35 267
35 271
35 292
36 55
36 73
36 104
36 126
36 134
36 138
36 162
36 165
36 204
36 208
36 236
36 252
36 304
37 66
37 73
37 103
37 121
37 123
37 126
37 139
37 141
37 246
37 277
38 79
38 242
39 52
39 76
39 99
39 171
39 180
39 264
39 286
40 52
40 95
40 99
40 100
40 110
40 156
40 166
40 183
40 199
40 215
40 241
40 260
40 286
40 296
41 42
41 56
41 79
41 125
41 142
41 170
41 187
41 197
41 259
41 269
41 293
41 301
41 310
42 88
42 168
42 204
42 274
43 234
44 129
44 147
44 150
44 158
44 165
44 212
45 93
46 126
46 244
47 84
47 219
47 264
49 75
49 105
49 127
49 129
49 140
49 204
49 269
49 292
50 247
51 135
51 175
51 204
51 264
51 304
51 305
52 79
52 83
52 86
52 89
52 100
52 121
52 122
52 143
52 235
53 220
53 232
53 235
53 262
54 283
55 124
56 81
56 151
56 162
56 280
57 71
57 110
57 163
57 170
57 259
58 163
58 247
58 309
59 87
59 90
59 122
59 124
59 132
59 237
59 257
59 294
59 310
60 95
60 146
60 232
61 81
61 89
61 189
61 219
61 222
61 232
61 249
61 296
62 96
62 121
62 122
62 129
62 206
62 264
63 126
65 111
65 227
65 232
66 123
66 128
66 185
67 73
67 100
67 134
67 159
67 173
67 288
68 127
68 133
69 125
69 253
69 292
70 125
70 129
70 231
70 245
71 234
72 76
72 232
72 286
73 117
73 178
73 197
73 223
73 234
74 168
74 190
74 271
75 125
75 127
75 128
75 160
75 163
75 195
75 238
75 250
75 279
76 89
76 115
76 119
76 128
76 133
76 153
76 171
76 212
76 219
76 223
76 228
76 268
76 274
76 278
76 307
76 313
77 109
77 123
77 124
77 127
77 140
77 149
77 170
77 204
77 207
77 226
77 233
77 278
78 125
78 234
79 80
80 90
80 106
80 117
80 197
80 204
80 219
80 228
80 255
81 176
81 190
81 194
81 201
81 225
81 247
81 268
81 288
82 83
82 137
82 156
82 159
82 175
82 226
82 235
82 259
83 105
83 122
83 134
83 145
83 215
83 278
83 310
84 169
84 189
84 203
84 254
84 307
85 123
85 128
85 139
85 165
85 166
85 188
85 201
85 232
85 307
86 160
86 204
86 278
86 291
87 100
87 123
87 126
87 207
87 221
87 266
87 271
88 134
88 151
88 266
88 302
89 107
89 125
89 213
89 226
90 99
90 105
90 114
90 121
90 122
90 124
90 139
90 169
90 204
90 226
90 230
90 233
91 232
91 274
92 197
92 222
92 278
93 219
95 109
95 115
95 174
95 202
95 206
95 255
95 274
96 119
96 121
96 184
96 234
97 127
97 137
97 216
98 127
98 221
98 225
98 255
98 259
99 114
99 121
99 123
99 124
99 134
99 136
99 148
99 155
99 158
99 169
99 216
99 227
99 257
99 259
99 291
100 102
100 122
100 125
100 139
100 144
100 155
100 168
100 173
100 180
100 188
100 218
100 235
100 238
100 241
100 252
100 267
100 283
102 117
102 129
102 195
102 206
102 238
103 127
103 131
103 168
104 124
104 138
104 235
104 280
105 110
105 189
105 232
105 271
105 294
106 117
106 126
106 156
106 160
106 195
106 202
106 235
106 241
106 275
107 126
107 160
107 190
108 121
108 135
108 159
108 233
108 234
110 122
110 141
110 165
110 166
110 174
110 222
110 261
110 271
111 226
111 234
112 117
112 122
112 133
112 189
112 199
112 226
112 227
112 275
113 204
113 234
114 269
115 128
115 153
115 184
115 295
116 135
116 273
117 123
117 127
117 134
117 158
117 160
117 162
117 189
117 201
117 216
117 234
117 236
117 237
117 266
119 202
119 219
119 228
119 240
120 122
120 129
120 233
120 252
120 282
121 124
121 126
121 128
121 137
121 140
121 148
121 151
121 155
121 160
121 171
121 178
121 193
121 204
121 232
121 266
121 267
121 275
121 282
121 288
122 124
122 125
122 126
122 158
122 162
122 180
122 201
122 204
122 212
122 237
122 241
122 257
122 267
123 125
123 126
123 128
123 129
123 135
123 140
123 147
123 162
123 168
123 178
123 185
123 188
123 203
123 217
123 219
123 233
123 258
123 271
123 279
123 292
123 293
124 134
124 155
124 160
124 163
124 167
124 170
124 176
124 204
124 219
124 226
124 229
124 232
124 235
124 238
124 251
124 257
124 277
124 283
124 288
125 126
125 128
125 131
125 141
125 206
125 220
125 226
125 232
125 233
125 234
125 257
125 259
125 273
125 274
125 291
126 127
126 128
126 139
126 140
126 162
126 176
126 177
126 187
126 201
126 207
126 212
126 223
126 239
126 271
126 286
126 309
127 133
127 135
127 140
127 141
127 163
127 169
127 175
127 193
127 195
127 217
127 221
127 226
127 264
127 276
127 306
127 308
128 189
128 200
128 215
128 234
128 238
128 241
128 262
128 280
128 286
128 304
128 305
129 143
129 166
129 189
129 193
129 201
129 208
129 209
129 219
129 241
129 259
129 280
129 309
130 142
130 210
131 189
131 190
131 226
131 304
132 133
133 204
133 238
133 269
133 304
134 140
134 153
134 171
134 176
134 182
134 204
134 234
134 242
134 266
134 273
134 276
134 309
135 158
135 178
135 309
136 233
137 152
137 311
138 228
138 267
139 147
139 155
139 186
139 199
139 257
139 267
139 276
140 151
140 174
140 234
140 259
140 266
140 276
141 153
141 187
141 225
142 215
142 233
142 315
143 201
143 232
143 247
143 257
143 292
144 171
144 305
145 266
146 235
147 167
147 171
147 257
147 272
147 310
148 159
148 266
149 259
150 206
151 206
151 258
151 311
152 266
153 162
153 170
153 232
153 234
153 238
153 243
153 266
154 178
155 221
155 266
156 233
156 240
156 261
157 266
158 188
158 195
158 309
159 200
159 206
160 175
160 187
160 195
160 204
160 206
160 217
160 225
160 253
160 309
162 184
162 191
162 218
162 258
163 246
163 288
164 267
165 199
165 220
165 235
165 278
165 279
166 223
166 280
167 305
168 172
168 178
168 215
168 243
168 266
168 286
169 217
169 252
170 238
170 279
170 304
172 206
173 225
173 260
174 232
174 264
175 191
175 219
175 235
176 264
178 280
180 205
180 246
180 251
181 244
181 279
182 246
183 200
183 212
183 237
184 309
185 254
185 257
185 288
185 305
186 200
186 207
187 257
188 215
188 235
188 275
188 276
189 220
189 224
189 238
189 241
190 235
191 313
192 220
192 232
192 297
192 304
193 309
195 233
195 234
195 235
195 243
196 223
197 206
197 219
197 241
197 287
198 238
198 285
199 220
199 314
200 232
201 239
201 252
201 261
202 263
203 204
203 260
204 225
204 232
204 234
204 262
205 261
206 210
206 241
206 260
206 286
207 216
207 228
207 287
209 261
209 292
210 304
212 220
214 235
216 266
217 232
217 233
217 267
217 275
217 280
218 227
218 233
218 246
218 266
218 292
219 233
219 262
219 286
220 221
220 234
221 252
223 241
223 286
226 232
226 233
226 237
226 285
226 297
226 298
226 304
226 312
228 279
231 241
231 262
232 234
232 265
232 283
232 287
232 288
232 289
232 300
233 235
233 240
233 243
233 261
233 267
233 296
233 315
234 238
234 254
234 277
234 279
235 246
235 250
235 257
235 276
235 304
235 309
236 293
237 246
238 243
238 257
238 309
239 253
240 255
243 274
245 288
246 266
249 283
250 274
252 293
253 292
254 273
257 262
257 265
257 280
261 304
262 308
264 311
265 291
266 273
266 315
267 299
267 310
268 286
269 278
273 279
274 280
278 301
283 309
286 302
290 314
296 309
306 314
310 311
