0 29
0 127
0 165
0 226
1 162
1 212
2 5
2 33
2 42
2 62
2 90
2 123
2 142
2 162
2 187
2 194
2 195
2 237
2 266
2 309
3 24
3 37
3 44
3 140
3 171
3 174
3 296
4 75
4 154
4 247
5 20
5 29
5 42
5 49
5 77
5 126
5 152
5 165
5 186
5 213
5 240
5 252
5 258
5 278
6 16
6 20
6 57
6 77
6 98
6 126
6 234
6 235
6 259
6 283
7 33
7 35
7 75
7 84
7 106
7 121
7 125
7 156
7 204
7 205
7 216
7 233
7 279
7 294
8 241
9 40
9 61
9 97
9 110
9 127
9 215
10 27
10 137
10 224
10 288
11 128
12 13
12 99
12 100
12 123
12 154
12 180
12 219
12 235
13 51
13 75
13 84
13 90
13 134
13 135
13 229
13 239
14 24
14 206
14 277
15 127
15 134
16 19
16 87
16 179
16 200
16 313
17 28
17 32
17 33
17 44
17 57
17 76
17 99
17 121
17 126
17 158
17 193
17 218
17 246
17 271
18 76
18 99
18 121
18 134
18 198
19 125
19 204
20 66
20 76
20 91
20 111
20 126
20 129
20 215
20 228
20 278
21 104
21 159
21 188
21 212
22 31
22 201
22 314
23 59
23 76
23 91
23 108
23 172
23 204
23 253
24 165
24 180
24 227
24 233
25 93
25 194
26 207
27 39
27 51
27 110
27 125
27 231
28 40
28 90
28 126
28 225
28 243
28 275
28 283
29 77
29 106
29 135
29 181
29 196
29 234
29 295
29 315
30 40
30 146
30 267
31 244
32 39
32 59
32 123
32 160
32 233
32 279
32 309
33 43
33 73
33 144
33 216
33 233
34 38
34 81
34 83
34 89
34 124
34 207
34 232
34 266
35 89
35 126
35 129
35 135
35 138
35 151
35 162
35 166
35 199
35 237
35 238
35 241
35 244
35 313
36 47
36 98
36 103
36 104
36 186
36 226
36 230
36 232
36 243
37 99
37 121
37 124
37 208
37 271
37 277
37 304
38 56
38 90
38 123
38 143
39 42
39 193
39 217
39 227
39 232
39 252
40 51
40 56
40 57
40 78
40 99
40 115
40 129
40 131
40 155
40 202
40 210
40 212
40 236
40 238
41 47
41 95
41 123
41 126
41 127
41 135
41 141
41 212
41 221
41 235
42 125
42 126
42 127
42 172
42 173
42 192
42 206
42 252
42 304
43 70
43 279
44 128
44 235
44 244
45 121
45 127
45 235
46 148
46 232
46 264
47 90
47 127
47 154
47 238
50 57
50 75
50 104
51 56
51 121
51 129
51 153
51 171
51 192
51 204
51 261
51 309
52 128
52 182
52 187
52 232
52 236
53 182
54 82
54 100
54 105
54 123
54 129
54 143
54 206
54 253
54 311
54 312
55 99
55 221
55 232
56 129
56 147
56 217
56 233
56 283
57 123
57 127
57 234
58 107
58 131
58 187
58 221
59 77
59 98
59 159
59 162
59 176
59 227
59 233
59 240
59 258
59 273
59 296
60 247
61 65
61 89
61 110
61 127
61 204
61 246
61 253
61 280
62 99
62 115
63 127
63 269
64 125
64 218
65 235
66 76
66 229
66 233
66 269
67 75
67 95
67 100
67 110
67 222
67 234
67 267
67 315
68 121
68 124
68 279
69 100
69 129
70 124
70 128
70 160
70 163
70 168
70 207
70 222
70 234
71 81
71 134
72 91
72 110
72 123
72 151
72 153
72 194
72 232
72 279
73 100
73 125
73 140
73 184
73 208
73 219
73 246
73 257
73 262
73 275
73 300
74 129
74 160
74 176
74 209
74 226
75 86
75 117
75 140
75 147
75 199
75 224
75 234
75 235
75 239
75 276
75 293
76 77
76 88
76 112
76 119
76 139
76 141
76 180
76 188
76 247
76 277
76 291
76 298
76 309
77 99
77 100
77 111
77 123
77 125
77 155
77 288
77 292
78 85
78 121
78 128
79 127
79 176
79 234
79 279
80 100
80 141
80 163
80 192
80 193
80 235
80 237
80 239
80 309
81 100
81 127
81 134
81 210
81 235
81 241
81 304
82 128
82 145
82 232
83 99
83 127
83 184
84 124
84 206
84 237
84 259
84 266
84 311
85 98
85 122
85 123
85 134
85 152
85 165
85 168
85 185
85 253
85 257
85 276
85 286
85 309
86 243
86 309
87 99
87 254
88 151
88 195
88 252
89 90
89 111
89 128
89 144
89 202
89 239
89 255
89 260
89 262
89 307
90 126
90 134
90 142
90 157
90 197
90 203
90 207
90 222
90 238
90 259
90 287
90 309
91 92
91 99
91 117
91 122
91 127
91 220
91 254
92 136
92 174
92 221
93 207
93 223
93 241
93 247
95 124
95 183
95 264
96 102
96 124
96 138
96 162
96 167
96 193
96 261
97 253
98 126
98 165
98 252
98 266
99 110
99 121
99 128
99 129
99 232
99 275
99 299
99 309
100 106
100 121
100 125
100 128
100 166
100 193
100 226
100 228
100 229
100 240
100 241
100 279
100 304
100 311
101 121
101 144
101 234
102 201
102 282
103 137
103 233
103 259
104 138
104 160
104 234
104 241
104 275
105 124
105 126
105 313
106 128
106 158
106 163
106 195
106 234
106 238
106 278
107 131
107 234
108 232
108 235
108 259
108 277
109 219
109 299
110 124
110 131
110 168
110 170
111 135
111 149
111 192
111 234
111 267
111 268
112 189
113 154
113 218
113 220
114 286
114 303
115 153
115 212
115 276
116 132
116 189
117 142
117 161
117 163
117 187
117 188
117 234
117 279
118 124
120 127
120 128
120 134
120 153
120 226
120 266
120 275
121 122
121 123
121 126
121 128
121 154
121 166
121 203
121 206
121 223
121 225
121 234
121 262
121 266
121 267
121 270
121 311
122 123
122 126
122 129
122 135
122 171
122 178
122 180
122 189
122 207
122 220
122 226
122 231
122 234
122 247
122 267
122 280
122 288
122 292
122 304
123 129
123 139
123 150
123 180
123 181
123 204
123 206
123 208
123 220
123 221
123 223
123 233
123 266
123 279
123 280
124 125
124 137
124 145
124 149
124 153
124 163
124 168
124 173
124 176
124 179
124 191
124 204
124 230
124 238
124 247
124 266
124 288
124 303
125 129
125 134
125 139
125 172
125 193
125 210
125 223
125 229
125 233
125 246
125 250
125 253
125 257
125 261
125 264
125 265
125 281
125 286
125 296
126 127
126 133
126 144
126 174
126 177
126 181
126 185
126 219
126 228
126 233
126 261
126 278
126 287
126 293
126 305
126 311
127 132
127 134
127 140
127 154
127 166
127 186
127 195
127 200
127 204
127 210
127 234
127 235
127 264
127 266
127 267
127 291
127 304
127 309
128 129
128 158
128 160
128 173
128 176
128 180
128 196
128 232
128 233
128 234
128 246
128 252
128 269
128 300
129 153
129 166
129 180
129 217
129 224
129 235
129 252
129 293
129 304
129 309
130 182
131 158
131 245
132 201
132 307
133 134
133 238
133 278
133 309
134 155
134 160
134 171
134 179
134 181
134 186
134 232
134 239
134 243
134 258
134 276
134 279
134 304
134 309
135 148
135 174
135 189
135 191
135 204
135 247
135 252
136 256
137 180
137 182
137 312
138 142
138 163
138 247
139 145
139 183
139 191
139 195
139 234
139 286
139 302
140 145
140 182
140 204
140 231
140 233
140 236
141 162
141 214
141 226
141 283
141 296
142 211
142 243
143 145
143 153
143 201
143 241
143 257
144 178
144 219
144 221
144 223
144 247
144 252
144 280
145 201
146 160
146 200
147 190
147 230
147 258
149 304
150 241
150 308
151 206
151 233
151 238
151 250
154 204
155 160
155 192
155 266
155 279
155 298
156 307
157 159
157 166
157 172
157 184
157 204
158 167
158 204
158 214
158 219
158 275
159 228
159 235
159 266
159 278
160 189
160 199
160 223
160 232
160 234
160 286
160 304
160 307
162 234
162 240
162 304
163 218
163 302
164 193
164 280
164 304
165 168
166 182
166 304
166 314
168 171
168 178
168 182
168 189
168 192
168 214
168 217
168 232
168 234
168 296
169 220
170 181
170 260
172 186
173 288
174 243
174 280
175 186
175 204
176 246
177 279
178 214
178 233
179 288
180 223
180 229
180 268
180 279
180 292
181 249
181 257
182 204
182 206
182 267
182 269
182 296
182 309
183 188
185 193
185 219
185 226
185 238
185 309
186 189
186 198
186 220
187 215
187 241
187 303
188 265
188 287
189 228
189 231
189 240
189 276
189 305
191 198
191 235
191 268
191 312
192 225
192 236
192 240
192 276
192 309
194 195
197 224
197 232
197 237
198 232
199 204
199 309
200 241
200 306
201 206
202 226
202 280
203 250
204 227
204 257
204 262
204 264
204 266
206 226
206 246
206 256
206 268
207 215
207 235
207 259
208 289
208 314
209 219
209 226
209 232
209 298
210 288
212 238
212 247
213 217
215 232
215 237
215 257
216 224
217 236
217 257
219 223
219 238
219 292
219 294
221 234
221 315
223 293
223 297
224 232
224 257
225 266
226 234
226 235
226 250
226 265
226 282
226 306
226 309
227 252
227 268
231 249
232 233
232 257
232 263
232 266
232 269
232 286
232 309
233 235
233 266
233 268
233 279
233 293
234 236
234 241
234 255
234 264
234 279
234 284
234 304
235 241
235 251
235 282
235 287
237 279
239 269
241 266
241 304
241 315
245 268
245 310
246 275
249 257
249 292
252 298
252 305
257 264
257 304
258 266
258 278
259 303
259 306
259 315
260 288
263 288
265 314
266 276
275 308
275 312
275 313
276 279
277 286
282 297
283 284
285 309
