0 4
0 5
0 77
0 146
0 201
1 234
1 259
2 19
2 51
2 82
2 85
2 90
2 127
2 133
2 181
2 299
3 83
3 106
3 153
3 158
3 176
3 299
4 9
4 29
4 76
4 79
4 122
4 129
4 135
4 147
4 255
4 279
4 308
4 309
4 313
5 49
5 69
5 76
5 81
5 89
5 99
5 112
5 113
5 139
5 167
5 200
5 221
5 235
5 277
5 279
5 309
5 315
6 18
6 20
6 24
6 32
6 39
6 59
6 76
6 102
6 141
6 206
6 217
6 238
6 261
6 273
7 13
7 64
7 75
7 77
7 106
7 129
7 169
7 200
7 215
7 216
7 225
7 234
7 243
7 286
8 44
9 92
9 100
9 129
9 180
9 181
9 219
9 223
10 51
10 153
10 168
10 226
10 233
10 276
10 288
10 297
10 304
10 309
10 310
11 102
11 266
12 14
12 34
12 90
12 121
12 128
12 134
12 149
12 180
12 201
12 236
13 99
13 134
13 207
13 219
14 76
14 226
15 57
15 99
15 117
15 160
15 246
16 27
16 28
16 117
16 120
17 23
17 44
17 76
17 77
17 90
17 127
17 176
17 190
17 201
17 217
17 219
17 224
17 226
17 269
17 271
17 274
18 71
18 134
18 167
18 299
19 78
19 120
19 147
20 37
20 75
20 177
20 219
21 51
21 125
21 234
22 40
22 117
22 127
22 165
22 220
22 226
23 121
23 122
23 188
23 200
24 27
24 37
24 42
24 72
24 102
24 127
24 152
24 233
24 238
25 152
25 162
25 233
25 239
26 126
26 157
26 163
26 250
27 90
27 122
27 219
27 293
28 65
28 89
28 121
28 124
28 187
28 264
29 76
29 90
29 110
29 151
29 197
29 309
30 155
30 203
30 299
31 75
31 126
31 128
31 170
31 223
31 232
32 122
32 124
32 163
32 233
32 243
32 264
33 85
33 126
33 147
33 152
33 191
33 294
34 51
34 124
34 129
34 131
35 55
35 59
35 74
35 76
35 88
35 102
35 106
35 110
35 120
35 124
35 131
35 158
35 170
35 183
35 218
35 221
35 309
36 67
36 75
36 77
36 82
36 92
36 95
36 100
36 126
36 129
36 183
36 197
36 267
36 273
37 100
37 259
38 66
38 232
39 52
39 128
39 129
39 135
39 233
39 280
40 42
40 73
40 74
40 177
40 182
40 227
40 257
40 262
40 266
41 64
41 77
41 96
41 165
41 170
41 183
41 266
42 77
42 119
42 125
42 192
42 197
42 212
42 234
42 309
43 141
43 168
45 138
45 266
45 272
46 111
46 121
46 122
46 129
46 167
46 201
46 241
47 226
48 129
49 67
49 110
49 132
49 233
50 204
51 65
51 90
51 99
51 100
51 132
51 160
51 164
51 217
51 277
51 279
51 315
52 76
52 89
52 113
52 121
52 127
52 153
52 154
52 256
53 162
53 206
53 234
54 99
54 111
54 124
54 182
54 196
55 125
55 155
55 204
55 219
55 273
56 99
56 121
56 124
56 126
56 160
56 217
56 232
56 294
57 84
57 122
57 192
57 218
57 306
58 87
58 134
59 69
59 100
59 115
59 132
59 189
59 191
59 195
61 76
61 163
62 118
62 122
62 123
62 236
62 279
62 304
63 291
64 175
64 178
64 203
64 216
64 238
64 280
66 75
66 126
66 223
66 235
66 238
67 158
67 168
67 308
67 311
68 125
68 137
68 193
69 95
69 136
69 298
70 105
70 117
70 124
71 99
71 174
71 226
71 315
72 99
72 135
72 219
72 226
72 249
72 257
72 282
73 122
73 126
73 196
73 201
73 226
73 287
74 118
74 122
74 208
74 274
75 77
75 100
75 125
75 126
75 174
75 282
75 291
76 82
76 84
76 85
76 122
76 134
76 178
76 209
76 251
76 252
76 285
77 89
77 110
77 122
77 129
77 135
77 140
77 149
77 166
77 183
77 217
77 247
77 266
77 303
78 114
78 183
78 185
78 223
78 232
78 234
79 117
79 120
79 229
80 88
80 127
80 189
80 246
80 261
82 123
82 221
82 292
83 263
84 122
84 135
84 223
84 233
85 87
85 127
85 128
85 143
85 204
85 241
85 269
85 302
86 90
86 143
87 120
87 126
87 130
87 230
87 232
88 90
88 134
88 266
89 125
89 206
89 208
90 99
90 111
90 124
90 126
90 127
90 131
90 156
90 175
90 178
90 198
90 208
90 227
90 228
90 249
90 292
90 309
91 106
91 120
91 171
91 248
92 125
92 129
95 163
95 215
95 232
95 236
95 255
95 276
95 279
96 109
96 121
96 122
96 235
96 237
96 258
96 261
97 105
97 195
97 218
97 283
97 304
98 121
98 128
98 160
98 181
98 193
98 247
99 100
99 122
99 128
99 129
99 138
99 147
99 170
99 207
99 233
99 252
99 275
99 302
100 106
100 107
100 110
100 118
100 120
100 129
100 130
100 132
100 135
100 160
100 174
100 199
100 218
100 219
100 224
100 235
100 246
100 261
100 271
100 278
100 280
100 309
101 122
101 160
102 123
102 159
102 192
102 234
102 241
102 249
102 304
103 259
104 128
105 187
105 233
105 246
106 123
106 124
106 127
106 259
107 158
107 235
107 298
108 144
108 203
108 224
108 234
109 230
109 233
109 241
110 121
110 122
110 125
110 126
110 132
110 154
110 158
110 169
110 232
110 255
110 263
110 309
111 226
111 249
111 253
112 123
112 173
112 187
112 241
112 271
112 309
112 314
113 121
113 127
113 267
114 174
114 250
115 121
115 151
115 233
116 134
117 178
117 186
117 203
117 218
117 224
117 226
117 230
117 234
117 235
117 280
118 161
118 165
119 126
119 128
119 150
119 162
120 142
120 167
120 206
120 264
120 286
121 123
121 126
121 128
121 151
121 155
121 168
121 182
121 204
121 205
121 207
121 210
121 219
121 220
121 221
121 226
121 233
121 240
121 245
121 252
121 261
121 262
121 263
121 279
121 284
121 285
121 294
121 299
121 304
122 125
122 126
122 149
122 163
122 168
122 182
122 194
122 195
122 197
122 210
122 211
122 214
122 226
122 234
122 247
122 292
122 304
122 312
122 315
123 124
123 125
123 126
123 127
123 140
123 158
123 165
123 168
123 179
123 180
123 182
123 185
123 186
123 189
123 229
123 233
123 239
123 245
123 253
123 273
123 280
124 129
124 131
124 155
124 160
124 167
124 200
124 204
124 216
124 226
124 233
124 244
124 308
124 310
125 128
125 135
125 154
125 158
125 163
125 188
125 204
125 223
125 253
125 266
125 278
125 286
125 300
126 136
126 139
126 143
126 149
126 158
126 163
126 194
126 202
126 224
126 226
126 233
126 241
126 309
126 311
127 128
127 131
127 134
127 138
127 139
127 157
127 174
127 182
127 198
127 209
127 233
127 257
127 273
127 297
128 140
128 164
128 176
128 188
128 208
128 226
128 233
128 246
128 290
128 309
129 158
129 165
129 184
129 216
129 219
129 220
129 274
130 159
131 163
131 192
131 217
132 234
132 247
134 140
134 145
134 157
134 160
134 189
134 195
134 201
134 226
134 234
134 264
134 278
135 166
135 180
135 181
135 198
135 235
135 285
139 161
139 226
139 251
139 279
139 290
140 156
140 162
140 233
140 246
141 157
141 163
141 201
141 231
141 308
142 182
142 206
142 267
143 204
143 245
144 227
144 247
144 259
144 266
144 310
145 154
147 190
147 232
147 240
147 296
147 297
148 199
148 283
149 153
149 304
149 309
150 249
151 158
151 165
151 180
151 242
151 309
152 259
152 266
152 271
152 297
153 159
153 160
153 189
153 245
153 265
153 292
154 226
154 275
155 234
155 246
156 195
156 268
157 226
157 238
157 245
157 260
157 273
158 304
158 309
158 314
159 201
160 197
160 204
160 252
160 262
161 283
162 187
162 198
162 255
163 253
163 279
164 166
165 175
165 191
165 193
165 198
165 237
166 186
166 217
166 238
166 241
167 206
167 240
167 252
168 220
168 233
168 241
168 291
169 207
169 226
169 245
170 213
170 232
170 233
172 226
172 231
173 174
173 233
173 259
173 296
174 176
174 183
174 203
174 226
174 232
174 283
174 306
175 219
178 181
179 288
180 212
180 233
180 238
180 267
181 232
181 245
181 255
181 257
181 309
182 268
182 296
183 232
183 234
184 210
184 212
184 234
185 211
185 235
185 241
185 279
185 302
187 217
187 222
187 241
187 313
188 207
188 312
189 206
189 227
189 267
191 307
192 195
192 204
192 223
192 269
192 297
193 198
193 232
193 236
195 217
195 229
195 233
195 253
196 241
197 269
197 292
199 228
199 233
199 234
199 272
199 288
201 209
201 213
201 232
202 220
202 226
202 246
204 233
204 235
204 243
204 253
204 258
204 264
204 266
204 284
206 209
206 223
206 306
207 228
207 234
207 265
207 296
208 240
209 226
209 304
210 226
211 220
211 262
212 225
214 309
216 231
217 223
217 235
218 252
219 223
219 237
219 278
219 298
219 304
220 234
220 244
220 266
220 284
221 271
221 311
222 267
223 226
223 268
225 232
226 257
226 262
226 277
226 306
227 252
227 309
228 258
228 279
228 313
230 297
231 267
232 279
232 309
233 238
233 241
233 286
233 304
233 305
234 262
234 280
234 306
234 313
235 238
235 241
235 266
235 286
235 302
236 313
237 309
240 276
243 247
245 246
246 252
246 309
246 315
249 259
249 267
252 311
255 260
259 285
261 269
261 285
261 304
262 310
263 274
267 302
268 291
268 304
269 291
269 294
269 313
273 274
274 311
281 304
285 309
286 288
288 296
304 312
