0 94
0 123
1 84
1 126
1 153
2 37
2 100
2 128
2 174
2 219
2 231
2 233
2 259
3 63
3 81
3 121
3 125
3 154
3 225
3 226
4 6
4 41
4 66
4 73
4 76
4 89
4 124
4 157
4 205
4 224
5 14
5 20
5 44
5 72
5 76
5 99
5 125
5 128
5 129
5 164
5 232
5 252
5 279
6 199
6 247
6 274
6 276
7 29
7 54
7 56
7 65
7 77
7 78
7 100
7 121
7 122
7 125
7 126
7 163
7 182
7 199
7 222
7 226
7 232
7 234
7 255
7 266
7 304
7 308
8 26
8 232
9 261
10 40
10 54
10 57
10 90
10 99
10 113
10 220
10 265
11 55
11 129
11 241
11 280
12 110
12 195
12 204
12 205
12 220
12 258
13 25
13 37
13 125
13 204
13 303
14 226
15 149
15 163
15 194
15 268
15 309
16 57
16 76
16 124
16 162
16 163
16 219
16 236
16 254
17 106
17 110
17 135
17 140
17 142
17 174
17 204
17 215
17 226
17 232
17 235
17 238
17 262
17 302
17 309
18 35
18 106
18 121
18 198
18 200
18 279
19 159
19 177
19 187
19 226
19 255
20 87
20 124
20 125
20 126
20 195
20 200
20 206
20 219
20 309
21 168
21 173
21 177
21 225
22 29
22 123
22 124
22 126
22 127
22 137
22 249
23 99
23 128
23 160
23 241
23 246
24 46
24 72
24 125
24 139
24 188
24 217
24 252
25 218
25 262
25 298
26 44
26 285
27 128
27 197
27 224
28 121
28 122
28 247
28 280
28 290
29 60
29 75
29 112
29 124
29 127
29 151
29 173
29 216
29 219
29 232
29 267
30 126
30 182
30 261
30 275
31 209
31 309
32 98
32 266
32 271
33 124
33 134
33 234
33 289
34 77
34 124
34 126
34 128
34 129
34 187
34 192
34 253
34 297
35 39
35 84
35 90
35 108
35 123
35 129
35 137
35 163
35 187
35 217
35 234
35 255
35 266
35 267
35 268
35 279
35 282
36 51
36 70
36 77
36 85
36 122
36 126
36 183
36 188
36 218
36 232
36 307
37 76
37 124
37 126
37 151
37 163
37 232
37 234
37 271
37 279
38 143
38 239
38 264
39 168
39 171
39 181
39 234
39 236
39 237
39 298
40 55
40 77
40 125
40 181
40 202
40 219
40 236
40 305
40 308
41 78
41 93
41 107
41 108
41 122
41 125
41 204
41 235
42 99
42 125
42 207
42 280
43 55
43 151
43 201
43 228
43 288
44 219
44 261
45 200
46 114
46 259
47 76
47 200
47 255
49 61
49 83
49 93
49 204
50 127
50 166
50 233
51 100
51 121
51 154
51 156
51 207
51 210
51 223
51 234
51 253
52 75
52 87
52 90
52 110
52 121
52 137
52 179
52 226
52 250
53 61
53 122
54 64
54 91
54 99
54 123
54 175
54 180
54 261
54 309
55 81
55 100
55 126
55 145
55 221
56 70
56 121
56 130
56 203
56 206
56 244
56 277
57 68
57 93
57 127
57 135
57 177
57 186
57 274
58 83
59 66
59 126
59 134
59 200
59 226
59 232
59 262
60 76
60 183
60 250
60 261
62 100
62 125
62 128
62 160
62 178
62 196
62 309
63 232
63 279
64 304
65 121
65 123
65 235
66 68
66 77
66 110
66 123
66 124
66 126
66 234
66 262
66 276
66 298
66 309
67 123
67 124
68 116
68 173
68 261
68 298
69 128
69 129
69 253
69 266
69 277
70 155
70 228
70 233
70 302
71 110
71 130
71 203
71 304
72 84
72 228
72 247
72 261
72 264
73 99
73 124
73 126
73 241
73 246
73 253
73 262
73 275
74 111
74 234
75 101
75 110
75 122
75 144
75 216
75 292
76 78
76 85
76 86
76 106
76 122
76 129
76 140
76 145
76 196
76 207
76 212
76 234
76 252
76 266
76 268
77 87
77 93
77 110
77 126
77 129
77 160
77 174
77 204
77 215
77 231
77 232
77 266
77 273
78 130
78 233
79 91
79 180
80 122
80 150
80 219
81 122
81 137
81 173
81 178
81 180
82 96
82 204
82 219
82 221
82 226
83 106
83 123
84 93
84 153
84 170
84 198
84 204
84 226
84 250
85 127
86 124
86 127
86 204
86 265
87 268
88 125
88 193
88 206
88 235
89 99
89 121
89 123
89 160
89 218
89 226
89 235
90 100
90 119
90 121
90 144
90 159
90 185
90 199
90 210
90 220
90 223
90 233
90 244
90 253
90 255
90 273
90 278
90 282
90 283
91 162
91 238
91 278
91 279
91 292
92 173
92 197
93 258
95 120
95 125
95 151
95 204
96 122
96 158
96 198
96 235
97 123
97 127
97 217
97 261
98 123
98 158
98 234
99 123
99 148
99 165
99 170
99 185
99 202
99 228
99 258
99 266
99 280
99 298
100 112
100 121
100 126
100 128
100 151
100 155
100 180
100 188
100 207
100 251
100 264
100 276
100 294
100 308
101 204
101 219
102 229
102 232
104 154
104 160
104 207
105 110
105 117
105 126
105 202
105 232
105 289
106 125
106 134
106 160
106 179
106 195
106 208
106 218
106 235
106 279
106 302
107 184
107 210
107 314
108 121
108 183
108 185
108 286
109 113
109 121
109 235
110 123
110 125
110 127
110 217
110 304
111 135
111 167
111 173
111 200
111 201
111 242
111 267
111 302
112 121
112 122
112 126
112 175
112 238
112 241
113 201
114 124
114 267
114 294
114 314
115 124
115 178
115 291
116 304
117 123
117 228
117 230
118 124
118 234
119 235
120 301
120 304
121 124
121 126
121 127
121 129
121 138
121 140
121 151
121 160
121 163
121 180
121 198
121 202
121 203
121 212
121 215
121 224
121 228
121 264
121 304
121 311
122 123
122 126
122 150
122 157
122 160
122 194
122 200
122 202
122 217
122 224
122 233
122 235
122 240
122 252
122 265
122 297
122 309
122 315
123 158
123 160
123 168
123 170
123 189
123 192
123 201
123 219
123 229
123 234
123 241
123 262
123 273
123 274
123 308
123 309
124 129
124 134
124 141
124 163
124 184
124 198
124 202
124 204
124 215
124 216
124 223
124 232
124 234
124 235
124 264
124 267
124 286
124 296
124 309
124 315
125 134
125 154
125 157
125 162
125 176
125 181
125 185
125 217
125 219
125 230
125 233
125 241
125 262
125 264
125 293
125 296
125 297
125 304
126 129
126 134
126 135
126 156
126 160
126 168
126 173
126 192
126 204
126 216
126 224
126 226
126 231
126 232
126 234
126 235
126 252
126 278
126 279
126 291
127 128
127 134
127 145
127 155
127 165
127 168
127 169
127 186
127 204
127 210
127 232
127 235
127 266
127 306
127 307
128 133
128 137
128 197
128 204
128 211
128 241
128 246
128 252
128 266
128 278
129 147
129 163
129 178
129 185
129 188
129 193
129 195
129 200
129 209
129 241
129 254
129 265
129 280
129 283
131 280
131 299
132 135
132 279
133 159
133 213
133 225
133 315
134 151
134 166
134 174
134 180
134 188
134 189
134 207
134 223
134 224
134 233
134 252
134 291
135 187
135 192
135 309
135 310
136 219
137 163
137 175
137 204
137 252
137 272
138 159
138 160
139 271
140 263
141 155
141 192
141 279
142 180
142 290
142 299
143 296
144 162
144 181
144 225
144 256
147 189
147 238
147 279
147 309
148 233
148 268
148 299
149 226
150 241
151 165
151 185
151 200
151 244
151 271
151 275
151 296
152 199
152 251
153 226
154 204
154 226
154 295
155 174
155 232
155 271
155 304
156 171
156 233
157 202
158 168
158 234
158 296
158 309
158 313
159 216
159 245
159 301
160 176
160 197
160 235
160 250
160 257
160 309
161 204
161 243
162 189
162 219
162 240
163 209
163 278
164 177
165 174
165 226
165 234
165 279
166 268
166 306
167 271
168 193
168 202
168 266
169 180
169 232
169 238
170 171
171 235
171 269
171 299
173 226
173 292
173 299
173 309
174 233
175 201
176 232
176 278
176 288
178 203
180 233
180 266
180 271
182 186
182 196
182 277
183 186
183 207
183 218
183 224
183 241
184 224
185 201
185 232
186 187
186 199
186 215
186 233
186 235
186 237
187 209
187 247
188 309
189 201
189 234
189 314
190 214
191 241
191 246
193 219
193 259
193 304
194 235
194 255
194 265
194 309
195 203
195 232
195 233
195 285
196 225
196 267
199 208
199 219
199 241
199 310
200 253
201 226
201 235
201 254
201 280
202 206
202 223
202 233
202 273
203 221
203 227
204 233
204 247
206 217
206 226
206 246
206 267
206 314
207 233
207 234
207 279
207 304
208 221
208 229
208 286
209 212
210 212
212 290
212 292
215 235
215 309
216 249
217 229
217 232
217 310
218 222
218 226
218 274
218 276
219 279
219 302
219 305
221 271
222 256
222 263
222 286
223 231
224 260
226 232
226 234
226 235
226 248
226 250
226 255
226 304
227 267
231 271
232 234
232 264
232 266
232 312
233 234
233 246
233 250
233 272
233 277
233 284
234 279
234 285
234 291
234 309
234 315
235 250
235 253
235 259
235 266
235 272
235 279
235 302
235 309
235 314
238 244
238 247
238 268
238 274
240 279
240 291
240 304
241 260
241 286
241 309
246 271
249 271
251 273
251 292
252 259
252 293
252 315
254 278
255 259
256 261
257 309
259 279
259 297
261 267
261 311
262 292
264 283
266 302
267 269
271 289
271 307
273 277
273 292
275 299
276 299
279 305
287 288
290 303
303 311
307 312
