0 99
0 128
0 141
0 221
0 233
0 238
1 42
1 127
2 99
2 149
2 154
2 171
2 295
2 304
3 66
3 67
3 106
3 123
3 129
3 163
3 226
3 278
4 131
4 141
4 190
4 201
4 204
4 219
4 271
5 7
5 11
5 12
5 16
5 22
5 35
5 40
5 51
5 52
5 64
5 66
5 117
5 124
5 128
5 134
5 162
5 204
5 280
5 302
5 313
6 36
6 49
6 50
6 77
6 126
6 236
7 22
7 56
7 61
7 66
7 110
7 117
7 123
7 124
7 134
7 151
7 173
7 219
7 234
7 235
7 265
7 309
8 86
9 227
9 266
9 309
10 12
10 13
10 25
10 41
10 119
10 125
10 142
10 168
10 173
10 175
10 188
10 191
10 206
10 207
10 216
10 223
11 126
11 127
11 128
11 189
12 33
12 37
12 85
12 148
12 209
12 227
12 278
13 16
13 65
13 104
13 256
13 257
13 279
14 127
14 179
14 204
14 247
15 71
15 81
15 100
15 108
15 149
15 277
16 238
16 306
17 53
17 66
17 90
17 202
17 209
17 223
17 232
17 279
17 293
17 299
18 35
18 76
18 125
18 173
18 187
18 218
18 235
19 87
19 106
20 49
20 85
20 99
20 123
20 128
20 137
20 141
20 151
20 158
20 207
20 217
20 232
21 40
21 90
21 110
21 199
22 42
22 56
22 80
22 124
22 130
22 182
22 204
22 215
22 240
22 298
23 58
23 60
23 100
23 135
23 204
23 232
24 33
24 73
24 93
24 144
24 145
24 154
24 163
24 259
24 286
25 42
25 121
25 234
26 168
26 172
26 313
27 54
27 68
28 100
28 114
28 185
28 192
28 233
28 235
28 241
29 100
29 121
29 124
29 126
29 155
29 200
29 203
29 253
29 304
30 124
30 238
31 39
31 59
31 159
31 279
32 39
32 63
32 95
32 234
32 299
33 90
33 107
33 124
33 181
33 186
33 196
33 234
34 80
34 111
34 239
35 52
35 57
35 62
35 95
35 100
35 121
35 122
35 126
35 144
35 147
35 169
35 170
35 185
35 226
35 228
35 234
35 265
35 286
35 296
36 115
36 123
36 124
36 128
36 168
36 185
36 187
36 219
36 304
36 311
37 52
37 53
37 57
37 73
37 81
37 84
37 90
37 157
37 170
37 256
37 305
38 151
38 196
38 223
38 243
39 55
39 95
39 102
39 112
39 134
39 189
39 195
39 204
39 238
39 267
40 49
40 51
40 108
40 123
40 125
40 138
40 153
40 155
40 195
40 221
40 269
40 280
41 100
41 123
41 128
41 139
41 233
41 260
41 286
42 109
42 116
42 122
42 124
42 145
42 209
42 217
42 255
43 99
43 123
43 126
43 224
43 226
44 122
44 143
44 266
45 313
46 68
46 235
47 128
47 132
47 220
47 253
47 286
48 260
49 76
49 77
49 125
49 159
49 188
49 198
50 145
51 54
51 142
51 175
51 201
51 231
51 268
51 283
52 83
52 105
52 121
52 229
52 249
53 67
53 122
53 166
53 263
53 270
54 126
54 160
54 187
54 224
54 279
55 59
55 78
55 122
55 126
55 233
56 112
56 123
56 124
56 126
57 66
57 154
57 252
57 292
58 82
58 123
58 233
59 67
59 75
59 95
59 129
59 177
59 182
60 160
60 163
60 233
61 64
61 75
61 100
61 110
61 181
61 192
61 195
61 219
61 226
62 119
62 122
62 141
62 232
64 123
65 112
65 198
65 211
65 219
65 261
66 75
66 100
66 114
66 123
66 126
66 232
66 234
66 235
67 77
67 185
67 195
67 202
67 245
67 279
67 312
68 124
68 174
68 208
68 276
69 127
69 232
69 261
69 276
70 125
70 232
71 255
72 123
72 127
72 128
72 174
72 194
72 226
72 267
73 85
73 90
73 125
73 127
73 188
73 212
73 235
74 155
74 195
75 101
75 124
75 126
75 204
75 234
75 237
75 261
75 265
75 272
75 276
76 100
76 142
76 192
76 231
76 272
76 289
77 85
77 91
77 98
77 99
77 100
77 121
77 124
77 128
77 129
77 166
77 174
77 177
77 180
77 185
77 204
77 226
77 232
77 234
77 238
77 261
77 267
77 291
78 80
78 124
78 309
79 122
79 226
79 235
79 296
80 106
80 142
80 214
81 110
81 134
81 266
82 225
83 119
83 120
83 204
83 235
83 249
83 291
83 315
84 109
84 168
84 234
85 90
85 107
85 121
85 123
85 127
85 206
85 210
85 238
85 253
86 160
87 123
87 126
87 257
88 124
88 266
89 100
89 168
89 187
89 207
89 234
89 259
89 309
89 312
90 104
90 121
90 122
90 128
90 131
90 147
90 178
90 189
90 203
90 215
90 219
90 235
90 296
90 305
91 129
91 206
92 109
92 124
93 133
93 143
93 234
93 264
93 278
93 279
95 123
95 172
95 201
95 203
95 212
95 222
95 234
95 246
95 299
96 126
96 241
97 149
97 244
98 121
98 127
98 128
98 134
98 168
98 180
98 264
98 280
99 121
99 122
99 124
99 127
99 132
99 153
99 164
99 183
99 189
99 202
99 203
99 206
99 213
99 246
99 262
99 283
99 313
100 107
100 109
100 121
100 124
100 126
100 127
100 135
100 152
100 159
100 231
100 234
100 235
100 238
100 241
100 306
101 121
101 124
101 138
101 181
101 194
101 200
101 277
102 140
102 165
103 193
103 220
103 257
104 115
104 125
104 165
104 215
104 266
105 106
105 217
105 219
106 124
106 130
106 147
106 239
106 309
107 172
108 124
108 127
109 122
109 123
109 224
109 234
109 283
109 297
110 123
110 129
110 180
110 207
110 221
110 238
110 271
110 288
110 304
110 313
111 137
111 203
111 204
111 226
111 231
111 234
111 286
112 122
112 215
113 124
113 129
113 218
113 267
114 122
115 188
115 282
116 151
116 204
117 122
117 134
117 175
117 185
117 206
117 235
117 304
118 245
119 166
119 257
120 167
120 191
120 245
120 299
121 122
121 128
121 131
121 149
121 150
121 154
121 162
121 169
121 191
121 202
121 210
121 216
121 226
121 245
121 253
121 285
121 310
122 124
122 129
122 144
122 157
122 159
122 191
122 204
122 217
122 219
122 280
122 302
123 168
123 170
123 201
123 204
123 232
123 233
123 237
123 238
123 243
123 267
123 280
123 288
123 314
124 127
124 129
124 130
124 154
124 158
124 159
124 160
124 170
124 180
124 183
124 188
124 189
124 204
124 216
124 235
124 260
124 264
124 269
124 304
125 127
125 129
125 146
125 147
125 163
125 173
125 179
125 181
125 189
125 200
125 222
125 288
125 290
125 293
125 305
126 129
126 137
126 180
126 183
126 237
126 264
126 271
126 291
127 128
127 130
127 136
127 141
127 158
127 159
127 174
127 175
127 180
127 234
127 245
127 264
128 134
128 158
128 203
128 204
128 226
128 232
128 233
128 236
128 243
128 301
128 309
129 141
129 155
129 173
129 197
129 231
129 234
129 235
129 252
129 257
129 267
129 273
129 296
129 299
129 309
130 215
130 278
131 170
131 263
132 173
133 135
133 158
133 234
133 235
133 288
134 135
134 136
134 152
134 160
134 169
134 185
134 241
135 153
135 168
135 212
135 237
135 255
136 140
136 228
138 183
138 285
139 157
139 166
139 168
139 185
139 216
140 157
140 166
140 216
140 282
140 288
141 230
141 233
142 182
142 219
142 234
143 204
143 233
143 266
144 146
144 154
144 183
144 184
144 253
144 299
145 206
145 211
145 234
145 250
147 163
147 220
147 268
148 298
149 173
149 214
149 308
151 304
152 202
152 206
153 168
153 216
153 237
155 251
155 304
156 217
156 264
156 287
157 220
157 225
157 285
158 165
158 212
158 223
158 302
160 163
160 180
160 189
160 235
160 272
160 309
161 173
161 232
162 257
163 302
164 226
164 247
165 200
165 266
165 280
165 313
166 185
166 198
166 202
166 235
166 257
166 264
167 209
168 223
168 232
168 234
168 241
168 252
168 258
168 279
169 233
169 255
169 267
169 311
170 280
171 269
171 278
172 192
172 194
172 234
173 185
173 198
173 223
174 266
175 196
176 199
177 204
177 226
177 276
180 182
180 195
180 215
180 230
180 263
180 280
181 261
182 188
182 200
182 292
182 297
182 299
183 233
183 266
184 203
184 240
185 204
185 292
186 314
187 218
187 247
188 309
189 228
189 232
189 252
189 255
189 279
190 241
191 220
192 266
192 293
194 235
195 204
195 226
195 232
195 235
195 286
195 293
197 226
197 266
197 276
198 223
199 204
199 236
200 209
200 235
201 203
201 208
201 240
202 206
202 218
202 253
202 286
202 299
203 215
204 206
204 217
204 221
204 228
204 234
204 241
204 285
204 304
205 240
206 217
206 271
206 283
206 293
207 235
207 258
207 266
208 282
209 234
210 253
210 283
210 313
212 280
213 255
215 258
216 234
216 257
216 309
217 299
218 221
218 267
218 268
219 259
219 268
220 232
222 241
222 255
223 268
223 302
224 304
225 233
225 288
226 233
226 234
226 237
226 238
226 276
226 288
228 229
228 255
231 240
231 251
231 304
232 233
232 234
232 237
232 238
232 252
232 261
232 266
232 285
232 288
232 309
233 241
233 253
233 268
233 271
234 274
234 278
234 311
235 259
235 262
235 292
236 311
238 261
238 291
240 241
240 243
241 245
241 280
245 304
246 259
246 273
246 298
249 299
250 260
255 266
259 266
259 305
260 264
261 275
262 312
264 266
266 267
267 271
267 290
267 293
269 276
274 304
277 291
277 301
279 299
281 304
282 283
286 309
309 310
