0 29
0 34
0 126
0 134
0 182
0 243
0 247
0 288
1 111
1 124
1 125
1 201
1 231
1 234
1 302
2 10
2 17
2 35
2 77
2 90
2 110
2 121
2 124
2 126
2 209
2 232
2 235
2 237
2 266
2 271
3 124
3 185
3 201
3 203
3 279
3 311
4 13
4 55
4 60
4 84
4 89
4 104
4 122
4 139
4 176
4 185
4 187
4 233
4 235
5 18
5 23
5 42
5 48
5 70
5 77
5 79
5 121
5 122
5 174
5 182
5 211
5 216
5 257
5 276
5 285
5 306
5 309
6 13
6 100
6 151
6 152
6 161
6 233
6 234
6 266
7 12
7 17
7 38
7 51
7 52
7 61
7 82
7 99
7 180
7 212
7 219
7 310
8 106
8 122
8 201
9 56
9 204
9 235
9 237
10 54
10 147
10 288
12 80
12 112
12 125
12 204
12 220
12 233
12 253
12 267
12 302
13 35
13 65
13 73
13 138
13 195
13 199
13 304
14 28
14 122
14 134
14 136
14 234
14 267
15 40
15 46
15 52
15 123
15 126
15 186
15 292
16 41
16 175
16 225
16 235
16 278
16 280
16 309
17 61
17 76
17 77
17 100
17 123
17 221
17 232
17 250
17 287
17 295
18 24
18 133
18 171
18 202
18 275
18 301
19 40
19 134
19 151
19 234
19 271
20 111
20 127
20 155
20 202
20 232
20 236
20 285
20 288
21 124
21 126
21 289
22 38
22 51
22 69
22 75
22 79
22 129
22 222
23 37
23 40
23 121
23 125
23 144
23 163
23 233
24 81
24 100
24 106
24 124
24 215
25 227
26 44
26 124
26 128
26 163
26 182
26 233
26 308
27 99
27 185
28 41
28 56
28 65
28 97
28 110
28 128
28 163
28 246
28 313
29 42
29 44
29 49
29 52
29 58
29 96
29 128
29 133
29 166
29 220
29 265
30 75
30 100
30 183
30 256
31 41
31 66
31 82
31 91
31 162
31 279
31 291
32 85
32 120
32 124
32 158
32 239
32 299
33 56
33 86
33 163
33 174
33 267
34 98
34 119
34 123
34 165
34 172
34 173
34 246
35 76
35 95
35 100
35 121
35 124
35 127
35 128
35 147
35 163
35 166
35 185
35 188
35 217
35 223
35 232
35 236
35 241
35 281
35 306
36 122
36 129
36 132
36 159
36 166
36 168
36 204
36 210
37 50
37 52
37 73
37 90
37 111
37 122
37 124
37 217
37 267
37 279
37 292
37 309
38 73
38 158
38 235
38 241
38 266
39 125
39 196
39 219
39 232
39 264
39 271
39 315
40 54
40 64
40 72
40 84
40 105
40 111
40 112
40 126
40 129
40 257
40 278
40 314
41 77
41 80
41 160
41 172
41 193
41 215
41 259
41 262
42 90
42 105
42 124
42 125
42 126
42 162
42 171
42 188
42 223
42 257
43 130
43 159
43 163
43 175
43 266
43 286
44 68
44 126
44 201
44 226
44 235
44 264
45 51
45 267
46 168
47 122
47 226
48 85
48 206
48 209
48 234
48 266
49 80
49 100
49 218
49 232
49 309
50 94
50 125
51 123
51 134
52 109
52 153
52 163
52 215
52 217
52 234
52 288
53 124
53 127
54 99
54 117
54 125
54 134
54 165
54 181
54 252
55 61
55 66
55 77
55 89
55 124
55 186
55 195
55 216
55 306
56 93
56 121
56 123
56 197
56 233
57 178
57 198
57 286
58 189
58 195
59 95
59 114
59 125
59 127
59 129
59 139
59 158
59 173
59 180
59 192
59 204
59 213
59 233
59 267
59 273
59 279
60 97
60 246
60 280
60 286
61 85
61 134
61 143
61 175
61 195
61 238
61 292
61 305
61 307
62 213
62 219
63 128
64 126
64 141
65 110
65 123
65 126
65 266
66 90
66 128
66 166
66 220
67 77
67 121
67 168
67 245
67 266
68 107
68 124
68 180
69 110
69 183
70 85
70 122
70 232
70 252
71 110
71 160
71 218
71 232
71 288
72 94
72 234
72 249
73 81
73 99
73 100
73 128
73 140
73 201
73 265
73 267
73 288
73 315
74 200
74 223
75 122
75 124
75 127
75 177
75 199
75 212
75 218
75 223
75 264
75 271
76 89
76 110
76 121
76 122
76 123
76 134
76 138
76 155
76 160
76 204
76 209
76 233
76 235
76 241
76 283
77 79
77 100
77 104
77 122
77 127
77 156
77 222
77 232
77 233
77 238
77 246
77 250
77 273
77 276
78 279
78 309
79 107
79 143
79 207
79 217
80 134
80 144
80 201
80 224
80 235
80 256
80 271
80 277
81 105
81 121
81 123
81 124
81 125
83 147
83 195
83 207
83 266
83 275
83 285
83 314
84 123
84 145
84 154
84 195
84 309
85 90
85 92
85 95
85 100
85 106
85 189
85 226
85 239
85 265
85 272
85 282
86 99
86 281
87 194
87 212
87 254
87 314
88 226
89 122
89 124
89 125
89 163
89 166
89 210
89 219
89 232
89 290
89 315
90 105
90 110
90 121
90 122
90 123
90 124
90 129
90 155
90 162
90 165
90 187
90 208
90 213
90 233
90 252
90 257
90 267
90 287
91 122
91 176
91 185
91 285
92 154
93 111
93 134
94 125
94 236
95 125
95 171
95 234
95 237
95 279
95 296
96 163
96 215
96 240
97 141
97 232
97 234
97 235
97 246
97 265
98 99
98 121
98 128
98 185
99 107
99 126
99 128
99 134
99 137
99 140
99 166
99 191
99 223
99 230
99 233
99 235
99 309
100 119
100 126
100 150
100 163
100 188
100 204
100 208
100 297
100 302
101 121
101 124
101 125
101 204
101 223
101 235
102 237
102 296
103 194
103 204
103 225
103 247
104 122
104 124
105 129
105 188
105 219
105 233
105 261
105 281
106 121
106 134
106 148
106 158
106 202
106 232
106 278
107 245
107 313
108 128
108 188
109 129
109 191
110 128
110 138
110 150
110 153
110 158
110 204
110 232
110 238
110 257
110 280
110 312
111 113
111 123
111 256
112 121
112 122
112 129
112 143
112 187
112 188
112 241
112 304
113 290
114 203
115 124
115 127
115 143
115 187
115 236
115 265
115 266
117 123
117 127
117 149
117 155
117 186
117 219
117 220
117 236
117 238
117 245
118 131
118 257
119 309
120 201
121 122
121 123
121 124
121 127
121 136
121 142
121 158
121 162
121 166
121 182
121 200
121 204
121 208
121 223
121 236
121 266
121 274
121 312
122 127
122 138
122 143
122 150
122 216
122 219
122 243
122 245
122 246
122 274
122 281
122 284
122 288
122 291
122 309
122 315
123 124
123 129
123 140
123 144
123 160
123 173
123 180
123 182
123 219
123 225
123 232
123 235
123 261
123 264
123 296
123 304
123 309
124 128
124 131
124 139
124 155
124 169
124 175
124 182
124 185
124 188
124 206
124 228
124 268
124 271
124 283
124 302
124 314
125 127
125 129
125 179
125 183
125 195
125 210
125 215
125 222
125 226
125 235
125 250
125 265
125 274
126 128
126 135
126 139
126 152
126 155
126 159
126 175
126 176
126 187
126 192
126 228
126 232
126 255
126 259
126 275
126 288
126 295
127 128
127 129
127 134
127 144
127 147
127 160
127 162
127 164
127 179
127 219
127 259
128 129
128 135
128 137
128 175
128 195
128 226
128 227
128 232
128 233
128 234
128 271
128 294
128 304
128 310
128 314
129 140
129 155
129 181
129 182
129 183
129 192
129 210
129 216
129 219
129 235
130 226
130 243
130 292
131 188
131 228
131 234
131 235
131 257
131 271
131 282
132 157
132 198
132 201
132 232
132 313
133 212
133 223
134 160
134 163
134 218
134 233
134 243
134 275
135 144
135 166
135 204
135 233
135 272
137 200
137 204
137 218
137 235
138 246
138 313
139 178
139 197
139 210
139 260
140 160
140 235
140 283
140 285
141 144
141 177
141 188
141 207
141 233
141 234
143 165
144 176
145 271
146 174
146 239
146 299
147 189
147 203
147 235
147 236
147 255
148 228
148 234
149 201
149 209
150 152
151 153
151 202
151 277
152 155
152 202
153 263
153 265
154 283
155 181
155 259
157 168
157 208
158 219
158 238
158 247
158 279
158 284
159 165
160 189
160 223
160 233
160 262
162 200
162 218
162 280
162 304
163 199
163 225
163 237
163 261
163 311
165 175
166 195
166 207
166 238
166 243
167 197
167 235
167 275
167 280
168 199
168 201
168 246
168 250
168 259
169 201
170 174
170 226
172 245
172 267
173 280
174 206
174 209
174 275
175 225
176 195
177 262
180 193
180 208
180 246
180 275
181 204
181 304
182 207
182 261
183 309
184 268
186 226
188 195
189 217
189 232
189 286
190 232
190 291
190 312
191 231
192 224
192 257
192 304
193 212
193 239
193 266
194 243
195 199
195 200
195 235
195 240
195 259
195 267
195 279
195 281
195 292
196 197
196 232
196 237
197 264
198 233
199 200
199 214
199 240
199 274
200 212
200 257
200 266
200 280
200 296
201 234
201 279
201 283
202 222
203 272
203 294
204 217
204 220
204 233
204 246
204 252
204 255
204 265
206 209
206 213
206 233
206 234
207 266
208 279
209 243
212 217
212 236
212 237
212 262
212 267
212 293
212 306
214 218
214 223
214 227
214 304
216 226
216 309
217 261
217 270
217 279
218 283
218 302
218 314
219 232
219 241
219 266
219 307
220 252
222 282
222 309
223 243
223 271
225 235
226 232
226 233
226 246
226 260
226 278
226 279
226 305
227 235
228 298
232 233
232 234
232 241
232 293
233 257
233 266
233 304
234 235
234 279
234 285
235 261
235 280
235 309
236 241
238 298
238 311
240 252
240 273
241 264
241 293
243 264
243 285
245 304
246 309
247 273
247 279
249 309
255 304
259 304
261 273
262 276
264 296
265 283
266 292
273 313
276 308
277 296
278 309
281 297
286 314
288 310
291 305
296 309
299 314
304 309
