0 124
0 126
0 128
1 57
1 87
1 167
1 170
1 279
2 83
2 126
2 169
2 266
3 51
3 77
3 100
3 122
3 217
3 228
3 235
3 257
4 7
4 74
4 106
4 117
4 125
4 126
4 134
4 137
4 144
4 224
5 9
5 15
5 59
5 91
5 92
5 100
5 112
5 122
5 125
5 127
5 204
5 210
5 212
5 215
5 223
5 232
5 238
5 257
5 258
6 30
6 70
6 73
6 82
6 89
6 99
6 124
6 226
6 233
6 238
6 244
6 273
7 35
7 39
7 94
7 214
7 232
7 234
7 278
8 99
8 193
8 285
9 36
9 59
9 84
9 124
9 125
9 219
10 39
10 110
10 180
10 207
10 257
10 292
10 301
11 15
11 51
11 122
11 236
11 258
12 142
12 176
12 260
12 266
13 43
13 124
13 127
13 146
13 159
13 298
13 309
14 40
14 76
14 125
14 185
14 293
14 299
15 90
15 110
15 128
15 207
15 216
16 31
16 98
16 180
16 253
17 69
17 111
17 121
17 162
17 175
17 183
17 186
17 194
17 206
17 219
17 226
17 233
17 247
17 285
17 291
18 35
18 61
18 128
18 129
18 157
18 168
18 233
19 125
19 127
19 128
19 165
19 173
19 237
19 274
19 315
20 36
20 39
20 61
20 64
20 84
20 99
20 121
20 188
21 100
21 125
21 126
21 128
22 144
22 164
22 166
22 232
22 310
23 38
23 42
23 67
23 123
23 132
23 266
24 42
24 62
24 121
24 123
24 208
24 232
24 238
24 257
24 289
25 36
25 116
25 162
25 258
26 31
26 178
27 200
28 100
28 106
28 108
28 134
28 153
28 160
28 167
28 235
28 247
28 261
28 266
28 271
28 286
28 288
29 39
29 73
29 124
29 143
29 217
29 246
29 266
30 310
31 76
31 90
31 95
31 122
31 126
31 139
31 241
31 266
31 272
32 70
32 76
33 49
33 132
34 36
34 55
34 89
34 128
34 141
34 302
35 40
35 87
35 106
35 119
35 121
35 122
35 125
35 127
35 129
35 163
35 173
35 174
35 180
35 187
35 195
35 199
35 246
35 261
35 275
35 285
36 92
36 108
36 121
36 174
36 201
36 203
36 220
36 232
36 233
36 234
36 237
36 257
36 266
36 295
36 297
36 309
37 122
37 125
37 131
37 236
37 266
38 48
38 65
38 73
38 98
38 151
39 88
39 93
39 117
39 176
39 245
40 42
40 75
40 124
40 126
40 143
40 153
40 163
40 165
40 168
40 209
40 235
40 252
40 259
40 301
41 45
41 53
41 126
41 132
41 169
41 249
41 304
42 134
42 173
42 193
42 202
42 235
42 258
42 304
44 76
44 89
44 99
44 150
44 158
44 252
44 279
44 295
45 237
46 126
46 169
46 204
47 103
47 107
47 125
47 201
48 223
48 233
49 112
49 121
49 134
49 154
49 167
49 173
49 233
49 271
50 106
50 121
50 165
50 226
50 232
50 266
51 77
51 117
51 121
51 127
51 176
51 187
51 193
51 228
52 75
52 115
52 232
52 288
53 97
53 126
53 128
53 197
53 255
53 299
54 89
54 99
54 122
54 155
54 243
55 105
55 128
55 144
55 266
56 110
56 198
56 206
56 234
56 298
56 304
57 120
57 126
57 150
57 165
57 170
57 183
57 271
57 278
57 279
58 85
58 88
58 121
58 139
58 140
59 129
59 169
59 231
59 235
60 69
60 81
60 100
60 121
60 135
61 76
61 188
61 214
61 251
61 266
61 301
62 124
62 221
62 241
63 173
63 304
64 158
65 247
66 76
66 124
66 140
66 180
66 195
66 200
66 232
66 235
66 246
66 286
67 100
67 106
67 204
67 233
67 281
68 76
68 126
68 203
68 250
68 277
69 122
69 128
69 278
70 125
70 133
71 117
71 126
71 226
72 103
72 121
72 123
72 129
72 137
72 157
72 204
72 221
72 238
73 190
73 241
74 195
74 245
75 86
75 100
75 121
75 165
75 168
75 192
75 226
75 243
75 269
75 298
76 102
76 108
76 111
76 144
76 149
76 182
76 207
76 246
76 255
76 256
76 259
76 266
76 278
76 285
77 92
77 107
77 110
77 123
77 124
77 126
77 127
77 135
77 183
77 188
77 197
77 204
77 206
77 227
77 259
77 263
78 106
78 124
78 266
79 233
79 304
79 307
80 122
80 128
80 138
80 224
80 232
80 266
81 84
81 195
81 273
82 148
82 266
82 273
83 112
83 120
83 125
83 232
83 233
84 217
84 260
85 90
85 124
85 127
85 134
85 195
85 228
85 232
85 233
85 265
85 266
85 311
86 129
86 160
86 223
87 90
87 233
87 235
87 304
88 132
88 226
89 104
89 159
89 235
89 259
89 304
90 98
90 111
90 122
90 125
90 128
90 129
90 160
90 162
90 163
90 173
90 237
90 266
90 308
91 226
92 131
93 117
93 162
93 243
95 133
95 155
95 204
95 233
95 245
95 269
96 104
96 226
96 233
96 252
97 235
98 200
98 259
98 268
99 121
99 128
99 148
99 149
99 156
99 160
99 168
99 191
99 197
99 233
99 237
99 304
100 112
100 113
100 128
100 147
100 155
100 160
100 180
100 195
100 199
100 267
100 280
101 232
103 123
103 227
103 243
103 296
104 126
104 285
105 142
105 160
105 296
106 122
106 126
106 133
106 134
106 171
106 175
106 182
106 204
106 232
106 309
106 314
107 121
107 185
107 228
107 269
108 126
108 157
108 275
108 312
109 144
109 188
109 268
110 123
110 127
110 146
110 156
110 166
110 252
111 122
111 157
111 182
111 202
111 233
112 125
112 127
112 140
112 208
113 124
113 234
113 252
113 283
114 119
114 129
114 221
115 193
115 206
115 287
116 122
116 123
116 137
116 231
116 262
117 122
117 125
117 158
117 179
117 183
117 186
117 241
117 243
117 267
117 304
118 123
118 125
119 197
119 224
119 232
119 271
120 258
120 266
120 296
120 311
121 124
121 129
121 151
121 173
121 179
121 188
121 189
121 204
121 218
121 223
121 232
121 234
121 235
121 246
121 252
121 265
121 266
121 267
121 282
121 291
122 123
122 126
122 134
122 154
122 168
122 181
122 185
122 192
122 206
122 219
122 220
122 226
122 232
122 234
122 250
122 257
122 276
122 279
122 283
122 309
123 124
123 127
123 128
123 144
123 154
123 167
123 171
123 186
123 190
123 195
123 199
123 204
123 207
123 211
123 218
123 219
123 264
123 274
123 292
123 294
123 299
123 302
124 126
124 128
124 164
124 168
124 200
124 201
124 202
124 205
124 206
124 218
124 233
124 243
124 273
124 279
124 285
124 286
124 314
125 129
125 134
125 170
125 180
125 182
125 184
125 188
125 201
125 219
125 234
125 235
125 241
125 253
125 279
125 292
125 304
125 309
126 130
126 133
126 139
126 142
126 144
126 158
126 166
126 188
126 204
126 222
126 226
126 263
126 267
126 270
126 286
126 288
126 289
126 290
126 304
127 158
127 163
127 167
127 174
127 185
127 202
127 226
127 239
127 263
127 279
127 292
127 293
128 139
128 160
128 166
128 180
128 181
128 186
128 189
128 203
128 207
128 220
128 268
128 274
128 293
129 144
129 160
129 161
129 189
129 192
129 193
129 204
129 206
129 226
129 233
129 238
129 241
129 248
129 251
129 261
129 271
129 314
130 143
130 157
131 256
131 257
131 262
132 189
132 232
133 200
133 235
134 147
134 160
134 162
134 164
134 180
134 188
134 191
134 192
134 204
134 213
134 219
134 247
134 264
134 266
134 309
135 137
135 206
137 192
139 162
139 208
139 210
140 157
140 227
140 234
140 252
140 286
141 172
141 232
143 151
143 204
143 233
143 246
143 302
144 204
144 262
144 276
144 279
145 226
147 203
148 184
149 174
149 189
149 199
149 263
151 174
151 261
152 233
152 250
153 156
154 195
154 309
155 183
155 199
155 204
157 253
157 257
158 189
158 216
158 223
158 236
158 266
158 276
158 288
159 232
160 168
160 199
160 206
160 210
160 236
160 237
160 250
160 253
162 178
162 207
163 174
163 210
163 279
163 307
165 246
166 174
166 209
166 279
166 288
166 293
166 294
168 175
168 195
168 197
168 274
168 278
169 199
169 202
169 203
169 232
169 233
169 241
170 173
170 236
170 275
170 280
171 235
171 279
172 215
172 280
172 293
172 301
173 201
173 217
173 221
173 226
173 234
173 309
174 257
175 292
176 181
176 235
176 237
176 267
178 257
178 279
180 218
180 229
180 232
180 257
180 266
181 198
181 238
182 238
182 267
182 314
183 189
183 232
183 266
184 232
185 246
185 283
185 301
186 200
186 271
187 246
188 244
188 291
189 226
189 239
189 257
189 276
192 234
192 274
193 259
195 196
195 234
195 314
197 216
197 234
197 278
197 300
198 210
198 232
199 204
200 234
200 264
200 307
201 204
201 207
201 223
201 287
202 262
204 216
204 229
204 241
204 250
204 275
204 304
204 314
204 315
206 257
206 267
206 275
207 268
207 278
211 272
212 226
212 309
214 264
215 220
215 231
215 246
215 264
215 303
216 217
216 280
217 223
217 259
217 296
217 313
218 237
218 238
218 255
218 279
219 244
219 255
220 221
220 226
220 295
221 222
221 230
221 232
221 251
221 275
223 233
223 234
223 309
224 261
225 235
226 228
226 232
226 241
226 273
226 289
227 263
229 288
229 289
230 233
232 233
232 258
232 259
232 262
232 304
233 264
233 267
233 268
233 286
234 238
234 252
234 264
235 240
235 246
236 263
236 274
237 279
237 304
238 257
238 259
238 304
238 306
238 308
239 243
239 251
242 280
243 304
244 291
245 253
245 264
247 264
249 267
249 268
250 293
252 284
253 304
257 315
259 262
259 266
259 314
261 305
263 299
264 278
266 278
267 280
273 286
273 302
274 303
276 301
279 299
280 292
292 304
297 299
