0 129
0 132
0 134
0 226
0 252
0 289
1 219
2 10
2 35
2 102
2 115
2 125
2 196
2 279
3 40
3 86
3 121
3 124
3 127
3 135
3 147
3 150
3 226
3 232
4 98
4 111
4 125
4 129
4 160
4 169
4 200
4 204
4 262
5 34
5 54
5 81
5 84
5 98
5 126
5 129
5 135
5 158
5 160
5 165
5 174
5 180
5 216
5 223
5 232
5 235
5 304
6 28
6 55
6 61
6 66
6 72
6 73
6 106
6 121
6 143
6 254
6 293
6 295
6 311
7 17
7 62
7 72
7 103
7 125
7 127
7 163
7 166
7 189
7 191
7 218
7 232
7 253
7 266
7 279
7 286
7 294
7 309
8 106
9 59
9 128
9 131
9 155
9 220
9 267
10 76
10 121
10 123
10 146
10 187
10 192
10 220
11 132
11 144
12 39
12 90
12 100
12 115
12 140
12 219
12 234
12 309
13 18
13 57
13 106
13 110
13 123
13 124
13 207
13 217
13 221
13 223
13 233
13 264
13 266
14 124
14 165
14 201
14 235
16 166
16 206
16 210
17 41
17 107
17 129
17 158
17 182
17 232
17 233
17 238
17 279
17 281
17 304
17 309
18 69
18 99
18 162
19 46
19 231
19 233
19 236
19 267
20 74
20 108
20 110
20 139
20 209
20 221
20 275
21 29
21 71
21 76
21 160
21 233
22 117
22 187
22 279
23 33
23 54
23 125
23 147
23 165
23 183
23 223
23 231
24 89
24 99
24 124
24 212
24 220
25 73
25 98
25 128
25 236
25 309
26 121
26 187
26 204
27 124
27 125
27 219
27 235
27 285
27 312
27 313
28 59
28 68
28 121
28 125
28 293
29 51
29 99
29 104
29 126
29 183
29 235
29 236
29 238
29 298
30 33
31 51
31 76
31 127
31 128
31 129
31 176
31 219
32 65
32 123
32 142
32 247
32 309
33 81
33 85
33 125
34 106
34 129
34 204
34 314
35 40
35 47
35 52
35 59
35 103
35 129
35 160
35 174
35 215
35 221
35 236
35 237
35 300
36 95
36 125
36 135
36 140
36 200
36 219
36 232
36 243
36 282
37 68
37 77
37 82
37 100
37 118
37 126
37 168
37 184
37 232
37 280
38 206
38 219
39 57
39 78
39 100
39 168
39 183
39 227
39 243
39 278
40 43
40 48
40 89
40 93
40 101
40 120
40 195
40 216
40 279
41 52
41 60
41 80
41 99
41 113
41 131
41 140
41 157
41 216
41 235
41 266
41 283
41 299
41 314
42 126
42 129
42 158
42 218
43 232
44 121
44 199
44 210
44 237
44 250
45 158
45 166
45 279
46 182
47 115
47 124
47 125
47 219
47 273
47 276
48 106
48 205
49 54
49 85
49 87
49 188
49 215
50 133
50 246
51 52
51 84
51 121
51 182
51 201
51 204
51 239
51 280
51 292
51 300
52 61
52 88
52 115
52 182
52 223
52 250
53 151
53 191
53 196
53 253
54 71
54 102
54 111
54 114
54 123
54 124
54 127
54 206
54 235
54 309
55 149
55 221
55 294
56 62
56 132
56 154
56 174
57 111
57 122
57 144
57 180
57 195
57 208
57 219
57 226
58 99
58 122
58 124
59 72
59 82
59 94
59 110
59 121
59 125
59 127
59 128
59 167
59 201
59 219
59 264
59 275
59 286
59 292
59 314
60 218
60 266
61 77
61 124
61 126
61 127
61 134
61 143
61 167
61 174
61 204
61 224
61 233
62 127
62 218
62 232
62 266
62 275
62 291
64 217
65 72
65 120
65 180
65 266
66 111
66 117
66 137
66 144
66 223
66 237
67 178
67 233
67 309
68 142
68 173
70 76
70 181
70 227
70 240
70 257
71 123
72 111
72 114
72 234
72 238
72 288
73 98
73 111
73 122
73 126
73 179
73 195
73 221
73 222
74 77
74 124
74 223
74 259
75 77
75 84
75 123
75 128
75 134
75 189
75 206
75 233
75 274
75 282
76 88
76 102
76 129
76 158
76 160
76 183
76 187
76 204
76 233
76 234
76 235
76 247
76 259
76 261
76 286
76 304
76 309
77 99
77 118
77 135
77 147
77 160
77 174
77 185
77 206
77 226
77 235
77 247
77 252
77 266
77 271
77 282
78 195
79 99
79 210
79 309
79 312
80 90
80 95
80 124
80 126
80 168
80 252
80 285
81 90
81 297
82 158
82 220
82 233
82 261
83 122
83 128
83 180
83 284
84 90
84 110
84 129
84 233
84 313
85 86
85 100
85 111
85 121
85 123
85 142
85 177
85 182
85 212
85 232
85 235
85 247
85 272
85 274
86 90
86 123
86 126
86 216
86 237
87 91
87 238
88 126
88 296
89 102
89 124
89 175
89 185
89 188
89 223
90 99
90 103
90 105
90 111
90 124
90 140
90 162
90 165
90 195
90 207
90 256
90 308
91 106
91 112
91 122
91 201
91 238
92 122
92 233
93 127
93 188
93 232
93 250
95 105
95 108
95 129
95 154
95 164
95 165
95 276
95 283
95 304
96 209
96 234
97 106
97 126
97 135
98 117
98 144
98 226
98 247
98 250
98 303
99 106
99 116
99 120
99 135
99 136
99 193
99 219
99 246
99 272
99 304
100 121
100 124
100 125
100 128
100 134
100 140
100 147
100 187
100 220
100 226
100 232
100 251
100 275
100 288
100 314
101 232
102 125
102 143
102 221
102 246
103 122
103 207
103 237
103 299
103 301
104 126
104 155
104 260
105 144
105 163
105 198
105 199
105 241
105 246
105 253
106 128
106 170
106 180
106 201
106 223
107 180
107 226
107 262
107 273
108 144
108 195
108 220
108 233
109 268
110 111
110 144
110 217
110 233
110 269
110 283
111 124
111 151
111 204
111 253
111 286
112 120
112 126
112 135
112 153
112 221
113 130
113 310
115 122
115 129
115 215
115 234
116 124
116 174
117 121
117 126
117 165
117 180
117 184
117 238
117 294
118 199
119 193
120 235
120 255
120 311
121 128
121 129
121 138
121 173
121 176
121 182
121 193
121 201
121 204
121 208
121 212
121 213
121 226
121 235
121 253
121 267
121 285
121 297
122 123
122 128
122 129
122 153
122 154
122 158
122 163
122 168
122 170
122 177
122 178
122 192
122 200
122 202
122 204
122 214
122 220
122 222
122 223
122 230
122 233
122 243
122 249
122 257
122 267
122 279
122 304
123 129
123 166
123 168
123 175
123 177
123 183
123 186
123 191
123 193
123 204
123 220
123 233
123 261
123 263
124 125
124 128
124 129
124 140
124 153
124 157
124 160
124 187
124 197
124 203
124 207
124 219
124 220
124 223
124 232
124 246
124 273
125 127
125 130
125 152
125 173
125 215
125 223
125 301
125 304
126 127
126 143
126 152
126 153
126 189
126 191
126 195
126 202
126 219
126 245
126 256
126 283
126 299
126 304
126 309
126 312
126 314
127 141
127 158
127 159
127 183
127 200
127 208
127 210
127 219
127 220
127 224
127 229
127 232
127 234
127 241
127 243
127 262
127 263
127 266
127 267
127 273
127 293
127 309
128 140
128 151
128 158
128 159
128 189
128 201
128 228
128 230
128 234
128 266
129 134
129 142
129 160
129 162
129 167
129 168
129 172
129 185
129 191
129 197
129 210
129 220
129 232
129 234
129 250
129 252
129 275
129 304
129 309
130 201
130 297
131 134
131 141
131 180
131 192
131 233
132 174
132 232
132 252
132 273
133 162
133 180
134 156
134 157
134 201
134 202
134 215
134 226
134 234
134 240
134 293
134 297
134 300
135 191
136 155
136 241
137 207
137 298
139 181
139 182
139 188
139 201
139 204
139 226
139 313
140 177
141 192
141 268
142 207
142 304
143 166
143 169
143 264
143 272
145 160
145 236
145 241
146 168
147 160
147 269
147 279
150 224
151 176
151 203
152 158
152 192
153 166
153 186
153 226
154 162
155 277
158 276
158 290
160 205
160 208
160 217
160 219
160 221
160 232
160 253
160 266
160 309
161 165
161 204
162 195
162 201
162 224
162 234
162 295
163 207
163 244
163 245
163 271
164 279
165 212
165 235
165 278
165 279
166 265
167 208
167 219
167 227
168 186
168 231
168 254
169 232
169 282
170 202
170 241
170 266
170 272
171 283
171 284
172 307
173 200
173 226
173 234
174 195
174 207
175 288
176 204
177 237
177 309
178 198
180 203
180 217
180 233
180 267
180 292
180 297
180 303
180 311
181 259
182 225
183 201
183 212
183 241
183 247
183 273
184 235
185 199
185 232
185 304
186 279
187 219
187 277
188 210
188 271
188 279
189 216
189 237
189 268
189 288
189 309
189 313
191 226
191 228
191 288
191 291
192 292
194 266
195 241
195 267
195 283
195 312
196 199
197 217
197 232
198 232
198 240
199 279
199 309
200 217
200 219
200 239
200 304
201 249
201 252
201 284
202 216
202 226
202 292
204 219
204 235
204 236
204 245
204 266
205 270
205 292
206 219
206 267
206 313
207 233
207 250
209 237
210 238
211 288
212 267
212 282
215 234
217 238
218 286
220 266
220 279
220 294
221 238
221 307
222 226
222 232
223 232
223 233
223 291
223 309
225 267
225 292
226 241
226 271
226 280
226 304
228 266
228 305
232 233
232 234
232 235
232 236
232 279
232 312
233 238
233 255
233 256
233 257
233 268
233 271
233 309
234 235
234 241
234 245
234 255
234 267
234 268
234 303
235 245
235 248
235 256
235 261
235 285
235 296
236 266
236 291
236 299
237 279
237 312
238 291
239 266
239 271
239 307
241 247
241 282
242 250
243 279
247 289
252 273
252 309
253 273
257 270
257 290
258 313
259 264
259 294
260 304
264 291
264 296
266 270
266 309
266 315
267 302
271 279
277 300
291 314
292 311
306 309
