0 121
0 246
0 277
0 315
1 16
1 70
1 100
1 129
1 141
1 247
1 312
2 6
2 35
2 42
2 140
2 163
2 220
2 235
2 243
3 127
3 168
3 274
3 314
4 82
4 85
4 90
4 107
4 123
4 125
4 127
4 202
4 204
4 259
4 261
4 309
5 77
5 89
5 103
5 117
5 121
5 127
5 131
5 168
5 170
5 234
5 239
5 251
5 257
5 260
5 277
5 282
5 309
5 312
6 7
6 37
6 100
6 150
6 165
6 234
6 243
6 255
6 262
7 36
7 81
7 127
7 128
7 171
7 184
7 206
7 207
7 217
8 178
8 208
8 279
8 297
8 313
9 49
9 111
9 122
9 206
10 111
10 117
10 125
10 214
10 276
11 21
11 143
11 261
12 24
12 42
12 76
12 185
12 201
13 23
13 28
13 66
13 67
13 89
13 106
13 125
13 133
13 188
13 220
13 226
13 292
13 296
13 304
14 227
14 236
15 124
15 220
16 128
16 241
17 20
17 35
17 99
17 123
18 32
18 77
18 134
18 194
19 49
19 130
19 233
19 234
20 48
20 95
20 104
20 123
20 128
20 164
20 294
21 129
21 162
21 313
22 188
22 193
22 257
22 304
22 314
23 108
23 218
24 36
24 42
24 77
24 110
24 140
24 292
25 66
25 226
26 52
26 80
26 121
26 266
26 280
27 40
27 131
27 212
27 226
27 257
28 89
28 112
28 128
28 137
28 198
29 39
29 185
29 212
29 227
29 263
30 40
31 144
31 219
31 235
32 42
32 56
32 85
32 304
33 41
33 42
33 125
33 128
33 168
33 180
33 308
34 66
34 90
34 124
34 132
34 154
34 166
34 177
34 215
34 232
34 276
34 307
35 82
35 91
35 110
35 119
35 139
35 155
35 163
35 167
35 180
35 189
35 233
35 236
36 43
36 62
36 63
36 67
36 107
36 111
36 122
36 183
37 65
37 89
37 106
37 122
37 126
37 140
37 173
37 234
38 100
38 127
38 147
38 207
39 85
39 122
39 232
39 279
39 291
40 43
40 98
40 104
40 106
40 110
40 125
40 258
41 55
41 128
41 195
42 90
42 100
42 114
42 121
42 125
42 160
42 223
42 237
42 260
44 49
44 77
44 107
44 279
45 106
45 138
46 100
46 124
46 298
47 54
48 87
48 160
48 226
49 93
49 96
49 105
49 121
49 126
49 128
49 160
49 179
49 226
49 235
49 259
49 260
49 266
50 126
50 255
51 76
51 126
51 135
51 160
51 210
51 233
51 259
51 289
51 296
52 62
52 79
52 119
52 131
52 140
52 162
52 177
52 186
52 226
52 243
52 304
52 309
53 146
54 232
54 291
54 299
54 314
55 266
56 125
56 135
56 140
56 165
56 206
56 208
56 264
57 117
57 160
57 187
57 188
57 213
57 240
57 283
57 299
59 90
59 107
59 121
59 126
59 135
59 208
59 217
59 235
59 241
59 243
60 99
60 134
61 68
61 80
61 92
61 104
61 116
61 127
61 128
61 135
61 211
61 268
61 273
61 280
62 100
62 110
62 168
62 191
62 233
62 277
63 76
63 123
64 122
65 232
65 292
66 83
66 94
66 122
66 124
66 127
66 134
66 145
66 163
66 180
66 186
66 233
66 257
66 267
67 100
67 159
67 220
67 233
67 241
67 274
67 286
67 310
68 97
68 121
69 124
70 221
72 125
72 154
72 204
72 218
72 238
72 268
72 282
72 291
73 99
73 125
73 204
73 219
73 220
73 230
73 277
73 279
73 301
74 123
74 177
74 275
74 277
74 299
75 140
75 197
75 205
75 219
75 222
75 241
75 265
75 267
75 288
76 100
76 103
76 112
76 121
76 122
76 124
76 141
76 168
76 195
76 204
76 206
76 207
76 266
76 304
77 90
77 98
77 99
77 116
77 119
77 121
77 122
77 124
77 195
77 200
77 202
77 224
77 241
77 250
77 276
78 100
79 217
79 226
80 145
80 157
80 173
80 188
80 195
80 204
80 243
80 261
80 274
80 279
81 112
81 123
81 127
81 151
81 199
81 221
81 279
81 313
82 90
82 154
82 195
83 126
83 139
84 99
84 126
84 255
84 261
85 86
85 93
85 124
85 127
85 128
85 141
85 163
85 187
85 189
85 196
85 201
85 236
85 271
86 226
86 243
87 132
89 90
89 100
89 122
89 135
89 241
89 271
90 100
90 122
90 129
90 137
90 158
90 162
90 172
90 189
90 198
90 199
90 207
90 232
90 233
90 274
90 309
90 311
91 99
91 122
92 129
92 170
93 233
94 113
94 243
95 191
95 232
95 304
96 204
97 121
97 142
97 160
98 99
98 100
98 298
98 308
99 103
99 105
99 121
99 123
99 125
99 126
99 128
99 197
99 201
99 226
99 232
99 234
99 241
99 309
100 127
100 130
100 149
100 150
100 165
100 166
100 200
100 226
101 141
101 172
101 204
102 121
102 124
102 188
103 127
103 144
103 183
103 264
104 238
105 221
105 236
106 124
106 127
106 128
106 164
106 180
106 231
106 235
106 262
106 264
107 177
107 185
108 173
108 223
108 247
108 265
108 280
109 125
109 159
110 210
110 247
110 277
111 126
111 158
111 224
111 235
111 238
111 288
112 180
112 220
112 260
113 122
113 209
113 226
113 249
114 193
114 212
115 187
115 207
116 120
117 120
117 129
117 161
117 182
117 193
117 225
117 232
117 283
118 187
119 120
119 252
120 129
120 223
120 238
120 241
121 123
121 129
121 169
121 185
121 188
121 191
121 199
121 200
121 206
121 207
121 212
121 216
121 221
121 222
121 228
121 234
121 241
121 259
121 260
121 279
121 286
121 298
121 307
121 312
122 123
122 124
122 125
122 126
122 132
122 139
122 147
122 154
122 158
122 206
122 210
122 222
122 223
122 232
122 234
122 235
122 254
122 264
122 274
122 275
122 296
122 309
123 124
123 132
123 137
123 142
123 144
123 158
123 168
123 215
123 232
123 250
123 265
123 268
123 275
123 293
123 297
123 309
124 127
124 133
124 151
124 154
124 159
124 167
124 174
124 179
124 181
124 197
124 213
124 223
124 234
124 235
124 238
124 260
124 267
125 127
125 131
125 135
125 141
125 154
125 164
125 166
125 168
125 180
125 198
125 200
125 201
125 205
125 212
125 221
125 226
125 231
125 233
125 235
125 245
125 247
125 259
125 261
125 268
126 167
126 179
126 180
126 186
126 194
126 226
126 234
126 235
126 238
126 262
126 263
126 271
126 282
126 286
126 299
126 304
127 134
127 140
127 168
127 169
127 188
127 200
127 233
127 235
127 257
127 261
127 262
127 278
128 135
128 137
128 149
128 151
128 179
128 180
128 189
128 192
128 195
128 202
128 204
128 206
128 210
128 231
128 236
128 273
128 279
129 137
129 169
129 218
129 219
129 220
129 223
129 226
129 233
129 238
129 240
129 257
129 277
129 278
129 302
129 307
130 133
130 192
131 265
132 137
132 204
133 144
133 146
133 233
134 143
134 165
134 181
134 219
134 235
134 240
134 269
134 276
134 288
134 304
135 149
135 196
135 204
135 277
135 284
135 294
137 207
137 255
137 300
138 155
138 169
139 140
139 191
139 210
140 163
140 175
141 179
141 202
141 222
141 253
142 271
143 191
144 232
144 267
144 299
146 241
147 210
147 217
148 277
148 299
149 257
149 304
150 158
151 163
151 192
151 232
151 236
151 259
152 292
153 193
155 219
156 233
157 205
157 219
157 223
157 247
158 276
158 279
159 195
159 206
159 234
159 250
159 312
160 204
160 210
160 221
160 245
160 280
160 288
161 232
162 169
162 208
162 214
162 232
162 235
163 196
163 296
163 309
164 200
164 206
164 207
164 215
164 286
165 207
165 208
165 232
166 176
166 210
166 252
166 277
166 303
166 309
167 209
168 199
168 221
168 223
168 224
168 243
170 294
171 206
172 189
172 233
172 246
172 252
173 233
173 280
174 178
174 267
175 250
175 286
175 293
176 195
176 202
176 226
177 225
177 280
178 222
178 234
178 269
178 287
179 195
179 262
179 276
179 280
180 212
180 224
180 234
180 251
180 304
180 309
181 309
182 198
183 187
183 264
185 240
186 217
187 207
187 232
187 273
187 282
187 288
189 223
189 232
189 251
190 272
191 216
191 289
192 197
192 265
193 247
195 216
195 217
195 226
195 232
195 241
195 252
195 304
196 302
196 304
197 206
197 234
197 237
199 232
199 312
200 216
200 234
200 291
202 225
202 232
202 240
202 302
203 231
203 266
204 227
204 232
204 259
204 264
204 278
206 234
206 296
207 232
207 247
207 288
209 219
209 259
209 261
209 277
210 235
211 236
211 286
212 217
212 236
212 241
212 309
214 219
215 265
215 266
215 286
216 219
217 220
217 309
218 257
218 266
219 220
219 226
219 231
219 234
219 274
219 276
219 287
220 229
220 230
220 234
221 236
221 262
221 299
222 228
223 226
223 296
224 235
225 245
225 274
226 237
226 241
226 264
226 274
226 279
226 286
228 232
229 274
229 309
230 247
230 264
232 235
232 243
232 245
232 267
232 268
232 279
232 280
233 236
233 268
234 266
234 273
234 286
234 290
234 297
234 315
235 236
235 257
235 264
235 299
235 315
236 264
236 279
236 292
238 267
240 315
241 309
243 266
247 314
249 308
252 272
252 273
257 259
259 261
260 264
260 269
261 271
263 280
264 283
264 289
266 268
271 273
271 304
278 288
278 309
279 284
285 289
285 301
289 304
