0 59
0 98
0 122
0 202
1 122
1 174
1 202
1 204
2 79
2 120
2 122
2 175
2 195
2 235
3 28
3 35
3 36
3 70
3 90
3 91
3 100
3 122
3 205
3 235
3 254
4 11
4 59
4 127
4 157
4 202
4 233
4 241
4 289
5 27
5 33
5 106
5 124
5 137
5 219
5 221
5 245
5 247
5 250
5 288
5 291
5 296
6 20
6 29
6 42
6 99
6 135
6 141
6 195
6 219
6 233
6 235
7 15
7 18
7 103
7 237
7 272
7 309
8 245
8 255
9 85
9 212
9 244
9 246
9 247
9 257
10 35
10 47
10 127
10 129
10 234
11 44
11 122
11 168
11 188
12 126
12 142
12 182
12 241
13 61
13 90
13 99
13 121
13 223
13 237
13 267
13 278
13 283
14 28
14 35
14 49
14 51
14 63
14 86
14 224
15 33
15 233
16 40
16 67
16 85
16 162
17 35
17 59
17 111
17 123
17 173
17 224
17 282
18 64
18 200
18 233
18 255
18 267
18 285
18 314
19 128
19 268
19 278
20 29
20 110
20 119
20 124
20 146
20 153
20 165
20 195
20 228
20 234
20 240
21 28
21 54
21 56
21 70
21 115
21 135
21 165
21 170
21 203
21 240
22 63
22 85
22 96
22 121
22 233
23 123
23 226
23 252
23 262
24 35
24 52
24 76
24 123
24 134
24 149
24 151
24 233
24 309
25 73
25 106
25 160
25 204
26 234
27 121
27 123
27 125
27 126
28 76
28 124
28 235
28 271
28 292
28 315
29 39
29 65
29 133
29 147
29 153
29 214
29 219
29 232
29 241
29 249
29 309
30 72
30 79
30 221
30 304
31 134
31 188
31 222
31 238
31 266
31 281
32 123
32 124
32 125
32 126
32 128
32 185
32 193
32 195
32 201
32 204
32 246
32 249
33 75
33 121
33 122
33 174
33 199
34 35
34 75
34 117
34 124
34 130
34 169
34 186
34 214
34 228
35 49
35 50
35 79
35 91
35 100
35 104
35 121
35 124
35 125
35 129
35 168
35 186
35 189
35 219
35 224
35 228
35 247
35 275
35 289
35 304
36 59
36 117
36 121
36 195
36 219
36 225
36 233
36 241
36 282
36 285
36 311
37 109
37 126
37 155
37 231
37 234
37 266
38 125
38 312
39 67
39 76
39 123
39 138
39 149
39 157
39 181
39 202
39 233
39 234
39 266
39 277
40 76
40 85
40 99
40 122
40 126
40 127
40 147
40 163
40 225
40 226
40 235
40 256
41 42
41 116
41 135
41 217
41 223
41 234
41 241
41 266
41 271
41 297
41 301
42 89
42 99
42 100
42 126
42 129
42 204
42 228
42 255
43 127
44 84
44 123
44 209
44 211
44 218
44 223
44 227
44 236
45 151
45 217
46 124
46 296
47 196
47 262
48 134
48 234
48 279
49 76
49 78
49 129
49 139
49 189
49 192
49 275
50 76
50 124
50 126
50 216
50 264
50 273
51 85
51 91
51 96
51 112
51 131
51 233
51 246
51 264
51 304
52 77
52 92
52 124
52 129
52 139
53 76
53 99
53 121
53 188
53 232
53 257
53 285
54 70
54 73
54 124
54 181
54 233
54 241
54 286
55 277
56 117
56 126
56 223
56 241
57 62
57 84
57 137
57 226
57 232
58 61
58 100
58 239
59 85
59 134
59 172
59 189
59 260
61 125
61 126
61 218
61 293
62 99
62 126
62 170
65 128
65 170
65 180
65 266
66 74
66 110
66 123
66 126
66 129
66 146
67 75
67 78
67 122
67 169
67 176
67 187
67 202
67 234
68 111
68 126
68 282
69 140
69 151
70 74
70 76
70 107
70 129
70 262
72 114
72 131
72 139
72 298
73 99
73 109
73 219
73 225
73 233
73 244
73 246
74 110
74 273
75 125
75 127
75 135
75 158
75 180
75 193
75 227
75 232
75 286
75 297
76 89
76 98
76 99
76 100
76 122
76 124
76 129
76 135
76 143
76 202
76 204
76 229
76 233
76 235
76 240
76 252
76 264
76 267
76 286
76 299
77 96
77 98
77 134
77 136
77 137
77 142
77 162
77 165
77 168
77 204
77 226
77 235
78 85
78 165
78 263
79 99
79 233
79 275
80 90
80 177
80 216
80 255
80 271
80 299
80 304
81 90
81 106
81 126
81 232
81 233
82 123
82 128
82 212
82 237
83 125
83 128
83 135
83 216
84 230
84 309
85 90
85 122
85 123
85 127
85 128
85 136
85 152
85 203
85 233
85 260
85 279
85 286
85 309
86 89
86 108
86 143
86 167
86 169
86 233
86 234
86 309
86 311
87 113
87 122
87 218
87 223
87 254
88 122
88 193
89 117
89 124
89 129
89 186
89 207
90 109
90 168
90 183
90 210
90 225
90 226
90 235
90 239
90 246
90 258
91 120
91 158
91 304
92 117
93 120
93 128
93 180
93 201
93 219
93 223
94 112
94 129
95 104
95 182
95 203
95 222
95 233
95 315
96 125
96 234
96 310
97 98
97 104
97 109
97 257
98 110
98 111
98 219
98 226
98 240
98 246
99 105
99 111
99 116
99 124
99 130
99 163
99 175
99 176
99 200
99 207
99 223
99 234
99 237
99 243
99 252
99 264
99 267
99 309
100 110
100 117
100 124
100 125
100 163
100 164
100 181
100 201
100 215
100 226
100 246
100 253
100 305
101 128
101 304
102 223
103 180
103 204
103 241
104 115
104 121
104 200
104 232
104 236
105 126
105 165
105 173
105 239
106 133
106 160
106 174
106 192
106 203
106 234
106 308
107 255
108 134
108 238
108 264
110 163
110 192
110 209
110 234
110 246
110 253
110 267
110 309
111 121
111 123
111 155
111 166
111 197
111 209
111 279
111 285
112 123
112 180
112 181
112 192
112 235
112 236
112 302
112 306
113 123
113 197
115 129
115 155
115 299
116 117
116 127
116 130
116 134
117 123
117 153
117 205
117 232
117 233
117 235
117 240
117 284
117 292
118 276
119 129
119 246
119 272
119 273
120 160
120 199
120 201
120 207
121 122
121 123
121 125
121 127
121 128
121 144
121 158
121 168
121 173
121 175
121 176
121 187
121 204
121 216
121 229
121 232
121 233
121 235
121 237
121 238
121 252
121 280
121 292
122 123
122 126
122 127
122 128
122 132
122 142
122 144
122 154
122 160
122 183
122 184
122 187
122 192
122 201
122 208
122 209
122 212
122 221
122 230
122 232
122 246
122 264
122 308
122 314
123 125
123 127
123 129
123 140
123 148
123 158
123 160
123 174
123 194
123 215
123 220
123 232
123 234
123 261
123 267
123 286
123 292
124 125
124 126
124 131
124 135
124 144
124 166
124 171
124 177
124 183
124 191
124 192
124 195
124 199
124 201
124 202
124 215
124 226
124 228
124 234
124 259
124 272
124 274
124 288
125 156
125 165
125 168
125 173
125 187
125 188
125 195
125 202
125 218
125 221
125 229
125 231
125 240
125 259
125 261
125 279
126 134
126 141
126 173
126 177
126 192
126 204
126 210
126 220
126 223
126 234
126 238
126 243
126 250
126 257
126 259
126 263
126 264
126 278
126 288
126 291
126 292
126 296
127 129
127 198
127 202
127 230
127 232
127 233
127 234
127 235
127 255
127 266
127 274
127 280
127 300
127 311
128 129
128 132
128 141
128 153
128 154
128 164
128 165
128 212
128 219
128 226
128 232
128 233
128 234
128 243
128 257
128 261
128 278
128 290
129 135
129 159
129 162
129 165
129 174
129 183
129 184
129 201
129 204
129 219
129 228
129 233
129 234
129 287
129 288
129 292
129 299
130 142
130 168
130 206
130 226
130 235
130 264
130 309
131 206
131 309
132 309
133 173
133 204
133 243
133 289
133 301
134 150
134 151
134 167
134 234
134 249
134 271
134 274
134 309
135 155
135 231
136 165
137 191
137 226
137 282
138 188
139 223
139 254
139 308
140 234
140 304
140 305
141 147
141 233
143 207
144 155
144 181
144 217
144 223
144 232
144 233
144 241
144 273
145 204
146 247
146 299
147 167
147 180
147 226
147 304
148 160
148 231
148 247
148 283
149 304
151 212
151 266
152 155
152 169
152 266
153 166
153 197
155 191
155 210
155 218
155 226
155 273
155 278
155 309
156 231
156 279
157 185
157 199
157 215
157 256
158 161
159 210
159 227
159 293
160 161
160 168
160 189
160 202
160 207
160 215
160 221
160 240
160 266
160 304
161 222
162 231
162 271
163 177
163 179
163 269
163 279
163 309
164 180
165 172
165 180
165 185
165 280
165 299
166 176
166 180
168 207
168 224
168 266
169 249
169 287
169 291
170 219
171 195
172 309
173 268
174 184
174 186
174 241
175 233
175 234
176 236
176 245
176 287
177 247
178 232
178 233
178 234
178 293
179 268
180 181
180 232
180 261
180 264
180 304
181 197
181 235
181 267
182 208
183 201
183 217
183 299
185 217
185 253
186 223
186 232
186 274
188 204
188 207
188 211
189 219
189 276
190 194
191 266
192 282
195 226
195 232
195 253
199 250
200 233
201 259
201 275
202 207
202 225
202 232
202 253
202 286
203 267
203 279
204 209
204 217
204 219
204 229
204 233
204 239
204 267
204 293
204 311
206 208
206 233
206 262
206 274
207 279
209 233
209 293
209 309
210 220
210 225
211 233
211 288
212 279
214 226
214 235
215 241
215 271
215 297
216 232
216 247
216 248
218 233
218 261
218 309
219 222
219 223
219 233
219 235
219 245
219 295
219 299
219 313
220 296
220 302
220 306
221 279
223 228
223 234
223 246
223 291
226 232
226 233
226 261
226 279
226 281
226 314
227 243
227 279
228 243
229 304
231 301
232 246
232 262
232 273
232 279
232 280
232 291
232 309
233 234
233 235
233 253
233 264
233 271
233 277
233 299
234 235
234 266
234 267
234 281
234 285
234 287
234 288
234 299
234 302
234 314
235 236
235 246
235 269
235 279
235 283
235 315
236 257
236 304
236 305
236 308
238 285
241 306
241 312
242 291
246 254
246 279
246 283
246 296
249 280
252 289
253 268
256 258
256 304
257 273
257 278
259 261
259 265
263 283
264 289
266 279
266 286
267 272
267 273
267 286
273 287
280 303
280 308
292 314
309 314
