0 50
0 126
0 166
0 274
1 121
1 160
1 171
1 304
2 10
2 42
2 59
2 122
2 126
3 52
3 54
3 192
3 233
3 279
3 309
4 39
4 66
4 121
4 174
4 182
4 227
4 244
5 18
5 51
5 100
5 118
5 120
5 126
5 154
5 190
5 195
5 220
5 228
5 266
5 285
6 36
6 54
6 59
6 90
6 122
6 129
6 233
6 259
6 267
6 287
7 66
7 121
7 124
7 130
7 131
7 138
7 139
7 175
7 198
7 234
7 235
7 239
8 77
8 135
9 109
9 122
9 135
9 170
9 223
9 246
10 77
10 81
10 119
10 121
10 187
10 205
10 233
11 23
11 34
11 53
11 117
11 215
11 235
12 101
12 102
12 124
12 128
12 264
13 17
13 73
13 83
13 126
13 128
13 165
13 202
13 291
13 297
14 36
14 42
14 100
14 137
14 218
14 264
15 18
15 36
15 70
15 88
15 155
15 163
15 243
15 278
15 296
15 299
16 52
16 124
16 126
16 199
16 219
16 235
16 290
17 36
17 66
17 77
17 86
17 122
17 131
17 158
17 167
17 185
17 189
17 218
17 239
17 241
17 280
17 288
17 309
18 122
18 139
18 149
18 235
19 113
19 121
19 166
20 36
20 111
20 122
20 124
20 125
20 134
20 163
20 165
20 185
20 223
20 309
21 127
22 40
22 42
22 98
22 148
22 178
22 188
22 235
22 246
22 292
23 29
23 84
23 123
23 169
23 204
23 226
23 252
23 309
24 43
24 76
24 91
24 140
24 182
24 197
24 308
25 126
25 213
26 53
26 99
26 232
27 51
27 152
27 158
27 165
27 204
27 222
28 110
28 120
28 121
28 124
28 154
28 167
28 209
28 250
28 285
29 31
29 82
29 123
29 125
29 130
29 131
29 163
29 195
29 212
29 232
29 233
29 234
29 237
29 247
29 286
30 85
30 128
31 160
31 204
31 219
32 77
32 84
32 122
32 124
32 125
32 128
32 192
32 223
33 35
33 85
33 216
33 233
33 243
34 92
34 204
34 266
34 304
35 69
35 71
35 75
35 85
35 122
35 128
35 129
35 154
35 166
35 184
35 193
35 212
35 255
35 296
36 92
36 103
36 127
36 193
36 232
36 239
36 273
36 279
37 70
37 85
37 89
37 108
37 117
37 129
37 204
37 264
37 266
37 304
38 138
38 232
39 51
39 90
39 99
39 146
39 218
39 235
39 247
39 313
40 43
40 121
40 124
40 140
40 160
40 172
40 186
40 204
40 209
40 234
40 235
40 252
40 309
41 74
41 122
41 127
41 139
41 160
41 232
41 239
41 243
41 247
41 292
42 73
42 99
42 134
42 187
42 252
42 309
42 314
43 67
43 126
44 85
44 127
44 129
44 133
44 160
45 58
45 125
45 169
45 206
45 234
46 83
46 188
46 211
46 283
47 123
47 247
49 86
49 240
49 287
49 309
50 192
50 195
51 53
51 61
51 124
51 279
52 64
52 85
52 107
52 123
52 134
52 163
52 178
52 232
52 298
53 57
53 125
53 128
53 236
54 129
54 191
54 276
55 92
55 100
55 150
55 186
55 188
55 258
56 57
56 93
56 117
56 141
56 293
56 302
57 103
57 134
57 143
57 232
58 124
58 271
59 124
59 144
59 150
59 160
59 163
59 202
59 203
59 206
59 223
59 235
59 250
59 296
60 74
60 76
60 224
60 266
61 191
61 226
62 234
62 250
63 76
63 84
63 91
63 128
64 129
64 160
64 163
64 180
65 240
65 241
66 67
66 70
66 96
66 121
66 187
66 208
66 235
67 81
67 83
67 90
67 109
67 123
67 175
67 207
68 81
68 127
68 235
68 263
69 121
69 123
69 125
69 309
70 104
70 126
70 204
70 234
70 235
71 191
71 214
71 244
72 80
72 115
72 125
72 157
73 104
73 121
73 129
73 152
73 172
73 291
74 95
74 173
74 228
75 98
75 123
75 147
75 222
75 252
75 257
75 263
76 77
76 80
76 85
76 91
76 111
76 120
76 124
76 129
76 160
76 163
76 201
76 207
76 216
76 226
76 231
76 260
76 273
76 292
77 90
77 113
77 121
77 141
77 209
77 214
77 231
77 279
77 296
78 187
79 109
79 126
80 122
80 232
80 261
81 125
81 155
81 226
81 307
82 124
82 133
82 288
83 125
83 128
83 134
83 156
83 213
83 224
83 234
83 237
84 109
84 124
84 142
84 156
84 209
84 223
84 252
85 99
85 100
85 107
85 114
85 121
85 123
85 125
85 159
85 177
85 180
85 226
85 293
86 89
86 127
86 144
86 271
87 159
88 90
88 105
88 129
88 217
89 117
89 121
89 144
89 250
89 307
90 95
90 99
90 102
90 108
90 145
90 173
90 182
90 204
90 226
90 247
90 292
90 293
91 124
91 189
91 230
91 232
92 116
92 158
92 162
93 115
93 126
93 241
94 245
95 99
95 121
95 125
95 128
95 134
95 202
95 204
95 207
95 276
95 293
96 106
96 110
96 129
96 262
97 124
97 180
98 147
98 185
98 221
98 282
98 295
99 110
99 122
99 125
99 128
99 135
99 143
99 169
99 180
99 185
99 189
99 225
99 232
99 236
99 252
99 280
99 304
99 309
100 103
100 128
100 129
100 204
100 221
100 225
100 233
100 234
100 235
100 243
100 257
100 310
101 103
101 204
101 290
102 106
102 121
102 127
102 158
103 126
103 128
103 142
103 168
103 197
103 235
103 264
104 132
104 169
104 192
104 231
105 158
105 160
105 170
105 180
105 226
106 116
106 117
106 122
106 140
106 150
106 158
106 233
106 256
106 312
107 149
107 241
108 113
108 127
108 166
108 167
109 253
109 309
110 111
110 123
110 127
110 201
110 204
110 215
111 127
111 142
111 160
111 195
111 204
111 251
111 292
112 123
112 127
112 131
112 166
112 180
112 200
113 123
113 125
113 168
114 123
114 180
115 123
115 180
116 124
116 134
116 160
117 141
117 206
117 232
117 238
117 263
118 124
118 151
119 133
119 172
119 175
119 201
120 130
120 137
120 154
120 193
120 212
120 266
120 287
120 307
121 122
121 128
121 130
121 142
121 153
121 157
121 168
121 169
121 170
121 196
121 197
121 200
121 204
121 217
121 226
121 235
121 241
121 247
121 261
121 279
121 280
122 123
122 129
122 134
122 139
122 140
122 152
122 162
122 175
122 194
122 195
122 212
122 213
122 228
122 233
122 238
122 240
122 271
122 298
122 304
123 126
123 127
123 163
123 167
123 178
123 188
123 199
123 204
123 226
123 258
124 126
124 131
124 132
124 153
124 182
124 192
124 200
124 202
124 217
124 233
124 245
124 258
124 275
124 290
124 292
124 293
124 309
125 127
125 128
125 133
125 134
125 154
125 182
125 185
125 198
125 200
125 209
125 219
125 225
125 226
125 241
125 259
125 273
125 279
126 142
126 144
126 148
126 151
126 157
126 165
126 173
126 189
126 193
126 207
126 216
126 233
126 235
126 236
126 241
126 243
126 253
126 264
126 273
126 282
126 286
126 296
126 298
127 134
127 159
127 172
127 180
127 181
127 186
127 200
127 206
127 214
127 217
127 244
127 260
127 284
127 291
128 152
128 158
128 169
128 174
128 185
128 195
128 201
128 204
128 231
128 233
128 255
128 263
128 266
128 279
128 288
128 292
128 304
128 309
128 311
128 315
129 146
129 174
129 177
129 181
129 186
129 189
129 245
129 246
129 265
129 302
130 246
131 159
132 299
133 180
134 140
134 155
134 163
134 166
134 168
134 180
134 189
134 201
134 210
135 195
135 299
137 218
137 235
137 299
138 151
138 172
138 230
138 234
139 210
139 252
139 267
140 183
140 238
140 284
140 288
140 297
141 226
143 234
143 266
143 309
144 191
145 295
148 234
149 197
149 203
149 204
149 207
149 235
149 261
149 286
151 152
151 208
151 283
153 201
153 204
153 233
154 192
154 234
154 239
155 167
155 174
155 202
155 215
155 241
155 275
155 309
156 237
156 286
157 222
158 220
158 253
158 266
158 302
159 231
159 305
160 184
160 201
160 235
160 259
160 268
160 276
160 286
162 226
162 250
162 299
163 167
163 279
163 309
163 313
165 195
165 226
165 304
166 187
166 233
166 280
168 180
168 181
168 199
168 215
168 219
168 235
168 258
168 285
169 232
169 253
169 266
170 224
170 232
171 197
172 192
173 182
173 216
173 267
174 204
174 232
175 239
176 201
176 251
176 309
177 185
177 235
178 217
178 246
178 279
179 266
180 202
180 286
180 289
182 183
182 222
183 197
183 276
183 296
184 226
184 236
185 199
185 209
185 235
187 190
187 222
187 241
187 261
188 209
188 226
188 233
189 233
189 274
189 312
190 291
192 274
193 208
193 266
193 312
195 202
195 219
195 220
195 232
195 237
195 250
196 206
196 218
196 249
197 219
197 233
197 261
199 238
199 246
199 265
200 214
200 220
200 266
200 278
201 229
201 247
202 268
203 304
204 211
204 219
204 232
204 235
204 271
204 283
206 216
206 218
207 235
207 238
207 266
209 223
209 246
209 255
209 261
209 278
209 289
210 233
211 309
212 226
213 267
214 266
215 266
216 229
216 238
216 262
216 309
217 233
217 283
217 303
217 309
218 248
218 259
218 278
219 232
219 262
221 247
221 267
222 304
222 309
223 238
223 266
223 291
223 297
223 304
224 234
225 243
225 249
225 257
226 233
226 235
226 250
226 262
226 266
226 313
227 304
228 245
229 260
232 234
232 235
232 241
232 246
232 247
232 253
232 254
232 260
232 271
232 274
232 309
233 241
233 244
233 247
233 279
233 309
234 261
234 264
234 279
235 239
235 241
235 251
235 273
235 274
235 280
235 288
235 289
236 285
238 264
240 298
243 279
246 266
247 292
249 250
249 282
252 304
253 279
254 301
256 264
259 278
259 309
260 271
260 285
264 288
266 304
266 306
267 274
267 286
271 288
273 298
278 280
283 304
285 304
288 311
299 303
301 308
