0 162
0 304
1 7
1 72
2 61
2 76
2 209
2 217
2 276
2 288
2 299
3 56
3 99
3 128
3 160
3 223
3 304
4 22
4 73
4 76
4 111
4 121
4 159
4 182
4 217
4 264
5 18
5 19
5 67
5 76
5 121
5 122
5 124
5 169
5 179
5 195
5 226
5 232
5 246
5 292
5 311
5 313
6 9
6 43
6 47
6 92
6 121
6 123
6 127
6 155
6 195
6 200
6 216
6 217
6 225
6 229
6 232
6 268
7 35
7 36
7 90
7 114
7 121
7 122
7 126
7 129
7 223
7 232
7 234
8 44
8 56
8 60
8 64
8 77
8 272
9 76
9 81
9 85
9 88
9 131
9 206
9 218
9 219
9 308
10 40
10 61
10 122
10 166
10 169
10 185
10 204
10 206
10 217
10 238
10 241
10 279
11 44
12 20
12 21
12 73
12 93
12 122
12 169
13 24
13 73
13 89
13 124
13 138
13 186
13 197
13 206
13 244
13 266
14 31
14 76
14 215
14 232
14 246
14 267
14 276
15 18
15 78
15 105
15 165
15 174
15 197
15 267
16 129
16 133
16 160
16 168
17 27
17 36
17 49
17 56
17 74
17 121
17 133
17 152
17 172
17 273
18 41
18 59
18 85
18 172
18 217
19 100
19 117
19 127
19 201
19 202
20 99
20 100
20 131
20 135
20 152
20 168
20 176
20 212
20 216
20 231
20 232
21 178
21 253
22 125
22 178
22 195
22 205
22 268
23 72
23 100
23 250
24 28
24 73
24 124
24 154
24 278
25 288
26 73
26 100
26 117
26 120
26 123
26 279
27 223
27 234
27 309
28 32
28 85
28 110
28 127
28 157
28 215
28 226
29 36
29 59
29 100
29 108
29 128
29 234
29 252
29 264
30 243
31 35
31 59
31 102
31 127
31 220
31 275
32 41
32 129
32 226
32 240
33 121
33 140
33 198
33 234
33 277
34 37
34 105
34 154
34 164
34 170
34 226
34 232
34 262
35 41
35 42
35 57
35 67
35 69
35 90
35 107
35 127
35 129
35 166
35 180
35 182
35 233
35 235
35 252
35 259
35 266
35 283
36 77
36 126
36 127
36 168
36 197
36 235
37 47
37 73
37 77
37 98
37 206
37 234
37 261
38 204
38 262
38 268
39 42
39 79
39 127
39 206
39 232
40 46
40 55
40 120
40 126
40 203
40 211
40 217
40 226
40 235
40 241
40 280
41 59
41 110
41 127
41 139
41 175
41 238
42 117
42 126
42 129
42 204
42 206
42 273
42 285
43 100
43 125
43 136
43 176
43 279
44 264
44 275
44 279
44 292
45 174
45 238
47 55
47 65
47 73
47 76
47 240
47 304
48 100
48 306
49 77
49 91
49 110
49 128
49 196
49 202
49 236
50 129
51 128
51 158
51 166
51 253
51 267
52 110
52 129
52 163
52 233
52 253
52 261
52 274
52 315
53 121
53 125
54 117
54 127
54 141
54 199
54 215
54 243
54 266
54 286
54 304
55 90
55 99
55 122
55 185
55 234
55 246
56 85
56 111
56 123
56 204
56 266
57 75
57 168
57 174
57 176
57 189
57 193
57 200
57 222
58 99
58 100
58 123
58 168
58 170
58 219
58 234
59 81
59 100
59 121
59 127
59 128
59 144
59 153
59 155
59 156
59 166
59 173
59 232
59 233
59 250
59 273
59 301
59 305
60 229
60 233
60 283
61 151
61 160
61 205
61 219
61 257
62 97
62 124
62 160
62 183
62 246
62 299
64 163
65 123
65 124
65 128
65 139
65 246
66 140
66 178
66 193
66 239
67 171
67 208
68 92
69 223
70 98
70 199
70 215
70 219
70 236
70 238
71 124
72 127
72 169
72 234
73 78
73 95
73 124
73 136
73 214
73 222
73 309
74 95
74 233
75 104
75 111
75 119
75 124
75 132
75 136
75 153
75 168
75 188
75 193
75 234
75 246
75 282
75 293
75 300
76 85
76 111
76 122
76 134
76 137
76 159
76 181
76 188
76 197
76 215
76 219
76 238
76 273
76 304
77 80
77 102
77 110
77 122
77 127
77 129
77 135
77 149
77 180
77 194
77 215
77 220
77 234
77 236
77 240
77 241
77 278
77 285
78 122
78 160
78 232
79 123
79 125
79 130
79 204
79 231
80 97
80 107
80 180
80 190
80 202
80 206
80 241
81 117
81 185
81 197
81 237
81 279
82 99
82 131
82 260
83 169
83 231
83 233
83 261
83 304
83 313
84 121
84 162
84 169
84 191
84 200
84 233
84 235
84 296
85 121
85 129
85 130
85 169
85 181
85 193
85 308
86 113
86 126
87 126
87 135
87 151
87 180
87 186
87 276
88 125
88 140
88 258
89 128
89 129
90 123
90 127
90 153
90 163
90 201
90 207
90 216
90 238
90 300
92 129
93 121
93 158
93 165
93 278
94 160
95 126
95 135
95 168
96 109
96 115
97 128
97 207
97 237
98 115
98 121
98 126
98 128
98 175
98 203
98 235
98 268
99 105
99 121
99 122
99 141
99 143
99 154
99 168
99 182
99 187
99 197
99 210
99 236
99 246
99 258
99 268
99 274
99 277
99 286
100 124
100 125
100 128
100 134
100 135
100 140
100 141
100 156
100 173
100 206
100 237
100 268
102 147
102 149
102 232
102 234
102 260
103 139
103 222
103 238
103 273
103 291
104 123
104 155
104 172
104 204
104 232
104 266
104 279
105 121
105 123
105 280
106 124
106 125
106 168
106 204
106 219
106 235
106 277
107 131
107 297
108 111
108 124
108 217
108 238
109 127
109 266
110 124
110 128
110 183
110 195
110 227
110 232
110 271
110 280
111 142
111 169
111 173
111 174
111 181
111 204
111 281
111 308
112 129
112 233
112 289
113 123
113 279
113 303
114 201
115 135
115 168
115 226
115 269
116 122
116 220
116 259
117 128
117 166
117 178
117 188
117 201
117 241
118 131
119 131
119 189
119 232
119 261
120 128
120 204
120 239
120 258
121 126
121 130
121 139
121 158
121 159
121 160
121 168
121 234
121 252
121 266
121 277
121 279
121 314
122 124
122 152
122 156
122 163
122 164
122 169
122 171
122 181
122 195
122 203
122 219
122 226
122 235
122 236
122 252
122 258
122 259
122 265
122 275
122 279
122 295
122 313
123 125
123 126
123 127
123 131
123 132
123 134
123 166
123 182
123 195
123 200
123 232
123 233
123 234
123 235
123 268
123 279
123 311
124 125
124 144
124 145
124 154
124 171
124 200
124 204
124 217
124 219
124 233
124 235
124 236
124 240
124 241
124 242
124 245
124 264
124 274
124 282
124 314
125 131
125 135
125 147
125 155
125 174
125 188
125 190
125 208
125 217
125 233
125 253
125 286
125 304
126 129
126 140
126 142
126 149
126 157
126 160
126 166
126 171
126 174
126 175
126 176
126 196
126 203
126 212
126 216
126 228
126 232
126 235
126 236
126 243
126 257
126 266
126 273
126 279
126 288
126 311
127 140
127 143
127 167
127 183
127 207
127 226
127 268
127 279
128 151
128 185
128 220
128 226
128 227
128 232
128 233
128 250
128 271
128 276
128 278
128 301
129 172
129 192
129 230
129 264
129 288
129 309
130 181
130 249
131 219
131 241
131 302
132 169
132 303
133 205
134 139
134 152
134 168
134 169
134 173
134 221
134 226
134 246
134 250
134 263
134 309
134 313
135 166
135 169
135 206
135 217
135 232
135 271
135 286
138 201
138 235
139 179
139 195
139 215
139 235
139 236
140 153
140 188
140 192
140 198
140 221
140 234
141 219
142 252
143 180
143 183
143 273
144 202
144 220
144 282
144 314
147 176
151 169
151 297
152 189
152 195
153 268
153 279
153 304
153 309
155 157
155 158
155 218
155 224
155 227
155 232
155 235
155 271
157 232
158 189
158 217
158 226
158 232
158 309
159 160
159 243
159 253
160 207
160 279
160 307
161 264
162 177
162 270
163 279
163 305
164 176
164 297
165 195
165 219
165 246
165 277
165 309
166 312
167 271
168 176
168 212
168 233
168 268
168 309
169 209
169 223
169 299
170 174
170 201
170 234
170 304
171 257
172 234
173 232
173 233
174 204
174 234
174 276
175 255
176 226
176 249
177 214
177 232
178 234
178 312
179 192
179 200
179 262
180 195
180 206
180 219
180 233
181 185
181 245
181 262
181 309
182 198
182 204
182 228
182 241
182 257
183 209
183 233
183 264
185 203
186 231
187 204
187 255
187 298
188 234
188 285
188 286
188 305
189 235
189 286
190 302
190 309
192 201
192 219
192 236
192 257
193 246
193 266
195 219
195 264
195 272
197 232
197 266
197 272
197 286
199 250
199 284
200 228
200 234
200 236
200 263
201 209
201 234
201 288
202 207
202 219
202 281
202 292
203 232
204 207
204 219
204 225
204 232
204 239
206 237
206 261
206 280
207 241
208 228
209 246
209 303
209 309
210 257
211 277
212 271
214 261
214 292
215 238
215 309
216 224
216 232
216 238
216 309
217 234
219 220
219 223
219 226
220 228
220 309
221 233
221 266
221 275
222 299
223 235
224 233
224 267
225 273
225 304
226 232
226 233
226 240
226 247
226 283
226 302
226 309
227 277
231 298
232 237
232 241
232 267
232 268
232 278
232 279
232 309
233 235
233 270
233 294
233 309
234 244
235 251
235 292
235 296
235 304
236 290
236 291
237 304
238 265
238 276
238 313
239 308
240 267
243 286
246 309
247 304
247 309
252 253
252 265
257 266
257 304
257 313
258 298
264 265
264 280
266 271
267 302
269 304
271 309
273 313
276 279
278 297
282 304
283 313
285 310
309 314
