0 76
0 79
0 108
0 122
1 72
1 90
1 124
1 181
2 35
2 55
2 65
2 83
2 123
2 125
2 145
2 233
2 278
3 65
3 139
3 189
3 227
3 264
4 23
4 33
4 35
4 100
4 117
4 126
4 151
4 178
4 181
4 184
4 209
4 234
4 239
4 305
5 6
5 51
5 57
5 75
5 84
5 90
5 104
5 109
5 129
5 158
5 204
5 234
5 259
5 309
6 95
6 116
6 138
6 192
6 204
6 207
6 229
6 266
7 16
7 39
7 56
7 85
7 125
7 134
7 178
7 192
7 198
7 229
7 273
7 279
7 285
7 296
8 39
8 99
8 123
8 141
8 241
9 24
9 27
10 35
10 38
10 98
10 126
10 151
10 163
10 231
10 279
10 313
11 35
11 46
11 76
11 256
11 299
12 35
12 100
12 102
12 123
12 125
12 204
12 249
13 123
13 125
13 157
14 122
15 106
15 223
15 255
16 42
16 119
16 123
16 130
16 159
16 162
16 177
16 227
16 313
17 53
17 86
17 116
17 124
17 189
17 312
18 160
18 191
18 226
18 232
19 50
19 122
20 85
20 110
20 124
20 147
20 149
20 203
20 218
20 264
20 288
20 291
20 293
20 309
21 23
21 42
21 96
21 123
21 226
21 309
22 101
22 140
22 302
23 77
23 125
23 129
23 222
23 246
24 117
24 122
24 124
24 180
24 199
25 253
26 46
26 123
26 144
26 206
26 234
26 271
27 75
27 180
27 235
28 83
28 122
28 165
28 179
28 204
29 76
29 123
29 212
29 239
29 279
30 54
30 161
30 199
30 250
31 33
31 42
31 76
31 77
31 121
31 160
31 192
31 201
31 207
32 46
32 77
32 89
32 106
32 182
32 201
33 57
33 128
33 233
33 298
33 307
34 121
34 195
34 233
34 256
35 81
35 111
35 122
35 125
35 127
35 134
35 188
35 235
35 265
36 138
36 192
36 280
36 285
37 46
37 79
37 90
37 126
37 129
37 300
38 124
38 279
39 44
39 65
39 89
39 124
39 126
39 131
39 228
39 249
39 287
40 46
40 86
40 113
40 201
40 212
40 215
40 279
41 49
41 53
41 126
41 127
41 232
41 310
42 67
42 100
42 120
42 151
42 155
42 180
42 285
42 304
42 308
43 237
43 273
44 76
44 82
44 95
44 100
44 121
44 129
45 99
45 133
45 226
46 100
46 112
46 190
46 219
46 290
48 141
48 279
49 235
49 302
50 99
51 52
51 93
51 111
51 123
51 127
51 148
51 233
51 279
51 309
51 313
52 96
52 118
52 125
52 189
52 194
52 201
52 233
52 253
52 309
53 156
54 65
54 70
54 78
54 125
54 196
55 151
56 69
56 87
56 98
56 108
56 126
56 185
57 105
57 143
57 189
57 288
58 98
58 127
58 143
58 204
58 232
59 90
59 122
59 126
59 185
59 200
59 253
59 266
59 301
59 315
61 98
61 123
61 159
62 87
62 125
63 168
63 250
64 186
65 76
65 96
65 166
66 93
66 125
66 177
66 232
66 274
67 80
67 126
67 128
67 152
67 163
67 243
67 266
68 91
68 140
68 206
68 251
68 265
69 90
70 75
70 83
70 90
70 102
70 125
71 99
71 122
71 275
72 85
72 134
72 185
72 197
72 206
72 220
73 107
73 108
73 124
73 163
73 309
74 81
74 120
74 131
74 180
75 168
75 186
76 77
76 112
76 117
76 121
76 122
76 134
76 150
76 164
76 206
76 210
76 215
76 234
76 235
76 238
76 262
76 269
76 304
76 309
77 91
77 103
77 110
77 155
77 158
77 161
77 194
77 219
77 234
77 280
77 288
79 122
79 128
79 232
80 90
80 168
80 193
80 232
80 234
80 250
81 90
81 122
81 228
81 234
81 241
81 257
81 309
82 117
82 183
82 276
82 299
83 122
83 128
83 142
83 212
84 98
84 112
84 122
84 124
84 126
84 250
84 261
85 89
85 116
85 122
85 123
85 125
85 127
85 137
85 139
85 215
85 255
85 272
85 315
86 279
86 313
86 314
87 93
87 121
87 233
87 304
88 136
89 100
89 128
89 183
89 207
89 223
89 226
89 233
89 247
89 262
89 264
90 99
90 103
90 121
90 123
90 124
90 187
90 201
90 204
90 209
90 220
90 226
90 232
90 234
90 255
90 278
90 309
90 314
91 116
91 137
91 147
91 209
92 126
92 203
92 219
93 113
93 187
94 137
95 122
95 123
95 195
95 200
95 233
95 309
97 125
97 285
98 124
98 136
98 183
98 221
99 121
99 128
99 129
99 132
99 148
99 154
99 170
99 174
99 180
99 204
99 221
99 226
99 234
99 246
99 278
99 279
100 117
100 123
100 140
100 144
100 157
100 183
100 189
100 202
100 226
100 261
101 226
101 230
101 252
102 124
102 305
103 125
103 128
103 219
103 235
104 117
104 179
104 180
104 189
104 207
104 224
104 246
104 268
104 309
105 154
105 160
105 219
105 228
105 240
105 243
106 122
106 123
106 128
106 131
106 182
106 226
106 232
106 267
106 273
106 276
107 160
107 297
108 135
108 162
108 173
108 252
108 279
109 122
109 204
109 255
109 262
110 149
110 278
111 121
111 125
111 234
111 254
111 259
112 160
112 294
112 312
113 127
113 134
113 167
114 123
114 127
114 219
115 151
115 188
115 207
117 126
117 195
117 203
117 214
117 226
117 279
117 293
119 123
120 292
120 304
121 122
121 124
121 128
121 139
121 152
121 154
121 163
121 165
121 170
121 186
121 188
121 195
121 202
121 204
121 205
121 227
121 231
121 232
121 261
121 262
121 290
121 302
121 314
121 315
122 124
122 125
122 126
122 128
122 135
122 140
122 163
122 165
122 168
122 176
122 180
122 182
122 186
122 220
122 225
122 228
122 233
122 243
122 255
122 259
122 266
122 269
122 284
122 286
122 313
123 125
123 134
123 140
123 153
123 173
123 184
123 187
123 188
123 195
123 221
123 246
123 271
123 296
123 309
124 127
124 128
124 129
124 169
124 173
124 191
124 201
124 226
124 233
124 236
124 240
124 242
124 246
124 247
124 253
124 264
124 273
125 127
125 128
125 172
125 186
125 191
125 199
125 201
125 216
125 232
125 235
125 246
125 263
125 264
125 275
125 276
125 278
125 279
125 286
125 304
125 309
125 312
126 127
126 132
126 134
126 151
126 169
126 180
126 183
126 186
126 194
126 202
126 204
126 206
126 212
126 226
126 234
126 236
126 253
126 257
126 259
126 285
126 304
126 315
127 171
127 204
127 210
127 224
127 226
127 232
127 233
127 246
127 268
127 272
127 310
128 129
128 134
128 143
128 171
128 181
128 183
128 195
128 216
128 233
128 263
128 264
129 141
129 160
129 183
129 186
129 192
129 201
129 206
129 219
129 238
129 241
129 285
129 296
129 305
130 176
130 213
130 280
131 192
131 223
131 250
132 278
133 234
134 151
134 171
134 174
134 234
134 248
134 268
134 279
134 291
134 304
134 309
135 147
135 158
135 165
135 174
135 186
135 197
135 217
135 261
135 266
135 267
135 314
136 204
137 196
138 158
138 233
138 261
139 140
139 150
139 154
139 166
139 195
139 236
139 252
139 266
140 163
140 165
140 169
140 182
140 237
140 263
141 174
141 250
142 182
143 155
143 158
143 159
143 164
143 180
143 234
143 309
144 184
144 195
145 188
145 273
147 260
148 164
148 232
148 264
148 268
149 246
150 185
152 243
152 278
153 164
153 219
154 160
154 168
155 204
155 259
156 222
158 160
158 210
158 212
158 259
158 309
159 218
159 279
160 191
160 212
160 262
160 313
162 180
162 228
162 239
163 183
163 233
163 279
164 270
165 173
165 181
165 187
165 221
165 224
165 232
165 262
165 265
165 290
165 292
166 178
167 219
168 196
168 232
168 234
168 235
168 288
168 292
168 297
169 181
169 201
169 205
170 176
172 173
172 234
173 219
173 237
174 177
174 271
174 312
176 264
177 223
178 189
178 229
180 191
180 235
180 253
180 284
181 183
181 219
181 223
181 229
181 304
182 305
183 201
183 309
184 224
185 189
185 234
186 300
186 311
187 201
188 219
189 216
189 234
189 241
189 282
190 198
191 280
191 304
192 209
192 216
193 232
195 234
195 262
195 296
197 238
197 241
199 217
199 247
199 266
199 287
200 259
200 279
201 216
201 219
201 233
201 236
201 291
202 235
203 238
203 247
203 253
203 265
204 249
204 266
205 278
206 231
206 309
207 218
209 271
210 218
210 226
210 261
210 269
211 235
212 283
213 216
214 216
214 241
215 231
216 234
216 267
216 274
217 223
219 235
219 244
219 309
220 293
220 299
220 309
221 235
221 238
221 308
222 246
222 264
223 239
223 276
225 231
225 292
226 234
226 247
226 279
226 285
227 233
228 237
228 253
229 299
229 311
230 234
231 236
232 236
232 247
232 268
232 278
232 279
232 280
232 285
232 299
232 309
233 269
233 286
233 310
234 235
234 239
234 254
234 273
234 285
234 309
235 249
235 253
235 255
235 266
236 279
236 311
240 257
241 250
241 253
241 273
241 283
243 261
245 309
246 309
249 260
250 253
250 304
255 279
255 309
257 304
262 291
264 271
265 271
266 297
267 304
279 309
282 295
302 304
