0 12
0 22
0 126
0 217
0 226
1 49
1 74
1 121
1 188
1 296
2 47
2 52
2 73
2 128
2 189
2 192
2 247
2 264
3 18
3 132
3 309
4 5
4 23
4 35
4 76
4 125
4 126
4 128
4 202
4 204
4 257
5 21
5 36
5 76
5 100
5 107
5 122
5 123
5 127
5 129
5 131
5 197
5 206
5 234
5 247
5 272
5 279
5 309
6 23
6 52
6 56
6 62
6 76
6 84
6 104
6 121
6 124
6 126
6 134
6 155
6 164
6 168
6 187
6 192
6 193
6 236
6 237
6 278
6 286
7 38
7 65
7 69
7 106
7 126
7 141
7 160
7 186
7 198
7 219
7 232
7 297
7 304
8 68
8 98
9 40
9 77
9 126
9 129
9 193
9 204
10 106
10 123
10 126
10 233
10 259
10 279
11 72
11 122
11 129
11 177
11 199
12 40
12 83
12 84
12 152
12 194
12 241
13 22
13 76
13 77
13 94
13 129
13 147
13 180
13 188
13 264
13 287
14 84
14 122
14 204
14 247
15 128
15 182
15 292
16 69
16 77
16 98
16 151
16 228
16 259
16 279
16 300
17 52
17 75
17 125
17 126
17 132
17 144
17 268
17 292
18 53
18 180
18 282
18 293
19 60
19 137
20 24
20 94
20 125
20 137
20 158
20 170
20 243
20 252
21 24
21 51
21 100
21 123
21 157
21 204
21 230
21 238
21 266
22 255
22 306
23 35
23 54
23 104
23 117
23 128
23 192
23 232
23 235
23 286
23 296
24 42
24 103
24 117
24 123
24 193
24 296
25 87
25 135
26 30
26 64
26 184
26 233
27 85
27 121
27 126
27 279
27 309
28 56
28 103
28 184
28 223
28 232
28 255
29 75
29 126
29 149
29 166
29 175
29 200
29 215
29 278
30 80
30 112
30 120
30 219
30 226
31 94
31 189
31 231
31 266
32 50
32 51
32 73
32 122
32 128
32 150
32 162
32 171
32 290
32 302
32 309
33 129
33 153
33 223
33 238
34 40
34 63
34 86
34 100
34 123
34 124
34 182
35 45
35 52
35 54
35 77
35 100
35 117
35 121
35 174
35 182
35 195
35 204
35 240
35 266
35 267
35 288
35 291
36 49
36 104
36 116
36 122
36 134
36 200
36 204
36 208
36 241
36 309
37 43
37 96
37 131
37 218
38 168
38 197
38 235
38 237
38 253
39 66
39 105
39 107
39 121
39 129
39 151
39 192
39 263
40 70
40 81
40 128
40 143
40 149
40 162
40 170
40 176
40 208
40 209
40 235
40 237
40 255
40 262
41 70
41 119
41 121
41 122
41 172
41 207
41 241
42 131
42 140
42 235
43 157
43 163
43 234
44 130
44 155
44 216
44 223
44 234
44 267
45 57
46 90
46 121
46 129
46 139
46 205
46 258
47 51
47 189
47 232
48 172
48 255
49 100
49 125
49 131
49 202
49 229
49 235
49 266
49 314
50 142
51 89
51 121
51 123
51 191
51 200
51 207
51 208
51 233
51 305
52 59
52 68
52 77
52 90
52 101
52 104
52 110
52 125
52 126
52 128
52 129
52 161
52 195
52 234
53 246
53 299
54 122
54 139
54 201
54 226
54 253
54 266
54 273
55 59
55 77
55 90
55 99
55 153
56 88
56 121
56 151
56 288
56 304
56 312
57 129
57 132
57 169
57 174
57 175
57 188
57 233
57 235
57 253
57 261
57 280
57 304
58 72
58 120
59 95
59 128
59 169
59 176
59 231
59 234
59 292
59 309
60 204
60 228
60 243
60 263
61 75
61 125
61 136
61 165
62 80
62 160
62 235
62 280
63 102
64 163
65 68
65 122
65 157
65 250
66 84
66 127
66 154
66 188
66 193
66 207
66 218
66 266
67 121
67 124
67 155
67 163
67 182
67 220
67 237
67 312
68 100
68 223
68 234
68 255
68 309
69 77
69 126
69 127
69 202
69 273
70 125
70 158
70 204
70 226
70 275
71 148
72 77
72 93
72 99
72 122
72 197
72 201
72 202
72 249
72 266
72 271
72 304
73 121
73 123
73 128
73 143
73 162
73 180
73 204
73 285
74 96
74 178
74 206
74 234
75 122
75 202
75 299
76 79
76 120
76 124
76 125
76 178
76 212
76 232
76 233
76 247
76 256
76 309
77 98
77 117
77 127
77 128
77 135
77 155
77 157
77 165
77 203
77 204
77 236
77 252
77 280
77 288
77 291
77 306
77 315
78 110
78 111
79 105
79 267
80 89
80 127
80 153
80 160
80 255
81 123
81 145
81 180
81 243
81 283
82 168
82 217
82 279
83 91
83 95
83 135
83 144
83 158
83 210
83 262
84 125
84 221
84 232
84 257
85 99
85 126
85 128
85 133
85 188
85 277
85 278
85 280
86 95
86 110
86 143
86 299
86 309
87 123
87 134
87 219
87 223
87 225
87 309
88 124
89 92
89 129
89 204
89 219
89 247
89 286
90 99
90 104
90 125
90 127
90 128
90 144
90 168
90 204
90 219
90 222
90 230
90 233
90 234
90 241
90 277
90 313
91 129
91 134
91 171
91 192
91 203
91 225
91 314
92 219
92 234
92 283
93 128
93 134
93 286
93 292
93 301
94 116
94 304
95 112
95 160
95 223
95 228
95 235
96 123
96 223
96 309
97 98
97 99
97 121
97 135
97 144
98 127
99 123
99 124
99 155
99 174
99 186
99 195
99 232
99 233
99 244
99 245
99 252
99 261
99 267
99 283
99 288
99 304
99 309
100 105
100 128
100 132
100 140
100 143
100 151
100 174
100 181
100 188
100 215
100 233
100 234
100 255
101 226
101 257
102 152
102 165
103 111
103 141
103 238
104 128
104 134
104 233
104 234
104 288
105 121
105 139
105 150
105 158
105 168
105 176
105 181
105 214
105 226
105 239
105 257
106 153
106 155
106 169
106 189
106 197
106 224
106 242
106 259
106 276
106 304
107 123
107 206
108 112
108 126
108 132
108 144
108 206
109 125
109 147
109 291
110 123
110 126
110 153
110 154
110 157
110 175
110 212
110 225
110 250
110 276
110 292
110 314
111 122
111 123
111 170
111 206
111 282
111 311
112 114
112 141
112 232
112 233
112 253
112 309
113 124
113 160
113 190
114 309
115 127
115 132
115 232
115 234
117 144
117 208
117 235
117 244
117 295
118 160
119 239
120 148
120 251
120 268
121 122
121 123
121 128
121 130
121 131
121 133
121 134
121 160
121 172
121 179
121 187
121 189
121 191
121 192
121 271
121 273
121 296
122 125
122 128
122 143
122 151
122 159
122 183
122 185
122 199
122 207
122 212
122 225
122 235
122 249
122 266
122 297
122 298
123 127
123 128
123 129
123 134
123 155
123 160
123 182
123 195
123 223
123 235
123 237
123 243
123 246
123 273
123 276
123 286
124 125
124 127
124 129
124 143
124 154
124 162
124 171
124 173
124 175
124 176
124 180
124 185
124 187
124 189
124 199
124 227
124 232
124 234
124 235
124 237
124 239
124 269
124 270
124 279
124 299
124 301
125 126
125 129
125 133
125 134
125 138
125 172
125 182
125 253
125 274
125 278
125 279
125 288
125 309
126 182
126 183
126 208
126 210
126 214
126 231
126 234
126 250
126 279
127 128
127 129
127 131
127 135
127 157
127 160
127 199
127 214
127 223
127 224
127 237
127 242
127 275
127 282
127 309
128 141
128 163
128 175
128 183
128 195
128 210
128 215
128 232
128 236
128 254
128 264
128 279
128 304
128 306
129 131
129 139
129 143
129 147
129 151
129 154
129 156
129 157
129 158
129 180
129 183
129 187
129 226
129 233
129 240
129 264
129 274
129 283
129 285
130 182
130 186
131 178
131 180
131 295
131 314
132 142
133 176
133 302
134 144
134 185
134 207
134 266
134 268
134 276
134 309
135 247
135 253
135 302
135 306
136 200
136 270
137 233
137 235
137 238
137 252
137 272
137 288
138 214
138 226
139 151
139 219
139 233
139 279
140 207
140 235
140 236
140 241
141 150
141 182
141 212
141 225
141 226
142 187
142 226
143 157
143 226
143 235
143 308
144 226
144 266
145 278
146 233
147 155
147 196
147 252
147 271
149 165
149 170
149 289
150 200
153 232
153 288
154 233
155 157
155 163
155 180
155 215
155 233
155 246
155 265
155 295
155 308
157 208
157 258
157 280
158 182
158 232
158 234
158 266
158 287
158 305
159 191
159 246
160 219
160 226
160 267
160 308
161 233
161 315
162 189
162 216
162 233
162 239
162 247
162 262
162 266
162 267
162 309
163 203
163 256
165 172
165 224
165 259
165 285
166 226
168 233
168 235
169 201
170 220
170 221
170 255
170 279
171 235
171 302
172 233
172 249
172 276
172 288
173 204
173 262
173 301
173 305
174 199
174 243
174 288
175 248
176 193
176 231
177 180
177 276
178 195
178 215
178 255
179 193
179 246
180 204
180 232
181 199
181 233
182 195
182 276
183 195
183 234
183 288
185 276
186 237
186 304
187 219
188 200
188 204
188 235
188 238
188 254
188 280
189 237
189 288
190 247
190 254
192 278
192 299
192 305
193 305
194 220
195 260
195 266
197 250
197 269
198 224
199 279
200 233
200 235
201 264
201 299
202 233
202 292
203 204
203 234
203 292
204 219
204 241
204 266
206 233
206 239
206 261
206 267
206 291
207 222
207 233
207 238
207 266
207 273
208 209
208 237
208 240
208 244
208 259
209 219
209 244
212 275
212 304
213 274
216 228
216 233
216 246
217 282
217 311
218 251
218 304
219 227
219 264
219 272
219 273
219 304
219 309
220 225
220 235
220 239
220 309
221 223
221 226
221 269
221 278
221 282
222 226
223 232
223 233
224 233
224 268
225 291
226 252
226 253
226 265
226 271
228 261
229 233
230 304
232 235
232 279
232 315
233 247
233 266
233 273
233 279
233 314
233 315
234 263
234 301
235 263
235 266
235 267
235 283
237 253
237 273
237 274
237 304
238 283
239 279
241 261
241 292
241 304
243 265
243 266
244 278
245 266
245 311
246 292
246 314
247 264
247 278
253 265
255 286
255 309
259 266
259 271
260 292
261 292
264 314
265 304
266 279
275 296
278 314
279 286
280 304
283 288
299 309
