0 27
0 247
0 267
0 279
1 82
1 99
1 123
1 178
1 233
2 17
2 33
2 37
2 91
2 104
2 127
2 128
2 188
2 208
2 233
3 6
3 18
3 47
3 100
3 124
3 150
3 153
3 234
3 292
4 39
4 134
4 155
4 157
4 160
4 183
4 266
4 276
4 277
4 288
5 6
5 34
5 61
5 70
5 76
5 159
5 167
5 215
5 224
5 233
6 7
6 42
6 127
6 156
6 158
6 170
6 212
6 226
6 250
6 277
6 286
7 64
7 92
7 98
7 114
7 121
7 124
7 176
7 185
7 241
7 272
8 22
8 177
8 178
8 251
8 292
9 41
9 104
9 174
10 41
10 48
10 56
10 90
10 128
10 130
10 161
10 177
10 191
10 193
10 221
10 268
10 311
11 106
11 123
11 153
12 76
12 122
12 124
12 139
12 158
12 217
12 223
12 232
12 234
12 246
12 270
13 17
13 233
13 250
13 266
13 307
13 309
13 310
14 108
14 110
14 120
14 299
15 35
15 37
15 122
15 159
15 216
15 250
16 44
16 77
16 122
16 124
16 199
17 29
17 89
17 104
17 160
17 171
17 183
17 195
17 198
17 234
17 262
17 304
18 172
18 299
19 53
19 87
19 104
19 166
19 188
19 304
20 28
20 51
20 90
20 105
20 123
20 134
20 219
20 230
20 233
20 235
20 302
21 204
21 279
22 45
22 57
22 76
22 87
22 99
22 122
22 124
22 131
22 161
22 177
22 188
22 201
22 238
22 285
23 121
23 128
23 143
23 309
23 315
24 77
24 182
24 187
24 201
24 232
24 238
25 41
26 76
26 83
26 121
26 217
26 240
26 244
26 263
27 130
27 204
27 304
28 121
28 126
28 147
28 264
29 35
29 83
29 103
29 112
29 121
29 149
29 220
29 226
29 227
30 76
30 121
30 127
30 235
31 130
31 163
31 185
32 88
32 117
32 198
32 201
32 216
32 219
32 232
32 261
32 296
33 134
33 204
33 232
33 253
33 309
34 40
34 62
34 77
34 123
34 199
34 204
34 232
35 40
35 53
35 73
35 90
35 95
35 118
35 123
35 137
35 140
35 183
35 189
35 220
35 226
36 40
36 88
36 108
36 110
36 123
36 128
36 144
36 165
36 170
36 206
36 223
36 305
37 56
37 77
37 215
37 223
37 247
37 302
37 314
38 126
39 61
39 83
39 100
39 126
39 127
39 215
39 217
39 272
40 47
40 110
40 124
40 128
40 129
40 135
40 160
40 176
40 200
40 219
40 240
40 248
41 59
41 83
41 92
41 107
41 122
41 193
41 226
41 229
41 304
41 309
42 81
42 123
42 124
42 125
42 126
42 127
42 207
42 237
42 309
43 80
43 88
43 114
43 124
43 127
43 162
43 197
44 82
44 95
44 145
44 194
44 231
44 235
46 127
47 52
47 159
48 96
48 156
48 174
48 314
49 57
49 89
49 131
49 158
49 174
49 288
50 182
51 52
51 139
51 165
51 173
51 219
52 59
52 124
52 148
52 158
52 165
52 195
52 219
52 223
52 232
52 279
53 162
53 242
53 252
53 278
54 123
54 167
54 218
54 275
55 201
55 202
55 279
55 292
55 299
56 138
56 163
56 201
56 217
56 293
57 125
57 132
57 247
57 252
57 276
57 305
58 121
58 128
59 78
59 127
59 200
60 122
60 207
61 122
61 165
61 206
62 99
62 128
62 204
62 222
62 234
62 286
64 73
64 105
65 77
65 124
65 255
65 286
66 126
66 131
66 156
66 158
66 159
66 162
66 180
67 84
67 291
69 90
69 165
69 267
70 73
70 201
71 100
71 123
72 105
72 123
72 135
72 218
72 232
73 101
73 107
73 124
73 126
73 149
73 160
73 193
73 228
73 267
73 271
73 304
74 124
74 220
74 235
75 89
75 123
75 153
75 162
75 193
75 234
75 266
75 304
75 311
76 84
76 91
76 99
76 100
76 125
76 133
76 134
76 137
76 158
76 160
76 163
76 165
76 172
76 176
76 185
76 204
76 214
76 234
76 241
76 280
77 81
77 84
77 110
77 135
77 168
77 183
77 208
77 220
77 234
77 288
78 112
78 140
78 176
79 144
79 271
80 121
80 122
80 123
80 165
80 233
81 87
81 156
81 166
81 233
81 237
82 144
82 195
82 207
82 233
82 291
83 204
83 305
84 135
84 169
84 200
84 239
84 243
84 304
84 315
85 105
85 107
85 121
85 122
85 124
85 126
85 155
85 160
85 168
85 195
85 206
85 212
85 216
85 217
85 226
86 122
86 124
86 129
86 230
86 267
87 117
87 233
87 309
88 129
88 288
88 289
89 113
89 224
89 264
90 105
90 125
90 126
90 168
90 176
90 194
90 195
90 214
90 215
91 97
91 139
91 197
91 204
91 257
92 134
92 138
92 220
92 232
93 122
93 180
93 242
94 257
95 123
95 197
95 221
95 309
96 158
96 166
96 181
96 223
97 121
97 127
97 135
97 141
97 187
97 227
98 176
98 182
98 272
99 100
99 123
99 139
99 149
99 164
99 172
99 173
99 180
99 187
99 189
99 216
99 233
99 235
99 242
99 247
99 265
99 277
99 304
100 110
100 112
100 122
100 123
100 126
100 135
100 140
100 151
100 159
100 195
100 200
100 219
100 220
100 232
100 240
100 241
100 264
100 304
100 309
101 288
101 304
101 308
102 184
102 241
103 128
103 188
104 183
104 185
104 228
104 246
104 314
105 106
105 122
105 129
105 202
105 238
106 108
106 124
106 185
106 232
106 243
106 247
106 278
108 126
108 127
108 155
108 306
109 267
110 128
110 129
110 162
110 181
110 215
110 259
111 131
111 158
111 196
111 199
111 226
111 246
111 264
111 292
111 309
112 121
112 286
113 122
113 135
113 173
113 192
114 121
115 121
115 123
115 128
115 217
115 226
115 243
117 146
117 156
117 219
117 257
117 296
118 232
119 124
119 146
119 195
121 122
121 124
121 126
121 130
121 134
121 139
121 151
121 158
121 171
121 180
121 182
121 201
121 227
121 228
121 232
121 236
121 237
121 280
121 292
122 128
122 129
122 142
122 163
122 172
122 178
122 184
122 216
122 227
122 235
122 244
122 267
122 268
122 278
122 280
122 287
122 291
122 299
122 309
123 139
123 143
123 155
123 160
123 162
123 165
123 173
123 201
123 211
123 219
123 221
123 222
123 231
123 232
123 234
123 247
123 267
123 275
123 299
123 301
124 125
124 128
124 145
124 153
124 174
124 226
124 234
124 250
124 267
124 269
124 274
124 313
125 142
125 180
125 185
125 195
125 204
125 228
125 233
125 241
125 264
125 269
125 273
125 287
126 127
126 134
126 146
126 163
126 171
126 195
126 204
126 211
126 217
126 232
126 233
126 234
126 237
126 246
126 257
126 258
126 269
126 286
126 294
126 308
126 309
126 313
127 129
127 143
127 158
127 168
127 189
127 191
127 201
127 204
127 206
127 217
127 231
127 233
127 239
127 243
127 264
127 269
127 275
127 285
127 313
128 142
128 147
128 157
128 174
128 189
128 192
128 197
128 200
128 206
128 210
128 214
128 215
128 219
128 227
128 232
128 233
128 235
128 252
128 299
129 130
129 151
129 152
129 155
129 162
129 200
129 204
129 207
129 215
129 267
129 304
130 137
130 287
130 304
131 189
131 241
131 247
132 188
132 204
133 187
133 235
133 266
134 135
134 152
134 186
134 209
134 214
134 218
134 227
134 232
134 233
134 238
134 246
134 273
134 279
134 280
135 216
135 251
135 277
135 283
136 203
136 223
136 234
137 143
137 169
137 183
139 165
139 173
139 187
139 204
139 286
140 160
140 217
140 232
140 270
141 234
141 261
142 173
142 220
142 259
143 155
143 178
143 230
144 158
145 167
147 180
149 157
150 209
150 264
151 178
151 180
152 245
153 180
153 188
154 173
154 282
155 168
155 176
155 206
155 235
155 274
156 226
156 241
157 314
158 168
158 191
158 193
158 207
158 261
158 273
159 201
159 226
159 263
160 189
160 220
160 278
160 286
161 162
161 197
162 180
162 195
162 218
162 228
162 275
162 282
163 262
164 305
165 204
165 226
165 228
165 235
165 309
166 182
166 226
167 285
168 169
168 181
168 188
168 220
168 232
168 234
168 240
168 241
168 263
168 290
169 192
169 213
169 235
169 276
169 296
170 174
170 241
170 266
171 201
173 241
173 279
173 287
174 197
174 236
174 279
174 299
175 235
175 246
176 201
176 206
176 315
177 189
178 179
178 257
179 223
180 189
180 215
180 221
180 226
180 309
181 207
181 232
181 234
182 185
183 192
183 201
184 219
184 233
185 238
185 279
186 200
186 232
187 199
187 219
187 288
188 234
189 204
190 193
190 299
191 228
191 232
191 289
191 290
195 207
195 220
195 245
195 261
195 313
196 226
196 315
197 201
197 212
197 226
197 277
197 309
198 277
198 278
199 265
199 304
200 264
200 265
200 268
200 271
201 261
202 245
202 293
203 227
204 221
204 223
204 229
204 247
204 250
204 255
204 273
204 290
204 304
204 313
206 219
206 223
206 267
206 271
206 277
207 278
207 284
208 233
208 251
208 312
209 215
209 242
210 247
212 246
213 279
214 279
215 314
216 262
216 276
217 219
217 226
217 241
217 246
218 233
218 234
218 304
219 241
219 290
219 291
219 310
221 299
222 309
223 247
223 258
223 267
223 272
224 309
225 278
226 235
226 246
227 247
228 241
228 265
230 281
231 247
232 235
232 237
232 241
232 262
232 268
233 259
233 268
234 238
234 241
234 243
234 255
234 264
234 276
234 288
234 292
235 240
235 261
235 278
235 280
235 295
235 309
236 278
236 283
236 309
239 268
239 308
240 241
240 255
240 285
241 268
241 288
243 298
243 312
246 299
247 264
247 267
248 274
249 253
251 296
252 257
253 279
253 292
259 279
260 309
263 266
263 294
264 272
266 267
266 281
266 315
267 291
268 304
269 309
271 278
272 315
273 309
280 283
280 289
281 297
292 314
297 299
299 310
304 308
