0 17
0 91
0 287
1 73
1 77
1 126
1 138
1 225
1 245
2 38
2 68
2 103
2 134
2 140
2 141
2 151
2 192
2 205
2 224
2 266
3 4
3 57
3 69
3 107
3 143
3 147
3 219
3 226
3 228
3 233
3 266
3 269
4 27
4 41
4 42
4 85
4 89
4 95
4 110
4 117
4 121
4 166
4 212
4 241
4 265
5 57
5 76
5 80
5 81
5 122
5 123
5 163
5 215
5 226
5 249
5 266
5 302
6 12
6 26
6 35
6 44
6 55
6 58
6 89
6 123
6 130
6 192
6 215
6 271
6 279
7 26
7 35
7 51
7 73
7 99
7 126
7 127
7 165
7 173
7 220
7 231
7 241
7 245
7 287
9 40
9 77
9 124
9 126
9 128
9 180
9 253
9 293
10 36
10 75
10 95
10 160
10 268
10 292
11 124
12 19
12 23
12 127
12 160
13 33
13 36
13 51
13 121
13 124
13 125
13 129
13 131
13 173
13 210
13 232
13 246
13 267
14 55
14 123
14 124
14 234
15 73
16 74
16 87
16 109
16 121
16 220
16 264
16 311
17 35
17 59
17 87
17 122
17 124
17 159
17 206
17 250
18 74
18 75
18 105
18 112
18 114
18 124
18 171
18 207
18 288
19 74
19 100
19 118
19 180
20 123
20 161
20 234
21 69
21 123
21 126
21 163
21 167
21 253
21 298
22 26
22 35
22 89
22 128
22 164
22 238
22 292
23 70
23 73
23 103
23 123
23 206
23 247
23 272
23 296
23 315
24 98
24 117
24 124
24 139
24 148
24 264
24 312
25 154
25 206
26 77
26 126
26 160
26 204
26 228
26 232
26 268
26 279
27 40
27 185
28 50
28 99
28 112
28 141
29 100
29 122
29 128
29 140
29 149
29 177
29 233
29 253
30 76
31 36
31 48
31 128
31 129
31 156
31 204
31 222
32 85
32 137
33 50
33 100
33 208
33 287
33 288
34 121
34 122
34 127
34 210
35 49
35 70
35 75
35 93
35 103
35 104
35 127
35 177
35 223
35 232
35 233
35 235
35 242
35 247
35 261
35 280
35 304
36 37
36 54
36 121
36 143
36 183
36 232
36 244
36 304
37 95
37 139
37 150
37 176
37 189
37 312
38 39
38 69
38 80
38 104
38 109
38 130
38 152
38 252
38 288
39 187
39 219
40 65
40 67
40 77
40 83
40 121
40 122
40 123
40 126
40 173
40 185
40 202
40 212
40 219
40 226
40 228
40 241
40 247
40 261
40 264
40 279
41 65
41 74
41 126
41 204
41 266
42 124
42 197
42 253
43 54
43 75
43 121
43 183
43 218
43 268
44 85
44 112
44 122
44 123
44 151
44 153
44 226
45 201
45 260
47 74
47 121
47 165
47 216
47 234
48 51
48 57
48 99
48 105
48 141
48 266
49 72
49 80
49 110
49 125
49 297
50 195
50 226
51 100
51 131
51 210
51 232
51 262
52 90
52 99
52 121
52 213
52 233
52 234
52 264
52 285
52 298
53 122
54 67
54 106
54 111
54 134
54 140
54 280
54 304
55 74
55 77
55 99
55 113
55 117
55 121
55 123
55 136
55 165
55 187
55 214
55 302
55 304
56 223
56 240
56 292
57 111
57 129
57 169
57 180
57 182
57 222
57 223
57 231
57 235
58 180
59 66
59 108
59 126
59 127
59 183
59 226
59 228
60 202
60 267
61 105
61 108
61 123
61 124
62 134
62 162
62 219
63 201
64 100
64 113
64 122
64 124
64 132
64 174
64 228
64 232
64 235
65 126
65 127
65 131
65 144
65 163
65 238
66 93
66 100
66 122
66 141
66 163
66 206
66 253
67 83
67 134
67 174
67 178
67 216
67 261
68 124
68 188
68 206
69 99
69 247
70 79
70 129
70 233
70 304
71 202
71 203
72 110
72 156
72 165
73 87
73 125
73 127
73 195
73 204
74 100
74 126
74 134
74 235
75 82
75 92
75 125
75 220
76 89
76 97
76 98
76 108
76 112
76 122
76 144
76 168
76 174
76 193
76 232
76 234
77 83
77 95
77 99
77 100
77 110
77 121
77 123
77 124
77 166
77 171
77 202
77 209
77 217
77 261
77 313
78 272
78 305
79 234
80 125
80 141
80 223
80 291
80 292
82 121
82 153
82 202
83 122
83 191
84 123
84 128
84 166
84 169
84 215
84 226
84 256
85 124
85 128
85 204
85 232
85 247
85 309
86 105
86 122
86 197
86 223
87 119
87 160
87 204
87 218
87 222
87 241
88 118
88 134
88 202
88 237
89 123
89 125
89 134
89 153
89 182
89 226
89 264
90 125
90 128
90 133
90 157
90 160
90 203
90 233
90 278
90 302
91 105
91 201
91 233
91 239
91 304
92 264
92 266
93 109
94 96
94 99
94 241
94 291
95 114
95 129
95 201
95 257
95 314
96 122
96 128
96 170
97 130
98 159
98 280
99 110
99 123
99 125
99 126
99 127
99 132
99 151
99 160
99 176
99 183
99 192
99 202
99 204
99 215
99 216
99 226
99 260
99 263
99 267
99 285
99 309
100 106
100 111
100 122
100 125
100 127
100 129
100 133
100 134
100 144
100 158
100 162
100 167
100 170
100 171
100 204
100 210
100 220
100 228
100 241
100 247
100 259
100 282
100 297
101 168
101 215
102 226
102 232
102 234
103 124
103 217
104 154
104 267
104 273
105 121
105 157
105 266
106 126
106 162
106 180
106 206
106 214
106 219
106 235
106 276
106 288
107 124
107 126
107 140
107 162
107 268
108 134
108 138
108 148
108 235
109 206
109 246
110 122
110 206
110 302
111 130
111 139
111 249
111 259
111 266
111 268
111 274
112 134
112 178
112 209
112 249
112 292
114 126
114 311
115 141
116 153
116 226
117 123
117 124
117 125
117 135
117 176
117 180
117 186
117 202
117 206
117 233
117 235
117 306
118 239
119 124
119 138
119 147
119 149
119 255
120 123
120 145
120 206
120 250
121 123
121 127
121 128
121 140
121 147
121 148
121 187
121 192
121 202
121 252
121 266
121 271
121 302
122 123
122 135
122 160
122 180
122 207
122 221
122 223
122 225
122 235
122 274
122 279
122 285
122 294
122 299
122 304
122 313
123 124
123 127
123 128
123 131
123 165
123 177
123 185
123 218
123 226
123 233
123 246
123 304
123 312
124 134
124 136
124 137
124 139
124 160
124 179
124 189
124 204
124 212
124 216
124 224
124 226
124 233
124 239
124 240
124 241
124 248
124 279
124 283
124 286
124 290
124 297
124 303
125 128
125 130
125 158
125 180
125 183
125 204
125 228
125 233
125 239
125 246
125 258
125 263
125 268
125 274
125 275
125 276
125 288
125 290
125 299
126 127
126 144
126 145
126 189
126 199
126 200
126 206
126 241
126 254
126 266
126 268
126 271
126 288
126 314
127 128
127 134
127 154
127 160
127 181
127 183
127 185
127 193
127 206
127 222
127 224
127 228
127 234
127 241
127 245
127 249
127 255
127 262
127 264
127 266
127 288
127 292
127 311
127 314
128 129
128 185
128 191
128 204
128 209
128 210
128 217
128 232
128 259
128 261
128 275
128 280
128 286
128 288
128 293
128 309
129 138
129 142
129 160
129 164
129 166
129 173
129 178
129 213
129 252
129 253
129 258
129 262
129 279
129 283
129 285
130 186
130 309
130 314
131 157
131 177
131 231
132 165
132 234
132 287
133 228
133 236
133 279
134 137
134 159
134 181
134 194
134 195
134 204
134 217
134 233
134 235
134 263
134 264
134 304
134 309
135 272
136 163
136 165
136 182
137 214
137 308
138 185
138 309
139 173
139 181
139 207
139 223
139 304
140 214
140 220
140 253
140 299
141 180
141 264
143 265
144 149
144 177
144 278
146 232
147 218
147 292
148 204
151 223
151 274
152 197
152 234
152 254
153 204
153 231
153 282
154 155
154 172
154 220
154 234
155 160
155 204
155 210
155 224
155 242
155 272
155 278
156 199
157 162
158 162
158 212
158 219
159 223
160 166
160 182
160 213
160 249
160 253
160 267
162 170
162 187
162 233
162 234
162 255
162 264
162 273
162 284
163 208
163 249
163 274
163 304
165 233
166 180
166 190
166 208
166 241
167 212
167 233
167 258
168 225
168 249
168 255
168 269
169 187
169 226
169 269
170 186
170 238
170 252
171 220
171 232
171 279
172 269
173 228
173 232
173 279
174 198
174 220
174 226
175 183
175 241
177 181
177 182
178 234
179 253
180 183
180 186
180 246
180 252
180 253
180 311
181 183
181 204
181 234
182 266
183 198
183 238
183 262
184 300
185 215
185 261
185 266
185 274
185 309
187 192
187 204
187 207
187 295
188 259
188 265
189 258
189 264
189 286
192 233
192 262
192 267
192 292
193 236
193 252
193 276
194 234
195 198
195 223
195 306
197 267
197 273
198 206
198 241
199 234
199 280
200 221
200 233
200 266
200 299
200 303
201 276
201 304
202 232
202 243
202 304
203 215
203 217
203 273
204 225
204 232
204 244
204 280
204 285
204 288
206 216
206 227
206 280
207 215
207 233
209 260
209 279
210 231
211 241
212 213
212 218
212 232
214 279
216 219
217 223
217 288
218 315
219 222
219 224
219 236
220 246
221 247
221 310
222 266
223 257
223 266
223 287
224 230
224 252
224 254
225 257
226 233
226 236
226 291
226 309
227 269
228 296
229 235
230 235
231 236
232 235
232 238
232 246
232 262
232 271
232 278
232 298
232 309
233 239
233 246
233 259
233 274
234 257
234 288
234 309
235 295
235 301
236 279
236 309
237 241
237 257
238 266
239 273
239 309
240 262
240 279
241 262
246 292
247 292
247 293
247 309
250 259
250 260
250 291
255 261
261 279
262 288
262 292
266 291
266 304
267 272
267 274
268 304
271 312
272 306
273 299
276 291
277 304
279 290
279 293
279 309
280 309
288 308
292 309
296 304
304 306
