0 11
0 23
0 215
0 302
0 304
1 85
1 226
1 227
1 274
1 276
2 122
2 144
2 157
2 204
2 226
2 229
2 233
2 307
3 29
3 81
3 114
3 158
3 188
3 215
3 238
4 12
4 24
4 35
4 55
4 102
4 117
4 122
4 130
4 160
4 199
4 204
4 215
4 280
5 37
5 56
5 61
5 70
5 76
5 84
5 100
5 110
5 116
5 127
5 129
5 155
5 160
5 166
5 190
5 203
5 209
5 267
6 26
6 106
6 107
6 126
6 129
6 161
6 201
6 203
6 204
6 223
6 228
6 232
6 266
6 276
7 81
7 125
7 132
7 168
7 169
7 200
7 234
8 99
8 123
9 87
9 141
9 224
9 233
10 14
10 16
10 99
10 100
10 125
10 228
10 253
10 292
11 123
11 127
11 134
11 204
11 210
11 226
12 30
12 51
12 121
12 125
12 127
12 149
12 314
13 17
13 57
13 59
13 77
13 97
13 122
13 134
13 139
13 144
13 176
13 205
13 217
13 234
13 294
14 218
14 219
14 268
14 280
15 19
15 39
15 125
16 54
16 58
16 62
16 102
16 122
16 128
16 199
16 216
16 234
17 42
17 72
17 89
17 152
17 173
17 226
17 234
17 255
17 314
18 77
18 92
18 142
18 195
19 52
19 99
19 236
19 277
20 40
20 90
20 92
20 166
20 181
20 245
20 275
21 52
21 135
21 168
21 192
21 197
22 83
22 125
22 135
22 193
22 216
22 217
22 288
23 31
23 161
23 229
23 304
24 34
24 89
24 127
24 134
24 209
24 265
25 29
25 127
25 160
25 183
25 191
25 309
26 121
26 259
26 278
27 55
27 126
27 134
27 158
27 165
27 225
28 66
28 76
28 98
28 105
28 121
28 124
28 128
28 178
28 210
28 228
28 266
28 278
28 297
28 312
29 73
29 77
29 98
29 122
29 127
29 192
29 201
29 264
29 283
29 298
29 299
29 314
30 37
30 94
30 99
30 126
30 142
30 238
30 300
31 123
31 134
31 226
31 234
31 304
32 40
32 58
32 74
32 92
32 99
32 196
32 221
32 279
33 100
33 168
33 202
33 207
33 221
33 234
33 250
33 272
33 286
34 49
34 121
34 233
34 268
35 41
35 67
35 79
35 81
35 93
35 120
35 129
35 130
35 134
35 135
35 154
35 163
35 164
35 232
35 241
35 245
35 256
35 257
35 258
35 309
36 77
36 81
36 90
36 106
36 119
36 123
36 125
36 146
36 160
36 215
36 226
36 234
36 243
36 253
36 278
36 292
36 307
36 311
37 57
37 124
37 125
37 126
37 188
37 206
37 236
37 280
37 309
38 100
38 232
38 233
39 76
39 121
39 174
39 216
39 227
39 234
39 297
39 309
39 312
40 63
40 100
40 121
40 124
40 125
40 127
40 129
40 190
40 196
40 207
40 269
40 311
41 168
41 310
42 77
42 158
42 165
42 312
43 90
43 110
43 220
44 86
44 89
44 125
44 140
44 146
44 166
44 219
44 222
44 257
44 279
44 308
45 123
45 126
45 201
45 282
46 78
46 129
47 183
49 68
49 243
49 269
49 288
50 106
50 279
51 62
51 83
51 99
51 115
51 133
51 134
51 173
51 226
51 236
51 241
51 279
52 61
52 72
52 89
52 100
52 122
52 155
52 166
52 173
52 176
52 183
52 187
52 198
52 201
52 206
52 207
52 276
52 296
53 70
53 77
53 100
54 61
54 120
54 126
54 139
54 220
54 234
54 309
55 113
55 123
55 128
55 162
55 195
55 201
55 245
56 57
56 88
56 139
56 200
56 234
56 268
57 110
57 117
57 123
57 124
57 125
57 154
57 210
57 220
57 269
58 75
58 266
59 98
59 163
59 180
59 197
59 201
59 217
59 222
59 232
59 241
59 247
59 272
59 309
60 125
60 139
61 76
62 111
62 115
63 121
63 153
63 224
64 127
64 128
64 219
64 262
65 147
65 160
65 173
65 201
65 226
66 77
66 103
66 122
66 127
66 235
67 137
67 157
67 214
68 140
68 206
68 223
69 142
69 182
69 246
70 121
70 128
70 181
71 193
71 233
72 127
72 132
72 252
72 262
72 293
73 75
73 77
73 160
73 181
73 273
73 279
73 283
73 312
74 134
74 146
75 124
75 126
75 220
75 233
75 240
75 266
76 90
76 110
76 127
76 168
76 171
76 204
76 309
77 80
77 97
77 122
77 173
77 183
77 216
77 226
77 232
77 234
77 279
77 285
77 291
78 152
78 271
79 122
79 181
80 105
80 120
80 128
80 135
80 204
80 206
80 209
80 219
80 224
80 301
81 97
82 125
82 216
82 223
82 274
83 107
83 127
83 143
83 173
83 269
84 155
85 89
85 97
85 121
85 122
85 160
85 189
85 203
85 241
85 262
86 90
86 100
86 122
86 180
86 202
86 233
86 304
87 122
87 313
88 122
88 189
88 287
89 96
89 127
89 163
89 220
90 99
90 119
90 121
90 125
90 158
90 164
90 165
90 179
90 180
90 184
90 189
90 221
90 233
91 99
91 104
91 151
92 147
92 174
92 224
92 231
92 233
93 156
93 198
93 304
94 119
94 199
95 112
95 123
95 136
95 195
96 235
96 249
96 258
96 286
96 308
97 104
97 125
97 148
98 127
98 134
98 137
98 165
98 175
98 257
98 262
99 110
99 126
99 127
99 169
99 173
99 180
99 265
99 279
99 280
99 304
99 312
100 125
100 126
100 134
100 147
100 173
100 207
100 209
100 226
100 227
100 232
100 252
100 292
101 160
101 309
102 121
102 127
102 129
102 169
103 128
103 159
103 216
104 204
104 207
104 222
104 266
105 125
105 179
105 200
105 219
105 233
105 280
105 302
105 309
106 126
106 185
106 207
106 209
106 217
106 232
106 261
107 125
107 126
107 137
107 223
107 230
108 165
108 258
108 288
108 309
109 213
109 285
110 111
110 115
110 121
110 122
110 160
110 172
110 189
110 206
110 223
110 236
110 238
110 292
110 298
111 122
111 137
111 168
111 223
112 121
112 168
112 197
112 288
112 304
113 129
115 124
115 163
115 187
116 173
116 232
117 125
117 135
117 191
117 204
117 243
118 145
119 147
119 163
119 204
120 137
120 219
120 247
120 288
121 123
121 124
121 125
121 126
121 127
121 129
121 134
121 135
121 151
121 154
121 160
121 172
121 174
121 195
121 200
121 218
121 219
121 233
121 236
121 239
121 245
121 246
121 266
121 273
121 276
121 279
121 280
121 285
121 296
121 313
122 123
122 125
122 127
122 135
122 153
122 157
122 168
122 173
122 181
122 183
122 187
122 218
122 219
122 220
122 228
122 238
122 242
122 245
122 256
122 277
122 304
122 306
122 311
123 127
123 170
123 177
123 214
123 221
123 235
123 243
123 265
123 283
123 297
124 129
124 131
124 141
124 152
124 160
124 168
124 199
124 201
124 209
124 217
124 218
124 220
124 222
124 226
124 227
124 233
124 238
124 239
124 265
124 274
124 277
124 304
125 126
125 149
125 164
125 166
125 189
125 195
125 216
125 228
125 235
125 288
125 302
125 307
126 129
126 131
126 140
126 168
126 175
126 186
126 189
126 195
126 215
126 218
126 234
126 235
126 252
126 253
126 266
126 267
126 301
127 129
127 131
127 145
127 166
127 176
127 181
127 201
127 221
127 233
127 238
127 247
127 252
127 271
127 279
127 309
128 134
128 136
128 139
128 150
128 168
128 178
128 189
128 204
128 212
128 224
128 234
128 268
129 165
129 180
129 232
129 234
129 240
129 258
129 264
129 266
129 294
129 309
130 178
131 187
131 246
131 274
131 276
132 160
132 233
133 139
133 195
133 232
133 235
134 162
134 197
134 235
134 250
134 288
134 291
135 192
135 283
135 286
137 234
137 250
137 290
138 177
138 201
138 231
138 257
139 166
139 183
140 141
140 226
140 252
141 192
141 195
141 236
141 266
141 269
142 234
142 235
142 249
143 215
144 151
144 173
144 195
145 171
145 220
146 174
147 267
148 194
149 220
149 266
150 255
151 192
151 206
152 158
153 155
153 161
153 256
153 272
154 180
154 192
154 238
158 168
158 204
158 220
158 233
158 242
158 245
158 297
159 170
159 177
159 203
160 173
160 180
160 240
160 268
160 288
162 204
162 224
162 240
162 266
162 274
163 186
163 192
163 265
163 309
164 195
164 246
165 232
165 237
165 259
166 180
166 199
166 226
166 232
166 235
166 267
167 219
167 232
168 172
168 253
169 309
170 175
170 231
170 243
170 264
170 276
170 279
170 288
170 304
171 216
171 233
171 286
172 233
173 226
173 301
174 202
174 237
174 265
174 275
174 292
174 313
175 177
176 221
177 202
178 258
180 190
180 198
180 204
180 243
180 296
181 289
181 309
183 226
183 253
184 243
186 280
187 232
188 189
188 212
188 235
188 308
189 198
189 273
189 279
189 310
192 233
192 288
192 309
193 226
193 232
195 233
195 236
195 280
197 198
197 241
198 241
198 257
200 226
200 279
200 303
201 204
201 232
201 239
201 243
201 262
202 234
203 208
203 235
204 209
204 224
204 234
204 235
204 252
204 259
204 271
204 280
204 282
204 304
204 309
204 313
205 232
206 208
206 313
208 243
208 304
209 267
210 244
211 221
211 232
212 232
214 229
214 232
215 241
215 286
215 291
216 217
216 242
216 265
217 222
217 234
217 255
217 264
217 287
217 310
218 261
219 262
219 306
220 221
220 286
220 288
221 241
221 290
222 243
222 288
222 291
223 232
223 268
223 292
226 234
226 253
226 278
226 294
226 315
227 232
228 232
230 264
232 241
232 242
232 268
232 279
232 286
233 246
233 258
233 266
233 271
233 282
233 303
233 309
234 243
234 264
234 266
234 267
234 269
234 304
235 246
235 249
235 257
235 261
235 267
235 272
235 294
235 309
236 292
237 277
239 245
241 310
243 302
246 263
247 304
250 278
250 280
253 267
253 277
254 282
257 259
259 298
260 279
261 279
262 286
265 267
267 299
268 304
271 288
271 309
279 304
280 312
286 309
299 310
302 309
304 312
