0 68
0 111
0 117
0 121
0 158
0 286
0 288
1 126
1 180
1 285
2 6
2 34
2 123
2 124
2 129
2 135
2 166
2 172
2 219
2 289
3 9
3 122
3 127
3 158
3 174
3 233
3 259
3 294
4 17
4 31
4 123
4 126
4 127
4 234
4 261
4 276
4 305
5 14
5 32
5 57
5 66
5 89
5 98
5 106
5 117
5 125
5 126
5 131
5 139
5 226
5 270
5 292
6 31
6 63
6 67
6 115
6 140
6 223
6 235
6 275
7 10
7 28
7 152
7 163
7 180
7 206
7 215
7 223
7 226
7 235
7 247
7 277
7 306
8 100
8 215
8 302
9 80
9 125
9 169
9 267
9 286
10 36
10 79
10 107
10 192
10 209
10 266
10 267
11 17
11 61
11 73
11 234
12 75
12 99
12 143
12 260
13 72
13 99
13 119
13 182
14 98
14 99
14 140
14 206
14 223
14 233
14 266
15 79
16 50
16 77
16 99
16 129
16 132
16 234
16 237
16 253
17 41
17 42
17 67
17 102
17 124
17 127
17 135
17 160
17 217
17 226
17 236
17 258
17 309
18 52
18 66
18 72
18 123
18 136
18 190
18 195
18 207
18 233
18 234
19 192
20 40
20 53
20 73
20 99
20 121
21 85
21 233
22 65
22 128
22 129
22 206
22 209
22 230
22 234
22 235
22 273
22 274
23 35
23 69
23 118
23 125
23 223
24 85
24 103
24 124
24 126
24 162
24 167
25 120
25 168
25 176
25 233
26 162
27 76
27 191
27 284
28 44
28 54
28 93
28 126
28 140
28 151
28 299
28 309
29 52
29 78
29 144
29 183
29 221
29 276
29 279
30 226
31 122
31 123
31 129
31 135
31 305
32 38
32 56
32 76
32 123
32 128
32 139
32 144
32 174
32 218
32 279
32 302
32 308
33 39
33 76
33 92
33 184
33 189
33 204
34 91
34 129
34 233
35 39
35 76
35 83
35 90
35 95
35 100
35 106
35 113
35 122
35 124
35 141
35 154
35 159
35 164
35 173
35 178
35 181
35 195
35 219
35 226
35 234
35 257
35 266
35 305
36 44
36 125
36 159
36 170
36 251
36 309
36 313
37 44
37 104
37 182
37 232
37 233
37 245
37 263
37 267
37 304
38 52
38 123
38 125
38 232
38 251
39 89
39 106
39 123
39 173
39 226
39 234
39 237
39 278
39 305
39 309
40 44
40 56
40 74
40 75
40 85
40 122
40 125
40 126
40 127
40 191
40 200
40 232
40 309
41 106
41 125
41 127
41 186
41 240
41 255
41 259
41 304
42 56
42 76
42 89
42 107
42 122
42 124
42 184
42 233
42 278
42 292
43 73
43 100
43 121
43 266
43 309
44 109
44 115
44 124
44 168
44 278
44 312
45 123
45 131
46 166
46 178
47 103
47 134
47 142
47 243
48 105
48 129
48 264
48 311
49 90
49 129
49 200
49 253
50 186
50 266
51 97
51 123
51 124
51 125
51 162
51 191
52 72
52 77
52 95
52 111
52 121
52 122
52 127
52 129
52 139
52 154
52 160
52 164
52 198
52 211
52 221
52 315
53 90
53 147
54 55
54 119
54 129
54 138
54 267
54 268
54 313
55 107
55 130
55 134
55 214
56 206
56 305
57 75
57 126
57 133
57 204
57 266
58 85
58 121
58 122
58 236
58 273
59 85
59 99
59 123
59 126
59 140
59 154
59 165
59 180
59 219
59 220
59 232
59 244
59 298
59 302
60 141
60 182
61 91
61 137
61 235
61 289
62 121
62 160
62 226
62 264
62 285
63 85
63 128
63 140
64 201
64 288
64 299
65 141
65 235
65 257
65 263
66 99
66 121
66 126
66 173
66 261
67 76
67 189
67 203
68 246
68 309
69 176
70 124
70 231
71 84
71 94
71 126
71 241
71 275
72 86
72 149
72 233
73 91
73 110
73 122
73 124
73 125
73 141
73 154
73 168
73 226
73 245
73 274
73 297
73 299
74 125
74 209
74 210
74 280
74 304
75 114
75 126
75 128
75 158
75 215
75 216
75 279
75 302
76 77
76 83
76 85
76 106
76 118
76 131
76 133
76 134
76 160
76 180
76 223
76 233
76 239
76 253
76 266
76 271
77 90
77 121
77 122
77 127
77 131
77 157
77 179
77 180
77 186
77 231
77 246
77 277
77 309
79 201
79 215
80 227
80 232
80 265
80 267
80 283
81 202
81 235
82 123
82 124
82 136
82 176
82 204
83 89
83 133
83 206
83 293
83 313
84 122
84 181
84 195
84 204
84 257
84 285
85 149
85 189
85 201
85 209
85 219
85 261
85 266
85 304
86 117
86 243
86 246
86 268
87 125
87 269
88 123
88 246
88 309
89 90
89 123
89 128
89 135
89 141
89 185
89 222
90 93
90 99
90 110
90 125
90 133
90 134
90 152
90 193
90 206
90 208
90 226
90 230
90 264
90 286
90 291
91 134
91 141
91 180
91 263
92 125
93 124
93 195
93 250
93 257
94 125
94 238
95 100
95 123
95 134
95 135
95 225
95 234
95 304
95 313
96 243
96 259
97 106
97 206
97 215
97 314
98 125
98 126
98 130
98 160
98 226
98 267
99 121
99 122
99 123
99 124
99 134
99 153
99 158
99 182
99 185
99 187
99 195
99 198
99 204
99 205
99 216
99 220
99 232
99 234
99 235
99 257
99 261
99 305
100 115
100 121
100 122
100 123
100 126
100 135
100 174
100 180
100 191
100 195
100 207
100 228
100 235
100 241
100 264
100 282
101 119
101 122
101 167
101 170
102 127
102 204
102 279
103 163
104 121
104 232
105 123
105 135
105 148
105 190
105 209
105 296
106 115
106 121
106 127
106 152
106 186
106 264
106 299
106 309
107 134
107 235
107 262
107 280
108 115
108 123
108 208
109 180
110 122
110 123
110 128
110 177
110 181
110 234
110 267
110 307
110 309
111 112
111 124
111 154
111 183
111 217
111 219
111 226
111 227
111 274
111 309
112 135
112 181
112 250
112 310
113 160
113 271
113 286
114 126
114 145
114 232
115 127
115 160
116 207
117 122
117 135
117 142
117 167
117 213
118 143
119 133
119 206
119 220
119 226
120 170
120 276
120 286
121 129
121 140
121 170
121 172
121 177
121 190
121 192
121 195
121 196
121 217
121 273
121 299
121 314
122 123
122 124
122 129
122 134
122 135
122 146
122 153
122 158
122 176
122 189
122 190
122 211
122 219
122 220
122 223
122 233
122 241
122 252
122 264
122 279
122 286
122 287
122 301
123 127
123 129
123 149
123 156
123 180
123 191
123 211
123 213
123 233
123 235
123 265
123 276
123 286
123 290
123 301
123 304
123 306
123 309
123 314
124 126
124 128
124 129
124 134
124 137
124 139
124 147
124 151
124 160
124 170
124 171
124 182
124 212
124 221
124 232
124 234
124 236
124 241
124 255
124 266
124 282
124 284
124 304
125 140
125 160
125 162
125 168
125 170
125 193
125 195
125 204
125 220
125 222
125 257
125 309
126 127
126 128
126 148
126 154
126 170
126 207
126 219
126 220
126 222
126 229
126 232
126 241
126 243
126 280
126 302
126 304
126 307
127 129
127 135
127 155
127 157
127 174
127 185
127 219
127 227
127 235
127 279
127 288
128 140
128 172
128 182
128 189
128 196
128 219
128 233
128 235
128 241
128 265
128 268
128 290
128 292
128 308
129 133
129 152
129 158
129 169
129 182
129 197
129 221
129 223
129 241
129 266
129 274
129 278
129 289
129 304
129 313
130 154
130 202
130 231
131 134
131 137
131 200
131 221
132 226
132 304
133 232
133 266
134 135
134 138
134 147
134 154
134 163
134 185
134 215
134 226
134 232
134 235
134 239
134 288
134 292
134 309
135 156
135 163
135 170
135 173
135 207
135 219
135 241
135 282
136 152
136 201
137 187
137 234
137 288
138 142
139 143
139 166
139 234
139 236
139 286
140 165
140 215
140 291
140 312
141 147
141 234
141 287
141 301
142 234
143 160
144 196
144 217
144 231
144 272
145 280
145 299
146 233
146 309
146 311
147 207
147 216
147 286
149 301
150 175
150 218
150 304
151 240
152 309
153 156
153 204
153 226
154 160
154 190
154 201
154 219
154 232
155 163
155 167
155 197
155 240
155 243
155 250
155 253
155 304
156 220
157 193
158 237
158 279
159 226
159 291
160 191
160 223
160 263
160 279
160 286
160 304
161 166
161 181
162 195
162 207
162 249
162 304
162 313
163 237
163 240
164 263
165 233
165 234
165 235
165 241
166 168
166 210
166 226
166 286
166 291
167 259
167 261
168 216
168 220
168 226
168 233
168 263
168 283
170 247
170 309
171 238
171 243
171 257
172 267
173 297
173 299
175 207
175 219
175 226
176 209
176 235
177 201
177 238
177 240
177 253
177 255
178 296
178 306
179 204
180 204
180 237
180 275
181 201
181 204
181 243
181 297
183 202
183 206
185 193
185 234
185 279
186 286
187 232
187 285
187 297
188 217
189 204
189 246
189 249
189 265
191 192
191 219
191 222
191 244
193 223
194 304
195 226
195 274
196 204
196 238
197 216
197 217
197 251
197 253
198 200
198 309
199 232
199 292
200 211
200 221
200 234
201 209
201 226
201 236
201 259
201 262
201 280
201 286
202 232
202 285
202 287
203 225
203 306
204 235
204 236
204 254
204 266
204 278
204 309
206 254
206 261
206 280
206 288
207 223
207 259
207 295
208 246
208 249
209 232
209 234
209 253
209 277
209 302
210 232
212 213
213 305
215 247
215 286
215 304
216 220
217 231
217 243
217 279
217 305
218 265
218 266
219 222
219 235
219 238
219 309
220 267
220 273
221 253
222 238
222 248
222 272
223 234
223 297
223 299
224 275
224 279
225 235
225 286
225 294
226 233
226 240
226 274
226 287
226 296
226 302
226 304
226 309
228 238
228 245
230 235
232 237
232 241
232 246
232 249
232 259
232 260
232 261
232 309
232 311
233 235
233 246
233 247
233 253
233 280
233 284
233 286
233 292
234 237
234 246
234 261
234 264
234 304
234 309
235 271
235 279
235 304
236 267
236 296
237 267
238 240
238 275
240 252
240 279
240 285
241 309
243 245
245 306
249 268
252 271
255 259
256 265
257 304
257 311
259 264
261 311
264 266
264 275
264 286
264 301
266 274
266 279
268 280
270 273
271 285
271 303
273 274
273 286
274 297
277 297
280 313
295 315
304 311
