0 35
0 60
0 75
0 122
0 160
0 238
0 249
0 263
0 266
1 5
1 76
2 6
2 123
2 125
2 135
2 154
2 230
2 271
2 286
2 296
3 57
3 92
3 105
3 130
3 157
3 192
4 65
4 77
4 121
4 128
4 138
4 154
4 178
4 188
4 195
4 234
4 275
4 304
5 34
5 68
5 71
5 113
5 140
5 151
5 183
5 188
5 198
5 204
5 205
5 228
5 235
5 239
5 264
5 266
5 292
5 314
6 14
6 84
6 89
6 117
6 120
6 125
6 126
6 127
6 137
6 168
6 209
6 234
6 252
6 266
7 125
7 148
7 220
7 232
7 282
7 291
7 299
8 17
8 58
8 121
8 215
9 73
9 121
9 122
9 127
10 67
10 127
10 165
10 201
11 13
11 17
11 36
11 95
11 121
11 134
11 169
11 226
11 283
12 37
12 75
12 112
12 127
12 132
12 133
12 239
13 39
13 68
13 73
13 134
13 154
13 209
13 251
14 100
14 174
14 215
14 258
15 127
15 133
15 264
16 28
16 35
16 84
16 153
16 215
16 262
16 278
16 287
17 60
17 70
17 76
17 114
17 117
17 121
17 127
17 128
17 144
17 152
17 185
17 227
17 261
17 266
17 278
17 292
17 302
18 23
18 35
18 56
18 60
18 86
18 116
18 122
18 168
19 99
19 121
19 188
20 31
20 34
20 38
20 107
20 120
20 153
20 274
20 304
21 42
21 124
21 126
21 192
22 124
22 267
23 90
23 100
23 129
23 138
23 167
23 199
23 266
24 70
24 130
24 168
24 202
24 215
24 279
25 153
25 249
26 34
26 53
26 64
26 117
26 130
27 51
27 218
27 222
27 226
27 227
27 304
28 59
28 85
28 117
28 183
28 193
28 206
28 220
28 302
28 309
29 36
29 81
29 134
29 154
29 163
29 168
29 182
29 187
29 226
29 266
29 272
30 89
30 155
30 234
30 266
31 72
31 109
31 122
31 138
31 229
31 236
32 184
32 187
33 110
33 135
33 160
33 221
34 37
34 110
34 117
34 153
34 155
34 191
34 193
34 215
34 237
34 289
35 44
35 61
35 127
35 167
35 234
35 243
35 269
35 298
36 83
36 100
36 105
36 160
36 182
36 241
36 259
36 311
37 52
37 84
37 100
37 212
37 227
37 283
38 40
38 90
38 170
38 237
38 304
39 85
39 123
39 210
39 212
39 216
39 219
39 225
39 257
40 66
40 87
40 90
40 115
40 121
40 122
40 124
40 129
40 139
40 141
40 152
40 183
40 227
40 228
40 233
40 252
40 266
40 289
41 76
41 90
41 115
41 165
41 211
41 222
41 245
41 309
42 72
42 189
43 107
43 249
44 121
44 129
44 134
44 168
44 304
45 202
46 61
46 203
46 219
46 231
47 122
48 99
48 235
49 54
49 95
49 156
49 180
49 208
49 217
49 267
50 243
51 119
51 124
51 125
51 126
51 128
51 155
51 175
51 302
52 56
52 125
52 173
52 228
52 268
53 88
53 279
53 286
54 84
54 121
54 128
54 165
54 219
54 245
54 261
55 87
55 121
55 181
55 186
55 258
56 76
56 125
56 127
56 157
56 228
56 273
56 283
57 60
57 117
57 127
57 135
57 155
57 201
58 195
58 234
59 66
59 125
59 128
59 135
59 169
59 189
59 207
59 212
59 235
59 264
60 75
60 122
60 128
61 124
61 139
62 107
62 217
62 235
62 236
63 124
64 124
64 232
65 73
65 75
65 84
65 99
65 288
66 82
66 100
66 111
66 199
66 243
66 261
67 121
67 160
67 238
67 314
68 71
68 99
68 124
68 134
68 168
68 188
68 192
69 97
69 115
69 282
70 124
70 204
70 239
71 125
71 126
71 132
71 155
71 233
71 265
72 106
72 218
73 96
73 110
73 143
73 160
73 192
73 226
73 238
73 292
73 303
74 115
74 275
75 125
75 127
75 134
75 185
75 266
75 292
75 302
76 86
76 88
76 100
76 110
76 123
76 124
76 126
76 127
76 139
76 144
76 188
76 215
76 217
76 233
76 304
77 107
77 123
77 125
77 126
77 127
77 134
77 194
77 204
77 227
77 240
77 252
77 264
77 277
78 125
78 127
78 159
78 187
78 271
79 85
79 180
79 206
79 226
79 256
80 118
80 120
80 166
80 178
80 180
80 207
80 309
81 233
82 110
82 126
82 127
83 87
83 95
83 106
83 129
83 201
83 207
83 226
84 86
84 122
84 166
84 216
84 218
84 304
85 101
85 123
85 127
85 129
85 151
85 158
85 160
85 202
85 203
85 204
85 216
85 233
85 241
85 267
86 121
86 125
86 153
86 162
86 216
86 227
87 104
87 165
89 96
89 127
89 160
89 176
89 252
89 274
90 110
90 121
90 122
90 129
90 143
90 153
90 155
90 176
90 231
90 246
90 276
90 281
90 288
90 304
91 152
91 180
91 183
91 202
91 233
91 271
91 308
92 102
92 104
92 105
92 125
93 140
93 168
93 223
93 291
94 126
94 180
95 124
95 204
95 236
95 277
95 309
96 100
96 111
96 204
96 253
97 124
97 139
97 217
97 235
98 121
98 129
98 143
98 172
98 218
98 219
98 241
99 114
99 134
99 180
99 207
99 252
99 254
99 267
99 280
99 282
99 304
99 308
99 309
100 110
100 115
100 116
100 122
100 125
100 126
100 128
100 132
100 140
100 144
100 147
100 159
100 160
100 170
100 189
100 190
100 192
100 208
100 258
100 286
100 309
101 141
101 210
102 233
102 243
102 306
103 134
103 170
103 241
103 275
104 106
104 122
104 125
104 166
104 214
104 233
104 253
104 299
105 134
105 282
105 313
106 124
106 173
106 177
106 192
106 268
107 139
107 195
107 310
108 122
108 125
108 127
108 218
108 235
108 296
109 202
109 223
109 241
109 276
110 129
110 232
110 265
110 270
110 273
110 275
111 123
111 124
111 167
111 182
112 127
112 128
112 252
112 255
112 305
114 126
114 173
115 124
115 141
115 158
115 219
115 280
115 294
116 121
116 174
117 123
117 127
117 134
117 146
117 155
117 159
117 263
117 290
117 298
118 121
118 125
118 309
119 127
119 157
119 174
119 300
120 133
120 168
120 218
121 123
121 134
121 139
121 140
121 160
121 165
121 175
121 183
121 204
121 216
121 217
121 226
121 234
121 243
121 247
121 250
121 260
121 276
121 286
121 309
122 123
122 133
122 134
122 189
122 193
122 201
122 204
122 223
122 226
122 261
122 278
122 283
122 286
122 289
122 292
122 304
123 129
123 158
123 180
123 185
123 191
123 201
123 205
123 215
123 218
123 235
123 243
123 252
123 269
123 288
124 125
124 127
124 147
124 148
124 163
124 170
124 176
124 192
124 204
124 215
124 234
124 238
124 253
124 262
124 279
124 296
125 139
125 151
125 182
125 224
125 231
125 232
125 237
125 241
125 249
125 299
125 303
125 304
126 139
126 140
126 144
126 156
126 158
126 160
126 163
126 170
126 173
126 208
126 232
126 235
126 264
126 285
127 129
127 147
127 153
127 156
127 178
127 183
127 185
127 219
127 232
127 233
127 235
127 239
127 241
127 247
127 268
127 276
128 147
128 156
128 167
128 185
128 197
128 215
128 216
128 217
128 219
128 220
128 241
128 262
128 273
128 309
129 134
129 144
129 155
129 159
129 189
129 200
129 216
129 234
129 246
129 264
129 266
129 267
129 278
129 291
130 223
130 236
131 141
132 189
132 198
132 219
132 220
134 142
134 162
134 197
134 207
134 226
134 237
134 260
134 283
134 309
134 314
135 142
135 216
135 220
135 232
135 309
137 200
137 201
138 204
138 226
139 176
139 206
139 236
139 241
139 267
139 292
140 201
140 261
140 296
141 292
142 222
142 314
144 221
144 240
146 174
146 196
148 232
150 192
150 222
150 226
150 286
151 199
151 217
151 231
151 277
152 268
153 197
154 157
154 191
155 174
155 189
155 215
155 219
155 304
155 309
156 171
156 241
157 208
158 189
158 206
158 226
159 185
160 197
160 219
160 222
160 232
160 233
160 234
160 243
162 218
162 241
162 313
163 202
163 244
163 312
164 189
164 217
164 233
165 233
165 292
166 200
167 306
168 219
168 229
168 231
168 283
168 310
168 314
169 234
169 237
169 279
169 309
170 203
171 304
172 181
173 206
173 266
174 195
174 276
174 286
175 203
175 222
175 233
175 234
175 309
176 191
178 196
180 293
180 311
181 238
182 193
182 206
183 217
183 232
183 243
184 195
184 268
185 304
186 216
186 235
186 246
186 262
187 251
187 280
188 218
188 246
189 220
189 231
189 309
191 248
191 279
192 212
192 233
192 266
193 225
193 229
195 226
195 232
195 271
195 296
196 226
196 281
196 309
197 237
199 226
200 202
200 209
200 234
201 217
201 222
201 234
201 257
201 262
201 289
201 304
202 225
202 226
202 233
202 257
203 216
204 219
204 233
204 257
204 288
204 294
204 309
205 266
206 210
207 210
207 236
208 242
208 297
210 282
210 286
212 217
212 279
216 233
216 278
216 286
217 222
217 292
218 283
218 286
218 309
219 266
220 229
220 266
221 234
221 243
222 241
222 280
223 265
223 269
223 280
224 280
225 304
226 233
226 259
228 235
228 247
228 259
228 313
229 280
229 288
230 266
231 234
231 292
232 261
232 265
232 267
232 303
233 246
233 264
233 266
233 306
234 244
234 286
235 250
235 265
235 279
235 288
235 309
235 310
236 246
236 247
236 282
236 289
239 255
241 280
241 285
242 249
243 264
243 300
243 304
244 303
246 249
246 268
247 299
252 263
253 258
253 290
257 280
258 261
259 263
259 264
260 266
261 311
264 280
264 314
266 272
266 285
266 288
270 297
273 285
273 291
277 283
279 292
279 297
284 289
284 299
287 304
292 312
294 298
302 306
305 312
