0 84
0 184
0 200
0 259
1 66
1 104
1 144
1 156
1 235
1 259
1 264
1 267
1 293
2 123
2 128
2 129
2 140
2 175
2 232
2 246
3 36
3 99
3 123
3 180
3 204
3 250
3 286
4 13
4 20
4 27
4 121
4 189
4 197
4 208
4 266
5 27
5 66
5 80
5 89
5 93
5 121
5 124
5 155
5 158
5 165
5 172
5 186
5 187
5 206
5 223
5 233
5 246
5 309
6 30
6 36
6 62
6 87
6 94
6 103
6 121
6 123
6 158
6 180
6 188
6 190
6 217
6 268
6 304
7 31
7 65
7 76
7 95
7 99
7 122
7 127
7 163
7 196
7 234
8 128
8 280
8 284
9 70
9 111
9 125
9 143
9 160
9 234
9 266
9 278
10 28
10 37
10 76
10 88
10 90
10 106
10 160
10 209
10 235
10 259
10 265
11 51
12 25
12 77
12 80
12 99
12 122
12 189
12 264
13 28
13 81
13 126
13 139
13 201
13 208
13 235
14 23
14 93
14 125
14 233
15 100
15 174
15 228
16 89
16 126
16 129
16 188
16 221
16 233
16 249
17 26
17 41
17 62
17 77
17 106
17 129
17 160
17 180
17 221
17 233
18 79
18 90
18 97
18 99
18 125
18 250
19 43
19 113
19 177
19 198
19 241
19 261
20 41
20 122
20 125
20 149
20 218
20 265
20 271
21 66
21 121
22 36
22 56
22 84
22 123
22 128
22 166
22 198
22 221
22 234
22 276
22 286
23 36
23 77
23 99
23 103
23 122
23 158
23 180
23 235
23 236
23 273
24 48
24 85
24 134
24 139
24 179
24 183
24 222
24 226
24 232
24 247
24 275
25 73
25 77
25 129
25 192
25 292
26 37
26 39
26 64
26 120
26 121
26 216
26 256
27 135
27 140
27 221
28 40
28 106
28 122
28 195
28 264
29 169
29 206
29 233
29 238
30 122
30 153
30 176
30 201
30 256
31 56
31 104
31 219
32 140
32 166
32 201
32 302
33 146
33 206
33 223
33 311
34 44
34 84
34 223
34 282
35 40
35 49
35 67
35 86
35 110
35 122
35 139
35 140
35 163
35 180
35 222
35 234
35 236
36 40
36 89
36 113
36 122
36 200
36 222
36 225
36 241
36 253
36 264
36 314
37 51
37 72
37 74
37 121
37 128
37 132
37 213
37 220
37 241
37 279
37 288
37 296
38 140
38 193
38 283
39 68
39 121
39 125
39 129
39 133
39 217
39 299
40 51
40 61
40 90
40 95
40 117
40 125
40 134
40 138
40 171
40 176
40 266
40 313
41 126
41 127
41 166
41 204
41 206
41 234
41 259
41 272
41 304
42 58
42 102
42 108
42 121
42 122
42 128
42 189
42 204
42 234
43 259
44 76
44 122
44 153
44 236
46 179
47 150
47 229
48 221
49 185
49 245
49 267
50 53
50 158
50 185
51 63
51 90
51 133
51 171
51 173
51 186
52 89
52 223
52 226
52 264
53 77
53 98
53 234
54 180
54 193
54 200
54 234
54 263
54 309
55 83
55 90
55 122
55 235
55 239
56 76
56 90
56 124
56 192
56 234
56 238
56 279
56 312
57 95
57 96
57 99
57 177
57 216
57 259
57 264
57 274
58 199
58 219
59 60
59 224
59 231
59 261
59 293
60 279
61 125
61 149
61 165
61 219
61 233
61 265
61 278
61 279
62 65
62 128
62 135
62 178
62 238
62 304
64 112
64 134
64 215
64 219
64 241
64 309
66 112
66 128
66 129
66 137
66 142
66 186
66 220
66 287
66 299
67 99
67 127
67 156
67 268
68 154
68 155
68 240
68 267
68 292
68 304
69 100
69 125
69 187
70 202
70 217
71 77
71 119
71 129
71 168
72 76
72 122
72 126
72 134
72 135
72 158
72 167
72 196
72 199
72 228
72 313
73 85
73 135
73 158
73 183
73 221
74 127
74 202
74 236
75 86
75 108
75 134
75 215
75 263
75 282
76 91
76 112
76 122
76 123
76 126
76 159
76 173
76 193
76 204
76 208
76 219
76 226
76 234
76 261
76 279
77 80
77 81
77 111
77 114
77 121
77 125
77 134
77 160
77 166
77 168
77 204
77 226
77 237
77 279
78 266
79 124
79 234
80 121
80 128
80 129
80 219
80 234
80 241
80 244
80 246
81 111
81 135
81 206
81 286
82 129
82 132
82 288
83 111
83 126
83 200
83 212
83 224
83 241
84 129
84 193
84 234
85 90
85 101
85 128
85 132
85 147
85 219
85 238
85 239
86 107
86 125
86 239
86 266
87 104
87 140
87 155
89 122
89 127
89 162
89 237
89 267
89 278
90 106
90 123
90 129
90 138
90 175
90 177
90 197
90 210
90 212
90 217
90 246
90 293
91 144
91 151
91 226
92 155
92 221
93 95
93 111
93 127
93 138
93 160
93 183
94 111
95 105
95 121
95 183
95 257
95 279
95 299
95 309
96 104
96 139
97 120
97 121
98 118
98 123
98 125
98 204
98 240
99 104
99 122
99 123
99 124
99 126
99 128
99 180
99 190
99 201
99 208
99 226
99 286
99 304
99 307
100 118
100 119
100 121
100 123
100 126
100 170
100 202
100 204
100 226
100 233
100 243
100 251
100 279
101 117
101 127
101 202
101 265
102 124
102 125
102 265
102 268
103 115
103 122
103 143
103 149
103 238
103 292
104 163
104 262
105 130
105 173
105 232
105 246
105 282
106 124
106 130
106 139
106 147
106 216
106 218
106 284
107 140
107 173
107 302
108 128
108 157
108 160
108 204
110 129
110 165
110 208
110 223
110 231
110 232
110 300
111 122
111 128
111 152
111 186
111 226
111 246
111 311
112 121
112 128
112 165
112 168
112 296
113 156
113 199
113 232
114 163
114 238
115 201
115 208
115 215
115 232
116 124
116 134
117 127
117 129
117 131
117 188
117 198
117 245
118 202
119 216
119 221
119 271
121 122
121 125
121 126
121 127
121 129
121 138
121 140
121 150
121 155
121 173
121 178
121 189
121 190
121 203
121 207
121 224
121 226
121 232
121 233
121 234
121 257
121 260
121 261
121 263
121 273
121 304
122 127
122 134
122 166
122 168
122 170
122 177
122 183
122 218
122 236
122 243
122 248
122 262
122 314
123 125
123 126
123 129
123 143
123 151
123 182
123 208
123 237
123 268
123 279
123 287
124 126
124 128
124 134
124 139
124 147
124 166
124 185
124 200
124 206
124 219
124 221
124 231
124 234
124 236
124 247
124 276
124 313
125 140
125 147
125 159
125 173
125 188
125 232
125 234
125 236
125 309
126 129
126 134
126 156
126 166
126 170
126 187
126 188
126 201
126 203
126 207
126 219
126 221
126 233
126 234
126 235
126 240
126 261
126 274
127 128
127 138
127 141
127 147
127 168
127 173
127 181
127 187
127 190
127 192
127 197
127 202
127 203
127 219
127 221
127 233
127 246
127 280
127 305
127 309
128 129
128 134
128 135
128 140
128 157
128 160
128 171
128 207
128 212
128 232
128 233
128 234
128 288
128 302
129 130
129 160
129 172
129 180
129 204
129 206
129 220
129 233
129 259
129 264
129 285
129 309
130 201
130 216
130 235
131 180
131 286
131 309
132 160
132 168
132 177
132 201
132 292
133 173
133 232
133 235
134 142
134 204
134 299
134 306
134 313
135 226
135 238
136 226
136 255
136 258
136 292
137 155
137 220
138 157
138 215
139 156
139 159
139 168
139 169
139 201
139 216
139 233
139 271
139 275
140 201
140 220
140 253
140 259
140 266
141 177
142 219
143 200
143 201
144 168
144 180
144 232
144 233
144 309
145 233
146 233
147 216
147 217
147 232
147 293
148 223
148 226
148 233
148 241
148 243
148 280
149 266
151 255
151 261
152 176
152 183
153 164
153 202
153 230
154 279
155 207
155 219
155 232
155 234
156 202
156 235
157 170
157 231
158 163
158 180
158 220
158 229
158 272
158 297
159 173
159 235
160 174
160 204
160 221
160 283
160 291
160 305
161 226
162 169
162 173
162 180
162 185
162 235
163 166
163 183
163 218
163 232
163 240
163 268
163 274
163 314
164 299
165 199
165 203
165 220
165 232
165 247
166 210
166 266
166 309
167 193
167 219
167 267
167 309
168 189
168 210
168 235
168 264
168 265
168 285
168 292
169 202
170 189
170 227
170 268
171 243
171 275
172 195
173 184
173 217
173 233
173 235
173 309
174 279
174 311
174 315
175 180
175 215
175 219
175 239
177 238
178 238
179 234
180 193
180 223
180 233
180 238
181 191
181 201
181 234
181 247
181 267
182 196
182 232
182 271
182 288
183 201
183 204
183 209
183 223
183 259
183 291
183 305
184 299
185 209
185 229
185 296
185 299
186 216
186 314
187 233
187 277
187 292
188 202
188 204
188 220
188 232
188 309
189 220
189 233
189 243
189 255
189 272
189 277
191 199
191 226
192 229
192 240
193 286
194 297
195 232
195 266
195 273
195 284
196 217
196 309
197 287
198 286
199 264
199 300
200 234
200 288
200 290
201 263
201 309
202 249
202 298
204 234
204 235
204 237
204 279
204 305
206 209
206 223
206 234
207 219
207 235
207 279
210 297
211 312
212 239
212 243
214 232
215 246
215 274
215 286
215 312
216 273
216 313
217 288
218 237
218 266
219 231
219 235
219 259
219 304
220 241
220 265
220 299
221 223
221 226
221 229
221 255
221 302
222 226
223 228
223 238
223 241
223 262
223 289
224 240
225 268
226 232
226 240
226 279
228 299
230 233
230 309
231 292
232 257
232 266
233 234
233 239
233 247
233 257
233 266
233 268
233 276
233 291
233 306
233 311
234 239
234 266
234 272
234 285
234 302
234 309
234 313
235 247
235 288
236 294
236 297
237 239
237 276
238 249
238 261
238 263
238 288
238 304
238 313
239 309
241 249
241 279
241 313
244 250
246 251
246 304
247 252
252 304
253 308
257 271
261 309
262 292
264 271
264 309
266 274
266 280
266 313
267 307
278 304
279 288
279 304
280 286
280 293
280 309
288 309
296 299
299 309
302 313
310 315
