1 85
1 92
1 119
1 247
2 32
2 43
2 57
2 122
2 222
2 225
2 233
2 241
2 299
2 304
3 122
3 123
3 126
3 132
3 154
3 178
3 233
4 35
4 51
4 201
4 226
5 26
5 40
5 100
5 124
5 125
5 127
5 151
5 212
5 213
5 219
5 300
5 305
6 13
6 96
6 192
6 195
6 217
6 224
6 235
6 253
6 263
7 8
7 12
7 117
7 147
7 181
7 206
7 217
7 219
7 226
7 236
8 85
8 186
9 23
9 63
9 65
9 101
9 166
9 219
9 311
10 108
10 124
10 156
10 189
10 304
11 128
11 134
11 233
12 28
12 77
12 124
12 140
12 199
13 55
13 93
13 123
13 127
13 238
13 240
13 241
13 276
13 308
13 309
14 70
14 127
14 141
14 252
14 271
14 301
15 169
15 203
15 204
15 262
16 275
17 99
17 104
17 111
17 125
17 127
17 134
17 154
17 238
17 257
17 259
17 266
17 267
17 307
18 85
18 113
18 160
18 257
19 123
19 188
19 209
19 226
20 31
20 49
20 97
20 99
20 125
20 131
20 174
20 204
20 210
20 220
20 266
21 261
22 106
22 125
22 133
22 155
22 215
22 232
22 233
23 76
23 122
23 125
23 239
23 241
23 255
24 41
24 74
24 117
24 120
24 121
24 126
24 160
24 282
25 100
25 181
25 229
26 40
26 90
26 125
26 163
26 210
27 90
27 100
27 112
28 37
28 100
28 110
28 191
28 202
28 219
29 37
29 52
29 87
29 105
29 124
29 130
29 175
29 232
29 238
30 125
30 216
31 209
31 211
31 241
31 286
32 105
32 110
32 140
32 142
32 204
32 226
32 286
33 70
33 117
33 166
34 247
34 279
34 304
35 42
35 52
35 57
35 66
35 90
35 91
35 100
35 104
35 121
35 122
35 124
35 135
35 140
35 146
35 168
35 172
35 193
35 196
35 226
35 233
35 247
35 266
36 86
36 166
36 233
36 234
36 275
36 280
36 286
36 303
37 53
37 122
37 129
37 162
37 201
37 233
38 57
39 80
39 106
39 125
39 133
39 189
39 226
39 233
39 309
39 313
40 59
40 118
40 121
40 123
40 129
40 181
40 192
40 217
40 219
40 222
40 232
40 252
40 267
41 59
41 97
41 100
41 125
41 126
41 138
41 147
41 167
41 175
41 215
41 228
42 99
42 123
42 129
42 264
42 277
43 128
43 155
43 167
43 221
43 224
44 129
44 173
44 175
44 233
44 234
45 176
45 216
47 82
48 100
48 141
49 59
49 100
49 137
49 176
49 237
50 183
51 52
51 57
51 121
51 122
51 123
51 127
51 134
51 210
51 212
51 232
51 234
51 313
52 60
52 103
52 183
52 197
52 250
54 77
54 100
54 151
54 166
54 279
54 309
55 117
55 135
55 226
55 235
55 247
56 77
56 124
56 127
56 129
56 158
56 279
57 168
57 184
57 197
57 201
58 124
58 201
58 231
59 116
59 126
59 157
59 195
59 199
59 225
59 226
59 235
59 237
59 246
59 247
59 278
59 288
59 305
60 85
60 128
61 174
62 104
62 166
62 187
62 193
62 226
63 66
63 70
63 228
63 253
64 259
64 266
65 85
66 125
66 159
66 194
66 259
66 309
67 127
67 192
67 199
67 234
67 257
68 121
68 143
68 162
68 183
70 79
70 115
70 124
70 129
70 135
70 144
70 226
71 72
71 76
71 128
71 237
72 99
72 103
72 112
72 122
72 158
72 182
72 218
72 223
72 232
72 235
72 279
73 88
73 122
73 124
73 131
73 187
73 223
73 241
73 257
73 272
73 304
74 127
74 158
74 266
74 268
75 114
75 126
75 135
75 155
75 216
75 234
75 274
75 278
76 77
76 90
76 128
76 136
76 140
76 155
76 163
76 164
76 180
76 240
76 243
76 264
76 268
76 280
76 287
76 304
77 106
77 120
77 121
77 124
77 134
77 149
77 157
77 188
77 189
77 204
77 233
77 240
77 257
77 266
77 311
79 90
79 305
79 307
80 92
80 123
80 134
81 107
81 160
81 170
81 245
81 303
82 99
82 123
82 233
82 235
82 241
83 123
84 125
84 126
84 168
84 299
85 117
85 125
85 135
85 168
85 175
85 199
85 219
85 238
85 269
85 271
85 275
85 283
86 100
86 128
86 138
86 188
86 230
86 234
87 100
87 121
88 154
88 216
88 218
89 91
89 95
89 132
89 139
89 286
90 101
90 107
90 116
90 121
90 123
90 127
90 175
90 196
90 197
90 206
90 216
90 221
90 227
90 236
90 246
90 261
90 267
90 311
91 234
92 105
92 123
92 128
92 197
92 267
93 98
93 139
93 233
93 235
93 250
94 139
94 147
94 267
95 99
95 110
95 135
95 137
95 185
95 232
95 233
95 235
96 121
96 126
96 229
97 125
97 180
98 266
99 105
99 122
99 123
99 125
99 126
99 128
99 147
99 199
99 223
99 232
99 257
99 261
99 267
99 283
99 310
100 111
100 121
100 124
100 126
100 128
100 144
100 159
100 195
100 202
100 221
100 233
100 281
100 282
100 302
100 305
100 314
101 173
102 192
102 270
102 304
103 200
103 235
103 286
103 304
104 159
104 180
104 233
104 279
105 145
105 193
106 123
106 137
106 166
106 296
106 313
107 130
107 155
107 204
107 237
107 250
107 273
107 309
108 159
108 160
109 123
109 173
109 187
110 120
110 123
110 124
110 181
110 238
110 285
111 124
111 166
111 168
111 198
111 257
112 124
112 125
112 141
112 216
112 220
112 232
112 235
112 236
112 238
113 124
114 266
115 140
115 165
115 222
115 235
115 236
115 253
115 273
116 204
116 313
117 122
117 182
117 223
117 236
117 239
117 294
117 307
119 175
119 235
119 253
120 124
120 163
120 282
121 125
121 127
121 128
121 134
121 140
121 141
121 160
121 169
121 170
121 180
121 188
121 203
121 207
121 215
121 216
121 218
121 233
121 241
121 246
121 247
121 257
121 288
121 304
121 313
121 314
122 123
122 124
122 125
122 127
122 144
122 146
122 147
122 156
122 158
122 161
122 178
122 179
122 181
122 193
122 235
122 243
122 261
122 273
122 278
122 292
122 293
123 124
123 126
123 127
123 128
123 134
123 141
123 154
123 155
123 175
123 176
123 187
123 189
123 202
123 216
123 233
123 238
123 241
123 259
123 274
123 275
123 286
123 288
123 301
124 130
124 134
124 141
124 147
124 150
124 165
124 169
124 174
124 198
124 207
124 223
124 226
124 228
124 231
124 232
124 235
124 266
124 312
124 313
125 127
125 138
125 140
125 155
125 187
125 189
125 204
125 232
125 234
125 235
125 249
125 280
125 309
126 129
126 158
126 160
126 162
126 168
126 172
126 179
126 185
126 186
126 197
126 201
126 203
126 218
126 225
126 226
126 232
126 243
126 245
126 257
126 266
126 270
126 297
126 300
126 304
126 308
127 135
127 140
127 153
127 189
127 204
127 208
127 233
127 234
127 241
127 245
127 250
127 253
127 266
127 308
128 130
128 134
128 149
128 154
128 163
128 219
128 241
128 257
128 263
128 272
128 285
128 290
128 304
129 143
129 155
129 168
129 197
129 200
129 202
129 219
129 223
129 225
129 231
129 234
129 241
129 259
129 264
129 273
129 279
129 282
129 291
129 299
130 189
130 203
131 174
131 192
131 235
132 144
132 219
132 292
133 155
133 182
134 135
134 139
134 145
134 149
134 155
134 174
134 234
134 241
134 261
134 264
134 292
134 299
135 180
135 203
135 228
135 264
135 266
135 314
136 304
137 176
137 231
137 237
137 275
137 279
137 312
138 212
139 163
139 181
139 226
139 233
139 257
140 141
140 187
140 202
140 203
140 288
140 290
141 147
141 243
141 315
143 164
143 185
143 214
143 234
143 243
144 160
144 235
145 197
145 226
145 232
145 233
145 306
146 212
147 219
147 232
148 280
149 312
151 235
153 192
153 214
153 279
154 174
154 202
154 255
155 159
155 220
155 283
156 224
157 160
157 234
158 166
158 201
158 233
158 234
159 286
160 171
160 180
160 226
160 233
160 255
160 269
160 290
160 302
161 168
161 175
161 218
162 165
162 180
162 203
162 223
162 282
162 291
163 232
164 266
165 196
165 218
165 226
165 235
165 279
166 297
167 234
167 241
167 262
167 311
168 179
168 195
168 218
169 224
169 267
169 311
170 226
170 288
170 309
171 206
171 227
171 261
172 200
172 202
172 223
172 267
173 206
173 218
173 223
173 268
174 194
174 226
174 232
174 233
174 235
174 246
174 247
175 279
175 286
175 304
176 189
177 223
177 233
177 235
177 275
178 232
178 267
178 306
180 237
180 279
181 277
182 231
182 262
182 273
183 192
183 237
183 247
183 264
185 209
185 307
186 219
186 233
186 309
187 220
187 268
187 313
188 224
188 309
189 204
191 298
192 227
192 233
192 285
193 234
195 207
195 216
195 235
195 292
196 275
197 220
197 235
198 241
199 288
201 204
201 259
201 309
202 233
203 232
203 246
204 208
204 226
204 228
204 277
204 279
206 226
206 230
207 241
207 268
207 288
207 306
208 229
208 305
209 219
209 226
209 233
209 264
210 254
210 286
212 233
212 258
212 309
215 256
216 220
216 233
216 244
216 298
217 297
217 307
217 309
218 281
218 284
218 309
219 232
219 244
219 275
219 302
219 309
220 264
220 268
220 286
222 226
222 274
223 227
223 233
223 249
224 235
225 226
225 244
225 252
226 264
226 290
226 304
227 232
228 233
228 246
228 302
228 309
232 278
233 261
233 264
233 272
233 282
234 236
234 245
234 252
234 259
234 267
234 279
234 281
234 298
234 314
235 241
235 249
235 279
235 285
235 304
235 308
236 253
236 270
238 276
238 295
241 266
243 275
245 309
246 313
249 264
253 269
255 312
256 276
261 263
262 267
264 313
266 280
268 273
271 275
276 278
276 279
277 309
279 315
291 311
292 304
292 309
303 313
