0 219
0 283
1 155
1 292
1 303
2 24
2 42
2 75
2 80
2 99
2 258
2 286
2 299
3 43
3 58
3 69
3 85
3 128
3 154
3 189
3 195
3 305
4 6
4 23
4 28
4 40
4 77
4 95
4 114
4 127
4 133
4 141
4 219
4 224
5 6
5 11
5 24
5 104
5 109
5 115
5 122
5 128
5 137
5 151
5 154
5 201
5 210
5 238
5 297
6 21
6 34
6 89
6 122
6 128
6 160
6 218
6 258
6 286
7 13
7 61
7 89
7 188
7 280
7 288
7 297
8 21
8 85
8 147
8 232
9 34
9 77
9 84
9 110
9 147
9 153
9 160
9 169
9 186
9 235
9 283
10 76
10 107
10 151
10 235
10 257
10 292
10 302
11 58
11 82
11 88
11 111
11 122
11 218
11 226
11 274
12 39
12 51
12 52
12 81
12 121
12 126
12 155
12 170
12 207
12 217
12 232
13 152
13 237
14 22
14 93
14 124
14 183
14 203
14 204
15 23
15 259
16 83
16 127
17 26
17 67
17 124
17 131
17 143
17 179
17 253
17 288
18 126
18 212
18 309
19 185
19 219
19 290
20 62
20 125
20 167
20 231
20 232
20 288
20 309
21 220
21 242
21 259
22 124
22 125
22 220
22 241
23 41
23 191
23 209
23 252
23 280
24 51
24 110
24 163
24 209
24 290
24 309
25 223
25 236
25 315
26 35
26 42
26 120
26 121
26 124
26 232
27 122
27 140
27 196
27 250
27 274
28 54
28 72
28 122
28 123
28 134
28 151
28 206
28 226
29 122
29 144
29 170
29 173
29 180
29 187
29 223
29 247
29 277
29 292
30 173
31 36
31 159
31 219
31 293
32 42
32 64
32 127
32 204
32 234
32 267
33 121
33 140
33 142
33 223
33 260
33 264
34 59
34 80
34 198
34 243
34 263
35 59
35 65
35 93
35 96
35 102
35 116
35 121
35 124
35 128
35 136
35 141
35 162
35 173
35 202
35 226
35 232
35 235
35 280
35 312
36 41
36 67
36 72
36 76
36 84
36 98
36 107
36 180
36 235
36 263
37 44
37 76
37 85
37 124
37 132
37 139
37 280
38 77
38 93
38 98
38 201
38 209
39 40
39 53
39 76
39 147
39 203
39 234
40 91
40 104
40 105
40 117
40 123
40 135
40 160
40 172
40 177
40 202
40 221
40 234
40 245
40 276
41 99
41 100
41 121
41 126
41 182
41 245
41 246
42 49
42 90
42 109
42 122
42 124
42 126
42 128
42 129
42 135
42 141
42 148
42 159
42 176
43 304
44 198
44 204
44 239
44 274
46 100
46 128
47 57
47 99
47 185
47 232
48 98
49 62
49 132
49 144
49 202
49 253
49 264
50 93
50 121
50 134
50 147
51 112
51 122
51 199
51 206
51 309
52 54
52 71
52 193
52 235
52 245
52 259
52 293
53 99
53 154
53 166
53 264
54 72
54 122
54 134
54 226
54 269
55 164
55 237
55 258
55 266
56 103
56 148
56 197
56 219
56 223
56 226
56 277
57 85
57 127
57 128
57 174
57 175
57 212
57 219
57 285
58 296
59 77
59 110
59 165
59 168
59 170
59 262
59 266
59 309
60 199
60 255
60 299
60 308
61 122
61 158
61 294
62 68
62 90
62 121
62 161
62 235
64 99
64 261
65 129
65 195
65 201
65 245
65 277
66 77
66 91
66 93
66 128
66 151
66 210
66 223
66 240
66 261
66 302
66 309
67 77
67 89
67 99
67 100
67 109
67 111
67 197
67 201
67 204
67 208
67 214
67 216
67 223
67 224
67 253
67 279
68 91
68 166
68 200
68 206
68 231
69 122
69 137
69 232
69 235
69 309
70 77
70 121
70 186
70 211
71 76
71 123
71 124
72 106
72 113
72 143
72 209
72 210
72 220
73 121
73 128
73 163
73 197
73 223
73 298
73 305
74 121
74 126
74 129
74 164
74 278
75 121
75 134
75 136
75 219
75 234
75 273
76 100
76 123
76 127
76 144
76 193
76 200
76 206
76 208
76 217
76 234
76 262
76 293
77 104
77 105
77 139
77 160
77 203
77 259
78 228
79 99
79 199
79 237
79 275
80 83
80 92
80 127
80 128
80 163
80 178
80 237
80 245
80 246
81 127
81 160
81 229
82 126
82 234
83 124
83 140
83 234
83 274
84 99
84 123
84 173
84 232
84 292
85 122
85 123
85 124
85 126
85 189
85 222
86 116
86 126
86 202
87 89
87 158
87 226
88 89
88 144
89 117
89 134
89 139
89 173
89 218
89 259
89 261
90 106
90 122
90 125
90 127
90 160
90 200
90 203
90 214
90 219
90 234
90 267
90 315
91 95
91 183
91 206
91 226
91 242
91 263
92 228
93 117
93 198
93 226
93 241
94 127
94 143
94 268
95 99
95 126
95 195
95 206
95 216
95 223
95 259
95 293
96 123
96 154
96 249
96 305
97 154
97 216
97 219
98 203
98 220
98 233
98 236
98 243
98 294
99 138
99 143
99 146
99 155
99 176
99 177
99 180
99 182
99 219
99 233
99 235
99 237
99 273
99 287
99 309
100 101
100 111
100 125
100 137
100 206
100 226
100 236
100 272
100 282
101 133
102 198
102 202
102 226
102 246
103 106
103 180
103 216
103 309
104 123
104 129
104 212
104 314
105 108
105 126
105 204
105 217
105 232
105 235
105 311
105 312
106 137
106 147
106 163
106 221
106 226
106 232
106 234
106 286
107 113
107 127
107 152
107 158
107 273
108 222
108 264
109 264
109 309
110 120
110 122
110 127
110 129
110 135
110 139
110 169
110 226
110 241
110 279
110 282
111 121
111 124
111 129
111 164
111 170
111 201
111 288
111 304
113 233
113 238
113 257
113 283
113 302
114 125
114 226
115 123
115 129
115 201
116 173
117 121
117 127
117 129
117 160
117 186
117 200
117 232
117 292
117 309
118 310
119 205
119 222
120 204
120 226
120 240
121 124
121 125
121 126
121 134
121 144
121 148
121 159
121 163
121 166
121 186
121 195
121 204
121 219
121 232
121 233
121 238
121 241
121 252
121 253
121 259
121 268
121 279
121 292
121 309
122 129
122 134
122 137
122 152
122 160
122 161
122 170
122 171
122 181
122 202
122 209
122 212
122 219
122 232
122 246
122 265
122 266
122 288
122 309
122 310
123 139
123 162
123 173
123 188
123 209
123 224
123 232
123 233
123 253
123 273
123 282
123 289
123 297
123 309
124 125
124 135
124 138
124 148
124 157
124 159
124 174
124 193
124 207
124 221
124 233
124 235
124 241
124 259
124 261
124 262
124 266
124 278
124 279
124 283
124 290
124 297
124 311
125 126
125 132
125 144
125 156
125 174
125 186
125 193
125 222
125 223
125 233
125 234
125 237
125 239
125 250
125 265
125 271
125 276
125 279
126 127
126 128
126 138
126 143
126 160
126 161
126 164
126 187
126 189
126 201
126 218
126 226
126 231
126 257
126 263
126 265
126 280
126 286
126 309
127 128
127 141
127 158
127 166
127 172
127 188
127 220
127 223
127 235
127 241
127 259
127 266
127 279
127 304
127 309
128 129
128 159
128 160
128 167
128 196
128 202
128 209
128 225
128 233
128 264
128 273
128 280
129 132
129 141
129 144
129 147
129 160
129 168
129 174
129 188
129 213
129 215
129 230
129 232
129 260
129 304
130 280
131 132
132 180
132 215
132 219
132 222
132 235
132 247
133 150
133 160
133 195
133 233
134 180
134 195
134 209
134 212
134 233
134 235
134 262
135 177
135 186
135 202
135 204
135 236
137 200
137 232
138 163
138 168
138 209
138 235
138 309
139 204
139 211
139 235
139 305
140 143
140 224
140 269
140 286
140 309
141 221
141 265
141 298
143 168
143 185
143 216
144 181
144 233
147 158
147 204
147 218
147 235
147 283
148 279
149 267
150 205
151 169
151 189
151 232
151 234
151 280
151 295
152 191
152 299
153 165
153 207
154 197
154 227
154 247
154 288
155 168
155 185
155 219
155 234
155 235
156 235
157 258
158 182
158 204
158 220
158 249
158 297
158 309
159 261
160 202
160 212
160 220
160 226
160 234
160 268
160 305
161 255
162 185
162 192
162 206
162 235
162 279
163 183
163 234
163 262
163 315
164 197
165 258
165 308
166 193
166 234
166 239
167 206
167 219
168 212
168 221
168 234
168 246
168 261
168 285
169 226
171 235
172 181
172 237
172 296
173 182
173 197
173 238
173 252
173 280
173 309
174 198
175 232
175 266
175 282
176 220
176 241
177 212
177 301
178 198
178 204
178 274
180 211
180 279
181 183
181 241
182 207
182 228
185 187
185 235
185 257
187 241
188 218
188 235
188 258
188 304
189 244
189 246
189 266
191 209
193 206
195 198
195 204
195 207
196 197
196 204
196 309
197 228
197 234
197 304
198 217
199 244
199 311
201 222
201 233
201 292
202 238
202 280
203 309
204 218
204 226
204 247
204 273
204 276
204 293
204 303
206 244
206 255
207 216
207 226
208 233
208 273
209 264
209 287
210 236
212 245
213 253
214 253
215 217
216 259
217 253
217 266
218 241
218 288
219 228
219 235
219 239
219 264
219 293
220 221
220 280
220 309
221 241
221 282
222 304
223 250
223 278
226 233
226 255
226 271
226 279
226 299
227 228
227 280
228 235
228 268
229 309
231 232
231 288
231 308
232 238
232 262
232 274
233 234
233 249
233 262
233 263
233 271
233 278
233 282
233 297
234 235
234 236
234 238
234 249
234 252
234 259
234 266
234 267
234 279
234 307
234 313
235 247
235 252
235 253
235 257
236 249
237 267
237 277
239 274
240 286
241 268
243 268
244 285
245 252
245 314
246 292
247 297
247 304
248 293
252 267
252 286
253 309
257 268
257 277
257 285
257 288
257 299
260 262
261 279
263 314
264 306
265 292
266 314
267 279
267 315
268 309
269 296
273 285
275 297
283 285
285 294
288 304
304 313
