1 26
1 130
1 207
1 219
2 38
2 64
2 127
2 292
3 99
3 100
3 117
3 144
3 156
3 174
3 182
3 186
3 232
4 35
4 114
4 129
4 132
4 186
4 201
4 234
5 63
5 70
5 75
5 80
5 99
5 104
5 158
5 200
5 216
5 232
6 51
6 88
6 126
6 165
6 167
6 202
6 216
6 247
6 262
6 286
6 312
7 23
7 55
7 56
7 120
7 133
7 183
7 193
7 201
7 219
7 225
7 226
7 245
7 309
8 99
8 121
8 235
8 243
9 35
9 98
9 166
9 203
9 285
9 293
9 297
9 299
10 21
10 39
10 64
10 106
10 151
10 170
10 182
10 236
10 309
11 95
12 35
12 51
12 105
12 112
12 129
12 166
12 219
12 236
13 43
13 124
13 141
13 158
13 274
14 41
14 62
14 82
14 128
14 156
14 158
14 167
14 173
14 233
14 288
15 140
15 168
16 39
16 41
16 51
16 83
16 125
16 173
17 41
17 66
17 127
17 230
17 312
18 123
18 124
18 125
18 180
18 245
19 82
19 95
19 105
19 201
19 234
19 259
19 309
20 29
20 80
20 110
20 125
20 127
20 135
20 145
20 160
20 217
21 49
21 127
21 204
21 235
21 263
22 95
22 103
22 122
22 124
22 127
22 155
22 168
22 207
23 49
23 54
23 122
23 123
23 271
23 280
23 283
24 90
24 97
24 100
24 125
24 210
24 234
25 35
25 98
25 133
25 215
26 143
26 177
26 189
26 219
26 266
27 123
27 261
28 29
28 76
28 82
28 143
28 185
28 247
28 293
29 51
29 57
29 62
29 102
29 143
29 191
29 200
29 218
29 310
30 53
30 235
30 307
31 189
31 232
32 45
32 80
32 124
32 128
32 134
32 157
32 215
32 224
32 305
33 85
33 172
33 177
33 189
34 38
34 41
34 51
34 76
34 98
34 122
34 209
34 223
34 241
34 257
34 259
35 48
35 72
35 75
35 117
35 121
35 123
35 127
35 166
35 171
35 189
35 204
35 209
35 226
35 236
35 246
35 257
35 259
35 289
35 299
36 49
36 64
36 121
36 122
36 125
36 181
37 40
37 43
37 45
37 125
37 160
37 240
37 252
38 61
38 91
38 288
39 75
39 85
39 99
39 115
39 182
39 203
39 221
39 224
39 225
39 250
39 276
40 52
40 68
40 89
40 103
40 170
40 189
40 209
40 212
40 234
40 259
40 281
40 299
41 61
41 75
41 99
41 104
41 117
41 127
41 134
41 194
41 201
41 240
42 51
42 56
42 111
42 138
42 142
42 170
42 259
42 279
42 313
43 86
43 108
43 167
43 175
43 222
43 233
43 272
43 292
44 110
44 134
44 292
45 227
45 286
46 210
46 235
46 256
46 309
48 71
49 62
49 76
49 101
49 139
49 169
49 201
49 218
49 246
49 283
50 51
50 100
50 130
50 152
50 308
51 158
51 183
51 201
51 228
51 243
51 279
51 311
52 56
52 72
52 84
52 90
52 122
52 141
52 186
52 188
52 219
52 222
52 233
52 309
53 73
53 108
54 90
54 105
54 117
54 128
54 203
54 268
54 297
55 94
55 135
55 138
55 153
55 295
56 90
56 125
56 224
56 226
57 77
57 82
57 90
57 115
57 125
57 163
57 206
57 209
57 218
58 235
59 76
59 117
59 124
59 134
59 140
59 157
60 232
61 112
61 129
61 226
62 168
62 184
62 233
63 160
63 163
64 165
65 139
65 280
66 108
66 125
66 144
66 176
66 294
66 309
67 126
67 139
67 232
67 237
67 243
68 300
70 195
70 238
70 252
70 272
71 76
71 165
72 134
72 270
73 90
73 106
73 234
73 246
73 266
73 274
74 111
74 230
74 297
75 80
75 89
75 99
75 100
75 132
75 204
75 206
75 271
75 285
75 309
76 99
76 123
76 152
76 161
76 186
76 188
76 195
76 207
76 209
76 210
76 236
76 245
76 256
76 266
77 80
77 96
77 107
77 115
77 126
77 156
77 166
77 216
77 262
78 180
78 204
79 121
79 166
79 205
79 303
80 87
80 122
80 126
80 130
80 139
80 141
80 163
80 253
81 117
81 125
81 126
81 232
81 310
82 193
82 202
82 262
83 185
83 287
83 294
84 220
84 222
84 233
84 235
84 276
84 309
85 99
85 114
85 122
85 157
85 168
85 173
85 189
85 193
85 203
85 226
85 259
85 279
86 121
86 124
86 126
86 128
86 240
86 266
86 267
87 112
87 233
87 235
87 241
88 112
88 128
88 142
89 104
89 128
89 129
89 140
89 141
89 154
90 100
90 103
90 122
90 124
90 126
90 134
90 160
90 194
90 202
90 204
90 218
90 222
90 232
90 233
90 253
90 269
91 121
91 155
92 159
93 104
93 126
93 235
94 206
94 243
95 125
95 182
95 206
95 214
96 126
96 236
96 304
97 126
97 146
97 236
97 250
97 298
97 304
98 124
98 126
98 139
98 157
98 239
98 279
99 100
99 105
99 122
99 134
99 143
99 153
99 160
99 206
99 216
99 232
99 266
99 292
99 293
99 298
99 309
100 105
100 112
100 121
100 124
100 129
100 142
100 169
100 233
100 262
100 279
100 286
100 294
100 305
101 309
102 108
102 123
102 221
103 264
104 110
104 304
104 311
105 117
105 186
105 194
105 228
105 315
106 123
106 155
106 172
106 232
106 283
107 129
107 163
107 247
107 298
108 206
108 304
109 123
109 124
109 140
109 141
109 160
109 197
109 255
110 125
110 134
110 177
110 217
110 234
110 235
111 157
111 164
111 174
111 188
111 195
111 223
111 234
111 247
111 263
111 310
112 143
112 212
112 309
113 267
115 266
116 122
116 285
116 296
117 126
117 135
117 195
117 200
117 233
117 235
117 264
117 286
119 130
119 229
119 280
119 293
120 143
120 232
120 288
121 122
121 125
121 126
121 127
121 129
121 135
121 141
121 155
121 178
121 195
121 199
121 201
121 207
121 209
121 219
121 221
121 226
121 235
121 243
121 246
121 247
121 271
121 287
122 123
122 126
122 128
122 129
122 133
122 172
122 173
122 197
122 201
122 204
122 208
122 209
122 232
122 238
122 247
122 266
122 314
123 125
123 128
123 134
123 153
123 162
123 164
123 166
123 180
123 182
123 191
123 194
123 200
123 216
123 220
123 223
123 226
123 229
123 231
123 233
123 234
123 236
123 248
123 250
123 255
123 278
123 292
124 125
124 126
124 134
124 151
124 153
124 172
124 185
124 190
124 207
124 231
124 233
124 234
124 255
124 264
124 266
124 276
124 282
124 283
124 298
125 127
125 128
125 129
125 134
125 160
125 165
125 168
125 174
125 177
125 182
125 187
125 195
125 201
125 231
125 232
125 245
125 252
125 253
125 259
125 266
125 272
125 276
125 279
125 280
125 297
125 304
125 309
126 141
126 166
126 189
126 197
126 200
126 202
126 204
126 218
126 235
126 240
126 261
126 304
127 136
127 154
127 171
127 181
127 189
127 193
127 199
127 232
127 235
127 243
127 253
127 255
127 309
128 135
128 162
128 163
128 165
128 183
128 222
128 227
128 230
128 233
128 234
128 235
128 238
128 250
128 259
128 305
128 306
129 134
129 169
129 193
129 195
129 201
129 203
129 226
129 230
129 233
129 255
129 260
129 274
130 134
130 148
131 221
131 233
132 185
132 253
132 296
133 134
133 144
133 174
133 246
134 177
134 199
134 228
134 246
134 273
134 286
134 294
135 178
135 214
135 278
135 279
136 201
137 226
138 186
139 140
139 203
139 226
139 239
140 174
140 181
140 236
140 265
140 292
140 304
141 163
141 168
142 180
143 304
144 233
144 273
144 315
145 189
147 189
148 239
148 301
149 152
149 180
149 238
149 298
150 170
151 200
151 271
151 274
152 296
153 297
154 162
154 264
155 202
155 238
155 288
157 182
157 191
157 219
157 253
157 269
158 223
158 233
158 291
159 186
159 234
160 196
160 207
160 232
160 246
160 271
160 304
161 185
162 234
163 180
163 297
163 302
165 267
166 217
166 218
166 304
167 234
168 180
168 210
168 229
168 278
168 287
168 288
169 185
169 235
169 304
169 312
170 227
170 257
171 226
171 304
173 231
173 238
174 189
174 266
174 274
174 296
175 204
175 222
175 257
175 309
176 296
177 206
177 212
177 223
178 230
178 234
179 218
179 219
179 258
179 282
180 195
180 196
180 206
180 239
180 287
180 304
180 309
182 185
182 208
182 243
182 250
183 225
185 215
185 273
186 268
186 280
188 223
189 232
189 233
189 257
189 313
190 223
191 212
191 305
192 235
192 304
193 276
193 289
193 301
194 230
194 268
194 309
195 204
195 241
195 249
195 266
196 203
197 229
198 282
200 218
201 232
201 236
201 246
201 254
201 300
204 266
204 288
204 305
204 309
206 215
206 225
206 286
207 210
209 257
209 261
210 216
210 224
210 247
210 288
211 226
212 221
212 235
212 257
212 304
215 235
217 279
217 280
217 292
218 235
218 236
218 276
219 232
219 241
220 235
220 280
221 308
222 250
223 276
223 288
223 314
225 233
225 271
226 235
226 239
226 252
226 264
226 276
226 311
227 232
228 283
231 304
232 234
232 250
232 257
232 272
232 288
232 295
232 311
233 234
233 276
233 285
234 255
234 288
235 253
235 311
236 280
236 293
237 238
238 258
238 262
238 285
240 264
240 277
241 245
241 252
241 270
241 278
246 279
247 257
247 266
247 296
249 304
251 276
252 309
254 296
259 286
259 314
260 280
262 271
263 279
263 314
264 309
266 304
268 279
269 279
274 315
277 312
279 296
280 304
285 288
287 309
288 313
290 309
304 305
