0 81
0 123
0 211
0 272
0 304
1 28
1 103
1 106
1 186
1 212
1 236
2 57
2 82
2 106
2 111
2 127
2 129
2 193
2 203
2 222
2 232
3 40
3 225
3 236
3 240
4 30
4 34
4 123
4 135
4 204
4 263
4 304
5 70
5 81
5 122
5 126
5 151
5 165
5 182
5 215
5 218
5 224
5 233
5 309
6 36
6 66
6 77
6 88
6 100
6 151
6 171
6 252
6 271
7 9
7 29
7 34
7 59
7 93
7 121
7 127
7 134
7 147
7 169
7 180
7 226
7 241
7 302
8 23
8 99
8 137
8 235
9 19
9 52
9 120
9 252
10 29
10 122
10 126
10 131
10 134
10 160
10 168
10 178
10 267
10 310
11 18
11 24
11 125
12 85
12 100
12 106
12 119
12 135
12 160
12 185
12 234
12 313
13 16
13 24
13 32
13 76
13 123
13 128
13 142
13 144
13 154
13 162
13 192
13 204
13 206
13 231
13 234
13 308
14 122
14 124
14 182
14 214
14 216
14 303
15 44
15 133
15 234
16 18
16 100
16 234
16 235
17 26
17 31
17 42
17 64
17 76
17 90
17 100
17 158
17 219
17 225
17 234
17 240
17 257
18 121
18 182
18 191
18 310
19 32
19 37
19 246
20 86
20 122
20 174
20 219
20 220
20 241
21 60
21 61
21 219
21 292
22 90
22 97
23 84
23 123
23 197
23 235
23 264
23 291
24 108
24 168
24 223
24 232
24 261
24 271
24 278
24 283
25 29
25 40
25 128
25 239
26 95
26 189
26 288
26 304
27 70
27 100
27 309
28 49
28 60
28 77
28 123
28 189
28 216
28 282
28 309
29 76
29 92
29 121
29 135
29 213
29 218
29 241
29 252
29 266
30 35
30 138
30 160
30 234
31 62
31 100
31 160
31 203
31 206
31 296
32 110
32 123
32 127
32 185
32 206
32 241
33 35
33 121
33 126
33 193
33 304
34 110
34 126
34 160
34 232
34 275
35 46
35 47
35 76
35 103
35 111
35 122
35 143
35 154
35 155
35 168
35 169
35 189
35 195
35 208
35 226
35 255
35 296
35 315
36 70
36 80
36 85
36 125
36 128
36 152
36 158
36 232
36 246
36 257
36 259
37 78
37 238
37 259
37 266
37 292
38 142
38 157
38 172
38 173
38 198
39 49
39 51
39 61
39 121
39 126
39 128
39 129
39 136
39 183
39 232
39 246
39 286
40 95
40 124
40 126
40 134
40 137
40 189
40 204
40 222
40 252
40 263
41 76
41 121
41 124
41 147
41 154
41 158
41 170
41 173
41 210
41 228
41 288
42 90
42 124
42 199
42 200
42 260
42 309
43 139
44 47
44 277
45 266
46 117
47 234
48 103
49 61
49 80
49 232
49 267
49 309
50 122
50 286
51 124
51 125
51 245
51 266
52 120
52 124
52 176
52 191
52 224
52 235
52 236
53 134
53 161
53 167
53 184
54 87
54 121
54 122
54 219
54 225
55 67
55 125
55 165
55 210
55 223
56 81
56 135
56 147
56 208
56 234
56 256
56 265
56 304
56 309
57 85
57 92
57 135
57 241
57 246
58 198
59 152
59 159
59 161
59 231
59 245
59 304
60 99
60 134
60 219
60 221
60 302
61 84
61 89
61 105
61 112
61 154
61 160
61 197
61 210
62 74
62 110
62 120
62 122
63 129
63 146
63 197
63 233
63 273
64 134
64 157
64 237
66 77
66 83
66 121
66 140
66 271
67 99
67 160
67 162
68 203
68 204
68 220
68 260
69 100
69 126
69 230
70 80
70 182
70 192
70 226
72 95
72 235
73 90
73 98
73 111
73 127
73 155
73 179
73 232
73 287
74 112
74 127
74 136
74 185
74 189
75 112
75 193
75 206
75 283
75 296
75 312
76 77
76 91
76 95
76 145
76 170
76 198
76 204
76 219
76 221
76 268
76 305
76 308
77 83
77 99
77 112
77 115
77 126
77 128
77 131
77 143
77 151
77 178
77 179
77 183
77 202
77 227
77 237
77 246
78 219
79 124
79 126
79 168
79 235
80 121
80 122
80 128
80 147
81 96
81 126
81 180
81 218
82 110
82 236
83 122
83 168
83 232
83 309
84 121
84 125
84 206
85 86
85 124
85 158
85 180
85 191
86 99
86 153
86 237
86 241
87 98
87 134
88 100
89 122
89 127
89 228
89 304
90 99
90 101
90 110
90 123
90 126
90 127
90 162
90 163
90 176
90 193
90 199
90 201
90 218
90 221
90 223
90 236
90 250
90 261
90 277
91 122
91 183
92 314
93 168
93 259
94 195
95 100
95 124
95 126
95 135
95 193
95 223
95 259
96 128
97 126
98 123
98 125
98 304
99 122
99 124
99 183
99 223
99 225
99 226
99 235
99 273
99 276
99 278
99 279
99 288
99 298
100 104
100 121
100 122
100 140
100 145
100 174
100 193
100 195
100 233
100 235
100 236
100 265
100 267
100 299
102 138
102 232
102 280
103 111
103 125
103 156
103 260
104 115
104 154
105 219
105 228
105 250
106 124
106 126
106 176
106 208
106 210
106 219
106 227
106 288
106 298
107 115
107 241
107 266
108 124
108 274
108 288
109 257
110 117
110 121
110 122
110 143
110 189
110 198
110 216
110 221
110 229
110 232
110 273
110 276
111 146
111 162
111 195
111 219
111 266
111 275
111 300
111 302
112 122
112 151
112 212
113 134
113 151
113 208
113 235
114 125
114 158
114 240
115 135
116 174
117 170
117 191
117 228
117 232
117 235
117 236
117 243
117 261
117 314
118 162
119 128
119 202
119 226
120 126
120 206
120 264
120 288
121 127
121 134
121 139
121 141
121 145
121 166
121 178
121 211
121 223
121 224
121 235
121 238
121 259
121 288
122 123
122 125
122 133
122 135
122 139
122 143
122 144
122 153
122 162
122 165
122 170
122 172
122 173
122 197
122 198
122 226
122 240
122 241
122 252
122 265
122 271
122 273
122 274
122 279
123 128
123 129
123 130
123 155
123 193
123 195
123 221
123 223
123 225
123 233
123 249
124 133
124 134
124 137
124 152
124 153
124 154
124 175
124 181
124 186
124 188
124 197
124 201
124 211
124 216
124 224
124 226
124 233
124 235
124 238
124 241
124 243
124 245
124 279
124 307
125 126
125 128
125 131
125 160
125 197
125 204
125 207
125 222
125 228
125 229
125 233
125 235
125 240
125 259
125 279
125 280
125 292
125 309
126 140
126 149
126 158
126 173
126 181
126 214
126 220
126 223
126 226
126 238
126 241
126 243
126 259
126 261
126 264
126 314
127 153
127 169
127 173
127 182
127 187
127 189
127 217
127 228
127 233
127 261
128 155
128 205
128 217
128 218
128 221
128 266
128 279
129 142
129 144
129 146
129 154
129 166
129 174
129 180
129 189
129 199
129 219
129 220
129 221
129 226
129 246
129 264
129 279
129 288
129 296
129 309
130 235
130 249
130 266
130 286
130 292
131 175
131 223
131 247
131 249
131 266
132 183
132 186
132 218
132 219
133 134
133 173
133 175
133 189
133 198
134 136
134 148
134 175
134 180
134 189
134 195
134 201
134 223
134 224
134 226
134 232
134 233
134 237
134 246
134 271
134 293
134 304
134 309
135 168
135 174
135 232
135 233
136 137
136 207
137 224
138 195
138 223
139 286
139 291
140 174
140 176
140 177
140 205
140 214
140 232
140 293
141 180
141 232
142 169
142 188
142 218
142 248
143 223
143 232
144 286
145 217
145 222
147 186
147 255
147 264
147 280
147 314
148 177
148 309
149 241
150 162
151 208
151 210
151 255
152 192
152 233
153 161
154 309
155 188
155 241
155 245
157 159
157 168
157 169
157 192
157 247
157 309
158 191
158 226
158 246
158 266
159 174
159 227
160 178
160 207
160 215
160 253
160 258
161 266
162 168
162 221
162 235
162 247
162 296
163 185
163 206
163 234
163 244
163 246
165 174
165 201
165 273
168 180
168 282
169 236
169 277
170 209
170 276
171 201
171 226
172 199
173 235
173 309
174 189
174 195
174 220
174 243
174 279
176 191
176 204
176 241
176 283
177 235
178 234
180 223
180 232
180 288
181 204
181 224
181 235
181 299
182 233
183 191
183 206
183 247
185 315
186 207
186 219
186 232
186 252
186 259
187 247
187 275
187 287
188 189
188 204
188 285
188 314
189 237
189 272
189 284
191 218
192 235
193 204
193 226
194 226
195 223
195 236
196 232
196 291
197 206
197 221
197 234
197 243
197 267
199 218
199 227
199 241
199 304
199 306
200 206
200 299
202 203
203 234
204 216
204 235
204 255
204 261
204 280
204 282
204 286
204 289
204 302
206 219
206 253
206 259
207 232
207 249
209 309
210 241
210 261
212 288
212 296
214 231
215 233
215 309
216 220
216 289
217 232
217 246
217 305
218 313
219 223
219 227
219 235
219 267
220 252
220 286
220 296
222 275
223 236
223 241
223 261
223 313
224 286
226 233
226 235
226 282
226 292
226 304
227 303
229 306
230 264
230 278
230 279
232 241
232 266
232 272
232 288
232 304
233 243
233 259
233 277
233 286
234 247
234 266
234 268
234 286
234 290
234 292
234 310
235 237
235 266
235 273
235 278
235 296
235 304
236 249
237 292
237 309
238 240
238 266
239 246
240 267
240 277
240 309
241 259
243 267
244 315
247 260
249 265
250 304
253 302
255 264
259 272
259 281
259 309
261 286
262 279
264 268
265 315
266 309
267 304
268 286
276 309
279 300
284 302
286 304
288 289
305 309
