0 20
0 137
0 206
0 226
0 263
0 310
1 40
1 126
1 212
2 44
2 52
2 98
2 123
2 127
2 139
2 218
2 226
2 234
2 243
2 296
3 5
3 19
3 39
3 71
3 95
3 110
3 129
3 173
3 304
3 308
4 117
4 123
4 124
4 125
4 127
4 140
4 143
4 217
4 221
5 45
5 55
5 57
5 65
5 92
5 102
5 162
5 176
5 183
5 189
5 219
5 233
5 286
6 12
6 64
6 69
6 70
6 96
6 100
6 110
6 117
6 122
6 126
6 130
6 158
6 163
6 165
6 246
6 257
6 310
7 36
7 64
7 95
7 127
7 129
7 148
7 226
7 232
7 234
7 241
7 257
7 286
8 17
8 144
8 173
8 225
9 127
9 143
9 155
9 195
9 255
10 76
10 90
10 111
10 188
10 192
10 228
10 267
11 111
11 126
11 206
11 208
11 233
12 231
12 234
12 247
12 266
12 277
13 75
13 115
13 144
13 165
13 168
13 243
13 292
14 35
14 51
14 85
14 121
14 234
15 159
16 108
16 115
16 199
16 214
16 246
16 259
17 40
17 41
17 66
17 76
17 99
17 124
17 135
17 142
17 186
17 211
17 232
18 42
18 79
18 123
18 134
18 233
18 257
18 282
19 56
19 215
19 274
20 100
20 105
20 123
20 127
20 160
20 276
21 34
21 84
21 99
21 167
21 216
21 226
21 266
22 61
22 125
22 280
23 76
23 108
23 135
23 138
23 158
23 254
24 44
24 67
24 121
24 134
24 195
24 207
24 267
25 35
25 112
26 37
26 74
26 89
26 99
27 95
27 98
27 127
27 139
27 292
28 31
28 44
28 75
28 76
28 118
28 123
28 151
28 155
28 159
28 167
28 174
28 226
28 232
29 41
29 43
29 81
29 106
29 125
29 185
29 223
29 227
29 245
30 122
30 155
30 195
31 125
31 162
31 201
32 61
32 113
32 271
33 89
33 92
33 154
33 155
33 232
33 305
34 106
34 123
34 130
34 175
34 215
34 292
35 47
35 72
35 84
35 95
35 105
35 121
35 123
35 124
35 125
35 173
35 187
35 217
35 232
35 237
35 266
35 286
35 296
35 304
35 309
36 40
36 79
36 81
36 102
36 122
36 123
36 134
36 160
36 161
36 168
36 186
36 228
36 232
36 247
36 249
36 261
36 266
36 269
37 52
37 111
37 195
37 241
37 304
38 76
38 131
38 234
39 59
39 137
39 203
39 235
39 292
39 312
40 52
40 56
40 73
40 75
40 85
40 95
40 97
40 100
40 122
40 126
40 189
40 192
40 211
40 217
40 233
40 266
40 279
41 122
41 188
41 189
41 209
41 213
41 223
41 226
41 228
41 243
42 47
42 195
42 204
42 313
43 51
43 159
44 103
44 129
44 135
44 144
44 158
44 252
44 283
46 134
46 232
47 100
47 224
47 241
48 123
48 126
49 124
49 165
49 188
49 234
49 264
49 309
50 175
50 186
51 54
51 55
51 59
51 77
51 100
51 124
51 140
51 151
51 192
51 200
51 240
52 55
52 84
52 99
52 124
52 144
52 161
52 211
52 233
52 240
52 246
52 292
53 111
53 117
53 126
53 184
53 230
53 249
54 100
54 122
54 124
54 127
54 199
55 71
55 104
55 111
55 141
55 224
56 122
56 141
56 170
56 235
56 279
57 86
57 110
57 215
57 309
58 130
58 236
59 89
59 90
59 106
59 113
59 120
59 128
59 202
59 255
60 154
60 226
61 84
61 128
61 201
61 266
61 271
62 135
62 154
62 241
62 297
63 113
64 75
64 128
65 95
65 226
65 258
65 302
66 106
66 117
66 194
66 204
66 252
67 77
67 125
67 153
67 166
67 204
67 261
67 269
68 90
68 115
68 121
68 238
69 232
70 78
70 100
70 127
70 267
71 141
71 280
71 313
72 98
72 127
72 129
73 125
73 189
73 200
73 239
73 266
73 268
73 312
74 122
74 171
74 233
74 235
74 241
74 309
75 76
75 163
75 173
75 209
75 215
75 257
75 259
75 267
75 278
76 93
76 124
76 126
76 132
76 158
76 159
76 163
76 199
76 204
76 223
76 240
76 261
76 282
76 314
77 80
77 91
77 95
77 106
77 108
77 126
77 128
77 140
77 157
77 168
77 195
77 235
77 243
77 245
77 257
77 265
77 279
77 286
78 122
78 200
78 216
78 271
78 279
79 195
79 266
79 286
80 82
80 90
80 129
80 132
80 155
80 195
80 231
80 233
81 108
81 125
81 126
81 148
81 312
82 100
82 126
82 228
82 235
83 276
83 314
84 173
84 309
85 121
85 124
85 147
85 232
85 246
85 275
86 110
86 208
86 251
87 170
87 219
88 121
88 172
89 125
89 155
89 176
89 197
89 233
89 234
89 249
89 277
89 278
90 100
90 122
90 128
90 130
90 168
90 173
90 212
90 226
90 232
90 285
91 127
91 137
91 160
91 241
91 272
91 305
92 160
92 223
92 243
92 265
92 309
93 113
93 178
93 234
95 121
95 134
95 180
95 223
95 232
95 233
95 234
95 308
97 113
97 232
97 234
98 121
98 128
98 180
98 188
98 204
99 105
99 122
99 132
99 195
99 226
99 237
99 238
99 241
99 276
99 277
100 107
100 108
100 110
100 125
100 126
100 129
100 235
100 309
101 199
101 226
102 122
102 135
102 197
103 125
103 185
103 245
104 274
105 121
105 122
105 124
105 126
105 183
105 196
105 253
105 280
106 122
106 123
106 165
106 171
106 206
106 261
106 282
107 129
107 133
107 134
107 164
107 168
107 173
107 237
107 249
108 163
108 202
108 235
108 282
109 123
109 149
109 191
110 119
110 146
110 195
110 204
110 235
110 275
111 121
111 127
111 134
111 163
111 176
111 185
111 192
111 221
111 232
111 233
111 264
111 309
112 133
112 189
112 202
112 219
112 304
113 192
114 221
115 126
115 160
115 204
116 134
116 226
117 170
117 181
117 206
117 216
117 232
117 243
117 309
118 125
118 282
118 284
119 129
119 168
119 234
120 166
120 226
121 122
121 123
121 125
121 168
121 186
121 187
121 192
121 193
121 199
121 217
121 225
121 226
121 233
121 234
121 238
121 239
121 241
121 246
121 249
121 262
121 266
121 308
122 124
122 126
122 134
122 141
122 168
122 174
122 186
122 196
122 198
122 200
122 215
122 221
122 233
122 247
122 257
122 261
122 303
123 131
123 134
123 139
123 144
123 152
123 166
123 178
123 180
123 185
123 195
123 201
123 202
123 212
123 219
123 247
123 259
123 266
123 286
123 287
123 297
123 304
123 309
124 126
124 129
124 144
124 155
124 163
124 166
124 169
124 170
124 185
124 187
124 201
124 227
124 228
124 231
124 235
124 241
124 254
124 280
124 284
124 292
124 299
124 309
124 313
125 127
125 128
125 134
125 135
125 153
125 165
125 168
125 174
125 177
125 195
125 201
125 204
125 209
125 215
125 217
125 219
125 221
125 246
125 256
125 266
125 314
125 315
126 128
126 134
126 158
126 165
126 186
126 224
126 234
126 246
126 252
126 314
127 136
127 144
127 169
127 183
127 214
127 257
127 264
127 266
127 278
127 283
127 293
127 309
128 139
128 143
128 158
128 160
128 171
128 183
128 200
128 206
128 209
128 227
128 232
128 234
128 266
128 270
128 271
128 275
128 283
128 290
129 172
129 204
129 208
129 217
129 223
129 228
129 232
129 233
129 239
129 240
129 267
129 282
130 141
130 158
130 241
130 243
131 265
132 171
132 191
133 175
133 235
133 292
134 162
134 169
134 188
134 233
134 258
134 280
135 220
135 222
137 180
138 240
139 203
139 207
139 215
139 219
139 308
140 162
140 181
140 188
140 221
140 291
141 145
141 204
143 148
143 180
143 226
143 235
143 298
143 304
144 204
144 240
144 304
144 315
145 229
145 285
147 280
147 313
149 294
150 221
151 201
151 203
151 234
151 246
151 279
151 309
151 312
155 160
155 299
156 219
156 292
157 163
157 185
157 255
158 221
158 272
158 309
159 182
159 201
159 309
160 177
160 189
160 233
160 286
161 238
162 175
162 198
162 207
163 226
163 243
164 235
165 173
165 191
165 219
165 229
165 267
165 286
166 226
166 232
166 235
166 238
167 174
167 226
168 201
168 208
168 266
169 180
169 235
169 258
169 266
170 266
171 189
171 281
172 198
172 216
173 234
173 279
174 180
174 192
174 202
174 209
174 239
174 306
177 241
178 261
178 262
179 258
180 215
180 220
180 227
180 233
180 259
180 268
180 273
180 277
180 282
181 204
181 249
181 282
182 232
183 188
183 216
183 233
183 267
184 219
184 280
185 217
185 218
186 194
186 195
186 201
186 234
186 255
186 274
186 276
187 232
188 233
188 247
188 283
189 210
189 223
189 240
189 259
189 309
190 257
192 209
192 212
192 234
193 204
193 236
195 275
195 307
197 275
199 220
199 232
199 275
200 229
201 234
201 264
202 204
203 226
204 239
204 267
204 274
205 219
206 238
206 253
207 243
207 263
207 277
209 223
209 257
209 283
209 286
209 306
210 231
210 288
211 238
212 223
212 258
212 283
212 303
214 234
214 278
215 232
215 240
215 314
217 226
217 235
217 240
217 243
218 232
218 234
218 249
218 257
219 235
219 264
219 265
220 241
220 252
221 236
221 291
222 232
223 257
223 314
224 231
225 234
225 309
226 228
226 232
226 233
226 234
226 262
226 306
226 309
227 277
228 274
228 312
230 277
231 235
231 255
231 257
231 278
232 235
232 259
232 264
232 279
233 246
233 261
233 267
234 235
234 237
234 254
234 258
234 259
234 264
234 283
234 302
234 307
234 309
235 240
235 241
235 261
235 289
237 274
240 279
241 253
241 305
241 309
245 267
245 272
246 265
246 266
248 282
249 286
250 313
251 287
251 296
252 279
252 309
253 268
254 266
257 273
257 278
259 266
261 276
261 288
264 276
264 303
265 299
266 276
266 299
266 303
267 304
269 304
277 302
279 309
284 289
288 314
300 301
307 311
