0 44
0 76
0 107
0 129
0 174
0 255
1 6
1 11
1 35
1 90
1 94
1 95
1 168
1 233
2 26
2 31
2 36
2 79
2 90
2 96
2 127
2 218
2 226
2 245
3 19
3 33
3 56
3 100
3 154
3 175
3 200
3 219
3 267
4 35
4 60
4 78
4 86
4 117
4 125
4 139
4 143
4 149
4 255
4 270
4 279
5 9
5 17
5 23
5 29
5 51
5 74
5 85
5 111
5 114
5 121
5 122
5 123
5 155
5 168
5 195
5 201
5 219
5 272
5 279
5 294
5 304
5 314
6 13
6 22
6 104
6 106
6 123
6 124
6 133
6 184
6 233
6 235
7 61
7 71
7 76
7 79
7 99
7 124
7 135
7 140
7 148
7 177
8 79
8 259
9 40
9 43
9 132
9 148
9 173
9 174
10 58
10 83
10 104
10 122
10 186
10 222
10 256
10 266
10 304
10 312
12 22
12 123
12 128
12 153
12 159
12 210
12 238
12 309
13 75
13 91
13 107
13 200
13 201
14 41
14 44
14 65
14 72
14 141
14 143
14 226
15 42
15 83
15 123
15 204
15 268
16 83
16 123
16 222
16 226
16 236
16 308
16 309
17 40
17 41
17 49
17 86
17 99
17 146
17 223
17 309
18 123
18 127
18 146
18 198
18 207
18 253
18 266
19 30
19 34
19 61
19 129
19 267
19 280
19 309
20 100
20 145
20 192
20 220
20 241
20 273
21 125
21 135
21 257
21 313
21 314
22 59
22 93
22 98
22 99
22 112
22 145
22 303
23 41
23 88
23 304
24 77
24 126
24 128
24 188
24 197
24 201
24 223
26 88
26 160
26 190
26 202
27 124
27 280
28 60
28 73
28 88
29 69
29 81
29 100
29 111
29 121
29 158
29 202
29 211
29 235
29 261
31 40
31 246
32 66
32 90
32 102
32 152
32 177
32 207
32 223
32 267
33 35
33 55
33 116
33 134
33 160
34 36
34 65
34 126
34 129
34 130
34 200
34 235
35 47
35 85
35 89
35 110
35 122
35 142
35 155
35 174
35 198
35 223
35 224
35 229
35 235
35 243
35 266
35 275
35 279
35 309
36 47
36 56
36 73
36 99
36 123
36 147
36 159
36 163
36 183
36 221
36 273
37 129
37 162
37 282
38 112
38 121
38 241
38 312
39 193
39 257
39 280
40 52
40 76
40 99
40 106
40 121
40 124
40 125
40 127
40 154
40 168
40 205
40 213
40 219
40 237
41 60
41 77
41 84
41 113
41 126
41 129
41 134
41 221
41 232
41 293
41 297
42 180
42 197
42 223
42 241
42 257
42 276
42 302
42 306
42 309
43 76
44 131
44 146
44 203
44 240
44 264
46 218
46 235
46 247
46 274
46 275
47 173
47 233
49 95
49 100
49 121
49 124
49 203
49 248
49 255
49 278
50 107
50 112
50 169
50 287
51 59
51 76
51 139
51 160
51 184
51 238
51 246
51 302
52 113
52 117
52 123
52 126
52 130
52 158
52 162
52 168
52 170
52 173
52 183
52 228
52 259
52 261
53 110
53 123
53 126
53 212
54 127
54 173
54 189
54 235
55 90
55 156
55 198
55 228
56 61
56 121
56 191
56 195
56 208
57 123
57 139
57 140
57 185
57 212
57 253
58 226
59 96
59 122
59 125
59 201
59 234
59 298
59 309
60 267
61 62
61 65
61 100
61 106
61 192
61 233
61 269
62 160
62 178
62 214
62 314
63 208
63 257
64 122
64 150
64 212
65 204
65 235
65 266
66 87
66 121
66 158
66 235
66 248
66 265
66 268
66 298
66 302
67 76
67 266
67 304
68 129
68 175
68 188
68 203
69 245
69 246
70 97
70 99
70 120
70 135
71 214
71 232
72 87
72 116
72 125
72 180
72 220
72 234
72 262
72 303
72 307
73 200
73 234
73 263
73 309
74 100
74 108
74 174
75 77
75 95
75 123
75 125
75 126
75 149
75 155
75 223
75 235
76 80
76 124
76 125
76 127
76 129
76 148
76 151
76 215
76 226
76 275
76 280
76 284
77 99
77 122
77 127
77 132
77 149
77 219
77 238
77 262
77 298
78 124
78 127
78 212
78 304
79 122
79 210
79 250
79 303
80 127
80 151
80 218
80 239
80 257
80 289
81 100
81 134
81 194
81 228
81 233
81 260
81 267
82 201
82 266
83 100
83 104
83 124
83 221
83 305
84 86
84 126
84 134
84 266
84 283
85 98
85 99
85 106
85 121
85 123
85 168
85 195
85 201
85 212
85 226
85 260
86 127
86 151
86 160
86 191
87 263
88 121
88 134
88 188
89 97
89 98
89 99
89 104
89 135
89 137
89 206
89 277
90 98
90 123
90 126
90 130
90 134
90 144
90 199
90 204
91 204
91 209
91 219
92 121
92 174
93 262
93 274
94 168
94 279
95 108
95 120
95 143
95 201
95 257
96 209
96 235
96 281
97 119
97 162
98 126
98 128
98 166
98 215
98 233
98 309
99 109
99 123
99 128
99 134
99 141
99 143
99 154
99 161
99 176
99 181
99 201
99 217
99 220
99 231
99 241
99 274
99 304
100 108
100 121
100 125
100 128
100 139
100 144
100 163
100 189
100 206
100 246
100 275
100 302
101 122
101 123
101 135
101 218
102 123
102 128
102 173
103 110
103 134
103 180
104 126
104 218
104 225
104 252
104 304
105 107
105 126
105 234
105 305
106 123
106 192
106 199
106 202
106 206
106 294
107 128
107 162
107 202
107 245
107 247
108 128
108 286
109 125
109 128
109 129
109 265
110 124
110 127
110 158
110 183
110 292
111 123
111 129
111 232
111 237
111 315
112 120
112 122
112 144
112 193
112 223
112 234
112 301
113 129
113 163
113 170
113 174
113 232
114 141
115 180
115 181
115 215
115 315
117 122
117 208
117 275
117 297
118 168
119 159
119 237
120 128
120 148
120 180
120 238
120 264
120 286
120 315
121 122
121 124
121 128
121 156
121 160
121 162
121 165
121 178
121 182
121 191
121 196
121 217
121 220
121 233
121 238
121 241
121 243
121 257
121 268
121 274
121 279
121 292
121 302
121 309
122 123
122 124
122 128
122 129
122 134
122 139
122 156
122 179
122 188
122 193
122 195
122 206
122 221
122 259
122 266
122 267
122 275
122 286
122 293
122 304
122 309
123 125
123 168
123 223
123 231
123 232
123 255
123 309
123 311
124 125
124 128
124 139
124 161
124 167
124 195
124 198
124 207
124 214
124 232
124 239
124 267
124 275
124 276
124 277
124 288
124 290
124 299
124 309
125 126
125 128
125 129
125 132
125 135
125 146
125 151
125 156
125 159
125 160
125 204
125 217
125 226
125 232
125 238
125 245
125 269
125 279
125 292
126 127
126 134
126 139
126 147
126 155
126 160
126 163
126 177
126 193
126 202
126 204
126 216
126 253
126 257
126 266
126 268
126 274
126 276
126 278
126 285
126 309
127 129
127 151
127 172
127 177
127 180
127 183
127 192
127 209
127 232
127 233
127 234
127 235
127 243
127 253
127 264
127 280
127 281
127 304
127 311
128 141
128 176
128 180
128 181
128 183
128 204
128 218
128 226
128 234
128 272
128 304
128 306
129 134
129 135
129 149
129 162
129 176
129 177
129 180
129 195
129 199
129 204
129 226
129 232
129 233
129 235
129 259
129 267
129 273
129 292
129 302
129 309
130 174
130 189
131 221
131 223
131 266
131 294
132 226
132 235
132 266
132 273
133 181
133 220
133 230
134 188
134 189
134 234
134 237
134 276
134 302
134 313
135 241
135 280
135 288
135 292
136 217
136 219
137 296
138 195
138 204
139 287
139 304
140 228
141 169
141 189
141 218
141 228
141 243
141 274
141 313
142 158
142 207
142 210
142 232
142 237
142 266
143 200
143 203
143 234
144 172
144 210
144 286
145 234
145 264
145 281
146 204
147 165
147 243
147 257
149 168
149 232
149 269
150 253
151 277
151 292
152 233
152 249
152 298
154 224
154 260
154 314
155 304
156 172
156 228
157 234
158 165
158 201
158 238
158 302
159 288
160 195
160 217
160 234
160 271
160 309
161 274
162 203
162 232
162 249
162 273
162 312
163 177
163 223
163 226
163 233
163 261
163 289
163 304
164 187
165 173
165 206
165 214
165 234
165 235
165 253
166 239
167 174
167 279
168 200
168 218
168 232
168 235
168 236
168 297
169 202
169 268
170 194
170 235
170 247
170 250
170 271
171 199
171 266
172 206
172 231
173 174
173 209
173 252
173 261
173 279
173 293
174 180
174 185
174 205
175 214
176 235
177 314
178 237
178 255
179 259
180 190
180 194
180 202
180 204
180 234
180 236
180 283
180 294
181 184
181 216
181 230
181 276
181 302
182 267
183 198
183 225
183 276
184 265
185 201
185 204
185 275
186 197
186 235
187 201
187 268
188 223
188 228
188 232
188 235
188 286
189 232
189 268
190 235
191 232
191 247
192 278
192 308
193 233
193 250
193 283
193 313
194 218
194 239
195 241
196 234
196 264
196 285
197 202
197 233
197 309
198 228
198 235
199 236
199 247
200 235
201 204
201 287
202 226
202 241
203 211
203 226
204 212
204 227
204 233
204 264
204 279
204 291
205 224
205 235
206 207
206 268
206 273
206 286
207 230
207 234
207 235
207 259
207 264
207 304
208 222
210 241
210 264
211 225
211 304
213 235
214 309
217 227
217 234
217 288
218 225
218 233
218 259
219 233
219 236
219 259
219 266
219 280
219 297
220 232
220 235
221 238
223 234
223 302
223 309
225 278
226 256
226 279
228 241
228 257
228 264
232 233
232 238
232 247
232 279
232 304
233 234
233 236
234 243
234 257
235 243
235 264
236 270
237 253
237 279
238 256
238 293
240 277
241 247
241 249
241 276
245 267
245 279
245 296
246 247
246 304
247 314
249 309
250 307
251 273
252 266
253 262
255 264
255 265
255 277
261 289
263 268
263 278
263 313
264 303
265 309
266 267
266 268
266 291
266 298
266 304
266 308
267 268
271 280
275 304
275 309
279 286
279 291
279 297
284 312
308 309
