0 5
0 152
0 309
1 12
1 123
1 154
1 157
1 193
1 234
2 13
2 37
2 57
2 80
2 86
2 127
2 135
2 216
2 222
2 272
2 285
3 196
3 252
4 34
4 109
4 141
4 286
5 7
5 11
5 40
5 42
5 57
5 126
5 129
5 140
5 145
5 180
5 217
5 230
5 232
5 261
6 28
6 58
6 59
6 60
6 70
6 75
6 90
6 117
6 124
6 126
6 140
6 243
6 259
6 263
6 268
6 279
7 35
7 36
7 81
7 97
7 100
7 106
7 121
7 123
7 124
7 129
7 198
7 223
7 250
7 267
7 277
8 145
8 253
9 123
9 154
9 172
9 259
9 266
10 51
10 100
10 109
10 122
10 123
11 82
11 97
11 111
11 160
12 109
12 266
12 304
13 35
13 41
13 111
13 128
13 143
13 201
13 277
14 95
14 180
14 189
14 309
15 76
15 122
15 190
15 234
15 275
16 40
16 75
16 231
16 283
17 37
17 57
17 66
17 97
17 121
17 126
17 134
17 216
17 257
17 264
17 303
18 35
18 90
18 235
18 267
19 66
19 105
19 126
19 143
19 229
19 256
19 285
20 41
20 59
20 90
20 126
20 142
20 144
20 180
20 231
20 278
21 35
21 120
21 304
22 212
22 237
23 129
23 134
23 234
23 304
24 42
24 110
24 122
24 125
24 127
24 202
24 220
24 223
24 225
24 239
25 64
25 90
25 207
25 219
25 277
26 76
26 139
26 209
26 239
27 40
27 54
27 60
27 105
27 149
27 204
27 224
27 264
27 288
28 29
28 101
28 119
28 122
28 125
28 159
28 241
28 298
29 37
29 122
29 139
29 140
29 152
29 162
29 208
29 219
29 226
29 233
30 125
31 81
31 206
31 238
31 254
31 272
31 289
32 36
32 75
32 129
32 232
32 261
32 288
32 298
33 42
33 127
33 131
33 134
33 154
33 206
33 226
34 42
34 121
34 129
34 134
34 142
34 206
35 36
35 62
35 81
35 90
35 110
35 166
35 185
35 192
35 201
35 218
35 229
35 232
35 237
35 241
35 252
35 266
36 40
36 56
36 123
36 179
36 180
36 185
36 205
36 225
36 226
36 236
36 278
36 295
37 60
37 166
37 207
37 226
37 232
37 237
38 66
38 173
38 268
39 49
39 111
39 169
39 224
39 234
39 239
40 124
40 129
40 148
40 204
40 246
40 266
41 99
41 132
41 139
41 165
41 184
41 193
41 226
41 234
41 235
42 77
42 94
42 95
42 125
42 132
42 174
42 175
42 192
42 275
43 180
43 189
43 286
44 72
44 210
44 216
44 219
45 66
45 77
45 78
45 86
46 111
46 200
46 244
47 66
47 128
47 141
47 189
48 122
48 235
49 76
49 77
49 122
49 124
49 134
49 140
49 165
49 178
49 223
49 297
50 53
50 262
51 123
51 127
51 161
51 165
51 232
51 261
51 286
52 53
52 64
52 173
52 197
52 232
52 233
53 67
53 71
53 158
53 162
53 186
53 239
53 247
53 286
54 76
54 208
54 235
54 304
55 80
55 99
55 127
55 134
55 226
56 77
56 131
56 166
56 235
56 246
56 255
56 304
57 85
57 91
57 207
57 285
58 68
58 125
58 260
59 77
59 124
59 141
59 160
59 226
59 247
59 309
61 214
61 259
61 288
62 86
62 122
62 227
62 232
63 74
63 116
63 139
63 271
64 75
64 110
65 121
65 257
66 92
66 129
66 146
66 168
66 204
66 219
66 227
66 234
66 254
66 285
67 124
67 234
67 272
68 77
68 79
68 155
68 189
68 214
68 275
69 140
69 241
69 256
69 257
70 117
70 209
71 110
72 124
72 140
72 182
72 253
73 89
73 128
73 219
73 226
73 291
74 220
75 121
75 198
75 277
75 302
76 105
76 115
76 121
76 122
76 123
76 160
76 193
76 204
76 222
76 223
76 233
76 235
76 277
77 85
77 117
77 124
77 141
77 143
77 180
77 183
77 199
77 215
77 232
77 257
77 268
77 274
77 277
77 298
77 315
78 280
78 304
79 157
79 203
79 266
79 292
80 129
80 135
80 158
80 172
80 190
81 133
81 182
81 219
81 240
81 279
81 297
82 196
83 222
83 267
84 123
84 125
84 126
84 141
84 204
84 246
84 247
84 257
84 282
85 122
85 187
85 201
85 202
85 203
85 217
85 232
85 243
85 277
85 284
85 291
86 218
86 261
86 304
87 225
87 264
87 296
88 157
88 217
89 123
89 124
89 180
89 192
89 241
89 263
89 285
90 106
90 114
90 127
90 130
90 141
90 147
90 158
90 189
90 209
90 234
90 252
90 258
90 261
90 265
90 279
91 109
91 122
91 246
92 239
93 119
93 123
93 175
93 307
95 117
95 128
95 187
95 207
95 215
95 221
95 253
95 271
95 283
96 133
96 198
96 264
96 279
97 247
97 271
98 119
98 134
98 195
98 312
99 100
99 127
99 135
99 136
99 140
99 144
99 169
99 175
99 182
99 185
99 210
99 263
99 264
100 110
100 135
100 157
100 166
100 252
100 257
100 313
101 106
101 117
101 121
101 126
101 173
103 129
103 134
103 174
103 221
103 280
104 122
104 123
105 114
105 125
105 140
105 158
105 180
105 216
105 218
105 235
105 268
105 271
105 304
106 124
106 174
106 202
106 232
106 233
106 257
107 262
107 315
108 252
108 280
109 180
109 236
110 126
110 139
110 143
110 162
110 174
110 181
110 187
110 241
111 174
111 179
111 185
111 255
112 126
112 134
112 162
112 206
112 219
112 233
112 275
113 201
113 203
113 243
114 203
114 219
115 157
115 165
115 200
115 203
116 125
116 136
116 266
117 127
117 128
117 129
117 135
117 158
117 215
117 226
117 257
117 274
118 134
118 228
119 121
119 122
119 134
119 216
119 241
119 259
120 139
120 236
120 262
120 267
121 127
121 137
121 143
121 154
121 157
121 204
121 206
121 230
121 233
121 235
121 241
121 255
121 266
121 267
121 283
121 302
121 313
122 142
122 170
122 183
122 184
122 191
122 214
122 220
122 231
122 234
122 238
122 247
122 266
122 279
122 280
122 299
122 309
123 125
123 126
123 127
123 128
123 139
123 142
123 152
123 163
123 175
123 183
123 189
123 218
123 219
123 234
123 241
123 264
123 266
123 274
123 285
123 299
123 303
123 304
124 125
124 126
124 160
124 169
124 175
124 183
124 202
124 218
124 221
124 246
124 255
124 259
124 266
124 274
124 277
124 309
125 126
125 128
125 131
125 141
125 154
125 169
125 174
125 185
125 190
125 200
125 201
125 217
125 232
125 292
126 158
126 168
126 195
126 202
126 219
126 223
126 233
126 240
126 241
126 251
126 255
126 261
126 273
126 279
126 288
127 128
127 129
127 139
127 149
127 154
127 157
127 162
127 174
127 178
127 201
127 210
127 233
127 235
127 237
127 247
127 252
127 291
127 292
127 309
128 155
128 160
128 172
128 219
128 221
128 231
128 233
128 235
128 259
128 288
128 293
128 311
129 132
129 134
129 135
129 166
129 169
129 173
129 182
129 193
129 204
129 223
129 246
129 259
129 274
129 291
130 219
130 264
130 269
131 140
131 219
131 243
131 255
131 308
132 139
132 224
132 247
132 292
133 233
134 155
134 170
134 183
134 194
134 195
134 224
134 235
134 286
135 160
135 195
135 240
135 249
137 168
137 204
137 227
137 235
137 255
138 198
138 234
138 274
139 169
139 262
140 160
140 213
140 218
140 240
140 266
141 148
142 189
143 160
143 195
143 216
143 235
143 309
144 185
144 254
145 154
145 211
145 217
145 280
146 159
146 210
147 172
147 209
148 229
149 296
151 167
151 243
152 204
153 198
153 212
154 176
154 236
155 160
155 162
155 233
155 235
155 264
156 191
156 196
157 163
158 220
158 253
158 259
159 183
159 220
160 176
160 203
160 217
160 224
160 257
160 268
160 271
162 195
162 241
163 190
164 305
165 180
165 183
165 245
165 290
166 171
166 230
166 250
166 309
167 216
168 183
168 210
168 245
168 247
168 286
169 180
169 181
169 252
169 267
169 273
169 314
170 234
170 273
170 309
171 191
171 203
171 232
172 211
172 233
172 296
173 226
173 229
173 234
173 292
174 213
174 235
174 236
175 297
175 309
177 313
178 304
180 215
180 285
181 246
182 198
182 204
182 221
182 234
182 283
183 234
183 238
184 264
185 203
185 280
186 232
187 226
187 232
187 233
188 219
188 272
188 279
189 195
189 226
189 232
189 264
189 294
189 313
190 208
190 271
191 309
192 217
192 235
193 226
193 311
194 235
194 266
195 210
195 216
195 233
195 245
195 298
196 280
196 282
198 247
198 263
198 304
199 306
200 214
200 233
200 235
201 212
201 219
201 235
201 259
201 313
202 233
202 244
202 257
202 292
202 304
204 241
204 304
204 314
206 312
208 219
209 232
209 299
211 221
214 305
215 219
216 241
217 219
217 259
217 308
217 309
218 264
219 232
219 278
219 304
220 250
221 302
222 232
222 234
222 235
222 275
222 280
223 264
225 259
226 235
226 260
226 267
226 279
226 280
226 304
227 268
227 273
228 261
228 305
229 273
231 233
231 235
232 274
232 302
232 309
233 237
233 243
233 252
233 260
233 275
233 286
234 237
234 250
234 258
234 267
234 270
234 279
234 280
234 287
235 253
235 282
235 292
235 304
236 309
237 258
238 279
241 309
241 311
245 291
246 278
246 287
246 291
249 304
252 259
252 285
253 280
253 308
254 266
255 259
258 259
261 263
264 266
264 286
279 281
283 304
288 314
292 314
