0 6
0 34
0 83
0 150
0 206
0 262
0 309
1 130
1 309
2 11
2 76
2 114
2 217
2 230
2 279
2 314
3 52
3 85
3 127
4 90
4 98
4 128
4 160
4 175
4 207
4 238
5 9
5 42
5 100
5 117
5 125
5 183
5 201
5 226
5 231
5 233
5 234
5 279
6 51
6 75
6 80
6 81
6 90
6 95
6 96
6 126
6 127
6 143
6 231
6 232
6 267
6 283
7 26
7 52
7 56
7 59
7 69
7 74
7 81
7 100
7 102
7 158
7 176
7 198
7 236
7 240
7 266
9 40
9 56
9 63
9 80
9 121
9 169
9 232
9 299
10 25
10 26
10 52
10 56
10 80
10 100
10 122
10 134
10 139
10 173
10 209
10 238
10 292
10 309
11 35
11 40
11 46
11 139
11 234
12 135
12 165
12 168
12 206
12 226
12 227
13 86
13 89
13 90
13 123
13 124
13 172
13 211
13 219
14 35
14 98
14 282
15 40
15 95
15 101
15 129
16 117
16 121
16 122
16 124
17 34
17 59
17 90
17 100
17 104
17 175
17 228
17 233
17 261
17 285
18 90
18 123
18 134
18 233
18 304
19 80
19 122
19 123
19 129
19 220
20 27
20 57
20 85
20 111
20 195
20 204
20 219
20 232
20 267
21 125
21 179
21 194
21 303
22 34
22 79
22 92
22 95
22 121
22 124
22 127
22 128
22 195
22 219
22 261
23 80
23 110
23 125
23 219
23 286
24 91
24 99
24 122
24 128
24 235
25 216
25 233
26 40
26 226
26 232
27 51
27 112
27 208
28 59
28 77
28 99
28 121
28 134
28 219
28 230
28 298
29 52
29 90
29 121
29 193
29 314
30 55
30 158
31 55
31 73
31 84
31 175
31 251
32 124
32 129
32 158
32 188
32 265
33 52
33 77
33 96
34 77
34 99
34 117
34 131
34 164
34 241
35 37
35 54
35 78
35 82
35 85
35 112
35 124
35 126
35 129
35 142
35 153
35 169
35 201
35 224
35 226
35 233
35 243
36 60
36 75
36 79
36 85
36 95
36 100
36 111
36 140
36 142
36 185
36 223
36 231
36 235
36 236
36 253
36 267
36 268
36 309
37 109
37 155
37 235
38 170
38 222
39 104
39 172
39 204
39 216
39 236
39 286
39 307
40 54
40 91
40 97
40 135
40 172
40 182
40 202
40 212
40 226
40 264
41 93
41 113
41 116
41 122
41 126
41 162
41 192
41 217
41 288
42 129
42 144
42 164
42 208
42 209
42 223
42 224
43 204
43 219
44 237
44 271
46 133
46 277
47 117
48 80
48 102
48 222
49 72
49 100
49 192
49 232
50 91
50 147
50 202
50 293
51 73
51 105
51 113
51 121
51 129
51 152
51 176
51 177
51 197
51 302
52 152
52 162
52 200
52 232
52 256
53 129
53 192
54 62
54 107
54 127
54 169
55 106
55 111
55 125
55 160
55 167
55 206
55 210
55 260
56 106
56 128
56 162
56 193
56 195
56 200
56 270
56 273
56 288
57 80
57 140
57 151
57 169
57 232
58 90
58 123
58 126
58 161
58 234
59 90
59 106
59 121
59 127
59 217
59 253
59 277
60 74
61 126
61 154
61 180
61 286
62 129
62 232
63 89
63 199
63 266
65 70
65 85
65 144
65 189
65 200
65 238
66 171
66 193
66 218
67 90
67 123
67 172
67 234
67 239
67 292
68 80
68 98
68 124
68 131
69 204
70 76
70 135
70 248
71 204
71 233
72 90
72 97
72 110
72 123
72 133
72 234
72 308
73 106
73 121
73 141
73 201
73 221
73 231
73 247
73 262
73 279
74 115
74 228
75 122
75 124
75 126
75 143
75 154
75 174
75 192
75 193
75 209
75 234
75 245
76 109
76 122
76 124
76 128
76 149
76 154
76 155
76 165
76 192
76 215
76 219
76 232
76 261
76 262
76 294
76 304
76 312
77 99
77 103
77 119
77 155
77 176
77 195
77 203
77 217
77 218
77 244
77 257
77 271
77 285
77 309
78 134
78 173
79 127
79 180
80 218
80 224
80 234
80 265
80 268
81 100
81 126
81 183
81 208
81 238
81 273
81 278
81 311
82 117
82 194
82 226
83 143
83 218
83 261
84 91
84 95
84 115
84 121
84 128
84 189
84 313
85 105
85 110
85 112
85 119
85 121
85 122
85 182
85 247
85 285
86 95
86 121
86 123
86 125
86 160
86 175
86 216
86 235
87 122
87 209
88 209
88 234
89 100
89 111
89 129
89 138
89 158
89 161
89 180
89 189
89 226
89 232
89 233
89 274
90 92
90 99
90 121
90 128
90 134
90 159
90 163
90 182
90 199
90 215
90 217
90 219
90 241
90 282
90 297
90 314
91 190
91 241
92 128
92 239
92 261
93 123
93 132
93 135
94 122
94 185
95 124
95 125
95 134
95 168
95 197
95 201
96 125
96 232
97 172
98 100
98 121
98 135
98 237
98 253
99 124
99 128
99 173
99 176
99 180
99 193
99 200
99 210
99 226
99 247
99 265
99 267
99 279
99 309
99 311
100 124
100 125
100 127
100 129
100 153
100 159
100 182
100 204
100 221
100 265
100 304
101 171
101 183
101 187
101 215
102 159
103 121
103 126
103 127
103 140
103 155
104 125
104 180
104 241
104 310
105 128
105 222
105 230
106 110
106 123
106 128
106 168
106 173
106 207
106 225
106 235
106 279
107 127
107 140
107 159
107 252
107 261
107 278
107 291
108 133
108 135
109 125
109 233
110 125
110 129
110 217
110 235
110 304
111 118
111 165
111 195
111 198
111 212
111 238
111 240
111 276
111 299
112 122
112 135
112 168
113 121
113 131
113 262
113 288
114 218
114 277
115 126
115 170
115 188
117 121
117 126
117 128
117 163
117 204
118 170
120 127
120 135
120 215
120 241
121 123
121 125
121 126
121 152
121 169
121 176
121 180
121 182
121 183
121 190
121 191
121 201
121 207
121 228
121 231
121 240
121 266
121 268
121 304
122 124
122 127
122 128
122 135
122 143
122 170
122 175
122 181
122 188
122 192
122 200
122 204
122 208
122 212
122 264
122 266
122 268
122 276
122 277
122 278
122 286
123 124
123 132
123 134
123 135
123 160
123 173
123 183
123 204
123 223
123 226
123 234
123 239
123 240
123 243
123 249
123 252
123 259
123 279
123 289
123 304
124 127
124 128
124 129
124 137
124 139
124 140
124 159
124 162
124 168
124 169
124 172
124 180
124 183
124 206
124 207
124 223
124 224
124 226
124 245
124 269
124 279
124 291
124 297
125 127
125 134
125 140
125 152
125 155
125 158
125 160
125 176
125 221
125 234
125 235
125 243
125 266
125 280
125 288
126 132
126 173
126 180
126 187
126 195
126 203
126 204
126 228
126 242
126 246
126 260
126 271
126 272
126 300
126 309
127 129
127 133
127 204
127 215
127 232
127 238
127 241
127 243
127 269
127 291
127 304
128 129
128 140
128 160
128 172
128 177
128 180
128 224
128 226
128 232
128 236
128 266
128 285
128 288
128 293
128 301
129 134
129 167
129 171
129 176
129 182
129 189
129 200
129 204
129 206
129 208
129 216
129 226
129 241
129 252
129 270
129 275
129 299
129 309
130 279
131 223
131 261
131 265
133 204
133 219
133 304
134 204
134 206
134 216
134 232
134 246
134 252
134 309
135 154
135 163
135 174
135 207
135 232
135 233
135 278
136 257
138 197
139 164
139 250
140 142
140 144
140 167
140 174
140 189
140 243
140 275
140 286
141 233
143 177
143 240
143 263
143 297
144 253
144 295
144 314
145 219
145 261
146 234
147 175
148 187
148 253
148 279
149 217
149 228
149 302
151 261
151 311
152 257
153 167
153 168
153 241
154 186
154 228
154 234
154 235
154 275
155 174
155 246
155 302
156 181
157 210
157 233
158 164
159 180
159 204
159 311
160 268
160 273
160 294
162 174
162 189
162 202
162 226
162 237
162 257
163 204
163 216
163 219
163 272
163 302
163 304
163 309
163 313
165 168
165 203
165 236
166 199
166 236
166 313
168 232
168 233
168 266
168 267
168 272
168 309
169 177
169 220
169 232
169 298
170 200
170 266
173 259
174 180
174 218
174 233
174 244
174 246
175 232
175 241
176 183
176 201
176 279
176 293
177 238
177 303
178 309
179 183
179 248
179 279
180 184
180 234
181 226
181 262
182 188
182 238
182 250
183 208
185 187
185 266
185 280
185 313
186 225
186 264
187 226
187 234
187 252
187 253
188 191
188 219
188 234
188 290
189 200
189 232
190 279
191 302
193 279
195 221
195 233
195 234
195 267
196 304
197 243
198 226
198 304
198 312
200 213
200 231
200 241
201 219
201 226
201 233
201 241
201 245
201 294
202 232
202 233
202 235
202 266
203 205
204 209
204 219
204 224
204 232
205 292
206 214
206 233
206 261
207 271
207 279
207 294
208 217
208 285
209 245
210 231
212 275
213 216
214 215
214 299
216 218
216 238
217 221
217 304
219 252
219 258
219 262
219 264
221 241
221 292
221 315
222 267
223 226
223 265
223 279
223 304
224 286
225 234
226 232
226 233
226 241
226 258
226 277
227 235
227 247
227 252
227 297
228 246
228 293
232 241
232 245
232 266
233 237
233 257
233 264
233 299
233 304
233 309
234 249
234 253
234 257
234 261
234 266
234 268
234 271
234 274
234 304
235 246
235 262
235 272
235 304
235 308
235 309
236 253
236 261
236 297
238 242
238 264
238 304
239 275
240 252
241 252
252 304
257 267
258 309
259 305
261 282
266 309
267 285
268 283
273 279
274 279
275 309
276 277
277 278
278 309
279 288
280 311
283 292
285 302
285 303
286 309
292 294
294 304
308 309
310 313
