0 5
0 63
0 120
0 129
0 193
0 249
1 6
1 129
1 203
1 264
2 26
2 67
2 88
2 107
2 127
2 211
2 220
2 232
2 276
3 51
3 110
3 120
3 288
4 12
4 34
4 50
4 64
4 75
4 117
4 120
4 193
4 207
4 224
4 226
4 309
5 10
5 17
5 32
5 51
5 106
5 114
5 140
5 163
5 173
5 189
5 207
5 294
6 40
6 44
6 94
6 99
6 105
6 122
6 123
6 183
6 264
6 288
7 22
7 41
7 48
7 56
7 66
7 108
7 121
7 122
7 175
7 209
7 219
7 233
7 239
7 257
7 266
7 268
8 77
8 100
8 123
8 201
8 309
9 24
9 89
9 192
9 279
10 33
10 93
10 114
10 124
10 125
10 135
10 174
10 208
10 221
10 257
11 90
11 160
11 169
11 196
11 267
12 126
12 131
12 187
12 226
12 295
13 23
13 37
13 47
13 52
13 122
13 125
13 126
13 157
13 216
13 221
13 233
13 239
14 35
14 77
14 91
14 121
14 124
14 125
14 140
14 191
14 238
14 240
14 254
15 41
15 129
15 220
15 231
15 238
15 261
16 44
16 230
16 266
16 282
17 32
17 50
17 64
17 69
17 127
17 178
17 191
17 219
17 229
17 232
17 258
17 266
17 283
17 309
18 31
18 52
18 123
18 133
18 144
18 260
19 21
19 122
19 160
19 237
20 90
20 117
20 259
20 264
20 266
21 76
21 99
21 127
21 160
22 61
22 62
22 67
22 126
22 149
22 174
22 204
22 210
22 234
22 241
22 279
22 288
23 99
23 100
23 115
23 126
23 175
23 218
23 241
23 257
23 299
24 33
24 125
24 126
24 127
24 128
24 171
24 220
24 253
24 309
25 124
25 161
26 46
26 75
26 123
26 125
26 127
26 212
26 218
26 232
26 234
26 286
27 156
27 238
28 85
28 128
28 168
28 195
28 226
28 235
29 100
29 142
29 246
30 129
30 187
31 125
31 297
31 309
32 35
32 104
32 110
32 168
32 232
32 233
33 266
34 100
34 111
34 264
34 304
35 83
35 137
35 168
35 212
35 252
35 270
35 298
35 309
36 69
36 73
36 116
36 126
36 158
36 235
36 238
36 240
36 277
37 252
37 279
37 286
38 185
38 209
38 234
39 126
39 139
39 188
39 197
40 56
40 57
40 65
40 75
40 99
40 120
40 121
40 133
40 223
40 228
40 234
40 276
41 57
41 85
41 129
41 165
41 187
41 259
42 200
42 206
42 226
42 310
43 226
43 245
43 260
44 93
44 160
44 294
45 126
45 192
46 122
47 181
48 120
49 76
49 165
49 183
50 67
50 185
50 217
50 243
50 244
51 59
51 74
51 96
51 111
51 115
51 124
51 189
51 226
51 266
51 283
52 66
52 95
52 117
52 123
52 125
52 150
52 226
52 259
53 122
53 129
53 307
54 90
54 128
54 189
54 219
54 232
54 262
54 277
55 99
55 299
55 305
55 309
56 98
56 104
56 185
56 203
56 207
56 267
56 279
57 122
57 165
57 197
57 264
57 276
57 286
58 76
58 162
58 168
58 180
58 233
58 272
59 63
59 88
59 91
59 100
59 124
59 129
59 162
59 186
59 235
59 241
59 261
60 122
60 233
60 303
61 99
61 129
61 189
61 226
61 234
61 241
61 245
61 282
62 137
62 160
62 200
62 266
62 286
63 75
63 126
63 261
64 66
64 124
65 103
65 129
65 193
65 206
65 236
65 271
65 272
66 180
66 275
66 288
67 77
67 125
67 180
67 188
67 220
68 78
68 164
69 90
70 130
70 135
70 236
70 241
70 263
71 124
71 223
72 90
72 117
72 232
72 267
73 96
73 100
73 109
73 137
73 247
73 307
74 88
74 212
74 216
75 123
75 124
75 129
75 162
75 173
75 226
76 86
76 116
76 127
76 134
76 140
76 170
76 182
76 235
76 240
76 266
76 300
77 99
77 126
77 130
77 143
77 180
77 185
77 188
77 194
77 202
77 215
77 233
77 234
77 296
77 314
78 111
78 252
80 181
80 195
80 233
81 141
81 187
81 231
81 236
82 149
82 163
82 176
82 226
82 309
83 137
83 267
84 121
84 128
84 129
84 169
84 232
85 89
85 95
85 126
85 127
85 135
85 155
85 201
85 233
85 235
85 261
85 273
85 286
85 289
85 309
85 312
86 123
86 144
86 212
87 158
87 174
87 222
88 105
88 111
88 125
88 207
89 127
89 186
89 238
89 279
90 92
90 124
90 126
90 129
90 137
90 139
90 140
90 170
90 205
90 207
90 231
90 234
90 261
90 275
90 279
91 99
91 120
91 128
91 191
92 126
92 172
92 173
92 180
92 235
92 278
93 160
93 217
93 224
94 127
95 128
95 170
96 98
96 109
96 236
96 255
96 264
97 134
97 155
97 233
98 100
98 235
98 298
98 314
99 103
99 110
99 115
99 121
99 139
99 206
99 284
100 128
100 162
100 166
100 202
100 226
100 232
100 238
100 268
100 280
101 122
101 158
102 168
102 266
102 287
103 106
103 128
103 172
103 252
104 115
104 128
104 175
104 192
104 206
105 120
105 134
105 153
105 186
105 266
106 121
106 127
106 206
106 214
106 232
106 239
106 240
106 266
106 299
108 296
109 234
110 111
110 113
110 122
110 139
110 166
110 189
110 208
110 232
111 115
111 117
111 121
111 122
111 151
111 160
111 168
111 196
111 218
111 314
112 140
112 215
112 227
112 246
113 142
113 176
113 203
113 231
114 219
115 128
115 203
115 208
115 241
115 257
116 121
116 159
116 234
117 206
117 217
117 262
117 297
117 303
119 123
119 202
119 225
119 266
120 125
120 160
120 221
121 127
121 134
121 159
121 176
121 183
121 189
121 203
121 233
121 235
121 241
121 300
121 313
122 125
122 127
122 134
122 139
122 154
122 158
122 160
122 171
122 184
122 191
122 227
122 232
122 253
122 279
122 284
122 288
122 293
122 303
122 313
123 125
123 126
123 127
123 145
123 146
123 158
123 175
123 181
123 187
123 192
123 202
123 206
123 207
123 221
123 223
123 226
123 231
123 232
123 233
123 239
123 245
123 252
123 265
123 276
123 308
124 134
124 152
124 160
124 165
124 204
124 215
124 226
124 232
124 233
124 234
124 236
124 246
124 253
124 261
124 278
124 298
124 301
124 309
124 311
124 312
125 157
125 160
125 172
125 186
125 217
125 221
125 228
125 235
125 265
125 296
126 127
126 140
126 141
126 157
126 158
126 166
126 174
126 175
126 180
126 199
126 204
126 226
126 234
126 257
126 284
126 301
127 138
127 140
127 141
127 157
127 163
127 168
127 170
127 178
127 220
127 253
127 258
127 263
127 283
127 293
127 304
127 309
128 129
128 148
128 163
128 180
128 182
128 183
128 188
128 190
128 226
128 231
128 232
128 233
128 234
128 237
128 278
128 304
129 131
129 153
129 155
129 162
129 166
129 174
129 188
129 196
129 206
129 221
129 249
129 266
129 279
129 299
130 204
130 228
131 133
131 150
131 263
132 199
132 232
133 233
133 234
133 291
134 156
134 157
134 158
134 159
134 162
134 192
134 196
134 217
134 224
134 259
134 292
134 298
135 214
135 257
135 265
135 279
137 140
138 174
138 200
139 158
139 174
139 232
139 233
139 246
140 192
140 231
140 264
140 274
140 275
140 279
141 232
142 193
142 233
142 300
143 165
143 209
144 206
144 218
144 309
146 181
146 230
147 235
147 304
148 212
148 247
150 204
150 273
151 272
151 276
151 292
153 234
154 247
154 259
155 236
155 277
156 161
156 180
156 189
156 286
158 313
159 226
160 168
160 181
160 186
160 192
160 211
160 238
160 243
160 259
160 265
160 309
161 206
162 169
162 171
162 180
162 201
163 228
163 232
165 181
165 193
165 235
166 188
166 192
166 235
166 314
167 259
168 207
168 216
168 235
168 267
169 170
170 216
171 173
171 241
171 283
173 221
176 202
176 237
176 247
176 261
176 314
177 202
177 203
177 304
178 193
178 235
180 217
180 232
180 235
180 237
180 240
180 255
180 309
181 226
183 265
184 219
185 203
186 219
187 204
187 274
188 219
188 232
189 204
189 274
189 312
190 288
191 244
191 289
192 215
192 304
193 246
194 219
195 204
195 221
195 226
195 227
196 204
197 245
197 278
197 279
197 285
198 267
199 200
200 210
200 271
200 309
201 204
201 246
201 274
201 279
202 219
202 234
202 235
202 309
203 235
203 286
204 223
204 225
204 226
204 232
204 247
204 266
206 218
206 239
206 271
206 296
207 309
208 233
210 226
210 266
210 309
212 288
212 294
213 233
214 235
215 217
215 219
215 233
215 267
216 232
216 279
216 289
217 304
218 219
219 223
219 304
220 232
220 252
220 266
220 273
220 308
221 279
222 236
222 273
222 304
223 261
223 272
223 308
226 228
226 232
226 234
226 246
226 251
226 255
226 257
226 266
226 297
226 313
227 288
228 292
229 266
231 275
232 235
232 261
232 274
232 280
232 291
233 235
234 309
235 263
235 269
235 271
235 280
235 293
235 309
236 246
236 280
236 293
237 251
237 286
238 240
238 244
239 280
241 298
241 309
241 310
244 274
244 280
245 281
245 285
246 264
246 288
252 285
255 257
257 267
257 309
258 261
258 279
258 286
259 285
260 266
261 304
266 271
266 291
266 312
273 277
273 302
276 286
278 315
279 286
283 296
291 310
291 313
299 309
304 314
