0 3
0 59
0 124
0 125
0 141
0 235
0 304
1 65
1 72
1 97
1 125
1 223
1 248
1 304
2 7
2 77
2 91
2 153
2 166
2 233
2 279
3 20
3 30
3 51
3 67
3 77
3 90
3 105
3 168
3 193
3 203
3 243
3 249
3 304
4 17
4 124
4 168
4 235
4 301
4 302
5 105
5 115
5 133
5 136
5 188
5 239
5 241
5 268
5 282
6 40
6 51
6 66
6 77
6 80
6 99
6 156
6 197
6 233
6 268
7 46
7 90
7 124
7 127
7 131
7 144
7 195
7 204
7 219
7 279
8 76
8 83
8 220
9 43
9 180
9 209
9 215
9 225
9 296
10 14
10 34
10 77
10 112
10 139
10 207
10 226
11 32
11 279
11 288
11 309
12 52
12 126
12 140
12 167
12 202
12 272
12 275
13 53
13 122
13 123
13 126
13 173
13 206
13 223
14 130
14 174
14 215
14 221
15 79
15 167
15 274
15 282
16 246
17 53
17 100
17 117
17 144
17 168
17 174
17 216
17 236
17 259
17 280
18 47
18 66
18 76
18 128
19 100
19 122
19 125
19 189
20 23
20 134
20 142
20 188
20 232
21 36
21 99
21 122
21 123
21 130
22 40
22 77
22 170
22 172
22 178
22 235
23 68
23 83
23 112
23 129
23 142
23 187
23 234
23 241
24 147
24 160
24 224
24 239
24 273
24 286
25 121
26 55
26 85
26 90
26 102
26 123
26 129
26 238
26 260
27 40
27 90
27 121
27 123
27 272
27 282
28 62
28 117
28 125
28 134
28 201
28 254
28 276
29 40
29 100
29 110
29 180
29 235
29 259
29 264
30 73
30 124
30 264
31 42
31 199
31 217
32 57
32 69
32 99
32 125
32 230
32 243
32 299
33 209
34 55
34 100
34 124
34 126
34 140
34 185
34 189
34 219
34 226
34 228
34 234
34 280
35 49
35 59
35 90
35 95
35 106
35 110
35 112
35 124
35 128
35 129
35 130
35 132
35 133
35 137
35 144
35 159
35 168
35 176
35 183
35 186
35 201
35 217
35 222
35 243
35 246
35 262
35 266
35 274
35 292
36 97
36 111
36 117
36 192
36 219
36 220
36 241
36 268
36 272
36 274
36 307
37 128
37 204
38 215
38 224
39 55
39 64
39 76
39 97
39 99
39 121
39 201
39 227
39 286
39 293
40 59
40 77
40 99
40 149
40 153
40 183
40 186
40 193
40 197
40 208
40 254
40 259
40 311
41 56
41 95
41 126
41 133
41 134
41 174
41 223
41 229
42 77
42 90
42 121
42 134
42 165
42 221
43 62
43 109
43 125
43 203
43 204
44 80
44 143
44 165
44 206
44 283
44 309
45 131
46 244
47 148
48 66
49 137
49 185
49 200
49 227
49 233
51 59
51 68
51 90
51 109
51 112
51 115
51 122
51 128
51 143
51 160
51 176
51 184
51 195
51 217
51 239
51 240
52 56
52 100
52 123
52 154
52 155
52 159
52 160
52 206
52 215
52 223
52 266
52 296
53 165
53 314
54 73
54 166
54 206
54 215
54 262
54 311
55 105
55 129
55 183
55 198
55 219
55 232
56 72
56 110
56 122
56 123
56 156
56 199
56 259
56 263
57 106
57 127
57 128
57 267
58 127
58 162
58 218
58 311
59 65
59 69
59 98
59 124
59 228
59 276
59 287
59 309
60 85
60 98
60 160
60 263
61 89
61 117
61 123
61 125
62 105
62 151
62 223
62 235
62 236
62 278
63 99
63 125
63 207
64 219
65 131
65 183
66 127
66 217
66 234
66 237
67 123
67 126
67 148
67 219
67 232
67 264
68 109
68 234
68 304
69 124
69 134
69 212
69 232
69 246
69 266
70 77
70 127
71 129
71 135
71 160
71 169
72 90
72 110
72 144
73 76
73 86
73 122
73 125
73 168
73 174
73 176
73 224
73 232
73 257
74 123
74 128
74 140
75 99
75 123
75 126
75 226
75 258
76 83
76 97
76 105
76 129
76 135
76 185
76 223
76 230
77 85
77 123
77 128
77 174
77 186
77 232
77 234
77 251
77 257
77 265
78 121
78 193
78 233
78 288
79 125
79 127
79 180
79 201
79 226
79 233
80 106
80 129
80 207
80 258
81 90
81 126
81 160
81 168
82 112
82 122
82 147
82 266
83 90
83 121
83 122
83 124
83 173
83 265
83 266
84 107
84 121
84 237
85 99
85 132
85 134
85 135
85 143
85 149
85 168
85 192
85 206
85 216
85 219
85 244
85 255
85 271
85 291
85 311
86 181
86 226
87 95
87 111
87 125
87 143
87 199
87 212
88 151
88 227
88 235
88 314
89 123
89 124
89 134
89 141
89 189
89 226
89 255
89 271
90 100
90 102
90 116
90 122
90 143
90 154
90 160
90 200
90 235
90 296
90 304
90 311
91 112
91 119
91 125
91 215
92 120
92 273
93 94
93 123
93 176
93 226
93 235
94 162
95 110
95 112
95 180
95 208
95 235
95 249
96 117
96 234
97 100
97 168
98 127
98 129
98 147
98 158
98 187
98 197
98 206
99 124
99 126
99 128
99 129
99 133
99 135
99 146
99 154
99 165
99 180
99 186
99 198
99 218
99 231
99 232
99 233
99 246
99 256
99 270
99 288
99 304
99 309
99 311
100 121
100 125
100 133
100 156
100 157
100 180
100 212
100 224
100 238
100 241
100 246
100 268
101 122
101 154
101 163
101 313
102 126
102 140
102 219
102 274
103 117
103 127
103 210
103 235
103 255
103 308
104 112
104 127
104 141
104 232
104 271
105 110
105 121
105 122
105 126
105 155
105 197
105 259
106 110
106 182
106 206
106 226
106 313
108 153
108 249
108 309
109 119
109 124
109 182
109 221
110 138
110 174
110 223
110 232
110 275
111 112
111 124
111 155
111 232
111 235
112 117
112 165
112 180
112 275
112 290
113 166
113 246
114 144
114 188
115 126
115 166
115 234
115 263
115 280
115 309
116 125
116 165
116 171
116 227
117 155
117 170
117 185
117 186
117 204
117 206
117 207
117 226
117 232
117 233
117 237
117 238
117 260
117 282
117 308
117 313
118 268
119 157
119 292
120 125
120 127
120 151
120 242
121 123
121 125
121 128
121 153
121 162
121 180
121 181
121 193
121 195
121 197
121 208
121 215
121 231
121 232
121 233
121 241
121 264
121 267
121 268
121 271
121 276
121 280
121 296
122 129
122 158
122 188
122 189
122 195
122 204
122 226
122 232
122 237
122 239
122 246
122 266
123 126
123 139
123 152
123 155
123 201
123 206
123 207
123 212
123 228
123 232
123 236
123 237
123 239
123 243
123 275
123 279
123 302
123 309
123 312
124 125
124 127
124 129
124 142
124 146
124 155
124 174
124 180
124 209
124 228
124 233
124 234
124 235
124 252
124 262
124 263
124 264
124 291
125 132
125 138
125 144
125 160
125 195
125 214
125 226
125 235
125 253
125 271
125 275
125 278
125 301
125 302
125 304
126 127
126 128
126 131
126 160
126 163
126 200
126 214
126 226
126 228
126 242
126 250
126 254
126 273
126 278
126 302
126 309
126 314
127 133
127 147
127 159
127 188
127 197
127 202
127 218
127 266
127 271
127 309
128 134
128 159
128 160
128 185
128 187
128 192
128 217
128 229
128 232
128 233
128 244
128 266
128 267
128 288
128 297
128 305
129 134
129 144
129 162
129 168
129 174
129 182
129 222
129 234
129 241
129 246
129 252
129 264
129 276
129 309
130 186
131 135
131 167
131 219
131 282
131 286
131 304
132 235
132 249
132 257
132 263
133 214
133 239
134 149
134 157
134 178
134 192
134 198
134 219
134 253
135 149
135 182
135 226
135 242
135 288
137 186
137 239
137 247
137 309
138 313
139 143
139 209
140 160
141 203
141 220
141 237
141 313
143 193
143 237
143 241
144 168
144 174
144 176
144 192
145 260
145 278
146 170
146 183
147 180
148 216
148 233
148 243
149 153
149 201
149 233
151 157
151 174
151 233
152 207
152 234
153 198
153 224
153 267
153 279
153 285
154 240
154 291
154 307
155 186
155 271
155 278
156 168
156 177
157 228
158 192
158 207
159 217
160 168
160 170
160 178
160 180
160 189
160 221
160 236
160 311
161 309
162 219
162 288
162 313
163 184
163 199
163 218
163 232
163 245
164 197
164 246
165 168
165 169
165 191
165 279
165 292
165 301
166 232
168 186
169 304
170 192
170 226
170 270
170 279
171 273
171 307
172 223
172 265
173 176
173 235
173 265
174 180
174 206
174 208
174 226
174 314
175 202
175 234
176 266
176 275
178 304
178 309
180 191
180 235
180 267
181 292
181 304
182 266
183 211
185 193
185 218
185 226
185 235
185 267
186 288
187 234
187 235
187 289
188 235
189 200
189 246
190 240
191 209
192 288
193 217
194 209
194 233
194 257
195 203
195 216
195 223
195 228
196 304
197 301
199 233
199 241
199 266
201 250
201 251
201 259
202 219
202 234
202 313
203 232
203 253
203 279
204 208
204 226
204 232
204 235
204 241
204 246
204 259
204 304
204 313
205 226
206 231
206 233
207 228
207 235
207 236
207 255
207 271
208 274
209 217
209 262
210 234
210 298
211 235
212 238
212 259
212 261
213 217
213 220
214 253
215 218
215 226
215 232
215 313
216 267
216 299
217 229
217 279
218 223
218 279
219 233
219 235
219 278
219 282
220 233
220 235
220 289
221 261
221 285
223 232
223 233
223 252
223 302
224 305
225 288
226 233
226 243
226 250
226 259
226 271
226 289
226 292
228 233
228 237
228 238
228 261
228 279
231 311
232 257
232 260
233 245
233 248
233 256
233 261
233 304
233 309
233 313
234 266
234 271
234 282
235 243
235 270
235 291
235 309
236 302
237 288
237 292
237 309
238 283
240 279
240 291
241 246
241 267
241 283
241 297
243 274
246 251
247 257
247 266
249 271
252 309
255 277
257 304
259 265
261 286
262 304
264 266
266 276
268 292
271 297
279 285
