0 122
0 199
1 106
2 35
2 121
2 148
2 219
2 249
2 304
3 5
3 30
3 34
3 40
3 54
3 133
3 140
3 274
3 292
4 51
4 160
4 168
4 233
4 236
5 11
5 61
5 77
5 100
5 110
5 121
5 124
5 151
5 173
5 197
5 208
5 209
5 218
5 235
5 271
5 309
6 22
6 38
6 97
6 99
6 118
6 151
6 173
6 215
6 267
7 8
7 11
7 56
7 106
7 123
7 152
7 162
7 165
7 204
7 261
7 262
7 265
7 299
8 117
8 124
8 167
8 228
8 271
9 11
9 45
9 239
9 279
10 13
10 23
10 90
10 100
10 124
10 165
10 200
10 221
10 232
10 234
10 259
10 304
11 117
11 198
11 210
11 232
11 297
12 90
12 100
12 106
12 147
13 62
13 99
13 126
13 130
13 140
13 265
13 291
14 60
14 124
14 139
14 177
14 199
14 241
14 310
15 75
16 28
16 54
16 125
16 158
16 185
16 309
17 24
17 27
17 30
17 62
17 104
17 154
17 183
17 313
18 152
18 233
18 253
18 269
18 307
19 127
19 309
20 41
20 77
20 99
20 102
20 161
20 226
20 259
20 285
21 188
21 203
22 56
22 73
22 165
22 187
22 198
22 233
22 237
22 253
22 285
23 37
23 73
23 126
23 141
23 221
23 234
23 238
23 247
24 62
24 75
24 89
24 126
24 197
24 202
24 206
24 257
24 304
24 309
25 67
25 126
25 216
25 259
25 287
26 27
26 77
26 128
26 202
27 99
27 187
28 43
28 126
28 232
28 252
28 254
28 282
28 286
29 80
29 133
29 155
29 175
29 201
29 234
29 257
30 128
30 273
31 40
31 81
31 233
32 54
32 99
32 127
32 134
32 137
32 200
32 222
32 234
33 126
33 129
33 133
33 147
33 166
33 170
34 76
34 77
34 137
34 155
34 203
34 271
35 46
35 47
35 100
35 121
35 126
35 128
35 153
35 203
35 208
35 216
35 227
35 234
35 279
35 306
36 127
36 134
36 140
36 143
36 191
36 224
36 255
36 280
37 121
37 185
37 232
37 291
38 89
38 98
38 117
38 123
38 154
38 204
39 70
39 171
39 233
40 43
40 117
40 122
40 124
40 128
40 154
40 160
40 205
40 239
40 312
41 87
41 99
41 100
41 264
42 123
42 129
42 163
42 165
43 117
43 156
43 286
44 69
44 108
44 122
44 128
44 135
44 222
44 235
44 310
45 125
45 127
45 259
46 56
46 235
47 215
47 271
47 313
48 233
49 57
49 174
49 235
49 288
49 303
50 219
51 52
51 53
51 59
51 99
51 124
51 133
51 134
51 160
51 255
51 288
52 232
52 304
52 314
53 102
53 208
53 295
54 128
54 129
54 139
54 162
54 169
54 201
54 225
54 291
54 308
54 311
55 59
55 84
55 122
55 217
55 232
56 98
56 202
56 246
57 80
57 129
57 144
57 169
57 175
57 201
57 234
57 237
58 226
58 232
59 121
59 123
59 124
59 202
59 248
59 265
59 267
59 308
60 74
61 122
61 123
61 173
61 210
62 69
62 129
62 130
62 156
62 213
63 76
63 215
64 73
64 123
64 170
64 273
65 222
65 315
66 87
66 122
66 139
66 158
66 236
67 122
67 234
68 82
68 127
69 121
70 170
71 202
72 78
72 90
72 132
72 181
72 226
72 262
72 283
73 80
73 104
73 137
73 152
73 160
73 226
73 232
73 234
73 266
73 279
73 288
74 90
74 170
74 252
74 309
75 77
75 163
75 218
75 234
75 245
75 271
76 77
76 106
76 111
76 121
76 128
76 143
76 153
76 168
76 193
76 204
76 208
76 221
76 226
76 233
76 234
76 236
76 241
76 259
76 274
77 93
77 125
77 195
77 231
78 128
78 249
78 259
79 138
79 233
80 119
80 122
80 123
80 133
80 257
81 87
81 209
81 217
81 236
81 288
81 305
82 99
82 124
83 90
83 121
83 127
83 135
83 141
84 197
85 123
85 126
85 178
85 186
85 188
85 189
85 206
85 273
86 111
86 267
88 228
89 99
89 130
89 203
89 245
89 273
90 95
90 123
90 124
90 125
90 130
90 134
90 159
90 160
90 169
90 186
90 266
90 305
90 309
92 127
92 214
93 127
93 154
93 292
94 314
95 121
95 125
95 128
95 144
95 147
95 188
95 226
95 235
95 236
96 276
97 128
98 157
98 160
98 204
98 233
98 255
98 276
98 280
99 116
99 127
99 145
99 155
99 159
99 160
99 200
99 203
99 231
99 239
99 259
99 267
99 286
100 125
100 126
100 128
100 170
100 211
100 253
100 257
100 259
100 279
101 117
101 304
102 157
102 195
102 243
103 125
103 130
103 315
104 121
104 122
104 139
104 207
104 232
104 241
104 255
105 131
105 134
105 160
105 292
106 111
106 123
106 139
106 192
106 202
106 309
107 203
107 232
108 280
109 163
109 262
109 265
109 314
110 115
110 186
110 217
110 235
110 251
110 279
110 315
111 125
111 217
111 266
112 126
112 171
112 180
112 193
113 124
113 201
113 280
114 285
115 180
116 241
117 135
117 292
119 233
119 263
120 145
120 187
120 247
120 266
121 126
121 127
121 128
121 129
121 130
121 132
121 138
121 139
121 151
121 155
121 160
121 166
121 176
121 189
121 195
121 214
121 219
121 228
121 234
121 235
121 246
121 266
121 300
121 309
122 125
122 127
122 129
122 139
122 159
122 175
122 189
122 201
122 206
122 215
122 222
122 225
122 257
122 258
122 292
122 304
123 158
123 163
123 193
123 195
123 204
123 216
123 228
123 234
123 235
123 247
123 253
123 266
123 267
123 286
123 288
123 294
123 304
124 125
124 128
124 134
124 137
124 143
124 154
124 162
124 166
124 185
124 204
124 207
124 217
124 219
124 243
124 264
124 309
125 127
125 148
125 160
125 179
125 187
125 218
125 219
125 223
125 226
125 234
125 236
125 244
125 266
125 283
125 295
125 299
125 309
126 128
126 129
126 134
126 140
126 143
126 173
126 212
126 214
126 217
126 219
126 221
126 226
126 237
126 279
126 293
126 304
126 306
126 307
127 129
127 166
127 174
127 184
127 185
127 209
127 233
127 234
127 243
127 251
127 257
127 268
127 273
127 286
127 302
127 309
128 160
128 190
128 193
128 195
128 202
128 232
128 234
128 262
128 268
128 278
128 279
128 314
129 133
129 161
129 263
129 279
129 288
129 298
129 309
130 226
130 227
130 230
130 274
131 159
131 219
132 134
132 158
132 185
134 141
134 163
134 204
134 227
134 233
134 234
134 241
134 270
134 274
134 276
134 292
134 297
135 165
135 257
135 296
136 238
136 257
137 143
137 145
137 185
137 268
138 204
138 273
139 233
139 283
140 149
140 218
140 223
140 226
140 228
140 257
140 266
141 180
141 231
141 243
141 266
142 173
142 212
142 271
142 288
143 151
143 197
143 218
143 245
143 277
144 191
144 206
144 230
145 163
145 221
145 224
148 253
149 220
149 233
149 262
149 280
149 292
149 298
151 163
151 178
151 226
151 244
151 258
153 233
153 297
154 209
154 239
154 243
155 278
156 197
157 173
157 227
158 181
159 199
159 236
159 308
159 309
160 174
160 216
160 226
160 259
160 265
160 266
160 293
162 174
162 226
162 265
162 271
162 276
162 298
163 180
163 202
163 240
163 272
163 279
163 285
164 266
165 180
165 181
165 274
165 304
166 211
166 257
167 202
167 309
168 173
168 183
168 216
168 266
168 279
169 196
169 288
170 188
170 235
170 274
171 219
171 272
172 229
173 200
173 245
173 265
174 233
174 249
175 209
177 286
178 202
178 204
178 246
180 185
180 279
180 309
181 201
181 235
181 267
182 189
182 232
182 271
183 191
183 197
183 206
185 226
185 232
185 277
185 308
186 313
186 315
187 244
187 278
188 241
189 257
189 304
190 234
191 235
191 261
191 266
192 206
194 217
194 266
195 201
195 226
195 227
195 234
195 241
195 260
195 309
195 312
197 199
197 273
197 278
197 310
198 235
198 279
199 255
199 266
200 238
201 232
201 299
202 215
202 235
203 228
203 246
203 312
204 234
204 253
204 254
204 275
204 282
204 284
204 292
206 218
206 219
206 246
206 293
206 304
207 216
207 292
207 305
208 228
208 233
208 261
208 301
209 264
209 290
210 234
213 235
214 226
214 288
215 233
215 283
216 224
216 279
217 241
217 278
217 304
217 309
218 277
218 288
219 245
219 247
219 255
220 223
220 232
220 244
220 268
221 236
221 259
223 234
223 246
223 254
223 266
223 289
225 268
226 240
226 254
226 285
226 286
226 312
226 313
228 274
229 232
229 266
231 260
231 286
231 303
232 233
232 234
232 241
232 245
232 247
232 266
232 276
232 305
233 262
233 263
233 264
233 288
233 295
233 309
234 264
235 243
235 268
236 272
236 286
237 238
237 265
237 266
238 246
238 258
240 244
241 245
241 285
241 286
243 261
243 314
244 302
246 262
247 267
247 310
250 257
250 301
251 276
257 279
259 310
263 286
263 304
264 271
264 292
265 284
266 282
266 285
267 288
268 308
272 314
274 297
276 288
284 311
288 290
292 296
293 294
