0 36
1 9
1 99
1 105
1 128
1 233
1 279
2 21
2 77
2 220
2 232
3 151
3 197
3 257
4 7
4 14
4 31
4 36
4 116
4 123
4 185
4 267
5 13
5 43
5 55
5 72
5 74
5 75
5 76
5 104
5 105
5 120
5 129
5 152
5 154
5 156
5 169
5 190
5 196
5 239
5 253
5 261
5 267
5 299
5 309
6 38
6 42
6 89
6 100
6 177
6 189
6 221
6 226
6 243
6 271
7 81
7 127
7 146
7 163
7 204
7 232
7 233
7 237
7 280
8 33
8 50
8 176
8 211
8 275
9 16
9 47
9 58
9 180
9 182
10 12
10 55
10 61
10 90
10 118
10 228
10 241
10 267
10 288
10 309
11 35
11 129
11 207
11 258
11 274
12 100
12 124
12 139
13 122
13 125
13 165
14 54
14 76
14 111
14 141
14 153
14 162
14 234
15 75
15 229
15 266
15 304
16 129
16 182
16 201
16 252
16 255
17 44
17 87
17 145
17 165
17 180
17 195
17 215
17 220
17 223
17 230
18 90
18 121
18 128
18 194
18 226
19 45
19 134
19 240
20 54
20 76
20 86
20 117
20 121
20 123
20 148
20 152
20 167
20 233
20 292
21 261
22 24
22 27
22 59
22 92
22 261
22 267
22 273
23 27
23 35
23 69
23 76
23 89
23 110
23 134
23 137
23 238
23 241
24 42
24 57
24 61
24 68
24 100
24 104
24 111
24 118
24 125
24 126
24 133
24 226
25 68
25 127
25 134
25 223
26 31
26 40
26 123
26 183
27 127
27 128
27 151
27 231
28 123
28 124
28 166
28 180
28 304
29 42
29 56
29 65
29 122
29 123
29 127
29 128
29 132
29 163
29 204
29 231
29 235
30 111
30 122
31 226
31 312
32 51
32 53
32 98
32 120
32 233
32 240
32 304
33 52
33 76
33 101
33 123
33 134
33 189
33 233
34 59
34 76
34 101
34 122
34 123
34 124
34 190
35 52
35 73
35 77
35 94
35 99
35 100
35 115
35 123
35 127
35 143
35 157
35 159
35 160
35 162
35 183
35 226
35 233
35 234
35 262
36 44
36 55
36 67
36 73
36 76
36 161
36 191
36 202
36 217
36 226
36 232
37 39
37 62
37 236
39 58
39 83
39 223
39 226
39 231
40 46
40 56
40 76
40 104
40 122
40 172
40 178
40 180
40 234
40 241
40 270
41 96
41 125
41 160
41 188
41 231
42 84
42 141
42 168
42 192
42 204
42 252
42 280
43 71
43 100
43 204
43 235
44 95
44 102
44 105
44 121
44 124
44 127
44 129
44 149
44 169
44 243
45 66
45 81
45 192
46 113
46 129
46 219
46 284
46 304
47 157
47 264
47 278
49 127
49 232
49 294
49 309
50 284
50 297
51 99
51 121
51 125
51 126
51 134
51 226
51 235
51 247
51 278
52 77
52 124
52 204
52 232
52 266
52 274
52 280
52 296
53 71
54 64
54 99
54 121
54 187
54 233
54 241
54 283
55 110
55 124
55 160
55 168
56 91
56 117
56 128
56 129
56 143
57 98
57 119
57 158
57 279
58 77
58 121
58 134
58 216
59 142
59 204
59 263
59 304
59 312
61 88
61 97
61 223
62 198
62 204
62 264
62 278
63 120
64 122
65 80
66 105
66 127
66 163
66 168
66 175
66 198
67 99
67 102
67 183
67 195
67 236
68 309
69 75
69 119
69 124
69 128
69 200
69 236
70 151
70 170
70 183
70 232
70 298
72 85
72 202
73 199
73 204
73 209
73 235
73 250
73 291
74 134
74 235
75 87
75 128
75 147
75 232
75 252
75 274
75 291
76 84
76 133
76 216
76 304
77 78
77 81
77 88
77 89
77 98
77 100
77 124
77 127
77 140
77 141
77 144
77 155
77 183
77 200
77 232
77 233
77 239
77 260
77 298
77 304
78 149
78 163
78 226
78 268
78 299
79 124
79 155
79 177
79 279
80 112
80 232
80 256
80 264
81 125
81 128
82 100
83 126
83 134
83 144
83 232
84 99
84 117
84 119
84 126
84 169
84 232
85 90
85 124
85 129
85 234
85 245
85 308
86 95
86 107
86 124
86 129
86 195
86 201
87 109
87 114
87 197
87 248
88 124
88 267
88 279
88 291
88 314
89 103
89 110
89 123
89 126
89 162
89 219
89 235
89 246
89 266
89 279
89 286
89 302
90 100
90 117
90 122
90 123
90 128
90 129
90 134
90 140
90 168
90 173
90 178
90 198
90 217
90 218
90 234
90 235
90 237
90 304
90 307
91 186
91 226
92 103
92 160
92 195
93 199
94 122
94 152
95 105
95 128
95 142
95 157
95 172
95 188
95 214
95 226
95 261
96 114
96 214
96 304
97 147
97 189
97 262
98 99
98 234
98 249
98 263
98 282
99 119
99 122
99 126
99 127
99 137
99 154
99 156
99 165
99 192
99 196
99 200
99 202
99 218
99 232
99 236
99 279
99 309
100 143
100 144
100 160
100 162
100 185
100 189
100 200
100 206
100 219
100 226
100 233
100 236
100 264
100 296
100 312
101 140
101 149
101 232
102 107
102 137
102 180
103 158
103 219
103 234
104 154
104 174
104 175
104 212
104 219
105 124
105 125
106 118
106 165
106 197
106 207
106 221
106 249
106 279
107 117
107 165
107 289
107 309
108 114
108 235
109 137
109 221
110 118
110 197
110 233
110 268
111 125
111 134
111 147
111 161
111 216
111 223
111 273
111 276
111 278
111 280
112 122
112 125
112 135
112 165
112 180
112 201
112 232
112 262
112 281
112 290
113 189
113 191
113 193
113 216
113 234
115 128
115 156
115 212
115 219
115 241
116 169
117 124
117 128
117 134
117 144
117 163
117 177
117 180
117 195
117 224
117 234
117 286
117 293
117 309
118 129
118 173
119 122
119 143
120 185
120 232
121 122
121 126
121 127
121 129
121 134
121 147
121 154
121 156
121 159
121 174
121 175
121 180
121 188
121 200
121 202
121 206
121 213
121 226
121 234
121 235
121 241
121 252
121 269
121 270
121 291
121 296
121 309
122 126
122 130
122 132
122 149
122 156
122 160
122 167
122 170
122 173
122 180
122 182
122 187
122 204
122 240
122 249
122 252
122 299
122 307
122 309
122 311
123 124
123 125
123 126
123 127
123 128
123 137
123 141
123 142
123 149
123 167
123 170
123 180
123 187
123 209
123 210
123 212
123 216
123 230
123 232
123 234
123 235
123 247
123 304
124 133
124 138
124 151
124 165
124 188
124 204
124 223
124 224
124 234
124 243
124 280
124 287
125 126
125 127
125 131
125 141
125 147
125 158
125 163
125 165
125 183
125 200
125 203
125 204
125 226
125 227
125 233
125 234
125 235
126 134
126 139
126 140
126 143
126 195
126 198
126 209
126 220
126 234
126 241
126 280
126 290
126 292
127 128
127 129
127 134
127 162
127 166
127 195
127 207
127 219
127 232
127 234
127 238
127 257
127 267
127 279
127 298
127 299
127 305
128 129
128 132
128 133
128 134
128 139
128 162
128 181
128 189
128 193
128 204
128 225
128 233
128 235
128 264
128 280
129 132
129 176
129 180
129 203
129 206
129 208
129 246
129 276
130 237
130 241
131 144
131 266
131 309
133 283
134 219
134 221
134 232
134 237
134 252
134 255
134 257
134 269
134 272
134 288
134 309
135 173
135 187
135 204
135 207
135 221
135 233
135 234
135 239
135 278
135 286
135 293
136 275
137 138
137 306
138 153
138 168
138 210
139 208
139 215
139 234
139 253
139 288
140 152
140 176
140 180
140 245
140 283
141 151
141 226
141 280
142 210
142 269
142 296
143 232
143 265
144 189
144 202
144 234
144 313
145 162
145 178
146 273
147 192
147 233
147 234
147 236
147 254
148 234
148 235
149 167
149 309
151 234
152 189
152 253
153 173
153 220
153 234
153 245
153 272
153 280
154 233
154 236
154 266
155 194
155 195
155 235
155 252
155 309
157 167
157 204
157 210
157 229
157 232
157 285
158 206
158 214
158 219
159 262
160 170
160 204
160 217
160 309
160 313
161 234
162 232
162 236
163 195
163 233
163 243
163 274
164 201
165 266
166 181
166 203
168 204
168 219
168 246
169 179
169 218
169 309
170 206
170 229
170 263
171 188
171 228
171 294
173 195
175 309
176 203
176 218
176 233
178 279
179 188
180 195
180 204
180 225
180 232
180 233
180 238
180 251
180 263
180 292
180 309
181 182
181 233
181 240
181 249
181 279
182 210
182 254
183 210
183 220
183 275
183 277
184 220
185 224
186 224
186 309
187 233
188 214
188 226
189 217
189 241
189 280
191 314
192 221
192 279
192 309
193 222
193 229
193 232
193 267
195 204
195 221
195 245
195 266
196 309
197 217
197 219
197 268
197 292
199 214
199 262
200 210
200 238
200 301
201 217
201 226
201 229
202 252
203 315
204 249
204 254
204 261
204 267
205 215
206 230
206 233
206 234
206 250
206 286
207 247
207 276
208 266
209 304
210 259
211 221
212 288
213 232
213 280
214 249
215 234
215 268
215 295
216 231
216 247
217 232
217 279
217 304
219 223
219 226
219 269
219 275
220 241
220 261
220 262
220 277
220 296
220 314
221 297
222 259
223 233
223 261
224 299
225 286
226 233
226 269
226 281
226 288
227 235
228 253
230 231
230 313
232 278
233 239
233 291
233 293
233 309
233 313
234 235
234 241
234 250
234 258
234 267
234 279
234 288
234 304
235 237
235 240
235 259
235 283
235 288
235 302
235 304
238 263
238 309
239 244
239 304
240 271
240 276
241 245
241 264
243 288
243 292
243 311
246 279
246 286
247 250
252 282
253 272
257 279
257 309
259 272
262 292
262 300
263 280
265 307
266 268
266 274
267 278
268 291
273 302
279 286
283 297
286 314
287 309
296 304
300 310
