0 47
0 279
1 28
1 197
1 286
2 54
2 60
2 75
2 212
2 224
2 234
2 259
2 309
3 6
3 41
3 122
3 203
3 286
4 27
4 29
4 77
4 87
4 98
4 110
4 191
4 233
4 235
4 285
5 52
5 54
5 76
5 111
5 123
5 128
5 141
5 169
5 174
5 197
5 212
5 224
5 231
5 233
5 252
5 259
5 294
6 7
6 10
6 35
6 52
6 57
6 123
6 163
6 228
6 266
7 22
7 58
7 98
7 123
7 150
7 160
7 173
7 205
7 231
7 265
7 279
7 292
8 188
9 117
9 204
9 210
10 16
10 23
10 28
10 38
10 106
10 123
10 131
10 171
11 40
11 91
11 110
11 310
12 19
12 51
12 80
12 111
12 121
12 125
12 135
12 219
12 226
13 41
13 51
13 76
13 90
13 160
13 185
13 211
13 257
13 266
13 292
13 304
14 20
14 28
14 87
14 119
14 168
14 203
14 233
15 33
15 41
15 121
15 122
16 128
16 151
16 259
16 286
16 309
17 35
17 105
17 111
17 134
17 138
17 166
17 234
17 235
17 248
17 262
17 278
18 46
18 83
18 117
18 185
18 189
18 297
19 235
20 59
20 74
20 124
20 127
20 140
20 172
21 74
21 98
21 143
21 162
21 304
22 76
22 78
22 185
22 226
22 232
22 299
23 54
23 90
23 122
23 125
23 160
23 167
23 173
23 193
23 204
23 241
23 290
24 76
24 79
24 223
25 241
26 121
26 123
26 125
26 208
26 214
26 232
26 235
27 192
27 206
28 90
28 100
28 121
28 301
29 59
29 77
29 81
29 97
29 122
29 147
29 151
29 202
30 68
30 85
31 61
31 81
31 161
31 182
31 204
31 234
31 266
32 56
32 59
32 61
32 72
32 87
32 89
32 122
32 143
32 241
32 249
33 53
33 62
33 123
33 130
33 266
33 312
34 61
34 111
34 158
34 173
34 217
34 239
34 313
35 44
35 59
35 74
35 77
35 79
35 102
35 109
35 110
35 121
35 122
35 123
35 127
35 146
35 179
35 183
35 195
35 225
35 237
35 253
35 304
36 53
36 54
36 61
36 128
36 162
36 169
36 183
36 196
36 219
36 235
36 239
36 292
36 296
36 314
37 49
37 91
37 117
37 135
37 155
37 160
37 161
37 168
38 75
38 128
38 187
39 116
39 189
39 228
39 266
40 54
40 77
40 86
40 143
40 160
40 163
40 174
40 202
40 222
40 235
40 268
40 282
41 82
41 99
41 100
41 121
41 125
41 128
41 129
41 228
41 232
41 283
41 304
42 105
42 218
42 234
42 314
43 59
43 77
43 81
43 139
43 176
44 168
44 235
44 243
45 148
45 233
46 123
46 129
46 233
46 259
47 183
47 185
47 226
48 59
49 102
49 122
49 217
50 232
50 285
50 299
51 69
51 145
51 159
51 219
51 234
51 240
51 252
51 268
51 286
52 104
52 158
52 186
52 261
52 264
52 276
53 156
53 268
53 275
53 311
54 90
54 99
54 223
54 265
55 164
55 178
55 288
55 302
55 304
56 110
56 127
56 128
56 139
56 207
56 293
57 77
57 115
57 156
57 189
57 219
57 249
59 110
59 122
59 153
59 193
59 195
59 241
59 246
59 267
59 275
60 135
60 259
61 126
61 129
61 134
61 140
61 193
61 232
62 91
62 92
62 122
62 123
62 180
62 235
62 302
63 78
64 85
64 115
64 131
64 229
65 233
66 182
66 204
66 261
66 280
66 309
67 83
67 84
67 120
67 125
67 128
67 220
67 286
68 134
68 221
69 124
69 228
70 128
70 233
70 246
70 285
71 123
71 160
71 180
72 80
72 109
72 111
72 123
72 127
72 129
72 226
72 235
72 239
73 95
73 114
73 159
73 160
73 197
73 218
73 271
74 102
74 219
74 285
75 107
75 124
75 219
75 269
76 85
76 90
76 99
76 124
76 126
76 127
76 129
76 140
76 155
76 165
76 185
76 195
76 208
76 222
76 232
76 264
76 268
76 279
76 303
76 305
77 87
77 96
77 99
77 110
77 117
77 124
77 128
77 136
77 138
77 140
77 154
77 182
77 183
77 192
77 203
77 216
77 226
77 236
77 240
77 247
77 266
77 314
78 130
78 154
79 117
79 250
80 195
80 204
81 100
81 119
81 126
81 168
81 187
81 233
81 241
81 292
82 246
82 309
83 104
83 129
83 144
83 247
83 309
84 88
84 122
84 125
84 315
85 90
85 126
85 128
85 138
85 173
85 180
85 181
85 198
85 223
85 250
86 110
86 163
86 279
88 90
88 124
88 216
88 227
88 298
89 97
89 189
89 255
90 99
90 106
90 127
90 129
90 217
90 271
90 309
91 176
93 145
93 230
95 98
95 123
95 134
95 165
95 225
95 226
95 235
95 315
96 128
96 146
96 178
96 271
96 292
96 307
97 215
97 237
97 241
97 315
98 108
98 123
98 139
98 198
98 210
98 223
98 232
99 122
99 126
99 140
99 185
99 189
99 192
99 199
99 201
99 203
99 205
99 215
99 226
99 235
99 241
99 252
99 268
100 112
100 118
100 121
100 123
100 126
100 128
100 134
100 155
100 159
100 171
100 174
100 183
100 203
100 204
100 225
100 266
100 287
100 299
100 309
100 311
101 123
103 120
103 124
103 130
103 143
103 147
103 163
103 235
103 266
104 158
104 165
104 199
105 121
105 123
105 151
105 169
105 170
105 286
105 297
106 113
106 124
106 163
106 198
106 228
106 234
107 123
107 126
107 256
108 127
108 226
109 214
110 127
110 131
110 165
110 195
110 204
110 206
110 222
110 232
111 126
111 181
111 201
111 233
111 235
112 158
112 196
112 219
113 126
113 248
113 253
114 123
114 139
115 238
115 267
117 125
117 166
117 257
117 265
117 275
117 309
118 123
118 129
119 121
119 124
119 151
119 161
120 123
120 130
120 178
120 183
120 233
121 124
121 125
121 128
121 138
121 143
121 144
121 173
121 195
121 201
121 202
121 233
121 280
121 288
121 292
122 128
122 129
122 134
122 137
122 152
122 165
122 167
122 181
122 183
122 196
122 201
122 206
122 216
122 223
122 260
122 266
122 278
122 309
123 127
123 131
123 140
123 147
123 157
123 158
123 182
123 191
123 192
123 203
123 209
123 210
123 218
123 234
123 246
123 250
123 265
123 270
123 309
124 125
124 128
124 129
124 132
124 133
124 142
124 161
124 173
124 178
124 200
124 201
124 216
124 218
124 223
124 226
124 227
124 232
124 241
124 251
124 263
124 274
124 278
125 127
125 132
125 158
125 163
125 165
125 175
125 196
125 201
125 215
125 220
125 229
125 232
125 233
125 235
125 309
125 311
126 154
126 159
126 182
126 204
126 212
126 215
126 217
126 227
126 233
126 248
126 249
126 252
126 261
126 264
126 283
126 288
126 315
127 131
127 139
127 158
127 183
127 192
127 206
127 211
127 218
127 219
127 243
127 247
127 251
127 266
127 279
127 286
127 304
127 311
127 312
128 139
128 163
128 167
128 199
128 214
128 215
128 235
128 238
128 272
128 273
128 279
128 283
128 290
128 291
128 296
128 315
129 163
129 165
129 180
129 182
129 183
129 201
129 204
129 207
129 234
129 264
129 266
129 313
130 191
130 197
130 203
130 217
130 261
130 279
131 164
131 192
131 235
132 159
132 160
133 233
133 280
134 180
134 209
134 234
134 267
134 279
135 273
135 309
137 182
137 192
137 263
138 223
139 147
139 157
139 160
139 177
139 245
139 267
139 276
139 279
139 283
139 301
139 314
140 143
140 147
140 151
140 160
140 176
140 190
140 201
140 234
140 235
140 279
140 309
141 262
142 171
142 263
142 285
143 231
143 232
143 233
143 237
143 283
143 284
144 165
144 186
144 216
144 304
146 234
147 151
147 168
147 176
147 201
147 241
148 262
150 157
150 260
151 216
151 238
151 315
153 241
154 155
154 221
154 246
154 248
154 262
155 181
155 189
155 271
157 219
157 232
157 234
158 186
158 196
158 232
158 309
159 180
159 195
159 235
160 165
160 168
160 174
160 178
160 183
160 195
160 218
160 223
160 239
160 266
160 286
162 232
162 252
163 179
163 201
163 203
163 232
163 236
163 312
163 313
164 223
165 182
165 219
165 259
166 168
166 315
167 201
167 215
168 197
168 259
168 265
168 288
168 289
168 313
169 208
169 235
169 250
169 261
169 265
169 283
169 286
170 210
170 233
170 244
170 273
172 206
172 233
172 241
173 232
173 292
174 240
174 280
174 292
175 216
176 195
176 229
176 233
176 292
177 234
177 261
178 180
179 218
179 219
179 240
179 280
179 290
180 188
180 233
180 264
180 267
181 188
182 188
182 209
182 256
183 233
183 235
184 192
185 217
185 237
185 307
186 189
186 233
186 276
186 309
187 201
187 235
188 232
188 258
189 220
189 254
189 267
190 232
191 220
192 201
192 237
192 304
193 199
193 234
193 266
194 218
195 252
195 266
196 238
196 267
196 277
197 204
197 231
197 252
197 286
198 219
198 280
200 220
200 235
201 204
201 226
201 227
201 253
201 290
202 223
202 309
203 297
204 218
204 234
204 291
204 297
205 236
205 312
206 250
206 279
206 288
207 225
207 232
207 300
208 267
210 267
211 285
212 278
213 244
213 274
214 252
214 276
215 234
215 246
215 259
215 288
217 226
217 233
217 237
217 286
218 228
218 233
218 234
218 267
218 276
219 309
221 246
221 266
221 309
222 233
222 266
223 232
225 235
226 227
226 259
226 263
226 278
227 304
228 263
228 277
228 291
229 308
231 233
232 267
232 268
232 285
232 291
232 309
233 234
233 311
234 251
234 252
234 285
234 296
234 308
235 257
235 266
235 273
235 279
236 273
236 275
236 308
238 266
238 279
245 288
246 258
247 279
247 291
249 299
252 264
253 257
255 263
257 275
260 297
260 309
261 264
264 266
266 298
267 277
267 280
272 309
273 288
274 283
282 296
292 298
293 309
296 309
307 313
