0 153
0 282
0 283
1 99
1 224
1 241
1 255
1 269
2 36
2 57
2 76
2 110
2 111
2 128
2 161
2 202
2 226
2 267
3 17
3 36
3 139
3 214
3 223
3 309
4 7
4 42
4 70
4 77
4 121
4 123
4 125
4 135
4 160
4 168
4 206
4 233
4 246
4 257
4 276
4 304
5 7
5 8
5 29
5 58
5 107
5 120
5 122
5 124
5 135
5 186
5 204
5 224
5 226
5 235
5 246
5 283
5 311
6 21
6 25
6 130
6 131
6 134
6 204
6 302
7 9
7 22
7 38
7 40
7 76
7 81
7 82
7 96
7 123
7 124
7 126
7 127
7 136
7 147
7 161
7 218
7 232
7 270
7 292
7 298
8 38
8 54
8 77
8 203
8 233
9 62
9 122
10 28
10 90
10 102
10 111
10 130
10 219
10 315
11 106
11 117
11 239
12 41
12 53
12 117
12 204
12 246
13 42
13 59
13 97
13 100
13 123
13 160
13 163
13 303
14 23
14 32
14 93
14 120
14 121
14 222
14 234
15 51
15 75
15 82
15 85
15 97
16 134
16 158
16 160
16 174
16 215
17 21
17 25
17 123
17 151
17 179
17 202
17 226
17 240
17 247
18 64
18 99
18 125
18 157
18 177
18 195
19 164
20 51
20 75
20 90
20 99
20 126
20 128
20 176
20 177
20 228
20 232
20 246
20 252
21 27
21 90
21 128
21 207
21 215
21 223
22 73
22 126
22 148
22 183
22 240
22 278
22 304
23 73
23 83
23 148
23 279
24 59
24 123
24 128
24 203
24 219
24 236
25 40
25 75
25 122
26 66
26 98
26 124
26 225
26 293
27 34
27 47
27 80
27 85
27 124
28 41
28 55
28 73
28 139
28 234
28 236
28 308
29 35
29 59
29 83
29 88
29 127
29 128
29 134
29 173
29 233
29 276
29 279
30 76
30 113
30 219
31 38
31 108
31 233
31 267
32 42
32 200
32 286
33 74
33 111
33 128
33 266
34 40
34 55
34 56
34 209
34 219
34 232
34 234
34 260
34 261
34 299
35 93
35 99
35 114
35 121
35 122
35 126
35 147
35 176
35 182
35 195
35 204
35 212
35 233
35 262
35 279
35 296
36 37
36 61
36 111
36 113
36 122
36 124
36 134
36 152
36 176
36 185
36 197
36 201
36 206
36 233
36 254
36 259
36 309
37 55
37 57
37 122
37 165
39 54
39 55
39 111
39 141
39 154
39 235
40 90
40 99
40 113
40 136
40 151
40 168
40 169
40 192
40 201
40 214
40 228
40 235
40 257
40 262
41 77
41 117
41 126
41 128
41 226
41 232
41 235
42 79
42 80
42 100
43 76
43 117
43 160
43 241
44 90
44 99
44 100
44 107
44 123
44 127
44 201
44 251
44 264
45 240
46 68
46 83
46 156
46 247
47 127
48 282
49 98
49 126
49 192
49 233
49 250
50 129
50 163
51 75
51 76
51 96
51 117
51 122
51 123
51 188
51 224
51 232
51 303
51 311
52 53
52 59
52 62
52 121
52 232
52 274
52 275
52 304
53 240
54 73
54 129
54 160
54 211
54 259
55 125
55 203
55 242
55 255
55 298
56 60
56 126
56 159
56 172
57 93
57 168
57 210
57 226
57 274
57 291
58 122
58 179
58 183
58 302
59 79
59 81
59 86
59 98
59 117
59 126
59 233
59 277
59 279
60 70
60 99
60 100
61 129
61 135
61 242
61 308
62 124
62 135
62 170
62 235
62 263
62 279
63 279
64 155
65 113
65 173
65 268
65 293
65 302
66 77
66 82
66 89
66 127
66 174
66 219
66 227
66 277
66 302
66 315
67 122
67 168
67 195
67 200
67 219
68 93
68 123
68 232
68 257
68 297
68 301
69 165
69 210
69 244
70 184
70 217
70 229
70 230
71 136
71 236
72 82
72 117
72 123
72 222
72 235
72 236
72 271
72 283
73 86
73 133
73 141
73 161
73 182
73 228
73 241
73 267
73 296
73 298
74 162
74 300
74 309
75 99
75 105
75 119
75 121
75 123
75 127
75 173
75 180
75 212
76 79
76 80
76 95
76 126
76 128
76 133
76 144
76 151
76 164
76 170
76 175
76 183
76 247
76 259
76 263
76 267
76 299
76 309
77 98
77 111
77 115
77 129
77 151
77 162
77 163
77 182
77 183
77 210
77 222
79 81
79 247
79 251
80 112
80 155
80 161
80 245
80 288
81 84
81 100
81 204
81 210
81 260
81 309
82 124
82 127
82 209
82 214
83 93
83 226
83 273
84 109
84 235
84 266
84 299
85 121
85 123
85 125
85 174
85 183
85 204
85 210
85 220
85 261
85 279
85 313
86 163
86 173
86 226
86 304
86 314
87 124
87 160
87 193
87 232
88 107
88 121
88 312
89 91
89 95
89 99
89 121
89 127
89 173
89 200
89 202
89 241
89 246
89 286
90 123
90 127
90 130
90 143
90 167
90 168
90 188
90 207
90 209
90 228
90 232
90 304
91 280
91 296
92 144
92 226
93 126
93 176
93 217
93 268
95 100
95 104
95 121
95 125
95 129
95 161
95 196
95 218
95 241
95 245
96 123
96 232
97 121
97 154
97 202
97 219
98 120
98 125
98 135
98 162
98 167
98 178
98 291
99 105
99 106
99 123
99 128
99 129
99 157
99 206
99 226
99 236
99 241
99 253
99 261
99 265
99 269
100 104
100 117
100 126
100 130
100 133
100 164
100 167
100 174
100 176
100 206
100 228
100 257
100 312
101 201
102 124
102 183
103 201
104 123
104 217
104 253
105 107
105 110
105 122
105 123
105 162
105 166
105 261
105 267
106 120
106 128
106 179
106 195
106 233
106 264
107 130
107 234
107 246
108 193
109 241
109 253
109 268
110 121
110 123
110 127
110 180
110 195
110 204
110 232
110 297
110 310
111 132
111 134
111 180
111 199
111 232
111 234
111 235
112 126
112 141
112 158
112 203
112 232
112 233
112 236
112 278
112 295
113 128
113 232
114 204
114 305
115 128
115 234
115 241
115 243
116 122
116 127
116 185
116 202
117 128
117 130
117 200
117 207
117 226
117 235
117 252
117 283
118 140
118 227
118 233
120 121
120 123
120 240
121 122
121 127
121 146
121 165
121 194
121 201
121 204
121 232
121 272
121 279
121 295
122 123
122 124
122 125
122 137
122 159
122 160
122 168
122 174
122 177
122 181
122 193
122 199
122 210
122 217
122 218
122 233
122 234
122 236
122 241
122 246
122 266
122 267
122 281
123 128
123 133
123 144
123 153
123 155
123 160
123 162
123 166
123 180
123 187
123 193
123 208
123 212
123 215
123 234
123 236
123 238
123 255
123 267
123 282
123 311
124 129
124 134
124 159
124 160
124 168
124 183
124 195
124 204
124 225
124 234
124 272
124 279
124 282
124 292
124 309
124 312
124 313
125 126
125 130
125 135
125 141
125 165
125 176
125 191
125 204
125 212
125 219
125 226
125 228
125 232
125 245
125 255
125 290
126 128
126 135
126 158
126 160
126 185
126 204
126 217
126 223
126 260
126 271
126 309
127 150
127 165
127 168
127 181
127 193
127 197
127 202
127 204
127 208
127 224
127 232
127 244
127 253
127 255
127 267
127 279
127 286
128 137
128 139
128 147
128 176
128 243
128 258
128 259
128 267
128 304
129 133
129 141
129 167
129 168
129 173
129 174
129 189
129 200
129 214
129 232
129 233
129 234
129 235
129 265
129 268
131 223
131 227
131 313
132 235
133 143
133 160
133 238
133 279
134 143
134 149
134 195
134 206
134 232
134 235
134 241
134 247
134 252
134 299
135 136
135 143
135 166
135 252
135 293
137 145
137 172
137 199
137 267
137 311
138 199
138 309
139 140
139 148
139 155
139 193
139 223
139 241
139 250
139 265
140 208
140 233
140 267
140 273
141 149
141 271
142 165
142 241
143 163
143 164
143 183
143 235
144 177
144 217
144 248
145 157
145 185
145 282
145 283
146 304
147 180
147 269
148 200
148 247
149 155
149 195
150 233
150 310
151 232
151 299
152 163
152 203
152 217
152 219
152 259
152 264
153 161
153 180
153 204
153 233
154 159
154 207
154 222
154 255
155 160
155 174
155 183
156 277
157 160
157 197
158 183
158 198
158 200
158 262
158 264
160 183
160 192
160 193
160 202
160 219
160 304
161 214
161 235
162 210
162 234
162 264
162 268
162 304
163 204
163 206
163 288
164 279
165 199
165 226
165 235
165 253
165 279
165 302
166 302
168 174
168 196
168 261
169 195
169 203
169 275
170 246
170 264
171 199
171 226
172 250
172 260
173 206
173 235
173 256
173 258
174 218
174 235
178 258
180 226
180 253
180 292
180 296
180 314
181 201
181 232
181 252
181 264
182 189
182 237
182 280
183 244
183 291
183 296
184 314
185 248
185 312
187 259
188 197
188 228
188 232
188 247
188 280
189 292
190 246
191 257
192 204
192 251
193 202
193 290
194 245
195 204
195 215
195 291
195 313
196 235
197 234
197 257
198 235
198 309
199 218
200 204
200 232
200 235
201 218
201 304
202 221
202 235
202 237
202 240
202 250
202 283
202 299
203 233
204 230
204 233
204 234
204 242
204 267
205 247
207 223
208 231
208 233
208 273
209 232
209 294
210 283
212 214
212 234
212 256
212 264
212 288
215 249
215 304
215 310
216 232
216 233
216 246
217 245
217 309
218 232
218 239
218 264
218 275
218 315
220 238
220 299
221 266
221 309
222 234
222 266
223 255
223 276
223 294
223 296
223 298
223 313
223 314
224 228
225 245
226 233
226 247
226 250
226 266
226 271
226 279
226 309
228 232
228 233
228 238
228 280
228 286
231 263
232 236
232 242
232 246
232 259
232 279
232 304
232 309
233 278
234 252
234 253
234 279
234 305
234 309
234 314
235 241
236 247
236 291
237 268
237 271
239 279
240 253
240 279
241 267
242 305
245 274
245 280
246 288
247 286
250 264
252 277
253 292
253 301
259 264
261 304
261 312
264 265
264 308
266 267
266 271
266 287
268 280
271 287
271 298
277 299
279 284
279 305
280 298
288 304
288 309
294 304
304 306
305 309
