0 218
0 223
1 7
1 185
1 297
2 7
2 44
2 124
2 125
2 140
2 159
2 262
2 315
3 26
3 29
3 33
3 83
3 120
3 141
3 195
3 230
4 42
4 77
4 85
4 216
4 218
4 255
4 309
4 313
5 8
5 14
5 41
5 45
5 48
5 51
5 59
5 89
5 113
5 127
5 128
5 131
5 192
5 213
5 216
5 235
6 25
6 40
6 53
6 83
6 112
6 121
6 136
6 183
6 221
6 303
7 28
7 56
7 74
7 85
7 90
7 93
7 121
7 126
7 129
7 135
7 172
7 176
7 225
7 233
7 243
7 278
8 115
8 141
9 40
9 76
9 92
9 121
9 151
9 233
10 54
10 76
10 111
10 135
10 246
10 278
11 83
12 16
12 27
12 33
12 89
12 130
12 250
12 299
13 127
13 128
13 129
13 168
13 184
13 204
13 261
14 41
14 55
14 208
15 33
15 40
15 41
15 121
15 132
15 208
15 218
15 307
16 36
16 121
16 125
16 130
16 153
16 154
16 185
16 235
16 295
17 18
17 77
17 126
17 132
17 212
17 223
17 262
17 266
18 26
18 40
18 43
18 56
18 91
18 157
18 234
18 265
19 123
19 279
20 80
20 82
20 102
20 116
20 204
20 226
20 266
20 298
21 142
21 203
22 32
22 65
22 77
22 178
22 233
22 237
23 76
23 99
23 122
23 126
23 139
23 144
23 185
23 202
23 234
23 304
24 29
24 163
24 169
24 236
25 91
25 100
25 112
26 98
26 99
26 224
26 234
27 114
27 144
27 241
27 256
28 98
28 188
28 226
28 235
28 304
29 39
29 82
29 110
29 234
29 261
29 298
30 56
30 86
30 237
31 34
31 49
31 126
31 155
31 188
31 229
32 80
32 86
32 156
32 217
32 233
32 261
33 158
33 235
33 263
34 125
34 131
34 162
34 168
34 312
35 85
35 122
35 124
35 128
35 153
35 155
35 159
35 189
35 195
35 211
35 216
35 219
35 235
35 252
35 253
35 264
35 309
36 85
36 117
36 122
36 127
36 130
36 139
36 144
36 188
36 203
36 226
36 227
36 309
37 124
37 151
37 204
37 264
37 285
38 54
38 59
38 181
38 233
38 266
39 100
39 134
39 183
39 218
40 65
40 77
40 106
40 112
40 121
40 141
40 173
40 189
40 204
40 235
40 236
40 271
40 274
40 288
41 46
41 51
41 86
41 124
41 129
41 168
41 223
41 238
41 271
42 77
42 166
42 188
42 206
42 234
42 240
42 269
43 86
43 233
44 123
44 199
44 236
45 122
45 241
45 249
45 266
45 282
46 135
46 166
46 233
46 288
47 228
47 292
48 123
48 125
49 67
49 125
49 168
49 173
50 125
51 60
51 100
51 124
51 125
51 201
51 219
51 239
51 271
52 67
52 100
52 112
52 116
52 125
52 129
52 155
52 197
52 207
52 220
52 241
53 131
53 187
54 85
54 128
54 204
54 233
55 77
55 94
55 99
55 103
55 128
55 185
55 192
55 219
56 66
56 126
56 128
56 179
56 185
56 225
56 274
56 302
56 305
57 93
57 107
57 120
58 104
58 187
59 76
59 90
59 154
59 162
59 180
59 189
59 266
59 279
59 292
60 128
60 131
60 285
61 109
61 120
61 126
61 127
61 128
61 161
61 194
61 204
61 237
61 278
62 85
62 121
62 124
62 125
62 127
62 182
62 189
62 220
62 232
62 241
62 246
63 172
64 85
65 113
65 275
66 73
66 98
66 127
66 139
66 247
66 305
67 77
67 87
67 118
67 126
67 149
67 254
67 278
67 293
68 99
68 184
68 219
68 246
68 279
69 121
69 122
69 165
69 213
70 124
71 100
71 173
71 236
71 252
71 282
71 285
72 99
72 110
72 111
72 124
72 126
72 134
72 140
72 181
72 197
72 252
72 288
73 92
73 123
73 129
73 137
73 173
73 178
73 203
73 232
73 239
73 282
73 290
74 128
74 147
74 155
74 202
74 215
74 242
74 256
75 110
75 112
75 140
75 152
75 160
75 192
75 224
75 232
75 304
76 110
76 123
76 127
76 128
76 135
76 144
76 147
76 152
76 160
76 164
76 168
76 181
76 196
76 217
76 221
76 234
76 266
76 276
76 279
77 92
77 105
77 109
77 119
77 123
77 124
77 128
77 144
77 149
77 173
77 215
77 266
77 309
78 155
78 236
79 124
79 127
79 187
79 261
80 127
80 148
80 238
81 165
81 219
81 313
82 100
82 107
82 124
82 234
82 267
82 292
82 309
83 127
83 161
83 234
83 277
83 302
84 124
84 250
85 125
85 129
85 169
85 180
85 217
85 246
85 285
85 312
86 100
86 122
86 185
86 286
87 122
87 184
88 179
88 204
88 206
88 212
88 309
89 111
89 124
89 126
89 134
89 235
90 124
90 135
90 139
90 143
90 144
90 155
90 170
90 177
90 219
90 256
90 258
90 266
91 99
91 110
91 123
91 131
91 167
91 218
92 219
92 234
93 124
94 119
95 111
95 126
95 128
95 156
95 314
96 115
97 121
97 124
97 125
98 124
98 172
98 185
98 209
98 232
98 310
99 124
99 126
99 164
99 168
99 171
99 175
99 223
99 231
99 233
99 238
99 240
99 264
99 265
99 274
99 293
100 122
100 127
100 128
100 152
100 178
100 198
100 219
100 226
100 282
100 286
100 310
102 160
102 276
102 300
103 179
104 110
104 179
104 204
104 215
105 122
105 126
105 142
105 143
105 185
105 232
106 134
106 185
106 233
106 272
106 302
107 121
107 126
107 286
107 304
108 126
108 163
108 182
108 238
110 123
110 193
110 195
110 210
110 216
110 223
111 197
111 205
112 129
112 153
112 174
112 195
112 241
113 196
113 219
113 226
113 233
113 238
113 277
115 123
115 165
115 209
115 266
115 274
116 204
117 121
117 126
117 151
117 195
117 201
117 202
117 236
118 123
119 122
119 183
119 209
119 236
120 139
120 140
120 161
120 189
120 285
121 123
121 124
121 126
121 127
121 163
121 171
121 183
121 192
121 204
121 213
121 224
121 237
121 246
121 252
121 253
121 305
122 123
122 124
122 126
122 141
122 162
122 180
122 190
122 193
122 198
122 204
122 206
122 217
122 226
122 230
122 241
122 243
122 246
122 269
122 279
122 286
122 291
123 124
123 126
123 127
123 128
123 140
123 149
123 167
123 172
123 182
123 187
123 196
123 204
123 206
123 212
123 227
123 235
123 251
123 264
124 158
124 163
124 204
124 206
124 223
124 230
124 232
124 234
124 241
124 247
124 253
124 264
124 271
124 275
124 304
125 129
125 151
125 152
125 155
125 159
125 192
125 197
125 198
125 199
125 221
125 224
125 228
125 232
125 234
125 246
125 288
125 307
125 315
126 128
126 158
126 162
126 207
126 215
126 222
126 232
126 233
126 243
126 253
126 276
126 286
126 313
127 152
127 163
127 183
127 212
127 223
127 233
127 234
127 236
127 247
127 262
127 268
127 276
127 279
127 280
127 297
127 307
128 129
128 130
128 142
128 144
128 162
128 218
128 234
128 236
128 275
128 279
128 281
129 137
129 149
129 201
129 216
129 217
129 226
129 247
129 255
129 257
129 288
129 296
129 309
130 200
130 247
130 288
130 292
131 139
131 252
131 257
131 265
131 271
132 151
132 163
132 214
133 137
133 233
134 135
134 167
134 174
134 180
134 183
134 191
134 223
134 233
134 257
134 261
135 140
135 142
135 233
135 241
135 245
135 264
136 217
137 163
137 181
137 232
138 158
138 204
139 235
139 307
140 219
140 241
140 267
141 219
141 229
141 235
142 160
142 182
142 245
143 162
143 197
143 210
143 212
144 154
144 175
144 182
144 194
144 234
144 235
144 246
144 266
144 267
146 291
147 158
148 259
148 311
150 151
150 232
151 230
151 271
151 309
152 234
152 235
152 271
153 160
153 183
153 192
153 204
153 241
154 165
155 195
155 198
155 223
156 221
156 252
157 219
157 223
157 237
157 296
158 163
158 253
159 287
160 201
160 204
160 209
160 226
160 268
160 304
161 200
162 200
162 231
162 245
162 268
162 309
163 169
163 201
163 217
163 219
163 263
164 287
165 202
165 220
165 256
165 309
166 257
166 276
167 212
167 249
168 223
168 261
168 309
168 311
169 241
169 246
170 233
171 232
172 238
172 257
173 213
173 223
173 227
173 266
174 190
174 223
174 224
174 234
174 264
175 204
175 253
176 187
176 261
176 309
178 219
178 267
180 219
180 260
180 277
180 294
180 296
181 190
181 226
181 234
182 204
182 286
183 208
183 219
183 223
183 275
184 241
184 261
185 235
185 274
185 294
185 309
186 194
187 296
189 241
189 247
189 260
189 261
189 273
189 312
190 206
190 311
191 201
193 205
194 250
195 237
195 276
196 232
196 292
197 221
197 232
197 310
199 255
199 267
199 290
200 209
200 232
201 226
201 244
201 270
202 223
202 303
203 237
203 267
204 217
204 267
204 271
204 279
205 210
206 253
206 268
207 223
207 226
207 231
207 280
207 299
207 309
209 236
210 218
210 226
212 254
212 257
213 287
214 309
214 314
215 233
215 238
215 252
217 224
217 296
218 222
218 308
219 223
219 226
219 232
219 233
219 268
219 272
219 291
220 259
221 227
222 226
223 239
223 241
223 290
224 285
225 252
226 230
226 243
226 246
226 252
226 262
226 263
226 279
228 238
228 272
228 296
230 266
231 268
231 273
232 243
232 252
232 258
232 264
232 272
232 297
233 240
233 264
233 273
233 288
233 314
234 261
234 266
234 288
234 305
235 257
235 266
235 299
235 304
235 315
236 268
237 267
238 273
239 283
241 315
246 273
252 259
253 306
255 266
255 304
257 299
257 309
259 293
259 309
260 269
266 278
266 288
266 303
267 297
268 314
270 298
271 304
274 279
275 286
280 304
291 315
292 296
293 306
298 300
309 314
