0 15
0 70
0 251
0 288
0 309
1 39
1 84
1 171
1 233
2 139
2 161
2 171
2 173
2 233
2 257
2 292
2 306
3 40
3 124
3 138
3 160
3 215
3 250
3 267
3 272
3 304
4 12
4 40
4 92
4 127
4 180
4 191
4 199
4 228
4 254
5 13
5 27
5 39
5 61
5 77
5 103
5 115
5 122
5 128
5 165
5 171
5 204
5 235
5 264
5 265
5 271
5 278
5 283
5 299
6 51
6 105
6 106
6 123
6 126
6 127
6 169
6 172
6 216
6 226
6 232
6 257
6 264
7 17
7 31
7 39
7 61
7 68
7 76
7 90
7 122
7 123
7 164
7 173
7 174
7 208
7 209
7 234
7 279
7 280
8 34
8 124
8 140
8 233
8 261
8 309
10 39
10 97
10 100
10 123
10 243
10 270
11 104
11 232
11 266
11 273
12 80
12 203
12 229
12 241
12 264
13 118
13 135
13 149
13 154
13 178
13 194
13 252
13 298
14 143
14 206
14 214
14 234
14 247
14 263
14 286
15 31
15 34
15 35
15 126
15 186
15 234
15 240
15 291
15 309
16 53
16 103
16 106
16 122
16 126
16 159
16 171
16 233
16 267
17 26
17 35
17 68
17 99
17 105
17 123
17 134
17 163
17 184
17 208
17 217
17 238
17 241
17 260
18 62
18 80
18 201
18 304
19 53
19 185
20 69
20 160
20 174
20 203
20 235
20 309
21 99
21 113
21 183
21 219
22 122
22 128
22 168
22 173
22 226
23 29
23 57
23 100
23 107
23 134
23 153
23 187
23 233
23 234
23 288
24 35
24 124
24 127
24 128
24 149
24 215
25 121
25 124
25 136
25 140
25 142
27 126
27 127
27 140
27 154
27 200
28 29
28 52
28 128
28 164
28 180
28 218
28 225
28 259
28 266
28 288
29 37
29 38
29 55
29 57
29 89
29 123
29 125
29 126
29 216
29 264
29 273
30 75
30 77
30 99
30 124
30 154
31 75
31 90
31 97
31 164
31 234
32 72
32 141
32 219
32 283
32 299
32 302
33 263
33 264
33 315
34 49
34 126
34 127
34 143
34 286
35 86
35 89
35 91
35 99
35 110
35 126
35 134
35 135
35 136
35 137
35 160
35 189
35 202
35 262
35 263
35 274
36 83
36 99
36 100
36 121
36 123
36 170
36 192
36 197
36 264
36 283
37 79
37 80
37 187
37 226
37 232
37 241
37 272
37 309
38 137
38 221
39 42
39 107
39 126
39 129
39 147
39 162
39 178
39 197
39 263
39 280
39 300
40 50
40 99
40 113
40 126
40 134
40 156
40 164
40 173
40 225
40 233
40 235
40 274
41 70
41 107
41 126
41 263
41 264
41 292
42 56
42 77
42 83
42 86
42 90
42 125
42 274
42 279
42 285
43 92
43 125
43 158
43 197
44 62
44 70
44 99
44 124
44 195
44 204
44 235
44 252
45 84
45 313
46 137
47 76
47 126
47 283
48 238
49 52
49 85
49 93
49 111
49 121
49 123
49 224
50 125
50 140
50 219
51 55
51 110
51 180
51 233
51 237
51 304
52 124
52 145
52 162
52 188
52 201
52 207
52 309
53 100
53 122
53 140
53 162
53 198
53 266
54 122
54 124
54 125
54 175
54 226
54 278
54 279
54 286
54 308
55 66
55 93
55 125
55 158
55 179
55 180
55 195
55 246
55 261
56 90
56 99
56 208
56 231
56 232
56 264
56 268
56 309
57 110
57 121
57 174
57 267
57 279
58 102
58 111
58 242
58 300
59 72
59 74
59 95
59 98
59 115
59 123
59 165
59 264
59 293
59 304
59 308
60 127
60 225
61 138
61 140
61 153
61 231
61 232
62 121
62 123
62 127
62 267
63 216
63 246
64 168
65 127
65 141
66 118
66 158
66 180
66 187
66 189
66 223
67 72
67 85
67 99
67 123
67 169
67 215
68 74
68 132
68 221
68 261
69 133
69 159
69 282
70 200
71 134
71 165
71 188
71 197
72 120
72 127
72 158
72 169
72 233
73 89
73 125
73 192
73 234
73 237
73 304
74 124
74 209
74 283
75 85
75 103
75 121
75 124
75 129
75 204
75 233
75 235
75 244
75 291
75 314
76 84
76 85
76 88
76 99
76 122
76 123
76 125
76 175
76 182
76 183
76 199
76 206
76 221
76 226
76 227
76 232
76 234
76 266
76 313
77 92
77 106
77 123
77 146
77 168
77 180
77 205
77 226
77 241
77 252
77 271
78 90
78 219
78 279
79 271
80 115
80 123
80 186
80 304
81 89
81 142
81 144
81 145
81 151
81 160
81 181
81 195
81 220
81 311
82 106
82 125
82 138
82 237
83 90
84 95
84 96
84 201
85 99
85 128
85 139
85 151
85 204
85 241
85 266
86 121
86 232
86 233
86 271
87 110
87 128
87 233
89 121
89 128
89 234
89 248
89 271
90 125
90 129
90 168
90 171
90 189
90 205
90 220
90 222
91 122
91 127
91 134
91 288
91 299
92 170
92 259
92 286
92 309
93 123
93 127
93 226
93 232
93 268
95 181
95 183
95 187
95 191
96 127
96 206
96 311
97 124
97 168
97 180
97 243
97 279
98 115
98 122
98 123
98 204
98 238
98 257
99 102
99 117
99 121
99 126
99 135
99 139
99 141
99 149
99 155
99 169
99 187
99 195
99 197
99 225
99 232
99 234
99 264
99 279
99 282
100 121
100 122
100 124
100 146
100 169
100 176
100 187
100 189
100 204
100 219
100 233
100 236
100 288
100 303
101 273
102 209
102 257
102 271
102 288
103 156
103 189
103 209
103 210
103 266
104 137
104 140
105 106
105 125
105 167
105 266
106 126
106 129
106 139
106 187
106 200
106 204
107 120
107 219
108 201
108 219
108 240
109 134
109 198
110 121
110 122
110 129
110 195
110 287
110 315
111 124
111 183
111 201
111 314
112 127
112 156
112 220
112 293
112 304
113 125
113 221
113 242
114 127
115 120
115 181
115 224
116 129
116 165
116 189
116 302
116 304
117 129
117 221
117 309
117 312
118 195
118 215
119 181
119 192
119 206
119 232
120 155
120 266
121 123
121 126
121 129
121 155
121 156
121 162
121 168
121 169
121 170
121 189
121 193
121 219
121 223
121 233
121 246
121 250
121 254
121 309
122 124
122 126
122 131
122 155
122 168
122 192
122 204
122 207
122 214
122 218
122 219
122 226
122 251
122 259
122 261
122 266
122 267
122 276
122 279
122 282
122 288
122 304
123 125
123 127
123 134
123 138
123 152
123 154
123 163
123 165
123 180
123 181
123 195
123 204
123 226
123 232
123 234
123 238
123 247
123 255
123 271
123 315
124 125
124 127
124 129
124 139
124 152
124 159
124 177
124 182
124 195
124 212
124 226
124 234
124 241
124 243
124 245
124 261
124 264
124 266
124 271
124 279
124 297
124 301
125 126
125 174
125 186
125 201
125 202
125 226
125 233
125 236
125 279
126 141
126 143
126 144
126 150
126 152
126 158
126 202
126 221
126 246
126 255
126 272
126 298
126 308
127 130
127 133
127 141
127 155
127 174
127 175
127 219
127 228
127 229
127 233
127 255
127 259
127 279
127 297
127 302
128 138
128 142
128 143
128 157
128 159
128 162
128 183
128 184
128 194
128 202
128 206
128 210
128 228
128 239
128 243
128 253
128 268
128 273
128 293
128 294
129 134
129 153
129 160
129 165
129 196
129 201
129 202
129 204
129 206
129 226
129 238
129 263
129 280
129 302
129 304
129 307
129 309
129 315
130 212
130 266
130 282
130 285
131 138
131 146
131 156
131 233
131 309
132 294
133 287
133 312
134 141
134 189
134 195
134 233
134 246
134 259
134 271
135 182
135 195
135 209
135 266
135 304
135 309
139 140
139 218
139 226
139 233
140 145
140 246
140 286
141 180
141 195
141 204
141 246
142 160
142 199
142 260
142 266
142 269
144 204
144 260
144 282
145 217
145 233
146 189
146 269
147 156
149 183
149 249
149 271
150 267
151 163
151 187
151 232
151 233
151 235
151 293
151 312
152 160
152 240
153 217
153 230
153 259
153 309
154 233
154 234
154 238
154 304
155 161
155 182
155 184
155 215
155 235
155 282
155 288
155 299
155 313
156 216
156 275
157 183
157 246
157 309
158 208
158 220
158 235
158 236
158 267
158 278
159 218
159 228
159 266
160 184
160 186
160 202
160 209
160 251
160 299
160 310
161 256
162 207
162 220
162 240
162 304
163 165
163 226
165 182
165 201
166 202
166 232
166 239
166 273
167 186
168 232
168 245
168 265
169 200
169 237
169 263
169 279
170 175
170 271
171 188
172 264
172 306
173 195
173 233
173 273
173 279
174 216
174 246
174 304
175 199
175 261
176 226
177 178
177 195
177 206
177 267
177 314
179 229
180 234
180 264
181 202
181 225
181 289
182 266
183 259
183 291
185 187
185 314
185 315
186 242
187 189
187 274
189 204
189 215
189 223
189 271
189 302
191 232
191 274
192 215
193 226
193 293
193 310
194 233
195 257
195 278
195 279
195 309
196 234
197 217
197 243
197 257
197 277
198 232
198 252
199 313
200 264
201 227
202 208
202 228
202 307
204 226
204 234
204 262
204 279
204 280
206 216
206 255
206 260
206 270
206 292
206 309
207 216
207 241
209 235
212 220
213 237
214 314
215 216
217 220
217 235
217 282
219 224
219 251
219 264
219 300
220 232
220 259
221 230
221 234
221 252
222 232
222 233
223 233
223 244
223 246
223 259
223 288
224 279
225 227
225 305
226 271
227 246
227 253
227 265
227 275
228 235
228 243
228 246
228 280
229 315
231 232
231 257
232 234
232 241
232 279
232 280
232 309
232 313
233 267
233 282
233 308
234 239
234 259
234 272
234 286
234 294
235 239
235 252
235 257
235 277
235 291
235 309
236 268
236 280
237 247
237 283
237 284
238 246
238 271
238 275
239 287
241 293
246 250
247 304
249 258
250 267
252 280
253 267
253 285
253 304
253 309
254 277
257 264
264 278
264 304
266 278
266 299
269 286
269 300
271 301
273 280
273 305
274 314
275 286
278 302
279 304
279 309
280 309
283 294
291 309
292 309
299 304
304 309
304 313
304 314
