0 165
0 266
1 126
1 129
1 182
1 226
1 245
2 43
2 78
2 122
2 123
2 127
2 167
2 207
2 218
2 223
2 285
3 66
3 159
3 175
3 242
3 281
4 95
4 121
4 123
4 139
4 157
4 158
4 204
4 206
4 223
4 278
5 23
5 33
5 98
5 99
5 125
5 126
5 170
5 192
5 193
5 219
5 226
5 235
5 250
5 278
6 29
6 77
6 89
6 149
6 158
6 201
6 274
7 27
7 36
7 62
7 100
7 116
7 126
7 149
7 185
7 241
7 253
7 297
7 309
8 36
8 87
8 126
8 129
8 168
9 77
9 125
9 127
9 193
9 204
9 234
10 12
10 41
10 124
10 157
10 217
10 232
10 269
10 289
11 14
11 35
11 59
11 77
11 78
11 127
11 160
11 241
12 68
12 115
12 117
12 185
12 194
12 235
12 246
12 275
13 15
13 17
13 27
13 39
13 62
13 99
13 123
13 124
13 212
13 218
13 227
13 231
13 234
13 269
14 17
14 23
14 125
14 127
15 28
15 54
15 76
15 230
16 33
16 84
16 125
16 179
16 226
16 304
17 47
17 56
17 76
17 99
17 122
17 125
17 155
17 228
17 232
17 255
17 263
18 98
18 121
18 150
18 225
18 264
20 52
20 62
20 85
20 100
20 123
20 128
20 155
20 204
21 106
21 158
21 169
21 271
22 50
22 59
22 104
22 124
22 144
22 249
22 253
23 66
23 72
23 74
23 76
23 89
23 128
23 197
23 234
23 237
23 314
24 88
24 96
24 100
24 127
24 159
24 265
25 134
26 49
26 76
26 100
27 40
27 136
27 187
27 220
27 226
27 282
28 35
28 39
28 88
28 107
28 250
28 262
28 280
28 283
29 122
29 232
29 264
29 266
29 280
30 132
30 160
31 138
31 143
31 182
31 235
32 56
32 76
32 117
32 121
32 142
32 204
32 237
33 122
33 222
33 233
33 279
33 304
34 63
34 95
34 124
34 202
35 48
35 72
35 77
35 93
35 100
35 117
35 122
35 124
35 135
35 190
35 202
35 226
35 264
35 298
36 40
36 54
36 61
36 105
36 112
36 123
36 165
36 168
36 204
36 241
37 42
37 76
37 108
37 174
37 309
38 51
38 66
38 93
39 47
39 126
39 134
39 160
39 195
39 214
39 275
39 299
40 61
40 66
40 80
40 100
40 123
40 126
40 127
40 226
40 241
41 49
41 99
41 124
41 148
41 156
41 294
42 67
42 100
42 106
42 123
42 130
42 151
42 292
42 311
43 76
43 201
43 223
44 74
44 85
44 224
44 245
44 291
45 219
46 57
46 80
47 126
47 135
47 160
47 243
48 121
48 134
48 253
48 279
49 52
49 118
49 125
49 163
49 189
49 221
49 223
50 119
50 219
50 234
51 77
51 110
51 125
51 149
51 163
51 183
51 185
51 209
51 248
52 62
52 74
52 87
52 98
52 124
52 131
52 174
52 195
52 201
52 252
53 56
53 61
53 68
53 226
53 243
54 59
54 90
54 110
54 122
54 131
54 233
55 124
55 211
55 239
55 243
55 268
55 292
56 72
56 77
56 106
56 127
56 218
56 219
57 125
57 217
58 263
59 67
59 86
59 123
59 134
59 225
59 233
59 234
59 259
59 266
60 89
60 91
60 135
61 111
61 136
61 170
61 202
61 235
61 236
61 252
61 266
62 112
62 200
62 222
62 228
62 239
63 76
63 85
63 197
64 129
64 216
64 234
65 221
65 238
66 105
66 123
66 158
66 189
66 195
66 207
66 241
67 106
67 219
67 224
67 232
67 266
68 76
68 112
68 170
68 201
69 91
70 88
70 180
70 232
71 75
71 124
72 90
72 102
72 129
73 128
73 185
73 230
73 247
73 279
74 104
74 199
74 215
74 259
75 79
75 84
75 119
75 123
75 124
75 127
75 135
75 183
75 201
75 214
75 262
75 294
76 99
76 121
76 126
76 127
76 142
76 187
76 210
76 232
76 268
76 269
77 79
77 130
77 163
77 166
77 186
77 193
77 204
77 206
77 219
77 241
77 276
77 309
77 313
78 123
78 124
79 304
80 122
80 132
80 233
80 257
81 237
81 285
81 313
82 95
82 121
83 122
84 122
84 233
84 243
84 288
85 95
85 104
85 121
85 123
85 124
85 144
85 160
85 164
85 172
85 187
85 189
85 233
85 246
85 279
86 111
86 234
87 123
87 229
87 241
88 170
88 231
88 233
89 114
89 235
90 95
90 97
90 123
90 124
90 127
90 142
90 155
90 210
90 224
90 232
90 233
90 234
90 241
90 246
90 284
90 309
91 104
91 247
91 268
92 123
92 220
92 298
93 106
93 117
93 122
93 222
94 213
94 238
94 253
95 100
95 129
96 166
96 182
96 260
96 280
96 315
97 125
97 191
98 117
98 120
98 135
98 165
98 206
98 207
98 232
98 311
99 122
99 160
99 168
99 180
99 192
99 217
99 257
99 266
99 271
99 288
99 313
100 107
100 112
100 121
100 122
100 124
100 127
100 128
100 131
100 141
100 144
100 155
100 163
100 182
100 199
100 220
100 229
100 235
100 253
100 272
100 292
101 123
102 124
102 197
102 206
102 246
102 255
102 304
103 125
103 148
103 165
103 202
103 218
104 122
104 219
104 224
105 111
105 124
105 125
105 201
105 236
106 135
106 203
106 234
106 241
106 262
107 137
108 151
108 201
108 215
109 226
110 134
110 140
110 142
110 150
110 166
110 183
110 234
110 303
110 309
111 124
111 166
111 233
111 288
111 309
112 153
112 269
113 127
113 232
114 144
114 185
115 126
115 128
115 204
115 226
115 236
116 123
116 216
117 121
117 124
117 125
117 156
117 158
117 178
117 222
117 225
117 233
117 262
117 284
118 179
118 202
118 247
119 135
119 204
119 231
119 260
120 124
120 125
120 127
120 139
120 178
120 264
121 123
121 126
121 127
121 131
121 146
121 149
121 153
121 158
121 159
121 198
121 200
121 209
121 220
121 226
121 252
121 257
121 265
121 313
122 124
122 125
122 126
122 156
122 161
122 170
122 191
122 227
122 232
122 234
122 276
122 277
122 285
122 304
123 124
123 125
123 127
123 135
123 140
123 148
123 168
123 197
123 217
123 235
123 286
123 292
124 128
124 129
124 134
124 153
124 204
124 212
124 219
124 226
124 232
124 234
124 277
124 309
125 127
125 128
125 129
125 142
125 157
125 160
125 161
125 189
125 209
125 220
125 222
125 232
125 234
125 235
125 241
125 266
125 267
125 312
126 128
126 133
126 149
126 171
126 173
126 174
126 185
126 188
126 199
126 219
126 226
126 228
126 232
126 235
126 247
126 259
126 262
126 267
126 296
127 137
127 141
127 142
127 160
127 188
127 189
127 200
127 271
127 290
128 143
128 166
128 184
128 212
128 233
128 254
128 287
128 298
128 299
129 133
129 148
129 181
129 187
129 193
129 212
129 215
129 217
129 223
129 226
129 233
129 235
129 246
129 255
129 278
130 288
131 134
131 147
131 201
131 233
131 311
132 134
132 164
132 174
132 234
132 283
132 292
133 158
133 208
134 160
134 204
134 245
134 264
134 279
134 288
134 313
135 233
135 252
135 257
138 162
139 183
139 226
139 228
139 232
139 258
140 176
140 288
141 159
141 160
142 193
142 286
142 313
143 208
144 167
144 169
144 233
144 272
145 266
147 283
147 288
148 152
148 196
148 233
149 176
149 217
151 227
151 306
152 247
152 251
154 214
154 223
154 269
155 157
155 232
155 235
157 173
157 195
158 215
158 228
158 234
158 252
158 278
158 279
158 305
159 236
160 164
160 201
160 217
160 267
161 279
161 280
162 189
162 234
163 195
163 226
163 232
163 235
164 296
165 180
166 178
166 228
166 304
166 309
167 215
167 232
167 309
167 314
168 176
168 217
168 220
168 232
169 173
169 223
169 248
169 267
169 309
170 309
172 215
172 278
173 238
173 265
174 188
174 203
174 212
174 267
174 299
175 232
175 264
176 180
176 232
176 309
178 267
178 268
179 228
179 243
179 247
179 271
180 201
180 234
180 274
180 309
181 182
181 217
181 237
181 239
181 249
182 235
183 286
184 202
184 232
185 233
185 262
185 309
186 219
187 189
187 233
187 239
187 304
187 314
189 251
189 270
189 276
189 279
190 260
190 264
191 207
191 235
191 258
192 232
195 218
197 232
197 292
198 266
199 210
200 234
200 237
200 279
201 203
201 204
201 215
201 233
201 245
201 279
202 208
202 215
202 224
202 232
202 249
202 271
203 226
203 233
203 238
203 244
203 267
203 279
203 285
204 219
204 233
204 241
204 242
204 259
204 266
204 314
206 209
206 229
206 235
206 276
206 286
206 298
207 235
207 236
207 255
208 226
208 285
209 304
210 235
210 237
210 239
210 240
212 215
212 226
212 232
212 266
212 267
212 293
214 217
214 235
215 226
215 234
215 238
215 253
215 271
216 296
217 223
217 224
217 239
217 255
217 258
218 234
219 226
219 241
219 266
220 232
220 299
221 241
221 304
222 235
222 286
223 276
224 250
226 247
226 265
226 271
226 288
226 308
226 309
228 241
230 241
230 292
230 299
231 256
231 307
232 235
232 237
232 238
232 266
232 288
232 293
233 279
233 282
233 283
233 286
233 309
234 235
234 237
234 266
234 272
234 306
235 238
235 243
235 268
235 274
235 276
235 293
235 309
236 266
237 309
238 253
238 297
239 255
240 299
240 302
241 292
243 292
243 308
244 297
247 313
249 268
250 257
252 264
257 259
259 268
259 308
261 263
263 267
264 275
264 287
265 279
265 304
266 283
267 271
268 279
268 302
269 304
277 297
279 313
288 292
288 314
