0 19
0 75
0 266
1 42
1 57
1 207
1 247
1 252
1 285
2 6
2 81
2 121
2 129
2 250
2 255
2 264
3 10
3 22
3 84
3 87
3 137
3 206
3 309
4 77
4 105
4 122
4 178
4 193
4 279
4 285
5 16
5 18
5 29
5 35
5 85
5 100
5 115
5 117
5 121
5 122
5 124
5 125
5 129
5 130
5 169
5 179
5 201
5 204
5 218
5 225
5 233
5 243
5 314
6 42
6 106
6 122
6 128
6 195
6 266
7 61
7 99
7 111
7 121
7 124
7 129
7 174
7 180
7 234
7 243
7 244
7 264
7 267
7 294
7 304
8 39
8 125
9 78
9 128
9 160
9 168
9 276
10 32
10 49
10 140
10 176
10 209
10 217
10 232
10 238
11 100
11 128
11 159
11 221
11 286
12 121
12 162
12 187
12 191
12 233
12 267
12 307
12 309
13 30
13 123
13 124
13 128
13 169
13 282
13 288
14 158
14 228
14 237
15 40
15 74
15 125
15 142
15 188
15 236
15 241
15 247
16 88
16 117
16 126
16 223
16 232
17 122
17 169
17 185
17 223
17 231
17 271
17 300
17 313
18 33
18 44
18 62
18 143
18 160
18 177
18 215
18 258
18 308
19 102
19 137
19 193
19 258
20 115
20 121
20 140
20 199
20 214
20 313
21 77
21 92
21 147
21 163
21 181
21 201
21 225
21 241
22 33
22 121
22 275
23 122
23 266
24 129
24 234
24 285
25 59
25 124
25 126
26 123
26 232
26 268
27 91
27 92
27 124
27 309
28 29
28 47
28 64
28 90
28 121
28 135
28 158
28 189
28 197
28 298
29 56
29 73
29 90
29 126
29 149
29 179
29 222
29 245
29 261
29 312
31 163
31 279
31 308
32 50
32 62
32 90
32 110
32 121
32 123
32 129
32 149
32 206
32 223
32 234
32 266
32 280
33 117
33 203
34 58
34 121
34 122
34 221
34 233
34 247
34 308
35 48
35 76
35 82
35 84
35 93
35 109
35 121
35 155
35 159
35 160
35 166
35 183
35 234
35 288
35 289
36 107
36 113
36 129
36 131
36 144
36 155
36 160
36 199
36 200
36 219
36 280
36 304
37 122
37 143
37 168
37 200
37 234
37 292
37 309
38 77
38 128
38 222
38 234
39 85
39 127
39 202
39 210
40 52
40 84
40 85
40 108
40 122
40 128
40 131
40 135
40 160
40 219
40 257
40 267
40 268
40 280
41 42
41 59
41 127
41 155
41 175
41 223
41 264
41 309
41 313
42 49
42 97
42 125
42 128
42 143
42 174
42 188
42 266
43 76
43 108
43 126
43 139
43 274
44 45
44 100
44 113
44 121
44 125
44 165
45 76
46 127
46 128
46 155
46 223
46 314
47 140
48 98
48 122
48 167
49 50
49 182
49 212
49 302
50 193
50 240
50 266
50 312
51 77
51 90
51 104
51 134
51 167
51 195
51 204
51 220
51 247
51 261
51 273
52 91
52 162
52 171
52 214
52 235
52 241
52 266
53 186
54 122
54 125
54 192
54 210
54 222
54 239
55 85
55 110
55 129
55 226
56 84
56 140
57 121
57 222
57 226
57 238
57 250
57 259
58 180
59 89
59 113
59 155
59 177
59 195
59 204
59 222
59 232
59 240
60 108
61 70
61 75
61 179
61 218
61 226
61 235
61 267
62 100
62 129
62 151
62 168
62 192
62 197
62 309
64 71
64 130
65 124
65 215
65 223
66 105
66 124
66 159
67 86
67 112
67 125
67 144
67 178
67 249
67 250
67 297
68 124
68 235
69 93
69 99
69 122
69 309
70 201
70 232
70 233
71 125
72 135
72 158
72 195
72 206
72 212
72 309
73 75
73 125
73 160
73 201
73 214
73 216
73 243
73 266
73 276
73 297
74 123
74 172
74 204
74 232
74 286
75 201
75 210
75 233
75 234
75 263
75 264
75 290
75 309
76 84
76 110
76 124
76 140
76 151
76 156
76 165
76 202
76 207
76 208
76 214
76 255
76 259
76 260
76 267
76 311
77 80
77 89
77 90
77 97
77 102
77 121
77 122
77 151
77 174
77 204
77 212
77 218
77 253
77 267
77 285
78 83
78 92
78 121
78 273
79 88
79 104
79 116
79 144
79 233
80 111
80 130
80 188
80 309
81 85
81 99
81 135
81 174
81 232
81 241
81 247
81 273
81 290
81 292
81 308
82 309
83 144
83 226
83 243
83 274
83 288
84 137
84 145
84 182
84 231
85 95
85 117
85 202
85 257
85 279
86 125
86 126
86 264
86 312
87 106
87 137
87 174
87 252
88 273
89 177
89 197
89 239
90 93
90 110
90 119
90 121
90 122
90 127
90 129
90 134
90 149
90 179
90 181
90 187
90 190
90 194
90 204
90 235
90 247
90 264
90 276
90 281
91 204
92 230
92 257
92 266
93 122
93 146
93 222
93 232
93 235
93 282
94 99
94 122
95 119
95 124
95 125
95 187
95 189
96 239
97 204
97 221
97 263
98 106
98 152
98 208
98 229
98 241
98 309
99 113
99 116
99 121
99 124
99 126
99 128
99 188
99 201
99 204
99 207
99 233
99 271
99 309
100 124
100 144
100 152
100 185
100 203
100 206
100 228
100 234
100 271
100 288
100 307
101 127
101 264
102 192
102 257
103 110
103 144
103 179
103 264
104 168
104 204
104 209
104 282
104 291
105 125
105 126
105 128
105 240
105 245
105 279
105 286
105 288
106 121
106 123
106 128
106 143
106 168
106 206
106 215
106 308
107 125
107 135
108 125
108 279
109 309
110 127
110 129
110 204
110 210
110 263
110 264
111 123
111 204
111 250
112 128
112 168
112 180
112 187
112 193
112 238
112 279
113 134
113 160
114 140
114 264
114 266
115 123
115 129
115 168
115 187
117 123
117 125
117 144
117 154
117 183
117 235
117 247
117 250
117 285
118 126
119 202
120 128
120 227
120 253
120 304
121 122
121 124
121 125
121 129
121 157
121 163
121 195
121 228
121 232
121 243
121 258
121 286
122 124
122 126
122 135
122 162
122 165
122 169
122 171
122 185
122 220
122 234
122 236
122 241
122 252
122 253
122 255
122 259
122 276
122 301
123 124
123 125
123 126
123 129
123 134
123 140
123 141
123 178
123 180
123 202
123 206
123 219
123 224
123 229
123 233
123 251
123 261
123 289
124 125
124 127
124 128
124 139
124 156
124 169
124 180
124 202
124 208
124 223
124 226
124 227
124 233
124 239
124 250
124 266
125 144
125 171
125 174
125 176
125 185
125 204
125 219
125 226
125 235
125 245
125 246
125 276
125 302
126 129
126 130
126 132
126 139
126 161
126 162
126 180
126 206
126 231
126 235
126 241
126 251
126 265
126 283
126 298
126 300
127 161
127 200
127 207
127 210
127 219
127 220
127 221
127 233
127 246
127 250
127 267
127 277
127 279
127 280
127 304
128 129
128 163
128 170
128 195
128 216
128 233
128 234
128 236
128 241
128 257
128 259
128 264
128 271
128 285
128 312
129 134
129 135
129 149
129 151
129 180
129 213
129 225
129 243
130 132
130 139
130 216
130 217
130 284
130 315
131 206
131 217
131 232
133 147
133 203
134 158
134 172
134 222
134 230
134 233
134 235
134 243
134 246
134 265
134 288
134 291
134 304
135 160
135 195
135 221
135 280
135 302
135 308
136 147
137 195
138 162
138 203
138 255
138 311
139 160
139 235
139 241
140 238
140 282
141 181
141 215
141 226
143 203
143 204
144 195
144 202
144 234
144 266
144 304
147 204
147 232
147 237
147 305
148 269
149 223
149 234
149 236
149 293
150 292
151 201
151 205
151 210
151 226
151 247
152 180
152 218
152 238
152 255
152 279
152 292
153 197
153 221
154 234
154 267
155 165
155 267
156 221
156 266
156 304
157 239
158 187
158 215
158 226
158 247
159 259
160 164
160 233
160 236
160 263
160 266
160 312
161 273
162 165
162 193
162 216
162 259
163 177
163 218
163 241
164 173
164 202
165 180
166 168
166 189
166 196
166 275
166 276
167 169
168 184
168 211
168 251
168 259
169 250
172 204
172 238
173 213
173 244
174 197
174 207
174 232
174 236
174 251
174 273
174 304
176 232
176 296
177 301
178 215
179 240
179 266
180 234
180 282
181 201
181 217
181 238
182 212
182 226
183 195
183 216
183 233
184 235
185 196
185 234
185 255
186 279
186 280
186 307
187 228
187 258
187 264
187 314
188 197
188 277
189 192
189 200
189 203
189 212
189 241
189 267
189 280
190 292
191 235
192 218
192 299
192 304
193 218
193 219
193 267
193 309
194 204
194 219
194 255
195 232
195 276
195 309
196 261
197 202
197 208
197 220
197 271
198 245
198 257
200 204
200 220
200 275
201 218
201 228
201 266
201 301
202 204
202 215
202 222
202 280
202 285
202 309
203 206
203 270
204 206
204 222
204 238
204 246
204 299
204 309
205 225
205 266
206 246
206 302
207 228
207 279
207 309
208 302
209 230
210 226
210 266
210 304
212 236
212 308
213 217
214 233
215 233
216 217
216 246
216 260
217 219
217 223
217 234
217 304
218 233
218 235
219 235
220 299
221 224
221 228
221 233
221 262
223 229
223 235
223 276
223 293
223 299
225 243
226 227
226 238
226 241
226 276
226 297
227 276
228 246
228 278
228 304
231 241
231 261
231 264
232 260
232 299
233 245
233 264
233 265
233 277
234 235
234 237
234 286
234 292
234 299
235 236
235 304
236 240
236 243
236 279
236 302
240 264
241 304
243 271
247 254
247 274
250 296
252 266
253 277
253 304
257 261
257 266
257 273
257 279
259 271
259 288
260 315
264 292
264 309
266 267
267 286
269 271
269 280
275 276
278 282
279 297
279 309
279 311
280 292
283 285
283 304
288 293
293 302
304 312
