0 20
0 40
0 49
0 183
0 218
1 59
1 162
1 282
1 314
2 7
2 46
2 159
2 210
2 232
2 233
2 259
2 266
2 288
3 9
3 27
3 29
3 32
3 33
3 99
3 124
3 126
3 127
3 140
3 204
3 266
4 56
4 75
4 122
4 123
4 124
4 128
4 238
4 288
5 21
5 35
5 40
5 41
5 111
5 123
5 126
5 140
5 232
5 234
5 235
5 254
5 288
6 36
6 62
6 73
6 76
6 77
6 123
6 127
6 132
6 140
6 183
6 241
6 246
6 253
7 17
7 42
7 51
7 80
7 87
7 105
7 127
7 144
7 162
7 232
7 280
7 285
8 234
9 79
9 103
9 128
9 168
9 279
10 19
10 77
10 100
10 113
10 128
10 129
10 167
10 195
10 235
10 260
11 123
11 292
12 18
12 35
12 42
12 44
12 59
12 85
12 121
12 214
12 226
12 237
13 18
13 82
13 100
13 124
13 180
13 204
13 224
13 233
13 247
13 299
13 304
14 127
14 128
14 160
14 206
14 219
15 109
15 151
15 268
15 269
15 277
16 82
16 121
16 134
16 204
16 246
17 19
17 29
17 35
17 56
17 81
17 120
17 155
17 182
17 255
17 288
18 60
18 80
18 204
19 21
19 133
19 192
19 297
20 35
20 55
20 99
20 122
20 125
20 147
20 202
20 220
20 268
20 271
20 283
20 313
21 40
21 68
21 181
21 241
22 35
22 53
22 141
22 219
22 304
23 83
23 126
23 128
23 132
23 135
23 159
23 237
24 70
24 109
24 117
24 126
24 128
24 263
24 299
25 87
25 262
25 264
26 80
26 100
26 112
26 121
26 128
26 201
26 266
27 163
27 174
27 209
27 240
27 253
28 35
28 37
28 91
28 111
28 133
28 143
28 168
28 181
28 207
28 233
29 105
29 110
29 199
29 222
29 233
29 253
29 303
29 304
31 40
31 175
31 202
31 222
31 231
31 311
32 104
32 124
32 160
32 180
32 232
32 266
32 277
32 296
33 36
33 72
33 145
33 169
33 234
33 256
34 158
34 272
35 75
35 90
35 110
35 123
35 151
35 156
35 163
35 168
35 178
35 193
35 227
35 228
35 233
35 240
35 266
35 279
35 296
36 59
36 111
36 124
36 126
36 134
36 153
36 158
36 182
36 226
36 232
36 233
36 286
36 314
37 42
37 90
37 110
37 121
37 123
37 125
37 226
37 266
38 218
38 234
39 123
39 124
39 174
39 183
39 187
39 197
39 304
40 61
40 102
40 111
40 113
40 121
40 122
40 130
40 135
40 214
40 255
40 266
40 288
41 66
41 84
41 124
41 206
41 219
41 236
41 261
42 117
42 163
42 224
43 165
44 90
44 110
44 119
44 197
45 46
45 75
45 120
46 50
46 63
46 206
46 233
47 100
47 212
48 67
48 134
48 204
49 59
49 113
49 122
49 124
49 172
49 255
50 108
50 139
50 201
51 163
51 188
51 229
51 236
51 275
51 279
52 83
52 89
52 97
52 102
52 107
52 122
52 126
52 131
52 201
52 218
52 231
52 232
52 233
52 259
52 285
53 204
53 314
54 89
54 118
54 125
54 127
54 165
54 180
54 209
54 257
55 91
55 122
55 126
55 129
55 138
55 257
55 274
56 105
56 127
56 129
56 151
56 180
56 195
56 197
56 204
56 284
57 107
57 110
57 111
57 112
57 134
57 160
57 182
57 222
57 252
58 98
58 123
58 274
59 84
59 119
59 134
59 173
59 181
59 229
59 233
59 239
60 99
60 124
60 145
60 197
60 221
60 235
60 288
61 96
61 124
61 125
61 165
61 177
61 235
61 240
61 241
61 279
62 298
62 315
63 134
63 180
64 122
64 134
64 191
64 226
64 241
65 82
65 95
65 103
65 125
65 170
65 211
66 122
66 149
66 221
66 309
66 310
67 86
67 99
67 117
67 188
67 197
67 255
67 259
67 264
67 310
69 71
69 86
69 160
69 174
69 297
69 304
70 83
70 123
70 161
70 188
71 77
71 117
71 222
71 226
72 99
72 127
72 128
72 179
72 238
72 241
72 267
73 103
73 108
73 265
73 287
74 99
74 126
74 157
75 92
75 93
75 134
75 137
75 173
75 178
75 242
76 98
76 123
76 160
76 175
76 197
76 292
77 88
77 89
77 90
77 129
77 143
77 166
77 219
77 221
77 228
77 234
77 278
77 290
78 278
79 89
79 125
79 292
80 100
80 127
80 163
80 207
80 244
80 267
81 100
81 153
81 166
81 168
82 202
83 100
83 200
83 220
83 224
83 302
84 110
84 125
84 127
84 189
84 212
84 228
85 93
85 100
85 107
85 112
85 123
85 170
85 208
85 220
85 226
86 123
86 200
86 209
86 210
86 253
86 257
86 309
87 141
87 174
87 226
87 246
88 233
89 91
89 122
89 124
89 129
89 151
89 198
89 233
89 266
90 124
90 165
90 186
90 206
90 226
90 232
90 234
90 239
90 267
90 276
90 313
91 112
91 130
91 179
91 255
91 280
91 304
92 121
92 126
92 261
93 125
93 196
94 217
95 115
95 123
95 189
95 207
95 232
95 235
96 124
96 221
96 232
96 271
97 169
97 304
98 117
98 122
98 123
98 168
98 192
98 210
98 235
98 268
98 276
99 106
99 121
99 129
99 142
99 151
99 170
99 215
99 309
100 114
100 126
100 129
100 141
100 159
100 162
100 205
100 261
100 264
101 151
101 309
103 117
103 124
103 187
103 280
104 299
105 123
105 189
105 217
105 263
106 121
106 127
106 168
106 172
106 219
106 250
107 128
107 129
107 163
107 234
107 237
107 275
108 159
108 164
108 193
108 301
108 309
109 217
110 115
110 122
110 123
110 163
110 193
110 201
110 203
110 217
110 241
110 279
110 288
111 121
111 127
111 201
111 309
112 183
112 197
112 205
112 304
112 308
113 132
113 256
114 182
114 223
114 236
115 133
115 154
116 121
117 130
117 173
117 279
117 299
117 314
120 123
120 126
120 128
120 181
120 206
120 252
121 123
121 125
121 127
121 137
121 155
121 179
121 219
121 221
121 223
121 226
121 227
121 234
121 282
122 123
122 127
122 128
122 139
122 144
122 150
122 152
122 160
122 174
122 184
122 188
122 190
122 206
122 234
122 239
122 243
122 257
122 267
122 288
122 293
122 309
122 311
123 129
123 134
123 155
123 158
123 170
123 177
123 197
123 201
123 204
123 210
123 216
123 223
123 233
123 235
123 256
123 262
123 277
123 298
123 309
124 127
124 128
124 140
124 141
124 144
124 155
124 178
124 193
124 212
124 226
124 238
124 250
124 268
124 309
124 312
125 128
125 129
125 159
125 174
125 179
125 180
125 201
125 217
125 234
125 238
125 239
125 243
125 246
125 268
125 302
125 312
126 127
126 129
126 134
126 160
126 180
126 182
126 201
126 210
126 254
126 278
126 313
127 129
127 140
127 152
127 160
127 162
127 168
127 173
127 199
127 200
127 202
127 206
127 222
127 251
127 302
128 139
128 155
128 157
128 204
128 205
128 234
128 247
128 271
128 272
128 279
128 290
129 154
129 160
129 168
129 172
129 180
129 181
129 183
129 187
129 204
129 217
129 219
129 226
129 234
129 269
129 273
129 305
129 309
130 174
130 221
131 156
131 199
131 231
131 250
132 148
132 187
132 203
132 278
133 144
134 140
134 150
134 159
134 180
134 212
134 221
134 237
134 240
134 278
134 301
135 160
135 219
135 251
135 298
135 302
135 309
135 314
137 183
137 188
137 189
137 196
137 257
137 262
138 155
138 163
138 219
139 160
140 204
140 206
140 225
140 246
140 254
140 261
141 183
141 233
142 191
142 288
143 156
143 163
143 239
144 151
144 160
144 292
146 309
147 232
147 297
148 158
148 206
148 286
151 181
151 245
152 192
152 226
154 200
155 232
155 255
157 219
157 286
157 309
158 165
158 193
158 239
158 243
158 275
158 278
158 282
159 232
159 236
159 240
159 283
159 288
160 207
160 211
160 234
160 266
160 267
160 314
161 183
161 304
162 180
162 187
162 235
162 259
162 261
163 186
163 217
163 269
163 299
164 232
164 286
165 170
165 259
166 168
166 224
166 235
166 246
166 298
167 239
168 174
168 225
168 233
168 234
168 241
168 291
168 309
169 223
169 229
169 252
170 232
171 235
171 278
172 204
172 241
172 242
173 174
173 180
173 279
173 288
173 313
174 274
176 204
178 203
178 314
179 217
180 197
180 249
180 266
180 271
180 292
181 192
181 224
181 234
181 260
182 245
182 261
183 216
183 226
183 234
185 217
185 232
185 267
186 255
187 284
188 195
189 205
189 296
191 239
192 199
192 204
192 246
192 299
193 194
193 225
193 238
193 314
195 216
195 218
195 232
195 233
195 266
195 309
197 206
197 234
197 279
198 226
199 210
199 239
199 280
200 226
200 257
201 219
202 253
202 255
202 261
202 266
202 303
203 277
204 227
204 232
204 266
204 274
204 293
206 233
206 235
206 240
206 275
207 227
207 309
208 222
208 226
209 266
209 276
209 284
209 311
210 312
211 241
213 264
215 228
215 257
217 226
217 232
217 251
217 309
218 228
218 305
219 245
219 272
219 296
219 309
219 314
220 224
220 247
220 297
221 226
221 228
221 290
222 266
223 226
223 233
223 235
223 253
224 299
224 304
225 235
226 241
226 262
226 309
227 279
228 235
229 230
230 249
231 266
232 234
232 253
232 264
232 272
232 285
232 301
233 241
233 246
233 260
233 299
233 304
233 309
234 266
234 267
235 253
235 286
236 280
236 285
236 304
237 238
237 294
238 284
241 296
244 309
246 264
247 304
249 257
249 266
252 277
252 304
255 282
256 276
260 309
265 301
267 285
267 298
267 309
268 273
271 309
274 286
277 310
279 288
280 309
283 284
284 314
285 302
289 292
297 302
