0 99
0 129
0 184
1 67
1 99
1 105
1 108
2 16
2 52
2 53
2 90
2 126
2 137
2 139
2 166
2 188
2 214
3 6
3 32
3 47
3 117
4 10
4 12
4 28
4 35
4 39
4 94
4 100
4 121
4 279
4 292
5 26
5 51
5 80
5 86
5 117
5 128
5 151
5 221
5 227
5 232
5 236
5 243
5 255
5 288
5 299
6 10
6 27
6 46
6 93
6 100
6 128
6 292
7 13
7 73
7 85
7 129
7 134
7 189
7 218
7 222
7 252
8 309
9 13
9 29
10 32
10 35
10 56
10 122
10 125
10 129
10 158
10 180
10 195
10 226
10 233
10 286
10 291
11 176
11 204
11 309
12 40
12 53
12 60
12 204
12 225
12 226
13 84
13 123
13 125
13 178
13 180
13 219
13 226
13 233
13 235
13 286
14 112
14 162
14 170
14 204
14 224
15 35
15 162
15 177
15 314
16 24
16 34
16 85
16 127
16 170
16 174
16 190
16 223
17 100
17 115
17 121
17 122
17 123
17 177
17 189
17 233
17 282
17 311
18 52
18 104
18 127
18 129
18 139
18 237
18 252
18 253
19 109
19 121
19 122
20 75
20 76
20 123
20 127
20 276
20 311
21 23
21 123
21 124
21 125
21 176
21 212
21 254
22 35
22 100
22 125
22 141
22 159
22 279
22 294
23 41
23 79
23 103
23 170
23 264
23 314
24 89
24 99
24 105
24 194
24 199
24 207
24 232
24 233
24 236
24 238
24 247
24 260
25 31
25 89
26 34
27 104
27 108
28 43
28 86
28 226
28 253
28 297
29 126
29 139
29 164
29 177
29 258
29 304
30 123
31 160
31 266
31 309
32 73
32 80
32 89
32 100
32 126
32 153
32 176
32 201
32 246
32 296
32 311
33 61
33 122
33 126
33 133
33 158
34 44
34 76
34 86
34 185
34 204
34 216
34 278
34 306
35 54
35 75
35 90
35 100
35 122
35 124
35 127
35 174
35 201
35 210
35 271
35 274
35 279
35 290
35 292
36 37
36 52
36 62
36 121
36 160
36 237
36 250
36 260
36 266
36 275
36 298
37 38
37 73
37 90
37 110
37 121
37 237
37 308
38 52
38 53
38 54
38 133
39 54
39 77
39 178
39 249
39 275
39 291
39 306
40 62
40 67
40 86
40 111
40 126
40 128
40 160
40 174
40 217
40 235
40 264
40 267
40 285
40 289
40 309
41 74
41 124
41 131
41 204
41 209
41 309
42 87
42 127
42 226
42 232
42 286
42 305
43 52
43 128
44 113
44 180
44 182
44 221
45 231
46 69
47 52
47 111
47 140
47 229
48 292
49 72
49 89
49 117
49 123
49 166
49 229
49 233
49 246
49 266
49 309
50 56
50 127
51 128
51 136
51 166
51 271
51 294
52 121
52 221
52 247
52 263
52 281
53 100
54 58
54 122
54 126
54 129
54 134
54 200
54 206
54 226
54 291
54 305
55 210
55 243
55 250
55 310
55 312
56 129
56 218
56 279
57 122
57 124
57 127
57 232
57 253
58 101
58 126
59 85
59 142
59 155
59 272
59 312
60 152
60 168
61 117
61 163
61 185
61 204
61 238
61 249
62 140
62 158
62 165
62 268
63 134
63 161
63 279
64 85
64 144
64 203
65 194
65 236
65 277
66 90
66 125
66 139
66 159
67 143
67 233
67 243
68 124
68 267
69 77
69 111
69 168
70 100
70 115
70 279
71 139
71 177
71 247
72 123
72 124
72 126
72 133
72 144
72 309
73 76
73 124
73 144
73 168
73 187
74 76
74 107
74 140
74 167
74 265
74 292
75 89
75 105
75 137
75 162
75 173
75 187
75 226
75 233
75 234
75 293
76 90
76 105
76 110
76 120
76 122
76 129
76 134
76 177
76 189
76 235
76 266
77 99
77 104
77 121
77 124
77 127
77 174
77 205
77 219
77 257
77 271
77 279
78 144
78 151
79 157
79 245
80 98
80 105
80 110
80 157
80 160
80 161
80 215
80 238
80 259
80 273
81 124
81 187
81 202
81 261
81 296
81 307
82 90
82 223
83 206
84 99
84 123
84 128
84 210
84 276
84 288
84 308
85 89
85 123
85 125
85 138
85 202
85 206
85 236
85 283
85 285
85 292
85 295
85 304
85 309
86 124
86 202
86 309
87 124
87 153
87 161
87 229
87 241
88 160
88 201
89 112
89 168
89 202
90 92
90 105
90 110
90 134
90 160
90 208
90 225
90 238
90 271
90 279
90 288
91 97
91 134
91 271
92 93
93 124
93 127
93 154
94 296
95 109
95 129
95 160
95 185
95 233
95 297
96 125
96 151
96 203
97 266
98 106
98 132
98 157
98 214
98 294
99 128
99 133
99 144
99 147
99 154
99 180
99 185
99 195
99 196
99 202
99 208
99 232
99 240
99 241
99 249
99 254
99 294
99 305
99 308
100 105
100 106
100 107
100 124
100 125
100 126
100 133
100 137
100 182
100 193
100 201
100 206
100 207
100 212
100 216
100 234
101 122
101 124
101 221
102 198
102 200
103 123
103 217
104 123
104 140
104 202
104 204
105 122
105 123
105 126
105 127
106 119
106 266
106 275
107 117
107 127
107 160
107 204
107 218
107 235
107 313
108 123
108 129
108 136
108 218
108 234
108 260
109 152
109 202
110 121
110 123
110 128
110 162
110 204
110 259
110 265
110 286
110 309
111 149
111 152
111 155
111 166
112 125
112 167
112 169
112 224
112 239
112 241
114 124
114 126
114 234
114 306
115 180
115 260
117 139
117 141
117 230
118 186
118 290
119 127
119 135
119 188
120 128
120 129
120 246
120 249
121 122
121 124
121 125
121 201
121 213
121 236
121 238
121 241
121 245
121 309
122 123
122 126
122 147
122 151
122 180
122 182
122 185
122 200
122 201
122 215
122 223
122 233
122 257
122 283
123 129
123 153
123 176
123 180
123 222
123 235
123 241
123 279
124 131
124 138
124 146
124 157
124 174
124 177
124 204
124 226
124 235
124 239
124 292
124 304
125 143
125 145
125 160
125 170
125 180
125 200
125 207
125 209
125 215
125 225
125 226
125 237
125 257
125 259
125 271
125 274
125 287
126 127
126 128
126 135
126 137
126 170
126 177
126 185
126 189
126 197
126 203
126 227
126 232
126 233
126 257
126 283
126 291
127 155
127 162
127 180
127 200
127 227
127 239
127 247
127 279
127 288
128 130
128 132
128 133
128 134
128 142
128 146
128 155
128 179
128 197
128 204
128 212
128 215
128 226
128 234
128 237
128 239
128 263
129 131
129 134
129 139
129 160
129 165
129 189
129 192
129 195
129 205
129 209
129 216
129 217
129 226
129 234
129 235
129 246
129 252
129 292
129 307
130 233
130 253
130 288
131 132
131 173
132 139
132 220
132 235
133 241
134 179
134 195
134 208
134 263
134 265
134 314
135 192
135 228
135 236
135 240
135 244
135 286
136 291
137 156
137 288
138 163
138 206
138 274
138 279
138 284
139 201
139 211
139 234
139 266
140 234
140 247
140 269
141 195
142 290
143 171
143 223
145 247
145 279
146 303
147 235
148 241
149 158
150 280
150 311
151 265
152 173
152 212
153 180
153 292
155 193
155 216
155 235
155 262
155 278
156 180
156 211
156 291
156 298
157 192
157 309
158 209
158 216
159 280
159 304
160 225
160 232
160 239
160 267
160 300
160 308
161 243
161 284
162 171
162 240
162 309
163 222
163 239
163 255
164 201
164 241
165 168
165 217
165 228
165 271
166 212
166 227
166 235
166 264
166 299
168 201
168 231
168 232
168 235
168 286
168 292
168 311
169 232
169 250
170 309
171 226
171 235
171 257
171 276
171 299
173 288
174 221
174 262
175 236
175 264
178 279
179 261
180 266
182 257
183 234
183 237
183 257
185 196
185 223
185 228
186 195
186 285
187 226
187 235
188 219
190 223
190 279
191 219
191 232
191 301
192 235
192 260
192 304
193 204
193 210
193 218
195 225
195 235
195 288
197 220
197 233
197 257
198 220
199 234
199 269
199 304
200 274
200 276
201 204
201 208
201 269
202 215
202 233
203 209
204 219
204 228
204 253
204 271
204 273
205 232
206 309
207 217
207 234
207 293
208 232
209 232
210 278
211 217
211 232
212 257
212 261
212 265
212 291
215 219
215 243
216 219
216 248
216 259
217 234
217 276
218 233
218 276
219 226
219 228
219 235
220 275
221 237
221 246
221 279
221 309
223 234
223 236
224 235
224 246
225 229
226 252
226 259
226 309
227 235
228 230
228 275
230 283
230 314
231 234
231 235
232 274
232 279
233 234
233 235
233 236
233 275
233 285
233 309
234 245
234 265
234 273
234 289
234 312
235 246
235 250
235 258
235 262
235 266
235 274
235 279
235 287
235 309
236 279
237 241
238 241
238 309
242 246
243 269
245 296
245 299
246 255
246 280
247 249
249 266
250 268
250 284
251 253
252 271
252 299
253 262
254 309
259 309
260 279
261 304
261 305
262 267
263 288
263 292
263 304
264 273
266 279
266 283
266 304
267 289
268 271
268 288
268 296
271 309
275 283
275 305
275 312
276 286
277 308
277 313
287 304
289 309
292 299
296 313
308 315
