0 124
0 143
0 159
0 201
0 243
0 279
0 285
0 293
1 31
1 37
1 76
1 77
1 114
1 201
1 227
1 245
2 36
2 90
2 100
2 121
2 135
2 161
2 179
2 204
2 219
2 223
2 237
2 267
3 8
3 41
3 122
3 196
3 219
3 232
3 311
3 313
4 29
4 76
4 110
4 127
4 162
4 165
4 185
4 247
4 276
5 18
5 101
5 121
5 122
5 128
5 129
5 168
5 185
5 255
5 257
5 273
5 275
5 282
6 14
6 20
6 56
6 59
6 92
6 127
6 158
6 232
7 29
7 46
7 49
7 55
7 57
7 61
7 112
7 129
7 135
7 147
7 202
7 271
8 151
8 285
8 304
9 17
9 26
9 37
9 42
9 90
9 111
9 126
9 311
10 52
10 86
10 92
10 135
10 154
10 244
10 266
10 273
11 112
11 144
11 309
12 65
12 121
12 124
12 162
12 192
12 234
12 313
13 128
13 223
13 226
13 262
13 275
13 310
14 56
14 75
14 77
14 120
14 134
14 168
14 195
14 220
14 297
15 26
15 42
15 56
15 105
15 160
15 260
15 268
16 29
16 111
16 112
16 122
16 174
16 287
17 51
17 66
17 67
17 84
17 100
17 137
17 223
17 231
18 32
18 124
18 129
18 204
18 217
18 255
18 315
19 74
19 223
19 304
20 38
20 64
20 74
20 77
20 82
20 124
20 201
20 233
21 121
22 24
22 110
22 125
23 155
23 174
23 221
23 289
24 85
24 100
24 107
24 109
24 216
24 257
24 265
25 121
26 113
26 124
27 38
27 82
27 166
27 201
27 232
27 246
27 304
28 35
28 59
28 99
28 131
28 215
28 227
28 266
28 274
28 309
29 59
29 110
29 121
29 123
29 127
29 188
29 224
29 226
29 264
30 81
30 220
31 100
31 104
31 117
31 121
31 126
31 151
32 63
32 76
32 96
32 100
32 106
32 112
32 124
32 129
32 219
32 288
33 49
33 125
33 128
33 147
33 208
33 211
33 277
33 308
34 78
34 123
34 143
34 180
35 40
35 48
35 56
35 58
35 66
35 73
35 83
35 85
35 110
35 112
35 126
35 127
35 128
35 139
35 158
35 169
35 220
35 256
35 263
35 274
35 306
36 70
36 90
36 113
36 133
36 159
36 170
36 191
36 195
36 197
36 226
37 88
37 99
37 108
37 120
37 160
37 218
38 55
38 95
38 273
39 99
39 226
39 245
40 46
40 57
40 77
40 99
40 144
40 163
40 173
40 175
40 180
40 207
40 219
40 222
40 223
40 232
40 239
40 253
40 261
41 60
41 104
41 125
41 163
41 196
41 209
41 231
41 279
41 286
41 299
42 90
42 102
42 125
42 259
42 263
42 307
43 54
43 125
44 61
44 75
44 90
44 122
44 204
44 225
44 241
45 91
45 233
45 282
46 52
47 147
47 149
47 193
47 232
47 307
48 252
49 264
50 163
50 235
50 279
51 75
51 100
51 123
51 125
51 171
51 174
51 197
51 272
51 290
52 75
52 90
52 100
52 108
52 109
52 121
52 123
52 143
52 156
52 160
52 163
52 220
52 262
52 309
53 137
53 252
54 127
54 156
54 157
54 164
54 206
54 220
54 286
54 288
55 169
55 173
55 174
55 221
55 244
55 247
56 104
56 123
56 195
56 232
56 276
56 314
57 59
57 124
57 127
57 166
57 188
57 232
57 273
58 234
59 86
59 106
59 109
59 111
59 121
59 137
59 142
59 163
59 197
59 216
59 253
59 257
59 259
59 279
59 309
60 123
60 125
60 131
60 144
60 190
60 217
61 67
61 91
61 100
61 105
61 127
61 208
61 241
61 271
61 279
62 77
63 76
63 238
64 139
64 140
64 265
65 85
65 90
65 125
65 135
65 180
65 271
66 131
66 143
66 149
66 234
66 271
66 304
67 128
67 135
68 72
68 122
68 126
68 133
68 163
68 234
68 269
70 125
70 140
70 166
70 231
71 97
71 123
71 192
71 234
72 77
72 124
72 139
72 160
72 162
72 182
72 188
72 197
72 237
72 288
73 279
74 262
75 125
75 155
75 166
75 179
75 208
75 234
75 256
76 80
76 108
76 109
76 124
76 166
76 189
76 192
76 252
76 261
76 266
76 275
76 280
76 304
77 90
77 92
77 100
77 111
77 138
77 165
77 168
77 212
77 220
77 269
77 273
77 309
78 128
79 88
79 110
79 122
79 127
79 200
79 206
79 221
79 232
79 275
80 129
80 226
81 192
81 219
81 226
81 236
81 292
81 294
82 110
82 121
82 125
82 134
82 282
82 283
82 304
83 125
83 209
84 126
85 124
85 127
85 134
85 182
85 192
85 195
85 214
85 279
85 292
86 98
86 109
86 129
86 200
86 233
86 279
87 246
88 121
89 95
89 99
89 111
89 123
89 124
89 127
89 183
89 267
90 95
90 99
90 129
90 153
90 162
90 170
90 205
90 214
90 227
90 240
90 259
91 100
91 189
91 253
92 158
92 215
92 298
93 128
93 129
93 284
93 304
94 122
95 106
95 121
95 140
95 158
95 188
95 206
96 288
97 110
97 176
97 271
98 156
98 163
98 180
98 268
99 103
99 123
99 160
99 201
99 223
99 226
99 232
99 246
99 267
100 115
100 120
100 121
100 127
100 157
100 166
100 189
100 201
100 202
100 220
100 239
102 187
102 203
103 121
103 123
103 134
103 149
103 168
104 173
104 247
104 288
105 119
105 124
105 131
105 213
105 235
106 125
106 139
106 179
106 185
106 195
106 230
106 235
106 279
107 123
107 126
107 128
107 158
107 179
107 226
107 235
108 123
108 172
108 219
108 292
109 233
110 166
110 170
110 284
110 286
111 117
111 127
111 189
111 226
111 227
111 235
111 267
111 289
112 188
112 253
113 266
114 149
114 283
115 123
115 271
115 311
116 134
116 180
116 235
117 174
117 176
117 188
117 234
117 265
118 173
119 200
120 170
120 262
120 273
121 123
121 125
121 128
121 137
121 138
121 139
121 142
121 156
121 183
121 187
121 188
121 201
121 219
121 222
121 246
121 260
121 279
121 280
121 314
121 315
122 123
122 124
122 125
122 134
122 140
122 145
122 154
122 157
122 169
122 185
122 188
122 192
122 215
122 227
122 233
122 234
122 241
122 242
122 249
122 280
122 305
122 308
122 309
122 315
123 128
123 154
123 159
123 176
123 184
123 201
123 220
123 226
123 234
123 237
123 243
123 253
123 264
123 277
123 279
123 304
123 312
124 129
124 144
124 154
124 158
124 161
124 166
124 176
124 198
124 229
124 235
124 252
124 266
124 310
125 129
125 143
125 144
125 165
125 169
125 174
125 181
125 185
125 190
125 195
125 199
125 202
125 204
125 206
125 216
125 217
125 226
125 235
125 247
125 259
125 266
125 274
125 302
126 128
126 129
126 149
126 168
126 183
126 215
126 232
126 235
126 250
126 267
126 281
126 293
126 294
126 295
127 129
127 141
127 144
127 209
127 223
127 225
127 233
127 246
127 291
127 298
128 160
128 168
128 182
128 201
128 203
128 229
128 234
128 249
128 276
128 287
128 288
128 299
128 302
128 304
128 311
129 134
129 151
129 168
129 185
129 207
129 209
129 255
129 264
129 276
129 292
130 227
131 304
132 140
132 165
132 195
132 220
132 268
133 177
133 233
133 240
133 271
133 309
134 182
134 222
134 234
134 271
134 302
134 307
135 236
136 232
137 180
137 304
138 169
138 171
138 179
138 232
138 280
139 190
139 226
140 160
140 195
140 209
140 232
140 234
141 286
142 148
142 152
142 203
143 187
143 217
143 288
144 209
144 235
144 286
144 306
145 209
146 207
147 219
147 252
149 158
149 166
149 202
150 168
151 200
152 187
153 174
154 155
154 246
155 175
155 185
155 221
156 226
156 292
157 216
157 233
157 249
158 180
158 200
158 216
158 226
158 233
158 291
158 299
158 314
159 221
159 266
160 164
160 184
160 186
160 212
160 257
160 278
160 280
160 309
161 180
162 273
162 279
162 304
163 166
163 181
163 220
163 224
163 239
164 193
165 180
165 232
166 185
166 242
167 178
167 286
168 204
168 238
168 297
169 219
169 232
169 253
170 309
172 191
172 204
172 286
173 175
173 234
173 261
173 287
173 309
174 181
174 203
174 309
175 178
177 277
177 308
178 233
180 304
181 232
181 266
182 266
183 287
183 288
183 292
183 304
184 226
184 264
184 271
185 231
185 240
186 208
186 212
186 219
187 235
187 279
188 268
188 288
189 195
190 218
190 266
192 199
192 280
192 283
193 238
195 204
195 219
195 228
195 234
195 235
195 267
195 292
196 219
197 207
197 236
197 266
197 301
198 217
199 204
199 231
200 265
200 280
200 286
201 204
201 210
201 220
201 221
201 226
201 279
202 232
203 227
203 285
203 309
204 226
204 231
204 234
204 235
204 240
204 246
204 260
204 262
204 279
204 311
205 269
206 227
206 276
206 285
206 304
206 315
207 232
207 234
207 236
207 285
208 240
208 290
209 219
209 223
209 228
209 309
210 288
210 309
211 241
214 215
214 234
215 222
215 269
216 246
217 232
217 250
217 285
217 291
217 304
218 255
219 226
219 250
219 311
220 223
220 225
221 241
222 223
222 234
223 233
223 303
223 314
224 244
224 286
225 276
226 232
226 233
226 255
226 280
226 304
228 279
229 232
229 266
231 234
232 234
232 249
232 276
232 287
232 299
233 241
233 269
233 286
233 304
233 309
234 239
234 249
234 251
235 274
235 292
235 304
236 285
238 257
238 265
238 287
239 263
240 254
240 269
241 282
241 293
246 271
246 309
247 288
248 309
249 304
251 291
253 273
253 315
254 280
255 286
257 275
257 279
257 304
257 309
259 264
260 299
261 267
264 268
264 309
266 267
267 309
269 292
271 311
281 299
293 309
296 307
304 309
