0 37
0 123
0 221
1 139
1 309
2 9
2 51
2 98
2 127
2 134
2 161
2 183
2 187
2 204
2 226
2 291
3 124
3 234
3 235
3 250
3 259
4 6
4 80
4 129
4 135
4 171
4 174
4 189
4 207
4 234
4 253
4 257
4 268
5 14
5 99
5 118
5 158
5 165
5 200
5 221
5 243
5 264
5 269
5 303
6 21
6 40
6 72
6 73
6 90
6 92
6 93
6 121
6 132
6 166
6 185
6 188
6 257
6 297
7 18
7 102
7 126
7 127
7 226
7 234
8 122
8 140
8 218
9 84
9 159
10 105
10 106
10 121
10 123
10 127
10 130
10 134
10 177
10 235
10 278
10 292
11 87
11 123
11 233
11 309
12 27
12 36
12 59
12 75
12 101
12 134
12 142
12 192
12 230
13 26
13 39
13 49
13 76
13 100
13 111
13 126
13 200
14 41
14 124
14 134
14 219
14 312
15 266
15 303
16 66
16 77
16 126
16 129
16 140
17 52
17 66
17 82
17 100
17 130
17 164
17 186
17 220
17 259
18 29
18 67
18 122
18 123
18 220
18 252
18 307
19 84
19 176
19 275
19 290
20 26
20 49
20 87
20 120
20 122
20 125
20 178
20 183
20 204
20 232
20 259
20 312
21 169
21 222
22 67
22 80
22 97
22 229
22 246
22 311
23 59
23 160
23 223
23 235
23 238
23 279
24 127
24 216
24 223
24 274
25 126
25 309
26 59
26 85
26 99
26 202
26 238
26 295
27 42
27 264
28 44
28 106
28 125
28 160
28 181
28 209
28 236
28 257
28 288
28 313
29 44
29 128
29 226
29 234
29 266
29 286
29 296
29 302
30 35
30 129
30 304
31 35
31 57
31 123
31 202
31 274
32 96
33 158
33 180
33 206
33 301
34 72
34 85
34 125
34 126
34 128
34 226
35 49
35 59
35 89
35 100
35 113
35 117
35 122
35 125
35 145
35 175
35 204
35 207
35 215
35 223
35 234
35 238
35 247
35 249
35 296
35 304
36 42
36 47
36 62
36 99
36 100
36 124
36 125
36 127
36 160
36 168
36 234
36 235
36 250
36 261
36 286
36 309
37 89
37 99
37 112
37 168
37 260
37 280
38 59
38 117
38 153
38 185
38 232
38 239
39 105
39 124
39 185
39 234
39 283
39 314
40 55
40 95
40 121
40 127
40 193
40 208
40 232
40 267
40 304
40 315
41 74
41 77
41 105
41 140
41 160
41 219
41 234
42 151
42 173
42 217
42 259
42 312
43 123
43 232
43 244
43 247
44 77
44 99
44 129
44 146
44 224
44 233
44 235
45 151
46 188
46 201
46 206
46 218
46 233
47 315
49 74
49 90
49 99
49 110
49 127
49 150
49 162
49 189
49 247
50 70
50 138
51 91
51 121
51 122
51 127
51 135
51 143
51 152
51 171
51 188
51 192
51 225
52 68
52 77
52 80
52 140
52 187
52 219
52 309
53 59
53 262
54 73
54 124
54 126
54 162
54 200
54 201
55 72
55 88
55 125
55 126
55 166
55 182
55 226
55 234
56 105
56 112
56 134
56 237
56 295
57 139
57 157
57 233
59 79
59 115
59 129
59 171
59 226
59 241
59 253
60 180
60 305
61 66
61 104
61 127
61 195
61 235
61 241
61 273
61 299
62 99
62 104
62 109
62 122
64 140
65 112
65 128
65 202
65 232
65 245
65 267
66 90
66 105
66 148
66 158
66 164
66 173
66 204
66 226
66 304
67 93
67 113
67 123
67 143
67 186
67 201
67 234
68 158
68 186
68 309
69 86
69 209
69 279
70 113
70 139
70 210
70 299
71 80
71 123
71 235
72 122
72 160
72 165
72 234
72 279
73 90
73 99
73 135
73 165
73 200
73 234
73 238
73 255
73 284
73 309
74 87
74 126
74 160
74 178
74 301
75 98
75 197
75 232
75 235
75 241
76 122
76 124
76 128
76 155
76 163
76 192
76 212
76 216
76 234
76 238
76 276
76 277
77 96
77 100
77 117
77 120
77 122
77 232
77 249
77 255
77 266
77 274
77 280
78 173
78 236
79 95
79 100
79 199
79 240
79 286
80 90
80 218
80 237
80 276
80 292
80 314
81 90
81 111
81 202
81 265
82 126
83 152
83 238
83 264
83 279
84 124
84 134
84 136
84 266
85 128
85 143
85 158
85 187
85 279
85 309
87 213
87 233
88 247
89 128
89 144
89 177
89 204
89 241
89 245
90 102
90 122
90 123
90 125
90 127
90 139
90 154
90 173
90 218
90 219
90 234
90 266
91 110
91 219
91 259
91 276
92 121
92 126
92 160
92 234
93 181
93 231
93 253
93 315
94 184
94 187
94 197
95 122
95 134
95 144
95 157
95 186
95 202
95 206
95 219
95 234
95 281
97 186
97 229
98 262
98 277
98 304
99 111
99 121
99 123
99 127
99 129
99 169
99 185
99 190
99 198
99 235
99 251
99 252
99 260
99 264
99 266
99 292
99 308
99 310
100 102
100 108
100 125
100 137
100 140
100 202
100 219
100 222
100 233
100 238
100 244
100 297
101 139
101 235
101 246
104 108
104 179
104 280
105 112
105 130
105 210
105 217
106 226
106 304
106 309
107 252
108 128
108 144
108 226
108 237
108 239
108 259
109 125
109 243
110 126
110 127
110 152
110 157
110 234
110 237
110 258
111 112
111 117
111 163
111 233
111 261
111 279
111 292
112 124
112 162
112 229
112 264
112 266
112 269
112 271
112 309
113 302
114 158
114 223
114 286
115 157
115 159
115 304
116 131
117 121
117 129
117 215
117 228
117 233
117 265
118 129
118 246
119 178
119 198
119 202
119 234
119 279
120 124
120 125
120 127
120 128
120 129
120 149
120 201
120 279
121 122
121 124
121 129
121 134
121 141
121 142
121 178
121 180
121 181
121 189
121 197
121 206
121 232
121 234
121 254
121 271
121 286
121 309
122 124
122 127
122 153
122 160
122 185
122 200
122 216
122 222
122 228
122 234
122 245
122 257
122 266
122 315
123 124
123 125
123 126
123 146
123 149
123 158
123 163
123 167
123 198
123 203
123 207
123 211
123 212
123 229
123 241
123 273
123 279
123 288
123 304
123 310
124 125
124 186
124 194
124 198
124 200
124 217
124 227
124 233
124 237
124 241
124 266
124 280
124 287
124 297
125 127
125 128
125 159
125 176
125 180
125 204
125 206
125 232
125 235
125 255
125 256
125 257
125 260
125 264
125 265
125 280
126 133
126 154
126 185
126 201
126 216
126 232
126 233
126 235
126 241
126 253
126 266
126 267
126 311
126 312
127 128
127 140
127 163
127 167
127 184
127 203
127 222
127 235
127 265
127 278
127 279
128 140
128 162
128 180
128 192
128 214
128 238
128 246
128 255
128 263
128 266
128 268
128 271
128 279
128 281
128 291
129 134
129 162
129 200
129 213
129 232
129 252
129 255
129 265
129 285
130 138
130 141
130 152
130 219
130 254
130 304
131 253
132 206
133 137
133 178
133 188
133 220
133 241
134 141
134 145
134 156
134 177
134 189
134 197
134 209
134 219
134 223
134 226
134 235
134 263
134 314
135 149
135 233
135 241
136 143
136 236
137 159
137 169
137 208
137 214
137 215
137 235
137 246
139 165
139 178
139 208
139 210
139 211
139 226
139 266
140 188
140 222
140 226
141 166
141 247
142 149
142 185
142 239
142 252
143 226
143 233
143 235
144 156
144 262
146 231
147 232
147 286
147 299
147 311
148 198
148 208
152 235
153 247
153 314
154 191
154 266
154 279
155 160
155 162
155 216
157 165
157 233
157 313
158 204
158 302
158 310
159 193
159 279
160 163
160 212
160 218
160 239
160 279
160 288
161 234
162 177
162 234
163 189
163 226
163 273
163 283
164 174
164 216
164 239
165 182
165 252
166 235
168 179
168 194
168 196
168 208
168 219
168 223
168 274
168 284
168 309
169 279
170 221
170 271
170 314
171 204
171 207
172 309
173 220
173 235
173 259
173 261
173 309
174 233
174 268
174 278
174 309
176 265
178 203
178 299
180 192
180 204
180 232
180 235
180 262
180 267
181 275
181 297
182 236
182 304
183 188
183 229
183 234
185 206
185 231
185 266
185 276
186 234
186 266
186 304
187 231
187 266
187 302
188 224
188 228
189 233
189 266
189 280
189 291
192 196
192 202
193 239
193 268
193 279
193 304
195 200
195 223
195 241
197 221
197 237
197 280
198 235
199 220
199 231
199 259
199 279
199 289
199 301
200 273
201 223
201 253
201 274
201 283
202 219
202 227
202 309
203 206
203 312
204 205
204 228
204 232
204 233
204 236
204 238
204 240
204 279
204 304
204 310
205 241
205 262
206 218
206 259
207 212
207 224
207 266
207 278
208 297
210 229
210 255
210 263
210 292
212 264
213 242
213 273
213 314
215 218
215 223
216 222
218 223
218 246
218 303
219 227
219 235
219 237
219 241
219 257
219 267
220 233
220 271
220 290
221 279
222 228
223 227
224 233
224 248
226 228
226 247
226 266
226 297
227 296
227 309
228 247
231 232
231 266
231 285
231 308
232 234
232 246
232 257
232 293
232 298
232 304
232 308
233 257
233 259
233 261
233 272
233 304
234 235
234 236
234 297
235 241
235 253
235 264
235 292
235 297
235 313
237 246
238 246
238 258
238 289
238 296
238 309
240 268
240 279
241 249
241 252
241 267
241 288
241 293
243 309
244 311
246 266
246 272
247 294
249 291
249 293
253 275
253 290
253 299
254 286
254 314
257 272
257 315
259 297
259 301
259 302
260 283
262 264
264 282
267 286
267 309
269 278
269 302
273 295
273 300
275 304
276 311
277 302
278 285
279 287
286 288
302 309
304 309
306 313
