0 57
0 105
0 122
0 264
0 269
1 71
1 77
1 232
1 279
1 280
2 13
2 60
2 90
2 123
2 128
2 129
2 149
2 195
2 206
2 272
2 304
3 5
3 76
3 122
3 199
3 202
4 11
4 25
4 29
4 99
4 123
4 124
4 142
5 20
5 33
5 85
5 90
5 104
5 105
5 122
5 123
5 127
5 153
5 158
5 189
5 204
5 217
5 224
5 225
5 226
5 257
5 273
5 302
5 312
6 8
6 11
6 26
6 76
6 111
6 119
6 129
6 204
6 206
6 210
6 223
6 277
7 11
7 41
7 49
7 52
7 94
7 100
7 121
7 126
7 135
7 158
7 165
7 215
7 232
7 234
7 266
7 268
8 122
8 203
8 259
8 264
9 35
9 44
9 52
9 55
9 204
10 47
10 73
10 90
10 121
10 123
10 124
10 131
10 139
10 143
10 172
10 245
10 266
11 47
11 55
11 57
11 75
11 132
11 233
11 247
11 259
11 275
12 17
12 35
12 112
12 175
12 288
13 52
13 100
13 109
13 121
13 193
13 200
13 210
13 250
13 308
14 127
14 131
14 162
14 170
14 180
15 121
15 123
15 155
15 217
15 219
15 264
16 95
16 96
16 122
16 125
16 163
16 212
16 236
16 253
17 52
17 59
17 84
17 96
17 123
17 127
17 133
17 149
17 153
17 289
18 100
18 120
18 124
18 138
18 159
18 160
18 163
18 199
18 257
18 264
18 266
19 56
19 117
19 147
19 157
19 217
20 33
20 65
20 163
20 247
21 211
21 234
22 40
22 119
22 124
22 180
22 195
22 204
22 226
22 246
22 274
22 276
23 125
23 156
23 215
23 226
23 247
23 253
23 265
23 267
24 100
24 108
24 114
24 124
24 241
24 262
25 83
26 28
26 29
26 100
26 111
26 114
26 217
26 292
27 120
27 180
28 160
28 240
28 241
28 267
28 291
29 75
29 100
29 124
29 126
29 236
29 241
29 269
29 278
29 285
30 247
31 99
31 155
32 76
32 91
32 116
32 122
32 163
32 215
32 224
32 237
32 271
33 99
33 121
33 232
33 266
34 110
34 111
34 114
34 122
34 128
34 211
34 215
34 232
35 51
35 89
35 121
35 123
35 126
35 127
35 130
35 139
35 141
35 154
35 204
35 209
35 216
35 219
35 238
35 250
35 265
35 303
36 55
36 95
36 104
36 127
36 142
36 157
36 170
36 304
37 66
37 122
37 204
37 223
37 264
38 99
38 223
39 70
39 121
39 142
39 223
39 250
39 312
40 41
40 72
40 76
40 104
40 130
40 135
40 141
40 232
40 253
40 260
40 264
40 309
40 314
41 93
41 99
41 122
41 123
41 137
41 155
41 202
42 93
42 174
42 233
42 266
42 271
42 279
42 288
43 219
43 233
44 45
44 124
44 162
44 216
44 238
45 92
46 104
46 138
46 226
47 209
48 185
49 121
49 127
49 129
49 131
49 138
49 197
49 217
49 226
49 279
50 99
50 134
50 286
51 54
51 66
51 100
51 155
51 157
51 221
51 235
51 245
52 126
52 159
52 170
52 185
52 197
52 227
52 232
52 289
53 90
53 162
53 164
53 267
54 66
54 135
54 177
55 121
55 124
55 257
55 305
56 112
56 127
56 128
56 188
56 233
56 257
56 268
57 66
57 121
57 159
57 190
58 88
58 94
58 149
58 188
58 232
58 266
58 291
59 121
59 132
59 240
59 266
59 268
59 298
60 288
61 124
61 147
61 213
62 73
62 85
62 116
62 235
63 293
65 156
66 75
66 127
66 129
66 140
66 162
66 240
67 73
67 100
67 121
67 161
67 232
68 106
68 125
68 132
68 141
68 151
68 232
69 195
69 239
70 278
70 288
71 219
72 76
72 111
72 123
72 180
72 250
73 100
73 111
73 124
73 126
73 129
73 134
73 142
73 226
73 255
73 305
74 93
74 99
74 156
74 171
74 202
74 266
75 100
75 117
75 124
75 151
75 234
76 77
76 85
76 88
76 89
76 97
76 110
76 112
76 126
76 139
76 160
76 178
76 199
76 233
76 238
76 243
76 284
77 120
77 122
77 125
77 128
77 129
77 130
77 151
77 169
77 199
77 221
77 229
77 241
77 252
77 296
77 309
78 185
78 204
78 216
78 312
79 93
79 129
79 233
80 85
80 107
80 124
80 181
81 185
81 199
81 277
81 308
82 89
82 126
83 125
83 129
83 267
84 127
84 157
84 163
84 174
84 227
84 234
84 268
85 98
85 111
85 118
85 119
85 121
85 124
85 127
85 134
85 139
85 166
85 206
85 218
85 238
85 262
86 125
86 219
86 283
86 286
87 108
87 129
87 206
88 99
88 148
88 186
88 203
88 297
89 92
89 111
89 123
89 124
89 152
89 201
89 208
89 221
89 227
89 266
89 267
89 290
89 304
89 315
90 113
90 122
90 127
90 129
90 143
90 160
90 164
90 186
90 204
90 237
90 249
90 265
90 292
90 298
91 158
91 247
91 266
91 279
92 162
92 168
92 180
92 202
92 206
92 264
93 163
93 221
93 263
93 268
94 264
95 126
95 176
95 196
95 232
95 305
96 147
96 164
96 180
96 189
97 304
98 99
98 132
98 165
98 169
98 250
99 125
99 128
99 164
99 230
99 233
99 235
99 249
99 261
100 107
100 123
100 147
100 148
100 149
100 202
100 207
100 217
100 226
100 233
100 245
100 283
100 293
100 315
101 143
102 124
103 122
103 139
104 124
104 166
104 309
105 158
105 234
105 263
106 111
106 144
106 195
106 214
106 221
106 232
106 238
106 246
106 275
106 280
107 195
107 207
107 226
107 238
107 251
108 129
108 219
109 209
109 277
109 279
110 123
110 124
110 125
110 180
110 216
110 235
110 241
110 286
110 313
111 125
111 159
111 163
111 192
111 206
111 235
111 240
111 252
111 266
112 119
112 121
112 202
112 222
112 231
113 183
113 193
114 179
114 235
114 285
114 299
115 129
115 180
116 117
116 186
117 122
117 226
117 296
117 304
117 309
118 286
119 153
119 181
119 258
120 199
120 223
121 123
121 125
121 132
121 141
121 166
121 189
121 197
121 204
121 216
121 217
121 226
121 232
121 241
121 250
121 253
121 262
121 263
121 264
121 279
121 288
121 304
122 124
122 125
122 127
122 160
122 163
122 165
122 170
122 200
122 204
122 219
122 238
122 245
122 263
122 292
122 304
123 124
123 125
123 129
123 137
123 143
123 147
123 150
123 160
123 161
123 167
123 168
123 182
123 189
123 223
123 232
123 238
123 251
123 259
123 261
123 274
123 296
123 309
124 126
124 128
124 131
124 158
124 189
124 198
124 201
124 228
124 233
124 235
124 245
124 253
124 272
124 289
124 294
124 311
125 129
125 132
125 134
125 160
125 162
125 168
125 170
125 176
125 180
125 182
125 187
125 188
125 198
125 206
125 212
125 216
125 222
125 226
125 228
125 233
125 245
125 264
125 279
125 292
126 128
126 132
126 135
126 138
126 141
126 147
126 166
126 169
126 177
126 191
126 198
126 207
126 223
126 229
126 234
126 275
126 283
126 305
126 313
127 132
127 161
127 170
127 171
127 172
127 196
127 214
127 223
127 231
127 233
127 241
127 243
127 253
127 257
127 258
127 274
127 280
127 296
127 309
128 139
128 153
128 157
128 200
128 235
128 267
128 279
128 292
129 133
129 134
129 144
129 169
129 204
129 206
129 216
129 219
129 232
129 241
129 261
129 262
129 266
129 267
129 277
129 309
129 310
130 267
130 304
131 138
131 216
132 139
132 257
133 151
133 259
133 267
133 271
134 135
134 189
134 200
134 233
134 236
134 251
134 261
134 264
134 279
135 141
135 154
135 195
135 196
135 218
135 234
135 314
136 204
137 170
137 235
137 241
137 253
137 313
139 232
140 153
140 204
140 297
140 298
141 209
141 233
141 234
142 255
143 162
143 235
143 275
143 312
144 181
144 230
144 309
145 152
145 262
147 166
147 217
147 247
147 253
147 307
148 191
149 151
149 235
149 273
149 279
149 301
150 241
151 233
151 260
152 253
154 279
154 280
155 213
155 243
157 232
157 306
157 309
158 190
158 253
158 277
159 314
160 204
160 259
160 279
160 302
160 308
160 309
161 238
162 200
162 204
162 207
162 241
162 262
162 309
163 302
164 223
164 280
165 279
166 301
166 315
168 235
168 259
169 241
169 266
170 268
170 274
173 180
173 193
173 210
173 304
174 264
174 278
174 309
176 238
176 309
177 209
178 183
180 188
180 202
180 247
180 309
181 189
181 215
181 238
182 200
182 249
182 277
182 286
183 272
184 277
185 226
185 234
185 246
186 234
186 278
188 289
189 219
189 246
189 247
189 271
189 278
189 296
191 209
191 232
191 291
192 216
192 233
193 241
193 247
195 250
195 257
195 298
196 247
196 275
197 301
198 200
198 223
199 288
200 254
200 279
200 304
201 233
201 266
202 223
203 247
203 309
204 218
204 234
204 237
204 246
204 254
204 282
204 304
204 309
204 313
206 234
206 255
207 301
208 297
208 309
209 262
210 213
210 257
212 297
212 299
213 285
214 241
215 235
215 246
215 266
216 226
216 233
216 265
216 304
217 223
217 273
217 283
218 280
219 231
219 233
219 234
219 235
219 246
219 265
219 288
219 302
219 304
220 231
221 232
221 279
221 307
221 309
222 260
222 263
222 281
223 226
223 233
223 234
223 235
223 247
223 258
223 274
226 229
226 232
226 258
226 259
226 261
226 267
227 266
227 279
227 304
228 245
229 241
229 259
230 246
230 252
230 267
230 273
231 264
231 300
232 234
232 235
232 251
232 263
232 288
232 302
232 310
233 235
233 268
233 283
233 287
233 304
233 313
234 241
234 266
234 267
234 272
234 274
234 278
235 267
235 280
235 288
235 299
236 298
238 264
238 271
238 278
238 279
239 307
240 279
241 252
241 264
241 266
243 263
245 263
245 313
245 314
247 262
251 261
252 280
254 272
256 309
257 268
257 275
258 266
258 286
258 315
261 293
263 274
263 314
266 273
266 278
266 305
266 306
271 304
271 309
273 294
275 304
276 304
283 304
296 299
299 309
301 305
304 305
