0 88
0 98
0 233
0 255
1 76
1 89
1 126
2 73
2 99
2 126
2 129
2 159
2 201
2 206
2 226
2 271
2 283
3 7
3 59
3 104
3 108
3 120
3 125
3 127
3 129
3 192
3 204
3 217
3 226
3 232
3 235
3 311
4 85
4 89
4 117
4 123
4 129
4 177
4 179
4 212
5 6
5 15
5 16
5 50
5 51
5 67
5 124
5 138
5 155
5 158
5 166
5 178
5 193
5 204
6 24
6 34
6 35
6 77
6 121
6 122
6 124
6 131
6 223
6 236
7 15
7 23
7 24
7 76
7 79
7 198
7 208
7 212
7 223
7 239
7 265
7 292
8 147
9 55
9 123
9 124
9 126
9 252
10 13
10 35
10 39
10 115
10 125
10 126
10 182
10 183
10 206
10 232
10 261
10 265
11 28
11 94
11 129
11 167
11 169
11 233
12 90
12 123
12 125
12 144
12 190
12 195
12 235
12 274
12 314
13 31
13 59
13 90
13 141
13 288
13 309
14 17
14 52
14 61
14 103
14 124
14 126
14 236
14 274
15 180
16 72
16 76
16 112
16 139
16 235
16 309
17 39
17 66
17 99
17 110
17 117
17 127
17 168
17 170
17 235
17 273
18 40
18 76
18 141
18 182
18 234
18 283
19 43
19 97
19 117
19 127
19 267
20 26
20 44
20 76
20 90
20 123
20 174
20 204
20 235
21 89
21 111
22 168
22 266
23 38
23 45
23 51
23 76
23 125
23 131
23 152
23 183
23 247
23 288
23 312
23 314
24 49
24 91
24 110
24 120
24 127
24 139
24 206
24 253
24 282
25 173
25 279
26 39
26 118
26 121
26 163
26 185
26 276
26 290
27 40
27 62
27 98
27 309
28 31
28 77
28 122
28 124
28 220
28 221
28 234
28 235
28 252
28 266
29 122
29 123
29 127
29 148
29 160
29 194
29 206
29 207
29 215
29 233
29 268
30 127
30 206
30 224
31 112
31 126
31 186
32 61
32 134
32 235
32 249
33 127
33 153
33 159
33 168
33 186
33 193
33 232
33 273
34 41
34 141
35 97
35 109
35 117
35 121
35 123
35 125
35 129
35 163
35 199
35 241
35 288
35 294
35 308
36 52
36 112
36 129
36 151
36 189
36 231
36 233
36 245
36 302
37 52
37 67
37 100
37 112
37 125
37 186
37 313
38 123
38 173
38 204
39 57
39 84
39 134
39 206
40 67
40 68
40 88
40 90
40 91
40 98
40 100
40 144
40 189
40 219
40 236
40 264
40 267
40 304
41 95
41 159
41 170
41 245
41 253
41 266
41 299
42 82
42 102
42 141
42 172
42 206
42 288
43 59
43 75
43 99
43 258
44 77
44 80
44 98
44 162
44 233
44 309
45 76
45 112
45 183
46 267
47 93
47 173
47 223
48 207
49 183
49 203
49 218
49 280
50 62
50 66
50 154
51 66
51 120
51 123
51 126
51 127
51 161
51 266
51 277
51 307
51 309
52 75
52 95
52 171
52 233
52 304
53 90
53 119
53 304
54 55
55 146
55 182
55 283
55 314
56 117
56 137
56 200
56 305
57 161
57 204
57 223
57 230
57 260
58 89
58 192
58 226
59 67
59 128
59 223
59 232
59 275
60 108
60 129
60 237
61 90
61 140
61 169
61 269
62 99
62 124
62 130
62 164
62 174
62 246
63 67
64 124
64 125
64 129
64 158
64 232
65 98
65 232
65 306
66 86
66 89
66 103
66 140
66 141
66 143
66 158
66 171
66 185
66 232
66 235
66 309
67 89
67 107
67 122
67 128
67 165
67 179
67 214
67 221
67 228
67 266
68 128
68 131
69 141
70 121
70 187
70 230
71 233
71 246
71 304
72 121
72 122
72 215
73 88
73 158
73 159
73 160
73 207
73 226
74 128
74 166
75 80
75 104
75 122
75 125
75 127
75 129
75 132
75 155
75 168
75 189
75 223
76 82
76 110
76 112
76 126
76 170
76 208
76 215
76 219
76 223
76 232
76 297
76 302
77 89
77 124
77 158
77 204
77 206
77 207
77 210
77 235
77 252
78 91
78 125
78 135
78 166
78 202
79 115
79 217
80 257
80 294
81 125
81 174
81 178
81 187
81 217
81 232
82 127
82 232
83 105
84 122
84 126
84 188
84 195
84 202
84 215
84 304
85 128
85 161
85 163
85 230
85 263
85 288
86 101
86 122
86 125
86 175
86 252
87 160
87 234
87 238
88 144
88 218
89 97
89 134
89 208
89 233
89 271
90 106
90 121
90 140
90 160
90 200
90 233
90 247
90 253
90 279
91 228
91 269
92 100
92 271
93 122
93 126
93 232
93 237
93 268
94 195
95 158
95 211
95 220
95 297
96 100
96 127
96 197
96 202
96 247
97 241
97 292
97 304
98 103
98 129
98 236
98 267
98 309
99 100
99 106
99 107
99 117
99 124
99 126
99 149
99 161
99 168
99 178
99 186
99 215
99 234
99 237
99 239
99 243
99 283
99 304
100 115
100 125
100 129
100 142
100 189
100 192
100 195
100 201
100 203
100 204
100 215
100 235
100 246
100 249
101 206
101 209
102 200
102 228
103 143
103 265
104 114
104 144
105 125
105 128
105 160
105 206
105 228
105 255
105 268
105 313
106 121
106 158
107 114
107 185
107 259
108 156
108 160
108 170
108 209
108 234
108 241
108 243
108 277
110 153
110 195
110 261
110 288
111 121
111 122
111 126
111 128
111 135
111 174
111 212
111 214
112 121
112 124
112 139
112 177
112 203
112 235
112 244
112 264
112 266
113 208
114 152
114 223
115 219
115 226
115 244
115 275
115 313
116 135
116 257
116 265
117 124
117 193
117 206
117 217
117 232
117 234
117 236
118 123
118 304
119 154
119 198
119 266
120 122
120 185
120 231
120 305
121 122
121 124
121 126
121 129
121 132
121 135
121 151
121 152
121 157
121 178
121 201
121 232
121 240
121 269
121 276
121 310
122 142
122 148
122 153
122 158
122 166
122 168
122 170
122 219
122 230
122 238
122 240
122 245
122 246
122 275
122 276
122 277
122 289
122 297
122 299
123 127
123 144
123 158
123 238
123 252
123 269
123 272
123 279
123 299
123 307
124 141
124 179
124 183
124 184
124 186
124 187
124 193
124 216
124 235
124 241
124 246
124 267
124 273
124 279
124 285
124 304
124 309
125 127
125 134
125 140
125 145
125 169
125 177
125 189
125 198
125 206
125 221
125 233
125 234
125 241
125 245
125 248
125 257
125 264
125 266
125 267
125 275
125 280
125 311
126 127
126 129
126 144
126 156
126 160
126 161
126 165
126 175
126 183
126 188
126 203
126 218
126 226
126 230
126 232
126 264
126 267
126 269
126 280
127 151
127 173
127 174
127 193
127 200
127 208
127 219
127 233
127 234
127 245
127 293
127 307
128 132
128 134
128 187
128 188
128 201
128 228
128 248
128 263
128 264
128 265
128 285
128 286
128 288
129 145
129 152
129 171
129 187
129 189
129 207
129 208
129 243
129 268
129 276
129 277
129 290
129 303
130 162
130 233
131 304
132 244
132 246
133 149
133 168
133 309
134 138
134 169
134 172
134 188
134 201
134 203
134 204
134 229
134 234
134 259
134 286
134 297
134 305
135 148
135 266
135 267
135 271
135 309
136 216
136 256
137 219
137 235
137 250
137 275
137 291
138 176
138 189
138 246
139 226
139 231
139 285
140 149
140 194
140 232
140 296
141 217
141 221
141 233
141 235
141 267
141 272
141 304
142 238
142 265
143 180
143 209
143 233
143 304
144 185
144 234
144 241
145 217
145 232
147 221
147 232
147 247
147 309
148 168
149 276
150 309
151 168
151 219
151 241
152 180
153 188
154 189
154 212
155 232
155 249
155 264
155 309
155 312
156 313
157 200
157 233
157 238
157 274
158 187
158 209
158 239
158 264
158 269
158 276
158 304
159 160
159 238
160 163
160 205
160 206
160 207
160 214
160 233
160 253
160 258
160 266
160 271
160 301
160 304
161 232
162 166
162 185
162 204
162 214
162 274
162 309
163 195
163 204
163 206
163 264
163 312
165 200
165 310
166 226
166 233
166 313
168 187
168 189
168 195
168 215
168 233
168 269
168 275
169 226
169 241
170 284
171 226
171 232
171 238
171 255
171 257
171 266
171 286
172 267
172 304
173 282
174 235
174 264
174 289
175 255
175 309
177 187
177 221
177 267
178 268
179 224
179 264
180 204
180 206
180 232
180 265
180 304
181 187
181 232
181 252
182 219
183 210
183 276
185 206
185 215
186 187
186 206
187 278
187 279
189 235
189 279
191 291
191 296
192 204
193 199
193 245
193 313
195 280
196 233
197 204
197 217
197 226
197 241
198 212
198 266
198 285
198 290
198 312
199 204
200 206
200 212
200 232
200 236
200 238
201 224
201 235
201 246
201 264
201 293
201 308
201 312
202 227
202 253
204 229
204 234
204 235
204 279
204 288
204 305
205 215
206 232
206 235
206 253
206 297
208 218
208 305
209 309
212 219
212 276
214 241
217 239
217 253
218 232
218 311
219 232
219 233
220 246
220 257
220 303
220 312
222 276
223 296
224 233
224 287
225 277
225 279
226 233
226 249
226 257
226 273
226 283
226 285
226 286
226 296
226 300
226 301
226 304
226 309
227 232
227 267
228 245
230 292
231 261
231 279
232 235
232 256
232 279
232 304
232 313
233 238
233 285
234 252
234 254
234 256
234 264
234 297
234 309
234 311
235 245
236 259
236 275
236 291
238 309
239 247
239 309
241 246
241 257
241 266
246 256
246 304
247 280
250 258
250 273
257 297
258 309
259 260
259 302
261 266
265 311
266 280
266 296
266 309
267 294
273 274
282 309
292 313
294 306
299 309
302 309
302 315
