0 85
0 125
1 123
1 174
2 3
2 76
2 113
2 121
2 124
2 267
2 275
3 59
3 84
3 124
3 129
3 193
3 298
4 28
4 30
4 32
4 51
4 62
4 85
4 126
4 134
4 232
4 243
5 33
5 36
5 37
5 46
5 72
5 125
5 128
5 131
5 155
5 170
5 185
5 197
5 234
5 279
6 41
6 49
6 127
6 139
6 142
6 185
6 199
6 280
7 38
7 121
7 124
7 178
7 244
8 18
8 241
8 312
9 124
9 182
10 13
10 33
10 37
10 52
10 107
10 122
10 124
10 189
11 17
11 21
11 121
11 124
11 137
11 234
11 277
11 304
12 35
12 56
12 72
12 122
12 134
12 273
13 63
13 95
13 97
13 160
13 174
13 198
14 48
14 57
14 128
14 144
14 280
14 313
15 81
15 124
15 125
15 168
15 185
15 199
15 279
15 302
15 309
16 29
16 54
16 119
16 121
16 174
16 188
16 231
16 259
16 299
17 53
17 67
17 115
17 117
17 125
17 160
17 166
17 206
17 232
18 37
18 66
18 123
18 183
18 208
18 219
18 220
19 21
19 66
19 199
19 230
20 41
20 58
20 88
20 90
20 117
20 132
20 174
20 230
20 285
20 309
21 38
21 43
21 100
21 137
21 162
21 220
22 73
22 141
22 164
22 171
22 217
22 299
23 37
23 85
23 97
23 125
23 285
24 34
24 91
24 200
24 305
25 72
25 137
25 151
25 253
26 47
26 100
26 189
27 127
27 203
28 37
28 196
28 267
29 39
29 90
29 127
29 130
29 204
29 233
29 238
29 296
30 66
30 123
30 261
31 107
31 111
31 121
31 138
31 168
31 182
31 204
31 223
31 286
32 71
32 121
32 168
32 179
32 198
32 212
32 232
32 275
34 74
34 126
34 160
34 178
34 234
34 266
35 98
35 99
35 125
35 144
35 147
35 155
35 206
35 219
35 234
35 255
36 64
36 71
36 99
36 123
36 155
36 160
36 201
36 217
36 243
36 277
37 59
37 102
37 134
37 185
37 206
38 161
39 70
39 83
39 93
39 129
39 134
39 141
39 173
39 196
39 219
39 231
39 233
39 234
39 246
39 259
40 104
40 125
40 126
40 161
40 176
40 207
40 216
40 220
40 234
40 252
40 274
41 141
41 216
41 232
41 252
42 70
42 112
42 114
42 123
42 128
42 168
42 173
42 187
42 278
43 93
43 183
43 226
43 233
43 237
43 307
44 85
44 95
44 111
46 140
46 281
47 110
47 201
47 204
47 260
48 215
48 233
48 275
49 66
49 134
49 234
49 278
49 289
50 88
50 233
51 219
51 231
52 57
52 75
52 121
52 126
52 142
52 166
52 168
52 183
52 202
52 212
52 233
52 262
52 264
52 286
53 266
53 274
53 282
54 76
54 110
54 125
54 189
54 247
54 252
54 279
54 309
55 95
55 117
55 121
55 128
55 193
55 207
55 241
55 243
55 271
56 76
56 147
56 172
56 288
56 310
57 60
57 124
57 160
57 180
57 188
57 204
57 229
57 234
57 280
58 75
58 156
58 189
58 232
58 255
58 282
59 69
59 73
59 124
59 129
59 137
59 142
59 163
59 168
59 185
59 200
59 236
59 261
59 301
60 163
60 193
60 218
60 264
61 72
61 115
61 128
61 162
61 176
61 223
61 226
61 274
62 103
62 105
62 168
62 192
62 232
63 77
63 135
64 154
64 174
65 78
65 219
65 224
65 235
66 86
66 173
66 216
66 232
66 247
67 77
67 105
67 125
67 204
67 223
67 257
68 250
68 304
69 75
69 122
69 156
69 266
69 301
70 102
70 236
71 95
71 121
72 99
72 122
72 126
72 129
72 147
72 204
72 232
72 267
72 275
73 122
73 124
73 149
73 154
73 204
73 206
73 235
73 299
74 77
74 117
74 125
74 129
74 139
75 76
75 90
75 105
75 123
75 144
75 191
75 201
75 233
75 249
75 255
75 279
76 80
76 90
76 93
76 100
76 127
76 210
76 216
76 235
76 236
76 241
76 253
76 280
77 88
77 90
77 97
77 99
77 117
77 120
77 121
77 128
77 143
77 199
77 218
77 232
77 242
77 304
78 128
78 142
78 163
78 234
79 126
80 85
80 169
80 200
80 285
81 114
81 120
81 123
81 185
81 186
81 220
81 229
81 276
82 92
82 121
82 195
82 238
83 124
83 126
84 96
84 107
84 127
84 129
84 153
84 202
84 229
84 232
84 233
85 111
85 126
85 188
85 222
85 289
86 129
86 130
86 223
86 309
87 125
88 143
88 163
88 219
88 304
89 100
89 123
89 166
89 174
89 175
89 252
90 99
90 104
90 114
90 124
90 127
90 128
90 165
90 176
90 178
90 204
90 246
90 257
90 276
90 283
90 313
91 271
92 122
92 194
93 121
93 218
93 274
94 194
94 233
95 123
95 124
95 169
95 228
95 292
95 299
96 125
96 143
96 154
97 138
97 155
97 275
97 289
98 122
98 159
98 195
98 257
98 259
98 279
98 286
98 307
99 129
99 132
99 134
99 174
99 175
99 180
99 182
99 183
99 185
99 187
99 198
99 210
99 217
99 235
99 246
99 264
99 279
99 292
99 298
99 309
100 108
100 127
100 128
100 138
100 140
100 146
100 160
100 183
100 195
100 219
100 232
100 247
100 261
100 312
101 126
101 280
102 109
102 155
103 122
103 151
103 183
103 194
103 297
104 140
104 143
104 189
104 212
104 304
105 123
105 154
105 162
106 119
106 122
106 220
106 248
106 271
107 117
107 278
108 123
108 168
108 204
108 226
108 232
108 245
109 236
110 140
110 183
110 191
110 202
110 288
110 299
111 124
111 134
111 144
111 228
111 267
111 282
112 137
112 140
112 167
112 223
112 237
112 246
112 284
113 168
113 188
113 212
113 262
113 285
113 292
115 188
115 294
116 123
116 163
116 209
117 122
117 134
117 180
117 232
117 239
117 254
117 297
117 304
118 264
119 235
120 132
120 189
121 126
121 128
121 129
121 139
121 143
121 177
121 189
121 201
121 204
121 210
121 215
121 232
121 237
121 241
121 266
121 268
121 270
121 279
121 299
121 314
122 125
122 128
122 136
122 139
122 155
122 163
122 176
122 203
122 212
122 219
122 225
122 232
122 233
122 234
122 235
122 237
122 240
122 241
122 242
122 243
122 247
122 259
122 271
123 126
123 139
123 180
123 201
123 219
123 222
123 233
123 234
123 235
123 245
123 262
123 292
123 299
124 128
124 131
124 139
124 154
124 157
124 170
124 174
124 176
124 192
124 196
124 198
124 204
124 217
124 223
124 233
124 235
124 291
124 296
125 134
125 155
125 159
125 168
125 181
125 192
125 200
125 201
125 206
125 215
125 220
125 226
125 232
125 233
125 250
125 266
125 279
126 129
126 134
126 135
126 142
126 151
126 165
126 166
126 169
126 179
126 180
126 183
126 186
126 188
126 189
126 209
126 224
126 234
126 247
126 304
127 135
127 147
127 165
127 169
127 176
127 188
127 200
127 208
127 218
127 225
127 232
127 233
127 235
127 238
127 247
127 266
127 271
127 280
127 294
127 308
128 139
128 147
128 155
128 163
128 173
128 180
128 225
128 226
128 232
128 243
128 313
129 134
129 142
129 167
129 195
129 202
129 226
129 235
129 236
129 266
129 284
129 295
130 131
130 235
130 311
131 223
131 226
131 269
131 309
132 143
132 144
132 231
133 223
133 224
133 241
133 255
134 151
134 160
134 161
134 166
134 174
134 180
134 226
134 267
134 286
135 223
135 234
135 237
135 257
135 286
135 311
137 197
137 235
138 314
139 167
139 185
139 216
139 233
140 165
140 204
140 227
140 233
140 286
141 189
141 220
141 241
143 212
143 221
143 233
143 240
143 267
144 200
144 207
144 215
145 151
145 255
145 259
145 309
147 177
147 180
147 260
147 279
148 161
149 195
149 206
151 314
153 223
153 266
154 230
154 235
154 252
154 264
154 314
155 279
155 280
155 304
156 215
156 230
156 236
157 174
157 201
157 219
158 203
158 237
158 267
158 274
158 286
158 296
159 212
159 223
159 234
159 279
159 309
160 233
160 234
161 163
161 200
161 308
162 178
162 180
162 219
162 222
162 298
163 212
163 239
163 241
163 313
164 196
164 272
165 182
165 202
165 309
166 195
166 217
166 221
166 267
167 189
167 232
168 183
168 195
168 234
168 251
168 252
168 257
169 219
169 232
170 191
170 292
170 309
171 235
171 295
173 305
174 195
174 215
174 219
174 220
174 230
174 246
176 180
176 193
176 234
176 276
177 187
178 234
178 267
178 286
179 183
179 191
179 246
180 193
180 204
180 226
180 235
180 249
180 259
180 291
180 293
181 217
181 247
182 274
182 304
183 227
184 191
184 210
184 306
184 309
185 226
185 247
185 257
185 271
185 279
185 290
185 293
186 219
186 235
186 286
187 197
187 275
188 196
188 280
188 298
189 252
191 244
192 209
193 235
193 257
194 208
195 197
195 205
195 234
195 309
196 314
197 220
197 233
197 245
197 265
198 235
198 252
199 232
200 314
201 233
202 233
202 266
203 258
204 217
204 222
204 235
204 247
204 253
204 259
204 285
204 304
204 311
206 226
206 227
206 245
208 219
209 309
210 237
212 266
214 226
214 246
214 256
214 261
215 234
215 237
215 241
217 223
217 229
218 283
218 300
219 220
219 232
219 233
219 234
219 235
219 246
219 296
221 244
221 249
221 257
223 236
223 239
225 273
226 241
226 244
226 280
226 289
228 238
228 309
231 279
232 235
232 245
232 247
232 250
232 263
232 264
232 269
232 272
232 299
233 308
234 255
234 271
234 272
234 297
234 302
234 313
235 237
235 238
235 247
235 262
235 292
235 296
235 309
235 312
235 313
236 264
236 266
236 297
237 266
238 241
238 262
240 241
241 266
242 250
243 272
243 279
245 266
246 256
246 263
246 267
247 261
247 287
252 275
252 313
253 294
253 304
253 309
255 257
255 264
255 288
256 275
257 265
259 285
259 296
259 309
261 288
262 298
262 309
264 303
265 298
266 278
267 274
267 276
268 282
268 292
274 298
275 304
278 315
279 292
280 309
286 309
297 299
304 309
