0 38
0 89
0 188
1 4
1 25
1 29
1 36
2 29
2 76
2 77
2 122
2 139
2 168
2 170
2 188
2 203
2 223
2 307
3 5
3 42
3 131
3 153
3 168
4 56
4 67
4 117
4 175
4 204
4 243
4 304
5 8
5 13
5 28
5 35
5 36
5 66
5 105
5 125
5 141
5 184
5 209
5 216
5 217
5 233
5 238
5 239
5 268
5 284
5 298
5 313
6 18
6 28
6 61
6 113
6 124
6 139
6 148
6 168
6 237
6 245
6 273
6 304
7 43
7 103
7 108
7 124
8 20
8 54
8 172
9 81
9 122
9 129
9 155
9 166
9 189
9 249
9 279
9 289
10 12
10 37
10 56
10 111
10 127
10 136
10 139
10 160
10 235
10 309
11 122
11 272
12 125
12 128
12 142
12 167
12 183
12 187
12 226
12 266
13 31
13 34
13 42
13 106
13 122
13 139
13 151
13 163
13 200
13 304
14 40
14 122
14 206
14 227
14 233
15 73
16 104
16 105
16 126
16 177
16 204
16 209
16 212
16 241
17 29
17 42
17 58
17 72
17 75
17 100
17 111
17 123
17 124
17 143
17 156
17 191
17 195
17 232
18 77
18 100
18 122
18 127
18 177
18 204
18 217
19 23
19 27
19 28
19 90
19 124
19 296
19 302
20 50
20 58
20 123
20 173
20 202
20 280
21 172
22 23
22 121
22 160
22 186
22 223
22 225
22 237
22 304
23 40
23 85
23 127
23 239
24 160
24 220
24 226
24 267
24 277
25 303
26 127
26 151
26 160
26 217
27 164
27 229
28 82
28 134
28 191
28 202
28 209
28 226
28 233
28 237
28 259
28 305
29 42
29 75
29 107
29 204
29 222
29 232
29 255
29 283
30 100
31 64
31 77
31 81
31 236
32 53
32 77
32 116
32 204
32 207
32 210
32 234
32 266
33 35
33 49
33 77
33 125
33 128
33 153
33 232
33 284
34 54
34 122
34 125
34 235
34 255
34 285
35 43
35 52
35 68
35 75
35 88
35 96
35 107
35 125
35 127
35 155
35 191
35 219
35 240
35 247
35 279
36 46
36 122
36 139
36 173
36 175
36 180
36 188
36 193
36 250
36 261
36 304
37 96
37 97
37 123
37 125
37 137
37 203
37 206
37 252
37 271
37 280
38 40
38 225
38 275
39 117
39 159
39 165
39 195
39 219
39 223
39 233
39 288
40 71
40 80
40 88
40 111
40 115
40 120
40 122
40 123
40 127
40 138
40 141
40 160
40 165
40 178
40 183
40 189
40 203
40 209
40 221
40 247
40 261
40 262
41 87
41 105
41 115
41 124
41 185
41 217
41 231
41 234
41 267
41 279
42 46
42 50
42 76
42 113
42 118
42 125
42 129
42 137
42 186
42 195
42 230
42 243
42 309
44 98
44 121
44 122
44 129
44 130
44 151
44 174
46 129
46 168
46 235
49 75
49 99
49 110
49 160
49 218
49 268
50 100
50 138
50 195
50 210
50 216
50 274
51 124
51 133
51 155
51 246
51 266
51 299
52 77
52 83
52 108
52 140
52 167
52 234
52 252
52 255
52 304
53 59
53 123
53 134
54 86
54 100
54 126
54 147
54 151
54 188
54 201
55 119
55 201
56 112
56 171
56 196
56 214
56 226
57 90
57 100
57 102
57 125
57 157
57 177
57 181
58 61
58 125
58 203
58 286
59 62
59 80
59 114
59 125
59 129
59 277
59 292
59 301
60 138
61 92
61 108
61 121
61 123
61 127
61 178
61 298
61 309
62 110
62 124
62 127
62 195
62 226
62 240
62 249
62 282
63 76
64 129
64 204
64 246
64 264
64 268
65 124
65 228
65 249
65 264
65 271
66 76
66 99
66 201
66 222
66 274
66 278
66 305
67 81
67 90
67 131
67 170
67 227
67 233
67 235
68 234
69 75
69 81
69 123
69 126
69 168
69 219
69 226
70 124
70 270
71 169
72 100
72 106
72 124
72 131
72 166
73 85
73 86
73 100
73 123
73 125
73 240
74 78
74 90
74 247
74 304
75 77
75 84
75 124
75 148
75 204
75 226
75 233
75 269
76 83
76 95
76 99
76 104
76 110
76 111
76 121
76 125
76 126
76 138
76 155
76 197
76 202
76 241
76 246
76 265
77 86
77 115
77 119
77 134
77 144
77 171
77 218
77 220
77 223
77 233
77 234
77 247
77 277
77 286
78 121
78 171
78 177
78 221
78 276
79 126
79 227
80 102
80 125
80 169
80 172
80 173
80 183
80 194
80 208
80 233
80 236
80 260
80 314
81 160
81 304
82 233
83 129
83 228
83 279
84 201
84 234
84 267
84 277
84 291
85 94
85 122
85 150
85 174
85 176
85 183
85 195
85 210
85 215
85 247
85 265
85 285
85 292
85 302
85 306
86 123
87 180
87 286
88 121
89 111
89 117
89 122
89 137
89 142
89 180
89 257
89 288
90 125
90 173
90 197
90 199
90 242
90 258
90 259
90 264
90 267
90 292
90 293
90 309
91 205
91 220
91 308
92 111
92 168
92 182
92 234
93 160
94 207
95 99
95 110
95 188
95 302
97 129
97 204
97 235
97 257
97 294
97 313
97 314
98 123
98 153
98 232
98 288
99 123
99 124
99 127
99 128
99 138
99 157
99 166
99 174
99 181
99 199
99 219
99 232
99 276
99 307
100 123
100 132
100 135
100 191
100 223
100 261
100 296
100 309
101 123
101 180
101 267
102 108
102 137
102 226
103 121
103 127
103 162
103 189
103 217
103 299
105 125
105 133
105 149
105 151
105 158
105 166
105 234
106 140
106 233
106 234
106 283
106 309
107 124
107 171
107 219
107 233
108 121
108 159
108 210
108 221
108 235
108 271
108 288
108 312
109 124
109 127
110 126
110 169
110 202
110 230
110 235
110 243
110 310
111 162
112 124
112 185
112 231
112 255
112 267
112 273
113 135
114 193
115 122
115 127
115 195
115 232
115 241
115 280
116 124
116 160
116 170
116 241
116 265
117 126
117 155
117 162
117 165
117 172
117 187
117 220
117 264
117 286
118 189
118 215
119 125
119 128
119 186
120 134
120 233
121 128
121 129
121 160
121 168
121 185
121 186
121 197
121 221
121 232
121 250
121 261
121 266
121 302
121 314
122 135
122 142
122 147
122 169
122 173
122 183
122 191
122 198
122 202
122 207
122 212
122 221
122 223
122 229
122 232
122 244
122 247
122 252
122 259
122 266
122 278
122 279
122 301
122 302
122 307
122 309
122 312
123 124
123 134
123 163
123 174
123 193
123 196
123 197
123 232
123 233
123 236
123 237
123 250
123 252
123 264
123 282
123 294
123 309
123 311
124 125
124 126
124 128
124 165
124 173
124 200
124 211
124 218
124 220
124 226
124 236
124 241
124 245
124 270
124 310
125 126
125 128
125 129
125 137
125 168
125 174
125 178
125 195
125 199
125 206
125 214
125 223
125 227
125 232
125 233
125 234
125 235
125 287
125 306
126 128
126 134
126 136
126 154
126 164
126 198
126 199
126 201
126 219
126 221
126 226
126 232
126 233
126 234
126 256
126 259
126 267
126 309
127 128
127 130
127 139
127 140
127 154
127 156
127 169
127 173
127 191
127 193
127 201
127 206
127 212
127 219
127 235
127 240
127 247
127 251
127 277
127 286
127 295
128 131
128 134
128 158
128 195
128 202
128 207
128 212
128 219
128 223
128 235
128 259
128 266
128 308
129 137
129 142
129 145
129 157
129 162
129 168
129 180
129 223
129 225
129 232
129 241
129 243
129 246
129 261
129 299
129 314
130 219
130 305
131 200
131 257
132 135
132 185
133 135
133 238
134 141
134 158
134 187
134 194
134 198
134 232
134 234
134 286
134 288
134 292
135 141
135 151
135 152
135 158
135 253
136 189
136 192
136 228
137 144
137 158
137 309
138 163
138 180
138 225
138 232
139 153
139 216
139 309
139 310
140 153
140 183
140 198
140 233
140 237
140 249
141 226
141 232
141 296
142 163
142 180
142 204
142 220
143 220
143 228
143 238
143 260
143 264
144 162
144 195
144 199
144 239
144 244
144 279
146 200
146 201
146 243
147 155
148 195
151 292
154 181
154 213
154 266
154 268
155 234
156 315
157 210
157 218
157 249
157 290
158 187
158 233
158 238
158 266
158 274
158 291
159 180
159 217
159 236
159 241
159 296
159 299
160 200
160 210
160 212
160 274
161 187
161 207
161 215
161 225
162 183
162 234
162 235
162 289
163 199
163 251
163 291
163 310
165 223
165 231
165 232
165 264
165 304
166 226
166 227
166 233
166 240
166 250
168 201
168 203
168 228
168 288
168 300
169 200
169 261
170 185
170 309
171 183
171 190
172 197
172 232
173 237
173 250
174 234
176 180
176 226
176 232
177 201
178 195
178 206
178 213
178 226
178 235
178 306
179 218
179 259
179 296
180 234
180 235
180 243
180 274
181 263
182 236
183 201
183 239
183 249
185 217
185 288
186 191
186 202
187 199
187 217
187 267
187 313
188 213
188 222
189 192
189 226
189 229
189 239
191 207
191 304
192 233
192 243
192 247
193 204
193 288
195 268
195 285
196 209
196 232
196 309
197 277
199 305
200 207
200 232
200 272
200 302
201 215
201 266
201 279
202 214
202 219
202 314
204 231
204 235
204 273
204 304
206 221
206 257
206 288
207 262
208 210
208 226
208 253
209 267
210 257
211 239
212 259
213 312
214 257
214 262
215 219
215 235
216 234
216 302
217 261
217 267
218 234
218 238
218 259
219 223
219 228
219 250
219 257
219 285
219 300
221 237
221 240
221 269
222 240
222 246
223 241
223 314
225 297
225 309
226 232
226 233
226 238
226 246
226 292
226 296
226 301
228 235
228 250
229 301
230 309
232 234
232 270
232 288
232 295
232 301
232 302
233 246
233 265
233 275
233 279
233 280
234 241
234 245
234 264
234 291
235 243
235 250
235 252
235 253
235 258
235 259
235 269
235 283
235 288
235 291
235 309
236 309
238 302
238 313
239 252
239 271
241 273
243 245
249 280
250 266
253 292
253 294
257 286
261 276
263 280
264 267
264 309
265 285
265 313
266 283
266 302
266 309
267 268
268 279
269 280
279 283
279 315
285 309
292 296
304 305
309 314
